Time/BA(s)	RefinedPose	ConstPose	IgnoredPose	RefinedPts	ConstPts	IgnoredPts	RefinedK	ConstK	IgnoredK	ResidualBlocks	SuccessIter	BadIter	InitRMSE	FinalRMSE	dAR=-1	dAR=0	dAR=1	dAR=2	dAR=3	dAR=4	dAR=5	dAR=6	dAR=7	dAR=8	dAR=9	dAR=10+	New Views	
0.347896	3	0	0	1337	0	0	1	0	0	5648	48	3	1.11809	0.278417	0	0	0	0	0	0	0	0	0	0	0	0	1988776702	
0.33191	3	0	0	1269	0	0	1	0	0	5376	48	3	0.280068	0.279901	0	0	0	0	0	0	0	0	0	0	0	0	1988776702	
0.592929	4	0	0	2185	0	0	1	0	0	10614	51	0	0.648094	0.406516	0	0	0	0	0	0	0	0	0	0	0	0	850672740	
0.130718	5	0	0	2841	0	0	1	0	0	15338	7	0	0.589017	0.416159	0	0	0	0	0	0	0	0	0	0	0	0	1780862618	
0.112486	6	0	0	3381	0	0	1	0	0	18834	5	0	0.638924	0.496853	0	0	0	0	0	0	0	0	0	0	0	0	2080441786	
0.138494	7	0	0	4289	0	0	1	0	0	24396	4	0	0.592081	0.486358	0	0	0	0	0	0	0	0	0	0	0	0	16635677	
0.108734	7	0	0	4286	0	0	1	0	0	24286	3	0	0.456807	0.44804	0	0	0	0	0	0	0	0	0	0	0	0	16635677	
0.142318	8	0	0	4612	0	0	1	0	0	26560	4	0	0.5582	0.484483	0	0	0	0	0	0	0	0	0	0	0	0	1428487141	
0.156999	9	0	0	5085	0	0	1	0	0	29600	4	0	0.580461	0.501341	0	0	0	0	0	0	0	0	0	0	0	0	268847495	
0.130541	9	0	0	5079	0	0	1	0	0	29488	3	0	0.478951	0.472766	0	0	0	0	0	0	0	0	0	0	0	0	268847495	
0.175968	10	0	0	5612	0	0	1	0	0	33024	4	0	0.551723	0.47944	0	0	0	0	0	0	0	0	0	0	0	0	1119887588	
0.1628	11	0	0	6072	0	0	1	0	0	35590	3	0	0.501284	0.467363	0	0	0	0	0	0	0	0	0	0	0	0	1664374466	
0.192425	12	0	0	6292	0	0	1	0	0	37674	4	0	0.568692	0.493961	0	0	0	0	0	0	0	0	0	0	0	0	595444731	
0.216963	13	0	0	6588	0	0	1	0	0	39734	4	0	0.539632	0.499411	0	0	0	0	0	0	0	0	0	0	0	0	362442651	
0.16448	13	0	0	6583	0	0	1	0	0	39610	3	0	0.481359	0.479694	0	0	0	0	0	0	0	0	0	0	0	0	362442651	
0.239778	14	0	0	6880	0	0	1	0	0	41456	4	0	0.547024	0.503346	0	0	0	0	0	0	0	0	0	0	0	0	1375567567	
0.188124	15	0	0	6996	0	0	1	0	0	42190	3	0	0.518823	0.497073	0	0	0	0	0	0	0	0	0	0	0	0	2119627969	
0.192278	16	0	0	7455	0	0	1	0	0	44470	3	0	0.516601	0.494227	0	0	0	0	0	0	0	0	0	0	0	0	491624696	
0.20181	17	0	0	7664	0	0	1	0	0	45828	3	0	0.500586	0.487993	0	0	0	0	0	0	0	0	0	0	0	0	456750183	
0.193514	18	0	0	7864	0	0	1	0	0	47030	3	0	0.504192	0.488804	0	0	0	0	0	0	0	0	0	0	0	0	148862797	
0.217204	19	0	0	8327	0	0	1	0	0	49412	3	0	0.502851	0.487579	0	0	0	0	0	0	0	0	0	0	0	0	736661850	
0.224545	20	0	0	8645	0	0	1	0	0	51480	3	0	0.515154	0.490429	0	0	0	0	0	0	0	0	0	0	0	0	106157740	
0.226763	21	0	0	8915	0	0	1	0	0	53196	3	0	0.502071	0.484995	0	0	0	0	0	0	0	0	0	0	0	0	1308641291	
0.312367	22	0	0	9212	0	0	1	0	0	54740	4	0	0.507226	0.490515	0	0	0	0	0	0	0	0	0	0	0	0	167977404	
0.257074	23	0	0	9398	0	0	1	0	0	55928	3	0	0.50145	0.485645	0	0	0	0	0	0	0	0	0	0	0	0	2046133546	
0.257612	24	0	0	9507	0	0	1	0	0	57038	3	0	0.509853	0.490101	0	0	0	0	0	0	0	0	0	0	0	0	536394572	
0.319714	25	0	0	9970	0	0	1	0	0	59864	4	0	0.527724	0.493343	0	0	0	0	0	0	0	0	0	0	0	0	1472528885	
0.338589	26	0	0	10342	0	0	1	0	0	62038	4	0	0.513608	0.492634	0	0	0	0	0	0	0	0	0	0	0	0	1647351560	
0.365155	27	0	0	10763	0	0	1	0	0	64746	4	0	0.527518	0.496008	0	0	0	0	0	0	0	0	0	0	0	0	433755102	
0.286737	28	0	0	10974	0	0	1	0	0	66310	3	0	0.515999	0.497024	0	0	0	0	0	0	0	0	0	0	0	0	1789068863	
0.39925	29	0	0	11351	0	0	1	0	0	68470	4	0	0.518577	0.500589	0	0	0	0	0	0	0	0	0	0	0	0	748678880	
0.39377	30	0	0	11704	0	0	1	0	0	70712	4	0	0.526013	0.501506	0	0	0	0	0	0	0	0	0	0	0	0	1911602604	
0.471403	38	0	0	13083	0	0	1	0	0	80168	4	0	0.647324	0.550212	0	0	0	0	0	0	0	0	0	0	0	0	683079722	756063153	1005924530	1139800839	1256872597	1584042216	1960691938	2102469315	
0.377085	38	0	0	13067	0	0	1	0	0	79778	3	0	0.523154	0.517754	0	0	0	0	0	0	0	0	0	0	0	0	683079722	756063153	1005924530	1139800839	1256872597	1584042216	1960691938	2102469315	
0.520247	42	0	0	14865	0	0	1	0	0	89130	4	0	0.576162	0.529897	0	0	0	0	0	0	0	0	0	0	0	0	62563091	122593339	897658064	1431199262	
0.417584	42	0	0	14861	0	0	1	0	0	88946	3	0	0.518967	0.516951	0	0	0	0	0	0	0	0	0	0	0	0	62563091	122593339	897658064	1431199262	
0.547031	47	0	0	15575	0	0	1	0	0	94060	4	0	0.579022	0.539472	0	0	0	0	0	0	0	0	0	0	0	0	579740000	768479201	781759124	858943217	1078340171	
0.424304	47	0	0	15568	0	0	1	0	0	93832	3	0	0.525476	0.523323	0	0	0	0	0	0	0	0	0	0	0	0	579740000	768479201	781759124	858943217	1078340171	
0.47049	50	0	0	16023	0	0	1	0	0	98064	3	0	0.561216	0.532377	0	0	0	0	0	0	0	0	0	0	0	0	651405152	690665857	2009681629	
0.594422	51	0	0	16572	0	0	1	0	0	101212	4	0	0.543839	0.526245	0	0	0	0	0	0	0	0	0	0	0	0	1778338741	
0.481014	52	0	0	16759	0	0	1	0	0	102466	3	0	0.54139	0.529108	0	0	0	0	0	0	0	0	0	0	0	0	281418	
0.493625	53	0	0	16833	0	0	1	0	0	103078	3	0	0.540581	0.534403	0	0	0	0	0	0	0	0	0	0	0	0	1162772251	
0.627143	54	0	0	16943	0	0	1	0	0	103944	4	0	0.547921	0.536944	0	0	0	0	0	0	0	0	0	0	0	0	1735922398	
0.505543	55	0	0	17149	0	0	1	0	0	104908	3	0	0.537591	0.532003	0	0	0	0	0	0	0	0	0	0	0	0	306120494	
