Time/BA(s)	RefinedPose	ConstPose	IgnoredPose	RefinedPts	ConstPts	IgnoredPts	RefinedK	ConstK	IgnoredK	ResidualBlocks	SuccessIter	BadIter	InitRMSE	FinalRMSE	dAR=-1	dAR=0	dAR=1	dAR=2	dAR=3	dAR=4	dAR=5	dAR=6	dAR=7	dAR=8	dAR=9	dAR=10+	New Views	
0.490125	3	0	0	1964	0	0	1	0	0	8300	50	1	0.866334	0.671999	0	0	0	0	0	0	0	0	0	0	0	0	106157740	
0.670312	4	0	0	2735	0	0	1	0	0	11996	51	0	1.35935	1.01271	0	0	0	0	0	0	0	0	0	0	0	0	1537327672	
0.651043	4	0	0	2562	0	0	1	0	0	11114	49	2	0.784568	0.729397	0	0	0	0	0	0	0	0	0	0	0	0	1537327672	
0.670915	5	0	0	2765	0	0	1	0	0	12138	50	1	0.957058	0.853121	0	0	0	0	0	0	0	0	0	0	0	0	769617110	
0.0568688	5	0	0	2699	0	0	1	0	0	11734	1	1	0.715463	0.715463	0	0	0	0	0	0	0	0	0	0	0	0	769617110	
0.888711	6	0	0	3581	0	0	1	0	0	15556	51	0	1.67299	1.02084	0	0	0	0	0	0	0	0	0	0	0	0	1647351560	
0.863877	6	0	0	3406	0	0	1	0	0	14698	50	1	0.782567	0.738348	0	0	0	0	0	0	0	0	0	0	0	0	1647351560	
1.06216	7	0	0	4159	0	0	1	0	0	18028	51	0	1.64313	1.04882	0	0	0	0	0	0	0	0	0	0	0	0	672853355	
0.982534	7	0	0	3946	0	0	1	0	0	16910	49	2	0.732107	0.685514	0	0	0	0	0	0	0	0	0	0	0	0	672853355	
1.23162	8	0	0	4760	0	0	1	0	0	20816	51	0	1.17117	0.799439	0	0	0	0	0	0	0	0	0	0	0	0	433755102	
1.1917	8	0	0	4695	0	0	1	0	0	20446	47	4	0.726233	0.698846	0	0	0	0	0	0	0	0	0	0	0	0	433755102	
1.61849	9	0	0	5420	0	0	1	0	0	23808	51	0	2.07282	1.39089	0	0	0	0	0	0	0	0	0	0	0	0	69872513	
1.41939	9	0	0	4926	0	0	1	0	0	21506	49	2	0.744639	0.671516	0	0	0	0	0	0	0	0	0	0	0	0	69872513	
1.38969	10	0	0	5263	0	0	1	0	0	23298	51	0	1.41434	0.73805	0	0	0	0	0	0	0	0	0	0	0	0	456750183	
1.38586	10	0	0	5201	0	0	1	0	0	22950	49	2	0.669901	0.652676	0	0	0	0	0	0	0	0	0	0	0	0	456750183	
1.77103	11	0	0	6815	0	0	1	0	0	30336	51	0	0.710362	0.635439	0	0	0	0	0	0	0	0	0	0	0	0	626637720	
1.78558	11	0	0	6788	0	0	1	0	0	30098	49	2	0.601959	0.588131	0	0	0	0	0	0	0	0	0	0	0	0	626637720	
1.80303	12	0	0	7031	0	0	1	0	0	31654	51	0	0.639302	0.597592	0	0	0	0	0	0	0	0	0	0	0	0	1664374466	
2.28396	13	0	0	8520	0	0	1	0	0	38288	51	0	0.591048	0.551286	0	0	0	0	0	0	0	0	0	0	0	0	1429073379	
2.35117	14	0	0	8709	0	0	1	0	0	39456	51	0	0.580316	0.549853	0	0	0	0	0	0	0	0	0	0	0	0	1428487141	
2.76169	15	0	0	10249	0	0	1	0	0	46266	51	0	0.65008	0.559413	0	0	0	0	0	0	0	0	0	0	0	0	1750469169	
2.77882	16	0	0	10340	0	0	1	0	0	46910	51	0	0.684086	0.625762	0	0	0	0	0	0	0	0	0	0	0	0	1472528885	
0.124461	16	0	0	10276	0	0	1	0	0	46512	1	0	0.559204	0.559204	0	0	0	0	0	0	0	0	0	0	0	0	1472528885	
2.93425	17	0	0	10615	0	0	1	0	0	48304	51	0	0.844815	0.733529	0	0	0	0	0	0	0	0	0	0	0	0	748678880	
2.91529	17	0	0	10465	0	0	1	0	0	47468	49	2	0.576746	0.561585	0	0	0	0	0	0	0	0	0	0	0	0	748678880	
2.8666	18	0	0	10629	0	0	1	0	0	48672	51	0	0.682562	0.604488	0	0	0	0	0	0	0	0	0	0	0	0	507090750	
0.232936	18	0	0	10584	0	0	1	0	0	48358	1	1	0.571542	0.571542	0	0	0	0	0	0	0	0	0	0	0	0	507090750	
3.05097	19	0	0	11026	0	0	1	0	0	50558	51	0	0.712439	0.65185	0	0	0	0	0	0	0	0	0	0	0	0	268847495	
2.96403	19	0	0	10912	0	0	1	0	0	49982	50	1	0.587378	0.576729	0	0	0	0	0	0	0	0	0	0	0	0	268847495	
3.46327	20	0	0	12635	0	0	1	0	0	57764	51	0	0.72126	0.642416	0	0	0	0	0	0	0	0	0	0	0	0	289351068	
3.46495	20	0	0	12572	0	0	1	0	0	57244	50	1	0.598544	0.584646	0	0	0	0	0	0	0	0	0	0	0	0	289351068	
3.55259	21	0	0	12813	0	0	1	0	0	58568	51	0	0.703902	0.614898	0	0	0	0	0	0	0	0	0	0	0	0	897658064	
0.17428	21	0	0	12779	0	0	1	0	0	58270	1	0	0.590618	0.590618	0	0	0	0	0	0	0	0	0	0	0	0	897658064	
3.67307	22	0	0	13025	0	0	1	0	0	59912	51	0	0.675959	0.629686	0	0	0	0	0	0	0	0	0	0	0	0	1119887588	
3.60074	22	0	0	12985	0	0	1	0	0	59542	50	1	0.595861	0.5864	0	0	0	0	0	0	0	0	0	0	0	0	1119887588	
4.2706	23	0	0	14800	0	0	1	0	0	67798	51	0	0.67157	0.601793	0	0	0	0	0	0	0	0	0	0	0	0	1159754689	
4.13057	23	0	0	14784	0	0	1	0	0	67486	50	1	0.574233	0.563395	0	0	0	0	0	0	0	0	0	0	0	0	1159754689	
4.22894	24	0	0	15087	0	0	1	0	0	69306	51	0	0.809607	0.708797	0	0	0	0	0	0	0	0	0	0	0	0	362442651	
4.1102	24	0	0	14871	0	0	1	0	0	67950	50	1	0.586978	0.569052	0	0	0	0	0	0	0	0	0	0	0	0	362442651	
4.35082	25	0	0	15323	0	0	1	0	0	70546	51	0	0.870828	0.739765	0	0	0	0	0	0	0	0	0	0	0	0	413499319	
4.37423	25	0	0	15105	0	0	1	0	0	69306	49	2	0.581016	0.566802	0	0	0	0	0	0	0	0	0	0	0	0	413499319	
4.3747	26	0	0	15513	0	0	1	0	0	71746	51	0	0.795541	0.659783	0	0	0	0	0	0	0	0	0	0	0	0	1780862618	
4.30214	26	0	0	15418	0	0	1	0	0	70942	50	1	0.579682	0.566373	0	0	0	0	0	0	0	0	0	0	0	0	1780862618	
4.53561	27	0	0	15854	0	0	1	0	0	73388	51	0	0.794356	0.675784	0	0	0	0	0	0	0	0	0	0	0	0	1724217577	
4.5369	27	0	0	15701	0	0	1	0	0	72408	49	2	0.591576	0.576063	0	0	0	0	0	0	0	0	0	0	0	0	1724217577	
4.66506	28	0	0	16760	0	0	1	0	0	77492	50	1	0.677508	0.623503	0	0	0	0	0	0	0	0	0	0	0	0	122593339	
4.77144	28	0	0	16707	0	0	1	0	0	76956	49	2	0.587904	0.580068	0	0	0	0	0	0	0	0	0	0	0	0	122593339	
4.84354	29	0	0	16919	0	0	1	0	0	78520	51	0	0.649249	0.615997	0	0	0	0	0	0	0	0	0	0	0	0	1615100174	
4.91875	29	0	0	16864	0	0	1	0	0	78114	49	2	0.587545	0.581243	0	0	0	0	0	0	0	0	0	0	0	0	1615100174	
5.25786	30	0	0	18116	0	0	1	0	0	84094	51	0	0.674974	0.61272	0	0	0	0	0	0	0	0	0	0	0	0	1223175561	
0.221645	30	0	0	18086	0	0	1	0	0	83760	1	0	0.59099	0.59099	0	0	0	0	0	0	0	0	0	0	0	0	1223175561	
5.69713	33	0	0	18774	0	0	1	0	0	88624	50	1	0.773759	0.703593	0	0	0	0	0	0	0	0	0	0	0	0	19292366	1163718206	1188846234	
5.60492	33	0	0	18615	0	0	1	0	0	87528	49	2	0.607726	0.596415	0	0	0	0	0	0	0	0	0	0	0	0	19292366	1163718206	1188846234	
5.58948	34	0	0	18662	0	0	1	0	0	88284	51	0	0.665977	0.632618	0	0	0	0	0	0	0	0	0	0	0	0	1425359813	
5.61905	34	0	0	18614	0	0	1	0	0	87786	49	2	0.600417	0.593623	0	0	0	0	0	0	0	0	0	0	0	0	1425359813	
5.65578	35	0	0	19400	0	0	1	0	0	92130	51	0	0.751681	0.683172	0	0	0	0	0	0	0	0	0	0	0	0	1503000354	
5.79208	35	0	0	19147	0	0	1	0	0	90600	49	2	0.611709	0.602305	0	0	0	0	0	0	0	0	0	0	0	0	1503000354	
5.85324	36	0	0	19478	0	0	1	0	0	92102	51	0	0.678682	0.62684	0	0	0	0	0	0	0	0	0	0	0	0	251449938	
6.12433	36	0	0	19418	0	0	1	0	0	91744	49	2	0.602246	0.598311	0	0	0	0	0	0	0	0	0	0	0	0	251449938	
5.8614	37	0	0	19590	0	0	1	0	0	92600	48	3	0.614635	0.606827	0	0	0	0	0	0	0	0	0	0	0	0	1707515443	
6.1508	38	0	0	20672	0	0	1	0	0	97130	50	1	0.616644	0.596852	0	0	0	0	0	0	0	0	0	0	0	0	167977404	
0.279709	39	0	0	20821	0	0	1	0	0	97948	1	0	0.602944	0.602944	0	0	0	0	0	0	0	0	0	0	0	0	1988776702	
0.489302	39	0	0	20805	0	0	1	0	0	97834	1	1	0.596663	0.596663	0	0	0	0	0	0	0	0	0	0	0	0	1988776702	
6.24726	40	0	0	21011	0	0	1	0	0	98788	51	0	0.774582	0.697279	0	0	0	0	0	0	0	0	0	0	0	0	2011792801	
6.45395	40	0	0	20871	0	0	1	0	0	98136	48	3	0.598593	0.593669	0	0	0	0	0	0	0	0	0	0	0	0	2011792801	
6.38238	41	0	0	21074	0	0	1	0	0	99260	51	0	0.812359	0.633058	0	0	0	0	0	0	0	0	0	0	0	0	491624696	
6.43602	41	0	0	21005	0	0	1	0	0	98814	49	2	0.596693	0.592102	0	0	0	0	0	0	0	0	0	0	0	0	491624696	
6.30165	42	0	0	21210	0	0	1	0	0	99692	51	0	0.807586	0.694479	0	0	0	0	0	0	0	0	0	0	0	0	1735922398	
0.481704	42	0	0	21024	0	0	1	0	0	98760	1	1	0.59952	0.59952	0	0	0	0	0	0	0	0	0	0	0	0	1735922398	
6.34473	43	0	0	21312	0	0	1	0	0	100310	51	0	0.734116	0.681549	0	0	0	0	0	0	0	0	0	0	0	0	1162772251	
6.58818	43	0	0	21137	0	0	1	0	0	99382	49	2	0.589947	0.584239	0	0	0	0	0	0	0	0	0	0	0	0	1162772251	
6.45889	44	0	0	21414	0	0	1	0	0	100738	50	1	0.63945	0.618604	0	0	0	0	0	0	0	0	0	0	0	0	332492770	
6.59759	44	0	0	21331	0	0	1	0	0	100286	49	2	0.587713	0.584285	0	0	0	0	0	0	0	0	0	0	0	0	332492770	
6.56034	45	0	0	21869	0	0	1	0	0	102710	51	0	0.624297	0.588608	0	0	0	0	0	0	0	0	0	0	0	0	2119627969	
6.72655	46	0	0	22524	0	0	1	0	0	105464	51	0	0.666838	0.598097	0	0	0	0	0	0	0	0	0	0	0	0	2102469315	
6.92689	46	0	0	22473	0	0	1	0	0	105190	48	3	0.587066	0.58465	0	0	0	0	0	0	0	0	0	0	0	0	2102469315	
7.51716	47	0	0	24425	0	0	1	0	0	113966	51	0	0.67783	0.61722	0	0	0	0	0	0	0	0	0	0	0	0	1446198686	
7.72147	47	0	0	24338	0	0	1	0	0	113444	48	3	0.591914	0.576523	0	0	0	0	0	0	0	0	0	0	0	0	1446198686	
8.16619	51	0	0	26567	0	0	1	0	0	124302	51	0	0.946109	0.796415	0	0	0	0	0	0	0	0	0	0	0	0	536394572	1183258497	1256872597	1923562747	
8.29316	51	0	0	25951	0	0	1	0	0	121060	49	2	0.620188	0.600494	0	0	0	0	0	0	0	0	0	0	0	0	536394572	1183258497	1256872597	1923562747	
7.90875	51	0	0	25897	0	0	1	0	0	120796	49	2	0.592628	0.588276	0	0	0	0	0	0	0	0	0	0	0	0	536394572	1183258497	1256872597	1923562747	
8.12649	53	0	0	26998	0	0	1	0	0	126230	51	0	0.954894	0.733588	0	0	0	0	0	0	0	0	0	0	0	0	1139800839	1646429863	
8.10425	53	0	0	26543	0	0	1	0	0	123852	49	2	0.609602	0.593732	0	0	0	0	0	0	0	0	0	0	0	0	1139800839	1646429863	
0.903495	53	0	0	26512	0	0	1	0	0	123678	1	2	0.589382	0.589382	0	0	0	0	0	0	0	0	0	0	0	0	1139800839	1646429863	
8.22657	55	0	0	27326	0	0	1	0	0	127940	51	0	0.919268	0.742477	0	0	0	0	0	0	0	0	0	0	0	0	159883320	1475597139	
8.52737	55	0	0	26935	0	0	1	0	0	125854	47	4	0.600088	0.588624	0	0	0	0	0	0	0	0	0	0	0	0	159883320	1475597139	
8.36185	55	0	0	26912	0	0	1	0	0	125706	48	3	0.584923	0.582564	0	0	0	0	0	0	0	0	0	0	0	0	159883320	1475597139	
8.09469	56	0	0	26984	0	0	1	0	0	126080	50	1	0.605537	0.593195	0	0	0	0	0	0	0	0	0	0	0	0	306120494	
8.31002	56	0	0	26934	0	0	1	0	0	125804	48	3	0.580771	0.5782	0	0	0	0	0	0	0	0	0	0	0	0	306120494	
8.55373	57	0	0	27683	0	0	1	0	0	129506	51	0	0.658438	0.621784	0	0	0	0	0	0	0	0	0	0	0	0	2118799435	
8.47989	57	0	0	27506	0	0	1	0	0	128462	49	2	0.586392	0.579577	0	0	0	0	0	0	0	0	0	0	0	0	2118799435	
8.4789	58	0	0	28195	0	0	1	0	0	131602	51	0	0.725881	0.622167	0	0	0	0	0	0	0	0	0	0	0	0	1339724796	
8.73922	58	0	0	27989	0	0	1	0	0	130542	49	2	0.585013	0.579422	0	0	0	0	0	0	0	0	0	0	0	0	1339724796	
8.8113	59	0	0	28396	0	0	1	0	0	132780	51	0	0.692692	0.653959	0	0	0	0	0	0	0	0	0	0	0	0	1418904103	
8.91004	59	0	0	28159	0	0	1	0	0	131478	49	2	0.585443	0.57747	0	0	0	0	0	0	0	0	0	0	0	0	1418904103	
8.73388	60	0	0	28965	0	0	1	0	0	134996	51	0	0.604457	0.583427	0	0	0	0	0	0	0	0	0	0	0	0	971269144	
9.06823	60	0	0	28930	0	0	1	0	0	134740	48	3	0.574699	0.571154	0	0	0	0	0	0	0	0	0	0	0	0	971269144	
8.93996	61	0	0	29252	0	0	1	0	0	136228	51	0	0.593722	0.572223	0	0	0	0	0	0	0	0	0	0	0	0	1584042216	
9.32234	62	0	0	29320	0	0	1	0	0	136572	49	2	0.575222	0.570265	0	0	0	0	0	0	0	0	0	0	0	0	72750703	
8.90153	63	0	0	29442	0	0	1	0	0	137186	51	0	0.595563	0.575332	0	0	0	0	0	0	0	0	0	0	0	0	1147732554	
0.969027	63	0	0	29398	0	0	1	0	0	136950	1	2	0.567432	0.567432	0	0	0	0	0	0	0	0	0	0	0	0	1147732554	
9.06136	64	0	0	29916	0	0	1	0	0	139142	51	0	0.837958	0.594699	0	0	0	0	0	0	0	0	0	0	0	0	1789068863	
9.06831	64	0	0	29820	0	0	1	0	0	138676	49	2	0.573542	0.561517	0	0	0	0	0	0	0	0	0	0	0	0	1789068863	
9.26069	65	0	0	30275	0	0	1	0	0	140612	51	0	0.58696	0.562608	0	0	0	0	0	0	0	0	0	0	0	0	1005924530	
9.44886	66	0	0	30819	0	0	1	0	0	142986	51	0	0.591377	0.553587	0	0	0	0	0	0	0	0	0	0	0	0	690665857	
9.49906	67	0	0	31680	0	0	1	0	0	146578	51	0	0.56862	0.551458	0	0	0	0	0	0	0	0	0	0	0	0	62563091	
10.3157	68	0	0	33694	0	0	1	0	0	155610	50	1	0.5617	0.548616	0	0	0	0	0	0	0	0	0	0	0	0	1431199262	
10.6156	69	0	0	34702	0	0	1	0	0	160834	51	0	0.588818	0.556528	0	0	0	0	0	0	0	0	0	0	0	0	595444731	
10.9967	69	0	0	34682	0	0	1	0	0	160708	48	3	0.552971	0.54909	0	0	0	0	0	0	0	0	0	0	0	0	595444731	
11.2978	70	0	0	35990	0	0	1	0	0	166570	51	0	0.662641	0.546965	0	0	0	0	0	0	0	0	0	0	0	0	2080441786	
11.0529	71	0	0	36962	0	0	1	0	0	170798	51	0	0.586411	0.547445	0	0	0	0	0	0	0	0	0	0	0	0	148862797	
11.2616	72	0	0	37046	0	0	1	0	0	171222	50	1	0.573619	0.560834	0	0	0	0	0	0	0	0	0	0	0	0	756063153	
11.8208	72	0	0	37000	0	0	1	0	0	170980	48	3	0.542391	0.540449	0	0	0	0	0	0	0	0	0	0	0	0	756063153	
11.4149	73	0	0	37486	0	0	1	0	0	173216	50	1	0.561974	0.547162	0	0	0	0	0	0	0	0	0	0	0	0	2046133546	
12.01	73	0	0	37437	0	0	1	0	0	172958	48	3	0.540836	0.53913	0	0	0	0	0	0	0	0	0	0	0	0	2046133546	
11.8867	74	0	0	37530	0	0	1	0	0	173416	49	2	0.542693	0.53877	0	0	0	0	0	0	0	0	0	0	0	0	1738048405	
11.8114	75	0	0	37720	0	0	1	0	0	174284	51	0	0.561183	0.547456	0	0	0	0	0	0	0	0	0	0	0	0	651405152	
1.64251	75	0	0	37670	0	0	1	0	0	174004	1	2	0.538189	0.538189	0	0	0	0	0	0	0	0	0	0	0	0	651405152	
13.7106	76	0	0	37906	0	0	1	0	0	175608	51	0	0.594327	0.548915	0	0	0	0	0	0	0	0	0	0	0	0	1778338741	
14.1746	76	0	0	37861	0	0	1	0	0	175280	49	2	0.537434	0.533405	0	0	0	0	0	0	0	0	0	0	0	0	1778338741	
13.4298	77	0	0	39040	0	0	1	0	0	181864	51	0	0.652345	0.540537	0	0	0	0	0	0	0	0	0	0	0	0	579740000	
13.9622	77	0	0	38990	0	0	1	0	0	181492	49	2	0.530136	0.52514	0	0	0	0	0	0	0	0	0	0	0	0	579740000	
13.6603	78	0	0	39708	0	0	1	0	0	186674	51	0	0.605557	0.34507	0	0	0	0	0	0	0	0	0	0	0	0	2009681629	
13.8051	78	0	0	39634	0	0	1	0	0	186272	51	0	0.322438	0.303864	0	0	0	0	0	0	0	0	0	0	0	0	2009681629	
13.1676	78	0	0	38714	0	0	1	0	0	180106	51	0	0.303593	0.299875	0	0	0	0	0	0	0	0	0	0	0	0	2009681629	
13.218	78	0	0	38598	0	0	1	0	0	179322	51	0	0.30012	0.298487	0	0	0	0	0	0	0	0	0	0	0	0	2009681629	
12.8702	79	0	0	38660	0	0	1	0	0	179668	51	0	0.299508	0.297862	0	0	0	0	0	0	0	0	0	0	0	0	1242253086	
6.56612	80	0	0	39103	0	0	1	0	0	181544	23	0	0.300162	0.297802	0	0	0	0	0	0	0	0	0	0	0	0	683079722	
9.23054	81	0	0	39373	0	0	1	0	0	182720	34	0	0.300526	0.297507	0	0	0	0	0	0	0	0	0	0	0	0	858943217	
