1005924530 1162772251
1
sift 946
43 23
20 4
75 77
77 73
59 21
109 94
46 72
117 89
87 85
53 52
114 134
57 54
158 137
120 91
61 49
172 145
83 101
170 162
162 158
130 111
206 165
159 107
362 282
191 212
149 133
265 193
163 135
416 271
180 230
147 151
280 200
175 149
417 322
211 219
208 184
309 286
220 189
515 455
199 228
234 190
415 246
245 199
560 505
244 266
273 203
399 292
271 226
588 668
251 274
333 201
435 351
268 283
823 546
311 303
300 255
526 447
232 337
1080 535
369 340
292 279
595 414
293 289
846 730
352 392
266 367
541 493
358 281
904 738
425 369
455 235
582 540
267 404
1020 771
387 432
378 299
821 564
315 358
1079 809
426 499
301 384
837 562
329 365
1073 878
451 471
428 320
718 690
408 344
1056 954
439 514
377 374
772 804
351 449
1347 1048
441 582
340 469
926 716
635 268
1370 1089
519 504
412 417
895 748
411 435
1758 1024
487 616
465 378
1418 633
517 346
1098 1572
538 554
446 429
1239 866
437 483
1519 1261
512 614
533 402
1246 961
432 516
1908 1135
567 568
546 409
1354 1304
521 486
2173 1169
661 520
492 542
1700 1150
530 524
1674 1535
600 598
532 572
1629 1454
629 526
2281 1194
551 703
616 538
1695 1466
577 569
2099 1620
592 659
624 555
1824 1505
747 515
2090 1685
575 688
682 581
2191 1355
614 649
2220 1636
645 664
731 577
2243 1430
658 644
2229 1975
650 701
709 674
2274 1418
708 662
2630 1806
672 706
793 637
2150 1619
750 689
2437 2020
683 745
644 947
2487 1417
688 764
2016 2465
697 755
1038 650
2310 1606
847 704
2417 2069
755 776
890 780
2402 1615
840 787
2304 2521
874 789
860 824
3035 1365
906 798
2862 2096
852 879
1203 646
2714 1487
809 917
3136 2015
923 803
873 868
2762 1809
700 1084
3100 2032
859 918
1064 761
2696 1834
1052 781
3074 2232
924 922
987 885
3171 1760
955 908
2812 2486
819 1064
963 930
2468 2125
925 946
2902 2558
885 990
1028 894
2878 1906
869 1015
3693 2473
933 1019
893 1032
3349 1812
976 955
3756 2580
1009 974
1016 928
2984 2167
1024 948
3679 2703
940 1046
1107 884
3330 2030
973 1026
3633 2941
974 1056
1258 794
3161 2152
979 1039
3430 3417
1058 983
1072 1001
3205 2139
1030 1080
4116 2800
1027 1094
1410 859
3210 2242
1125 1011
4405 2877
1179 1043
1095 1042
3382 2317
1196 959
4037 3180
1091 1129
1070 1093
3157 2535
1426 876
4551 3028
1191 1092
999 1155
3235 2752
937 1295
4756 2977
1282 1111
1313 953
2990 2982
1365 938
4172 3369
1043 1395
1229 1075
3672 2590
1379 1004
4396 3245
1124 1280
1387 1013
3473 2881
1250 1091
4507 3208
1088 1343
1339 1109
5150 2186
1100 1279
4193 3778
1145 1294
1333 1141
3690 2915
1236 1199
4831 3410
1174 1278
1117 1336
2703 3934
1242 1195
4882 3705
1211 1267
1217 1320
4009 2658
1109 1408
4768 3876
1351 1206
1031 1694
4184 2700
1184 1384
5305 3782
1200 1357
1137 1504
3721 3108
1325 1251
4119 4784
1188 1486
1138 1571
3433 3505
1545 1170
4694 4350
1543 1177
1458 1232
4087 2854
1477 1235
5287 3967
1407 1367
1223 1506
3419 3736
1615 1176
6243 3474
1465 1327
1356 1398
3919 3229
1774 1112
6151 3586
1366 1428
1348 1414
4057 3174
1600 1247
4885 4598
1261 1609
1338 1569
5190 3030
1397 1497
4000 5621
1342 1668
1750 1191
4204 3640
1330 1597
3923 5745
1604 1456
1468 1484
4549 3596
1456 1498
5302 4293
1620 1436
1552 1422
5381 3413
1467 1512
5317 4581
1561 1520
1280 1744
4533 3898
1522 1579
5289 5043
1526 1633
1252 1947
5346 3744
1389 1774
5974 4408
1831 1538
1401 1817
4496 4271
1757 1452
6256 4261
1702 1743
1735 1485
4770 4099
1420 1840
6147 4688
2169 1394
1704 1562
4125 5130
1730 1533
4977 5874
1764 1754
2294 1202
6080 3627
1991 1360
5726 5766
1813 1762
1821 1515
6520 3825
1891 1458
6617 5278
1706 1887
1949 1503
5834 4211
2107 1477
7290 4944
1971 1664
1429 2195
6327 4669
1835 1700
6922 5213
1756 1848
1496 2189
6207 5169
1879 1719
7915 5006
2068 1710
1804 1794
6983 4980
1996 1654
5907 6734
1733 2022
1855 1768
7406 4889
2147 1581
6307 6381
1876 1871
1941 1751
7509 5469
2336 1526
6637 6080
2320 1584
1623 2343
6049 6727
1712 2101
7149 5881
1724 2100
2063 1901
6038 6883
2184 1690
7970 5627
1836 1995
1538 2998
6888 6216
1416 2741
6581 7614
1929 1929
2269 1927
7312 6403
1896 1962
7097 7228
1780 2134
2200 2094
7911 6165
1808 2230
6959 7641
2222 1875
2383 1944
7805 7155
2006 2070
8119 7944
1990 2272
2342 2099
8144 6200
2127 2113
8141 7858
2239 2023
2137 2337
7978 8097
2138 2135
2065 2266
2492 1978
1944 2433
2041 2330
1966 2576
2255 2136
2349 2064
1917 2723
2075 2374
2227 2267
2477 2098
2105 2426
2275 2273
2193 2417
2190 2366
2082 2463
2371 2277
3299 1785
2416 2379
2775 1992
2284 2415
2355 2467
2163 2593
2700 2109
2935 2084
2604 2180
3032 1997
2876 2119
2380 2437
1984 2966
2568 2346
2484 2345
2048 2900
2453 2478
2565 2342
2228 2685
2409 2609
2985 2071
2790 2241
3220 2121
2792 2249
2829 2262
2534 2526
2712 2340
3466 1953
2280 3269
3069 2130
3302 2034
2653 2706
2811 2310
2781 2335
2572 2812
2689 2404
2089 3182
2621 2761
2544 2496
2384 2677
2735 2652
2471 2606
3108 2223
2768 2627
2196 3098
3002 2338
2772 2745
2561 2585
2758 2472
2784 2811
3444 2120
3055 2381
2886 2737
2579 2738
2996 2503
2863 2774
2182 3650
2532 2946
3252 2591
2641 2920
3694 2263
3143 2682
2850 2734
2743 2888
2975 2905
3278 2514
2404 3402
2442 3601
2773 2879
2951 2777
2909 2971
3198 2640
3274 2632
2593 3380
4088 2217
2895 2943
2948 3009
3374 2592
3083 2806
3008 3001
3026 2856
3265 2701
3057 3045
3323 2778
3048 3000
2777 3400
3065 3012
2821 3357
2924 3250
3483 2781
2779 3443
3230 3008
2549 3837
3618 2716
3878 2532
3195 3142
3088 3246
3337 3043
3950 2533
3050 3319
3148 3301
3974 2537
3287 3121
3999 2575
3355 3078
3580 2872
3468 3104
3630 2840
3833 2709
3253 3372
2823 3724
2903 3706
3383 3235
3648 2956
3882 2809
3133 3649
4111 2651
4062 2702
3385 3378
3745 2988
3529 3243
2997 3871
3568 3232
4634 2555
3400 3496
3525 3364
3847 3058
3314 3642
4003 2925
5094 2499
3479 3563
3626 3375
2774 4343
3805 3401
3352 3686
3467 3607
3340 3925
3931 3114
3908 3160
3431 3854
4324 2902
4272 3065
3114 4471
3962 3291
4311 3044
4177 3314
3498 3844
4989 2760
3334 4284
3625 3749
2930 4700
4462 3253
4531 3020
3780 3673
3782 3846
4448 3175
3328 4325
3875 3800
3682 3883
5603 2721
3844 3966
3748 3878
4322 3384
4195 3696
6160 2548
3607 4089
4129 3754
3864 3798
3642 4048
3879 4017
3540 4266
4612 3298
3646 4370
4222 3606
4566 3351
3800 4180
4481 3468
3506 4507
4555 3550
4074 3834
4030 3921
3308 5101
4729 3539
3895 4122
3588 4681
3926 4120
4331 3791
3550 4864
4534 3711
3397 5170
4485 3768
4233 3941
4328 3877
4666 3688
5326 3353
4021 4156
4103 4078
4295 3997
4556 3789
3980 4367
4408 4094
4104 4251
4917 3808
3812 5041
4352 4174
4138 4417
5034 3807
3992 4709
4066 4617
4143 4678
4957 3902
4284 4413
4026 4861
3911 4966
4627 4164
5632 3652
5477 3726
4420 4439
4850 4072
4270 4609
4148 4785
5480 3771
4508 4407
3730 5567
4122 4893
4510 4420
4411 4532
4613 4347
4675 4307
4359 4635
4906 4233
4167 5031
4238 5120
5969 3655
5360 4001
3728 5982
4926 4425
5585 3958
4453 4911
3970 5604
5170 4279
5274 4298
6440 3630
5488 4112
4323 5243
5476 4160
4527 5012
4809 4810
4802 4811
4738 4884
5061 4580
4558 5096
5352 4402
4726 5258
4996 4888
5288 4630
4380 5586
4554 5384
5775 4218
5267 4720
5541 4462
4683 5304
5212 4799
6023 4064
4716 5274
4961 5122
4990 5019
4146 5921
6062 4118
5814 4312
4865 5234
5261 4926
6946 3741
5353 4853
5056 5193
6014 4243
5278 4973
4896 5530
5722 4625
5264 5108
5238 5231
4582 5786
5592 4844
4792 5638
4615 5803
6077 4444
6331 4296
5750 4801
5508 5045
5192 5375
4923 5611
5683 4887
5877 4708
4687 5830
5698 4897
6133 4583
5716 4962
5646 5026
5068 5711
5188 5554
6844 4165
5503 5399
7055 4177
6078 4762
4837 6007
5258 5650
4701 6149
4891 6028
6603 4567
5384 5603
5699 5346
5285 5725
5689 5366
5899 5221
6099 5020
6260 4901
5829 5307
4909 6309
4943 6268
5306 5889
5387 5807
5776 5470
5161 6087
6427 4922
7252 4395
6002 5290
6631 4777
5466 5810
6156 5250
4699 6853
5495 5859
5631 5755
5304 6081
6048 5403
6422 5178
4633 7072
5497 5967
5481 6043
6936 4856
6113 5513
5367 6285
6115 5551
5224 6497
5766 5835
5215 6558
5968 5668
5573 6153
7565 4615
7245 4815
6198 5619
5765 5961
5857 5943
6117 5762
6615 5402
7015 5204
5840 6144
6829 5317
4645 7869
5297 7022
6037 5974
6516 5634
6948 5351
6995 5408
6439 5706
5800 6445
5540 6875
6134 6062
6240 6019
6509 5783
6249 6013
5456 7176
7347 5292
6197 6148
5575 7037
6725 5721
7045 5558
6304 6179
5537 7167
6227 6181
6457 6126
8046 4913
6953 5647
6623 5990
7724 5255
6723 5862
6215 6426
7917 5208
6045 6627
5886 7109
7767 5356
6641 6150
5951 6965
7668 5525
6912 5993
6328 6615
6553 6388
6588 6356
7384 5825
7707 5584
6566 6408
6675 6800
6472 6555
7730 5743
6265 7321
7107 6195
7258 6140
5963 7704
6016 7494
7054 6353
6539 7021
7254 6246
5910 7756
6370 7241
6746 6722
7220 6339
6141 7594
7019 6534
7953 5816
6550 7137
6590 7148
6733 6951
6391 7485
7056 6674
6273 7643
7581 6329
6855 6977
7033 6827
6841 7067
7634 6331
6765 7181
7465 6530
7554 6720
7394 6587
7237 6763
6813 7568
6876 7217
7148 6967
7426 6954
7603 6664
6548 7781
7941 6511
7105 7210
7519 6839
6852 7742
6589 7795
7996 6324
6910 7698
7112 7295
6996 7492
7439 7297
8045 6609
7906 6889
7005 7783
6818 7922
7937 7105
7776 7111
7864 6986
7473 7634
6872 7962
7792 7171
7007 8010
7069 7903
6957 7999
7933 7424
7731 7507
7324 7970
7505 7915
8133 6859
8012 7500
7654 7982
7528 8056
7704 8083
7626 8157
7608 8110
7765 8149
8116 7937
8154 7917
1005924530 1584042216
1
sift 82
387 513
439 493
2935 6436
5258 6110
650 702
683 754
5765 6600
1009 853
819 1039
6442 7813
885 1006
852 1112
756 1287
940 1156
1191 994
893 1341
1124 1251
1325 1258
1351 1273
1188 1434
1261 1484
1463 1356
1283 1569
1088 2240
1561 1689
1620 1773
2184 1753
2138 2356
2075 2529
2083 2582
2617 2258
2572 3153
3057 3058
3076 3130
2782 3807
3463 3190
3646 3208
2593 4845
3314 3965
3479 3884
3340 4074
3468 4143
3529 4311
3805 4218
3875 4171
3844 5035
4236 4547
4556 4321
4352 4514
4893 4185
4285 4639
4631 4500
4527 4676
4177 5178
3594 6220
4961 4802
5274 4687
4453 5664
4738 5547
3999 6478
4627 5793
5495 5347
5698 5265
5588 5644
5366 5917
5766 5533
6265 5320
5056 6607
5224 6440
5368 6500
7385 5308
6078 6758
5885 7196
6885 6152
6249 6735
5297 8244
6304 6944
5951 7450
6550 7233
7112 8340
7751 7836
8023 7939
1005924530 1735922398
1
sift 225
172 244
23 27
26 33
45 84
428 704
309 347
51 75
208 390
61 110
479 834
350 454
228 402
269 360
210 444
565 847
399 502
268 393
288 384
285 518
603 940
651 696
271 457
300 422
340 551
731 1179
541 884
322 658
377 576
411 617
1129 1830
679 711
517 541
501 657
530 1033
1508 1537
895 1138
550 997
793 1091
532 1151
1218 2187
843 1207
492 1438
805 1184
658 1063
1138 2418
981 1481
726 1421
866 1361
744 1766
1399 1973
1057 1846
860 1543
1028 1552
829 1729
1497 1877
1700 2299
747 2029
996 1659
815 1909
2882 1120
2405 2248
1052 1571
963 1843
802 2316
1477 2032
2899 3499
890 1951
953 2098
889 2538
1415 2397
3948 4222
1081 1882
1229 1858
1016 2116
1548 2698
4869 4825
1072 2204
1169 1981
1236 1807
1595 2771
4204 5785
1611 1459
1467 1962
1331 1750
2023 2687
4549 5548
1232 2162
1468 2092
1250 2179
2087 2661
6327 5888
1401 1996
1336 2355
1660 1744
2048 3457
7030 5885
1196 2524
1248 2502
1330 2740
1744 4405
1410 2338
1344 2796
1338 2919
2115 4425
1814 1989
1799 2172
1757 2725
3353 2838
1768 2315
1804 2595
1615 3314
2339 4302
2489 2005
1891 2678
2136 2482
2950 3747
1949 2914
1718 3646
2404 3236
3539 3357
2371 2711
1970 3444
2163 4776
3150 4290
2074 3788
2709 2834
2565 4528
3355 4112
2200 3740
2903 2916
3026 4129
3601 3820
2309 3957
2540 3733
2532 5065
4110 3941
3397 3061
2604 3949
2544 5270
3608 4685
2501 4125
2781 3731
2689 5041
4111 4391
2758 3943
3108 3596
2809 5000
4859 3878
3055 3832
2715 4301
2916 5015
4653 4548
3299 3635
2641 4828
3254 5188
4975 4754
2561 5449
3467 4013
3287 5330
4098 5633
3824 3715
3568 3984
3498 5706
4341 6026
3265 4511
3198 4686
3365 6231
4729 6219
3974 3873
3625 4830
3525 6282
5722 5646
3145 5657
3682 5036
3598 6474
6019 5465
3607 5243
3908 4874
5146 5410
6077 5523
4163 4613
4262 4562
4233 7415
7107 6664
4062 4913
4003 5263
4909 6497
6869 7137
4531 4756
4363 4967
4744 7241
6615 7636
3864 5622
4613 5055
6695 6303
3540 7119
4906 5212
6760 7184
4566 5477
5733 4653
4553 5851
4322 6189
4313 6463
4112 6876
4375 6574
4481 6447
5285 5627
5603 5386
5452 5543
4295 7252
4778 6661
5884 6182
5750 6398
5332 7117
5956 6274
5734 6791
5538 7165
5776 7238
6074 6827
6003 7115
6746 6438
6048 7250
5936 7372
8025 7090
7924 7312
1005924530 1789068863
1
sift 290
126 119
821 1377
8 14
88 153
23 61
33 66
1902 2469
1418 3649
27 59
146 205
51 108
71 136
2649 3271
59 130
243 343
61 129
143 177
2704 3415
54 138
325 482
97 176
210 491
2057 5481
116 166
779 859
163 331
266 527
3132 5014
234 252
686 1121
220 376
285 561
3761 4499
268 404
1158 1633
288 436
396 567
4673 4114
271 463
1110 2975
269 502
398 589
4245 4980
351 622
1584 2783
377 612
400 783
5183 5787
428 871
1935 3868
465 795
484 830
5640 6796
524 925
3773 2258
750 1007
550 869
544 971
2020 4407
822 978
530 1022
492 1354
1962 4720
809 1074
532 1185
687 883
2668 3428
668 1337
603 1119
608 1468
2939 3703
699 1284
658 1460
731 1297
3583 5769
805 1232
939 1031
905 1082
4573 4824
829 1237
961 1033
726 1461
4534 6250
979 1092
681 1577
724 1477
5371 5911
873 1223
903 1162
801 1489
5420 6104
866 1499
747 1829
860 1613
5453 6183
815 2297
916 1548
965 1502
5565 6187
963 1826
956 1926
889 2241
6020 6178
1125 1620
1298 1422
1185 1614
5716 6655
953 2252
1072 2034
1420 1501
5775 6693
1236 1746
1023 2233
1136 1939
6054 6543
1336 1680
1232 1971
1169 2072
6378 6558
1229 2023
1331 1869
1138 2373
6492 7069
1468 2087
1337 2105
1338 2116
6508 7246
1248 2716
1218 2436
1578 2099
1458 2355
1399 2727
1467 2342
1410 2515
1415 2725
1660 2152
1552 2676
1274 3236
1627 2607
1771 2441
1376 3350
1599 2964
1730 2606
1757 2997
1267 4189
1768 2802
1704 3173
1855 2666
1595 3511
1648 3640
1917 2655
2038 2547
2252 2381
1804 3073
1949 2985
2084 2627
3065 1932
1774 3668
2087 3301
2240 2924
1835 4009
1744 4201
1754 4233
2074 3638
1877 4413
2179 3447
2048 3744
2037 4079
2284 3308
2895 2875
2404 3564
1801 5344
2708 3139
2163 4569
2347 4013
3032 3330
3026 3496
3353 3023
2781 4066
2339 5300
2758 4275
2604 4598
2532 4842
2636 4607
2641 4764
2544 5345
2634 4795
2951 4382
2514 5449
3355 3964
2715 5061
2181 6861
3108 4493
2689 5299
3619 3907
2824 5078
2790 5159
3305 4400
2599 5741
3089 5071
2743 5726
3198 5097
3499 4565
3015 5426
3245 5026
3055 5418
3516 4602
3254 5248
3302 5191
3532 4812
2916 5829
3445 4967
4385 3789
4111 3971
2930 5855
3734 4468
2773 6444
3694 4839
3293 5791
3540 5152
3145 5858
3595 5666
3299 5626
3135 6089
3498 5943
7043 3109
3580 5862
3399 6783
3975 5286
3625 5891
4242 5250
3365 6625
4239 5391
3715 6246
3899 5878
3278 7561
3598 6997
4222 5591
3908 6135
4731 5587
4100 5823
3867 6330
4519 6076
4262 5745
4003 6095
5441 5310
3584 7318
4163 6149
4558 6197
4610 5721
4216 6238
4342 6674
5308 5217
4313 6191
4098 7225
4566 6348
4924 6139
4754 6470
4926 6210
5285 5886
5679 5588
5093 6077
4481 7021
4826 6656
4803 6791
5591 6019
4582 7288
5025 6770
5595 6096
4709 7413
5488 6295
5750 6067
4763 7379
4974 7152
4898 7411
4743 7517
4909 7381
5884 6357
5051 7238
5083 7229
5734 6977
7223 5434
5956 6945
6641 7343
6409 7640
6048 7765
7399 6840
7151 7573
7045 7353
7857 7504
