1078340171 1256872597
1
sift 65
90 126
1119 890
160 405
224 332
1694 3669
225 549
322 607
2506 5749
620 1138
637 1179
2974 6334
754 1424
651 2123
966 1433
1035 1474
1013 1568
1211 1410
1199 1431
1371 1336
1123 1644
1475 1741
1340 2043
1520 1841
1345 2294
1432 2517
1798 2117
2087 2216
2099 2329
2344 5306
2541 4954
3824 3622
2617 5496
3300 4371
3000 5114
3256 4713
3529 4866
3455 5268
3398 5525
3139 6114
4297 4629
4490 4709
2989 7428
3102 7627
5065 5089
4739 5507
4006 6780
5553 5276
3746 7758
4198 7510
5607 5766
4719 7062
4597 7335
5697 5841
5502 6518
5572 6545
5678 6473
5476 6954
6702 5848
5223 7454
6102 6799
6275 7279
6344 7358
7273 6968
6588 7651
7507 7634
1078340171 1475597139
1
sift 160
782 1018
162 211
712 1256
224 295
312 270
872 966
496 645
1097 1967
620 1143
640 767
1575 1472
667 860
1615 3371
672 1299
729 831
2951 2315
766 1009
2344 4645
1035 1457
768 1147
2736 2606
1113 789
2242 5502
1433 2117
980 1186
2239 6437
1013 1556
2541 5517
1432 2496
1116 1660
3877 3781
1371 1410
2506 6583
1798 1954
1312 1518
3757 4445
1364 1549
2915 7306
2435 3193
1762 1301
4775 4303
1475 1596
3747 6476
1959 4359
1340 1949
4414 4825
1607 1669
4006 6066
2544 3458
1562 1780
4994 5707
1911 1649
3895 6899
2214 4313
1718 1782
1609 1952
3767 7666
2745 4269
1345 2461
1520 2131
3681 4360
1880 1835
1553 2352
3139 6942
2090 1975
1741 2376
3838 7678
2087 2069
1651 2707
4512 7889
2002 2288
2149 2287
6536 6515
1827 2754
1968 2550
7549 7291
1652 3200
2589 2104
2530 2218
2610 2176
1840 3267
2708 2306
2895 2207
2929 2224
2099 3123
2715 2468
2367 2881
3165 2399
2667 2903
2832 2914
2341 3569
2417 3472
2903 2897
3496 2453
2191 4117
2533 3718
2993 3283
2970 3339
2953 3434
2782 3804
3113 3562
3328 3413
3336 3657
3063 4004
3608 3544
3109 4184
4168 3425
3448 4168
3240 4763
4370 3624
3997 4250
2989 6213
3466 5294
3491 5267
4119 4345
4522 4037
3813 4894
4494 4291
4773 4636
4980 4439
4768 4882
3688 7687
4337 6430
5971 4767
5203 5496
4289 7057
7438 4305
6006 5319
5502 5697
5340 6350
5882 5824
4722 7798
7440 4864
5120 7157
6871 5320
4871 7672
4944 7653
7151 5266
5074 7708
5607 6690
5223 7669
6252 6489
6687 6112
5677 7330
6362 6589
5535 7720
5726 7475
6249 6854
5117 8327
5675 7773
6102 7243
7331 6056
6025 7578
6615 7142
7390 7088
7524 7174
7475 7308
7134 8017
7394 7854
7561 7815
1078340171 1503000354
1
sift 137
3264 6469
133 104
134 140
956 1486
5620 5695
204 362
313 249
574 659
1655 3112
7241 6582
329 473
436 552
620 648
1608 4705
675 503
939 449
672 719
3176 4393
733 567
872 628
1034 918
2342 6569
895 625
996 852
1199 873
2564 6204
846 1458
1342 1020
1345 1102
1028 1515
1575 1077
1295 1470
1432 1410
1740 1249
1798 1256
1177 1981
2736 2042
3254 1222
1959 2050
2328 2475
2133 1892
2435 1706
2864 2412
1964 2470
2358 1947
3187 2437
2065 2581
2214 2641
3202 2925
1848 3309
2745 2265
4780 2257
1966 3260
3863 1833
3390 3262
2123 3230
3139 2308
4336 3397
3172 2286
2617 2954
5239 2974
2727 2868
2506 3146
3852 3843
2969 2835
3000 2831
5846 3149
3102 3064
2518 3871
5066 3680
4941 2287
3398 3189
4994 3796
3374 3335
4269 2763
5838 3435
3726 3509
3691 3626
5912 3590
3711 3735
4011 3713
5290 3975
4150 3647
4841 3271
5915 3758
4848 3434
4063 4000
6943 3395
3838 4267
4198 4078
6483 3678
4531 4073
4598 4159
5165 4367
3969 4634
5033 3959
5868 4144
4513 4321
6494 3320
5581 5414
6536 3469
4464 4631
7382 4799
4834 4490
6067 3921
7454 5277
4893 4732
5669 4350
5275 7229
5396 4745
4927 5311
6437 6884
6366 4334
4820 5939
7129 7871
5758 5105
6116 5281
6821 8155
5429 5874
5420 5914
5507 5825
7199 4786
6724 5408
5655 6191
5508 6419
5946 6092
6272 5924
6878 5535
5471 6753
5996 6421
6165 6322
7340 5796
6290 6527
7691 5304
7021 6426
7221 7140
7681 6362
1078340171 1584042216
1
sift 224
579 737
19 51
159 420
31 43
813 728
60 86
298 571
48 108
753 1022
95 92
300 643
105 94
1813 3378
76 112
246 864
177 150
2406 4856
179 168
505 859
156 212
3317 5025
242 174
504 1367
204 392
3264 5201
278 295
777 1936
378 304
3667 4797
342 424
971 3227
287 568
6696 7665
362 435
1069 2982
284 587
7427 6908
413 407
1057 3249
381 521
319 679
1108 3323
293 791
620 525
1176 3861
574 715
386 1317
1536 3296
646 713
463 995
1468 3941
695 782
966 842
1413 4349
1199 884
1033 1005
1783 3482
1005 1169
846 1547
1655 3854
1111 1151
1052 1248
1418 5343
1345 1127
883 1779
1617 4989
932 1672
1230 1200
1774 4673
649 2684
956 1684
1851 4981
990 1632
1115 1422
2005 4534
1462 1214
1175 1551
2270 4711
1024 1830
923 2347
2122 6137
1075 1854
1331 1541
2577 7325
927 2481
1391 1520
3081 6203
1798 1253
1629 1449
2814 7105
1484 1770
1282 2353
2598 8554
1456 2066
1460 2160
4853 8068
1447 2185
1698 1835
1482 2134
1360 2384
1705 1920
1191 3082
1817 1850
1829 1866
1947 1847
1483 2401
1694 2069
1317 3434
1871 2239
1959 2290
2544 1834
1744 3234
1848 3283
2594 2307
1780 3682
1592 4187
2159 2848
2504 2453
1966 3468
2344 2679
3182 2317
1682 4869
2506 2975
3000 2579
2745 2784
2617 2959
1918 4440
2138 4053
3397 2701
2727 3474
2518 3879
3102 3332
2800 3705
3398 3050
2342 4368
2505 4112
3233 3360
3095 3617
3550 3111
3303 3569
2555 4443
3792 3342
2900 4479
2384 5738
3416 4017
2244 6198
2974 4493
2680 5048
4397 3225
3942 3662
3175 4478
4011 3694
3802 3901
2746 5449
4063 3822
3923 3972
4582 3600
3111 5098
3061 5219
2889 5510
3334 4852
4150 4076
3184 5425
3030 5719
3691 4560
2564 6837
4198 4224
5332 3578
4204 4389
3876 4787
4600 4304
3969 4847
3946 4878
4513 4404
2980 6956
3838 5409
4500 4901
4598 5034
4893 4772
2997 8123
3176 7944
4927 5180
4834 5391
4272 6002
3857 6829
4704 5979
5429 5214
5669 5070
4731 6112
5258 5673
4141 7156
5507 5785
5642 5660
5758 5618
5996 5710
6574 5313
4483 7547
5236 6420
6366 5545
6878 5255
6082 5817
5004 7200
5907 6090
5689 6246
5414 6588
7339 5550
5420 7265
6525 6219
5128 8116
7021 6056
6166 6821
6680 6435
5655 7612
6001 7249
6524 6743
7352 6177
6973 6504
6172 7401
7085 6731
7138 6856
6653 7820
6608 8080
6914 8099
7060 8347
1078340171 1646429863
1
sift 356
89 139
301 554
2676 4654
101 143
135 202
382 646
160 249
174 272
407 774
225 306
224 311
501 744
281 281
322 522
422 1037
384 473
479 609
516 809
563 635
496 1030
670 871
651 798
625 835
561 1261
672 945
620 1130
819 969
688 1139
667 1210
640 1254
725 1151
639 1381
742 1235
801 1166
754 1263
738 1402
767 1418
766 1396
936 1231
953 1132
991 1142
820 1483
1025 1188
634 2035
891 1492
998 1253
999 1282
833 1866
966 1420
985 1425
1103 1317
1007 1413
1058 1320
1095 1441
1035 1383
1070 1386
980 1734
1099 1406
1185 1416
868 2228
1101 1584
1345 1288
1292 1374
1644 1106
1120 1606
1020 1923
1149 1628
1252 1562
1182 1718
1199 1715
1270 1643
1113 2139
1352 1580
1295 1634
1167 2015
1013 2274
1116 2104
1243 2150
1296 1796
1211 2098
1379 1952
1384 1920
1122 2513
1419 1960
1242 2289
1312 2232
1308 2361
1568 1905
1340 2362
1364 2444
1665 1957
1605 2050
1371 2550
1800 1925
1578 2191
1519 2324
1744 2007
1453 2494
1607 2235
1817 2011
1564 2285
1553 2315
1520 2438
1471 2566
1475 2819
1615 2332
1486 2773
1552 2560
1794 2283
1523 2691
1596 2531
1694 2416
1551 2699
1869 2341
1445 3196
1852 2385
1442 3414
2054 2240
1788 2528
1562 3299
2119 2195
2544 1850
1602 3237
1705 2790
1734 2982
1837 2934
1798 3075
1762 3143
1873 3087
1891 2969
1880 3174
1883 3205
1528 4163
1913 3131
1692 3618
1841 3532
1911 3284
2213 2707
1827 3632
1718 3826
2135 3027
1652 4259
2200 2878
1711 4052
2209 3018
2317 2810
2042 3594
2025 3574
1764 4438
2002 3853
2344 3115
2338 3214
2206 3572
2191 3513
2509 2925
1993 4109
2322 3350
2085 3832
2134 3955
2472 3104
2090 4210
2912 3002
2707 3216
2463 3529
2559 3449
2617 3366
2490 3598
2087 4555
3038 3016
2341 3957
2731 3464
2744 3469
2576 3643
2399 4092
2222 4341
2435 3982
3438 2995
2518 3840
2799 3661
2367 4693
2506 4083
2417 4524
3781 3139
3102 3677
3398 3504
2479 4656
3412 3543
2672 4393
2368 5136
3000 4093
2667 4454
2589 4629
2727 4460
3105 4115
2530 5025
2863 4517
2766 4727
3329 4197
3139 4238
2832 4763
2820 4961
3169 4292
3327 4153
2953 4926
4446 3374
3023 4900
2539 5810
2842 5274
2915 5112
2650 5666
3766 3975
3899 3858
3165 4996
2943 5250
3486 4380
2895 5507
2694 5743
2993 5307
2929 5467
4011 3918
4063 3944
3118 5276
3428 4689
3175 5151
2970 5525
3256 5042
2982 5547
3369 5044
3488 4826
3113 5548
3496 5122
3838 4365
3063 5982
3556 5225
3691 4955
4734 4067
3258 5899
3480 5374
3876 4762
3889 4875
3300 5804
3784 4932
3255 6193
4582 4308
3747 5181
3671 5549
5332 3937
3658 5495
3712 5540
3941 5131
3948 5160
3131 7051
3713 5481
4150 4947
3336 6566
3800 5439
3688 5638
3737 5695
4516 4704
4078 5229
4187 5238
4198 5203
3860 5527
3485 6430
3529 6166
3622 6002
3935 5572
3813 5766
3646 6097
3840 5752
3774 6003
3448 6736
3245 7514
3465 6778
4820 4997
3532 6787
3723 6318
4512 5315
3608 6650
3767 6342
3810 6192
3708 6516
5037 4905
3969 6007
4343 5683
4099 5894
4398 5647
3805 6536
3680 7003
3911 6492
4043 6412
3491 7541
5477 4839
3901 7007
3987 6605
3647 7602
4015 6922
4598 6067
4817 5816
4261 6707
4927 5903
4297 6665
4067 7005
4464 6909
4168 6870
4131 6973
4337 7169
4971 5867
4950 6021
4600 6931
4836 6465
4520 7057
4839 6674
4893 6737
4586 7433
5166 6346
4834 6885
5012 6978
4584 7286
4953 6788
4627 7646
5429 6224
4988 7101
5225 6811
5267 6897
4342 7809
5146 6988
5669 6468
5157 6974
5250 6930
6180 6061
6280 6177
5139 7643
5907 6568
6244 6343
5005 7772
6360 6757
5342 7528
5835 7223
5996 7216
5682 7464
5633 7753
6724 6527
7404 6194
5741 7737
6179 7564
6124 7620
5842 7751
7179 6624
7171 6701
6912 7767
6328 7652
6743 7569
7303 7044
7220 7128
7013 7707
1078340171 1923562747
1
sift 176
18 45
5736 3898
104 255
67 128
79 211
140 236
135 256
147 238
154 293
174 334
160 445
189 409
177 371
207 420
285 314
225 456
224 570
226 566
281 736
232 560
287 820
346 608
322 763
412 1049
369 667
382 688
623 1311
384 734
480 861
650 1709
479 906
502 1075
788 1466
563 1018
529 1217
845 1878
571 1128
617 1130
1109 1911
649 1248
670 1245
1057 2262
687 1255
625 1394
1220 3369
717 1390
726 1363
1460 3661
672 1593
754 1423
1871 3258
935 1488
841 1721
2075 3095
953 1545
977 1662
1774 4028
1105 1476
998 2019
1960 4662
999 2109
1101 1871
2307 4838
966 2445
1175 1947
2245 7052
1252 1892
1070 2355
2889 5333
1115 2624
1301 2319
3307 4780
1345 2356
1200 2733
2342 7225
1295 2935
1564 2409
3079 5302
1420 3236
1331 3689
3703 4386
1606 2890
1615 2972
3136 6166
1788 2691
1654 3053
3590 5623
2000 2568
1705 3241
3081 7044
1554 3718
1665 3422
3349 7035
1800 3520
1744 4072
3674 6330
1852 3847
1846 3880
3825 6263
2054 3450
1975 3790
4221 6706
2352 3255
2214 3612
3523 8198
2512 3325
1891 5115
5526 6390
1959 4947
1798 5708
4844 8024
2025 5154
2344 4123
2544 4116
2381 4601
2518 4412
2322 5290
2554 4765
2707 4467
2754 4373
2757 4581
3139 4104
2904 4437
2617 5094
2799 4839
2916 4848
2541 5717
3102 5077
3328 4833
3058 5480
3365 4939
3012 5621
2805 6181
3948 4274
3319 5295
2744 6647
3475 5319
3255 5815
2915 6533
2943 6505
3000 6596
3713 5275
3930 5013
3105 6674
3692 5496
3397 6153
3622 5785
3398 6373
3469 6375
3542 6389
3327 7300
3541 7053
3924 6209
3747 6770
4270 5965
3480 7667
3839 6735
3969 7098
3800 7473
3766 7726
3889 7575
3941 7811
4492 6838
3829 8037
4150 7596
4742 6829
4011 8045
4343 7582
4898 7808
5272 7593
6345 6556
5332 7965
5792 7445
6258 7460
5405 8214
6179 8030
