1162772251 1584042216
1
sift 357
273 258
126 166
291 289
180 247
151 149
406 497
319 313
390 421
296 337
655 678
432 513
307 385
499 481
304 389
824 758
514 493
386 447
568 480
364 505
969 1122
582 632
446 491
519 529
500 508
1183 1716
664 641
422 607
595 731
452 573
1498 1658
701 702
481 601
688 719
573 553
1521 1695
745 754
511 701
706 823
619 629
1969 2532
803 1012
632 700
872 752
602 734
2593 1955
974 853
682 749
766 876
731 880
2342 2486
879 1112
819 865
851 901
863 905
2404 3143
990 1006
839 954
775 1287
867 1068
5816 1677
1040 1014
904 1043
1092 994
1000 1008
2685 2882
1064 1039
827 1227
1009 1097
1053 997
2496 3352
1056 1148
1035 1063
1046 1156
958 1276
2961 2712
921 1377
1171 1113
1331 1124
1179 1222
2946 3606
1312 1185
1038 1641
1206 1273
1157 1388
4064 2987
1251 1258
1231 1428
1280 1251
1439 1268
4167 3675
1486 1434
1443 1349
1609 1484
1087 1997
3775 4228
1538 1593
1368 1554
1550 1583
1390 1588
3946 4583
1520 1689
1483 1522
1436 1773
1337 1692
4346 4549
1690 1753
1492 1559
1343 2240
1558 1683
4083 4972
2023 1767
1475 1855
1983 1530
1638 1750
5588 4565
1779 1986
1437 2004
1795 1964
1611 1926
5090 5752
1743 2282
1755 1918
1881 2098
1838 2094
4683 6262
2214 1998
2370 1789
2304 1831
1787 2388
5974 6712
2100 2336
1972 2170
2384 2010
1894 2338
5181 8215
2135 2356
2215 2051
2350 2376
2062 2313
7721 6032
2374 2529
1829 3236
2101 2978
2325 2494
6211 8192
2134 2922
2322 2533
2035 3171
2448 2433
6158 8318
2463 2581
2270 2805
2526 2587
2391 2633
6795 7731
2540 3106
2305 3146
2873 2737
2284 3520
7272 7468
2991 2777
2899 2563
2643 3290
2758 2807
7507 7309
2812 3153
2729 2968
2893 2963
2618 3170
7255 8212
2692 3531
1841 5225
3045 3058
2683 3080
7621 8313
3104 4143
2654 3182
3340 3929
2518 3440
7742 8326
3247 4104
2455 3687
3602 3642
2748 3311
3563 3884
2960 3049
3831 3563
2782 3356
4123 3317
3292 3140
3863 3648
2944 3588
4370 3208
3465 3178
3642 3965
3306 3391
3243 4311
2796 4070
3696 3930
3429 3732
3912 4041
3464 3689
3508 4170
3697 3461
3800 4171
2629 4804
3084 4739
2903 4303
3925 4074
3328 4056
4531 3635
3573 3844
3380 4845
3095 4320
3789 4321
3094 4444
3968 4239
3512 4231
4001 4250
3758 4082
4142 4159
3888 4097
3357 5294
4219 3850
4541 4086
3879 4288
4776 3809
3747 4507
4174 4514
3732 4694
4358 4384
3692 4801
3966 5035
3811 4713
4298 4687
3842 4788
4413 4640
5038 4137
4621 4500
4272 4700
4720 4569
4500 4515
4241 5139
4092 5026
4681 4742
4619 4556
5091 4536
4404 4858
5012 4676
4231 5076
5495 4400
4169 5359
4371 5491
4175 5519
4164 5793
4760 4937
5122 4802
4668 5142
5120 4853
4568 5364
4765 5379
4597 5352
4897 5265
5119 4870
4982 5210
4020 6184
4884 5547
4277 5906
4973 5565
4834 5360
4911 5664
4905 5544
5121 5470
5248 5261
5133 5577
4634 5875
5457 5260
4674 5885
5992 4758
4892 5768
5825 5307
5708 4966
5212 5847
4656 6043
5859 5347
4280 6633
5835 5533
4930 5939
5193 6607
4994 6007
6561 5340
5757 5299
6521 5464
5335 5830
5530 6613
4561 6653
7321 5320
5088 6412
6152 6101
5332 6164
6498 5926
5322 6353
5943 6574
5461 6410
6666 6051
6644 5392
5755 6953
5100 7015
6013 6735
6284 6039
6286 6500
5618 7174
6497 6440
5763 7444
7781 5668
5206 8523
6179 6944
6563 6937
6001 7181
6554 7063
5606 8044
6425 7112
5967 7471
7414 6382
5811 7810
7503 6384
6530 7475
6151 7728
6763 7563
7045 6867
6829 7427
5856 8257
7137 7233
6196 7842
7105 7285
6320 7700
6965 7450
6364 7883
6508 7989
7145 7197
6857 8082
7247 7303
7823 7077
7001 7848
7022 8244
7677 7146
7424 8063
7420 7766
7295 8340
7835 7821
7570 8263
7512 8400
7840 8138
7985 7933
8138 7486
8153 8500
8149 8118
1162772251 1735922398
1
sift 124
6209 5164
37 79
145 244
49 110
265 536
135 304
226 457
175 376
333 670
283 393
374 576
393 686
388 869
469 551
502 685
435 617
450 1122
566 932
748 1138
551 1191
1235 2032
572 1151
831 1234
644 1063
1571 2418
593 1192
917 1142
711 997
1997 2685
542 1438
824 1543
655 1163
2393 4706
570 1521
894 1552
780 1951
3078 4112
930 1843
1075 1858
959 2524
3044 4603
1047 2109
1150 2299
1091 2179
2601 5862
969 2745
1512 1962
1195 2400
3728 5465
1587 1803
2437 1274
1248 2434
3456 6024
1065 3266
1484 2092
1644 2236
3539 6219
1497 2493
1213 3715
1298 2934
5628 4327
1452 2725
1928 3252
1253 3381
4625 5646
1618 2681
2415 3181
1569 2919
7928 4154
1632 3087
2094 3740
1521 3671
1867 3276
3437 2836
2104 3965
2529 3378
2493 3874
2965 3080
2395 4312
2537 3873
3491 2937
2997 3413
2581 3943
2347 4645
2743 4284
3000 4099
2390 5399
2856 4129
2698 4733
2593 4776
2496 5270
3232 3984
2675 5188
2920 4828
2925 5263
2642 5530
2501 6072
3160 4874
2946 5065
3153 5004
3174 5281
2778 5780
3121 5330
3351 5477
2829 5959
2852 6183
4485 4562
2961 6284
3653 5576
4089 5243
3581 5804
4347 5055
3997 7252
3844 5706
3426 6797
5725 5627
3946 7285
4898 5840
4792 7580
3559 7693
5094 6241
5470 7238
5376 6886
5108 7645
1162772251 1789068863
1
sift 91
37 99
4962 6655
21 130
175 262
49 129
226 463
333 641
283 404
374 612
352 592
375 624
449 622
450 1016
378 795
404 794
551 1096
655 1177
868 1223
644 1460
1039 1092
824 1613
900 1393
772 1781
930 1826
780 1936
947 1869
1075 2023
1293 2550
1512 2342
1571 2373
1269 2954
1503 2985
1213 4348
1631 2880
1768 2666
1997 3330
1860 3293
2260 2706
1877 3638
1708 4504
1844 4206
2241 5159
2529 3082
2104 4272
2581 4275
2290 4081
2301 4281
3078 3964
2856 3496
2390 4592
2777 4382
2593 4569
2996 4029
2493 5287
2496 5345
3153 4135
2675 5248
2822 5732
2920 4764
2778 5635
2601 6442
3162 5392
3606 5591
3173 5453
3456 5446
3351 6348
3653 5297
3577 5988
4267 5153
3844 5943
3426 7060
3605 6714
3727 6394
3468 7021
3958 6441
4255 5777
3775 7592
4734 6004
4035 7001
4057 7488
5725 5886
4083 7586
4903 6324
5108 7733
4560 7465
5376 7162
5558 7353
5175 7626
5786 7288
5749 7502
6853 6775
1162772251 1923562747
1
sift 251
1095 514
99 52
211 62
1343 702
192 77
180 91
2366 931
251 114
304 162
2467 979
296 177
319 185
2330 1076
308 195
335 184
3247 1287
324 271
349 267
3246 1383
397 299
476 262
3009 1526
519 261
521 280
3348 1475
441 338
500 330
3831 1523
481 349
511 352
3754 1559
573 343
602 332
3846 1915
728 359
843 358
4525 1796
454 648
619 492
3380 2547
682 465
819 436
4284 2148
632 542
867 459
5120 1930
978 439
788 502
3912 2447
753 528
851 515
5193 2122
726 598
861 583
5825 1996
1210 479
731 716
5042 2205
958 675
1179 591
5187 2185
863 760
1108 639
4982 2261
904 771
1144 691
4829 2518
1053 750
1000 826
6920 2639
1157 802
1331 767
7872 2835
1348 782
1171 920
7643 3039
1227 977
1337 976
7109 3741
1838 790
1509 990
1427 1043
1775 908
1611 1004
1567 1026
1966 856
1493 1102
1881 954
1390 1226
1437 1221
1787 1098
2350 918
1444 1292
1704 1180
1856 1118
2035 1113
2215 1125
1406 1551
2224 1161
1755 1343
1558 1524
2245 1219
2391 1184
3050 1156
2093 1447
1972 1500
1983 1584
2384 1430
2184 1568
2352 1589
2117 1702
2323 1639
3481 1331
1672 2367
2237 1783
3292 1424
2322 1812
2518 1697
2494 1716
2796 1605
3506 1498
2720 1748
2739 1743
2944 1685
3602 1591
2770 2037
3095 1854
3634 1710
2960 1938
3625 1723
3340 1847
3799 1712
3306 1876
2683 2348
3120 2153
2623 2537
3599 2041
4663 1750
2654 2652
4600 1811
3697 2146
3429 2283
3464 2263
2629 3116
4339 2175
3508 2608
3845 2449
4277 2376
4539 2279
4404 2364
4905 2201
4215 2455
4305 2499
4175 2719
4892 2479
3747 3109
3879 3003
3895 3001
3758 3182
4231 2832
4272 2824
3543 3466
4416 2802
4994 2672
5119 2636
4092 3192
5133 2749
4632 2969
4914 2871
4834 2914
5088 2839
4620 3038
4760 2988
4169 3373
6902 2360
5003 2929
3521 4062
5813 2633
5331 2937
5804 2742
2512 6626
5720 2851
4806 3393
4674 3499
5449 3057
5426 3086
4657 3541
4224 3815
4930 3428
4355 3781
5320 3287
4234 3935
5521 3199
4561 3802
5677 3357
7045 2846
5057 3809
4457 4201
5464 3663
5322 3883
5206 3948
5335 3892
6697 3303
5150 4296
3653 6289
7745 3136
4519 4979
6860 3524
7229 3389
6362 3735
5763 4134
7106 3617
5890 4198
7503 3585
6365 3997
6276 4126
5406 4876
6425 4161
7365 3845
4430 6067
5126 5540
5224 5499
5520 5417
6284 4686
8092 3819
7191 4262
5100 6006
7028 4427
7001 4518
4790 6581
7512 4376
7006 4747
7247 4604
7230 4728
7677 4464
6651 5096
7145 4913
6705 5245
7835 4533
7923 4678
7546 5120
7624 5124
7475 5279
7855 5059
7669 5461
7079 5847
7406 6547
6560 7849
7586 7369
8023 7094
7985 7779
