1242253086 2009681629
1
sift 784
13 9
40 27
33 24
26 23
44 51
49 43
50 49
57 67
52 60
63 57
83 74
79 81
78 85
96 91
116 94
81 82
109 111
199 175
150 127
113 112
111 116
235 203
180 147
143 106
133 132
276 200
184 177
151 124
147 133
289 204
209 212
141 151
164 138
287 258
255 191
149 155
166 153
293 268
251 259
176 156
174 169
298 260
281 316
170 173
185 168
270 295
322 281
188 192
205 180
363 242
334 447
196 198
207 184
329 272
519 350
202 209
231 239
319 285
516 359
249 234
271 236
384 292
535 496
286 229
272 245
350 328
489 578
265 275
282 261
351 331
514 579
302 249
288 271
388 313
576 612
258 309
294 279
472 323
583 658
352 278
380 280
413 370
624 709
247 476
379 287
416 442
666 665
315 341
299 354
428 499
658 692
330 327
381 296
481 463
721 766
324 371
318 393
491 459
781 705
340 368
354 376
529 450
792 837
395 374
371 430
517 482
850 898
425 380
397 410
525 477
862 888
427 383
390 438
505 531
915 1007
386 458
414 433
599 435
891 1059
410 483
465 434
542 544
889 1085
421 507
426 505
566 524
947 1021
454 488
433 516
617 607
935 1110
469 469
455 504
608 628
911 1135
464 500
460 506
685 568
1114 973
452 518
462 525
646 642
1101 1108
523 439
466 542
627 706
1013 1247
528 468
482 552
703 650
1063 1236
496 536
522 502
692 662
1049 1267
504 555
581 494
761 643
1183 1276
527 550
474 677
697 731
1259 1341
530 584
545 570
716 797
970 1922
553 573
557 581
702 815
1462 1367
521 633
678 480
719 807
1517 1419
625 534
568 611
778 748
1318 1664
503 716
612 575
790 793
1729 1360
526 689
600 626
757 858
1184 2138
636 599
662 559
811 840
1512 1592
555 733
570 702
817 835
1431 1840
549 764
574 719
714 977
1727 1556
656 600
541 799
864 838
1733 1727
597 708
756 556
881 870
1690 1795
707 587
586 745
845 934
1797 1835
659 637
609 747
848 931
1637 2192
594 780
619 742
1136 919
2023 1911
611 769
739 629
1038 1073
2036 1977
713 660
667 700
964 1209
1833 2237
691 682
639 806
1113 1124
2239 2000
690 724
722 701
1075 1162
1944 2236
679 770
752 703
1097 1154
2352 2004
683 778
606 964
1008 1274
1933 2357
772 729
664 854
1135 1241
2194 2290
675 848
765 753
1158 1255
2070 2417
660 882
673 904
1197 1286
2217 2361
677 899
858 723
1240 1232
2067 2659
701 895
695 916
1228 1251
2462 2392
696 924
762 867
1179 1429
2393 2497
840 790
763 926
1093 1562
2438 2447
785 883
768 942
1401 1252
2197 2819
740 992
849 864
1298 1378
2332 2660
897 824
818 917
1247 1456
2421 2553
789 971
746 1077
1323 1442
1995 3135
760 1055
969 828
1288 1499
2342 2688
1012 826
833 988
1232 1788
2172 2947
782 1060
826 1042
1632 1414
2200 2930
927 938
940 928
1583 1465
2381 2776
814 1058
784 1146
1547 1569
2400 2883
806 1113
965 950
1533 1593
2988 2400
842 1089
819 1118
1417 1779
2643 2745
1165 812
860 1065
1488 1701
2474 3176
820 1137
856 1111
1557 1632
2609 3049
896 1030
963 1019
1653 1559
2521 3169
871 1165
1048 983
1568 1719
2919 2786
949 1081
895 1179
1677 1626
2944 2826
1076 986
887 1194
1428 1916
2689 3070
955 1116
1211 920
1446 1893
3005 2863
909 1190
852 1355
1503 1863
2902 2924
925 1205
948 1180
1619 1740
3022 3117
975 1150
986 1159
1590 1812
3206 3074
1054 1091
934 1244
1688 1760
3407 2926
921 1317
1052 1141
1728 1712
3285 3075
1030 1199
982 1291
1722 1801
3277 3145
978 1331
1070 1234
1434 2113
3303 3195
1133 1170
1291 1028
1990 1541
3242 3307
829 1809
958 1478
1756 1864
3399 3279
1034 1396
1066 1350
1752 1970
3423 3583
1084 1333
1220 1183
1967 1837
3333 3810
1160 1264
1376 1036
1867 1997
3441 3743
1148 1318
1073 1418
2022 1866
3464 3832
1157 1328
1051 1454
1925 2046
1142 1364
1338 1130
1825 2200
1167 1357
1229 1277
2064 2140
1225 1313
1194 1388
1985 2258
1115 1476
1149 1540
1992 2378
1302 1381
1384 1340
2318 2137
1239 1504
1392 1377
2040 2377
1289 1462
1396 1385
1979 2521
1082 1925
1188 1728
2153 2381
1356 1445
1304 1529
2250 2313
1205 1770
1274 1613
2204 2418
1244 1700
1468 1430
2248 2425
1286 1617
1339 1552
2148 2647
1242 1737
1427 1501
2947 2053
1146 2002
1454 1493
2860 2096
1606 1400
1332 1651
2214 2682
1368 1673
1445 1595
2359 2536
1312 1821
1681 1472
2369 2593
1362 1807
1267 1972
2083 2991
1490 1634
1307 1918
2196 2955
1491 1685
1511 1663
2635 2477
1440 1775
1340 1926
2603 2538
1301 1983
1413 1832
2770 2502
1535 1693
1411 1873
2498 2782
1508 1778
1523 1754
2773 2516
1278 2084
1343 1992
2663 2649
1684 1600
1437 1923
2563 2804
1627 1753
1348 2095
2348 3053
1738 1704
1572 1886
2399 2967
1811 1648
1537 1960
2394 2983
1582 1908
1481 2024
3009 2468
1566 1944
1655 1861
2781 2645
1645 1874
1897 1628
2672 2787
1836 1716
1723 1870
2811 2752
1600 2011
1522 2094
2894 2756
1614 2016
1772 1872
3151 2606
1612 2033
1751 1948
2753 2977
1344 2368
1579 2093
2536 3260
1457 2235
1617 2100
3134 2721
1770 2008
1597 2169
2379 3629
1779 2029
1456 2350
2904 2945
1787 2023
1589 2228
2940 2923
1474 2370
1832 2078
2892 3028
1974 1890
1885 2017
2832 3139
1563 2344
1922 1986
2793 3250
1767 2165
1939 1975
2851 3182
2084 1838
1905 2025
2976 3077
1584 2364
2118 1825
3227 2964
1861 2097
1403 2725
3354 2900
2077 1878
1739 2247
3106 3108
1989 2013
1737 2301
3001 3321
1854 2191
1754 2336
3030 3305
1856 2230
2128 1968
2807 3570
1932 2151
1947 2141
3209 3259
1882 2212
1757 2401
3405 3271
1809 2323
2098 2063
3249 3525
1755 2483
2071 2129
3328 3440
2072 2130
2205 2036
3409 3347
2013 2193
1904 2321
3440 3317
1934 2284
1863 2410
3079 3825
1957 2286
1857 2456
3264 3739
2177 2119
2018 2251
3489 3651
1942 2352
1891 2442
1894 2445
2176 2179
2046 2277
1982 2358
2164 2199
2028 2342
1871 2632
2587 1979
1955 2496
1950 2554
2092 2373
2060 2430
2039 2489
2255 2274
2133 2396
2193 2348
2588 2076
2357 2226
2323 2246
2243 2333
2292 2305
2150 2450
2261 2359
2047 2610
2523 2182
2198 2464
2310 2399
2272 2465
2132 2616
2590 2215
2136 2651
2445 2332
2279 2493
2052 2781
2241 2548
2368 2414
2188 2637
2185 2640
2606 2240
2154 2734
2640 2250
2455 2436
2355 2546
2252 2678
2503 2404
2316 2617
2324 2685
2259 2794
2109 2966
2340 2764
2442 2623
2264 2861
2429 2650
2469 2585
2465 2615
2319 2817
2515 2570
2485 2600
2592 2515
2449 2663
2398 2719
2254 2912
2508 2611
2483 2641
2082 3205
2120 3141
2890 2326
2589 2577
2435 2746
2168 3083
2730 2486
2591 2621
2628 2591
2527 2710
2727 2532
2596 2671
2089 3364
2533 2748
2158 3272
2525 2785
2612 2701
2509 2835
2698 2633
2382 2982
2312 3103
2693 2696
2126 3453
2479 2919
2561 2873
2251 3292
2086 3596
2578 2896
2370 3215
2817 2697
2936 2636
2570 2973
2236 3499
2585 2985
2569 3017
3000 2620
2759 2884
2478 3228
2417 3322
2598 3062
2480 3251
2562 3152
2433 3366
2799 2903
2649 3063
2702 3024
2795 2956
2676 3104
3124 2743
2645 3157
2537 3374
2625 3258
3102 2827
2506 3485
2558 3425
3238 2774
2791 3121
2718 3252
2737 3226
2714 3310
2766 3256
2688 3380
2991 3019
3046 2978
3244 2881
2878 3150
2858 3183
3038 3005
2623 3494
2849 3220
2617 3567
2898 3231
2924 3210
2820 3332
2695 3578
2774 3487
2746 3555
3042 3234
2852 3438
3116 3177
2812 3502
2956 3323
3071 3223
3149 3159
2870 3452
3421 2929
2980 3352
2899 3460
2926 3443
2670 3755
3158 3247
2653 3795
3241 3224
3282 3198
2979 3482
3086 3405
3139 3369
2950 3535
3085 3432
3029 3528
3010 3551
2769 3799
3224 3376
3199 3412
3174 3472
3008 3626
2984 3663
3350 3340
2996 3682
3170 3553
3369 3337
3290 3454
3125 3604
3162 3585
2955 3760
3372 3382
3342 3457
3191 3624
3361 3448
2909 3824
3294 3561
3461 3329
3075 3754
3261 3622
3286 3633
3257 3674
3281 3696
3201 3767
3459 3473
3288 3720
3308 3705
3396 3687
3384 3730
3349 3793
3389 3813
3473 3723
3447 3783
