1256872597 1475597139
1
sift 556
50 46
38 33
57 72
53 93
130 108
221 139
106 55
76 83
257 265
138 124
186 172
205 152
231 147
319 321
192 165
238 167
233 164
275 177
340 298
222 221
273 239
279 194
302 268
352 299
258 232
417 462
296 261
405 337
328 328
418 310
367 530
320 368
469 332
460 586
395 346
896 513
434 383
561 481
628 571
513 300
693 706
384 437
827 714
660 598
431 389
787 801
364 473
836 863
643 653
422 413
934 788
397 440
1038 970
695 713
420 449
922 1303
470 406
1117 1125
791 692
450 434
1043 1221
374 594
1604 1781
738 853
502 558
1874 2067
459 799
1786 1786
879 762
555 606
1936 2020
659 491
1897 1887
851 793
494 730
2308 2097
749 486
3161 2531
992 819
605 670
2858 2846
677 647
5100 1822
956 865
699 844
2862 2963
776 828
3564 2819
888 1011
969 764
2991 3449
861 848
3032 3441
1008 1015
769 1003
3352 3418
700 1326
3486 3515
951 1079
945 976
3212 4209
1016 889
4032 3361
980 1111
944 995
3478 4204
885 1064
4565 3371
1138 1143
1007 974
4324 3739
964 1075
4609 3561
1085 1195
1029 1025
5042 4131
1120 957
4477 3947
1189 1181
1097 986
4548 4701
1161 922
4617 4229
1074 1488
1133 1031
5155 4328
1111 1087
4036 5168
1314 1404
1363 948
4775 5043
989 1349
4796 4538
1549 1207
1146 1128
4288 5763
1182 1094
5020 4624
1473 1458
1205 1085
3737 7316
1107 1254
5306 4645
1607 1582
1310 1086
5763 4429
1270 1186
5232 4885
1397 1809
1158 1309
4840 5502
1263 1363
3843 7193
1452 1771
1354 1277
4499 5970
1424 1223
4954 5517
1769 1609
1340 1325
4605 5963
1406 1262
5175 5371
1892 1577
1366 1301
5500 5036
1253 1449
6942 4026
1982 1762
1335 1411
4590 6383
1401 1344
5273 5523
1812 1999
1392 1364
5740 5873
1361 1443
5436 5933
2029 1983
1186 1661
6915 5198
1492 1313
6396 5614
2117 1954
1231 1645
6630 5498
1428 1455
5972 6244
2153 2049
1413 1521
5749 6583
1527 1445
7085 5396
2178 2948
1480 1522
5649 6837
1422 1649
6562 5733
3118 2117
1530 1558
6324 6146
1548 1549
6104 6353
2854 2274
1568 1556
6335 6598
1646 1518
5311 7952
3378 2047
1662 1529
7092 6954
1545 1638
6663 6858
2715 2632
1637 1581
6783 7380
1735 1510
6965 7335
3006 2410
2088 1331
6466 8002
1883 1464
7759 6476
2832 2568
1685 1612
7350 7775
1740 1595
7505 8272
2622 2969
1728 1608
2083 1424
3608 2228
1855 1604
1816 1659
2775 2942
1711 1779
1732 1777
2958 2770
2004 1717
1917 1802
2833 3458
1959 1849
1693 2217
3269 3115
1895 1975
1836 2121
3113 3343
2151 1835
1742 2277
3094 3390
2043 1949
1972 2025
3785 3081
1983 2075
2296 1775
3270 4313
2225 1871
2330 1780
3319 4431
1881 2224
1801 2352
4042 3641
2037 2098
2145 2008
3713 4665
2144 2053
2440 1783
4211 4083
2235 2003
2216 2069
4529 3914
2060 2241
2424 1878
4364 4069
2186 2157
2129 2218
4544 4135
2371 1952
2299 2099
4672 4174
2328 2103
2263 2176
4441 4627
2197 2288
2309 2207
4506 4663
2503 2137
2402 2236
5103 4082
2301 2476
2532 2449
4953 4269
2987 2138
2161 3223
4365 5081
2447 2693
2865 2302
4131 5378
2681 2479
2679 2504
5147 4576
2304 3094
2720 2550
4985 4934
2329 3123
2369 3126
4526 5613
3024 2389
2952 2483
5629 4404
2789 2677
3503 2320
5352 5028
3114 2575
3460 2422
4584 6302
2806 2962
3147 2680
5095 5990
3019 2789
3084 2800
5483 6217
2843 3053
2845 3052
5590 6359
3598 2515
3536 2580
6328 5597
3200 2848
3202 2881
5700 6329
3481 2673
3260 2874
6514 5583
3263 3017
2962 3344
6154 5877
3885 2540
2772 3658
6241 5818
3014 3372
2877 3638
6449 5773
3490 3060
3205 3315
6594 5852
3158 3413
2988 3629
6096 6392
4225 2567
3355 3267
6858 5789
3391 3265
3480 3352
6553 6015
3556 3285
3596 3339
5925 6852
3393 3624
2859 4305
6413 6442
3572 3509
4325 2880
6114 6942
3400 3709
3533 3639
5991 7295
3806 3394
3823 3522
6988 6124
3752 3644
3886 3545
6063 7450
3388 4208
3190 4636
6779 6783
3563 4129
4667 3243
6185 7789
3441 4432
3640 4177
6618 7386
3373 4676
4269 3617
6898 7466
4354 3592
3940 3869
7418 6907
3918 3888
4416 3611
6585 8030
4401 3623
4229 3747
7737 6946
4567 3606
4450 3752
7816 8136
3928 4237
3145 5839
3932 4291
3964 4271
3720 4779
4030 4295
4195 4164
4309 4070
4066 4338
4361 4066
4154 4286
4226 4247
4086 4396
4513 4102
4001 4730
5369 3717
4090 4945
4594 4409
4486 4553
5166 3967
4866 4215
5534 3800
4254 4996
4435 4830
4628 4656
4599 4864
5217 4219
4806 4643
5265 4293
4622 5034
4474 5286
5518 4190
4712 5077
4714 5080
5278 4482
5307 4465
4618 5295
5080 4801
4913 4998
5798 4120
4410 5565
5183 4768
4717 5308
5642 4334
5193 4888
5150 5084
4836 5473
4848 5487
5473 4859
5290 5111
4764 5676
4488 5984
5277 5136
5460 5003
5622 4831
5366 5174
5411 5159
4829 5894
5089 5590
5926 4735
4011 7301
5248 5467
4326 6800
5274 5521
4809 6134
5479 5526
4900 6263
5416 5631
4671 6638
5234 5888
5618 5560
5375 5866
4894 6719
5355 6045
5947 5515
4975 6784
6523 5078
6578 5068
5989 5606
6113 5592
6376 5456
6750 5264
5185 7211
5637 6430
5554 6628
5927 6173
5485 6949
6518 5697
5817 6484
5862 6495
6255 6056
6346 5980
5766 6690
5830 6635
5715 6830
5953 6489
5576 7343
6129 6510
5315 7911
6659 6084
6624 6176
5614 7798
6548 6462
6665 6384
6933 6232
6300 6982
6336 6972
6073 7349
6141 7253
6029 7556
6262 7276
5588 8230
5955 7742
6623 6808
6727 6702
5854 7931
6673 6774
6419 7333
6220 7653
6473 7331
6299 7681
7173 6594
6721 7144
6627 7366
7217 6675
6799 7243
7457 6520
7044 7088
7294 6752
6699 7502
6868 7322
7249 6854
7277 6795
7202 6955
7280 6878
6646 7754
7186 7115
6098 8286
7679 6472
7227 7093
7257 7152
7125 7381
7179 7402
6788 7991
7182 7630
6751 8110
7040 7848
7566 7186
7743 6900
6786 8139
7279 7618
7509 7430
7454 7669
7321 7990
7755 7419
7763 7414
7234 8183
7650 8186
7776 8354
1256872597 1503000354
1
sift 64
3212 1456
74 41
319 142
4071 2202
340 177
888 582
4499 2951
1085 531
951 662
5749 3146
981 685
1006 786
6335 3066
1452 649
1524 635
7350 3083
1298 812
1431 873
5649 3833
1473 918
2117 1256
6630 4104
2643 1224
4225 1201
6617 6798
2824 1563
2715 1861
3679 1726
3939 2285
4042 2444
4443 2423
4441 2532
3269 3362
6114 2308
6449 2240
5095 2733
5114 2831
5496 2954
6328 2685
4985 3452
5525 3189
5925 3045
5201 3548
5329 3724
5590 3657
6241 3422
6988 3173
6096 3633
6267 3860
7067 4065
5352 5243
7510 4078
6864 4355
6554 4686
6413 4789
6394 4831
6063 5182
6995 4677
6996 4717
7317 4553
7230 5102
6351 6288
6899 6270
7639 6969
1256872597 1584042216
1
sift 209
97 35
50 24
74 43
57 46
569 342
90 57
112 71
140 94
474 406
302 123
165 93
186 178
911 436
275 151
262 146
319 150
1598 584
417 175
340 154
439 168
1503 625
538 282
475 173
376 212
1192 742
492 329
1138 525
675 300
1251 787
694 564
952 694
1043 512
2051 927
922 555
959 723
934 585
2283 1456
1038 729
1224 715
1062 832
3022 1352
1226 794
1551 798
1365 796
2614 1818
1383 828
1431 884
1140 1000
3589 2747
1289 948
1550 928
936 1295
4984 2325
1681 856
1779 1172
1151 1186
3878 2926
1874 914
2698 951
1831 950
4094 3125
1181 1417
2153 1170
1857 1262
4259 3219
2015 1250
2294 1127
2178 1174
4239 3448
1957 1501
2117 1253
3719 1009
4414 3517
2579 1259
1670 1962
2396 1386
4181 3746
3078 1272
2338 1754
2933 1421
4875 3432
3142 1426
3681 1514
2726 1613
4888 3444
2780 1746
2812 1829
2991 1695
5399 3143
3265 1605
2833 1834
3295 1687
5145 3352
3161 1771
3159 1769
2979 1885
5135 3579
2862 1972
1930 2993
2097 2952
5398 3483
3124 2023
3747 1871
3767 1805
6631 4084
3855 1814
4526 1850
3046 2293
4964 5818
3669 2069
4541 2127
3352 2251
6409 4549
4811 1840
4543 2133
4249 2006
7097 4359
4324 2025
4796 2159
4015 2161
6190 5053
4025 2222
4608 2224
4653 2491
7582 4394
5500 2261
5572 2269
4501 2586
7828 4991
4379 2760
5095 2418
5329 2387
4775 3234
3850 3225
5157 2567
5462 2854
5114 2579
4477 2906
4393 3556
4560 2889
4953 2784
5972 2712
5306 2679
5228 2750
5283 3041
5613 2676
5496 2959
5749 2975
6094 2723
3389 4754
5444 3435
5525 3050
5436 3244
6396 3052
4933 3600
6351 2929
5360 4101
5991 3114
3942 4503
6128 3722
5925 3442
6096 3663
4634 4719
5556 4021
6779 3453
5763 4030
6146 3765
5885 3921
6915 3524
6063 3829
6267 3835
6434 3797
7627 3332
5803 4308
6890 3939
7297 4076
6953 3969
5936 4434
6712 4291
6942 4144
5919 4934
6973 4217
6514 4463
6023 5300
6378 4803
6618 4660
5651 5777
6988 4455
7510 4224
6943 4886
6585 4705
6000 5441
7826 4607
6553 5097
6741 5255
6767 5699
7444 4815
7418 5135
7595 6037
7132 5332
6703 5677
7095 6530
7230 5368
7215 6013
7253 6585
7469 6102
6864 6630
6971 7592
7427 7689
1256872597 1646429863
1
sift 195
3669 2416
87 62
1263 2773
339 883
107 75
5299 2555
185 100
1336 2550
761 888
149 134
5749 4083
195 113
1801 2315
1092 1242
143 179
7505 3817
234 224
1648 2692
1253 3413
296 211
405 249
1741 2819
1728 3524
469 237
518 277
2216 4555
2228 3771
428 344
646 464
2813 4728
3598 5710
420 732
641 527
2772 6565
3373 7321
635 597
590 762
4629 6665
4667 5075
697 863
686 874
5958 6736
4724 7639
862 914
747 1083
668 1381
878 1040
1268 811
944 1138
856 1285
973 1185
1348 937
1586 829
1160 1107
1182 1126
1390 1055
1309 1122
1294 1153
1541 1018
1204 1341
1786 994
1338 1296
1424 1263
1459 1252
1153 1650
1880 1101
1742 1171
1897 1222
1396 1901
2005 1327
1480 2083
2395 1302
2138 1466
1710 1944
1568 2274
1646 2232
1595 2485
2042 2032
2043 2362
3023 1640
2639 1857
1888 2589
1980 2534
2478 2038
2551 2048
1868 2950
2651 1986
2801 1924
2619 2043
2697 2202
2251 2689
2418 2459
2117 3075
3310 1949
2954 2168
2761 2339
3572 1994
3579 2174
2690 2918
3214 2565
2729 3211
2204 4412
3293 2744
2890 3239
2658 3692
3843 2630
3451 3046
3414 3195
2845 3833
3805 2885
3169 3605
4037 2843
4116 2988
3816 3333
2900 4415
4596 2951
5315 2616
3049 4777
4175 3536
3229 4574
3864 3791
3823 3842
4314 3575
4030 3750
5186 3150
4164 3741
6094 2711
4229 3825
3424 4859
3532 4679
3940 4265
5436 3394
4132 4303
4801 3860
5473 3502
3642 5100
5058 3774
4941 3864
3793 4885
5273 4029
5290 4034
5182 4246
5571 4118
4019 5518
6792 3590
4931 4628
4620 5021
5457 4352
4713 5042
4889 4901
6122 4147
5822 4423
5062 5113
4371 5804
5989 4342
4681 5550
5452 5232
5335 5378
5606 5246
5854 5040
4866 6166
7008 4467
4450 7024
4774 6569
5110 6291
5004 6524
5172 6352
6979 4853
5581 5958
5265 6456
7417 4640
5862 5687
5199 6588
4923 7074
6238 5673
6067 5885
6885 5469
5928 6734
6084 6605
6443 6475
7184 5840
6231 6971
6141 7347
6526 6917
7090 6419
7264 6286
6169 7486
6665 7273
7487 6495
6826 7186
7268 6818
7607 7506
7840 7018
7684 7473
7765 7329
1256872597 1735922398
1
sift 556
32 20
175 170
10 8
390 393
97 110
88 108
362 346
186 198
107 102
348 436
187 221
106 117
385 422
224 239
149 127
430 449
218 294
140 162
495 524
241 318
143 165
546 659
246 331
133 179
610 551
292 320
135 183
854 684
302 376
184 153
569 617
275 369
162 181
1123 1027
713 725
195 243
958 805
417 519
214 286
1193 1129
825 825
237 265
957 852
537 531
242 295
1147 1361
911 1033
234 323
1132 1063
591 679
258 326
1216 1543
922 1191
296 311
1187 1163
675 660
329 296
2074 1843
1038 1152
319 339
1357 1319
714 808
297 401
2229 2092
1470 1438
303 467
1478 1807
693 970
332 452
2238 2338
1383 1649
365 432
1680 1711
1034 745
408 439
2851 2711
1600 1909
444 437
1503 2077
787 1057
397 492
3553 2443
1739 1863
405 516
1771 1827
934 1050
420 515
2725 3646
1996 1723
475 517
1793 1906
909 1103
470 593
3735 3451
1729 1996
469 632
1933 1803
1043 1121
518 552
3712 3600
1875 1951
565 540
2187 2179
961 1509
641 496
5309 4830
1754 2236
635 693
2115 2424
1226 1409
600 772
5874 4722
2644 1753
607 816
2078 2537
1167 1551
776 664
6035 4874
2353 2209
570 964
2607 2217
1140 1675
716 747
6707 4828
2397 2288
749 761
3022 2337
1181 2033
669 889
5207 6317
2614 2725
659 918
2811 2679
1681 1595
690 888
4795 7117
2893 2824
680 908
3256 2740
1573 1702
766 835
5465 6574
2713 3280
878 851
3240 2919
1831 1734
770 998
5672 6314
2925 3215
813 942
3466 3266
1857 2060
685 1115
7474 5657
2858 3538
827 991
3086 3601
2227 2467
862 999
7617 6791
2991 3671
944 985
2907 3965
2653 2802
899 1065
3142 3584
993 986
3594 4129
3478 3403
1080 1021
4032 3558
945 1169
3589 4284
3161 4207
1280 1007
4493 3893
1342 966
4181 5242
3046 4598
998 1257
3826 4998
875 1444
5345 4173
4025 4073
1058 1176
4180 4581
1029 1237
5107 4528
4590 4237
1092 1208
4040 4928
1138 1187
5135 4565
4386 4656
1133 1262
4950 4929
928 1677
4875 5173
4499 4968
1011 1539
4957 5095
1153 1291
5434 4880
4324 5252
1228 1261
5145 5270
1388 1147
5399 5041
5078 4768
1182 1451
5384 5188
1275 1340
5112 5456
5500 4905
1309 1329
6028 4868
1204 1493
5398 5552
4840 5522
1160 1557
5639 5399
1338 1415
4984 6157
5409 5434
1425 1311
5668 5706
1006 2066
5432 6257
4775 6211
1363 1433
6066 5780
1266 1608
7071 5866
5749 5384
1179 1730
6128 5804
1264 1653
6848 6282
5155 6024
1459 1411
5972 6284
1397 1479
6631 7346
5299 5862
1361 1593
6396 6267
1396 1611
7512 7184
5462 5904
1475 1550
7543 6798
1473 1586
5444 6536
1584 1443
7174 7217
1710 1374
5763 6218
1354 1815
7463 7190
1401 1783
5649 7001
1424 1773
7534 7367
1550 1652
7092 6577
1545 1724
1481 1823
6915 7111
1786 1559
1585 1747
6999 7112
1431 2031
1569 1865
7470 6741
1624 1852
1646 1844
1707 1774
1701 1872
1568 2124
1742 1859
1541 2201
2087 1651
1712 1939
1726 1941
1637 2180
1385 2674
1914 1953
2165 1809
1896 2133
1983 2102
1960 2148
1888 2278
2042 2169
2138 2080
2128 2216
2052 2317
1935 2444
2068 2343
2162 2285
1883 2578
2028 2463
1893 2619
2175 2364
2388 2139
2182 2389
2117 2453
2011 2552
2173 2442
2060 2530
2123 2507
2525 2086
2338 2342
2153 2642
2005 2898
2495 2350
2345 2550
2327 2576
3139 1972
2251 2786
2080 3151
2719 2387
2470 2568
2732 2412
2234 2975
2697 2579
2408 2921
2720 2586
2402 2956
2478 2893
2418 3006
2761 2637
2699 2708
2551 2966
2658 2886
3511 2374
2482 3192
2633 3041
3030 2647
2993 2730
2877 2854
3248 2594
2639 3216
2900 3130
2430 3764
2890 3324
3214 3052
2553 4056
3270 3294
3110 3498
2777 3977
2753 4096
3804 2974
3117 3700
3088 3739
3118 3744
3000 3908
3353 3722
3805 3286
2729 4678
3205 3899
3666 3495
3198 3980
3006 4254
3313 3885
3247 3979
3200 4085
3439 3826
3540 3741
3847 3493
3522 3841
4164 3313
3414 3988
3564 3859
3203 4500
3532 4047
3563 4001
3642 3964
3482 4201
4207 3543
3533 4197
3816 3975
3780 4039
3940 3845
3588 4361
3441 4677
4191 3761
3793 4140
3905 3986
4175 3882
3159 5378
3782 4360
4019 4143
3864 4348
3480 5111
4359 3933
3490 5199
4143 4177
4222 4166
4873 3752
3806 4736
3854 4684
3824 4796
4848 3853
4541 4111
3517 5433
4247 4367
4801 3960
3918 4757
4037 4660
4621 4186
4435 4365
4709 4163
3747 5294
4622 4330
4609 4390
4596 4417
4271 4898
4371 4805
4314 4863
4154 5075
4612 4644
4556 4700
4450 4808
4900 4397
4434 4837
4681 4610
4572 4764
4618 4789
4994 4445
4230 5230
4931 4543
4477 5061
5290 4363
4505 5142
4796 4876
5172 4556
5020 4705
5281 4507
4729 5067
4340 5427
4830 4989
5089 4741
4981 4909
5137 4781
5265 4737
5004 5012
5010 5167
5315 4850
4951 5262
4953 5277
5199 5046
4836 5394
4954 5324
5214 5128
4941 5372
4526 5873
5175 5363
5293 5317
5512 5104
5473 5169
4472 6186
5618 5073
5110 5501
5891 4872
5525 5259
5560 5241
6094 4742
5496 5338
5311 5462
5436 5382
5375 5505
5930 5058
5232 5775
5255 5765
5276 5766
4792 6522
5324 5820
5354 5814
5233 5978
5273 6133
5062 6534
4810 6954
6098 5480
5058 6713
5193 6569
5335 6323
5286 6507
5011 6919
5217 6668
5637 6106
5554 6243
6238 5567
5114 6993
5533 6434
5862 6005
5597 6387
6104 5835
5369 6810
4933 7438
5830 6242
5487 6844
6081 6059
6239 5945
5181 7347
5699 6642
6141 6081
5365 7147
5928 6381
6294 6018
7184 5435
6826 5637
6449 6002
6514 5943
6311 6185
6482 6049
5989 6595
5007 7662
7432 5438
6985 5729
6477 6145
6160 6563
6114 6644
6469 6357
6587 6377
7132 5922
6368 6679
7012 6152
7090 6143
7268 6068
5861 7564
6534 7006
6710 6894
6822 6927
5955 7628
6663 7124
5925 7659
6526 7379
6480 7436
7814 5985
6791 7371
6954 7276
6885 7365
7264 7095
6779 7539
6872 7493
6989 7457
6979 7496
6741 7608
7008 7472
7492 7212
7336 7463
7428 7412
7811 7000
7418 7528
6814 7680
7627 7464
1256872597 1789068863
1
sift 108
32 29
132 199
195 253
97 129
246 320
362 385
292 290
638 861
390 404
520 527
348 458
826 771
827 847
491 693
1094 1133
957 794
1213 1150
1058 1636
1187 1177
1132 1460
1147 1499
1383 1350
1309 1371
1216 1613
1470 1354
1478 1746
2134 2177
1786 1288
2074 1826
1680 1667
1933 1489
2118 2305
1896 1744
2229 2087
1739 1880
1771 1867
2858 3365
2495 1664
2238 2515
1875 1936
2086 1829
4032 3443
2042 2048
2851 2960
2115 2016
2348 2467
5393 4507
3014 2656
2948 3066
2713 3173
3268 2854
5639 4592
2890 3354
3735 4009
2632 3899
3325 3086
4471 6833
2777 3726
3712 4098
3362 3141
3466 3074
5359 6131
3666 2897
4795 4527
3086 3499
2907 4272
5599 6313
3540 3188
5384 5248
5878 2571
5112 5112
5923 6323
4359 3458
5399 5299
3854 4140
5434 5098
6396 6117
4230 3922
6707 4764
3805 4392
5309 5891
6999 5987
4314 4133
6066 5635
5175 3927
4875 6810
6942 6591
4553 4796
6848 5930
4765 4668
5668 5943
7505 6999
5058 4428
7474 5858
4796 4738
5432 7288
4830 5054
7617 6977
4808 5293
6631 7293
5311 4902
5097 5495
5273 5585
6979 4337
5181 5846
7172 5064
5487 7287
7684 7322
1256872597 2102469315
1
sift 343
10 29
134 222
107 203
169 287
149 277
353 846
162 268
245 279
154 379
377 1138
184 332
274 479
233 444
398 1167
264 498
222 746
312 408
545 1207
258 539
279 724
317 636
622 1442
397 775
418 563
384 811
734 1338
422 760
502 942
458 805
808 1299
420 1013
513 1073
434 1005
824 1446
467 1034
560 1057
470 1075
887 1365
574 827
935 1010
749 921
904 1801
641 1215
668 1413
635 1363
1069 1749
659 1385
885 1200
686 1466
924 2148
993 1051
784 1640
737 1480
838 2572
697 1632
861 1519
878 1231
1024 2531
848 1346
1099 1329
776 1577
1325 1999
845 1496
1087 1454
944 1417
1201 2401
945 1571
953 1734
862 1794
1281 2330
882 1799
1195 1341
939 1789
1331 2200
1390 1618
1080 1546
916 1921
1546 2295
1204 1994
1095 1590
1158 1464
1462 2717
1774 1297
1032 1816
1146 1682
1566 2976
1182 2143
974 2236
1051 2017
1540 3187
1133 2308
1007 2334
1231 2034
1788 2593
1180 2187
1273 2146
1335 2011
1605 3333
1326 2038
1223 2250
1205 2353
1384 4325
1338 2106
1263 2207
1266 2434
1924 3011
1161 2815
1937 1570
1170 2866
1932 3080
1388 2641
1185 2848
1270 2732
1940 3431
1309 3308
1530 2249
1392 2752
1839 3719
1536 2596
1491 2564
1492 2585
2190 3079
1393 2992
1410 2770
1526 2538
2195 3060
1602 2526
1640 2386
1484 2725
1669 5814
1448 3070
1547 2567
1646 2463
1967 4721
1721 2383
1385 3265
1513 2935
2056 4834
1568 3186
1711 2812
1726 2735
2264 4577
1637 3702
2443 1968
1656 3222
3290 3721
1710 3615
1740 3038
1734 3203
3109 4931
2080 2971
1733 3283
2253 2413
2835 5577
2139 2889
1816 3289
2045 2842
2983 5319
2011 3144
1895 3372
1841 3629
2853 5786
1888 3513
1917 3463
1543 4767
2596 6842
1798 3784
1881 3656
1855 3701
3746 4579
2144 3361
2168 3253
1768 4196
3281 5489
2245 3311
2234 3373
2150 3552
2891 6937
2069 3704
2043 3728
1883 4244
3306 5887
2042 3969
2129 3927
2087 3986
3030 6624
1870 4829
2145 3984
2083 4216
3126 6496
2251 3805
2415 3610
1979 4617
3210 6415
2368 3815
2216 4335
2182 4359
3980 6411
2402 3995
2197 4457
2503 3680
3649 7923
2165 4877
2351 4204
2330 4382
4516 7344
2551 3838
2466 4180
2679 3747
5552 7158
2304 4690
2321 5230
2345 4942
6414 7541
2564 4344
2548 4471
2682 4430
6250 8059
2332 5602
2440 5205
2420 5413
2479 5229
2745 4926
2729 4600
3401 3674
2681 5115
2954 4135
2749 4625
2731 4990
3200 3950
3248 3963
2813 4861
2640 5312
2647 5375
2769 5016
4187 3280
2904 4784
2821 4998
2395 6249
2989 4811
2845 4972
2865 5018
3141 4629
2975 4819
3024 4770
2720 5554
2994 4854
2790 5482
3098 4941
3205 4664
3194 4803
3452 4506
2767 5709
3255 4878
2768 6191
3619 4292
3114 5535
3065 5655
5439 3258
3045 5726
3154 5598
3019 5978
3441 5277
3009 5998
3388 5474
3201 5755
3203 6082
3147 5924
3365 5645
2947 6892
3296 6045
3885 4833
3374 6213
2987 6967
3543 5757
3522 5949
3373 6742
3197 6973
3709 5849
3393 6809
3463 6506
4222 5236
3120 7764
3537 6437
4154 5321
3753 5895
3642 6187
3918 5652
3694 6261
4096 5523
4622 5443
3596 6859
3750 6360
4051 6057
3536 7544
4275 5910
3806 6919
3622 7759
3816 6963
3940 6915
3881 7138
4011 6761
3824 7610
4119 6891
3836 7641
4058 7259
3720 8113
4086 7389
4030 7607
4057 7513
4435 6768
4847 6141
4361 6998
4143 7483
4170 7497
4519 7110
4682 6580
4569 6996
4226 7754
4472 7362
4164 7961
5263 6028
4450 7480
4836 6798
4628 7203
5193 6302
4744 7156
4806 8034
5265 6388
4314 8094
5307 7433
4830 7584
4994 7884
5478 7382
5460 7135
4462 8176
5250 8076
5074 8077
5186 7988
7159 6279
5862 8088
6744 8063
7679 8075
