1308641291 1418904103
1
sift 57
389 229
2709 3793
1336 2375
861 457
1066 925
5654 6191
1913 2241
1947 631
1922 933
2976 3723
1848 1018
1632 1158
3382 3328
1721 1296
2474 1596
2903 4553
2651 1582
3599 1404
7359 6463
2114 2022
3168 1567
7488 6927
2675 1905
3936 1703
3385 1906
3637 1878
2607 2421
4176 1726
4545 1789
4447 1889
5543 1692
4610 1956
4578 2127
4271 2237
2842 3727
4547 2957
5651 2554
7513 2294
5576 3008
5861 2982
6183 2951
8315 2434
7136 2919
6028 3587
6841 3198
4443 4937
6839 3298
4964 6086
6547 4558
6328 5094
7176 4735
7601 4916
7378 5670
7286 6338
7997 6019
8154 7525
8370 8395
1308641291 1472528885
1
sift 251
3036 4010
1880 1589
14 21
54 181
112 158
95 103
2931 4665
5235 5204
87 152
106 162
148 147
279 399
2842 5745
5127 6557
136 177
387 480
311 400
268 431
4559 4777
300 420
560 581
411 558
403 350
6605 7255
390 444
538 1262
917 1046
397 546
425 680
801 938
1057 1268
518 585
572 565
773 1084
900 1509
601 552
488 727
919 1301
1412 1632
553 685
666 601
906 1464
1804 1731
554 719
652 840
1007 1379
1788 1973
752 856
674 989
1113 1328
3296 3019
739 884
805 1090
1173 1429
2946 3759
1193 814
1140 968
1186 1444
3479 3474
855 1321
1228 1271
1180 1639
3422 4396
1313 1230
1221 1477
1227 1607
3930 3954
1311 1369
1550 1299
1236 1857
4488 4165
1485 1492
1466 1568
1446 1697
4968 4525
1390 1832
1561 1625
1483 1794
5413 4479
1393 1882
1366 2078
1444 2024
5961 6403
1695 1942
1371 2178
1648 1762
7680 5398
1763 1925
1475 2043
1493 2054
6481 6453
1989 1986
1625 1993
1595 2114
7481 6422
1827 2372
1722 2236
1520 2901
7913 7739
1838 2415
1850 2348
1740 2589
1774 2665
1866 2471
3054 1618
1936 2398
2187 2143
1842 2661
1714 2967
1830 2695
2185 2345
2089 2480
2072 2498
2365 2382
2148 2545
1913 3140
1843 3512
2071 3060
2240 2662
1953 3344
2230 2849
1894 3629
1869 3665
3336 2110
2153 3204
2389 2890
1968 3730
2327 2997
2453 2785
2494 3134
2432 3117
2436 3179
2762 2831
2150 3944
2467 3525
2843 3022
2661 3478
3052 3112
3732 2828
3394 3137
3304 3438
2772 3818
2878 3847
2787 4276
2770 4297
3341 3671
3145 4050
2972 4273
3389 3912
3683 3709
3508 3941
3894 3603
3205 4534
3258 4565
3462 4400
3456 4420
3823 4068
3220 5009
3579 4439
3760 4443
3724 4312
3866 4302
3749 4594
3997 4248
4502 3959
3474 5163
3857 4585
3852 5156
3802 4677
4132 4228
3489 5796
4202 4407
3921 5278
4011 5403
3370 6179
3917 5422
3808 5915
4624 4541
5554 3745
4120 5424
4143 5474
4230 5261
4526 4902
5094 4381
4172 5439
3923 6105
4697 4936
4129 5814
4044 6046
4500 5402
4004 6190
4290 5689
4456 5621
5382 4663
5160 5122
4850 5298
4476 5844
4879 5437
4774 5542
4330 6044
4512 5850
4902 5454
5277 5093
4788 5629
4965 5457
4528 5921
4384 6154
3965 7209
5052 5650
4755 5980
4553 6545
4349 6857
4300 7028
5263 5804
4340 6984
4641 6633
4987 6140
4566 6722
4727 6642
4886 6369
4700 6817
5406 5938
4996 6734
4765 6794
4684 7118
4524 7622
4993 6705
4430 7729
5774 6129
5577 6304
6255 6240
5875 6285
5825 6754
5834 7040
5387 7532
5597 7357
6708 6073
6687 6065
5454 7741
6289 7136
5960 7011
5977 7418
6694 7435
6286 7291
6945 7309
7026 7276
7594 7432
7240 7350
6960 7728
7613 7853
8131 7131
1308641291 1647351560
1
sift 195
105 89
367 251
387 421
794 720
497 347
993 648
1124 449
953 558
1288 753
920 619
1002 868
1098 630
1581 635
1922 1147
1636 605
1207 847
1335 694
1300 816
1996 1684
1457 824
1522 855
1489 845
2030 705
2986 1826
1873 763
1632 1058
1768 878
2128 789
2930 2077
2083 849
1690 1050
2002 921
1732 1047
3726 2180
1885 1006
1347 1389
2332 999
1318 1421
3192 2459
1974 1056
2033 1173
3999 1932
2359 1121
3599 2457
1981 1260
2687 1045
4149 1870
2540 1116
3485 2825
2134 1256
2029 1355
3185 2641
1913 1436
4049 3554
2153 1299
1875 1521
5658 3096
3324 1319
4922 2941
2168 1382
2061 1477
4087 4890
3816 1640
4379 3917
2114 1549
2097 1582
6449 3101
3145 2017
5228 3602
2678 1313
2664 1372
6688 5763
3823 1784
5968 3478
2474 1569
2103 1798
6950 5871
4369 1937
7072 4078
2842 1480
2608 1608
7614 6163
3923 2188
5453 5630
2607 1610
3684 1461
4300 2178
7136 4408
2616 1925
2483 2050
5384 1948
7708 4199
3679 1710
2951 2174
4987 2152
5357 6036
3539 1917
3168 2221
5336 2284
6083 5534
3430 2210
3856 2160
4333 2695
7513 4747
4546 1889
3604 2497
5077 2506
6841 5391
3718 2554
4391 2313
5460 2552
7034 5653
4588 2242
4322 2382
6286 2288
5324 7730
4446 2666
5281 2702
4476 3075
7767 5927
5708 2551
5069 2804
5475 2823
6208 7672
5668 2713
4541 3312
7104 2445
7682 7723
4443 3425
5307 2903
6456 2733
5469 3013
4839 3502
5246 3441
5585 3091
5187 3334
6968 3069
5273 3373
4975 3618
6691 3171
5531 3368
5200 3687
4684 4761
6605 2899
6095 3154
6494 3495
4587 4259
4538 4569
5834 3846
5295 3957
5576 3878
6595 3523
6183 3490
5292 4059
7266 4728
5239 4237
6159 3688
7959 4848
4643 4980
6895 3563
8131 5138
7977 3217
6452 3854
7211 3608
6028 4185
6788 3971
6755 3985
5861 4700
6547 4389
6484 4510
6510 4659
6839 4538
6899 4771
7176 4723
6713 5326
7723 5109
7580 5233
7020 5615
8399 4439
7287 5648
7337 5939
6846 6376
8196 5584
8335 5586
8408 5228
7935 6073
7791 6214
7997 6151
6825 7113
7968 6500
8210 6575
8332 6537
8254 6811
8370 7086
8305 8307
1308641291 2080441786
1
sift 65
471 453
705 471
3 7
6275 5402
8 19
260 412
2168 1027
4067 3099
709 928
5749 7106
921 887
773 1426
1961 1663
4133 4020
978 1040
2386 4898
865 2393
2678 1531
6688 3318
1282 2516
2509 4823
1371 2435
2607 2220
8080 5000
1696 4173
3153 8567
2903 2424
3856 2057
7454 5919
2467 3919
4460 7912
2931 2967
5307 2262
4113 2613
4644 7599
2240 5216
4508 2777
2351 5081
3808 2987
4322 2892
3206 4772
5200 2803
3492 4302
4333 3940
4702 3396
4443 3911
4004 4904
4513 4328
6605 5983
4300 4574
4528 5194
7742 7234
3906 6279
4384 5448
6455 4922
4879 7223
6581 5649
5514 7624
7299 5748
5973 7376
5451 8575
5708 8242
5652 8666
6358 7462
6255 7975
