1375567567 1429073379
1
sift 183
100 175
12 17
6 13
79 225
58 97
145 172
660 649
65 98
788 894
131 184
693 758
997 880
136 235
933 1198
198 212
1033 907
929 985
286 374
890 2099
267 403
828 1408
1667 1258
312 392
1726 3343
395 494
1070 1350
1849 3242
429 592
2088 2798
480 500
1164 1328
3445 5010
630 682
1689 3582
525 921
1230 1528
4171 5026
608 770
4705 4222
821 931
1727 1495
4456 4873
982 1199
4528 5875
1009 1432
1489 1984
4360 5621
875 1680
4952 5930
986 1506
1640 1806
6928 6902
1286 1173
4838 6981
1114 1412
1927 1818
1012 1589
5679 6605
1254 1257
1983 1816
1243 1384
5279 7334
1152 1594
1946 2102
1288 1470
6065 6453
1317 1475
1639 2502
1256 1711
5599 7155
1592 1544
2216 2194
1463 1860
5357 7578
1469 1966
2463 2101
1591 1771
6845 6863
1651 1744
2767 2883
1862 1678
6947 6896
1598 2064
3374 3758
1392 2565
1810 1892
3181 5615
1607 2248
1657 2180
4035 5119
1659 2216
1622 2301
3973 6837
1523 2824
1509 3300
5271 5911
1990 2418
1831 2650
6071 5306
2232 2438
1918 2811
5106 6570
2127 2887
1951 3212
6101 5876
2395 2669
2649 2463
5799 6840
2227 3452
2059 3736
2580 2932
2309 3450
3051 2553
2657 2905
2389 3358
2804 2892
2732 3403
3242 2860
2885 3306
2670 3586
2281 4863
2700 3828
3177 3350
2522 4432
3209 3622
3968 2979
3125 3789
3383 3571
4621 2867
3365 3772
2878 4616
3275 4047
3512 3747
2984 4577
3248 4126
3256 4311
3559 3947
3464 4180
3334 4442
3713 4152
3963 3992
3789 4202
4109 3985
3056 6084
4093 4466
3980 4622
3680 5079
4040 4679
3928 4891
4182 4646
3273 6415
3570 5756
4870 4472
3904 5432
4312 5156
3885 5858
4519 5352
4637 5320
5107 5036
6379 4088
4869 5827
5235 5530
4873 6492
4950 6574
5206 6120
4533 7350
5606 5941
4762 7473
4885 7414
5354 6818
5305 7097
5639 6562
5781 6776
5698 7226
5860 7090
6264 6750
6314 6807
5748 7478
6221 7720
7514 6500
7783 6831
7509 7554
7901 6977
1375567567 1446198686
1
sift 119
34 62
63 84
111 113
90 190
286 355
323 332
374 469
495 431
494 508
418 742
582 489
630 587
680 538
724 552
608 678
723 566
502 870
747 630
658 712
862 557
717 959
750 944
821 851
809 904
982 764
1009 845
986 953
1088 921
1156 989
1274 960
1152 1234
1317 1175
1199 1383
1395 1223
1243 1431
1552 1169
1301 1626
1212 1767
1300 1656
1687 1447
1591 1559
1378 1821
1656 1524
1657 1557
1475 1834
1854 1493
1862 1670
1420 2430
1673 2061
2573 1475
2117 2091
1836 2433
2287 2099
2850 1738
1729 2828
1951 2614
1704 3076
2759 1930
2457 2181
3008 1858
2059 3157
3339 2057
4565 1757
2792 2512
2357 3225
2657 2835
2971 2674
2523 3182
2538 3216
3189 2692
3251 2939
3732 2649
2498 3957
3751 2817
3512 3079
2632 4039
2655 4239
2589 4528
3597 3406
5424 2511
4744 2846
3713 3591
3789 4018
3980 3932
3632 4533
3773 4491
3620 4734
3621 4894
4976 4059
3895 5085
4397 4769
4533 4730
5618 3888
7234 3418
3885 5624
5588 4231
6063 4303
5699 4555
4910 5287
5628 4883
5354 5280
6222 4875
6819 4679
6789 4764
6552 5044
5291 6178
6493 5529
5896 6184
7169 5343
7150 5456
7001 5762
7003 6188
7375 6180
7420 6241
7879 5723
7499 6392
7441 6479
7475 6690
7917 6626
1375567567 1750469169
1
sift 80
67 141
502 915
73 163
80 162
875 3034
136 291
174 425
1268 2129
374 370
323 572
1152 2783
369 587
359 641
1395 2811
503 981
608 1176
1607 4192
680 1102
821 1287
2670 6954
832 1511
1020 1571
3383 5860
1009 1901
1088 1845
3248 7119
915 2584
1243 1867
4919 7211
1176 2369
1286 2146
1156 2575
1381 2025
1460 2673
1377 3084
1411 2997
1319 3398
1612 2602
1592 2744
1552 2906
1454 3342
1659 2848
1657 2864
2142 2208
1973 2705
2059 2856
2102 2893
1958 3382
2054 4238
1892 4702
2668 3307
2124 4710
2804 3442
2523 4292
2127 5823
2395 5117
2817 4091
2457 5522
2813 5247
2538 6178
2983 5076
2845 5782
2635 6524
2885 6247
3125 6184
3109 6419
3253 6529
3751 5693
3291 7116
3578 6750
3712 6444
3886 7302
4889 5779
4559 6624
4109 7445
4312 7136
5010 6317
5497 6920
5852 6734
6379 7694
1375567567 1780862618
1
sift 67
2223 1365
67 280
421 669
345 371
3066 2040
433 471
385 768
461 452
3683 2077
473 545
496 836
508 754
3824 2465
518 1184
850 1294
964 1076
4396 3248
1155 1167
1280 1843
1515 1403
6769 5153
1505 1656
1084 2973
1675 2044
1178 2760
1691 3786
2021 1812
1319 3092
2078 6074
1702 2443
1842 2384
3069 4607
2199 2123
1644 3032
2721 5880
1799 3103
5465 1348
2795 6799
3500 1692
2151 3172
3467 6982
2671 2846
2888 2668
2779 3707
3064 3600
3481 3290
3059 4629
3216 4775
3052 5350
6070 2892
2968 5591
3568 5246
5497 4017
3525 6299
3194 7375
5284 4564
3918 5978
6575 4038
4872 5280
6698 4060
7195 3846
4271 6817
5757 5602
5166 6725
5672 6766
6349 6534
7379 6727
1375567567 1928484021
1
sift 69
34 56
90 183
176 194
286 248
374 431
537 387
524 405
502 570
1114 643
1088 699
1010 785
1012 890
1268 1056
1338 1019
1286 1059
1176 1202
1317 1065
1607 1031
1552 1227
1553 1373
1657 1313
1441 1509
1475 1565
1918 1386
1773 1482
1420 1970
1672 1845
1862 1683
1395 2477
2283 1554
2850 1370
2127 2015
1951 2137
2287 2240
2573 2161
2657 2265
2670 2416
2630 2646
2589 2781
2983 2471
2360 3406
3263 2496
2824 2957
4198 2872
4744 2798
5929 2466
2632 5292
4559 3218
4564 3286
3794 3716
3846 3675
4816 3292
3621 4197
5288 3468
6496 2976
4397 4150
4436 4447
5748 3620
5157 4329
3895 5577
4984 4683
4637 5555
5572 5356
6222 5047
5666 6834
6951 6046
6552 6428
7757 6065
7716 7093
1375567567 1960691938
1
sift 479
370 472
6 23
29 116
32 129
446 525
34 130
51 171
49 117
579 633
58 170
67 151
81 168
662 666
63 166
59 213
92 227
977 888
80 216
99 225
117 179
922 948
131 266
121 302
154 229
909 998
136 301
128 317
155 235
954 1174
180 189
150 336
173 300
1451 1378
194 272
174 342
206 343
1748 1250
274 282
198 444
279 371
1520 1434
178 518
231 426
269 452
1498 2033
190 522
214 570
317 418
1645 2717
263 466
282 546
266 523
1794 2539
320 435
359 447
303 477
1984 2397
326 467
286 619
433 480
2214 2501
328 524
315 603
368 577
2200 2711
442 528
391 868
473 622
1796 3310
631 479
409 826
562 537
2544 2971
418 810
476 808
478 687
2754 2961
609 569
480 889
460 795
2386 3454
536 773
482 904
585 721
2852 2912
485 919
495 891
730 900
2812 2949
503 975
510 952
838 824
2957 2955
524 962
537 1114
753 920
3066 3278
608 935
566 1036
685 1055
2914 3794
583 1012
571 1228
767 926
3122 3699
680 985
658 1053
761 994
2879 4489
593 1288
725 1054
809 1046
3265 3953
709 1134
722 1201
867 1168
3739 3764
703 1332
747 1364
900 1177
3754 4089
750 1502
833 1390
846 1327
3784 4173
1007 1071
795 1528
966 1141
4543 3619
995 1119
801 1551
832 1445
4000 4092
820 1491
862 1404
910 1340
3658 4436
964 1246
756 2023
996 1256
4396 4760
878 1461
875 1741
1008 1283
4053 5197
1066 1291
865 1800
1171 1270
4967 4473
915 1727
986 1649
1215 1361
5043 4957
953 1719
931 1823
1079 1596
5464 4967
982 1723
1088 1603
1371 1546
5523 5054
1086 1720
919 2514
1418 1529
5323 5476
1150 1738
1012 2137
1193 1986
5297 5932
1202 1660
1067 2044
1348 1715
6084 5080
1240 1646
1082 2190
1456 1615
1038 2489
1096 2265
1543 1599
1156 2065
1185 2035
1695 1507
1300 1798
1247 1911
1506 1789
1243 1945
1152 2249
1381 2014
1324 1807
1277 1929
1377 2028
1114 2483
1276 2009
1411 2136
1273 2047
1268 2098
1364 2506
1125 2653
1176 2446
1473 2212
1214 2286
1274 2292
1447 2327
1317 2326
1212 2750
1368 2626
1286 2552
1115 3346
1970 1706
1441 2259
1338 2654
1474 2505
1423 2735
1463 2665
1865 1852
1592 2315
1552 2511
1644 2252
1635 2270
1365 3107
1705 2154
1619 2349
1478 2876
1577 2493
2002 1908
1475 2948
1819 2081
1784 2144
1420 3084
1627 2659
1509 2969
1657 2587
1761 2518
1728 2674
1651 2893
2268 1997
1392 3843
1591 3031
1882 2428
1660 2931
1523 3342
2011 2342
1553 3226
1704 2991
2240 2129
1817 2730
1662 3180
2199 2234
2099 2466
1990 2621
1779 2960
1687 3110
2009 2628
2324 2184
1629 3338
1701 3227
1958 2739
1939 2842
2001 2881
1980 2953
1682 3451
1672 3523
2124 2874
1601 3882
1729 3713
2244 2688
2035 2996
1959 3337
2165 2897
2604 2346
1831 3649
2319 2781
1973 3322
1892 3469
2516 2771
1899 3560
1746 4040
2537 2765
2345 2868
2014 3492
2815 2499
1686 4426
1845 4016
2848 2481
2053 3659
1966 4156
2220 3460
2671 2845
2156 3853
2429 3140
2230 3662
1836 4886
2711 2898
2261 3839
2241 3966
2353 3590
2888 2940
2464 3453
3073 2853
2227 4231
1951 5177
2759 3171
2661 3501
2443 4068
3481 2719
2523 3860
2627 3786
2457 4010
2684 3687
2301 4566
3115 3098
2832 3485
2360 4487
3344 3011
3308 3024
2372 4469
2538 4154
2845 3813
2395 4908
4594 2422
3203 3296
2414 4907
2755 3993
2732 4174
2996 3875
2770 4179
2817 4141
2496 4868
2078 6373
2635 4597
2541 4785
3685 3249
2794 4416
2649 4730
2825 4484
2526 5033
2813 4442
2515 5260
2967 4185
2959 4233
3266 3861
3094 4026
3163 4000
3155 4118
2937 4375
2517 5409
3872 3262
2873 4558
2850 4679
3327 4019
3189 4153
3209 4142
3322 4071
2657 5181
2709 5088
3487 3974
2665 5210
2596 5463
3244 4355
2589 5621
2983 4644
4184 3385
2895 4961
2557 6007
3894 3702
2621 5883
2655 5769
2968 5126
3038 4783
2820 5377
3918 3804
3127 4734
2805 5590
3568 4241
2824 5578
3180 4791
4468 3459
3164 4820
3291 4622
4373 3583
3109 5040
3125 5019
3348 4696
2981 5492
2708 6317
3153 5308
3185 5256
3145 5355
3510 4833
2924 6090
3365 5174
4044 4276
3148 5807
3272 5435
4535 3934
3159 5819
3775 4723
5675 3173
4210 4281
3248 5881
3511 5117
3636 4970
3444 5375
3613 5364
3313 5871
3587 5267
4324 4585
3530 5702
3546 5705
4271 4709
3886 5185
3273 6349
3698 5624
3988 5204
3570 6033
3921 5319
3680 5835
3715 5784
4145 5102
3632 5964
4409 4835
3597 6157
3969 5431
3533 6248
4386 4988
4863 4556
3751 6166
4712 4692
4902 4549
4464 5158
4639 4874
4670 4840
3979 5999
5099 4584
4075 5896
4384 5479
4317 5534
4200 5799
4245 5828
4749 5212
4837 5073
4312 5761
4546 5449
4225 5926
4129 6063
4443 5661
4187 6017
4829 5448
4679 5432
4413 5891
4637 5887
4588 5846
4427 6135
4755 5818
4387 6306
4906 5650
4883 6196
5780 4933
5347 5469
5237 6060
5170 5770
5056 5971
5388 5998
5181 6043
5459 5756
5300 6072
5230 6214
5772 5565
6303 5143
5303 6293
5593 6109
5756 6127
5827 6152
5672 6278
5461 6372
6664 5509
6044 6080
7872 4711
6655 6287
1375567567 2011792801
1
sift 188
1948 3198
490 264
58 60
809 1578
505 1628
67 107
909 390
105 85
1656 2323
608 1238
156 78
1849 1031
132 106
2457 4565
717 1303
136 185
2214 1073
345 168
3389 4995
821 1434
276 207
2385 1319
325 258
1523 3820
473 305
2914 1361
460 342
1441 4389
631 304
3658 2063
508 373
1475 4187
575 362
3265 2256
641 539
3273 3833
764 519
4543 2166
767 840
2895 4895
964 673
5177 2160
1066 634
3621 5264
1079 664
5624 2516
917 930
3713 5744
867 994
6397 2559
725 1433
3904 6297
1020 1320
6327 3144
945 1431
4637 6394
1371 979
7207 3061
1424 1029
1543 1033
6993 3507
1847 921
1349 1264
983 1927
982 2001
1178 1667
1460 1316
2021 1089
1473 1595
1319 1958
1517 1712
2151 1287
1688 1499
1402 1972
1453 1922
1842 1486
1865 1516
1722 1666
1949 1561
1823 1693
2687 1279
2888 1234
2260 1520
1627 2060
2920 1295
1427 2682
1785 2032
1742 2072
1871 1969
1784 2133
1644 2387
1816 2268
1901 2204
2191 2053
1691 2735
2054 2491
2045 2563
1591 3628
5501 1318
2242 2692
3481 1884
2833 2308
2832 2332
2797 2450
2818 2960
3155 2854
3918 2325
3052 3066
3184 3171
2968 3448
3726 2864
3206 3582
4609 2694
4229 2923
2984 4174
4888 2660
4059 3108
3153 4034
4712 2824
4459 3030
3204 4173
3327 3989
3999 3341
4166 3264
6070 2416
4422 3239
6083 2523
3541 4045
5723 2833
4196 3695
4821 3364
6242 2904
5915 3015
4097 4318
3764 4665
6518 2974
5497 3391
5756 3401
4002 4866
6104 3351
3732 5347
5303 3973
3568 5914
4197 5072
5995 3648
4827 4545
4793 4652
4435 5160
5205 4561
5672 4218
4384 5466
7051 3561
5614 4526
5780 4429
4285 6291
6927 4016
4718 5887
4423 6407
7379 4008
5424 5341
5442 5568
6210 4955
7444 4378
5593 5601
4887 6560
6541 4911
5022 6548
6910 4782
5676 6025
6141 5612
6502 5335
7209 5059
7387 4947
5561 6537
7571 4857
6080 6107
7491 5203
7171 5574
7252 5571
7781 5125
6024 6651
6602 6292
7286 5766
6312 6687
7700 5523
7422 6216
7457 6697
7767 6444
