1425359813 1431199262
1
sift 1609
173 206
185 274
7 8
26 40
36 41
4 10
244 231
265 357
6 11
264 257
67 91
23 32
243 277
374 420
45 44
236 281
93 89
40 69
361 269
643 524
56 64
370 402
306 316
58 77
640 700
582 611
60 85
387 372
358 437
71 86
629 805
556 719
75 122
381 400
349 542
89 100
768 826
986 949
77 116
436 442
456 559
84 120
710 914
1104 1335
103 97
441 447
472 562
94 146
802 809
1283 1485
105 143
565 678
507 555
125 134
779 866
1365 1535
112 162
641 712
647 724
120 161
863 834
1206 2087
124 169
848 830
1051 1225
138 160
891 969
1396 1836
134 171
901 800
1066 1300
131 180
1131 1015
1439 1952
163 153
1004 976
1174 1211
145 189
1187 978
1615 2071
165 170
1190 972
1133 1380
168 205
1157 1033
1839 2090
195 226
1146 1168
1367 1340
192 262
1382 1136
1987 1982
202 246
1393 1158
1310 1552
214 278
1315 1431
1950 2160
259 233
1688 1317
1698 1488
220 291
1718 1523
1881 2829
267 247
1685 1533
1662 1725
280 250
1307 2081
2081 2489
261 271
1398 2146
1697 2112
226 307
1898 1901
2567 2250
288 254
1856 1718
2062 1874
255 282
2153 2188
2290 2710
312 244
1637 3197
2006 2336
218 337
2199 2387
2580 2744
262 302
2320 2088
2323 2065
300 308
2274 2376
2799 3602
260 343
2032 2535
2352 2200
284 350
2374 2705
2774 3732
290 353
2229 2546
2463 2822
292 381
2631 2515
4428 2772
336 334
2919 2164
2729 2780
322 367
2543 3181
3171 4502
296 408
2718 2375
4423 1936
352 369
3117 2851
4713 3282
356 364
3751 1917
2420 3315
373 351
2712 3398
4572 3449
321 445
2751 3278
2667 3251
337 417
3693 2684
3669 4660
275 533
3334 3239
2999 3196
348 421
2827 3539
3603 4918
362 413
3035 3504
2876 3491
351 452
3705 3024
4263 4184
384 426
2787 3992
3242 3496
376 448
3845 3096
3904 4787
342 482
3673 3329
3635 3377
355 489
3946 3202
3781 5072
389 465
3495 3661
3901 3368
403 460
3815 3471
4204 4714
429 451
3378 4186
2925 4488
397 477
3838 4070
4565 4566
380 510
3722 4274
3658 3752
460 424
3916 4095
5868 3689
395 497
4987 3599
4228 3462
396 496
3545 4754
4357 4974
421 471
5786 3134
3709 4037
438 464
4981 3415
5435 4367
419 499
4449 4014
3762 4205
386 554
4646 4383
5203 5037
407 537
4511 4058
3585 4739
491 458
6773 3155
5378 5897
549 425
3525 5826
3610 4809
457 490
4672 4834
5653 6025
427 578
4488 5029
3954 4298
423 600
5556 4359
5510 6184
476 506
4257 5643
4311 4009
430 590
5004 4944
6298 5721
465 531
5158 4898
3502 5210
468 545
4362 5745
6464 5731
424 648
4846 5315
4440 3959
464 576
5369 4797
8121 5051
458 607
6039 4232
4350 4151
480 563
5237 4984
7184 5981
503 540
5600 5152
4381 4330
483 594
4971 5557
6142 7702
467 630
5492 5444
4019 4923
461 654
5732 4998
6963 7131
494 588
5240 5774
4612 4348
510 597
5211 5546
6677 7497
557 530
5293 5742
4271 4793
500 624
5377 5510
8429 6093
496 646
5244 5804
4926 4662
495 661
5243 5645
7287 7860
529 623
4613 6753
4598 5192
531 635
5471 5613
7720 7644
525 643
5446 5899
5431 4392
515 673
5529 5965
7668 7828
542 690
4884 6901
4762 5559
520 728
5444 6264
583 657
4903 7414
5297 5099
603 633
5531 6300
552 697
5826 6084
5715 4891
517 750
6563 5939
563 686
5089 7256
4577 6494
561 720
6451 6019
680 608
5976 6601
4924 6711
546 772
6346 6189
566 732
6062 6587
6087 6074
598 705
6278 6459
615 707
5314 7886
6202 6000
522 887
5824 7476
597 741
6106 7137
6360 6135
545 860
6317 6958
576 806
6377 7281
6616 6040
652 718
7024 6764
636 739
7368 7005
5832 7435
572 839
7242 7329
664 744
8100 6886
7059 6458
634 787
7757 8032
620 816
7441 7639
6622 7518
683 770
8113 8156
971 586
6949 8199
541 1122
672 857
696 853
689 872
741 799
703 874
681 912
687 919
705 911
697 937
808 795
733 877
769 837
817 791
704 955
688 996
732 906
601 1177
785 861
784 870
755 940
622 1214
763 971
737 1016
804 951
819 924
775 994
791 980
774 1021
792 1011
742 1076
854 932
952 832
765 1079
794 1052
889 910
799 1051
790 1057
822 1024
807 1049
845 1014
825 1091
815 1108
830 1094
900 1017
877 1042
839 1098
866 1070
850 1102
810 1155
1026 931
970 1012
707 1387
874 1126
916 1099
852 1164
932 1104
894 1165
912 1151
957 1127
876 1203
832 1295
868 1245
1009 1100
913 1227
862 1328
944 1208
892 1279
935 1232
904 1271
963 1206
999 1169
1014 1160
966 1246
1041 1146
948 1308
880 1399
909 1386
992 1325
1024 1286
996 1347
1043 1256
1077 1224
977 1436
1087 1239
1005 1378
974 1454
1094 1243
1058 1318
1090 1298
1173 1186
1204 1175
1064 1359
1048 1398
1114 1303
1053 1442
1039 1484
1081 1424
1055 1457
1040 1493
1140 1350
1119 1372
1084 1481
1256 1238
1163 1363
1132 1401
1127 1420
1134 1410
1211 1327
1200 1360
1130 1455
1557 1114
1271 1339
1348 1255
1419 1229
1265 1376
1277 1377
1203 1476
1154 1563
1415 1269
1239 1447
1505 1213
1166 1561
1217 1499
1209 1504
1038 1776
1360 1354
1116 1665
1231 1512
1299 1435
1287 1450
1223 1549
1118 1700
1322 1438
1502 1273
1330 1433
1472 1306
1237 1571
1420 1394
1347 1477
1279 1553
1225 1638
1249 1606
1278 1588
1191 1703
1335 1542
1261 1646
1304 1599
1458 1456
1593 1365
1359 1576
1417 1547
1332 1642
1331 1645
1296 1701
1291 1714
1378 1627
1136 2025
1376 1685
1568 1516
2021 1233
1208 1957
1466 1640
1386 1721
1495 1637
1518 1622
1427 1693
1155 2217
1677 1519
1460 1707
1352 1829
1629 1591
1479 1726
1355 1877
1517 1704
1480 1741
1559 1675
1506 1723
1297 2016
1636 1623
1498 1736
1543 1705
1503 1747
1570 1690
1333 1988
1595 1674
1756 1566
1465 1817
1515 1763
1512 1772
1342 2030
1407 1935
1268 2218
1581 1752
1301 2235
1571 1806
1488 1950
1504 1919
1840 1619
1620 1802
1524 1929
1575 1856
1585 1866
1431 2122
1481 2047
1599 1872
1552 1932
1723 1753
1645 1847
1590 1933
1572 1979
1605 1964
1691 1868
2291 1500
1779 1809
1674 1943
1776 1831
1474 2303
1643 2000
1555 2180
1646 2039
1719 1960
1799 1891
1675 2060
1638 2131
1591 2233
1763 1956
1925 1795
1672 2136
1940 1818
1726 2053
1752 2014
1655 2204
1759 2031
1778 1998
1627 2274
1908 1870
1648 2263
1809 2008
1786 2063
1710 2183
1754 2110
1743 2139
1680 2240
1874 1961
1589 2393
1824 2038
1739 2185
1758 2158
1914 1959
1851 2041
1810 2093
2086 1842
2194 1756
2099 1828
1757 2215
1825 2103
1861 2057
1938 1990
1678 2344
2042 1905
1785 2205
1760 2253
1755 2264
1802 2191
1831 2149
1926 2035
1906 2048
1660 2424
1862 2150
1853 2175
1761 2306
1869 2154
1973 2023
1955 2054
1891 2145
1650 2510
1882 2165
2026 2020
1835 2255
1994 2086
2343 1781
1982 2127
1676 2635
2075 2094
2112 2078
1961 2276
2102 2106
2005 2247
1886 2359
1798 2485
1913 2341
2047 2223
1927 2347
1998 2297
1857 2477
1807 2592
1977 2343
2017 2326
1702 2894
1803 2649
1942 2435
2211 2159
1879 2533
1958 2425
2050 2342
1883 2593
2097 2348
1932 2549
2383 2075
1969 2561
2014 2498
2085 2428
1850 2826
2198 2323
1745 3141
1782 3030
2449 2070
2262 2310
2223 2334
1904 2764
2206 2349
2129 2440
2087 2497
2045 2577
2049 2590
1784 3163
2029 2654
2066 2584
2176 2447
1773 3261
2233 2390
2143 2484
2201 2430
2439 2196
2141 2519
1670 3667
2190 2463
2212 2458
2304 2368
2162 2557
2329 2369
2187 2542
2008 2903
2226 2516
1896 3123
2091 2781
2310 2452
2484 2311
1957 3125
2155 2737
2597 2232
2240 2625
2072 2953
2454 2355
2209 2707
2217 2698
2224 2711
2720 2202
2117 2927
2161 2845
2236 2731
2277 2670
2128 2963
2962 2076
2342 2578
2238 2791
2053 3192
2148 2991
2192 2936
2317 2714
2318 2722
2307 2761
2000 3442
2423 2630
2331 2808
2471 2599
2250 3043
2658 2419
2293 2969
2207 3183
2703 2420
2403 2817
2267 3159
1903 3914
2115 3483
2302 3061
2460 2777
2487 2736
2429 2815
2563 2626
2419 2856
2260 3227
2518 2706
2356 2993
2447 2825
2833 2442
2495 2828
2434 2955
2265 3361
2353 3132
2334 3179
2401 3035
2406 3029
2725 2587
2365 3127
2400 3059
2276 3378
2344 3205
2781 2567
2536 2840
2363 3200
2174 3685
2682 2719
2558 2880
2171 3731
2387 3276
2636 2878
2473 3118
2378 3332
2485 3165
2634 2942
2202 3836
2482 3220
2467 3260
2560 3070
2594 3076
2432 3400
2491 3311
2575 3194
2620 3148
2610 3173
2782 2943
2694 3069
2640 3221
2670 3169
2500 3446
3098 2735
3466 2505
2825 2995
2566 3410
2814 3048
2675 3249
2649 3313
2571 3423
3618 2478
2664 3320
2830 3104
2845 3100
2707 3306
2622 3461
2714 3302
2632 3463
2638 3453
2740 3293
2644 3468
3443 2713
3078 2968
3046 2992
2637 3594
2994 3124
2657 3593
3357 2835
2938 3189
3191 2949
2867 3274
3393 2831
2603 3713
2778 3466
2844 3419
2578 3815
2800 3499
2997 3244
2928 3344
3170 3116
2877 3432
3059 3262
2832 3611
2646 3866
2920 3507
2902 3536
3523 2970
2822 3655
3004 3477
3360 3156
2924 3591
2911 3607
3101 3384
3212 3283
2785 3784
3114 3405
2854 3721
2829 3759
2898 3681
3047 3564
2873 3754
2529 4257
3267 3354
3091 3531
2953 3674
3557 3122
3226 3393
3237 3385
2776 3907
3325 3366
3138 3549
2963 3712
3252 3447
2684 4118
3134 3592
2794 3945
3012 3735
3033 3715
3154 3632
2540 4481
3037 3745
3616 3229
4161 2785
3162 3665
3056 3758
2995 3826
3381 3493
2886 3953
2746 4181
3087 3770
2768 4157
3102 3776
3048 3818
3433 3489
2872 4016
3597 3358
3278 3676
3441 3545
3328 3654
3475 3541
2817 4170
3067 3878
3716 3323
3003 3940
2857 4147
2779 4311
3230 3782
3408 3640
3027 3977
2861 4209
3243 3821
3599 3560
3090 3975
3234 3853
3524 3651
3543 3641
3186 3921
3486 3717
3459 3734
3235 3897
2724 4674
2935 4247
3345 3859
3469 3771
3449 3799
3384 3870
3922 3380
3427 3841
3248 4027
2727 4882
2951 4401
3163 4128
3260 4039
3432 3894
3400 3925
2890 4528
2732 4925
3265 4052
3319 4031
3292 4067
3445 3913
3232 4129
2564 5435
3023 4408
3892 3597
3500 3929
3135 4287
3835 3649
3648 3840
2783 5007
3174 4299
3566 3915
3584 3910
3805 3746
3249 4352
3576 4018
3318 4315
3302 4361
3417 4220
3282 4396
3679 3982
3569 4097
3152 4615
3298 4434
3538 4176
3591 4126
3386 4376
3286 4499
3473 4262
3668 4094
3625 4143
4077 3723
3233 4638
2786 5479
3629 4189
3605 4225
3491 4371
3586 4248
3802 4013
3159 4874
3425 4491
3511 4416
3612 4271
3611 4288
3697 4192
4238 3686
3342 4681
3447 4522
3866 4022
3374 4652
3733 4185
3144 4991
3311 4777
3752 4182
3424 4635
3315 4849
4206 3790
3828 4178
3661 4410
3376 4835
3731 4327
3653 4461
3479 4724
3875 4204
3913 4165
3924 4180
3703 4490
4515 3693
4085 4028
3513 4808
3900 4235
3660 4586
3994 4160
4106 4036
3438 4960
3371 5076
3110 5497
3698 4602
4022 4159
3470 4958
3726 4623
3565 4892
3759 4569
3737 4629
3869 4444
3770 4599
4197 4068
3689 4762
3832 4521
3970 4349
4267 4050
3554 5049
4003 4360
3836 4587
3552 5073
4499 3891
3799 4731
4126 4278
3592 5133
3818 4746
3919 4628
4405 4066
3966 4583
3706 5013
3195 5786
4181 4341
3973 4649
3748 5004
4994 3727
3819 4909
3935 4737
3880 4872
3893 4863
3939 4779
3659 5249
4031 4671
4194 4454
4148 4512
3859 4989
4575 4102
4143 4580
4168 4553
4117 4641
3937 4939
3992 4873
3961 4946
3842 5197
3989 5005
4089 4894
4131 4938
4114 4968
3769 5551
4264 4766
3976 5222
3567 5926
3768 5647
4108 5083
4086 5137
4188 4985
4093 5138
4318 4796
4054 5212
3980 5331
3947 5374
4283 4879
3950 5406
3978 5357
3938 5428
3864 5606
4247 5026
5466 3892
4252 5035
4342 4906
4398 4867
4152 5219
4175 5193
4195 5184
4516 4736
4652 4578
5011 4244
4586 4702
4407 4948
4235 5188
3816 5838
4286 5109
4773 4523
4718 4610
4610 4727
4363 5043
4217 5282
4739 4605
4579 4803
3608 6293
4513 4903
4387 5069
4530 4920
3987 5760
4566 4936
4289 5298
4722 4757
4325 5254
4435 5126
4451 5108
3578 6548
4036 5753
4308 5348
4095 5694
4414 5225
4330 5338
5253 4333
4742 4856
4489 5177
4692 4952
4105 5743
4453 5273
4186 5679
4441 5313
4463 5288
4329 5513
4608 5141
4569 5201
4689 5056
4377 5461
4510 5299
4326 5563
4309 5595
4393 5490
4478 5373
4628 5194
3914 6246
4547 5340
4780 5059
4434 5518
4832 5033
4408 5582
4777 5118
4380 5636
5512 4420
5354 4565
4458 5581
5727 4294
4421 5667
4804 5207
4642 5394
6230 3974
5248 4751
4149 6048
4823 5206
4687 5354
5028 4982
6096 4069
4130 6116
4465 5683
4603 5527
4599 5550
5419 4675
4079 6280
4888 5239
5175 4930
3998 6465
4306 5941
4669 5566
4597 5648
5081 5091
4492 5776
4688 5573
5265 4955
4743 5548
4792 5516
4376 5991
5532 4752
4589 5763
4622 5728
4677 5677
4448 5943
4894 5463
4745 5638
4660 5754
4761 5630
5010 5372
4443 6014
4710 5720
4665 5788
4795 5650
5070 5343
4324 6252
4256 6386
4280 6346
4635 5898
4805 5718
5046 5449
4452 6119
4749 5794
5384 5145
4928 5635
4866 5702
4619 6013
4949 5672
5151 5478
4508 6188
5199 5437
5770 4914
4958 5703
5389 5270
5012 5665
4927 5789
4729 5990
5619 5104
4972 5791
5766 5041
5272 5545
4946 5848
6151 4657
4525 6381
5658 5209
5051 5801
4822 6050
4885 5999
4992 5901
4730 6221
4618 6383
4568 6485
5526 5421
4574 6497
5139 5834
4758 6265
5586 5413
4803 6234
5583 5431
5129 5895
4835 6249
4629 6568
4952 6117
5340 5766
4764 6385
5135 5976
5041 6109
4965 6232
4721 6575
5054 6125
4534 6940
5652 5593
5707 5579
5042 6212
4592 7003
4842 6571
6136 5191
4495 7272
4856 6662
5207 6179
4260 7879
5673 5758
4678 7033
5508 5910
4658 7092
5223 6229
4988 6519
5498 5948
4915 6720
4961 6607
5468 6038
5300 6255
4826 6974
5133 6441
5866 5739
4726 7206
5855 5775
5212 6423
6008 5628
6175 5483
6084 5587
5514 6143
4719 7355
4951 6922
5741 5958
5142 6668
5134 6733
5724 6027
5105 6822
5170 6736
5637 6140
5343 6491
5072 6911
5716 6092
5504 6328
4872 7373
5858 5993
4626 7839
5463 6426
5633 6269
5775 6132
5822 6088
5260 6815
5095 7077
5804 6121
5020 7221
5236 6894
5500 6487
5700 6275
5235 6943
5326 6839
5719 6310
5282 6905
5309 6877
6023 5960
5358 6821
5538 6541
5276 6999
5227 7087
5465 6717
5496 6672
5441 6760
5745 6390
5545 6629
5078 7388
5038 7477
5355 6981
5363 6989
5570 6658
5608 6603
5096 7431
5566 6703
5911 6256
5161 7379
5717 6529
5352 7090
5521 6818
5008 7690
5815 6416
5631 6695
6024 6161
5835 6440
5802 6501
5781 6545
6595 5713
5588 6846
5350 7315
5692 6794
5859 6542
6453 5886
5298 7443
5914 6479
5664 6849
5404 7264
5544 7070
5773 6759
7591 5215
5993 6447
5782 6833
5398 7484
5195 7842
5944 6704
6356 6147
5592 7226
6587 5972
6261 6279
6557 6008
5760 7056
5870 6866
5168 7962
5536 7396
5846 6944
6158 6419
5850 6966
6416 6167
6537 6081
5711 7218
6239 6394
6271 6357
5681 7296
6295 6361
5371 7799
5603 7451
5667 7359
6071 6713
6030 6812
5755 7351
6476 6290
5651 7536
5502 7757
6013 6915
6221 6633
6193 6700
6654 6194
6267 6586
6005 6998
6132 6808
6266 6622
5875 7268
5739 7552
6113 6983
6250 6792
6055 7095
5624 7812
5638 7833
6308 6750
5998 7235
6057 7127
5759 7684
5925 7408
5816 7615
5395 8165
6021 7222
5843 7586
7520 5825
5882 7520
5645 7892
6354 6768
5748 7789
6656 6437
6272 6928
5853 7668
7975 5605
6079 7271
6454 6743
6224 7061
5971 7486
7522 5912
5947 7583
6105 7286
7816 5768
6198 7152
6130 7263
6446 6807
6215 7156
6365 6929
5698 8030
6134 7306
7262 6142
6264 7135
5769 8004
5962 7707
6444 6921
6297 7147
5901 7816
6311 7125
5641 8166
6242 7245
6415 7048
5693 8162
5659 8193
6581 6882
5984 7778
6139 7559
6472 7062
6713 6811
6523 7103
6088 7743
5978 7921
6277 7456
7675 6110
7506 6247
6578 7119
6422 7305
6516 7231
6631 7123
6299 7632
6487 7376
6770 7051
6375 7511
6782 7037
7174 6739
6149 7903
5990 8139
6378 7584
6477 7468
7019 6898
5481 8388
6399 7616
6029 8164
7605 6421
6157 8013
6659 7382
7590 6481
6693 7470
6633 7546
6056 8220
6798 7361
6432 7780
7181 7058
6703 7605
7226 7041
6544 7831
6161 8243
7208 7146
6330 8070
6457 7943
7609 6825
7954 6450
8315 6165
5860 8385
6473 8043
5920 8382
6784 7734
7884 6613
6613 7916
6635 7897
7033 7542
7422 7124
7080 7513
6759 7826
6323 8229
6229 8309
6413 8158
6846 7783
7013 7654
7210 7453
6907 7767
6521 8134
6345 8275
6738 7953
7001 7738
7721 7046
6700 8078
7906 6871
8254 6520
6488 8255
6763 8059
7625 7216
7168 7742
6601 8225
7010 7911
7097 7848
6539 8272
7058 7868
6969 7980
7142 7830
6727 8182
6225 8378
7450 7540
7012 7989
6686 8230
7048 7958
8280 6693
6751 8223
8151 6884
6742 8260
6850 8201
7211 7964
7420 7774
7508 7724
7387 7856
7708 7595
8132 7112
7357 7904
7585 7771
7256 8100
7264 8143
7485 7970
6643 8373
7513 7978
7594 7901
8135 7367
6808 8361
7411 8097
7879 7699
7646 7922
7320 8184
7328 8187
7550 8109
7333 8252
7505 8173
7086 8350
7643 8102
8181 7659
7443 8291
8448 7185
7966 7896
7547 8273
7836 8113
8084 8008
7658 8314
7704 8303
8180 7961
8077 8084
8027 8208
7787 8376
8445 8155
1425359813 1647351560
1
sift 186
6528 5591
39 46
82 105
124 91
214 275
465 753
305 320
494 475
615 866
458 666
916 629
944 1147
603 930
1043 622
1119 1826
688 990
1347 572
1231 1684
791 896
912 879
1223 2279
1005 846
795 1241
1325 2110
1278 763
966 1151
1308 2180
1038 1072
1087 1080
1512 2106
1479 868
850 1579
1460 2457
1200 1058
1118 1161
1605 2723
1048 1437
1208 1205
1883 2992
1134 1358
2132 1054
1825 3155
1726 1280
1572 1568
1627 3861
1317 1906
1802 1382
2487 2459
2671 1173
1552 1961
1992 4078
2198 1436
1958 1606
2240 3729
2066 1549
1590 2044
2474 3916
2439 1372
1585 2221
3003 5391
1853 1890
1886 1992
4114 5146
2423 1610
2953 1461
3474 6654
2402 1798
2480 1844
3232 7376
1763 2777
1851 2665
3727 6370
1969 2500
2049 2681
3978 7157
2148 2554
1891 3175
5503 8399
2283 2788
3554 2051
2226 3184
2637 2647
2406 3312
2331 3700
2000 4926
2603 3502
2800 3185
2938 3066
2924 3126
3393 2818
2650 3655
2857 3309
2907 3490
5355 2197
3831 2870
3316 3367
3004 3688
2921 3877
2551 4582
4095 2958
3935 3110
3966 3447
3015 4537
4492 3088
5472 2694
3186 4438
3698 3927
2874 5021
3174 4700
4599 3257
3625 4185
5420 2903
4739 3334
3260 4924
3500 4724
4950 3424
3302 5317
4915 3550
3795 4566
4705 3840
4622 4059
3630 5549
3172 6218
4610 4158
3320 6123
5063 3923
4218 4712
3748 5584
5441 3774
3926 5316
4687 4389
4495 4658
5223 4035
4283 5015
6354 3431
4881 4347
4308 5209
4089 5595
5585 4097
4859 4723
5302 4480
4452 5463
6581 3797
4592 5525
6085 4176
4448 5828
5285 4931
5496 5332
5667 5340
6297 4763
5129 5939
5013 6464
5309 6298
5545 6151
4883 7016
6021 5743
5724 6376
6440 5751
5566 6634
5260 7322
6439 6079
6617 5959
5651 7090
6029 6689
6229 6500
6105 6734
7003 6044
6470 6445
6272 6657
5228 8329
5298 8548
6575 6759
8463 5446
5920 8352
7604 6551
7012 7112
6130 8283
6477 7904
7210 7581
6728 8340
7414 7926
8012 7263
7599 7864
7547 8242
7579 8300
7893 8103
1425359813 1778338741
1
sift 863
1283 634
6 3
114 83
36 16
18 9
4870 1779
46 20
178 117
67 42
39 23
3669 2356
40 24
253 129
165 80
75 48
4614 2426
117 67
300 178
280 149
231 101
214 110
387 251
335 162
260 138
284 143
381 260
424 180
311 148
362 141
438 269
379 200
312 159
348 163
482 273
472 316
427 165
465 179
488 282
502 312
533 172
407 232
553 303
507 328
476 205
458 223
901 336
627 298
468 226
680 191
636 442
663 380
575 244
603 237
899 446
732 456
530 262
572 256
853 498
889 497
541 280
503 309
816 553
1097 487
664 270
615 287
1004 677
1053 517
620 311
576 323
1190 589
1066 578
654 292
741 295
1173 611
1051 584
754 329
688 350
1698 530
1133 662
787 326
687 374
1342 656
1375 626
794 352
790 354
1299 772
1300 773
682 394
763 367
1140 918
1570 800
854 345
804 366
1198 935
1875 829
736 388
845 360
2121 799
1662 963
858 362
850 385
1856 1050
2136 871
836 390
866 398
2352 902
2009 1095
966 382
878 405
1908 1172
2179 1112
707 472
874 439
1915 1180
1983 1241
894 437
944 427
1968 1209
2006 1285
999 413
977 423
1955 1232
2934 1010
1007 422
862 476
2321 1456
2667 1291
856 478
830 496
2986 1322
2965 1358
992 465
1048 484
3140 1407
4423 1091
1017 500
1064 486
2718 1583
2509 1633
1090 489
1072 515
2919 1861
3561 1381
1088 514
1119 494
3048 1976
2514 1814
1134 499
1005 569
3304 2093
2991 1746
1184 512
1130 548
2704 2696
3846 1578
1208 523
1209 550
4181 2413
3658 1758
974 697
1223 559
3624 2808
3610 1808
1231 561
1466 505
3974 2674
3682 2016
948 761
1249 573
4235 2810
4165 1856
1261 596
1460 567
4488 2675
5297 1543
1277 620
1331 635
4926 2616
3468 2213
1427 627
1756 558
4566 2890
3459 2250
1335 703
1568 613
4805 2833
3502 2240
1498 674
1515 687
5101 2776
5150 1719
1723 619
1506 699
5174 2884
5952 1709
1724 631
1405 758
4894 3049
3333 2657
1714 657
1586 701
4884 3160
3585 2523
1488 743
1575 705
5028 3185
4019 2331
1512 737
1810 643
5108 3144
4460 2221
1763 675
1543 755
5393 3122
3888 2512
1552 768
1590 754
5858 3500
5675 2122
1727 724
1436 838
4668 4247
4271 2635
1581 781
1606 788
5770 3820
4598 2509
1851 709
1620 804
6087 3800
4924 2633
1785 742
1759 756
6952 3515
4762 2908
1666 819
1665 820
5314 4477
4777 2904
1700 805
1643 826
6574 3697
4772 2991
1767 780
1622 849
5571 4359
3954 3578
1825 782
1776 811
5827 4267
4720 3399
1786 823
2449 666
6856 4305
5431 3026
1760 843
1921 806
6178 4804
5715 2917
1719 886
1862 837
7262 4206
5687 3035
1798 863
1869 841
6039 4982
6210 2830
1627 942
1891 867
7237 4411
6099 2869
2054 831
1820 896
7520 4318
4022 4177
2088 824
1932 876
7441 4594
3964 4257
1926 881
1977 909
7192 5179
5787 3104
1680 1035
2226 880
8302 4897
6242 2928
2099 905
1836 979
8066 5130
5967 3091
2005 947
1883 1029
7231 5606
6616 2864
1925 1024
2176 955
8376 5004
5906 3329
2203 954
2100 982
8248 5244
6782 3079
2240 953
2594 890
8407 5519
7174 3094
2212 974
2047 1048
8198 6100
6456 3385
2201 987
2454 930
8438 6008
7577 3261
2277 998
2191 1049
5832 3996
2593 937
2008 1161
7795 3367
2095 1125
2342 1025
7617 3541
2223 1097
2363 1046
8018 3418
2148 1182
2487 1017
6792 4033
2561 1002
2161 1187
6659 4174
2287 1120
2471 1056
6035 4711
2406 1078
2192 1197
7562 3862
2558 1039
2162 1229
7011 4175
2478 1070
2209 1234
6770 4392
2658 1032
2429 1142
5568 5301
2344 1191
2401 1152
7432 4166
2629 1076
2356 1210
6622 5105
2387 1195
2715 1080
8418 4317
2473 1168
2340 1287
7286 5061
2640 1131
2690 1134
8190 4645
2484 1236
2293 1341
8480 4938
2740 1129
2171 1423
2615 1184
2482 1281
2778 1148
2995 1098
2832 1144
2282 1404
2924 1119
2649 1244
2637 1256
2664 1250
2994 1143
2571 1300
2877 1190
2400 1380
2393 1391
2419 1394
2298 1490
2833 1255
3237 1141
2920 1237
3357 1124
2844 1270
2670 1338
2145 1689
3134 1245
3212 1221
3325 1207
3716 1137
2829 1350
2707 1417
3091 1309
3520 1223
2255 1739
2603 1479
2857 1375
2782 1415
2854 1398
2675 1485
3381 1329
2644 1550
3158 1379
3042 1431
3027 1443
2902 1484
2646 1618
3486 1355
3469 1366
3524 1367
3002 1491
3441 1385
2886 1545
3292 1448
2727 1669
3640 1382
2931 1565
2817 1627
3475 1449
3587 1426
3417 1489
3077 1584
3235 1535
3328 1526
2660 1809
3305 1533
3427 1509
2876 1698
3432 1514
3022 1645
2638 1885
3248 1558
3047 1647
3473 1528
3260 1595
3315 1586
2890 1761
3345 1596
2575 1999
2769 1867
3174 1678
3400 1616
3302 1641
3230 1684
3319 1670
2938 1829
3668 1568
3663 1604
2912 1915
3291 1752
3386 1730
2697 2099
3195 1812
3630 1663
3233 1802
2800 2047
3924 1551
3625 1687
3073 1899
3661 1674
3731 1653
3024 1960
3698 1700
3576 1748
3318 1865
3374 1831
4330 1513
3648 1740
3732 1714
3759 1704
3464 1830
3578 1790
3265 1936
3978 1651
3709 1801
4089 1654
3795 1773
3163 2049
3012 2119
3764 1792
5419 1384
4832 1492
4126 1680
3880 1783
4426 1591
3748 1839
3445 2006
3869 1804
3740 1895
3697 1919
3961 1797
3922 1822
2961 2267
4131 1768
3926 1866
4286 1725
4306 1735
3814 1961
3893 1935
4318 1763
4162 1832
3479 2163
3538 2147
3752 2059
4455 1759
3934 1991
3905 2012
4085 1921
3768 2094
3799 2095
3416 2257
3659 2173
4308 1917
3968 2071
3727 2184
3842 2128
3829 2135
4530 1837
3784 2161
3935 2097
4152 2014
4114 2035
4453 1949
3937 2167
4710 1859
4407 2008
4108 2141
5532 1695
3554 2373
5029 1845
4940 1893
4575 2025
4283 2126
4773 1989
4547 2104
4610 2086
4129 2261
4408 2168
3859 2417
5175 1983
3965 2382
4463 2215
4642 2164
3623 2608
5336 1979
4597 2220
3818 2557
4792 2182
4147 2380
4980 2125
5389 2015
4927 2186
3864 2590
4419 2322
4499 2311
4095 2556
5011 2231
5489 2106
3482 2998
4689 2330
5658 2132
4489 2474
4186 2643
5498 2222
3368 3351
4635 2530
4823 2462
5281 2325
4733 2525
4992 2434
6556 2041
4309 2744
4983 2444
4513 2632
4175 2839
4888 2503
4592 2621
5782 2252
5526 2299
4622 2609
5099 2438
4863 2538
5866 2249
4261 2844
4965 2516
4822 2574
5354 2400
4492 2771
5678 2320
5503 2377
5260 2467
4854 2641
5198 2548
5298 2536
4574 2856
5398 2511
4421 2939
5496 2502
4534 2922
5212 2624
7535 2102
4562 2963
6230 2327
5781 2493
4324 3181
5352 2663
5632 2558
4865 2881
4783 2924
4495 3118
5170 2763
4883 2913
5689 2585
5309 2758
5914 2541
5773 2592
4264 3349
5664 2644
5461 2725
5719 2649
5985 2544
4626 3168
6008 2554
5007 2961
6444 2425
4468 3293
5379 2815
5129 2934
7202 2301
6088 2576
5974 2627
5207 2946
5795 2734
5911 2703
5008 3101
5195 2994
5724 2778
4657 3300
6654 2461
5870 2754
5566 2886
5536 2902
5410 2958
6917 2452
6086 2697
5274 3059
6277 2617
5318 3062
5286 3081
5161 3150
5227 3180
6615 2591
5717 2944
5947 2861
5748 3002
6151 2860
7552 2481
6085 2898
6113 2891
5651 3148
5850 3052
5285 3332
5745 3125
8299 2352
5587 3196
5502 3238
5645 3192
5711 3188
6287 2896
5603 3240
6130 2962
6264 2911
6686 2792
4628 3786
7104 2727
6631 2846
5808 3222
6627 2862
6013 3141
6295 3015
5816 3276
7014 2812
6439 2971
5925 3243
6239 3107
5667 3391
5572 3437
6422 3045
6299 3134
5020 3751
7884 2676
5634 3467
6537 3067
6365 3138
7675 2752
6632 3080
6656 3093
5151 3781
8151 2683
6308 3246
5874 3456
7333 2915
7017 3022
8132 2714
6598 3193
6415 3271
6763 3176
6452 3281
6529 3273
7015 3200
6711 3323
5458 3894
7609 3054
7653 3053
6974 3302
7513 3159
7643 3129
7485 3186
6727 3407
6543 3461
6487 3478
7820 3130
6728 3450
6811 3438
6524 3534
6229 3705
7002 3439
6668 3538
6566 3581
6857 3481
6381 3658
7450 3340
6191 3760
6396 3650
6589 3598
7657 3315
6477 3665
7394 3405
7811 3294
6962 3537
8067 3231
6384 3752
7210 3482
6297 3809
6798 3628
7243 3499
7140 3544
6272 3856
5693 4327
7825 3373
6759 3686
6765 3678
6969 3623
8146 3278
7586 3471
5920 4228
7767 3427
6967 3679
7550 3501
6755 3758
7547 3511
5962 4246
6785 3765
6497 3882
6704 3803
7836 3443
7232 3638
7083 3737
7993 3448
7048 3773
6522 3978
7929 3484
7881 3513
7505 3633
6538 3998
6683 3965
6881 3883
8347 3425
8492 3282
7605 3687
6635 4070
6057 4510
6357 4266
7091 3902
7132 3895
7652 3717
7315 3912
7816 3744
8083 3645
7105 4037
7594 3839
7320 3949
7841 3767
7982 3721
7579 3875
7312 3999
7559 3942
7893 3830
7016 4258
6149 4814
7454 4039
7378 4087
6127 4856
7411 4100
7122 4253
6888 4385
7162 4296
7724 4031
7858 3979
8221 3827
8012 3955
6581 4726
7786 4080
8003 3967
8336 3812
8135 3921
8258 3910
7863 4109
8017 4061
8212 3973
7703 4272
6644 4878
7384 4511
7564 4423
7809 4302
7745 4353
6321 5152
7729 4405
8210 4121
7506 4544
7937 4340
7483 4648
8010 4502
7195 4995
8233 4455
8107 4536
8369 4396
8353 4512
8166 4721
8391 4578
7899 4883
7934 4944
8388 4698
8219 4890
8510 4508
8453 4884
8359 5072
8526 4687
8352 5155
8021 5419
7438 5863
8513 4985
7264 6279
8050 5746
8030 6114
8490 5663
8156 6287
1425359813 2080441786
1
sift 74
78 99
195 150
382 167
419 193
261 313
494 414
572 409
664 603
741 650
817 647
1297 483
1581 980
1711 1005
1304 1384
1786 1091
1552 1348
1691 1394
2141 1580
1874 1809
2143 1679
2049 2235
1861 2802
3485 1769
3102 1911
3159 2042
2640 2618
2721 2668
2703 3405
3697 2655
3381 2887
4143 2526
4698 2424
3424 3397
3726 3120
3935 2939
3514 3559
3505 3981
4988 2834
3832 3889
4823 3111
3605 4407
4453 3596
4318 3734
4945 3433
5508 3138
4575 3848
4655 3798
4726 3794
3900 5018
5343 3741
5874 3430
6027 3439
6281 3399
4946 4393
5007 4351
5544 4699
6158 4492
6140 5032
6602 4954
6683 4950
5944 5739
6299 5949
6523 5834
6113 6620
7765 5434
7197 6325
6654 6866
6264 7698
7998 6367
7722 7171
7679 7245
7913 7518
8184 7796
8362 7677
