1646429863 1735922398
1
sift 153
63 108
1930 3584
75 102
94 190
167 181
211 311
224 323
237 632
277 552
527 496
490 591
568 597
638 521
732 515
647 599
701 571
597 693
822 918
767 1050
1040 851
1146 784
914 999
995 937
874 1114
1044 966
802 1228
1285 809
1145 951
999 1102
972 1355
1130 1187
994 1559
1122 1329
1125 1450
1107 1557
1105 1601
1252 1411
1018 2201
1650 1291
1384 1586
1263 1773
2027 1189
1398 1724
1621 1477
1152 2352
1944 1374
1215 2403
1372 2131
1901 1611
1822 1797
1715 2031
1937 1917
2032 2169
2167 2093
1874 2470
2274 2124
2436 1993
1967 2874
2202 2579
1857 3216
2589 2278
2038 2893
2339 2637
1831 3552
3734 1991
2359 3041
2689 2786
2459 3006
1839 4390
3017 2577
3140 2554
3046 2635
2565 3052
3182 2590
3189 2601
2700 3315
2918 3139
3367 3141
4128 2573
3691 2885
3239 3324
3831 2813
2302 4989
2351 5061
3720 3170
4132 2832
2616 4850
2951 4417
4314 3069
2843 4660
4415 3130
3536 3882
2908 4920
3211 4678
2990 5230
3860 3960
3605 4368
3575 4863
4332 3856
3776 4524
2976 5904
3502 5169
3335 5457
3394 5382
3311 5519
3504 5259
4034 4363
3843 4796
4679 4047
5100 3964
4885 4140
3577 6021
4628 4543
4448 5002
3358 7212
4524 5138
4545 5104
5021 4767
3774 6713
4029 6133
4362 5591
6387 3955
5550 4610
4901 5323
4295 6844
5413 5385
4245 7347
5984 5175
6760 4769
5840 5435
6523 5011
5673 5567
5161 6222
5608 5712
6588 5046
7024 4808
4467 7472
5113 6534
5378 6323
6393 5424
6291 5501
5687 6005
4853 7496
6419 6143
5469 7365
7186 5637
5329 7584
5835 6942
6818 6068
6734 6381
6241 7423
6917 7379
6795 7534
1646429863 1923562747
1
sift 334
646 688
42 71
67 65
1036 1721
62 75
69 101
1562 1892
94 107
90 146
2285 2409
100 134
136 149
2235 2889
109 253
139 191
3515 2402
132 279
141 285
2793 3112
143 326
202 256
2656 3854
182 425
225 356
3135 4314
219 377
272 334
3933 6087
186 457
217 394
4079 6825
237 386
183 541
4692 5833
249 445
298 444
4660 8201
306 456
344 421
5683 7582
311 570
324 593
453 453
281 736
362 634
332 741
411 631
400 674
451 612
407 684
531 592
490 685
537 623
473 734
464 816
650 599
424 1053
522 763
542 739
631 794
609 906
562 1149
574 1174
635 1018
660 1034
763 843
755 876
765 864
767 1042
901 898
803 1099
859 1106
881 1185
835 1394
1018 1370
916 1517
994 1427
945 1593
1152 1363
1025 1556
1090 1467
1066 1537
1035 1638
1327 1293
955 1823
1131 1546
1263 1423
1568 1299
1171 1676
1217 1633
1398 1543
1116 1925
1097 2050
1274 1684
1329 1708
1276 1803
1021 2535
1465 1628
1164 2113
1257 1875
1106 2345
1253 2019
1466 1770
1282 2109
1287 2357
1491 2023
1584 1871
1383 2331
1386 2355
1595 2032
1510 2304
1420 2445
1863 1801
1792 1923
1696 2089
1508 2488
1936 1889
1590 2417
1839 2065
1697 2192
2048 1836
1949 2064
1777 2293
2063 2082
1758 2434
1606 2735
1642 2705
1874 2473
1634 2935
2237 2138
2038 2407
1809 2784
2095 2400
2166 2354
1920 2640
2146 2405
2299 2353
1821 3025
2143 2728
1646 3965
2174 2787
2292 2622
2411 2516
1925 3520
1957 3422
2223 2948
1715 4158
2579 2533
2616 2531
1900 3790
2332 2972
3596 2107
1850 4116
2696 2599
1933 3981
2575 2775
2368 3102
2115 3685
2240 3450
2149 3689
2565 2926
2006 4071
2980 2632
2885 2717
2133 3929
2401 3367
2159 4103
2674 3161
2226 4002
2855 2966
2843 3096
3502 2616
2385 3847
2105 4601
2790 3241
2569 3656
2649 3589
2989 3297
3040 3271
3063 3290
2951 3442
3345 3209
2227 5213
2306 4918
2924 3945
2722 4208
3563 3307
2926 4007
2776 4230
3198 3835
3343 3771
3753 3335
3231 3912
3603 3534
2745 4581
3304 3894
3115 4123
3694 3675
3009 4517
2432 5763
3291 4137
3311 4174
3468 4063
3216 4467
2814 5149
3267 4430
3103 4740
3018 4903
2660 5635
3335 4460
4064 3756
4088 3813
3394 4891
3385 4932
3366 5094
3460 4960
3797 4348
3075 5708
3561 4808
3583 4804
3350 5290
3840 4412
5052 3451
3543 5139
4238 4104
3574 5154
4091 4330
2985 6434
3677 5077
3907 4717
3936 4765
3815 4934
3864 4944
3791 5099
3388 6067
4139 4757
4020 4950
3184 6734
3816 5360
3348 6385
4748 4301
3671 5852
4200 4976
4596 4497
3504 6373
4147 5175
4321 4956
3469 6647
4342 5033
3568 7170
3925 6491
4205 6028
4640 5457
4133 6246
5188 5101
4093 6596
4115 6674
4956 5496
4210 6548
4137 6820
3915 7462
5413 5254
4725 5973
4058 7379
5481 5275
4364 6735
4153 7300
4083 7520
4680 6239
6449 4572
3937 7965
3918 8045
3996 7946
4467 7057
5380 5781
4892 6381
4517 7328
5174 6328
5354 6091
5112 6533
5991 5563
5687 5823
4337 8085
5250 6505
6229 5502
4953 7043
5319 6517
5211 6711
5255 6642
5181 6770
6520 5349
4752 7553
6002 5785
4648 7808
4649 7847
5636 6222
5381 6730
4947 7596
5913 6095
5117 7439
6642 5710
5283 7404
5860 6418
5217 7559
5131 7811
5439 7473
6127 6563
5348 7886
5334 8009
6007 7098
5613 7681
6061 7332
5648 8120
6440 7216
6680 6991
6057 7933
6330 7632
6343 7621
7581 6311
7587 6462
6994 7166
5993 8154
6743 7612
6881 7579
7206 7394
6671 8015
6889 8092
7663 7327
7592 7639
7564 8030
6885 8257
7703 8136
7698 8214
7819 7903
