16635677 306120494
1
sift 59
107 144
82 39
2425 1926
4955 3418
118 55
2876 2282
284 188
3529 2851
412 362
3475 2624
667 494
4698 3044
752 557
4671 2727
1174 762
5816 3402
1019 1066
6399 4923
1265 1186
1931 1409
6883 4961
1918 1560
2575 1437
2598 1557
2907 1548
2723 1653
2820 1709
3393 2038
4189 1737
3671 2138
3705 2141
3486 2568
3790 2609
4615 2522
4096 2795
3535 3498
4142 3289
4636 3030
5079 2924
4928 3319
4178 3748
5469 3149
4293 4159
5910 3379
5749 3831
6503 3907
6230 4829
7811 3981
7438 4435
6746 4882
7412 4881
6519 5485
8016 5034
7313 5513
7104 5643
7094 5961
8022 6167
7915 6457
8108 6390
16635677 456750183
1
sift 162
21 26
478 247
29 23
1912 1120
235 87
279 134
473 326
386 133
5384 3777
350 202
336 239
710 421
622 248
5925 3775
376 258
429 233
1167 505
552 289
7768 5050
467 275
432 335
1175 627
614 313
524 404
587 370
1262 698
1299 439
653 418
893 703
1169 798
825 731
843 762
953 919
1345 910
1325 903
1237 747
1488 968
1690 920
1371 1036
1338 1124
1800 1376
1687 1593
1412 1117
2329 931
2073 1493
2715 1191
1563 1273
1867 1142
3011 1474
3286 1600
1793 1320
1976 1296
2045 1951
3064 2129
2211 1194
1752 1494
2760 1734
4027 2007
2194 1437
2292 1371
2364 2176
4167 1998
2403 1485
2834 1491
3244 1772
4139 2766
2462 1641
2905 1521
2168 2689
5748 2230
3193 1488
2224 1938
2831 2298
4907 2711
2093 2173
2801 1745
3016 2420
4652 2950
3377 1605
3030 1720
3450 2551
5499 3055
2586 1943
3272 1883
3657 2804
5796 2940
3585 2292
3981 2336
3522 2944
4343 3766
5228 1948
4283 2434
4136 2575
4999 3426
4534 2599
3966 2708
5130 2487
4824 3538
4181 2802
5110 2375
5381 2492
4524 3726
4237 2815
4577 2664
5648 2511
5769 3403
5184 2407
4583 2843
4687 3066
5885 3363
4022 3213
5253 2558
4152 3670
6501 3162
7454 2073
5526 2553
4959 3841
5167 4786
4444 3170
5893 3019
5782 3455
6296 4201
5591 3722
5221 3750
5352 4107
6191 4383
6365 3401
6357 3466
4569 5099
6579 4163
5557 3933
5423 4321
6216 4248
8246 3457
6013 3977
6162 4307
5934 4637
8005 3941
6143 4626
6465 4389
6800 4615
6314 4897
7212 4139
6582 4490
6282 5840
5952 5607
8021 3801
6841 4954
7646 5097
7529 5004
5438 6252
7455 4933
6907 5742
8020 4887
7864 5561
7786 5625
7273 6604
6809 7028
8224 5878
7749 6980
7204 7099
8123 6922
16635677 756063153
1
sift 223
47 34
45 47
128 125
64 92
219 302
143 159
150 160
340 423
170 236
303 313
933 1059
344 343
309 405
1097 1615
335 379
486 440
1331 1499
528 456
628 428
1245 1972
438 687
1192 396
1313 2333
625 658
677 828
1943 1959
816 837
884 771
2254 2350
903 885
750 1135
1903 2917
792 1196
1096 932
1996 3051
910 1224
1007 1261
2230 3104
996 1294
1147 1048
2310 3384
1071 1212
1002 1361
2476 3958
1021 1328
1296 981
2470 4026
1111 1520
1168 1446
2772 5121
1204 1467
1248 1377
2872 5334
1285 1339
1252 1394
3751 4127
1405 1232
1249 1500
3836 4368
1318 1425
1415 1354
3013 6020
1273 1647
1489 1476
3794 4436
1533 1477
1326 1857
3218 5597
1611 1638
1372 1969
3441 6176
1596 2040
1859 1718
3710 5997
1854 1747
1864 1935
4307 4825
1699 2391
1849 2204
3922 5967
1556 2849
1923 2144
3839 6438
2096 1937
1806 2336
4332 5911
1742 2548
1886 2363
4087 6868
1669 2861
1850 2513
4190 7176
2129 2186
1608 3284
5158 6319
1745 2795
1821 3114
4686 7126
2202 2541
2109 2620
4242 8620
2006 2862
2111 2734
5209 9224
1951 3062
2875 2134
8070 6281
1813 3778
2003 3353
6161 8160
2244 2953
2173 3070
5857 9199
3169 2244
2248 3317
5704 9892
3307 2240
2399 3157
6998 8830
2371 3244
2792 2883
7020 9029
1999 4611
2730 3121
7235 9641
2590 3377
2474 3919
7601 9246
2461 4025
2287 4441
3017 3127
3052 3327
2788 3745
2969 3432
2210 5809
2662 4374
2912 4038
2552 5043
3006 4289
3690 3459
4220 3011
3297 4190
2705 5312
3532 3942
4157 3213
3471 4166
3798 3738
3631 4035
3351 4408
2487 6628
3473 4357
2775 5832
2939 5454
3356 4579
2896 5805
2620 6649
4004 3892
3449 4837
3883 4314
3872 4344
3352 5290
3899 4443
2361 9211
3267 6109
2977 6815
4434 4348
3714 5529
3996 5419
4328 4858
4098 5281
4101 5441
4075 5585
2892 9495
3913 6328
4787 5056
5287 4643
4462 5778
6514 3943
3394 8760
3877 7224
3828 7819
4490 6597
4263 6900
3891 7997
4621 6553
4643 6537
5454 5935
4948 6579
4843 6812
4426 7779
5223 6773
5310 6771
4021 9725
6085 5962
5338 6936
4846 7647
6049 6075
5122 7436
6064 6302
5248 8080
5061 8589
5597 7603
5707 7433
5615 7688
6008 7244
5426 9248
7137 6761
5261 9765
6794 7611
6116 8577
5840 9177
6266 8378
7656 7196
6213 9047
6538 8685
6596 9213
7328 8261
7696 8229
7923 8446
8074 8255
7673 9366
7024 9915
7478 9657
16635677 1664374466
1
sift 230
478 372
26 43
1402 1418
47 72
53 56
939 909
65 54
1802 1855
95 79
89 65
1076 1292
108 64
1701 2055
79 114
118 105
1687 1522
98 109
4139 3884
138 170
147 124
2157 1612
151 168
4027 5197
120 341
173 159
4652 2331
297 191
5885 5318
247 242
282 305
3278 3863
197 348
5774 5604
237 411
372 261
4999 3538
410 301
5271 6475
344 466
366 421
5748 3982
552 281
5769 6642
303 590
407 484
5177 4331
342 510
463 594
622 335
6191 4412
470 476
468 593
600 498
6814 4328
483 693
677 817
690 475
7201 5166
508 647
685 1305
529 629
7301 5301
536 718
1111 1741
515 760
6163 6277
548 733
1489 1402
796 537
6579 6042
857 617
1419 1647
729 936
7769 5793
843 877
1097 2436
768 972
8129 7749
707 1119
1393 2093
842 920
907 874
1902 1757
1015 1037
1094 951
1750 1850
992 1106
1063 1121
1629 2439
817 1407
1299 917
1479 3455
1325 1012
1153 1202
1608 4271
1259 1115
1332 1147
1903 3513
1125 1353
910 1899
3705 3314
995 1963
1424 1315
2470 5419
1426 1379
1867 1170
3237 4282
1444 1458
1185 1871
3419 5666
1404 1655
1324 1825
4150 4809
1485 1685
1427 1786
4081 5334
1296 2100
1333 2106
4677 4862
1640 1877
1793 1769
4093 8400
2224 1638
1655 2201
5436 7037
1787 2003
1786 2021
5361 8766
1708 2288
1799 2169
6000 7847
2905 1604
2194 1928
1797 2580
1842 2536
2801 1812
2068 2393
2292 2160
1595 3463
2586 1959
2239 2449
1778 3161
1820 3085
1669 3834
2065 2864
2047 3227
2852 2338
2524 2587
2011 3494
2278 3309
4165 2143
1951 4750
3778 2411
3981 2298
3068 2928
3173 3121
3377 2980
3459 3027
3618 2954
2371 4671
2248 5459
3117 3726
2461 5164
3603 3507
5228 2538
2990 4307
3282 4036
4158 3131
3969 3555
3493 4110
2942 5143
3133 4765
4492 3379
3307 4601
3704 4126
3681 4310
3599 4495
5333 3135
4583 3792
5893 3219
3983 4550
3006 6817
5286 3772
4282 4443
4510 4370
3739 5832
3375 6570
4694 4408
3353 6772
3017 8335
4615 5191
6357 3882
4704 5306
4413 6035
5526 5058
4157 6934
3883 7936
4914 6103
4434 6855
4378 6962
6582 4523
5148 5989
5751 5333
4857 6383
4948 6425
7238 4499
4269 8022
4296 8037
5719 6172
6576 5422
5997 5940
4945 7359
7786 4915
6347 6126
7212 5557
6453 6247
6048 6746
6903 6040
6270 6803
6373 6819
7009 6320
5747 8348
6365 7693
6230 8164
6232 8214
5873 8859
7699 7653
7443 8698
8041 8259
8153 8427
