167977404 306120494
1
sift 124
39 74
199 140
113 236
284 430
390 319
442 422
326 583
597 425
499 868
501 940
612 902
648 835
917 629
862 769
1123 839
1183 931
988 1374
1599 999
1127 1592
1158 1550
1122 1656
1589 1224
1467 1314
1564 1402
1235 1855
1293 1975
1862 1540
2281 1494
1847 1814
2492 1482
1689 2237
2447 1625
2604 1591
2567 1620
2218 2044
2517 1896
1803 2701
2182 2284
1865 2660
2271 2423
2523 2299
2548 2428
2198 2898
2455 2541
3014 2210
3559 2070
2290 3149
3301 2365
2501 3379
3325 2609
2833 3213
3292 2795
2881 3386
3097 3296
3748 2924
2475 4613
3687 3280
4038 3078
3276 3691
3454 3544
3741 3464
4310 3383
3475 4211
6172 2764
3508 4435
4787 3394
3634 4389
4237 3930
5818 3122
4839 3573
5595 3334
4662 3905
3356 5605
4335 4474
3398 5805
4518 4397
5111 3951
3920 5524
5555 3907
5596 3889
4417 5082
6131 3981
6225 4064
4721 5371
4789 5296
4171 6298
6268 4217
4842 5376
5702 4707
6288 4556
6614 4406
4615 6420
6245 4881
4474 6779
4388 7413
6455 5283
7068 4973
7711 4835
6386 5786
7568 5029
6879 5513
7112 5462
5668 7122
8152 5080
7993 5211
7397 5533
7472 5522
8121 5351
8148 5364
6072 7211
7200 5889
6505 6797
9182 5135
9484 5023
8862 5811
8070 6496
8118 6861
8254 7028
8844 6664
9289 6921
9083 7184
9240 7109
9562 6878
9465 7532
167977404 507090750
1
sift 159
336 220
413 397
1090 1156
1126 1209
920 1606
1542 1516
1822 1604
2069 1747
1721 2206
2168 1782
2198 1777
2020 2107
1776 2476
2068 2289
2517 1962
2446 2129
2169 2459
2622 2236
2006 3154
2402 2693
2273 2935
2624 2746
2715 2661
2790 2601
2389 3153
3124 2422
2524 3160
3513 2626
2720 3379
3036 3147
3248 2998
3137 3182
3428 3011
3355 3095
3389 3161
3432 3140
3548 3057
3251 3350
3131 3730
3546 3309
3104 3995
3314 3778
4062 3192
4050 3272
3720 3707
5799 2683
3191 4460
4573 3220
3794 3905
4187 3593
4166 3634
4138 3652
3506 4233
3615 4146
4335 3513
3908 3923
3709 4117
3634 4235
4565 3388
3857 4056
3941 4023
4247 3894
4425 3794
4271 3976
4195 4079
4460 3870
4860 3575
4406 3962
4778 3669
4850 3642
3520 5029
5395 3805
5039 4062
4624 4351
4120 5032
4551 4467
6417 3529
3918 5616
4702 4541
4071 5479
4494 4988
5094 4477
4500 5011
4273 5807
4610 5225
5881 4385
4695 5368
5036 5137
6019 4425
5019 5499
6032 4675
4700 5973
5010 5661
5897 4944
5654 5722
6251 5366
5557 6211
6421 5408
4844 7076
6686 5340
6332 6007
5856 6474
6284 6128
6270 6352
7378 5442
6967 5848
6793 6068
6338 6581
7140 5937
6564 6592
6258 6980
6253 7084
5879 7611
5986 7571
7078 6396
5541 8467
7457 6238
6176 7800
5446 9157
6325 8587
7289 7119
7201 7353
7238 7341
7924 6888
8347 6713
7380 7587
5843 9686
7043 7948
6397 9140
7981 7146
7341 7796
7986 7202
8542 6827
6369 9429
8435 7022
7240 8133
8186 7261
7409 8065
8741 6964
7089 8537
8896 6939
7669 8006
7458 8313
8033 8080
7873 8349
9429 6965
8302 8060
7979 8444
8495 8217
8217 8652
9263 7755
8917 8170
9179 8177
8359 9104
8863 8860
9468 8271
8612 9214
9535 9106
9378 9666
167977404 897658064
1
sift 195
228 63
675 97
100 24
3678 2942
73 56
325 76
2089 532
166 50
3990 4497
157 67
516 153
1896 779
301 93
7444 7319
357 118
480 179
2190 858
497 148
7656 8574
540 208
962 224
3129 1104
535 246
9138 8787
539 247
711 287
3371 1140
607 413
843 345
1052 324
2808 1587
908 371
938 440
1092 461
3217 1517
1138 411
1191 486
1384 524
3612 1509
1185 705
1354 650
2035 512
4600 1609
1791 1120
1511 691
2438 608
4244 1783
2230 961
2065 796
2503 1013
4874 1689
1600 1242
2611 998
3015 941
5303 1849
2217 1134
2418 1129
1974 1283
4367 2383
2121 1297
2397 1198
2055 1556
6050 2228
2351 1341
2298 1433
3027 1166
6478 2640
2593 1412
2014 2134
3236 1396
7062 2704
2023 2147
2706 1712
3284 1547
7643 2909
1776 2670
1998 2441
2962 1714
7383 3412
2752 1878
3486 1479
4248 1426
9097 3211
3113 1864
4083 1585
3103 2314
7420 3829
3222 1883
3058 1969
3177 2366
7336 4167
3426 1836
3653 1785
3100 2442
8553 5317
3894 1740
3205 2000
4949 1990
9606 4971
2932 2187
3025 2332
4245 2257
2763 2629
3352 2367
4036 2411
2960 2790
3194 2843
3174 3082
2914 3335
4419 2574
5625 2321
3805 2898
3704 3068
5220 2500
3812 3738
3396 3445
5919 2380
5330 2901
5179 2792
4084 3285
4634 3359
5123 2890
5437 2814
4560 3430
5471 2842
5777 2765
4534 3483
8583 2291
5685 3222
5874 2936
5012 3316
8393 2553
5118 3370
4947 3666
5489 3452
5294 3488
4535 3978
6195 3196
4364 4235
4907 4017
6536 3240
5812 3524
4331 4649
6848 3124
6212 3463
6515 3294
6460 3344
7469 3114
7008 3251
7005 3900
6134 3856
4845 4737
7364 3789
6010 4131
7219 3725
7520 3744
5068 5449
9015 3456
8120 3941
7462 4018
5019 5766
9002 3793
6262 4795
7361 4337
7053 4561
6962 4624
9393 3739
9235 3836
7811 4333
5232 6352
8881 4114
7589 4660
8677 4274
7934 4653
7941 4679
5815 6271
6444 5710
6409 5999
7505 4935
7660 5029
8705 5468
6007 6599
7843 8789
7357 6642
6841 7099
8619 6516
7069 9586
9207 6172
8645 6668
6967 9652
7546 9655
7738 9746
7669 9779
8842 8371
9169 9702
167977404 1039067838
1
sift 194
219 227
144 79
532 487
561 483
319 263
526 552
387 481
553 567
681 732
1034 688
1517 519
923 969
848 984
1137 1032
963 949
1182 786
1081 955
825 1211
1409 1581
1473 777
1254 1302
1147 1251
1617 1328
2123 1225
1726 1109
1299 1313
1700 1184
1928 1242
2108 1676
1270 1704
1375 1711
1887 1432
2022 1556
2428 2042
1950 1575
1555 2103
2110 1660
1944 1727
3660 2640
1826 1972
1476 2767
2225 2286
2252 2161
3987 2863
2177 2169
2432 2146
2971 1854
2393 2456
3541 3267
2618 2078
2676 2475
3325 2006
2831 3413
3465 3343
3053 2426
2963 2826
3163 2413
3129 3057
4044 3123
3403 2369
3371 3437
2813 2909
3834 3042
4934 4682
3200 2671
3132 3889
4200 2331
3456 3557
5481 4588
3841 2625
3372 3675
3050 3313
3624 3612
5670 4880
3213 3147
2923 4413
3231 3321
4244 3328
7252 4623
4447 2780
4086 3366
3609 3703
4661 3207
7319 5084
4016 3573
5554 2799
3497 4153
4737 3522
5841 6687
4300 3634
4599 3352
3420 4481
4758 3628
7663 5267
4871 3370
5182 3239
4951 3411
4396 4390
7841 6493
4481 3893
5043 3749
4862 3604
4009 5053
8670 6410
5105 3732
4663 4045
4124 5101
4465 4492
8282 7075
6311 3669
7223 2982
4690 4964
4846 4519
8211 7368
5516 4658
4912 4955
4696 5607
5478 4759
9091 7961
5637 4885
4874 5382
5662 4900
5747 5178
7992 3846
6478 4982
5681 5284
6633 4870
6153 5125
5497 6081
7582 4711
6050 5728
6427 5397
7733 4729
7073 4996
6462 5673
5902 6270
6344 6066
7273 5114
6048 7222
6724 5616
6785 6151
7317 5130
5540 8736
7818 4894
7952 5342
7185 5400
8307 6183
8122 5100
6892 6290
8812 4946
9143 5914
6339 6757
6718 6468
7327 5936
9119 6047
7218 6008
7375 6102
9665 4502
7539 7301
7497 6072
7081 7772
7657 5984
7670 7412
7379 6329
8775 6541
8103 6108
8220 7098
6712 7666
9348 6559
5751 9243
7856 8000
7815 6741
8434 7749
8160 6546
8449 8172
8482 6804
8561 8078
9424 6637
9409 7516
8757 7100
9546 7431
8628 7193
9357 7806
9385 6707
8274 8984
8840 7435
9584 8170
8689 7737
8556 9543
7794 8721
8386 8783
8990 8763
9461 8232
9532 8169
167977404 1196896543
1
sift 159
485 937
1180 1401
65 133
563 772
262 413
99 177
487 1036
1264 1878
217 272
497 906
483 671
260 289
1092 1422
2058 2147
237 408
649 1140
1034 1418
294 574
1172 1948
2254 2751
385 613
750 1119
1242 1899
439 765
1354 1749
2374 3225
522 739
696 1429
1606 1914
810 1253
1384 2012
4489 2791
1086 1259
1020 1566
1496 2158
1244 1520
2126 2739
3309 3751
1187 1727
1176 2040
1768 2331
1207 1856
2397 2992
5226 4089
1249 1851
1269 2043
1993 2965
1323 1748
2416 2988
4163 5935
1138 2375
1333 1998
1826 3490
1424 2101
2975 3453
5311 5483
1591 1890
1630 1862
2364 3254
2117 2508
3027 5342
5389 5758
1618 2025
1427 2466
2702 3511
2005 3295
5505 6134
1675 2205
1751 2312
2858 3371
3250 2406
6311 6503
1561 3036
1950 2546
3026 3561
3259 2785
6745 7530
2196 2908
2217 2893
3841 3761
3276 3775
7740 7345
2002 3331
2279 2990
3628 4878
4302 6570
7381 7890
2554 2660
2343 3086
3626 5617
4292 6826
2531 3155
2334 3641
3962 5472
5086 7685
2781 3386
2889 3430
4920 4409
6489 6748
2823 3780
3195 3383
4503 5580
6194 7652
2810 3934
2916 3925
4288 5990
8279 8206
3030 3975
2813 4528
5288 5329
2955 4414
3477 3844
5134 6107
3594 4050
3289 4513
5304 6083
3662 4170
3685 4277
5105 6836
3512 4540
3337 5008
5519 6276
3403 4894
4200 4180
5404 6504
4642 3949
3853 4893
5681 6355
4360 4773
3736 5977
5779 6659
4635 4680
4867 4573
5152 7689
4159 6253
4192 6660
6131 6525
4783 5622
4377 6379
6351 6391
4051 7510
4481 6630
6839 7936
5342 5744
5423 5688
7711 7292
4825 6597
4851 6640
5290 6910
5178 7111
4789 7879
5709 7105
6641 6314
6345 7332
6553 7679
6962 8225
6885 8250
8150 7977
9196 8022
167977404 1761909473
1
sift 110
540 752
13 16
319 106
592 526
1254 1194
301 329
1092 1171
661 296
357 406
1172 1555
3253 3239
577 420
1354 1318
1085 660
710 763
1201 1498
3371 3185
1088 543
1384 1594
849 993
750 849
1703 1652
4244 3652
1107 1204
3845 3129
1375 1181
1268 1215
3217 2772
3624 4956
1333 1264
4570 2860
2022 1089
1618 1440
2752 3519
4758 5293
2302 1029
4084 4666
1944 1623
1950 1189
3612 2875
4874 5649
2039 1305
4949 5245
2952 1331
1820 1583
5437 4789
6000 5074
1851 1562
5685 5806
2239 1962
2502 2142
5068 6266
6478 5917
2286 2135
8393 8030
2254 2169
2482 2317
7538 5757
7539 8330
3383 1789
3510 1897
2899 2209
8159 1294
2970 3834
2593 3059
3800 2141
3995 3141
2908 2672
3736 2711
4489 3180
3194 4144
4481 2969
4925 3492
3205 4356
3293 4303
5497 4162
3066 5610
4170 5061
6785 3874
5330 4834
4846 5373
5570 4740
5369 4975
5902 4572
5311 5243
5308 5575
6892 4222
6231 5108
5350 5720
9546 3877
6568 5753
7185 4825
5170 7147
7235 5588
5812 6936
7218 5466
7856 5232
4609 9147
7327 5780
7178 6336
8087 7068
7733 6104
9357 5227
9361 8992
8277 6307
6797 9026
9358 9764
9584 6960
9052 7600
9409 7838
167977404 2119627969
1
sift 640
1841 2589
56 85
83 120
91 166
65 179
73 144
69 207
130 230
149 196
100 215
129 271
124 309
217 292
157 303
166 362
156 355
213 310
211 409
238 416
195 480
191 503
223 481
266 557
299 458
251 511
310 455
258 606
308 506
322 667
315 494
301 560
294 655
358 1011
338 565
345 581
326 904
439 986
341 623
336 722
523 977
568 996
384 646
375 689
563 894
713 1176
351 870
505 803
609 1087
958 1147
500 830
478 884
624 1130
886 1484
622 732
535 848
605 1377
845 1562
527 896
559 844
656 1188
951 1579
521 1035
565 980
501 2370
862 1834
572 1021
494 1195
693 1427
847 2117
589 1106
539 1314
750 1429
897 2125
631 1173
660 1118
727 1576
1126 1993
607 1456
701 1139
844 1412
1026 3318
696 1199
666 1300
879 1383
1344 2232
749 1258
725 1366
753 1697
1424 2213
721 1488
789 1352
894 1459
1301 2587
786 1509
760 1596
930 1530
1339 2641
773 1658
798 1590
982 1464
1506 2594
790 1735
822 1709
868 1674
1464 2711
1003 1481
1008 1476
794 1903
1685 2439
986 1533
960 1680
932 1651
1597 2606
1119 1403
964 1908
991 1681
1446 3244
990 1693
987 2067
859 2032
1721 2676
1021 1722
1014 2019
1167 1486
1766 2599
1089 1743
1096 1819
1123 1761
1808 2738
1111 1790
971 2176
1110 1845
1551 3646
1044 2027
1392 1453
1105 1935
1812 2925
1107 1947
1040 2113
1135 1927
1629 3790
1129 1932
1138 1864
872 2914
2006 2923
1057 2137
1115 2030
1141 2038
2020 3747
1102 2107
1185 2046
1149 2079
2247 3456
1124 2286
1320 1826
1193 2057
2552 2987
1062 2475
1118 2375
1179 2149
2169 3776
1084 2476
1202 2095
1195 2361
2067 4097
1267 2004
1190 2284
1388 2078
2127 4019
1510 1783
1284 2209
1249 2353
2365 3659
1486 1982
1559 1980
1146 2909
1796 5460
1356 2391
1250 2579
1150 2889
2474 3597
1359 2400
1442 2247
1235 2622
2094 4470
1553 2202
1702 2196
1805 1867
2156 4520
1248 2795
1313 2864
1268 2759
2386 4203
1453 2598
1439 2639
1470 2592
2395 4303
1332 2933
1586 2549
1422 2875
2061 5582
1561 2586
1600 2556
1767 2456
2501 4251
1499 2729
1495 2757
1449 3204
2580 4215
1680 2523
1599 2685
1563 3012
2456 4458
1696 2562
1588 2892
1754 2623
2433 4838
1675 2879
1437 3558
1368 3926
2524 4707
1692 2883
1292 4132
1528 3365
2802 4180
1676 3069
1722 3048
1591 3410
2828 4142
1661 3312
2048 2531
1966 2675
2329 5962
1831 2855
1814 2958
2492 2308
2208 6746
1875 2813
1756 3209
1753 3560
3036 4216
1800 3130
1747 3375
1932 3005
3590 3717
1925 2831
1733 3455
1882 3418
2867 4712
2255 2536
1673 3866
1903 3368
2400 6303
1752 3807
1931 3236
2047 3106
3314 4061
1860 3502
2083 3041
1862 3798
4057 3525
2023 3212
1704 4312
2039 3623
3248 4895
1897 3578
1967 3432
2007 3868
2746 6181
2014 3341
1828 3860
2343 3521
3583 4579
2129 3151
1998 3463
1962 4402
3191 5394
2147 3250
1991 3599
2290 3760
3286 5334
2134 3342
2045 3561
2353 3698
3591 5051
2001 3670
2086 3490
2571 3426
3251 6087
2157 3371
2069 3671
2297 3969
2690 8182
2212 3438
1861 4489
2179 4284
2884 7268
2303 3629
2171 3931
2561 3478
3614 5832
2136 4068
2168 4073
2103 4588
3325 6626
2288 3910
2199 4230
2238 4325
3903 5779
2363 3940
2182 4343
2088 4687
3489 6424
2121 4500
2616 3488
2334 4134
3795 6051
2226 4378
2351 4139
2377 4104
3918 6011
2441 3995
2554 3812
2271 4447
4071 6230
2593 3771
2559 3879
2281 4476
3454 7606
2681 3634
2686 3751
1908 5797
3797 7178
2477 4070
2622 3964
2528 3996
3876 7146
2624 4008
2637 3987
2357 4604
3637 7852
2609 4074
2287 4926
2211 5294
4019 7170
2523 4336
2446 4554
2638 4208
5288 5435
2845 3865
2542 4457
2569 4564
4166 7768
3031 3649
2517 4724
2603 4846
4273 7474
2674 4374
2692 4621
2810 4389
4398 7323
2691 4718
3293 3794
3229 4067
4265 7923
3089 4078
2809 4642
2522 5843
4500 7245
2710 4966
2631 5405
2889 4713
3767 9012
2773 4943
2742 5118
2881 4775
4493 7314
2553 5867
2914 4765
2650 5622
4547 7277
3208 4334
3124 4533
2409 6666
4169 8433
3013 4733
2837 5174
2521 6311
4425 8173
2930 4969
2841 5342
2863 5156
4698 7690
2720 5848
2985 5046
2887 5716
4556 8001
3224 4622
3195 4696
2921 5652
5060 7149
3113 4986
3074 5194
2955 5634
4615 8000
2934 5648
3006 5477
3301 4912
4806 7657
2805 6122
3449 4757
3014 5623
4432 8537
3069 5485
2814 6304
3165 5646
5019 7399
3201 5339
3593 4823
2833 6642
4700 8533
3352 5242
3085 5828
4278 4222
4695 8799
2950 6217
3090 5931
2819 6916
4610 8950
3137 5901
3008 6281
3082 6197
5446 7707
3681 5011
2944 6609
3986 4727
6352 6829
3513 5398
3520 5453
3472 5545
5523 8247
3196 6240
3431 5772
3242 6245
5879 8273
3337 6063
3388 5996
3478 5888
5519 8964
3781 5386
3720 5626
3742 5547
5988 8398
3092 6774
3415 6139
3756 5764
5843 8601
3523 6000
3460 6102
3561 6199
6004 8717
3424 6295
4469 4747
3852 5815
6500 8122
3381 6475
3821 5753
3299 7006
6514 8457
3653 6047
3279 6809
3410 6784
6979 8405
3894 5741
3751 5981
3741 6348
6615 8855
3601 6225
3709 6088
3443 6823
6869 9009
3546 6397
4238 5428
3099 7991
9197 8704
4214 5475
3855 6029
4051 6149
3763 6272
4222 5682
3560 7001
3754 6364
4107 5890
3674 6787
4315 5599
3699 6610
3180 8252
4007 6171
3597 6880
4198 6077
4102 6221
5295 4706
3616 7012
4192 6105
4066 6329
3622 7078
4853 5272
4331 6058
4176 6460
4028 6546
4085 6478
4186 6480
3823 6970
4055 6592
4260 6355
3970 6751
3989 7092
3778 7263
4673 5826
4559 6120
3803 7439
3805 7615
3981 7280
4151 7084
4505 6405
4050 7356
4000 7453
4313 6966
4907 6110
4621 6499
4578 6590
4272 7266
3954 8344
4131 7669
4624 6652
5167 6182
4249 7532
4899 6350
4449 7125
4266 7535
4322 7493
3920 8726
4138 7992
4187 8093
4849 6683
4417 7721
4330 8017
4507 7683
4563 7343
4851 6906
4310 8441
4573 7408
4518 7566
5709 6251
5036 6760
4342 8206
4491 8244
4665 7317
4628 7599
4332 8779
4947 7060
5039 7122
4662 7982
4730 7727
4727 7759
5104 7293
4721 7875
4778 7832
4532 8349
4551 8263
5068 7486
5065 7385
4989 7620
5161 7348
4506 8754
5312 7200
4963 7821
4916 8175
6309 6284
4997 7942
4783 8449
4845 8260
5073 8128
5629 7480
5118 8056
5092 8250
6083 6974
6665 6312
4926 8638
5285 8184
5388 7979
5440 7947
5308 8177
4860 8831
5119 8544
5255 8590
5520 7985
5649 7826
6038 7442
5812 7712
5247 8615
6321 7321
6236 7228
5379 8583
5585 8540
4530 9112
5856 7950
5862 8142
5419 8645
6473 7131
6293 7835
6332 7478
5345 8888
5688 8751
6250 7729
6225 7770
5818 9032
5905 8234
5401 9011
6271 8967
5655 8775
6409 7733
6837 8856
5830 8869
7222 6939
6899 9089
6350 8275
5966 8846
8088 8847
6076 8763
6818 7762
6671 8104
6103 8939
6841 8392
6128 9079
6338 9063
6120 9098
6809 8760
7076 8928
7977 8159
