1735922398 1789068863
1
sift 876
40 60
20 29
2 6
1185 1227
5 14
17 24
75 108
64 56
36 66
82 131
62 91
152 171
79 99
69 97
110 129
74 96
188 316
145 199
71 107
116 166
123 137
270 276
217 222
119 151
143 138
139 142
253 348
320 290
124 174
137 176
181 181
303 332
331 320
187 196
225 286
195 179
289 375
342 335
213 202
313 376
210 248
393 404
346 385
218 271
384 436
243 253
422 405
365 395
231 299
416 397
260 289
360 502
357 527
265 291
402 492
230 328
436 458
474 447
308 317
457 463
277 364
449 622
444 491
248 425
430 526
315 345
576 612
505 472
280 427
550 522
285 420
562 782
451 513
352 326
582 630
348 359
601 824
522 486
359 352
704 871
377 379
958 1319
648 462
429 339
852 794
381 407
1142 1074
518 561
388 449
1028 1060
441 412
1069 1303
697 600
415 441
976 1139
424 437
1184 1232
701 589
463 422
1163 1177
411 489
1193 1335
725 609
409 547
1131 1302
427 539
1199 1337
788 683
495 487
1179 1297
413 631
1387 1463
930 624
613 446
1361 1499
468 557
1390 1492
723 753
599 481
1459 1436
477 583
1494 1576
724 814
591 499
1543 1613
545 518
1554 1620
825 770
435 671
1319 1871
542 577
1659 1851
813 815
569 571
1312 1963
557 604
1701 1947
820 826
543 662
1563 1836
487 743
1775 1845
923 789
563 692
1561 1855
621 651
1843 1826
819 969
639 644
1541 1932
800 621
1698 2239
866 928
741 685
1794 1649
680 779
1858 2023
997 869
735 783
1807 1746
747 797
2355 1680
1143 791
675 924
1766 1805
748 848
1981 2072
1033 1022
794 813
2005 1699
966 707
1628 2676
1232 836
881 748
1744 2152
834 910
1888 2240
1104 989
869 917
1912 2068
847 947
2092 2087
1323 907
909 877
1909 2297
991 847
1962 2342
1191 1096
762 1200
2098 2252
920 987
2071 2366
1151 1185
855 1071
1812 2809
924 1014
2174 2456
1063 1460
890 1062
1932 2703
1265 772
2338 2515
1214 1187
1089 896
2417 2374
992 1027
2315 2802
1273 1157
940 1119
2611 2225
943 1118
2916 2191
1375 1203
1093 985
2094 3109
1059 1030
2502 2716
1162 1516
1147 963
2373 2832
901 1257
2595 3073
1438 1354
1006 1197
2354 3023
1156 1044
2711 2960
1507 1353
1329 943
2521 2824
1251 1068
2861 2847
1421 1461
886 1676
4112 1858
1009 1582
2678 3290
1649 1350
1348 1098
3105 2655
1194 1235
2761 3183
1564 1587
1357 1107
2914 2985
1126 1370
2834 3138
1694 1484
1174 1321
2685 3330
1137 1391
3065 3056
1620 1585
1322 1165
2771 3511
1155 1441
3181 3308
1632 1600
1212 1374
3033 3343
1441 1163
3107 3430
1900 1356
1365 1230
3380 2998
1336 1363
3205 3821
1803 1489
1429 1286
2698 3842
1176 1636
3549 3756
1813 1483
1160 1666
3527 3135
1304 1471
3451 4009
2178 1280
1622 1228
3314 3546
1559 1288
3600 4098
1711 1667
1537 1315
2767 4234
1560 1311
3646 4058
1719 1791
1398 1466
3508 3557
1328 1598
3417 4425
1750 1869
1359 1569
3457 3744
1353 1599
3740 3987
1827 1867
1293 1731
4064 3591
1333 1701
3731 4066
1826 1889
1502 1560
4082 3668
1380 1677
3850 4044
1863 1880
1515 1577
4563 3531
1670 1473
3596 4493
2077 1781
1917 1325
3846 4205
1435 1773
3905 4251
2029 1829
1531 1691
3920 4189
1284 2151
3943 4275
1951 1936
1475 1866
4391 3971
1569 1771
4770 3776
1791 2262
1604 1735
4160 4184
1859 1537
6552 2923
2061 1988
1640 1753
4065 4393
2214 1437
3949 4598
1996 2075
1606 1924
4014 4482
1523 2185
4019 4739
2293 1832
1733 1859
3652 5198
1627 2088
4189 4605
1970 2123
1715 1940
4355 4469
2068 1665
3635 5626
1878 2251
1688 2099
3872 5286
1727 2049
4550 4471
1946 2168
1763 1989
4593 4395
2087 1728
3840 5479
2162 1971
1831 1964
4077 5325
1969 1847
4301 5061
2116 2055
2190 1697
4173 5249
2133 1744
4994 4414
1848 2337
1756 2170
4350 5128
2350 1664
4828 4764
1965 2222
1864 2027
5897 3811
1630 2422
4686 5097
2204 2034
1877 2050
4669 4794
1895 2038
4799 5078
2217 2193
1619 2471
4528 5092
2242 1766
3913 6239
2424 2016
1861 2113
5041 5299
1988 1991
5036 5319
2064 2521
2331 1732
5188 5248
1914 2133
4899 5500
2185 2428
2148 1946
5055 5436
2111 1982
4699 5941
2538 2241
2164 2035
3941 7029
1820 2384
4613 6149
2508 2372
2169 2048
4830 5891
2107 2106
4874 6135
2919 2116
2014 2231
5015 5829
2294 1983
5263 6095
2337 2719
1997 2301
5780 5635
2020 2293
5627 5886
3076 2127
2307 2042
5657 5858
2366 2003
5149 6699
2679 2449
2108 2261
4790 7333
1976 2385
7119 5152
3276 2233
2205 2182
5646 6009
2128 2306
6025 6252
2983 2621
1825 2740
6225 5764
2139 2358
5886 6538
3057 2630
2330 2223
6282 5930
2438 2146
5939 6541
2725 2997
2467 2128
6463 6191
2403 2208
5938 6762
3228 2564
2013 2589
5520 7397
2187 2436
5995 6819
3067 2735
2500 2158
6718 6209
1973 2727
6574 6549
2639 3258
2402 2285
5533 7604
1939 2871
6274 6945
2940 2883
2170 2559
7248 5960
2428 2367
6438 6825
2911 2955
2022 2906
5903 7445
2841 2064
5691 7743
3289 2671
2347 2545
6459 7210
2142 2902
6791 6977
3770 2364
1830 3647
6384 7523
2514 2460
6722 7411
3087 2879
2477 2542
7042 7160
2416 2660
6751 7479
3452 2592
2260 2934
7172 7097
2397 2725
6760 7566
3413 2622
2637 2446
6901 7572
2786 2415
7325 7224
2939 3168
2449 2840
7688 6210
3316 2140
7250 7765
3403 2754
2641 2634
7446 7763
2605 2702
3030 3133
2566 2781
2369 3237
3422 2818
2764 2667
2810 2616
3875 2491
2649 2851
2788 2807
3299 3026
2676 2995
3074 2582
3266 3074
2607 3118
2952 2731
3280 3173
2891 2829
2974 2739
3378 3082
2718 3094
2489 3521
3530 3105
2591 3298
2996 2811
3236 3564
3006 2836
2661 3301
3546 3201
2866 3003
2921 2961
3538 3365
3472 2511
2377 3981
3558 3443
2804 3440
3094 3122
3601 3499
3255 2982
2794 3610
3642 3541
3029 3294
2943 3439
3517 3753
3543 2837
3174 3226
5134 2635
3495 2897
3309 3166
4130 3255
2391 4787
2907 3716
3749 3658
3388 3210
3466 3154
3848 3573
3324 3354
3448 3235
4253 3275
3329 3424
3447 3334
3973 3554
3399 3420
3334 3508
3892 3659
3649 3156
3168 3777
4129 3496
3603 3348
3741 3188
5216 2954
3036 4002
3599 3391
4164 3645
2648 4814
3856 3111
4421 3624
3275 3783
3285 3810
3632 4339
3623 3514
3689 3454
4690 3523
3654 3505
3644 3603
4005 3990
3185 4122
3186 4208
4037 4159
3752 3578
3789 3542
3965 4272
3610 3751
3933 3458
4442 4034
3358 4090
4524 3055
3643 5349
3502 3954
3712 3759
5004 4135
3877 3608
3960 3574
4786 4311
3238 4405
3286 4392
4776 4569
3492 4080
3942 3717
4811 4568
3629 4011
3977 3726
3843 6023
2900 5474
3474 4363
4928 4809
3144 5031
4039 3741
5065 4842
4850 3253
3463 4615
5509 4352
3918 3973
4368 3699
4880 5098
4098 3918
3346 5127
5399 4592
3932 4126
3921 4150
5320 5114
4543 3779
4174 4099
5451 4951
4734 3748
4360 4041
4247 6398
4148 4286
3968 4503
5336 5272
3970 4660
3411 5700
5270 5345
4405 4201
3776 5033
5456 5112
3908 4893
4538 4138
5218 5448
4079 4613
4074 4679
6079 4770
4038 4743
4853 4005
5575 5296
4684 4140
4278 4535
5593 5598
5131 3899
3799 5284
5927 5442
3819 5269
4522 4365
5598 5766
4150 4846
4573 4331
5642 5743
4863 4133
5230 3922
6636 5120
4274 4786
3995 5142
5706 5943
4732 4280
5323 3942
5173 6810
3814 5492
5363 3927
6300 5534
4250 4913
4275 4899
5749 6005
4622 4497
4116 5136
5693 6181
3944 5426
3653 5935
5984 6186
3831 5587
4273 5004
5777 6574
4947 4282
3827 5616
5915 6409
4954 4313
5085 4235
5662 6867
4294 5104
5022 4374
6267 6117
4432 5080
4171 5416
6071 6416
4354 5246
4036 5617
6165 6332
4302 5300
5245 4340
7283 5687
4054 5611
4532 5072
6877 5966
5039 4543
4876 4738
7505 5537
5566 4109
5105 4585
6881 6103
3510 7127
4806 4944
7351 5777
4435 5377
4519 5295
6695 6319
5459 4361
5238 4652
6389 6900
5231 4664
6653 3770
6393 6910
5419 4430
4299 5615
7617 5726
5088 4857
3820 6424
6474 6997
5497 4379
4951 4993
7285 6226
5178 4799
4634 5353
6257 7288
4366 5652
4000 6145
6797 7060
4989 5054
4216 5871
7146 6734
5284 4837
4875 5236
6886 7162
5940 4223
5122 5094
6715 7549
4244 5980
5068 5180
7346 7293
5344 4924
4569 5666
7474 7653
4772 5488
6323 4093
7669 7317
4608 5707
5462 4902
5091 5373
4256 6365
4182 6607
5758 5010
5499 5342
6713 4428
5805 5116
6765 4504
5234 5938
4870 6611
5539 5697
7496 4337
5517 5839
5315 6148
5018 6622
6024 5446
5765 5644
4320 7699
4753 7152
4605 7396
6539 5195
6162 5470
5924 5629
5910 5731
5725 5914
6133 5585
6078 5719
6021 5783
4857 7466
6187 5710
6059 5813
4945 7379
5605 6288
5675 6403
5113 7398
5989 6055
6086 5976
5056 7517
5664 6494
5768 6389
6018 6129
5599 6781
5402 7182
5862 6442
5894 6423
6261 6213
5730 6881
5746 6963
6422 6190
5874 6800
6127 6539
6026 6675
5633 7225
6131 6654
6434 6434
6328 6527
6950 6017
5660 7434
6409 6537
7202 5928
5754 7414
6465 6604
6580 6504
7347 5846
5859 7346
6719 6499
6883 6412
6249 7102
6058 7321
6894 6479
6306 7177
7037 6513
6001 7550
7124 6446
6509 7104
6989 6644
6865 6895
7605 6048
6495 7329
7049 6783
6618 7286
7350 6480
7660 5961
7162 6830
6445 7563
6844 7287
7490 6535
7020 7136
7015 7190
7071 7219
7365 6876
7208 7088
7436 7026
7422 7277
7253 7560
7353 7475
1735922398 2102469315
1
sift 79
102 203
478 969
323 443
1021 1546
326 539
2764 5330
492 775
1456 1216
515 1013
5373 6995
597 805
1237 1872
693 1363
986 1051
1844 2463
918 1385
985 1417
1823 2622
1102 1497
999 1794
2854 2357
1169 1571
1262 2308
3167 3916
1147 2641
1415 2106
2825 4925
1493 1994
1451 2143
3899 4664
1329 3308
1558 2815
5729 7980
1374 3615
1797 2507
1941 2735
1991 3082
1795 4161
2374 3108
2278 3513
2180 3702
2552 3144
2169 3969
2213 4506
2389 4359
2594 3963
2786 3805
2956 3995
2586 5554
3157 4930
4085 3950
3450 5053
3598 5212
4678 4600
4166 5236
4330 5443
4677 5277
3845 6915
5075 5321
3975 6963
4757 5652
4701 5726
4262 6546
4201 6953
4365 6768
4920 6075
4737 6388
4188 7597
4736 6919
4808 7480
5012 7097
4796 7610
4989 7584
5393 6799
5428 6837
4863 8094
5636 7374
6844 6947
6005 8088
