1738048405 1988776702
1
sift 77
1590 6226
15 11
53 80
1704 4173
93 38
67 71
260 289
3705 8420
106 56
162 177
442 644
225 273
277 303
1241 2448
383 249
304 338
2825 5165
404 296
584 339
3027 5523
504 645
502 679
3606 6757
619 894
771 1158
882 1005
1049 1007
1036 1071
1419 999
1306 1552
1672 1222
1801 1449
1760 1544
1430 2135
2367 1679
2159 1819
1630 2562
2140 2473
2994 2320
2435 3613
2732 3448
3680 2670
3196 3498
3959 2858
3878 3240
2828 4438
3064 4085
4275 3315
4913 3270
3210 5207
3731 4536
3845 4798
4978 3747
3962 4872
3303 7278
3874 7282
4286 6287
4693 5921
4393 6453
4678 6161
4263 7384
4101 7940
6105 5185
5027 6441
5622 5765
5194 6436
5062 7057
4818 7539
4656 7903
3990 8459
5930 5972
7811 4672
6495 5903
6853 6231
7499 5940
6446 7584
7861 7137
1738048405 2119627969
1
sift 75
151 81
821 757
309 147
613 599
339 179
390 292
1266 795
334 243
1048 1304
429 257
534 466
1225 851
383 333
1590 1097
450 323
1102 773
1166 1132
584 346
1741 1533
617 518
1243 986
3627 3826
621 638
2643 3005
785 602
1356 981
5083 3959
920 939
5801 5291
1674 940
1466 1153
5370 4359
1681 1519
7043 5774
1409 1284
2000 1939
7504 6567
2121 2171
7515 7721
2668 1732
2282 2642
3005 1955
2368 2453
2755 2518
2774 2182
2769 2560
2951 2548
2994 4540
3462 2947
3621 3205
3295 4830
3234 4287
3562 4146
4656 3386
4800 3135
4097 3844
4913 3540
3868 5042
6111 4231
4275 4827
4833 4947
6243 5345
5415 5093
6853 4690
5705 5873
6495 5415
6481 6254
6968 6274
6746 6790
6593 7045
7757 6956
7001 7512
7862 6710
7892 7163
6874 8437
