19292366 148862797
1
sift 1119
54 61
10 8
24 19
316 330
25 21
40 34
96 96
65 59
47 47
626 336
113 129
46 51
138 164
60 72
58 55
632 534
140 183
71 56
294 283
93 88
67 93
859 487
327 296
89 92
351 287
154 135
108 102
895 543
325 331
101 105
339 338
200 156
142 118
965 735
360 344
135 137
368 352
256 216
145 130
925 881
366 374
127 149
769 605
307 263
162 136
1117 938
504 405
185 150
869 751
340 253
164 170
1201 1207
823 595
179 160
835 794
317 323
191 172
1523 1135
1015 743
213 191
1071 722
330 322
255 188
1611 1129
880 892
217 213
1068 868
362 337
270 223
1696 1325
952 835
254 255
1075 943
385 360
251 262
2572 1434
1065 845
274 245
1316 1050
397 363
309 233
2030 1957
1303 963
358 240
1251 1127
411 411
375 247
1837 2600
1308 978
337 292
1305 1126
490 370
350 285
2092 2480
1360 1227
276 361
1435 1102
786 379
399 275
1972 3108
1540 1358
286 369
1667 1072
593 474
371 311
2712 2125
1693 1253
386 303
1466 1367
709 429
380 326
2282 2663
1625 1316
335 371
2206 1327
568 537
408 321
3348 2074
1949 1247
456 350
1684 1628
643 556
387 414
3337 2596
2033 1976
441 381
1603 1814
791 457
485 373
2731 3643
1884 2173
513 390
1869 1581
760 519
469 422
3519 2886
2528 1769
545 384
1909 1788
849 594
569 394
3793 3043
2655 2068
560 410
2077 1663
921 650
536 443
3465 3919
2686 2110
607 440
1975 1798
1107 771
578 453
4703 3337
2954 2059
473 600
2254 1612
1142 757
586 455
5802 3116
2750 2311
575 480
2483 1802
1052 915
546 553
5015 3736
3279 2065
663 463
2388 2039
1082 902
621 490
4350 4408
3232 2229
533 599
2238 2314
1152 854
580 536
5037 4484
3349 2559
637 514
2486 2175
1220 846
606 619
5159 4466
3442 2778
702 530
2972 1828
1317 849
704 550
5859 4456
3508 2808
720 538
2688 2083
1269 965
777 583
5788 4647
3175 3328
836 545
2744 2051
1083 1194
781 622
4958 5990
3815 2801
883 590
2386 2639
1473 1038
788 651
6330 4689
3868 3119
764 674
2948 2548
1266 1233
890 615
5715 5246
4260 3150
848 647
2889 2672
1461 1078
829 672
5507 5616
4032 3388
828 680
3228 2572
1477 1109
824 681
6730 4960
4287 3293
1046 630
3586 2883
1351 1392
863 729
6013 5550
5176 2934
931 686
3877 3294
2014 1000
1056 648
5785 5858
4706 3256
838 755
4076 3179
1911 1047
919 710
5792 6016
4658 3363
948 748
4730 2765
1570 1320
982 736
6729 5263
4490 3490
998 747
4198 3649
1834 1197
1102 702
6540 5495
4757 3417
888 874
4030 3827
1558 1437
813 950
6081 6056
4036 3920
990 795
4130 4032
1482 1556
1472 611
7182 5324
4152 3855
1019 778
4273 4020
1604 1480
1049 752
6705 5978
4432 3741
972 831
4143 4310
1671 1397
1000 828
6842 6236
4711 4014
940 889
4428 4189
2049 1215
1171 734
7372 6067
4882 3931
1041 837
5177 3695
1946 1330
1262 719
7321 6239
4406 4380
975 980
5146 3814
2066 1389
1087 891
7790 6315
5252 4238
1193 842
5088 4174
1953 1451
1261 818
7156 7269
5197 4468
1392 760
5624 4089
1818 1541
1123 941
8133 6859
6121 4350
1267 866
5991 3963
2348 1522
1185 1040
4996 5435
1590 857
4928 5148
2209 1661
1287 1005
7508 3924
1208 1055
5424 4869
2236 1790
1120 1144
6581 4431
1149 1117
6202 4454
2318 1759
1573 885
6012 4866
1315 1003
5564 5149
2361 1781
1346 1001
6952 4245
1371 1013
6554 4522
2299 1855
1307 1064
6332 4788
1321 1056
7194 4287
2553 1648
1545 977
6347 4913
1436 1043
6564 5172
2998 1523
1624 962
6010 5364
1448 1044
6693 5229
2325 1934
1579 989
6241 5372
1372 1104
7866 4947
2557 1735
1497 1063
7297 5500
1350 1151
6375 6040
2571 1775
1638 992
7310 5651
1505 1068
7069 5526
2964 1594
1492 1086
7272 6052
1348 1178
7574 5488
2451 1994
1347 1210
7116 6217
1559 1069
7492 5965
2438 2127
1420 1176
7224 6415
1419 1183
8225 5431
3116 1725
1366 1267
7016 6617
1073 1668
7075 6471
2536 2115
1871 984
7464 6395
1434 1229
6736 6986
3287 1727
1515 1198
8040 5901
1451 1248
7049 6760
2751 2009
1662 1095
8006 5986
1640 1193
7589 6664
2952 1961
1576 1279
7584 6447
1634 1226
7452 6981
2736 2287
1765 1158
7479 7192
1582 1313
2798 2251
1797 1165
1613 1339
3432 2040
1423 1518
1686 1295
3110 2195
1727 1269
1762 1272
2724 2454
1816 1237
1385 1595
3687 1997
1826 1252
1374 1640
2924 2361
1803 1286
1794 1293
3428 2148
1672 1377
1664 1408
4122 1958
1933 1225
1810 1302
2669 2935
1525 1583
1615 1520
2985 2582
1954 1285
1840 1345
4230 2001
1964 1281
1830 1361
3420 2411
1897 1319
2025 1273
3084 2730
1789 1414
2086 1262
3169 2656
1800 1458
1958 1350
3616 2393
1691 1529
1890 1394
3082 2874
1923 1370
1835 1474
3015 2950
1971 1398
1963 1420
3585 2601
1930 1440
2195 1321
3572 2675
1997 1432
1496 1938
3804 2536
1712 1617
2081 1444
3792 2551
1896 1526
2065 1482
3765 2690
2284 1372
1754 1690
3749 2728
2093 1504
2228 1454
3518 2953
1957 1572
1694 1813
3933 2665
2334 1449
2019 1608
3787 2831
2265 1501
2102 1564
3887 2747
1768 1839
2477 1412
3768 2850
2133 1600
2359 1497
4172 2521
2088 1671
1876 1892
4202 2614
2546 1473
2323 1580
3756 3063
2306 1604
2340 1584
3925 2948
2125 1761
2422 1578
4391 2830
2183 1753
2163 1777
3978 3173
2182 1763
2203 1754
4614 2986
2322 1660
2515 1546
4367 3161
1757 2230
2302 1705
3846 3660
2167 1850
2095 1926
4599 3052
2611 1539
2301 1745
4818 2980
2136 1913
2226 1842
4272 3359
2256 1826
2211 1890
4114 3625
2071 2027
2453 1677
3415 4447
2397 1739
2317 1866
4468 3403
2612 1626
2225 1972
4759 3308
2411 1779
2403 1801
4384 3537
2472 1743
2266 2048
5184 3096
2426 1943
2443 1951
5618 2954
2533 1875
2561 1877
4572 3681
2769 1714
2714 1776
4541 3713
2547 1927
3016 1665
4798 3555
3009 1679
2540 1987
5078 3422
2795 1809
1753 3215
4669 3787
2668 1911
2577 1998
4811 3701
2853 1805
2842 1820
4947 3828
2574 2032
2567 2055
4784 4101
2280 2400
2575 2128
4932 4034
2725 2021
2874 1978
5149 3898
2909 1962
3028 1975
5922 3497
2409 2516
3035 2017
4686 4363
2678 2239
3406 1861
5274 4041
3049 2020
3725 1752
5584 3861
2783 2205
2896 2158
4860 4474
2860 2207
2934 2174
5059 4352
2455 2674
2905 2214
5168 4253
2693 2366
2849 2344
5068 4712
3563 2066
2659 2652
6310 3808
3138 2269
3080 2329
4729 5284
3767 2047
3381 2256
5732 4367
2988 2471
3525 2217
5753 4384
3159 2380
2885 2633
5746 4496
3750 2153
2625 2999
5925 4433
3709 2170
2780 2820
6445 4123
3374 2332
3220 2396
6619 4070
2992 2603
3014 2586
5691 4780
4244 2026
3208 2574
5825 4709
3388 2432
4257 2046
5629 5007
3229 2562
3294 2507
5857 4845
3596 2357
3141 2693
5831 4862
4177 2114
3404 2496
6891 4138
3444 2503
2997 2939
6133 4758
3455 2556
2951 2997
6845 4366
3070 2896
4197 2180
5729 5316
3622 2469
3553 2538
6256 5031
2897 3126
3597 2533
7693 4473
4166 2228
3366 2751
7244 4792
3059 3038
3181 2951
6132 5617
3048 3095
3412 2779
7333 4849
4829 2082
3201 2974
7820 4681
3087 3084
3488 2871
6995 5198
3654 2755
3852 2599
6624 5471
2753 3647
3540 2902
7542 4985
3564 2898
3020 3397
7085 5227
3487 2961
4009 2505
7014 5294
3362 3097
3807 2742
7334 5173
3651 2882
3418 3125
7703 5085
4094 2568
3665 2966
6594 5781
4190 2513
3548 3122
7497 5350
3521 3144
3697 3008
6985 5632
4381 2490
3923 2846
7860 5158
3682 3059
3773 2983
6607 6164
4793 2345
4118 2682
6938 6087
3775 3009
3188 3547
7284 5868
3390 3379
3916 2906
6666 6638
4165 2713
4025 2823
7898 5633
3644 3224
4096 2782
7504 5941
4578 2571
4704 2485
6412 7194
4973 2418
3248 3759
7187 6348
4477 2737
4003 3074
6251 7671
4769 2636
3467 3665
7846 6101
3943 3234
4285 2965
7291 6659
4067 3130
4058 3147
7383 6628
4253 3007
3873 3395
7919 6314
4040 3200
4108 3158
7242 7051
4084 3223
4005 3303
7530 6880
4832 2789
3955 3404
8164 6197
3911 3470
4429 3048
7715 6772
4424 3060
4980 2761
8267 6249
4451 3090
4102 3383
7616 7277
4407 3154
4282 3273
7960 7134
4638 3050
5348 2671
8037 7366
4986 2912
3878 3734
7995 7468
4339 3354
4425 3316
8135 7313
5571 2637
4525 3266
7954 7518
4560 3260
4383 3377
8260 7440
4362 3407
4982 3014
3734 4010
4505 3336
4486 3351
4101 3601
5546 2745
4281 3530
4222 3592
4210 3607
4086 3733
5362 2946
4400 3546
4189 3711
3786 4156
4537 3498
3571 4516
4702 3437
4668 3461
4534 3568
4918 3346
4724 3475
5035 3332
4099 4021
5013 3411
4876 3505
4903 3520
5236 3373
4735 3692
4374 3958
5242 3394
4583 3821
3917 4509
4739 3737
5150 3485
4753 3752
5172 3496
4013 4402
4147 4256
5227 3474
4783 3754
4691 3816
3970 4499
4224 4200
4479 4011
5575 3304
4536 3981
4740 3842
4670 3889
5092 3645
4307 4309
4464 4159
5588 3415
4186 4464
5823 3306
5201 3656
4188 4543
4780 4030
4523 4232
4529 4299
5324 3686
4556 4292
5074 3902
5492 3631
4888 4064
5993 3386
4752 4186
5338 3757
4589 4364
4796 4170
3624 5658
4225 4749
5453 3735
5052 4051
5702 3626
5566 3720
5300 3887
4786 4316
4917 4192
7100 3022
4248 4919
4466 4700
5465 3838
4625 4538
4293 4935
4728 4495
4182 5093
5004 4291
5182 4112
5451 3936
5874 3671
5496 3911
5263 4107
4976 4415
6716 3367
6025 3696
5585 3977
4894 4555
3790 6025
5266 4293
5848 3866
5409 4166
4660 4911
5326 4274
5938 3863
5508 4196
4604 5100
5428 4318
6006 3937
6429 3748
5268 4552
5568 4372
5371 4547
5133 4805
5533 4438
5467 4501
5170 4801
5910 4217
6033 4143
5500 4571
6225 4048
6245 4097
6234 4114
5760 4487
7213 3673
6790 3897
6163 4275
6280 4264
5311 5089
6329 4249
4311 6396
5927 4566
6481 4203
5773 4761
5970 4580
6014 4558
5647 4915
5398 5125
5490 5050
5345 5193
6265 4446
7004 4023
5735 4898
6966 4040
6706 4172
5739 4940
6125 4609
6348 4477
4324 6823
5801 4942
6751 4227
6770 4226
6250 4579
5640 5120
5951 4901
6799 4311
6744 4386
6326 4701
5851 5122
6267 4834
6546 4619
6413 4763
6530 4707
7440 4193
7110 4420
7225 4381
6363 4938
6787 4615
6538 4831
6769 4691
6111 5170
6531 4885
6932 4599
5974 5345
5895 5465
6228 5265
6544 5029
6307 5194
7107 4705
6725 4957
5999 5511
6586 5080
6227 5357
7045 4816
6377 5258
6344 5287
7373 4653
6020 5537
6049 5528
6478 5255
6169 5494
6321 5414
5892 5794
5835 5919
7567 4725
6345 5455
6661 5239
7613 4726
6463 5385
6017 5752
6903 5104
6732 5222
6622 5314
6220 5652
6381 5535
6671 5352
7030 5144
5291 7070
6572 5460
6571 5472
5793 6299
6383 5656
6899 5329
7002 5281
7154 5230
7565 5020
5787 6502
8104 4717
6680 5574
6465 5828
7712 5078
7039 5469
7416 5279
6955 5517
6724 5679
7375 5311
7803 5081
7040 5497
6493 5927
6477 6021
7292 5413
7829 5192
7683 5299
7691 5296
7118 5642
7399 5513
6216 6613
6808 5908
6664 6085
6906 5855
6337 6507
6311 6554
6812 5998
6988 5842
6574 6282
6825 6001
7783 5415
7215 5750
5834 7378
6865 6055
6404 6589
7453 5639
6393 6653
7575 5614
8120 5289
8218 5185
8003 5404
7887 5496
7585 5677
7707 5636
7512 5746
7716 5673
7404 5873
6991 6271
7095 6242
7515 5905
6302 7263
6967 6448
7196 6229
7165 6266
7654 5877
7652 5882
8154 5477
7862 5764
7753 5846
8172 5492
6696 6839
7296 6317
6658 6999
8029 5732
6987 6682
7195 6486
8001 5810
7894 5928
7737 6140
8098 5817
6834 7065
7630 6359
7454 6527
7655 6388
6862 7111
7269 6713
7202 6800
7730 6356
7761 6406
7853 6316
8039 6109
8067 6129
7012 7340
8240 5979
7841 6541
7918 6477
8046 6379
7412 7047
7718 6842
7811 6770
8080 6531
7895 6789
8019 6621
7243 7424
8045 6641
7622 7183
7571 7229
8276 6304
8186 6598
8170 6611
7927 6995
7945 7022
8054 6904
7528 7452
8167 6745
8182 6781
7559 7482
8195 6830
8132 7038
8161 7005
8275 6771
8148 7175
8000 7391
8296 6757
8017 7417
8251 7316
8075 7718
8118 7676
8156 7648
8329 6987
8212 7777
19292366 1163718206
1
sift 60
77 117
130 414
143 395
234 496
400 519
405 1272
488 1381
680 896
607 1106
809 816
901 1341
968 1870
998 1820
1196 1551
1230 1672
1306 1821
1424 1803
1313 2474
1749 2293
1624 2715
1875 2391
1634 3283
2059 2422
1673 3389
2051 3026
2085 3333
1555 5917
2295 3671
1966 6102
1770 8069
2096 6339
2523 5319
3439 4011
2222 6868
2764 4923
2999 4566
3536 4186
2401 6900
2569 6442
2967 5375
3450 4674
2808 5856
3398 4912
3657 5044
2875 6666
5293 4095
4593 5021
3331 7226
4656 5120
4091 6049
3489 8049
4184 6796
4762 6659
4596 7797
6067 6841
6207 7138
6197 7204
5538 8914
5581 8950
6548 8973
19292366 1223175561
1
sift 100
363 228
504 244
1311 686
823 372
925 548
924 439
1886 904
1303 525
1076 681
1473 510
2574 836
1308 696
1603 791
1834 635
3426 1233
1360 784
1869 804
2066 668
3813 1406
2348 709
2206 838
2209 917
4527 1625
2571 969
2744 1148
2557 1061
4835 1804
3420 993
3232 1313
2698 1288
5338 2108
3572 1133
4338 1803
3968 1246
7002 2115
4614 1279
4030 2046
3815 1421
6250 2845
3349 1530
4491 1961
2894 1673
7012 5238
3768 1633
4143 2582
3973 1609
4759 1594
5108 2531
4202 1766
4114 1900
5859 2979
4686 1737
5292 1653
6081 3891
4669 1863
4757 1959
7372 3317
6828 1556
5068 2118
7617 3255
5274 2065
4603 2329
7182 3683
4260 2594
5732 2208
7401 3790
5641 2256
6358 2266
6396 4384
4490 3376
4798 3304
7156 4090
7820 2232
6727 2581
6705 4852
6619 2650
7504 2716
7590 4947
5825 3559
7530 2780
7143 5759
6430 3300
6914 3108
7574 5689
7709 2858
7310 3205
8305 4821
7014 3316
7284 3259
8133 6157
7334 3516
6251 4039
6242 4138
7919 3429
7584 3845
7954 4783
6607 6026
7715 5426
7828 5709
7604 6096
19292366 1308641291
1
sift 77
386 245
1649 3179
575 303
514 401
4329 8370
579 408
512 693
1816 530
1590 657
1261 776
1350 919
968 1444
1826 865
1348 1371
1840 1117
1294 1748
1196 2153
4529 808
2065 1408
2453 1259
1701 1722
2081 1506
1803 1696
3709 1093
1762 1850
1664 2048
3028 1363
3031 1378
1680 3533
4190 1538
2096 2652
2411 2386
2422 2467
3538 1821
1738 4113
2129 3457
2515 2661
2020 3926
3597 2351
3563 2472
4400 2169
3294 2939
2918 3516
4426 2534
2721 4290
3025 4300
3374 4073
3494 4011
3667 4528
3943 4177
3551 5974
3489 6230
5493 4613
5938 4452
7454 3818
5566 4879
4903 5652
5401 5234
6478 4652
4886 6358
5993 5312
4597 7266
4668 7689
7259 4972
5182 7598
8156 4868
5255 8143
8046 5508
7567 6039
6079 7641
6661 7209
7160 6875
7506 7099
8242 6529
7339 8099
7375 8288
7837 8391
19292366 2080441786
1
sift 310
317 411
13 41
279 346
47 75
340 424
108 191
488 1039
162 165
362 537
292 263
545 955
254 324
593 830
255 396
998 1728
288 412
1082 1261
399 452
1423 2015
386 507
1266 1757
390 551
1392 4387
371 582
1477 1586
374 651
1554 4287
400 680
1818 1415
587 666
1855 3347
536 731
1604 1674
575 730
1768 4709
560 794
1911 3701
614 736
2222 4443
530 855
2258 3247
652 749
2132 8267
498 1092
2553 3041
580 899
2808 5203
567 1064
2895 2922
683 960
5007 3448
788 809
3056 2853
775 868
3540 5044
684 1018
2924 3112
685 1125
4244 5625
704 1069
2451 4024
829 1025
3547 8018
890 970
3407 2920
828 1061
6875 8011
715 1328
2798 4170
702 1514
806 1306
2985 3953
919 1220
939 1195
3169 3760
848 1372
970 1214
2724 4851
940 1442
1041 1355
3780 3604
1171 1426
1061 1690
3116 4337
990 1878
1297 1402
3110 5570
1158 1622
1169 1786
3749 4650
1321 1639
1196 1907
3846 4616
1294 1948
1371 1860
3925 5017
1508 1890
1270 2399
4468 6110
1501 1966
1662 1772
4784 6420
1343 2380
1449 2143
5184 6388
1419 2266
1348 2435
6132 6025
1567 2033
1589 2017
6117 6217
1378 2439
1614 1995
5246 7559
1615 2069
1451 2488
5458 7385
1534 2346
1840 1905
5925 7018
1585 2368
1496 2674
5857 7451
1680 2254
1663 2386
7333 5997
1548 2712
1810 2243
5181 8804
1765 2314
1816 2264
7497 6803
1505 3036
1826 2393
7831 7472
1982 2241
1738 2613
1800 2621
1489 3632
1574 3407
2228 2176
2061 2431
1789 2877
2267 2377
1896 2852
1997 2763
1875 2987
2131 2707
1808 3443
2085 2831
1876 3227
1923 3191
2059 2948
2103 3023
2115 3030
1963 3343
1979 3353
2276 2935
2447 2715
2244 3044
2095 3520
2322 3094
2591 2672
1994 3861
2622 2722
2951 2452
2334 3245
2378 3269
2031 4302
2467 3256
2866 2765
2265 3934
2020 4514
2515 3304
2453 3580
2444 3676
2526 3497
2329 4044
2422 3919
2295 4365
3006 3175
2544 3983
2272 4883
2426 4395
2487 4233
3571 3049
3502 3278
2921 4033
2934 4079
3145 3894
2703 4584
2720 4571
3099 4051
2783 4757
2563 5623
3025 4574
2887 4961
3669 3959
3018 4975
3272 4599
3016 5055
3366 4528
2832 5528
3760 4160
3487 4621
3211 5033
4271 3780
2764 6042
3406 4828
3541 4666
3326 5019
3563 4695
3622 4704
3596 4762
3709 4794
3493 5190
3450 5282
3597 5081
2960 6370
3667 5194
3929 4734
3548 5447
3668 5349
3762 5313
3160 6485
4986 4183
3988 5362
4471 4833
3907 5685
3897 5747
3773 6016
3537 6741
4263 5458
4214 5630
3995 6009
4219 5694
4000 6152
4625 5352
3551 7377
5075 4872
3856 6780
4096 6311
4147 6256
3798 7392
4204 6400
3923 7032
4525 6079
5490 5233
4656 6301
4796 6294
4400 6981
4529 6813
5150 6001
4236 7425
4346 7217
4363 7330
5373 5906
4704 6819
5006 6438
4857 6688
4142 8122
4819 7215
4779 7413
4638 7830
5368 6614
4886 7462
5268 6839
4934 7688
4534 8463
5297 7046
4918 7954
5196 7438
4753 8652
5315 7726
5566 7223
4903 8666
5465 7737
5585 7624
5492 7809
6544 6378
5776 7712
5421 8353
5300 8630
5956 7551
5350 8627
5409 8574
5464 8682
5640 8422
5533 8655
5534 8743
5820 8428
6597 7304
5970 8302
6684 7263
6360 7835
6267 7997
6672 7440
6734 7852
6134 8693
6348 8454
7107 7856
7734 7318
6548 8643
7100 8080
6509 8765
6687 8646
6694 8766
6765 8970
8205 7822
8187 8842
