1988776702 2119627969
1
sift 101
184 97
239 128
276 157
296 236
366 190
113 1989
339 346
488 695
515 682
716 628
857 668
900 641
571 1051
783 802
1007 853
1131 1109
1347 1168
1340 1183
1644 1019
1798 1005
1389 1295
1399 1535
2003 1270
1763 1548
2301 1384
2111 1515
1689 1997
2072 1670
2042 1995
2996 1785
1765 3583
1906 3132
2206 2839
2364 3002
3098 2424
3613 2230
4046 2077
2357 3761
3934 2198
2221 4287
3887 2468
2535 3938
2320 4540
4298 2396
3130 3489
3571 3040
3240 3392
3274 3601
3672 3216
3777 3167
3538 3653
2809 4980
2855 4899
4220 3394
4941 2992
2860 5321
3795 3872
3215 4708
5116 3013
3320 5281
4918 3598
5215 3458
4703 3801
5972 3159
5558 3473
6305 3200
3142 6519
4866 4055
3786 5227
4505 4361
3557 5884
4785 4347
5945 3830
3715 6263
4912 4754
6829 3778
5037 5361
6364 4637
4510 6501
6499 4583
4672 6588
5903 5415
5595 5809
5391 6436
4854 7121
5540 6898
4418 8922
6422 6463
8428 4938
7822 5879
7912 5920
8033 5923
7938 6401
6864 7541
8315 6384
6740 7931
7712 7181
7680 7414
7930 7276
7051 8339
8337 8684
