281418 159883320
1
sift 85
4228 1897
6835 2933
236 444
376 526
911 1627
2003 3949
3839 2515
575 935
682 1331
1013 1677
2613 2865
5747 4875
740 2063
909 1832
977 1779
3316 2854
7020 4963
1102 1809
799 3047
1074 2283
3445 2716
1071 2035
1237 1862
1137 2449
3797 3525
1320 1952
1539 1830
1704 2866
2292 7391
1483 1941
1581 2669
1840 2774
2990 5226
1760 2529
1644 3052
1751 3414
4608 4019
2045 2939
2078 5039
2344 3545
4198 4482
2217 3990
2714 3633
2379 3912
4238 7565
2405 4378
2443 4586
2782 4007
4920 6872
2836 4077
2477 4939
2680 4372
4825 7294
2945 4214
2829 5059
3018 4442
6419 6407
3506 4119
3008 5029
3394 4836
7159 7631
3321 4462
4116 4226
2968 6135
4085 4384
3587 5311
3907 7336
3420 7415
3891 6121
4604 6073
3569 7322
3732 7555
3790 7994
4081 6630
4523 6205
4155 7225
5193 5457
4823 6736
4816 7753
5052 6400
4888 6970
6829 7110
4393 8137
5783 8190
6873 7472
281418 781759124
1
sift 245
70 70
35 21
196 192
263 306
1802 1648
74 33
111 85
89 76
395 237
335 374
2620 2333
88 124
110 115
216 142
602 451
699 548
4312 1859
174 157
328 232
206 163
791 457
1312 1885
3196 2936
212 188
326 270
422 266
863 470
1971 1568
6281 4651
465 382
477 479
579 350
1119 529
1874 1735
526 417
655 505
463 500
1692 930
1786 2146
642 512
828 934
1133 433
1378 1083
3857 3957
807 560
2043 513
884 570
1542 1039
3899 4184
993 530
859 905
1018 528
1575 1219
4137 5365
1177 486
1258 950
918 611
896 2486
4185 5391
924 600
1396 1065
903 629
2023 1121
5228 4215
912 872
1705 988
945 834
1711 1310
4466 5700
1746 720
1487 1370
1607 791
1795 1358
5435 5037
1416 942
1818 1230
1570 1072
2101 1227
4497 6452
1641 1142
1415 1581
1846 1150
1934 1582
6919 5719
1941 1212
1811 1303
1856 1295
2384 1457
6975 7027
1653 1446
1521 1579
1948 1392
3079 1271
1699 1588
2015 1430
2017 1379
2906 1658
6040 811
2143 1566
2809 1197
2418 2144
2599 1243
2324 1640
2535 1452
2694 2118
1685 2306
2512 1676
2703 1602
3643 1921
2224 1969
2619 1808
2583 1803
3109 2198
3632 1590
2488 2331
2482 2049
4765 2265
2861 1897
3004 2104
3041 1855
4536 2573
3122 1858
3021 2225
2794 2106
4533 2778
3592 1773
3784 2059
4223 1686
4933 2746
3513 2156
2600 3550
3332 2271
4551 3004
3750 2061
4265 2364
3454 2245
4954 2851
2229 3322
2515 4370
3417 2291
5823 2567
2259 3331
3905 2850
2280 3334
6098 2618
3515 2319
3373 3380
3518 2366
5383 2966
5888 1950
3777 3047
3827 2577
5201 3336
3559 2812
5305 2390
2601 3781
5299 3501
4096 2572
4510 2796
4512 2402
5400 3902
3275 3238
4412 2849
4379 2491
5232 4185
5285 2359
3978 3203
5787 2249
6779 3600
3864 3111
4180 3109
3253 3938
5314 4618
4502 3099
5446 2693
4431 3402
5886 4350
4560 3123
5535 2866
6432 2597
6752 3919
4509 3458
4340 3870
4391 3561
5943 4519
4851 3320
4590 4122
3552 4529
6503 4284
4802 3826
5703 3530
4360 4216
6314 4411
5162 3767
5708 3766
5819 3632
6275 4523
7267 3234
6684 3468
7587 3163
5640 5108
6062 3764
5088 4714
7033 3491
5469 5434
5895 3925
5297 4834
6146 3895
7159 4435
5944 4070
6095 4204
6850 3724
6518 4850
5687 4525
6119 4737
6663 3988
6220 5341
5953 4838
5751 5313
5945 4973
5116 7014
5092 5942
5747 5345
6493 4683
6324 5932
7144 4421
7129 5064
7586 4193
7699 5211
6774 4888
6226 6292
7097 4809
7739 5999
6088 5551
6577 6028
7709 4392
7239 7958
7437 5350
7222 5832
7147 5845
6078 7168
7394 7127
7488 5875
7753 6259
7046 7888
281418 1078340171
1
sift 220
85 136
131 135
126 174
246 312
339 561
421 430
394 480
593 422
482 739
532 822
629 763
757 667
855 651
740 754
909 639
939 688
867 820
951 729
911 766
1115 801
892 1007
1166 815
1074 980
1073 1101
1087 1132
1240 1211
964 1607
994 1565
1581 1013
1382 1167
1560 1061
1540 1116
1179 1635
1467 1312
1225 1552
1465 1423
1569 1364
1239 1788
1687 1340
1568 1523
1759 1476
1673 1520
1744 1486
1796 1540
1458 2099
2888 1171
1882 1615
1737 1838
1719 1884
1881 1794
1994 1718
1715 2093
1729 2090
2344 1562
2045 1873
1959 2042
1974 2149
2829 1553
2089 2070
2205 2002
2255 2096
2228 2134
2141 2223
2477 1968
3008 1827
2563 2085
2124 2554
2440 2238
2817 2087
2251 2512
2288 2480
3001 2063
1890 3450
2740 2246
2693 2344
2478 2506
2055 3328
2782 2530
2386 2982
2737 2712
3255 2367
2639 2929
2946 2667
2819 2767
2754 2912
3247 2516
2938 2819
2804 2943
2860 2904
2958 2863
2903 2915
3035 2799
2692 3240
2873 3203
2968 3113
2655 3480
3216 2986
2484 3737
2355 4217
3042 3542
3309 3336
2951 3829
3757 2987
3640 3140
3648 3175
3172 3713
3360 3496
2701 4494
2995 4090
3891 3109
2877 4492
3302 3935
3805 3407
2931 4682
3605 3608
4795 2905
3603 3824
3823 3601
3700 3747
3732 3901
4393 3448
3756 3951
4314 3491
4197 3622
4158 3688
3836 4006
4068 3821
3943 4015
4331 3706
3791 4297
4730 3531
3907 4370
4364 3910
4623 3767
4432 4072
4522 4168
3588 5491
4823 3997
3214 6621
4080 4836
4643 4223
4490 4401
3783 5299
5123 3848
5783 3466
4401 4627
5017 4001
4459 4571
3959 5328
4890 4352
5072 4165
5591 3987
5079 4587
6568 3659
6132 3846
4332 5647
4027 6268
5069 4953
5317 4722
4914 5204
5214 4896
4746 5371
5817 4337
3829 6897
5569 4597
5452 4729
4715 5590
4402 6125
5378 5052
4231 6615
6423 4289
5078 5507
5709 4906
5176 5503
6181 4739
4772 6252
5236 5553
5294 5535
6857 4622
5310 5710
5940 5227
6607 4865
5053 6378
4845 6871
4950 6825
5656 5747
5706 5697
5764 5686
6765 5247
6026 5713
5770 6291
6000 6058
5207 7214
5824 6275
5252 7276
6858 5607
5780 6893
5755 6986
5565 7371
6716 6319
6490 6552
7172 5978
6395 6653
7148 6039
6889 6362
6521 6832
6868 6618
7649 5836
7408 6208
7347 6344
7629 6095
6459 7309
7156 6697
7175 7088
6829 7438
7302 7390
7481 7424
7756 6879
7740 7561
7703 7642
281418 1256872597
1
sift 304
49 106
295 665
253 583
61 88
79 133
932 2308
96 107
105 184
1735 5444
138 162
178 150
2083 5462
172 169
149 297
2478 5749
186 234
193 296
2476 6915
236 258
373 317
2645 6942
352 356
351 561
3861 5728
469 434
575 420
382 681
454 570
435 641
403 813
429 827
568 616
595 635
746 590
509 910
550 899
531 1011
776 659
682 776
751 784
681 928
803 882
827 886
1098 685
913 878
768 1052
1034 846
1069 862
1368 710
1057 996
740 1424
930 1180
799 1569
702 1867
1110 1204
1061 1363
1102 1366
1286 1182
953 1747
855 2123
1483 1134
1070 1585
1240 1410
997 1880
1084 1742
1077 1786
1794 1153
1403 1459
1293 1633
1744 1263
1592 1401
1125 2138
1170 2028
1581 1568
1265 2209
1649 1637
1545 1732
1539 1816
1939 1527
1964 1517
1232 2470
1317 2327
1229 2525
1969 1584
1759 1740
1510 2068
1673 1841
1984 1662
1857 1798
1458 2329
1687 2043
2314 1528
2267 1601
1579 2430
1906 2083
1650 2413
2311 1774
2042 2042
1330 3472
1999 2328
2205 2197
2829 1801
1719 2868
1666 3097
2871 1917
3030 1868
2831 1956
2823 1980
1843 2979
3643 1688
2386 2321
2782 2129
3070 2037
2213 2632
2524 2332
2817 2216
1943 3214
1867 3572
3286 2121
3268 2182
3226 2204
2208 2993
2477 2720
2577 2639
2064 3564
3060 2420
3321 2303
3531 2211
3476 2251
2949 2551
2757 2681
2140 3535
2565 2845
2616 2802
3157 2479
2818 2761
2820 2813
1882 4565
1871 4657
2296 3502
2002 4609
2827 3065
2945 2975
3951 2326
4116 2299
3308 2772
2987 3141
3076 3045
2382 3805
2430 3864
2855 3452
4129 2460
2968 3365
2443 3885
3128 3296
4085 2565
3255 3202
2954 3588
3265 3313
4132 2659
2294 4796
2702 3934
3439 3400
4481 2690
3615 3355
3298 3760
2753 4848
3907 3393
2744 4941
3035 4505
4198 3260
2938 4767
4846 2947
4347 3198
3261 4247
3207 4359
4338 3247
3587 3806
2852 5020
2693 5306
4652 3088
4500 3266
5507 2777
4714 3230
5387 2890
3254 4812
4608 3424
3238 4951
4920 3373
3743 4193
2593 6411
3618 4567
3355 5058
4344 3824
4081 4030
3392 5294
3790 4628
4406 3928
3369 5436
3420 5411
3752 4873
3488 5473
3645 5232
4545 4280
3956 4981
3936 5016
4601 4314
4795 4271
4174 4989
3299 6644
3569 5989
6836 3369
5339 4001
5051 4360
5827 3793
5638 3886
5450 4058
4241 5315
4853 4801
5193 4450
4660 5062
5269 4486
5452 4410
3600 7013
4842 5181
4811 5217
3418 7704
4906 5273
3836 6780
5510 4722
6070 4305
5852 4462
4951 5375
4888 5460
5783 4619
5236 5276
5910 4682
6042 4627
6943 4195
3701 7758
7024 4226
4676 6105
5858 4889
5481 5213
4364 6734
5272 5554
5834 5061
5194 5690
6196 4895
6142 5005
5983 5251
4440 7191
6173 5183
4619 6973
6247 5172
6038 5354
5378 5935
4932 6653
6337 5215
6764 4959
6779 5037
5817 5637
6746 5089
7693 4417
7099 4923
4152 7835
5176 6519
6181 5507
5591 6084
7304 4973
7735 4552
6988 5274
6808 5534
5624 6480
7405 5214
5998 6141
6655 5715
5234 7417
6858 5766
6580 5955
6785 5854
6857 5861
6308 6321
5248 7606
6615 6129
7407 5623
6561 6238
7049 5927
5569 7335
5824 7279
6894 6388
6492 6859
6745 6704
6401 7202
7417 6346
6545 7234
7472 6460
6673 7354
6126 7776
7302 7044
7324 7016
6982 7369
7501 7062
6890 7796
281418 1475597139
1
sift 246
179 108
351 481
186 163
236 232
429 714
246 270
234 281
485 868
285 254
393 262
541 909
469 383
487 448
525 1125
382 626
520 494
1071 1869
851 616
1006 531
1232 2348
762 707
682 828
1317 2901
757 860
977 789
2064 2819
911 1009
909 1012
2136 2778
740 1223
1103 886
1882 3371
1460 764
1456 898
1843 4449
1074 1186
1146 1201
2246 4687
1102 1301
1137 1267
2294 4538
1484 1029
1305 1147
2645 4026
1430 1081
1475 1087
2693 4645
964 1669
2101 971
2476 5198
1054 1736
1482 1274
2614 5684
2004 1095
1592 1344
2478 6583
1467 1518
1940 1210
2804 6267
1744 1363
1402 1718
2839 6798
1581 1556
1462 1705
4152 4226
1307 1968
1950 1359
3369 5933
1651 1565
1539 1659
3095 7244
1238 2148
1649 1581
3836 6066
1906 1424
1840 1510
3700 6476
1938 1444
1759 1595
3593 7586
1545 1777
1644 1713
4246 7913
1704 1649
1497 1893
4623 7666
1984 1529
2384 1367
1751 1772
1687 1949
1729 1975
2003 1743
1673 2131
1994 1782
2990 1398
1657 2469
1999 2103
2795 1608
1458 3123
2344 1780
2288 1844
1974 2287
1981 2306
1836 2655
2906 1751
2871 1802
2205 2288
1850 2868
2680 2071
2817 2069
2639 2224
2782 2218
3070 2098
1867 3509
3127 2104
2443 2540
2405 2601
2477 2550
2714 2390
2829 2352
2586 2485
2055 3413
2757 2479
3643 2070
1862 4177
2836 2758
2563 3051
2954 2702
3528 2329
3360 2453
3008 2754
3157 2725
2946 2903
2551 3569
3255 2881
3272 3059
2124 4970
2968 3562
3951 2955
2702 4290
4198 2874
4341 2811
3308 3658
3587 3394
3605 3544
3439 3709
3618 3606
4551 2927
4135 3283
4191 3265
3907 3624
2753 5487
4522 3425
4714 3378
4618 3452
4954 3318
2969 5825
4604 3609
4810 3538
3488 4859
3891 4184
3420 5159
3963 4345
4825 3701
3298 5639
3790 4656
4081 4295
4545 4032
4393 4168
4740 3929
3537 5571
3569 5606
5193 3752
3392 6180
4729 4215
4168 4922
4823 4250
5051 4065
4432 4796
4080 5264
3829 5676
4314 5267
4816 4864
5079 4698
4888 5003
5269 4553
5121 4780
4950 5080
5339 4730
5076 5104
5774 4496
4915 5496
5195 5482
6829 4305
7024 4247
6173 4768
5176 5698
4158 7687
4772 6489
5452 5565
5782 5296
5753 5467
4402 7598
6196 5522
5656 5975
7408 4831
7324 4882
6155 5801
6444 5704
6039 6045
6746 5590
6988 5521
5817 6430
5494 6949
5869 6507
5756 6809
5294 7720
7662 5319
6225 6416
7418 5543
5317 7798
7436 5625
7110 5875
6615 6510
7049 6173
6943 6342
7417 5980
6401 6955
6423 7057
6889 6589
6655 6830
6858 6690
6904 6673
7557 6152
6682 7199
6866 7105
7096 6854
6840 7414
6580 7742
7302 7088
6322 8155
6785 7931
6545 8183
7735 7004
7740 7815
7481 8329
281418 1646429863
1
sift 346
6967 1858
924 1000
61 63
86 170
204 308
105 107
5703 5327
1083 905
118 212
135 297
283 374
193 211
5332 6305
1774 2595
186 224
179 310
453 645
310 277
5305 6768
2259 2536
266 360
275 480
475 825
474 490
6577 7075
2229 3022
379 557
588 1129
602 883
435 527
7216 6535
2017 3498
382 766
560 1489
605 888
688 509
3990 3573
595 597
665 1291
681 946
689 585
3253 4514
746 762
829 1322
762 880
767 763
3827 3889
980 863
905 1351
693 1198
851 1043
3947 4023
1078 865
867 1483
747 1239
953 966
3500 4650
913 1040
911 1396
897 1091
757 1210
4752 4971
1069 914
1074 1734
847 1310
1034 999
6062 4479
1077 994
964 2235
990 1244
997 1101
5092 7191
892 1413
1146 1952
863 1567
909 1381
6177 6000
1084 1171
1108 2265
1103 1242
1115 1166
1058 1328
1430 2243
1230 1243
1285 1125
1110 1341
1340 2707
1006 1840
1381 1108
1368 1145
1090 3935
1460 1741
1101 1465
1125 1466
1291 3006
1456 2056
1073 1584
1403 1252
1475 2557
1825 2523
1304 1418
1121 1680
1352 3038
1940 2395
1627 1222
1249 1693
1569 2444
1909 2598
1402 1568
1232 1777
2007 2228
2190 2991
1484 1504
1166 2124
1773 2551
2384 3000
1240 2098
1455 1852
1560 3235
2934 3230
1794 1650
1238 2529
1744 2773
2795 3524
1307 2411
1700 1863
1760 2819
2350 4330
1540 2104
1467 2232
1737 2935
3250 3417
1916 1674
1650 2038
1704 3284
2906 4390
1581 2274
1651 2167
1839 3152
3961 4100
2002 1839
1867 1994
2078 2974
3528 5026
1687 2362
1673 2438
2045 3087
3516 5076
2042 2032
1881 2283
1984 3683
3923 5038
1644 2637
1882 2332
1994 3826
3851 6085
1870 2350
2314 1911
2344 3299
5047 6574
2885 1647
2093 2166
1899 4427
4536 7391
1914 2368
2544 1831
2714 3386
4920 7321
1742 2701
1776 2665
2379 3853
4874 7627
2577 1857
1843 2649
2003 4989
5329 6888
1943 2565
2832 1901
2817 4555
5342 6946
2313 2262
2254 2366
2946 4454
5943 7669
2949 2048
2192 2617
2386 5547
6034 7650
2273 2501
2818 2339
2975 4483
2268 2843
2705 2486
2819 4729
3462 2107
3177 2302
2782 5025
2382 2885
2408 2951
2484 5695
2823 2534
2593 2990
3127 4629
2693 3115
3441 2459
2639 5467
2855 3045
3093 2855
3255 4693
3030 2950
2852 3291
2968 5548
3476 2689
2565 3833
3742 4393
2478 4083
3317 3223
3360 5122
2744 3864
3008 3632
5193 3449
3035 3661
3390 3318
3158 5791
4241 2616
2487 4362
3018 6348
3369 3394
3488 3502
3308 6565
3672 3388
4418 2847
3605 6650
3945 3211
4368 2908
3618 6862
3355 3774
3101 4061
3903 6272
3531 3651
4481 2918
3791 6665
2958 4517
3630 3875
3732 7007
3226 4412
2655 5374
4324 6669
3645 3925
4496 3304
4393 6736
2804 5250
2903 5112
4860 6282
4594 3334
4376 3533
4522 6870
3123 4894
4132 3691
4401 7646
4313 3601
4500 3496
4259 7755
3807 3980
4848 3345
5079 7434
3465 4437
5257 3092
6779 7571
4473 3577
3569 4342
4736 3590
4344 3843
4444 3823
5163 3603
3648 5151
3700 5181
4906 4029
5504 3776
3964 5211
4846 4332
4748 4423
3948 5319
4714 4575
5212 4227
4135 5307
6360 3720
5592 4091
4978 4679
4660 5113
4158 5638
4642 5206
5235 4628
4415 5613
5903 4304
5852 4346
4197 6002
4515 5840
5690 4882
5827 4885
5858 4901
5498 5348
4490 6674
5263 5684
4835 6393
5398 5617
5341 5765
6813 4777
6674 4869
6502 5020
4314 7541
7278 4740
6785 5040
5911 5550
4402 7621
5461 6127
5069 6788
5401 6330
6092 5694
5851 5950
5834 6034
6443 5653
6047 6054
6561 5673
5591 6605
6000 6239
5348 7105
5701 6725
7605 5329
5783 6777
6142 6523
5973 6713
6385 6347
6786 6204
5817 7169
6069 6968
5948 7206
7305 6091
6586 6731
6831 6558
7476 6419
7072 6917
7099 7074
6224 7776
7503 7137
7677 7749
281418 1735922398
1
sift 164
61 108
105 153
138 181
157 190
198 207
193 311
236 326
310 552
435 496
377 772
575 515
383 908
403 942
595 693
454 964
682 664
746 665
776 918
531 1539
913 851
959 1007
1069 999
839 1269
1034 1102
795 1497
1368 951
1098 1115
740 1773
1061 1433
767 2280
1110 1493
1077 1559
1001 1831
1070 1747
1285 1450
855 2507
1403 1411
1084 1859
1381 1558
1125 2080
1079 2426
1229 2086
1969 1443
1545 1797
1068 2960
1328 2366
1232 2568
1628 2133
1510 2343
1651 2093
1644 2574
2042 2169
1957 2374
1650 2893
2266 2317
1579 3764
1943 3052
2855 2213
3343 2278
3268 2389
3317 2387
2818 2637
2668 2869
2616 2923
2064 3859
2382 3286
2824 2871
2313 3495
2577 3216
2002 4390
2544 3552
3476 2786
2565 3699
2783 3525
2140 4726
3441 3006
1882 6121
2268 4660
2753 3853
2430 4348
2409 4418
2213 5131
4132 2885
3207 3933
3265 3885
2954 4361
2478 5384
2852 4705
2593 5230
3527 3845
2938 4724
4608 3137
2487 5591
3752 3752
3043 4841
2744 5372
3035 5142
2339 6935
3717 4174
3724 4188
4376 3734
3238 5262
3587 4736
5387 3324
4652 3739
4338 3979
4347 3980
3392 5318
3488 5169
3369 5382
4595 3976
4846 3856
3945 4678
4853 3960
3956 4909
4978 4047
4351 4684
5283 3932
4241 4850
4344 4796
4714 4461
5507 3977
3599 6152
4601 4863
4795 4898
5602 4184
5235 4543
5762 4143
5827 4140
4515 5435
5193 4808
5504 4524
4837 5425
5911 4610
4951 5505
4473 6021
6247 4556
4906 6133
6142 5011
4660 6534
6042 5138
5236 5766
6746 4741
5858 5323
4811 6668
5211 6190
5569 5752
5087 6441
5272 6243
7111 5111
7728 4551
6038 5814
5865 5951
7405 5128
6561 5567
5817 6106
5728 6323
5998 6081
6519 5800
5340 7249
5624 7436
7072 7379
6857 7564
7605 7584
281418 1923562747
1
sift 58
131 256
485 623
474 685
382 865
394 861
447 975
550 1019
793 1109
799 1254
740 1423
1242 964
779 1757
1077 1427
1084 1676
1125 1770
994 2408
1232 2293
1238 2692
1307 2516
1650 2407
2002 2065
1867 2361
2110 2118
2093 2354
1796 3161
1943 2926
1914 3102
1843 3589
2382 2717
2268 3096
2124 4765
4241 2531
2693 4123
2852 4137
2538 4956
2860 4437
2744 4944
3035 4839
2478 7520
5163 3534
2804 6505
4018 4404
3042 6389
3672 6067
4070 5658
3645 6491
4444 5314
5592 4330
4972 5820
4619 6300
5172 5745
4415 7681
5401 7632
5221 7988
5460 7919
5498 7886
5948 7394
7409 7490
281418 2102469315
1
sift 118
807 716
96 203
2643 3079
138 268
172 287
1177 1093
178 205
6198 5952
186 443
376 724
3632 2709
236 539
373 636
693 1084
7267 4995
469 1005
575 1013
751 1640
5939 6431
595 1363
682 1577
909 1413
6835 7284
713 1483
776 1385
911 1750
7546 8083
937 1418
803 1799
1013 2113
1069 1794
930 2187
1539 3289
887 2619
1110 1994
1940 2563
1368 1936
1237 2204
1644 3169
1286 2143
2311 1297
1673 3629
1483 2307
1545 2507
1687 3728
1535 3174
1581 3186
1938 3626
1916 3584
1857 3784
7187 1725
1906 4216
2042 3969
2990 3206
2295 3995
1650 6970
2871 3463
2407 4157
2586 4075
2344 4382
2405 4265
2443 4833
2078 5461
2782 3927
2855 4506
3445 3489
2817 4335
3476 3805
2565 4972
2715 4770
2477 5554
2757 5115
3158 4429
2524 5602
2945 4819
3268 4359
3008 4881
2968 5645
2827 5655
3157 5229
3128 6045
3060 5413
3904 4071
3879 5835
2964 5944
3076 5726
3907 6809
4252 4289
4085 4830
3790 7203
3321 6191
3527 6915
4568 6437
3587 6919
3365 7961
4920 6742
3945 6321
4182 6015
4816 7230
4368 6075
4545 5923
4859 7210
4081 7607
4344 7610
5052 6998
5115 6212
4846 6892
5538 7860
4175 8120
4888 7135
6413 7503
5171 6569
4601 8094
7024 7754
5450 7259
5910 6580
5634 7444
6142 7096
