306120494 507090750
1
sift 107
562 266
2352 1810
2212 2531
762 444
735 686
2615 1971
3206 2506
876 727
1011 913
3377 2694
4404 2436
1538 840
1626 904
3966 5360
3183 3739
1641 905
1603 1086
4141 5311
4272 2974
2114 908
1693 1127
4383 5437
4708 3031
1721 1119
1713 1143
5275 5333
3793 3941
1754 1167
1846 1151
6486 4630
3850 3904
1654 1284
1868 1262
6166 5843
5017 3764
1770 1365
1802 1493
5338 4308
6353 675
2119 1406
4608 5772
2508 1516
1896 1962
4747 6687
2524 1581
2418 1851
6246 5418
2537 1794
2554 1818
7045 7078
2074 2369
2632 1926
7777 7765
2721 1998
3292 1873
3333 1936
2977 2112
3634 1943
2876 2539
3851 2374
3435 2661
3753 2569
4711 2416
3703 2872
4084 2824
3781 3162
3901 3182
3616 3669
3829 3864
4474 3513
4287 3730
4348 3938
3999 4247
4806 3717
4868 3734
4389 4235
4455 4211
5542 3595
3971 5080
4603 4459
5877 3710
4828 4477
5632 3994
4392 5615
5882 4392
5900 4582
4783 5846
5246 5514
7142 4385
7185 4449
5916 5321
6763 4750
6585 4870
5897 5517
6821 4993
6123 5521
7809 4513
7525 4947
6633 5855
6624 5937
7154 5815
7474 5916
6695 6679
7505 6677
7665 8223
7363 9037
7900 8792
306120494 1039067838
1
sift 51
479 432
664 1246
1010 1082
901 1446
1223 1572
1324 1739
1321 2378
1877 2744
2609 2006
2568 2402
2454 2887
3280 2397
2561 2979
2622 2980
2834 3677
2861 3810
3263 3820
3201 3969
2976 4845
3908 3560
3868 3645
4035 4071
4835 3485
4880 3799
3993 4495
4434 4446
5029 4120
5505 3902
4165 5058
5211 4232
4206 5670
5557 4416
4817 5257
4886 5279
5352 5100
5794 4905
6476 4837
5915 5405
4345 7642
6326 5265
6721 5474
5798 6510
5027 7694
6278 6116
6765 5923
4767 9094
6562 6543
4931 8997
5792 8019
7623 6648
7100 8468
306120494 1196896543
1
sift 68
3044 2582
92 61
5296 7879
2786 3786
74 82
4414 2003
326 161
2568 4305
428 259
381 768
2610 4391
520 636
763 506
2639 5664
479 1054
939 615
3330 6192
1077 811
1770 640
3534 5769
1305 915
1186 1246
3908 6681
1263 1719
2897 1200
3981 6525
3132 1153
1587 2257
4886 5468
2319 1610
2237 1992
5115 5369
2447 1811
2591 2022
3743 8026
3013 2139
3004 2232
4835 7292
2240 3569
4163 1874
3590 2154
4528 1999
3691 3775
3181 4813
2652 7063
4997 3387
5563 3115
3711 4583
6525 2808
3831 5304
4301 4725
4873 4431
3868 5827
6763 3593
3490 7627
4086 6085
4686 6508
4161 7807
5018 6641
4732 7652
6792 5500
5475 6967
5968 6612
6804 5864
7072 6567
7610 6213
6739 8149
6942 8122
306120494 1988776702
1
sift 263
323 117
357 195
245 146
6507 2626
211 184
1037 389
388 253
216 213
335 150
796 537
395 271
338 186
366 254
1091 559
435 272
320 282
411 270
1343 643
1054 505
358 316
414 312
1549 954
1387 645
363 367
407 343
1565 1112
1569 987
446 314
404 395
2083 999
1677 1007
476 356
561 319
1577 1375
1847 1137
543 350
598 414
2838 1586
1903 1161
735 411
633 488
3692 1626
3368 866
774 424
744 451
3256 1842
2250 1104
810 504
762 572
4087 1711
2028 1651
996 526
973 555
3449 2078
3505 1319
876 603
903 599
5044 2231
3625 1459
721 733
987 594
4615 3454
4231 2654
993 641
1117 675
5300 4401
3418 3508
908 848
1340 642
6389 4240
5714 2368
1338 691
1016 855
7266 4486
4800 3026
1092 799
1108 818
7908 5074
5247 2941
1770 683
1350 853
5478 3270
1641 761
1373 900
6433 3280
1441 879
1364 975
5565 4145
1654 839
1597 893
6150 4133
1655 877
1335 1050
6109 4316
1845 843
1523 1015
6647 4413
1651 989
1558 1073
6337 4765
2114 880
1867 959
1642 1140
1916 1025
1827 1098
1394 1573
1660 1347
2073 1155
1937 1273
1870 1383
2014 1333
1740 1529
2361 1186
1854 1500
2023 1431
2351 1382
2042 1609
2537 1393
2079 1691
2019 1763
2417 1572
2334 1639
2721 1477
2643 1590
2867 1641
1910 2306
2212 2115
2784 1757
3133 1689
2483 1931
2552 1919
1873 2596
2629 1967
2941 1843
3292 1765
3372 1752
2268 2427
3690 1761
3118 1953
3291 1886
2889 2127
3348 1922
3377 1910
3254 1994
4224 1762
3703 1928
3297 2166
3137 2327
2928 2469
3711 2221
6943 1608
3333 2497
3385 2604
3793 2478
4085 2364
4528 2237
4169 2372
3589 2701
3165 3092
3715 2633
3656 2681
3921 2727
3946 2789
3636 3060
3971 2855
3621 3204
3445 3414
3829 3061
3897 3217
3958 3242
3232 4071
4285 3098
4163 3285
4347 3239
4428 3296
4708 3176
4806 3142
4268 3511
4942 3183
5150 3080
4980 3171
4783 3338
3931 4062
5017 3463
4349 3973
5916 3213
6486 2996
5630 3426
6217 3196
5538 3641
6094 3369
5558 3677
7524 2991
6510 3366
3966 5277
5028 4111
6239 3495
4177 5101
5900 3717
5408 3998
5584 3900
6758 3440
6084 3703
5267 4181
4579 4900
4104 5486
5675 3934
6763 3557
5703 3992
4747 4906
4787 4899
5882 4011
6246 3875
4454 5476
5688 4177
7461 3525
7850 3332
3999 6326
5921 4266
6821 3887
6524 4050
6695 4031
7152 3874
6633 4091
6480 4221
5849 4680
6386 4334
6868 4099
6894 4155
7435 3951
5928 4767
6689 4440
6446 4785
5241 6096
6893 4649
5717 5588
4996 6506
6306 5194
6352 5271
7505 4511
7185 4854
4869 7273
6570 5287
5206 6751
6609 5443
6523 5498
7631 4833
6958 5343
5573 6620
7300 5217
7582 5004
5343 7243
7358 5404
5485 7347
6527 6102
7742 5268
7045 5810
7738 5477
7809 5558
6287 7285
7678 5983
7502 7645
7777 7798
306120494 2119627969
1
sift 91
415 128
92 85
1068 2113
583 904
257 241
558 333
366 174
999 2685
807 864
378 489
1522 1275
633 695
1896 4724
791 1464
762 1052
2661 2051
1183 802
2321 4145
897 1533
2229 699
4532 3799
1538 872
2284 4343
1186 1667
868 1624
4660 3867
1600 950
2992 7408
939 2371
1377 1208
5942 6024
1181 1605
4064 7770
1482 2308
1305 1598
7536 6301
1857 1732
4397 7566
1583 2677
1709 1948
6946 8718
1718 2125
5371 7875
1587 3005
2767 1724
1805 2642
5347 9112
1855 2622
2130 2352
2623 2384
2299 4336
2867 2731
2489 3205
2423 4447
4285 2424
2210 5623
2242 6764
3292 3583
3379 4251
2936 5559
3242 4709
3386 4775
2809 6311
3711 4287
4711 4056
2822 7444
3971 4899
3213 6642
3408 6590
3544 7606
7809 3473
3383 8441
6585 4413
4079 7012
3905 7982
7474 4361
5871 5962
4435 8204
5113 7393
5082 7721
6345 6834
6763 5884
4823 8317
5524 8726
6080 6538
6609 6168
6057 7268
7505 6500
6420 8000
7300 8570
7649 8945
