332492770 690665857
1
sift 1570
67 72
97 106
7 11
114 104
94 96
9 10
141 120
150 110
20 18
191 213
164 117
22 19
161 143
138 131
24 26
342 285
129 168
41 35
186 165
152 180
45 49
384 350
208 192
60 43
206 243
218 207
61 51
393 374
216 253
88 78
312 264
229 245
89 82
398 412
254 312
101 99
250 323
235 254
98 107
475 406
374 341
135 90
593 410
264 229
113 108
538 484
376 351
119 146
541 504
226 295
159 109
578 551
389 403
158 113
567 542
227 292
155 126
720 493
455 393
162 142
615 571
279 221
127 217
713 556
453 480
187 135
594 638
273 252
177 147
719 603
519 452
182 144
668 582
331 313
170 172
817 711
539 458
198 139
604 675
327 340
171 184
838 741
495 558
176 178
666 605
371 317
246 158
1073 713
626 684
220 205
669 688
369 357
214 279
952 840
731 642
252 242
874 625
382 388
253 241
1031 832
755 663
265 233
1055 720
411 363
291 269
1044 830
904 652
290 280
933 851
476 384
295 287
1085 817
709 838
236 366
965 867
434 431
334 293
982 910
865 702
287 320
997 877
450 446
324 309
1061 943
816 756
289 347
1242 805
463 457
337 318
1086 995
999 665
306 359
943 1113
500 461
333 339
1302 1588
899 886
388 304
1149 1088
513 477
301 386
1493 1331
948 866
358 326
1218 1054
510 544
296 405
1391 1749
1199 850
365 327
1225 1056
556 496
366 330
1659 1391
1118 1070
436 301
1183 1190
532 530
362 356
1559 1620
1196 1367
408 321
1298 1259
425 657
418 335
1635 1593
1344 1270
377 376
1422 1337
550 507
412 362
1676 1558
1557 1295
406 380
1331 1626
597 512
420 367
1948 1728
1565 1355
390 425
1500 1479
590 534
452 385
2204 1692
1576 1376
459 381
1554 1443
664 509
472 369
2042 1920
1502 1525
387 453
1377 1693
564 579
419 447
2435 1722
1550 1481
447 420
1892 1158
620 539
502 390
1901 2102
1742 1372
448 429
1735 1404
696 517
442 439
2465 1741
1486 1737
509 407
1788 1412
658 562
504 418
2075 1997
1623 1594
480 443
1622 1630
701 560
483 459
1952 2137
1514 1809
503 448
1573 1876
656 624
517 435
2380 1943
1731 1570
386 584
2003 1932
753 636
535 466
2364 1958
1955 1360
540 472
2144 1976
794 677
536 485
2338 1989
1658 1819
580 503
2141 2147
745 753
549 528
2252 2468
1790 1752
559 531
2094 2337
937 610
584 563
2670 2729
2321 1390
640 529
2501 2235
859 690
654 533
2988 2463
1620 2017
572 599
2396 2333
879 772
624 566
2817 2662
1996 1596
617 575
3220 1888
915 760
545 661
3273 2420
1958 1629
667 549
2731 2148
938 749
633 602
3320 2703
1817 1796
619 626
3466 1891
902 789
685 583
3122 2997
1605 2073
718 569
2884 2140
921 837
693 588
3053 3082
2192 1748
671 600
2277 2792
1143 766
683 595
2924 3328
2358 1651
742 608
3067 2220
983 889
748 644
3495 2860
2065 1985
767 619
2607 2669
976 920
790 611
3235 3259
1978 2083
727 687
2650 2614
1128 816
801 615
3615 2939
1906 2211
746 682
3460 2255
1082 856
729 705
3009 3564
2170 2048
711 721
2740 3071
1035 901
786 660
3240 3448
2153 2169
756 689
2843 2912
1051 984
616 835
3696 3018
2330 2057
797 674
3745 2372
1133 919
653 804
3739 3076
2264 2136
825 673
3077 2829
1019 1124
814 698
3192 3644
2414 2043
888 640
3542 2525
1011 1140
1043 589
3639 3211
2230 2233
787 758
2825 3215
1173 993
973 672
3385 3566
2051 2382
901 739
3275 3043
1272 924
858 781
3737 3410
2476 2166
842 800
3389 3032
1251 1002
875 787
3717 3450
2471 2178
876 803
3569 2895
1359 918
979 745
4102 3632
1957 2816
962 752
3108 3394
1219 1069
984 740
3663 4255
2668 2237
1247 685
3227 3420
1339 972
949 848
3449 4555
2831 2256
942 853
3723 3015
1243 1170
961 861
3971 3973
2963 2317
1213 718
3270 3482
1164 1289
1028 839
4371 3869
2917 2475
1096 795
3658 3173
1223 1248
1067 821
4984 3705
2769 2687
956 881
3292 3542
1233 1232
992 869
4433 4061
2690 3010
889 974
3478 3395
1399 1077
1037 859
5864 3383
2823 2911
895 1001
3802 3386
1320 1188
1017 908
4479 4251
2895 2915
1032 898
3678 3504
1367 1218
1064 882
4319 4420
3161 3235
957 981
4093 3429
1464 1175
1131 847
4301 4766
3496 2910
1003 965
3879 3670
1509 1144
882 1089
4684 4693
3583 3195
1112 870
4253 3413
1541 1168
1113 874
4665 5201
4175 2761
1090 913
3670 4038
1512 1189
1077 937
5078 4932
3668 3403
966 1021
3735 3990
1405 1330
1052 959
5174 4849
4590 2693
873 1156
3567 4270
1427 1354
1079 946
6052 4328
4065 3157
1001 1005
4593 3662
1429 1411
1038 987
5521 4838
3552 3715
1132 911
3952 4244
1641 1239
1123 923
5460 5052
4119 3426
1105 989
4198 4012
1644 1267
1100 999
5851 4745
3589 3897
1127 975
4199 4017
1878 1120
1249 878
4384 6199
4082 3544
1092 1043
4303 3936
1699 1387
1212 970
5327 5314
4432 3249
1215 994
5152 3614
1534 1646
1171 1055
4960 5620
3797 3868
1137 1084
4324 4200
1697 1425
1224 1016
5441 5363
3574 4071
1185 1045
4294 4274
1702 1430
1107 1150
5872 5055
4135 3728
1259 1032
5087 3697
1601 1572
1181 1116
5625 5225
4100 3802
1211 1106
4762 3938
1667 1554
1202 1123
5691 5216
3809 4298
1227 1118
4147 4656
1540 1747
1280 1052
6004 5188
3366 5015
1430 963
4523 4233
2316 1186
1162 1220
4729 6508
3632 4756
1271 1127
3697 5475
1672 1723
1187 1228
6877 4586
4284 4064
1236 1176
3909 5207
1849 1536
1152 1312
4806 6802
4531 3924
1352 1093
4296 4629
1866 1546
1306 1143
7005 5010
4980 3721
1170 1381
4398 4494
1673 1901
1334 1147
6087 5794
5439 3835
1356 1138
5667 3848
1824 1772
1308 1201
6807 5243
4216 5000
1445 1109
4710 4514
1838 1798
1543 1037
8021 4715
5572 3977
1461 1132
4747 4621
2068 1790
1130 1635
8012 5025
4933 4450
1436 1200
5056 4350
2190 1754
1325 1309
6213 6322
4956 4707
1434 1219
5260 4432
2132 1791
1277 1454
7649 5455
5187 4508
1444 1260
5012 4797
2187 1775
1740 1048
6095 6894
4556 5236
1402 1327
4876 4971
2047 1950
1539 1209
7324 6353
5473 4464
1474 1273
5316 4764
2301 1859
1380 1399
7827 6492
4646 5298
1484 1288
5576 4505
2181 1938
1375 1409
8615 6009
5290 4757
1549 1256
5237 4835
2110 2022
1783 1071
7951 6511
5211 4914
1481 1329
5179 5081
2223 2105
1426 1416
7548 7212
5734 4484
1530 1297
6146 4355
2640 1878
1494 1335
7081 7674
5607 4597
1505 1333
5725 4888
2050 2379
1495 1348
8341 6759
5074 5247
1663 1217
5756 5097
2318 2219
1556 1313
8447 7010
5502 5030
1648 1243
5505 5378
2221 2300
1478 1437
7995 7823
5401 5126
1279 1813
5624 5270
3110 1824
1395 1595
9091 6405
5618 4988
1365 1644
5107 5761
2890 1933
1383 1654
5749 5061
1608 1378
5280 5731
2184 2492
1443 1637
5588 5290
1520 1545
5911 5344
2496 2234
1640 1392
6330 4770
1507 1575
6076 5329
2497 2246
1633 1417
5488 5769
1621 1424
5908 5651
2475 2368
1318 1892
5955 5566
1503 1650
6162 5529
2888 2081
1627 1500
4861 6768
1933 1222
5929 5998
2180 2809
1628 1538
6668 5145
1713 1436
6746 5306
2681 2294
1710 1456
5096 7147
1798 1351
6400 5659
2600 2402
1411 1897
5758 6294
1664 1549
6437 5799
2703 2338
1666 1556
6051 6237
1730 1480
7476 5208
2449 2672
1652 1578
5940 6548
1625 1652
6683 6096
2517 2588
1661 1598
6456 6259
1698 1565
6412 6593
2632 2684
1611 1698
6783 6153
1769 1550
6308 7470
2980 2376
1412 2039
7439 6323
1592 1803
8760 5606
2707 2805
1762 1622
7232 6616
1974 1407
8647 5737
2990 2568
1778 1632
7307 6694
1913 1494
7599 6440
2683 2938
1725 1696
7678 6433
1662 1818
6890 7231
2945 2671
1639 1845
6824 7263
2109 1388
7205 6905
3017 2605
1555 2003
7355 6783
1743 1751
7711 6602
3074 2617
1805 1674
7609 6599
1795 1712
7524 6788
2849 2876
1529 2090
7138 7287
1546 2111
6585 7936
2788 2981
2182 1460
8547 6177
2059 1551
7050 7556
2951 2818
1729 1869
7657 6996
1756 1870
8498 6290
2807 3053
1833 1793
8079 6679
1918 1691
7940 6887
3029 2827
2054 1603
8023 6848
2071 1590
7689 7680
3344 2618
1826 1835
8245 7112
2060 1618
7911 7499
3289 2741
1852 1822
8740 6726
1963 1724
7003 8022
2969 3069
1970 1744
8044 7425
1979 1755
8000 7474
2655 3546
1960 1783
7930 7817
2537 1478
7243 8059
2851 3251
2036 1805
8470 7696
2554 1499
9031 7165
3257 2858
2107 1792
8662 7913
2598 1492
8951 7880
3095 3087
1981 1905
2616 1509
3234 3079
2066 1861
1904 1983
3059 3216
1915 1975
1873 2042
3908 2577
1926 1984
1936 1995
3604 2868
1929 2006
1848 2097
3419 3025
1746 2273
1894 2066
2972 3575
2006 1964
1758 2281
3300 3304
2345 1774
1956 2028
3093 3548
2016 1979
2102 1940
3816 2990
1951 2049
2045 1988
4022 2988
2089 1969
2077 1981
3313 3657
2121 1948
2473 1735
3770 3288
2215 1914
2377 1827
3628 3463
1895 2158
2243 1903
4159 3180
2250 1916
2197 1972
3818 3518
1964 2145
2070 2101
3750 3601
2270 1970
2020 2156
3726 3672
2477 1843
1980 2201
4330 3246
1928 2245
2004 2213
3594 3904
2319 1977
2263 2034
4247 3409
2205 2082
2228 2071
4047 3642
2196 2118
2325 2023
3534 4161
2331 2031
2320 2036
4190 3620
2251 2098
2193 2168
4499 3356
1988 2324
2207 2186
3749 4069
2049 2295
2035 2327
4005 3850
2122 2280
2129 2322
3926 4025
2499 2085
2427 2164
3863 4203
2571 2086
2201 2388
4056 4155
1910 2756
2242 2386
4251 4023
2503 2185
2922 1924
4470 3828
2588 2153
2246 2436
3599 4960
3100 1890
2436 2315
4534 3812
2687 2107
2586 2209
4336 3984
2679 2123
2413 2362
4271 4119
3202 1949
2312 2562
4428 3920
2964 2084
2450 2485
4518 3898
2611 2393
2814 2248
3905 4632
2310 2801
2577 2471
4074 4377
2493 2625
2602 2497
4346 4101
2596 2510
2203 3132
4678 3882
2566 2613
2714 2427
4481 4033
2694 2513
2820 2407
4411 4141
2545 2754
2708 2544
4431 4129
3248 2229
2811 2445
4467 4154
2332 3165
2562 2814
4540 4070
2962 2384
2753 2579
4423 4199
2839 2554
2815 2587
3771 5168
2760 2668
3422 2266
4206 4489
2919 2523
2926 2528
4738 3944
2826 2642
3000 2487
4940 3940
3340 2349
2871 2666
4722 4102
2527 3233
2848 2716
3981 5066
2796 2784
2891 2705
4775 4115
2756 2873
3480 2356
4448 4443
3131 2556
2836 2838
4915 4055
2770 2928
3412 2411
4440 4525
3493 2451
3206 2645
4299 4852
2938 2883
3039 2789
5243 3942
3103 2747
2914 2944
5041 4111
2921 2947
2643 3387
4802 4339
3535 2500
2994 2901
4409 4822
3276 2720
2909 3125
5073 4230
2927 3136
2448 3994
4917 4348
3126 2989
3179 2960
5863 3929
3244 2899
2857 3325
4645 4886
3413 2787
3329 2863
5198 4398
3418 2810
3647 2688
4389 5325
3661 2717
3596 2772
5052 4602
3064 3219
3838 2643
5548 4287
3396 2941
4060 2507
5019 4803
3336 3007
3350 2996
4825 5046
3559 2902
2985 3481
5671 4325
2872 3649
3591 2933
4936 4977
3299 3178
3176 3349
5108 4821
3643 2935
3118 3417
4026 6157
3421 3135
3331 3229
5148 4828
2767 3900
3603 3034
6595 3949
3468 3184
3784 2936
6422 4209
3429 3253
3303 3390
6045 4537
3526 3177
3850 2942
4789 5671
3434 3320
3746 3068
5781 5075
4220 2744
3286 3581
6289 4830
3216 3691
3689 3275
5710 5335
3541 3434
3987 3054
6190 5019
2986 3992
3417 3597
6027 5293
3328 3699
3626 3435
6468 4899
3352 3698
3996 3154
5389 5804
3521 3591
3715 3462
6053 5334
3562 3622
3927 3342
6211 5379
3951 3322
3995 3301
5309 6249
3600 3681
3725 3559
6207 5510
4196 3148
3880 3444
6000 5704
4456 2959
3738 3608
6161 5587
3733 3612
4515 2937
5697 6022
3991 3379
3700 3660
6962 5065
4401 3086
4521 3003
7417 5012
4028 3436
3998 3493
7329 5083
3766 3722
3479 3964
6175 5926
3757 3740
3388 4104
6551 5613
3465 4047
4050 3537
6224 5974
3374 4170
3619 3914
6914 5519
3107 4542
6058 2498
6542 5789
3999 3605
3990 3616
6176 6269
4039 3613
4025 3630
6232 6495
3114 4634
4058 3645
6618 6048
4163 3565
3982 3720
6755 6035
4277 3470
3893 3805
6333 6551
4796 3103
3900 3852
6298 6709
4335 3510
4279 3638
7071 5961
3994 3877
3972 3890
6546 6502
3483 4459
4770 3314
5790 7641
4501 3498
4689 3406
7425 5885
4704 3423
4245 3798
7819 5729
6002 2839
4268 3818
6482 6873
3948 4130
3566 4617
7259 6221
4274 3832
4408 3711
7468 6123
4053 4035
4370 3748
7375 6533
3705 4466
4281 3860
7295 6615
4018 4106
4209 3956
7189 6711
4412 3807
4144 4072
6731 7218
3642 4763
4214 4063
7546 6520
3917 4428
4794 3647
6854 7427
4636 3745
4375 3913
7509 6886
5356 3368
3841 4611
6917 7503
4080 4280
4851 3654
7185 7323
4445 3901
4323 4020
7122 7416
4200 4182
4152 4236
6751 7887
4608 3809
4230 4213
7909 6827
4266 4190
4204 4263
8351 6573
4121 4427
4141 4400
8798 6287
4385 4103
4584 3950
6874 8005
4548 4003
4133 4457
7687 7489
4544 4010
4350 4262
8872 6623
4493 4178
4987 3841
7963 7633
4103 4758
4307 4448
8560 7238
5285 3736
5111 3813
8463 7518
4511 4245
4908 3957
8294 7677
4576 4240
5366 3773
8763 7393
4140 4896
4749 4151
8958 7173
5114 3896
4607 4269
8439 7937
4174 4880
4422 4493
9064 7094
4338 4654
5261 3902
8663 7903
4824 4212
4085 5176
4625 4383
4714 4357
4903 4223
4265 5007
4853 4290
4094 5380
4560 4760
4482 4861
5065 4259
5396 4059
4920 4371
4890 4406
5318 4137
4674 4677
4502 4919
4305 5260
5520 4074
4859 4564
4569 4945
4923 4538
3555 6554
4911 4554
5767 3995
5805 3978
5713 4031
4818 4771
4673 4941
4992 4598
4686 4951
5291 4392
5599 4248
5121 4636
5370 4445
6117 3997
4870 4930
5157 4637
5390 4470
5365 4501
5131 4694
5057 4775
5026 4847
5317 4580
5143 4742
5540 4409
5517 4477
5060 4908
5787 4303
5665 4375
5348 4696
4773 5239
5876 4288
5203 4868
6251 4122
5722 4510
5340 4875
4894 5276
4927 5256
4512 5682
5263 4980
5984 4397
4459 5782
6054 4353
5440 4877
6120 4336
6340 4174
5926 4500
5735 4653
6642 4016
5138 5197
5092 5277
4983 5367
5117 5262
5347 5111
5545 4925
5428 5053
4562 5862
5921 4655
5537 4958
5522 4994
5814 4795
5377 5174
5200 5328
4895 5598
5295 5316
5788 4939
5343 5313
6506 4309
5277 5372
6212 4583
5594 5132
6170 4663
5298 5396
6206 4664
5794 5050
6270 4607
5226 5508
5339 5462
5613 5221
5470 5364
6293 4647
5961 5014
6100 4981
5934 5133
5695 5332
6173 4955
6240 4911
5254 5690
5642 5419
5677 5403
6357 4873
4416 6925
6903 4429
5045 5981
5565 5548
6012 5291
5870 5394
5836 5440
5739 5505
5912 5389
5723 5542
5416 5808
7261 4463
5744 5657
5656 5716
5615 5744
5533 5825
6183 5376
6368 5244
5031 6454
5240 6246
5332 6219
6561 5203
7175 4799
5815 5875
5916 5828
6130 5676
6196 5636
6233 5627
5740 6047
6060 5795
5978 5867
6267 5611
5602 6234
6990 5106
7334 4949
6043 5940
5965 6017
7254 5073
5498 6562
5967 6062
7020 5222
5887 6178
5450 6718
6445 5660
6261 5845
5800 6335
6349 5803
6230 5955
6748 5522
5935 6280
6722 5576
7553 5108
6540 5759
6786 5574
6169 6156
5573 6919
5421 7207
6460 5920
6182 6245
6292 6099
6685 5766
6549 5907
6306 6137
6749 5743
6047 6565
6536 5996
6264 6350
8076 5121
6455 6141
6965 5720
6410 6244
8800 4779
6891 5822
6395 6318
5803 7199
7913 5342
6593 6152
5910 7080
6945 5866
6301 6514
5964 7098
6166 6857
6787 6063
7358 5717
7260 5779
7096 5886
6221 6849
7044 5943
8302 5292
6397 6625
6483 6557
5592 7810
7047 6040
6111 7224
6868 6182
6843 6217
6258 7030
6491 6688
7211 5978
6553 6624
7550 5835
6944 6239
6972 6226
7791 5738
6393 7113
7039 6377
6567 6959
7807 5893
6930 6580
8228 5702
7148 6408
7453 6186
6484 7242
7595 6124
7286 6357
7042 6584
6511 7245
7539 6216
7231 6505
6735 7040
8008 5987
6920 6867
8259 5914
8489 5790
7266 6655
7382 6570
7620 6372
7004 6933
7053 6881
7652 6373
7990 6121
6439 7691
7197 6785
6806 7252
8141 6108
7784 6361
7166 6909
7144 6946
7186 6944
7270 6859
7135 7009
7528 6692
7663 6651
7912 6456
7067 7312
7383 7023
7328 7083
7917 6589
7750 6734
6830 7638
7803 6697
7072 7401
7925 6612
8404 6231
7802 6712
8138 6430
6881 7684
7504 7070
7195 7451
7089 7565
8397 6393
7932 6795
7325 7386
7723 6998
6556 8012
7641 7159
8557 6351
7077 7714
7273 7587
7922 7026
8510 6509
7927 7052
7935 7057
7872 7115
6477 8058
8015 7012
8848 6289
8533 6618
8960 6169
8412 6794
7090 7950
9006 6205
8214 7197
8901 6506
7579 7827
8827 6665
7722 7761
7145 8019
7414 7959
8019 7552
8392 7272
7966 7660
7513 7953
8123 7529
7555 7955
8086 7618
7829 7846
7938 7799
8380 7398
8400 7408
7950 7801
8266 7606
7868 7906
8527 7395
8061 7812
8930 6947
8683 7306
7971 7934
8326 7732
8912 7132
8679 7498
8158 7947
8381 7885
8506 7830
8315 7974
9037 7265
8627 7944
9096 7719
332492770 1005924530
1
sift 232
7 39
1608 2620
32 109
215 387
37 117
1730 3493
60 114
233 451
66 158
3659 4081
88 170
291 426
91 206
2836 7838
119 164
257 655
298 436
4690 7184
358 560
307 688
368 575
337 771
392 593
350 672
344 821
412 613
418 684
359 1026
509 650
460 755
452 772
503 683
420 871
480 846
468 868
496 859
697 736
565 912
574 925
667 904
575 954
629 924
627 1020
619 1009
726 955
805 1073
742 933
679 1091
967 1370
670 1234
647 1351
1271 1347
888 940
785 1191
1100 1817
790 1318
1072 1463
1740 1098
986 1706
1124 1465
1092 2091
992 1764
1113 1561
1321 2016
1121 1756
1120 1827
1402 2220
1198 1712
1007 2239
1588 2630
1084 2355
1244 1944
1663 2487
1184 2114
1066 2534
1725 2437
1275 2041
1265 2075
1664 3157
1187 2349
1181 2416
1769 2812
1262 2190
1297 2138
1756 3136
1132 2935
1068 3530
2102 3757
1352 2275
1412 2617
1956 4057
1421 2621
1816 1922
2089 4396
1669 2409
1586 2753
2562 3634
1593 2794
1627 2784
2203 4831
1750 2572
1681 2772
2070 5381
1677 2821
1778 2653
2909 4919
1461 3878
1503 3805
3764 4172
1645 3364
2010 2768
2815 6243
1913 3008
1852 3468
3700 4756
1929 3317
1950 3383
3423 5808
1883 3550
2095 3122
4010 5496
1993 3453
2251 3076
5295 4193
2154 3400
1984 3876
3263 7475
2239 3529
2157 3730
3921 6049
2508 3088
1859 4556
4230 5602
2479 3314
2174 3896
3465 7097
2018 4259
2332 3646
4007 5955
2078 4195
2117 4129
4090 6983
2311 3875
2202 4237
4028 7388
2058 4631
2129 4420
5395 6307
2226 4211
2558 3728
5542 7950
2503 3844
2357 4217
6530 7062
2388 4238
2876 3334
2621 3879
2535 4073
2914 3594
3000 3480
2611 4352
2167 6133
2559 4893
2458 5261
2594 4874
2694 4511
2893 4235
2839 4527
2826 4675
2712 5676
3376 4284
3061 5068
2871 5690
3646 4310
3308 5056
3338 5161
3468 5238
3244 5698
2677 7384
2859 6696
3054 6142
3048 6328
3634 5481
3715 5367
3631 5616
3035 6798
3340 6134
3329 6422
3633 5885
3214 6896
3619 6198
3681 6172
3587 6391
3455 6675
3937 5828
4071 5881
3642 6885
3839 6588
3994 6265
4027 6215
4025 6304
4257 6272
4570 5951
4456 6249
4209 6841
4046 7283
3433 8142
4163 7112
4133 7237
4152 7220
5574 5800
5219 6293
4445 7626
5111 6539
5182 6512
6100 5772
4961 7281
4715 7933
5390 7141
5291 7324
5348 7394
5159 7689
5065 7845
5226 7765
5735 7113
5397 7817
5561 7690
5294 8093
6251 7148
5866 7856
5985 7884
6771 7206
332492770 1162772251
1
sift 431
250 548
2180 3112
7 28
37 89
20 85
236 351
541 556
61 131
60 134
91 165
201 519
1344 1462
66 137
88 162
71 218
344 564
1331 1594
80 212
98 271
79 274
330 680
1735 1608
96 312
220 345
99 328
416 819
2003 2386
125 336
290 383
182 228
589 1144
1851 2648
177 303
259 453
199 445
735 1869
2369 2819
215 432
320 405
231 406
724 2000
3569 3487
291 499
298 552
295 595
1185 1602
3735 4640
358 505
388 491
277 664
1102 1786
4294 4582
474 443
417 510
307 764
1004 2110
5667 3964
514 474
379 686
410 583
1161 2350
4396 5263
350 706
419 621
368 688
1954 1487
4523 5314
392 660
447 669
400 662
1654 2328
5461 5418
412 648
704 475
418 750
2207 2317
5756 5270
480 730
505 982
442 803
1607 3602
4747 7141
509 701
627 771
460 776
1806 2915
6400 5563
452 804
667 738
503 745
1956 3174
5455 6862
496 918
671 790
549 767
1895 3579
5908 7437
469 1015
711 849
492 1025
2070 3413
7025 6018
545 990
802 739
574 946
2196 3596
6162 7387
565 1005
752 793
616 929
3035 2460
6890 8046
629 922
805 878
697 874
2125 4600
8482 7521
619 974
734 987
575 1095
2185 5133
726 908
967 1089
742 1019
2590 3924
679 1129
909 1162
647 1206
2629 4119
653 1312
1271 1048
785 1092
4165 2700
825 1043
1077 1412
710 1280
2798 4114
733 1294
1106 1363
790 1178
2785 4539
888 1046
1091 1685
673 1650
2913 4418
797 1366
1402 1636
803 1551
3144 4622
961 1456
1250 2032
1123 1326
2738 5580
889 1875
1379 1824
992 1754
2780 6363
1113 1520
1474 1741
1224 1404
4090 4980
986 1887
1415 1847
1007 2023
3537 6425
1121 1848
1740 1572
1132 2084
3213 7503
1187 2064
1588 1806
1084 2467
3598 7745
1198 2101
1321 2465
1066 2526
5000 5972
1375 1710
1494 2410
1322 1870
4657 6959
1310 1930
1725 2020
1181 2379
4323 7907
1297 2135
1756 2015
1532 1742
4426 8113
1262 2366
1713 2354
1275 2330
6368 7348
1265 2374
1711 2400
1068 3242
6849 7092
1244 2433
1769 2486
1371 2136
1326 2272
2165 2005
1352 2273
1691 1720
2426 2264
1553 1962
1226 3254
1782 3227
1521 2242
1461 2532
2102 2579
1421 2761
2000 1762
1908 2984
1317 3247
1669 2609
2209 2733
1627 2811
1503 3401
2089 3245
1681 2745
1778 2706
2473 2650
1750 2812
1677 3357
2158 3317
1839 2892
2010 2627
2325 3028
1852 3104
1575 4164
2203 3410
1913 3001
1950 3235
2499 2955
2066 3045
2197 2873
2562 2942
1811 3831
1858 3790
3399 2877
1758 4298
2239 3243
3700 2977
2154 3496
2078 3696
3066 3792
2250 3378
2020 3804
3764 3369
2046 3791
1904 4241
3221 3910
2117 3754
2228 3660
4549 3339
2163 3902
2508 3246
3407 4627
1883 4864
2311 3800
3756 4374
2174 4123
2479 3642
3784 4559
2058 4621
2453 3726
3704 4827
2129 4439
2167 4583
5295 3778
2332 4370
2219 4708
3948 5690
2503 3966
2538 3912
4623 5499
2105 5307
2244 4982
4883 5289
2588 4079
2621 4017
4076 6703
2566 4196
2157 5567
4770 5652
2304 5187
2611 4174
4581 6174
3000 3564
2667 4149
4992 5770
2388 5120
2458 4926
5263 6559
2581 4799
2694 4419
4922 7282
2916 4118
2826 4307
5361 6688
2938 4158
2586 5245
5347 7054
2763 4720
2893 4467
5808 6447
3480 3768
2921 4580
4859 7839
3037 4417
2839 5012
5233 7618
2558 5982
2989 4765
6170 6545
3248 4371
2949 5101
6264 6401
2421 7105
2869 5366
6262 6514
3376 4413
2715 5825
5677 7753
3412 4541
3244 4897
6889 6192
3177 5139
3838 4156
6183 7213
3303 5121
3308 5193
6392 6873
3329 5178
2995 5755
5416 8093
3061 5711
2802 6498
5421 8145
3645 4853
2973 6016
5959 7914
3468 5231
3045 6152
7047 6665
3893 4785
3421 5606
6490 7439
3603 5457
3267 6028
6491 7650
3048 6615
2922 7150
6795 7287
3619 5619
3340 6062
7518 6613
4094 4910
3469 5911
7641 6837
3175 6821
3403 6354
6518 7992
3364 6530
4621 4532
7006 7883
3634 6043
3054 7595
7260 8105
3650 6145
3616 6394
3600 6419
3479 6735
3455 6800
3715 6285
3998 5857
3839 6356
4245 5664
3388 7585
3937 6267
4025 6179
3587 7485
3778 7041
4027 6426
3892 6857
4152 6339
3996 6750
3935 7109
4156 6596
4456 6013
3889 7344
4133 6763
4050 7261
4209 7067
4148 7232
4163 7295
5452 5532
4258 7643
4493 7137
4570 6965
5232 6007
4141 7954
4844 6839
5028 6561
5190 6433
5057 6682
5256 6536
4566 7712
5348 6587
4860 7369
5111 7021
4749 7718
4408 8119
5945 6283
4445 8157
4988 7795
5065 7840
5218 7741
5370 7709
5658 7515
5291 7970
6251 6967
5226 8149
6293 7140
6335 7187
6035 7823
5431 8178
6891 6960
8241 6015
6112 8138
332492770 1584042216
1
sift 91
1824 752
79 257
215 513
3598 8052
291 481
277 641
295 731
368 719
350 823
509 702
416 865
503 754
442 1012
545 1006
913 1592
1007 1767
1113 1689
946 2070
1161 2376
1289 2031
1297 2356
1265 2529
1324 2336
1198 2978
1412 2258
1287 2853
1532 2281
1686 2922
1607 3642
1750 3153
1503 4218
1811 3563
2197 2737
2066 3058
1913 3610
2251 3130
2174 3317
1852 4143
2332 3208
2250 3467
1858 4322
2078 3930
1778 5222
1898 4628
2058 4500
1904 5139
2311 4171
2239 4311
2479 3965
1934 5348
2559 4185
2185 5577
2575 4592
3000 3885
2503 5035
2999 4314
2839 4676
3411 4087
2921 5327
3376 4640
2989 5379
3244 5265
3303 5470
2914 6220
3187 5874
3045 6101
3603 5260
2852 6776
2995 6953
3006 7117
3308 6607
3642 6152
3716 6500
3537 7112
3633 7196
4141 6247
3421 8044
4025 6944
3867 7338
4493 7233
4304 7855
4292 7924
4163 8340
4570 7450
4715 8063
6100 6279
5092 7970
5065 8138
5887 7057
5390 7897
6112 7486
332492770 1923562747
1
sift 187
201 261
308 303
294 359
330 344
350 320
401 333
385 458
415 434
479 418
410 571
565 466
575 514
610 529
577 572
602 629
724 565
589 691
717 621
708 632
772 680
735 779
918 774
1120 735
830 966
926 866
1004 875
1021 895
1147 817
1192 841
1084 979
1161 918
1288 809
1262 931
1234 1007
1309 962
1275 1076
1322 1012
1433 991
1404 1081
1473 1082
1102 1445
1287 1263
1317 1287
1685 1070
1498 1219
1475 1357
1645 1535
2095 1271
1607 1591
1677 1527
1994 1361
1610 1667
1811 1523
1463 1942
1600 1843
2508 1383
1984 1618
1822 2005
2002 1817
2558 1550
1775 2174
2125 1811
2213 1955
1993 2264
2388 1930
2315 2078
2304 2185
2651 1888
2244 2261
2906 1774
2975 1759
2751 1959
2715 1996
2755 2112
2538 2447
2556 2440
2785 2279
2852 2372
3308 2122
3364 2180
3572 2139
3786 2223
3010 2638
3242 2756
2587 3635
3664 2601
3573 2639
3631 2634
3214 2983
2738 3648
3646 2782
3391 3006
3354 3220
3351 3362
3598 3136
3213 3585
3437 3352
3311 3517
3414 3447
4258 3039
4582 2920
3602 3784
5293 2740
4225 3470
3935 3741
3537 4161
4297 3501
4368 3405
3768 4015
4436 3620
3984 4014
3241 5194
4150 3964
4341 3858
4494 3764
4452 3852
5177 3401
4726 3695
5182 3458
4444 4000
4588 3957
4314 4199
5051 3766
4430 4487
5373 3839
5181 4001
4185 5025
4180 5113
5589 3938
4782 4490
5027 4358
5209 4312
6355 3877
5931 4162
6993 3673
6547 3923
6181 4184
5711 4529
4771 5381
5770 4599
6025 4452
5180 5249
6238 4408
6485 4285
5647 4957
5956 5043
5883 5129
5216 5922
6421 4989
6616 4842
6813 4792
8637 4038
6241 5722
6675 5408
7693 4975
7198 5422
8030 5052
7441 5474
7691 5516
7158 5892
7486 5792
6658 6490
7268 6036
8092 5576
6558 6786
7836 5983
7877 5963
6714 7305
6887 7254
8089 6244
8535 5995
8520 6074
8728 6083
8620 6265
7957 7175
7611 7611
7906 7401
8345 7071
8339 7351
8360 7367
8377 7499
8490 7449
8783 7373
8220 7935
8841 7687
9080 7083
9041 7921
