491624696 768479201
1
sift 52
3546 2148
16 11
235 372
477 577
4028 2965
501 708
613 1163
870 758
1121 896
1537 1742
1285 856
1291 925
2093 3616
1191 1555
1444 1881
2300 3463
1849 1794
1962 1708
2283 5565
1689 2432
1819 2621
3288 5600
2559 2048
2797 2003
4264 4503
1872 3109
2895 2238
4459 7174
3280 2746
2370 3968
6775 7113
3262 2978
3271 3675
2690 4730
2882 4652
3214 4492
2689 5559
3142 5276
3920 4081
5137 4396
4148 5486
4004 5951
6749 3998
4029 6660
5583 4775
4396 6731
3786 7736
5154 6742
7201 5068
6033 5753
5727 6861
6264 6413
491624696 1139800839
1
sift 67
42 80
483 1255
321 825
169 139
170 264
812 1494
187 306
230 262
1459 2073
268 265
282 409
1672 2917
296 534
445 476
1684 4738
389 629
414 584
3044 2254
600 444
643 697
2359 3162
613 908
805 780
6248 4759
819 826
1008 894
6165 5878
1291 782
1167 1256
1073 1409
1389 1065
1025 1595
1639 1120
1718 1315
2559 1560
2034 2542
2147 2393
1963 2739
2939 1853
2746 1988
2121 2678
2206 2652
2742 2132
2300 2756
2093 3330
2520 2639
2145 3443
2240 3315
2370 3121
1748 5371
2526 3147
2882 2742
2739 3129
2787 3229
3271 2893
2575 3723
4464 3103
3142 5122
4029 4529
4568 5702
5727 5015
4560 7009
5280 6221
6623 5613
5580 7175
7135 6425
6402 7073
491624696 1183258497
1
sift 92
546 712
644 705
46 103
78 118
1182 1313
224 162
1868 1232
241 160
175 244
2363 2326
352 195
2826 2294
314 238
599 689
2489 2895
345 311
4171 2048
312 349
558 857
3090 4301
296 378
2919 4985
350 346
3214 3676
3643 3988
446 316
3545 4346
358 585
3271 4332
4179 3781
483 477
5032 3672
799 395
2896 5953
4168 5448
463 684
4495 6066
854 557
3992 5852
6813 5725
1054 566
5480 7128
950 673
4912 6352
7086 6278
993 691
7133 7325
1106 801
6033 7913
1690 995
1978 1364
1830 1458
2359 1249
2080 1793
2093 2389
2688 2065
2452 2801
3032 2729
3534 2609
3581 2829
2913 3662
3524 3040
3452 3857
3801 3558
3288 4406
3752 3847
4256 3495
3142 5115
4295 3946
4710 4500
3786 5936
6184 3745
5978 4032
4004 6251
5883 4349
5146 5273
5083 6304
5760 5545
5265 6096
6846 5071
6157 5723
6480 5635
5981 6032
5448 6970
6775 5791
7223 5624
7044 5996
7077 6433
5584 7981
7393 6235
6823 7383
6483 7686
491624696 1960691938
1
sift 74
106 123
153 188
235 132
233 180
299 161
274 489
613 425
734 516
743 598
640 720
1050 775
1133 790
910 1084
1266 823
1601 753
1441 846
1831 863
1459 1024
1480 1103
1650 1090
1862 993
1923 1014
1896 1170
1963 1335
1747 1556
2206 1351
2093 1669
2359 1590
1748 2471
1604 3593
1969 2694
3452 1563
2466 2099
2539 2204
3303 1773
2283 2860
3288 2133
3882 1859
3040 2464
4256 2284
5040 2075
3886 2642
4117 2880
5015 3057
4161 3845
4557 3678
4598 3655
5327 3361
5117 3570
4683 3989
4976 3775
5658 3315
4311 4559
5129 3880
3824 5436
5870 3555
4572 4602
4459 4899
5448 4140
5981 3838
5238 4350
6527 3709
6122 3928
5584 4306
6483 4219
5110 5191
6034 4561
5436 5199
6395 5071
6521 5331
6193 5758
7317 5061
6932 5513
7044 6247
491624696 2102469315
1
sift 109
176 79
81 86
7071 7490
98 67
240 104
229 167
454 208
941 311
558 348
860 421
836 430
764 697
664 563
691 573
1060 696
1119 456
923 684
1448 1050
1094 600
1030 681
1157 1271
1300 717
1097 811
1667 1703
1703 818
1616 900
2456 1688
2460 787
1274 1511
2203 1843
1937 1734
1447 2587
2204 2419
2381 1588
3083 1347
2895 2180
1633 2993
3112 1769
2557 2787
2299 2353
1800 3495
3263 4029
3073 2113
2399 2567
3571 3885
2930 2218
1885 3718
4348 3617
3332 2538
3198 2842
5583 3480
3070 3021
2870 3459
4556 5122
3959 2738
4134 2677
5904 4959
2519 4805
3900 3055
4763 6428
3785 3241
3737 3283
5235 5906
4836 2692
3996 3236
5375 6461
4238 3237
4092 3349
5977 6817
4914 3353
3621 4361
7213 6764
4010 3927
5511 3223
7458 6710
5325 3387
3261 5651
3397 5630
6311 3630
6437 3713
6190 3787
5908 3863
7521 3375
5505 4429
6950 3873
5241 4935
5524 4702
6596 4081
4545 5955
4642 6028
4978 5698
4998 5691
5740 5083
7121 4400
4963 6164
6593 4926
6507 5115
6872 5116
6343 5474
7358 5223
7426 5313
6791 5719
6579 5863
5443 7859
7576 5656
7403 6201
7339 6360
6782 7050
6642 8171
491624696 2118799435
1
sift 51
1030 754
256 164
359 129
3360 3135
799 266
3046 3171
644 355
993 459
683 331
4836 3559
777 416
2559 1759
826 570
6951 5602
1333 661
3833 2342
1140 783
6872 6577
1668 931
6086 2903
1823 1318
7521 5891
1868 1320
5137 3864
2826 1196
5896 8020
2363 1570
7201 4556
2724 1687
2708 1881
7062 5974
2570 1970
3090 2311
5333 8788
3372 2190
4715 1798
3643 2238
3838 2253
3822 2423
5032 2449
4028 2974
4495 3727
5480 3575
5343 3813
7116 3825
6227 4296
5114 6023
7114 5144
7096 5471
7268 5516
7272 6469
