507090750 897658064
1
sift 455
67 55
1198 2623
149 104
108 164
2172 3844
146 109
126 175
2334 3522
130 181
174 133
3058 5375
138 195
180 143
3358 6023
148 194
167 216
5016 9257
206 221
220 230
6776 9418
225 299
323 404
294 476
302 635
453 480
513 452
364 737
328 1053
548 545
538 743
594 682
482 903
642 684
573 906
577 1031
726 882
643 1060
756 986
746 1046
792 1012
812 999
817 997
893 954
761 1259
1006 1040
742 1379
984 1113
1266 874
1000 1122
977 1189
1101 1121
877 1429
942 1420
1351 1033
922 1518
791 1886
1028 1380
1053 1439
985 1636
1079 1500
1012 1664
1216 1462
1276 1415
1464 1321
1237 1661
1263 1641
1503 1319
1375 1481
1277 1657
1317 1679
1218 1932
1213 2029
1185 2152
1260 2061
1591 1627
1148 2485
1401 1921
1337 2010
1607 1848
1497 1996
1786 1682
1606 1889
1624 1912
1795 1811
1439 2324
1506 2218
1484 2328
1694 2092
1346 2881
1634 2371
1721 2325
1621 2546
1541 2711
1620 2597
2049 1951
1651 2581
1880 2196
1729 2592
2038 2151
1760 2668
2244 2019
1809 2667
1885 2472
2051 2212
2083 2186
1835 2655
2011 2312
1555 3142
1806 2757
2289 2112
2050 2444
2140 2356
2236 2306
2206 2381
2097 2494
1653 3418
2159 2550
2094 2620
1665 3544
1866 3048
2452 2317
2138 2719
2202 2635
1728 3623
2048 2859
2067 2834
1849 3337
1845 3565
2035 3069
1778 3921
1945 3328
2476 2670
2294 2954
2293 3008
2411 2924
2052 3558
2119 3417
2130 3425
2085 3647
1801 4755
1983 4129
2164 3641
2622 2895
2665 2896
1947 4376
2583 3004
2465 3261
2570 3125
2560 3151
2255 3847
2933 2928
2745 3128
2265 4112
2341 3991
2576 3496
2586 3545
2874 3139
2607 3555
2936 3088
2110 4766
2077 4865
2519 3802
2439 4064
2566 3769
2242 4602
2468 4030
3138 3033
3212 3110
2860 3509
2504 4365
2893 3593
2300 4936
2527 4426
3280 3238
2360 4915
3394 3213
2628 4441
3201 3571
3091 3688
2931 3973
3147 3672
2751 4415
3028 3904
2738 4564
3136 3933
2961 4199
3195 3883
3130 3968
3133 4015
2730 4744
2725 4782
2735 4892
3584 3611
2841 4646
4154 3173
2904 4597
3644 3624
2963 4515
2620 5269
3174 4282
3406 3982
4162 3253
3124 4385
2703 5221
3524 4036
2844 5094
3616 3988
2556 6106
3493 4147
2619 5852
3127 4789
3745 4059
3537 4371
3021 5088
3523 4475
3219 4894
3626 4438
4496 3574
3795 4346
2794 6300
3714 4526
4155 4072
3718 4547
3852 4476
2866 6273
3759 4592
2976 5949
3923 4454
3767 4676
3428 5117
3507 4992
4187 4249
3673 4876
3240 5596
3404 5276
3561 5047
3502 5156
3538 5163
3912 4724
4054 4603
3678 5009
3788 4937
3008 6577
3995 4849
4018 4833
4196 4648
4184 4699
4092 4843
3720 5404
3756 5333
3391 6158
4501 4502
3620 5781
3328 6507
3457 6253
3965 5316
4393 4757
4528 4630
3323 6729
4098 5291
3488 6620
4669 4857
4731 4869
4282 5508
3831 6372
3985 6134
4396 5382
4568 5120
4313 5580
4151 5913
4107 6016
4359 5864
4350 5902
3400 7713
4641 5472
4813 5297
3846 7048
4524 5823
4688 5641
4554 5881
4989 5412
4914 5501
4002 7101
4592 6017
4190 6794
4222 6785
5152 5464
4738 6036
3957 9575
4811 5981
5349 5348
4470 6581
5064 5706
4325 6963
4537 6564
6297 4772
4414 6866
5030 6006
4025 7680
4482 7014
4944 6327
4880 6412
4622 6880
5499 5766
5655 5619
5616 5674
3857 8669
5603 5773
4207 7782
6193 5236
5469 6034
5322 6260
5544 6015
5623 6010
4937 6823
5273 6509
5267 6549
4677 7295
5199 6713
6067 5837
5106 6870
5237 6749
5596 6406
4402 8254
4307 8742
4894 7425
5302 7012
5867 6510
6034 6376
4659 8073
4932 7588
5636 6928
6007 6553
5861 6711
5515 7134
6340 6371
5560 7154
4532 8898
5214 7652
4736 8494
6784 6039
4883 8199
5288 7580
4666 8773
6151 6824
5802 7184
5449 7561
5398 7654
6380 6888
6351 6977
5216 8279
5821 7529
7252 6193
7353 6110
5270 8334
5405 8143
6307 7133
6555 6950
5118 8779
6260 7247
7155 6443
6566 7021
6113 7446
6957 6633
5848 9652
5578 8238
5768 7983
5550 8344
6491 7233
5483 8682
5204 9980
5997 7976
7152 6850
6465 9585
7817 6415
5966 8179
5758 8488
6179 7927
5642 8891
6767 9582
6058 8557
5783 9029
6795 9618
6905 9592
6827 9614
7798 6972
7456 7190
6592 9719
5546 9481
6422 8470
6619 8168
6505 8362
6959 7752
7428 9574
6206 9898
8886 6584
6327 8950
7342 9606
5705 9500
6441 9852
7101 7933
6574 8719
6507 9875
6429 9968
7080 9717
8987 7004
7667 9655
6973 8569
6917 8642
7601 7924
7222 8365
7184 9770
7105 8589
7396 9751
7387 9762
6798 9979
7853 9679
7654 9720
6887 9112
7171 9835
8058 9669
8133 9665
6654 9438
7905 9724
8795 7523
6453 9549
7755 9805
7913 8553
6992 9413
8006 9779
7754 9846
8483 8250
6655 9550
7736 9892
8493 9732
8105 9818
8166 8675
7819 9919
8691 8393
9301 7832
9450 9641
7997 9953
8421 9822
7673 9371
9339 9684
8793 9774
8415 9904
8341 9964
8876 8648
8851 9842
9140 9823
9166 9905
8998 9254
9461 9888
9685 9901
507090750 1988776702
1
sift 180
327 314
94 105
95 136
9506 7048
1358 1136
139 186
357 387
160 189
516 500
1536 1567
166 221
507 529
1114 1024
444 572
2193 2000
503 704
657 791
1092 1075
727 603
3258 3286
937 709
891 1065
1487 1236
905 761
3264 4231
1262 811
1210 1203
2377 1497
1321 794
4300 4012
1284 839
1397 1324
2010 1790
1295 1347
4250 4862
1548 1305
1719 1388
1951 1894
1493 1399
6582 3953
1810 1381
1669 1508
2472 2176
2515 1340
8011 5243
1933 1601
1940 1615
2930 1929
2423 1719
9295 6656
1925 1708
2170 1648
4188 1822
2632 1617
1909 2128
2410 2376
3167 3062
1704 2511
2157 2101
2789 2378
3731 2707
1936 2497
2553 1906
2580 2836
3739 2811
2418 2068
2666 1978
3681 2838
3741 2973
2564 2263
2456 2488
3421 3352
3800 3060
2823 2364
3234 2141
4203 3349
4094 3443
3546 2045
2600 2871
4630 2996
4311 3298
2569 3112
3717 3142
4440 3424
3305 4256
3670 3198
4049 2926
4714 3296
3869 3932
3864 3061
3543 3777
4530 4110
4156 3900
5080 2855
4946 2991
5401 4850
4448 4322
5211 3190
5310 3172
5360 5277
4786 4263
5321 3213
4392 4011
6003 5332
5418 3875
5819 3229
5456 3449
5804 5476
5245 4228
4854 3764
5846 3338
8085 4635
5090 5020
4993 3887
5790 3672
7457 5061
5320 5005
6236 3513
5384 3924
7912 5436
5371 5156
4466 4967
6290 3703
6329 6796
5990 5282
6147 3795
5141 4418
7477 6023
6687 4906
6106 3934
6723 3699
8562 5560
6059 5761
5411 4452
4513 5558
7300 7093
7178 5140
4247 6326
6679 4031
8930 6041
7718 4832
5439 5040
6677 4511
9603 6020
5965 6586
7060 4298
6124 5179
8641 6889
5863 6694
6184 5452
5815 6392
9631 6097
7658 5289
7236 5468
5772 7150
7996 5197
9277 4563
7078 5810
8622 5093
8321 5300
8281 5631
8413 6108
7795 6217
6765 7382
8064 7518
9381 5595
7727 6857
7765 7798
9245 5879
8330 7299
9606 6516
9634 6276
8115 7704
9579 6695
9016 7196
8679 7785
9103 8368
8603 7912
9037 7930
9646 8196
507090750 2119627969
1
sift 218
2694 1559
5388 3161
139 151
220 722
295 285
4630 1785
8680 4187
264 378
1782 4073
443 657
7412 2653
432 696
2038 3432
378 945
466 924
1962 4724
721 669
775 916
2129 4554
797 981
954 881
2349 4455
1103 962
1057 1228
2422 4533
929 1417
881 1500
2626 5398
1246 1329
1553 1225
3778 4586
1284 1501
1029 2005
3182 5901
1582 1413
1276 1833
3309 6397
1209 1993
1483 1659
3220 7408
1875 1316
1327 1976
3273 7357
1332 2126
1556 1793
4117 6088
1542 1895
1633 1807
3870 6824
2555 1216
1544 2075
3593 8093
1753 1931
2414 1411
3652 7992
1762 2024
2666 1361
4062 7122
1479 2559
2564 1465
4351 6652
2613 1446
2539 1515
5137 6760
2490 1591
1496 2996
4467 8263
2144 2034
2206 2676
6474 7950
1944 3205
3490 1821
6581 9063
1873 3583
2003 3182
1972 3559
2350 2893
2340 2986
1761 4617
2291 3213
2039 3883
2495 3099
2604 2926
2632 2891
2553 3132
2532 3177
2606 3064
3013 2633
3582 2410
2823 3002
4114 2252
3045 2781
3005 2820
2459 3776
2445 3896
2416 4056
2833 3253
3154 2923
2444 4180
3170 3025
2872 3447
2935 3399
2390 4654
2576 4383
3519 3276
2137 6354
4993 2468
2734 4431
3734 3198
3522 3446
3222 3984
2989 4459
3727 3752
3670 3805
2914 4873
3932 3707
2998 4895
3153 4670
4416 3344
4618 3372
4513 3473
2915 5889
4723 3479
3452 4834
3811 4369
4157 4158
4063 4409
5613 3378
3736 5000
4824 3870
3350 6087
4582 4277
5870 3618
4777 4265
3853 5499
3968 5364
3621 6030
4261 5031
3783 5956
4870 4413
7689 3179
4689 4927
6728 3686
4841 4860
4460 5394
5030 4736
3810 6576
4271 5929
7656 3458
5321 4650
5080 4899
4392 5897
5916 4361
3928 6748
7613 3586
4441 5926
5694 4751
5557 4918
4909 5609
4309 6743
6236 4730
8218 3831
6563 4497
5339 5611
4274 7089
4509 6668
6591 4728
7194 4349
4863 6411
4449 7121
5159 6208
6926 4661
5264 6175
5819 5834
5479 6230
6184 5629
4982 7128
5521 6490
7305 5018
5212 7188
7804 4964
6651 5973
7953 5121
8615 4849
6969 5918
7308 5850
5111 8411
8330 5316
5807 7474
8657 5172
5877 7370
6677 6500
5632 7945
5750 7843
5170 8786
5141 8922
8548 5660
5225 8950
5368 8799
8603 5920
5625 8951
8418 6168
6290 8410
9381 5809
8030 6782
8962 6384
7863 7327
6844 8570
8181 7378
8903 6996
8667 7427
9037 7276
9494 6975
8115 8575
9157 7707
9645 7400
9271 8108
9723 8931
