62563091 332492770
1
sift 191
77 186
125 191
266 624
198 398
223 384
317 748
202 538
247 475
387 1037
282 578
229 872
433 1096
265 719
364 594
560 1003
359 933
402 838
653 957
385 1085
400 1073
730 1137
424 1025
472 863
757 1584
464 982
516 953
850 1507
462 1196
557 1061
611 2494
461 1492
466 1483
935 1608
505 1499
529 1500
959 1625
543 1623
710 1493
908 1730
647 1659
672 1635
989 1833
840 1496
844 1952
1150 1970
834 2146
929 1948
1231 1979
813 2435
1104 1676
1267 2319
1409 1391
874 2338
1564 1930
944 2183
795 2884
1624 2004
1113 1901
1048 2252
1385 2857
1101 3548
1117 3460
1284 3932
1302 3273
1297 3821
2026 3039
1539 3005
1550 3053
1963 3276
1420 4322
1532 3723
2253 3064
1946 2720
1629 3495
1904 3851
1754 3166
1498 4093
2302 3216
1732 3236
1504 5056
2867 3114
1871 3697
2085 3240
2977 3659
1887 3739
1722 4315
2471 4636
1806 4102
2177 3307
2353 5137
2051 3639
1762 4371
2533 4851
2141 3615
2224 3663
2717 4686
1830 4766
2697 3098
2504 5537
2101 4384
3094 3122
3083 4501
3394 2924
2142 4817
3272 4308
2526 3970
2035 5477
3157 5545
1955 5864
2172 5152
2961 7382
2135 5521
2479 4443
4418 4882
2561 4496
2940 4319
3307 7771
2833 4479
2075 6910
4017 6685
2741 4954
2627 5327
4314 6393
2462 6087
2642 5625
4018 7325
4341 3449
2984 5118
4194 7212
3136 5078
2884 5624
4675 6550
3240 4906
2990 5441
4832 6511
2828 5929
3171 5284
5089 6300
2949 5872
2505 7005
4681 7166
3204 5539
3056 5960
5082 6716
3442 5280
3456 5350
5155 8138
2801 6807
2786 6878
6332 7083
3454 5463
3525 5303
6921 7084
3745 5174
3270 6381
7192 8219
2789 7940
2678 8435
3060 7092
2935 7600
2843 8021
3210 7393
3328 7164
3051 8662
3042 8760
5098 4806
3580 7242
3572 7811
3817 7141
3650 8079
3500 8616
4014 7205
4144 6947
3669 8447
3919 8336
4128 7951
4105 7988
3953 8547
4365 8012
4029 8682
4431 8042
4996 7059
4007 8996
4466 8399
4480 8396
4673 8096
4436 8797
5648 7548
5230 8285
4801 9032
6659 7946
62563091 690665857
1
sift 697
6 4
43 38
77 165
93 102
83 81
98 111
140 396
150 170
106 127
125 213
364 638
191 125
151 190
178 181
359 851
137 231
142 238
148 272
462 1367
134 279
170 250
177 276
529 1479
213 201
235 196
198 412
543 1594
259 210
218 291
223 350
735 1660
267 265
245 303
271 314
795 2140
261 290
346 208
202 484
1532 3015
339 239
348 236
247 406
1420 3744
316 300
289 338
282 551
1498 3429
275 409
250 475
265 603
1495 3835
353 308
266 566
408 572
1688 3398
310 547
285 646
400 713
1860 3075
330 548
317 644
402 741
1504 4350
391 498
388 508
385 817
1681 3839
390 619
467 559
470 614
2073 3602
508 537
587 520
416 776
1974 3846
476 617
387 859
500 668
2238 3408
383 997
433 795
464 910
1871 5475
458 794
888 495
516 841
2144 4737
589 681
716 592
510 887
2258 4668
486 1030
472 995
721 699
2035 5569
586 864
557 943
581 948
2341 5761
698 763
560 965
575 967
2407 5778
712 791
763 768
629 916
2279 6374
897 710
653 981
711 949
2884 5270
861 813
660 1007
655 1042
2994 5401
636 1038
670 1010
838 935
3042 5606
618 1107
915 822
668 1142
2828 5998
811 888
759 1004
624 1225
2789 6887
904 897
730 1084
647 1391
2935 6441
928 928
1254 754
710 1331
3108 6171
611 1541
899 1034
755 1275
3442 5731
898 1039
767 1264
923 1100
2945 7470
950 1090
777 1304
672 1593
3300 6470
1091 962
1003 1087
829 1415
3051 7913
827 1370
1221 1008
910 1420
3650 6679
938 1333
935 1378
859 1519
3953 6177
908 1480
803 1655
813 1722
3970 7792
850 1575
717 2013
886 1636
4082 7592
943 1497
1466 979
919 1608
4929 6359
773 1900
1106 1237
929 1728
4779 6602
1116 1268
1192 1244
1334 1149
4801 7164
959 1652
1014 1560
1431 1133
4284 7970
1450 1103
1234 1306
1146 1418
4238 7998
989 1793
1238 1307
874 1989
1177 1441
1278 1305
1006 1736
809 2244
1010 1740
844 2137
1273 1417
1104 1558
1489 1184
1061 1818
1047 1761
1362 1403
1057 1839
1513 1238
1259 1571
1416 1338
870 2297
1059 2008
1598 1171
1377 1448
1160 1863
1150 1744
1124 1812
1133 1893
1072 1908
1909 1095
1068 2047
1316 1599
1460 1413
1113 2102
1231 1755
1396 1606
1409 1749
1250 1832
1642 1334
1125 2176
1508 1517
1485 1552
1391 1820
1203 2024
1685 1442
1048 2422
1588 1537
1267 1977
1219 2286
1337 2021
1834 1444
1643 1699
1573 1686
1455 1926
1302 2420
1918 1498
1197 2449
1372 2363
1958 1515
1886 1557
1408 2378
1804 1662
1835 1668
1671 2019
1822 1709
1358 2320
1562 2230
1633 1968
1721 1934
1756 2114
2064 1718
2170 1666
1826 2223
1858 1923
1971 1844
1780 2277
1973 1852
1700 2119
1539 2785
1981 1894
1129 3789
1694 2686
1503 2479
2292 1715
1550 3082
1644 2279
2290 1777
1629 2860
1385 3325
2226 1917
1855 2437
1657 2545
1969 2196
1653 2869
1917 2272
2006 2198
1572 3109
1649 2713
1608 2844
2192 2206
2003 2258
3137 1710
1752 2724
1743 2701
1641 3022
1555 3410
2125 2331
1798 2750
1873 2683
2989 1857
1970 2526
2040 2586
3092 1849
2649 2070
1732 3260
1963 2720
1754 3254
1887 3076
1905 2942
2422 2314
1707 3564
2593 2250
2161 2730
2140 2940
2026 2951
1898 3300
1955 3383
1803 3582
2647 2357
1762 3869
2794 2274
2239 2790
2051 3211
2152 3175
1882 3593
2322 2748
2874 2460
2178 3016
1894 3705
2549 2737
2110 3274
2254 3061
2370 2972
2085 3448
2638 2728
2253 3219
1836 4174
2010 3777
2532 2847
2751 2676
2325 3280
2172 3614
2506 3013
2567 3048
3162 2480
2616 3072
2818 3001
2391 3407
2302 3691
2678 3213
2908 2969
2956 2925
2142 4166
3464 2558
3289 2708
2705 3306
2670 3362
3520 2575
2362 3814
3287 2762
2533 3654
3094 2997
3608 2581
3461 2704
2224 4255
2471 3745
3125 2978
2481 3872
3386 2856
2728 3559
2135 4838
2968 3303
3178 3117
2808 3534
3588 2777
3265 3084
2527 3973
2577 3840
2693 3844
2779 3764
2146 5184
2969 3599
2547 4238
2947 3634
3299 3256
3394 3328
3083 3498
4201 2565
2697 4061
3413 3192
3277 3344
2166 5455
3008 3716
3682 3051
3594 3182
2413 4767
2922 3859
2101 6199
3434 3366
3597 3183
2581 4957
4486 2610
2979 3860
2786 4587
4077 2808
2691 4263
2940 4420
3490 3418
2973 4016
2843 4715
3291 3727
2504 4958
2642 5225
4156 2943
2657 4695
2627 5314
3649 3428
3436 3718
2462 5794
3562 3665
3549 3707
2980 4766
2811 4681
2867 4634
2868 4993
2717 4951
5206 2661
3214 4415
3116 4299
3986 3369
2801 5243
3609 3772
4368 3140
3559 4049
4024 3459
3259 4389
2949 5055
3491 4116
3272 4447
2227 7254
3086 4788
3126 4769
2888 5397
3575 4179
3136 4932
2848 5534
3157 4925
3453 4394
3305 4703
3709 4045
3687 4083
2990 5363
2521 6255
3280 4760
3702 4156
3019 5262
3390 4683
4345 3661
3727 4145
3848 3985
3140 5217
3109 5249
4400 3652
3967 3921
5907 2874
3302 5052
3571 4732
4921 3457
3200 5420
3383 5113
3954 4158
2807 6173
3376 5161
3705 4534
3369 5230
4244 4009
6185 2976
3246 5487
3257 5480
3742 4671
3444 5201
3328 5445
3862 4466
3898 4442
3745 4849
4300 4073
3823 4592
3811 4745
4517 3959
3992 4405
3692 5009
3781 4817
3010 6268
3260 5785
4641 3970
3145 6004
3855 4736
5003 3807
3800 4923
3077 6353
2967 6553
2961 6570
3770 5119
2749 7265
3628 5287
2955 6894
4148 4513
4160 4571
3681 5371
3228 6315
4485 4335
4169 4701
3939 5045
3152 6541
3270 6236
3729 5433
4789 4195
4341 4555
5192 3930
3017 7053
3659 5616
4788 4277
3713 5516
3465 5972
4790 4310
4444 4595
3780 5461
3807 5426
3534 5934
3500 6010
3787 5491
4747 4402
4471 4885
4193 4967
6067 3617
3679 5902
5193 4053
3966 5273
3605 6140
5187 4135
5141 4197
4328 5131
4975 4317
4319 4987
3766 5894
5109 4313
4081 5436
3959 5846
4374 5183
3626 6377
3401 7352
3844 5890
4938 4754
3778 6312
4736 4979
4540 5213
4292 5740
5825 4077
4017 5766
4669 5443
3541 6983
3809 6396
4531 5591
5404 4688
3669 7010
4342 5798
5049 5093
4194 5977
4045 6204
5672 4550
4726 5552
4915 5398
4395 5854
4468 5830
4638 5655
5476 4882
4011 6488
4532 5912
3688 7472
5105 5323
4059 6503
6167 4522
4891 5575
4773 5697
4014 6905
4128 6511
4756 5773
6529 4369
5075 5512
4674 5929
5355 5341
4138 6648
4687 5957
3830 7513
3891 7293
3941 7189
7744 3886
4424 6437
5058 5770
7533 4021
4912 5908
4732 6172
7452 4108
4220 6857
5409 5563
6018 4961
4185 6994
5004 5964
4883 5994
4018 7386
4546 6633
5343 5567
4644 6345
4745 6368
5559 5485
4314 7113
4833 6299
4667 6672
5133 6036
5249 6163
4681 6909
5641 5708
5227 6242
5155 6430
5821 5691
4572 7524
5393 6135
6595 5280
5183 6828
5224 6418
4832 7245
5741 6117
5170 6656
5151 6687
5484 6536
6657 5359
4840 7367
5250 6928
6705 5417
5697 6197
5002 7479
5358 7006
5344 6872
6095 6031
5279 7264
6428 5834
5158 7501
5214 7533
5241 7545
5974 6745
5359 7390
5034 7917
5648 7212
5011 7938
7284 5623
6323 6407
5798 6801
6384 6282
6424 6334
5826 7015
5357 7762
5418 7734
5529 7662
5710 7336
5217 7968
6031 7016
5293 7942
7074 6092
6744 6300
6465 6554
6213 6889
6331 6708
5626 7686
5859 7438
5861 7331
6883 6309
5840 7485
7617 5796
6340 6958
6278 7138
6089 7507
6116 7505
6085 7582
5976 7702
6509 7104
6138 7653
6649 7491
6539 7440
7261 7186
6154 7947
7387 7022
6783 7681
6383 7959
6738 7718
7413 7079
7552 7525
7522 7072
6882 7823
7377 7739
7690 7553
7853 7988
62563091 1431199262
1
sift 78
790 516
63 47
395 378
2277 1862
605 509
657 584
3418 2721
726 846
830 838
6916 5086
851 852
969 792
7811 7302
932 844
933 894
895 1019
952 1048
1263 849
1660 750
995 1176
1074 1320
1181 1247
1559 1334
1534 1352
1778 1204
1652 1342
1398 1670
1680 1595
2022 1440
2028 1506
1604 1881
2113 1740
2408 1612
2401 1806
2364 2214
1730 3626
3266 2025
2735 2437
2586 2597
2898 2606
2659 3234
3207 2700
2997 2980
3075 2981
2636 3839
3546 3082
3675 3222
4163 2911
2734 4713
5746 2541
5587 2638
4269 3823
4154 4164
4326 4153
5703 3288
4068 4437
6592 3215
4411 4826
6575 3459
4835 4487
6766 3485
6032 3975
6315 4926
7351 4338
7247 4486
7704 4223
7133 4706
5219 6258
5013 6780
5777 5829
5184 7040
5129 7228
6723 5696
7379 5541
7506 5536
6620 6108
7493 6006
7699 8214
