674186001 750297218
1
sift 412
294 98
176 63
131 44
193 85
422 190
252 109
306 119
224 120
629 324
314 132
250 165
402 128
814 313
350 145
263 207
401 184
805 343
427 191
595 220
548 278
604 466
534 314
625 396
561 310
776 545
600 330
791 426
646 364
1502 586
622 377
771 456
714 423
1791 801
826 449
892 526
911 416
2012 837
935 554
1039 608
1121 472
2025 945
1130 464
1370 478
1045 594
2029 1010
1155 595
1161 578
1496 510
1797 1159
1337 663
1657 627
1282 708
1846 1154
1277 741
1406 692
1321 727
2278 1227
1273 778
1119 847
1452 750
2220 1319
1347 815
1622 716
1629 772
2197 1489
1458 854
1845 804
1546 818
3430 1372
1339 939
1494 989
1374 1026
3075 1604
2035 810
1641 933
1688 953
3103 1842
1805 940
1549 1086
1802 957
3403 1776
2031 912
1736 1016
1691 1050
2975 2124
1987 1101
2076 1042
2079 1040
3200 2120
2178 1120
1718 1199
2422 947
4189 1911
1861 1376
2122 1057
2161 1084
3968 2346
2083 1282
2226 1134
1405 1695
3989 2828
2060 1328
1850 1483
2247 1274
5006 2424
2439 1197
2236 1558
2232 1289
4568 2627
2528 1212
3110 1262
2510 1240
4850 2591
3061 1107
2500 1517
2354 1385
6503 2735
2036 1627
2919 1465
2804 1299
5243 3401
2980 1382
2861 1506
2070 1875
5694 3236
2555 1600
3591 1386
2996 1473
6335 3089
2598 1732
3012 1593
2418 1894
5647 3501
2631 1977
2329 1999
3328 1525
6228 3432
3022 1769
3269 1563
3900 1418
8137 3085
3249 1697
2215 2296
3363 1613
7706 3233
3157 1749
3496 1664
3342 1690
7343 3366
3617 1630
3187 1840
3132 1963
7819 3487
2978 2070
3538 1813
3897 1720
8134 3599
3054 2150
2717 2342
3345 2129
7565 3834
4007 1958
3954 1947
3561 2167
6754 4252
2977 2524
4303 1884
3881 2075
7002 4326
3805 2127
5275 1882
3863 2176
7305 4316
4328 2040
3519 2719
3254 2551
8861 4453
3723 2371
3126 3043
5917 1750
7954 4906
4535 2089
4479 2313
3311 2711
8828 6011
3898 2481
4870 2293
4118 2435
2914 3369
4706 2397
5090 2139
3899 2608
5534 2212
4721 2295
4041 2633
3956 2834
4334 2477
4641 2391
5133 2408
4575 2400
4971 2354
4980 2515
4136 2681
4665 2464
4335 2760
4821 2416
5146 2369
5236 2501
4763 2473
5355 2425
4094 3154
5348 2439
5438 2412
4983 2743
4348 2810
5429 2433
5248 2645
5297 2525
4937 2666
4251 3266
4116 3171
5910 2444
5306 2765
5142 2725
4619 3076
5339 2873
4098 3465
4648 3149
5331 2904
5799 2675
5205 2920
4982 3086
5074 3039
4935 3127
4652 3281
5336 2941
5457 2890
5122 3144
6766 2491
4943 3173
4694 3354
6211 2654
4480 3413
6035 2777
4853 3242
5459 2987
5185 3135
5734 2864
4357 3602
6000 2840
6170 2745
5745 2958
4934 3321
6573 2673
5422 3130
6537 2798
4800 3460
5403 3206
4653 3855
5749 3092
6762 2746
6416 3047
5407 3327
7198 2720
6258 3156
6717 2895
6263 3056
5439 3563
6270 3083
6629 2969
6706 3066
5998 3273
5864 3392
6064 3348
6382 3174
6027 3344
7081 3014
5711 3567
5687 3645
5937 3508
7028 3049
6404 3295
5634 3785
6760 3195
6300 3416
6672 3370
5516 3880
5842 3744
6371 3512
6730 3303
7498 3081
7702 3203
6627 3359
5453 4003
6938 3455
6312 3535
5916 3840
7062 3459
6435 3633
6264 3741
7722 3301
6099 3881
7422 3338
7450 3433
6486 3699
7585 3357
6367 3853
6291 3924
4392 5573
5591 4420
5958 4208
6728 3825
7117 3700
6845 3841
6330 4107
7345 3786
7889 3534
8367 3396
8312 3458
6372 4143
7413 3760
7601 3742
7179 3876
6581 4144
5080 5394
8064 3638
8045 3668
6614 4241
7152 3976
7009 4067
8504 3734
5744 4905
5650 4994
7661 4059
8936 3464
6892 4170
8942 3845
8651 3625
8542 3685
7893 4459
5993 5123
6481 4668
8560 4264
6712 4548
5462 5750
7223 4915
8785 3873
7007 4570
8932 4182
7967 4196
7184 4640
7315 4937
7303 4619
7619 4521
8811 4250
6654 5111
7283 4715
7589 4910
8088 4347
7398 4945
9128 4097
7238 5085
6769 5561
8170 4710
8549 4572
7403 5259
7881 5016
7758 5130
8076 4982
7960 5097
7216 5571
8855 4859
8623 4820
8432 5032
7877 5494
9053 4661
7892 5426
8907 4877
8323 5206
8597 5149
8389 5335
7570 5737
8156 5498
8624 5318
8177 5552
8138 5588
8195 5608
7962 5871
7366 6190
8970 5302
8744 5516
8378 5709
9155 4913
8696 5784
8186 5885
8915 5497
6604 7552
8913 5535
8871 5741
7036 7287
8051 6579
8993 5952
8966 6260
8571 6575
8906 6519
8587 6638
8248 7167
8893 6669
9015 7042
7709 7818
9158 8073
8788 8091
674186001 1475597139
1
sift 194
221 125
402 253
444 281
3792 3276
207 148
294 150
427 322
498 499
3866 3214
285 165
298 162
548 370
991 584
5377 3803
281 229
355 195
561 422
1009 676
5223 4325
356 219
340 282
534 465
841 1003
6313 4755
383 343
682 453
600 545
1036 850
6869 5321
629 519
805 529
1011 778
1243 779
8348 6546
641 780
673 955
1277 902
1138 848
736 835
1195 715
1321 885
1044 1054
1027 847
957 973
1702 794
1493 1154
972 1075
1082 1048
1282 1016
1977 958
1287 934
1366 1272
1337 985
1759 1186
1317 1060
2012 1113
1546 1057
1457 1643
1660 1070
2029 1304
2036 1146
2022 1667
2031 1151
2025 1568
2200 1115
2407 1521
2028 1675
2278 1647
2211 1592
2212 1649
2355 1666
2767 2030
2598 1796
2333 1690
3114 1459
3430 2019
3617 1525
3120 2179
2777 1801
3162 2155
2996 2024
2833 2677
3279 1996
3032 2474
2827 2395
3450 2368
2633 3137
3556 2712
3306 2620
3590 2483
4127 2243
3826 2590
4136 2351
3451 2639
3732 2688
3096 3320
3988 3424
3867 2718
3356 3108
3188 3405
3863 3531
3702 3128
4311 2962
4569 3016
4557 3165
5505 2750
4705 3024
3346 4224
5429 2896
5394 3053
4574 3285
3806 4180
5348 2951
5100 3562
4317 3708
5243 3499
5910 3045
4403 3998
5687 3470
4957 3876
5240 3689
4349 4392
6055 3357
4214 4911
6627 3423
5578 3658
6495 3229
6479 3894
5958 3724
4754 4163
5716 3623
6228 4291
5422 4041
6053 3967
6211 3649
6628 4107
6762 3494
6442 4052
5842 4022
6230 4543
6892 4201
6071 4401
7243 3801
6643 4514
6372 4575
5599 5027
6477 4271
6485 5156
6170 4823
6072 4771
6948 4347
8133 5016
6605 4642
4294 7588
6481 4798
7002 5676
7369 4448
7667 4190
6750 4732
6754 5868
7179 4620
6876 4643
7600 4396
6596 6613
7619 4923
6696 5322
7662 5050
7865 6008
8389 5049
6252 6169
6532 6048
7819 6272
8474 5302
6647 6549
8511 5350
8828 5793
7711 5782
8751 5555
6919 6914
7929 7656
8542 5885
8770 5712
8897 5723
8266 7861
8788 5865
8286 6325
9036 5855
7678 7254
8637 6418
8743 6576
8509 6989
8339 7165
8969 7150
8741 7745
674186001 1615100174
1
sift 55
402 201
576 314
4982 3838
595 493
549 419
826 480
643 658
2422 1976
1155 486
1338 623
1009 882
2707 3709
1546 634
1121 806
1977 1131
5306 3933
1045 1045
2106 861
1658 1301
1628 1093
1629 1311
1219 2143
1741 1304
2178 1544
3092 1664
2598 1639
3617 1481
2766 2019
3022 1823
2996 2027
3354 3214
5348 2095
3651 2951
4536 2826
4763 2486
4557 3018
4063 4184
4721 3297
4939 3265
5362 5133
6211 3022
6369 3634
6259 5195
7619 3661
5999 4561
6425 6772
6762 4060
6372 4840
8015 5844
7413 4796
8410 4422
8247 7412
6892 5748
6435 6770
8930 6937
