690665857 1005924530
1
sift 256
8 43
162 286
48 117
11 39
71 158
231 542
101 206
80 191
147 311
639 573
151 310
269 426
237 417
513 813
283 436
270 425
339 319
498 1118
263 621
362 613
320 515
647 880
326 560
407 650
318 771
619 1054
385 772
430 697
448 683
743 988
532 578
394 955
443 846
754 1006
451 888
608 933
460 895
681 1431
518 917
640 940
549 904
1020 1789
683 1422
626 1009
722 1030
1010 2007
686 1607
611 1318
674 1408
1037 1999
843 1630
717 1702
874 1561
1442 1952
1127 1347
861 1604
868 1765
1375 2214
1055 1554
907 1896
860 2173
1244 2918
999 1817
911 2276
921 2096
1378 2620
1043 2091
1021 1929
1093 2275
1296 2887
1202 2229
958 3155
1116 2416
1552 2368
1327 2220
1228 2349
1217 2487
1480 3493
1502 2100
1470 2127
1286 2625
1537 3376
1342 2510
1500 2784
1392 2468
1784 2741
1589 2417
1507 2886
1540 2614
1926 3592
1341 3192
1632 2653
1696 2437
1977 3928
1550 2812
1780 2642
1549 3157
2518 3132
1445 3536
1801 2772
1853 2684
2250 3759
1759 3235
1861 3057
2039 2617
2070 4818
1870 3136
1650 3805
1822 3468
2190 4672
1850 3419
1992 3336
2006 3317
2314 4391
2556 2474
2098 3076
2446 2568
2357 4662
1940 3757
1982 4195
2028 4057
2790 4628
2075 4204
2209 3689
2185 3844
2856 4794
2033 4533
2154 4103
2487 3480
2763 5162
2118 4549
2311 3980
2263 4312
3051 4635
3263 3515
2322 4420
2356 4485
3256 4678
2528 4507
2393 4352
2944 3594
2969 5400
2432 5064
2643 4021
2281 5274
3116 5178
2924 4770
2512 4510
2554 4527
2509 6997
3042 4557
2367 5278
2641 4676
3046 5593
2991 4762
2579 5477
3045 4694
3097 6154
2887 5260
2846 5213
2665 5689
3472 5822
3131 4832
2947 5061
3126 4853
2838 7838
2920 5302
2866 5699
3125 4919
3300 6705
2587 6243
2899 5698
3193 4928
3355 6575
2985 5410
3197 5135
3184 5238
3442 6411
2699 6421
2783 6240
3207 5305
4053 5450
2862 6049
2863 6422
3660 4756
3653 6355
2980 6256
2959 6249
3461 5368
3406 7183
3133 6225
3502 6457
3271 6147
3772 6499
3078 7042
3630 6304
3326 6864
3292 8005
3771 6307
3468 6913
4213 5602
3634 7350
3436 7388
3877 6265
3720 6617
4083 6241
3815 6959
3565 7112
3914 6198
4158 6313
4185 6327
3320 7877
3813 6539
4881 5640
6321 4304
3842 6589
3579 7505
4389 6381
4047 7097
4202 6215
3956 6841
4317 6652
4542 7037
4178 6550
3645 7995
6327 4520
4431 7923
4142 6798
4981 5772
4533 6784
5003 8119
3901 7626
4122 7148
4549 6800
5390 7970
4831 6005
3975 7520
5639 6403
4236 7220
4459 6796
5213 7615
4149 7581
4470 7141
4943 8068
4763 6885
4259 7845
5485 7559
5650 5829
4696 7394
6481 6287
5508 7765
5623 7471
5359 8080
5660 7498
6358 7281
6340 7610
690665857 1162772251
1
sift 317
825 1215
11 28
52 77
101 165
156 246
1253 1378
48 89
71 137
89 218
209 292
1270 1462
144 228
172 214
135 301
366 351
1404 1608
147 303
185 267
270 369
405 641
1443 1641
218 282
220 300
227 445
460 748
1626 1594
205 345
237 322
269 499
482 1418
1932 2386
280 383
304 491
287 595
803 1041
2895 3487
347 416
320 455
362 648
950 1150
3482 3356
326 505
323 548
407 701
807 2118
3990 4640
425 627
447 621
385 804
1045 1602
3948 4909
420 669
443 730
430 755
1217 1417
4274 4582
448 745
574 686
394 908
1214 2033
4853 4604
439 803
483 878
660 787
1343 1906
4233 5314
549 738
600 790
626 974
1220 2313
4629 4819
602 809
597 982
608 1019
1392 2125
4888 5062
721 849
786 986
661 990
1884 2538
5097 5270
640 1046
769 1063
722 1080
2186 2317
4526 6900
674 1366
860 1169
707 1357
2002 2698
5659 5563
804 1312
697 1748
716 1742
2028 3174
4630 7849
861 1456
937 1412
874 1520
1850 3736
5637 6451
1016 1404
1051 1362
869 1754
2101 3413
5529 7387
958 1650
1043 1684
858 2136
2075 3505
5651 7437
974 1875
1327 1636
911 2084
2118 3596
6952 7716
971 1998
1273 1741
1021 1929
2033 3898
7231 8046
1000 2083
1323 1806
1228 2064
2108 4004
1116 2379
1457 1989
1308 2100
2924 4099
1201 2540
1472 2096
1423 2286
2595 5197
1335 2410
1540 2102
1946 1762
3229 5092
1436 2354
1870 2015
1549 2535
3101 5359
1550 2486
2066 1849
1507 2737
3655 5469
1500 2811
1735 2521
1632 2706
3473 5778
1801 2745
1940 2579
1650 3401
4185 4669
1733 3253
1854 3139
1822 3104
3742 6802
1861 3045
2023 3028
2044 2693
3698 7127
1972 2873
2085 2955
1947 2991
4265 6338
2089 3185
2042 3554
1982 3696
5891 4749
2071 3660
2380 3369
1983 4241
4020 7907
2156 3804
2528 3208
2431 3220
5077 6166
2185 3966
2814 2942
2154 4078
5244 7348
2356 3768
2587 3474
2487 3564
5535 7250
2229 4371
2362 4190
2281 4298
5264 8113
2311 4367
3131 3411
2093 5290
7476 7173
2393 4174
3660 2977
2322 4439
2411 4541
2659 4408
2613 4196
2643 4156
2707 4374
2512 4420
2641 4306
3709 3252
2964 3808
2883 4158
3207 3782
2554 5012
2920 4293
2980 4261
2349 6062
2985 4362
3045 4350
2947 4580
2936 4559
4002 3339
2846 4800
2666 5367
3111 4598
3165 4370
2899 4897
3271 4688
2863 5178
2866 5346
2889 5641
3034 5457
3184 5231
3301 5358
3390 5121
3135 5606
3619 5353
2959 6013
2898 6186
4150 4692
3649 5624
3493 5857
4430 4627
3154 6750
3502 6126
4548 5146
3461 6286
3798 5664
4130 5690
3630 6179
3914 5619
3771 6381
3681 6419
3537 7261
4169 5948
3565 7295
3813 7021
3723 7454
4149 6329
3964 6735
4598 5770
3579 7915
3622 7851
4619 6024
4476 5918
4236 6339
5418 5396
4202 6426
3956 7067
5205 5621
3877 7321
4122 6967
5390 5627
4690 6189
4178 7137
4663 6545
3711 8119
5650 5307
4427 7026
4457 6763
4104 7585
4880 6366
4696 6587
4151 7718
4934 6399
4775 6682
4980 6559
4621 7141
3901 8157
4539 7281
5402 6466
4259 7840
4723 7176
4897 7327
4445 7709
4400 7954
5111 7054
4392 7970
5260 6812
5376 7213
4673 7942
5048 7806
5003 7944
6014 6283
5311 7741
5403 7753
5822 6960
6040 6665
6350 6401
5508 8149
5959 7525
6682 6703
6373 8115
6443 7483
5779 8105
6929 7979
5807 8094
7159 6837
6855 7342
6688 7650
7368 7635
6477 8130
7207 8145
