72750703 413499319
1
sift 175
2522 1740
5388 2748
61 59
191 342
57 77
3904 2479
6093 3219
69 80
376 748
68 103
6938 3225
88 90
723 1513
98 100
9255 3507
80 140
759 1446
117 123
8845 4168
125 121
813 1432
99 146
9019 4333
131 132
836 1868
180 117
154 216
2019 2176
194 185
242 179
2185 2322
225 203
218 249
2727 6106
255 303
216 387
2696 6677
274 317
293 309
3998 7344
275 445
285 483
4685 7213
534 262
366 390
5190 6531
422 391
373 465
5780 6449
372 485
462 388
5299 6994
455 468
389 567
5421 6966
537 402
469 494
5192 7411
510 489
671 348
5194 7533
447 680
579 611
707 516
576 751
660 687
627 864
550 1037
593 1070
864 757
588 1240
668 1290
1306 712
930 969
742 1367
569 2097
844 1237
779 1469
992 1180
1092 1149
954 1353
793 1686
1399 1021
878 1568
959 1506
1582 1045
1056 1771
1249 1586
1202 1769
1496 1732
1428 1783
1248 2063
1381 1975
2175 1505
1335 2444
1630 2052
3399 1292
2555 1733
2006 2038
1799 2383
2307 2030
2050 2378
2468 2126
2400 2356
2212 2528
1911 2961
2762 2204
3225 2146
2404 2892
2490 2911
2446 3041
3963 2174
3861 2222
3941 2254
4076 2358
2498 3883
2464 4015
2800 3655
3397 3474
4790 2555
3678 3668
3373 4159
3945 3586
3249 4751
4307 3884
4697 3463
2896 6475
3667 4849
3906 4512
5507 3185
5721 3200
3689 5269
3805 5500
4113 4950
4440 4499
4493 4640
4686 4501
5546 3998
6487 3457
4695 4866
4706 5021
6336 4122
4806 5440
4243 6589
6594 4349
7072 4238
6530 4587
6778 4487
4393 7612
5515 5959
4644 7281
7241 4621
8165 4405
7945 4841
4930 8073
7653 5153
6392 6407
7898 5421
7050 6558
7570 6244
9041 5422
6805 7355
8603 6173
5812 9138
6762 7775
8847 6260
8777 6416
9044 6326
7222 8094
8189 7196
7824 8365
9106 7120
7632 8723
7766 9161
7679 9336
72750703 507090750
1
sift 151
502 221
1969 1794
117 160
157 171
779 2010
494 266
476 290
2394 1685
219 301
242 357
1293 1671
661 304
1159 220
3577 1542
274 345
293 507
1249 2970
993 443
1573 954
2840 1905
343 400
422 828
1248 3047
1662 1103
1871 1052
2747 2414
576 1013
716 1003
1754 2506
1681 1205
1756 1227
6728 2833
816 1398
1033 1644
1335 3741
1521 1416
2089 1352
5308 4742
1092 2217
1355 1932
2030 2472
2699 1246
2123 1553
5953 5456
1583 2007
1704 1971
1799 3731
3112 1209
3298 1327
5912 6106
1744 3569
2250 2694
1911 5371
3478 1332
3280 1544
8974 4232
2731 2273
2555 2471
1943 5202
2990 1802
3669 1633
6699 5439
2762 3258
3123 7170
2212 5101
3927 1673
3414 1875
7297 5747
3246 3490
5546 4912
2636 6224
4317 1630
2888 2298
6744 7112
2465 7178
5721 6003
4076 5419
2522 2666
4384 1762
8845 7028
4378 3987
6573 7158
3374 7718
3389 2144
3753 1999
9255 6926
4812 3866
6595 7527
4523 5353
4252 2340
5777 2003
4888 5103
6336 9290
4470 6687
4314 2604
5480 2374
5559 8230
7653 8052
5127 9103
5085 2539
4084 3170
6846 8681
5906 9760
5712 2632
3904 3977
6392 9652
7072 9412
7200 2350
6647 2532
7570 8962
7665 9516
5252 3045
5846 2823
7600 2444
5538 3063
7369 2576
6753 2734
6360 2872
5073 3522
6111 3307
6776 2998
7748 2989
5784 3932
5705 4032
6358 3727
7106 3717
6546 4157
8248 3630
5967 4777
6795 4407
6519 4723
7545 4261
8988 3734
7985 4271
8581 4119
8263 4441
6765 5369
6430 5916
6817 5694
7470 5313
8128 5159
7988 5264
9050 4946
7046 6340
8846 5184
8661 5479
8990 5321
9310 5807
7394 8409
8905 7954
9102 8330
72750703 850672740
1
sift 499
60 140
72 197
68 146
118 119
95 108
99 205
88 165
80 189
98 161
131 256
157 232
124 167
139 162
129 284
155 264
119 252
130 244
136 285
181 292
161 234
167 254
174 408
221 301
177 306
173 363
204 490
215 331
214 288
191 373
241 469
230 365
207 349
195 456
243 642
216 422
264 372
219 427
326 546
225 410
290 446
217 437
331 541
249 400
310 424
289 420
375 716
242 499
363 435
275 453
398 702
274 464
335 579
308 405
447 747
285 497
355 550
315 514
475 764
293 617
365 571
330 700
495 925
336 689
426 847
356 611
573 913
343 713
531 670
366 678
607 1002
389 665
444 921
388 726
594 1127
514 591
740 974
459 675
599 1245
419 785
697 1233
450 776
569 1396
504 766
747 1318
537 890
668 1128
510 1014
824 1142
579 851
644 1190
576 856
789 1591
588 901
596 1368
654 825
950 1465
555 1036
660 1443
593 960
835 1873
580 1046
714 1266
595 1060
1060 1539
664 928
729 1298
634 982
943 1827
721 888
735 1431
559 1317
1015 1702
577 1257
737 1502
590 1279
1135 1542
543 1487
767 1468
619 1303
1099 1658
667 1259
779 1500
716 1269
1125 1599
718 1549
808 1495
816 1424
1352 1664
794 1483
799 1572
807 1578
1154 2227
930 1416
855 1798
844 1640
1487 1703
866 1628
825 1852
1068 1360
1243 2277
1084 1429
870 1880
811 1992
1372 2086
998 1582
981 1695
988 1777
1198 2584
1132 1750
1150 2033
1441 1533
1609 1990
1166 1898
1195 1921
1468 1621
1568 2154
956 2745
1142 2070
1247 1937
1535 2223
1016 2548
1164 2128
1507 1687
1693 2092
1203 2106
1143 2310
1309 2055
1919 1878
1165 2468
1266 2291
1202 2412
1409 2730
1496 1887
1263 2376
1428 2073
1664 2550
1175 2701
1506 2076
1466 2060
1612 2728
1293 2453
1404 2395
1092 3826
1696 2601
1379 2482
1400 2471
1630 2156
1454 3459
1249 2995
1539 2356
1594 2386
1667 2985
1280 2986
1365 2910
1564 2433
2091 2152
1741 2162
1376 3034
1663 2674
1869 2478
1768 2243
1517 2823
1627 2749
1788 2740
1478 3264
1435 3434
1937 2252
1760 2871
1765 2571
2062 2254
1533 3280
1991 3218
1424 3708
1762 2884
1916 2370
1593 4860
1995 2459
1808 2902
1726 3228
2238 2955
1759 3347
1821 3139
1825 3230
1852 4047
1694 3619
1906 2925
2296 2325
1868 3986
1766 3491
1743 3581
2050 2645
1841 4185
1874 3401
1782 3849
2378 2466
2135 3364
1799 3936
1943 3626
1861 3750
2095 3473
1998 3622
1970 3765
2353 3064
2100 3472
2177 3420
2124 3546
2588 2792
2287 3272
2224 3496
2088 3779
2307 3323
2428 3608
1944 4348
1877 4711
2267 3526
2638 3270
2668 2833
1988 4278
2162 3819
2624 3785
2012 4313
2313 3639
2175 3956
1917 6201
2053 4311
2284 3998
2029 4634
2543 4180
2212 4231
2256 4239
2512 3736
2866 3601
2582 3680
2516 3940
2285 4284
2817 4392
2359 4093
2289 4706
2555 3838
2841 4651
2762 3524
2400 4586
2446 4318
2799 5060
2221 5066
2753 3854
2354 4615
3170 4115
2574 4113
2099 5864
2449 4438
2849 5150
2438 4547
2173 5704
2732 4402
2975 4775
2193 6044
2592 4704
3271 3441
3244 4510
2728 4419
2636 5008
2654 4724
3072 5137
2380 5625
2730 4762
2470 5335
3379 4469
2418 5538
2825 4937
2138 6903
3320 4550
2802 4709
2751 5540
2713 5042
2779 6152
2981 4250
2911 5165
2869 4703
3783 4031
3001 4418
3129 4757
2775 5138
3425 4855
2727 5726
3406 4280
3045 4740
3721 4865
2714 5906
3073 5317
3121 4622
3556 5274
3341 4298
3264 5130
2916 5397
3668 5185
2933 5440
3875 4168
3285 5038
3382 5743
4029 4021
2860 6417
3312 5101
3679 5392
3250 5211
3033 5935
3040 6171
3207 6303
3260 5400
3249 5435
3188 5781
4059 4974
3741 4719
3313 5616
3967 4455
3661 5820
3410 5459
3086 6774
3797 4747
3948 5314
3269 5729
4061 5034
3124 6122
3337 6908
3717 5011
3754 6163
3736 4998
3953 5772
3340 5810
3332 7470
3726 5497
4187 5333
4140 4801
3667 6805
3694 5644
3929 5972
3162 6832
3689 6761
3897 5311
3711 6397
3481 6331
3646 7212
3763 5824
4071 5903
3404 6600
3433 7886
3751 5913
4107 5870
3945 5658
3800 7112
3937 6224
3612 7038
3388 7700
4125 6319
4063 6230
4150 6101
5454 4193
3879 7059
4214 6281
4109 6288
4202 6137
4083 6546
3678 7924
4086 6542
3896 7090
3787 7679
4461 5857
4028 7217
4181 6568
4138 7082
4067 6905
3993 7457
4243 6503
4118 7572
4307 6368
4430 6316
4392 6200
3906 8522
4050 7335
4600 6484
5497 4909
4470 7131
4457 6345
4199 7847
3931 8020
5381 5933
4436 6577
4549 6724
4557 6421
4493 7639
5972 4811
5006 6011
4281 7513
4956 6616
4282 7633
4863 6264
4660 6810
5058 6502
4318 7970
4618 7011
4259 8538
5033 6782
4375 8184
4308 8380
4823 7006
4922 7027
4339 8359
5193 6381
4775 7336
5907 5758
4483 8171
5483 6325
4706 7511
4619 8046
5360 6801
5462 6428
4575 8186
5469 6789
5048 7590
6166 6087
5273 7224
4897 8368
5781 6618
4933 8088
4982 8094
5204 8680
4760 8638
5532 7139
5678 7039
5966 7533
5403 7640
5202 8264
5142 8267
5766 8361
5410 7994
5837 7337
5050 8616
8648 7947
5260 8386
5598 7797
5894 7360
8596 8320
5627 8313
5018 8748
5716 8155
5770 8238
5638 8429
6537 7115
6708 8466
6447 7438
6228 8470
7164 8523
7141 7760
7285 7648
8050 7314
7751 7889
8574 7523
8742 7723
9311 8655
72750703 971269144
1
sift 157
614 728
367 340
29 78
48 85
424 431
98 101
964 1249
370 410
110 165
232 261
1140 1179
177 239
1662 2221
889 727
242 270
308 335
1658 1734
230 293
3218 2574
978 1222
225 390
514 440
1568 2189
444 458
3882 5097
1488 1889
436 497
504 607
1855 2017
654 735
6145 8459
1936 2374
630 524
679 620
1933 2528
759 855
1926 2457
634 1174
664 1128
2213 2692
943 1192
1767 2872
864 1044
1401 2377
2662 2477
1019 1788
2493 3628
1372 1716
1594 2233
3159 2550
1612 1891
2457 3958
1741 1747
1441 2495
3480 3154
1535 2176
3243 3106
1916 2048
1825 2481
4506 4319
1760 2290
3125 3606
2050 2406
2385 2289
4690 4190
5346 1097
2840 4268
2311 2222
2555 2616
4846 4094
2896 2146
3718 4336
2366 2629
2732 3197
4753 4713
2428 2593
3740 4871
2228 3075
2512 3705
4879 5890
2406 3151
4397 4486
2842 2626
2800 3737
5885 5041
2185 3655
4343 5542
2556 3457
2981 3747
5975 5549
2673 3322
5556 5042
2921 3173
3384 3820
5344 6468
2727 3770
6912 5891
3294 3528
3509 3744
6458 5440
3851 4162
7160 6691
3082 4256
4063 3764
7327 6217
4132 3951
7316 7499
3810 4042
3741 4137
7013 7030
4473 4397
7534 7308
4307 4153
5273 4535
6868 7376
4133 5311
4290 5179
4243 6069
7565 6784
5095 4105
4259 5570
4707 5365
7438 7721
3763 6719
5190 5024
5654 4690
7559 8474
5373 5239
4636 6434
4999 6769
4978 6130
5286 6157
5796 6229
6259 5319
5529 6272
5672 6408
5834 6316
5497 6737
5659 6669
5076 7745
5678 7306
5632 8015
6007 7208
5780 7718
7632 6303
6851 6561
6518 7409
6975 7832
6233 8181
7845 6389
6595 8538
8574 6682
7523 7860
8386 7658
8391 8197
8512 8396
8959 8534
72750703 1707515443
1
sift 121
70 61
68 124
98 96
80 118
125 88
84 168
161 143
158 172
155 184
248 129
172 237
175 276
191 270
207 302
230 286
290 423
389 395
342 493
478 467
627 487
896 435
598 832
558 952
816 611
643 840
789 667
738 808
682 983
759 1131
788 1054
960 937
875 1079
1282 792
1136 1074
835 1731
1401 1069
1019 1620
1138 1514
1953 872
1467 1300
1125 2007
2763 909
1198 2091
2300 1233
1696 1723
1916 1822
2704 1401
2901 1364
2267 1700
2762 1546
1917 2094
2071 1941
3233 1478
2472 1834
2185 2093
2019 2318
3042 1717
3559 1593
2512 2189
2311 2444
2872 2031
1267 5519
2265 2663
2404 2619
2428 2700
2278 3302
2933 2514
4901 1894
2715 3312
2727 3644
4826 2142
4818 2155
3694 2891
5055 2332
3320 3361
3632 3085
4071 3417
3489 4605
4524 3469
3612 4660
3878 4372
3998 4254
4133 4303
4203 4205
4015 4632
4109 4626
3993 5021
4352 4686
7093 3202
4657 4854
4685 4914
5299 4286
8189 3190
5018 4949
4925 5120
5190 5157
5420 5067
4775 5750
6000 4716
8520 3666
4681 6325
5076 5806
6312 4836
9106 3682
7251 4320
9266 3714
5626 6239
5193 6875
6244 5964
5179 7620
6856 5879
6375 6493
5894 7437
7125 6202
6426 7046
7205 6457
6746 7179
7510 6736
7130 7627
7766 7460
8750 7314
72750703 1988776702
1
sift 113
392 254
147 103
57 119
248 208
98 134
99 215
494 320
367 236
80 188
1953 1908
132 122
211 179
1014 488
999 671
124 164
1371 3766
167 123
155 288
1391 1151
1633 1222
161 225
2279 4501
231 527
232 216
1987 989
1984 1352
196 264
3233 3881
478 797
308 280
3443 1308
3323 1843
219 410
4402 8079
896 990
242 387
2522 1978
6073 2357
424 239
7093 6007
643 1804
244 528
5846 2364
5912 3934
511 338
1004 1297
379 705
5855 2958
6993 3887
846 339
759 1936
369 976
6766 5508
6221 4334
1140 645
875 2177
550 1647
5712 8088
6093 4649
844 1211
1063 2123
816 1325
6699 5040
988 1615
1386 1714
793 3402
7099 5099
1137 2288
1019 3342
1335 2973
6938 5215
1149 3058
2019 3255
1999 1981
6744 5440
2101 2821
2185 3308
3480 2562
6886 5665
2308 3387
2227 4012
2465 5140
9096 5469
2762 3286
2555 3684
3374 4832
8916 6364
2428 3999
2404 4410
4753 3613
3509 3708
4901 4173
5944 3448
6630 3498
4307 5605
5975 4438
4133 6859
4071 7292
5721 5332
3721 8437
4203 7752
7438 4873
5546 5602
7566 4798
5127 8368
7604 6120
7834 6072
7991 6436
6203 8374
8165 7389
7570 8315
9047 7903
8520 8459
72750703 2119627969
1
sift 602
39 30
97 29
146 46
612 413
74 41
82 47
210 65
144 54
837 490
133 57
261 92
296 88
156 51
857 545
270 96
209 139
276 97
424 128
1159 722
278 121
322 148
347 134
407 141
1873 1139
341 132
420 152
361 129
521 184
2824 1590
367 127
392 161
337 151
671 305
2765 1628
382 177
443 208
473 190
628 342
2339 2018
497 186
494 193
358 250
846 346
3255 2215
480 202
474 211
532 219
700 468
4929 1750
431 269
483 285
571 278
917 467
3839 2476
502 290
551 272
755 235
1306 641
3208 2832
506 324
485 354
705 284
1833 930
4346 2475
526 328
498 372
570 358
1589 1080
4324 2523
584 378
702 432
750 341
1489 1239
4277 3072
914 334
661 474
925 405
2363 907
3914 3561
805 415
633 614
899 444
1909 1069
3980 3865
880 469
1105 456
852 488
2206 993
5342 3432
965 475
849 570
936 498
2484 959
6267 3390
665 737
982 583
889 758
2731 1151
5271 4008
964 610
887 680
1287 579
2466 1379
5383 3964
1147 576
993 657
1296 593
2292 1477
5032 4378
938 712
1375 527
1640 551
2250 1559
5447 4766
1350 537
1013 696
1633 602
2431 1561
5871 4455
975 755
1555 555
1541 638
2679 1555
6099 4623
1391 598
1588 626
1374 765
2865 1480
7071 4162
1160 767
1222 792
1278 812
3472 1301
8284 4025
1514 742
1186 873
1620 816
3035 1461
6171 5453
1377 809
1190 924
1611 902
3127 1519
6836 4989
1289 920
1871 736
1933 799
3959 1350
6308 5504
1430 869
1452 868
1895 829
3790 1479
7907 4649
1359 911
1396 936
1879 872
3399 1730
7155 5444
1573 881
1960 766
2085 817
3674 1694
7688 5101
1472 928
2028 754
1540 1126
3041 1951
7282 5626
1538 931
1891 835
1806 1005
3246 1821
8160 6059
1662 962
1846 916
2169 883
3279 1877
8589 6397
1530 1063
1316 1176
1934 958
4142 1763
8137 7786
1811 955
1746 1025
1936 1016
3234 2238
8752 7478
2263 945
1729 1214
2104 1001
4104 2089
8954 7532
2239 983
2082 1078
2536 1053
3941 2174
1941 1161
1900 1283
2396 1094
3870 2252
2121 1183
2123 1225
2803 1052
4843 1918
2329 1232
1887 1547
2187 1318
5464 1881
2708 1146
2425 1363
2457 1235
4753 2230
2558 1295
2888 1215
2857 1268
5264 2258
2089 1562
2522 1361
2747 1411
4802 2441
2534 1370
2243 1513
2840 1504
4551 2799
2208 1539
2699 1329
3243 1384
4736 2838
2266 1556
2530 1436
2999 1560
5296 2691
1987 1793
3218 1216
2517 1811
5092 3052
2629 1541
2388 1666
3130 1528
4812 3332
2510 1604
2838 1500
3317 1589
5374 3067
3414 1316
2352 1769
3134 1723
5608 2974
2972 1467
2746 1619
3263 1705
5765 2911
2831 1648
2518 1815
4505 1371
4697 3621
2862 1688
3214 1540
2945 1942
4889 3483
2871 1765
2986 1725
3462 1818
5409 3179
2738 1931
2709 2042
3577 1895
6061 2880
2974 1901
3157 1822
4755 1706
4553 3840
2577 2298
3112 1993
4123 2205
5507 3262
3120 2016
3669 1807
4689 2003
6030 3033
3298 1976
3949 1764
4530 2131
5312 3470
2819 2438
3389 2034
4343 2254
5230 3586
3280 2075
3610 2017
4540 2314
6685 2970
3184 2223
4009 1884
4603 2345
6908 3018
3477 2127
3927 1997
4178 2786
6279 3338
4037 1991
3522 2283
4849 2471
6595 3200
4005 2059
3502 2381
5913 2199
6487 3624
2990 2738
4384 2024
6221 2333
6678 3581
3201 2595
3049 2815
4914 2736
7096 3566
3759 2406
4208 2194
4944 2772
7898 3594
4020 2339
3465 2648
4608 3013
6963 4101
3642 2617
4702 2116
5088 2777
9047 3386
3443 2782
4062 2482
5953 2541
7129 4071
4609 2188
4485 2266
4845 3230
6846 4188
3701 2678
5318 2036
5986 2906
7667 3955
5538 2122
3519 3143
5867 2992
7241 4469
4486 2506
4179 2742
5901 2980
9041 3951
4634 2528
4361 2676
5631 3154
7653 4516
4321 2820
4084 3025
5620 3327
8544 4266
4737 2590
4331 2826
6075 3207
8625 4253
5512 2387
4252 2986
5556 3519
7050 5025
4314 2926
4797 2633
7064 2849
7363 4872
5378 2554
4367 3064
5773 3615
8986 4502
4467 2987
4345 3109
5689 3774
7072 5780
6063 2410
4167 3343
6728 3253
7872 5331
4654 2923
5252 2781
5885 3843
8766 4854
4564 3189
5035 2939
6243 3647
6892 6023
4892 3037
4526 3333
6496 3514
8603 5210
4729 3171
4449 3440
6073 3761
9147 5130
4414 3688
5115 3168
6706 3394
8587 5620
5227 3098
5074 3199
6234 3714
9323 4826
4860 3349
5712 2891
6938 3458
7971 6566
4904 3407
5216 3322
8618 2983
8777 6178
5846 3002
5072 3445
7069 3467
4910 3597
6188 2927
6692 3780
5914 3065
5452 3337
7370 3539
5777 3182
4417 4206
7652 3464
5552 3356
5234 3589
7299 3673
5772 3331
6003 3213
7753 3572
5161 3776
5481 3640
6731 4108
7200 2893
6647 3177
7213 3954
6338 3372
5783 3706
6549 4255
5029 4167
6360 3447
7316 3988
4902 4462
6519 3479
7591 3887
6515 3505
6113 3764
7969 3792
5650 4015
6042 3835
7297 4040
5976 3885
5513 4159
7246 4091
5708 4061
5175 4452
7718 3997
5962 3984
6358 3752
7262 4272
5694 4143
5640 4216
8417 3924
5819 4271
4828 5213
8328 3970
7181 3692
5522 4632
6618 4708
5698 4579
5769 4578
9224 3763
6546 4158
5585 4843
8974 4007
6180 4410
7539 3805
7113 4787
5943 4670
6205 4517
9035 4014
6430 4361
6597 4280
8753 4350
6297 4550
5669 5149
8723 4460
7547 4022
7383 4113
7198 5269
6753 4431
7600 4180
8312 4725
5977 5284
7369 4383
8917 4439
6817 4751
6433 5055
8916 4637
9005 3877
6834 4762
9265 4540
8125 4196
7376 4478
9255 4661
7007 4728
8693 4052
9240 4756
6459 5154
6776 4895
8305 5480
6633 5024
7748 4459
9096 5723
7904 4409
6611 5161
8482 6508
6936 4951
7950 4461
8963 6620
7909 4486
7453 4704
9156 7300
7249 4860
7578 4715
6984 5060
7443 4834
8695 4357
8248 4643
7026 5370
7545 5031
7832 4964
7074 5463
7226 5348
8236 4797
8770 4636
7791 5160
8012 5051
8197 5018
9126 4530
7046 5778
8899 4707
8990 4650
9076 4596
8951 4730
7856 5387
7944 5365
8705 5058
7804 5637
7738 5687
7042 6191
6959 6253
8369 5394
7470 5971
8846 5147
8203 5569
8905 5122
8126 5642
7506 6009
7634 5956
7841 6006
7985 5929
8595 5601
8174 5832
7828 6114
9102 5316
8263 5926
7988 6175
7420 6561
8932 5662
8433 6011
8128 6208
7078 7065
8581 6185
8592 6238
8661 6230
7905 6690
9294 5561
9135 5913
9170 5963
8573 6436
8825 6399
8717 6634
8522 6833
8172 7243
9247 6321
8873 6748
9142 6529
8653 6925
8438 7132
8414 7259
8443 7318
8743 7399
7843 8586
9197 7314
8912 8058
8745 8272
9310 7474
8679 8859
9045 9077
