768479201 781759124
1
sift 201
12 34
65 84
92 190
16 58
68 92
108 177
103 180
88 145
115 197
110 238
161 367
200 327
174 411
205 355
241 345
177 415
306 364
254 494
285 406
338 481
292 496
282 538
388 614
346 621
296 548
448 594
330 780
387 525
354 653
553 662
403 597
473 803
444 737
569 1266
507 703
529 808
550 698
610 1136
611 880
600 913
510 1276
766 1592
691 858
751 911
693 991
1120 986
676 1053
690 1340
715 1026
842 1526
706 1108
698 1337
772 1043
1020 1439
861 1125
830 1357
871 1425
968 1749
793 1671
950 1654
896 1987
1122 2628
1316 1437
931 1943
1186 1404
1767 1732
1090 1981
990 1938
1116 2269
1753 1853
1211 2299
1189 2121
1395 1751
1480 2370
1105 3036
1400 2140
1576 2242
1592 2466
1446 2520
1314 2914
1554 2317
1624 3006
1838 2205
1693 2257
1558 2813
1812 3034
2296 1934
2067 2551
1596 2915
1930 2975
1594 3220
1768 3379
1918 2800
2257 2645
1794 3580
1860 3468
1780 3643
1939 3657
1987 3504
1844 3718
2017 3526
2142 3251
2066 3700
2001 4011
1889 4224
1957 4230
2174 5243
2357 3197
2096 3979
2610 3161
2355 5041
1933 5206
2082 4871
2329 4339
2721 4279
1994 5619
2306 4429
2453 4481
2816 4344
2237 5521
2353 4895
2538 4658
2742 4600
2194 6229
2940 3842
2670 4738
2881 4347
2594 5019
2754 4638
2777 4552
2638 5127
2677 5560
2697 5546
3112 4749
2745 5899
2633 5905
3147 4867
3347 5035
2702 6025
2715 5974
2780 5884
2885 6075
2644 7019
2693 7022
2736 6891
3048 5958
3488 5240
3006 6152
2752 6998
3458 5144
5199 3912
2874 6603
3444 5311
3363 5579
4810 5180
3527 5286
3533 5187
2989 6807
3675 7361
3335 6174
3089 6661
3184 6642
4167 6875
3244 6636
3379 6382
3357 7609
3855 7921
3195 6984
3999 5857
3983 6005
4729 6344
3843 6125
3909 6498
4821 5663
4422 7032
3977 6784
3886 7190
3987 7199
4172 7617
4290 6930
4107 7136
3751 8321
5669 6021
4435 7528
4197 7219
4376 6979
4875 8555
5159 6687
4513 6902
4751 7647
6244 7763
4064 8559
4846 7580
5935 6132
6583 7799
4728 7939
4707 8351
6096 8362
4969 8202
5727 7716
6675 8437
768479201 1139800839
1
sift 224
3797 4199
36 34
15 16
135 122
59 58
48 42
82 80
158 141
153 111
188 171
240 238
166 148
238 251
210 178
320 201
354 311
264 233
468 289
511 336
426 354
419 365
398 382
404 397
606 308
629 463
457 376
535 423
529 374
874 707
659 470
546 389
673 612
560 432
773 806
645 554
551 454
978 789
663 384
1246 967
775 541
583 491
1026 844
481 660
1179 1207
576 803
872 361
1212 1496
694 659
1879 1515
790 698
751 634
2115 1645
915 768
2964 3282
870 883
925 782
2079 2078
970 818
4038 2583
1185 777
854 909
2413 1784
938 958
3638 2939
835 1142
1077 940
2284 1950
1070 966
3460 3106
1119 1044
1105 953
2805 1766
1038 1149
4650 3476
1375 1004
1330 972
2419 2134
1191 1054
4317 3720
1357 1061
1369 992
3498 2021
1354 1016
4680 3687
2195 1137
1257 1250
2918 2442
1407 1145
4417 4303
1391 1852
1605 1062
3463 2756
1594 1079
5149 3785
1658 1643
1396 1297
3927 2415
2194 1260
5118 3951
2699 1348
2093 1316
4004 2739
1795 1493
5033 4313
2259 1541
2233 1453
3616 3330
2048 1560
5109 4294
2657 1503
2003 1671
3477 3552
1968 1898
5364 4405
2314 1858
2224 1750
4474 3651
2642 1601
5193 4724
2578 1723
2534 1676
4156 3950
2367 1853
5365 4725
2602 1737
2417 1986
4464 4341
2684 1870
5565 4747
2410 2149
3010 1960
5460 4380
2992 1968
5890 5070
3163 1939
2996 2105
6296 4859
2718 2220
6416 4902
2730 2432
3328 2540
5601 5893
2855 2431
6893 5094
2848 2486
3919 2542
6420 6213
2971 2534
6796 6564
3216 3039
3741 2793
6474 6837
3675 2893
7597 6986
3703 2913
3789 2814
6872 6955
3954 2730
4718 2931
4420 2624
3582 3238
4137 3244
3335 4357
4501 3114
3573 3904
3699 3796
3998 3511
5270 3305
4033 3684
3992 3879
4743 3645
4396 3597
4242 3782
5210 3594
4689 3725
3906 4522
3146 6805
5036 3717
5370 3611
4982 4390
5002 3969
5068 3926
5311 4240
5022 4152
4921 4554
5685 4174
5038 4570
6107 3918
5980 4085
5852 4098
4331 5716
5258 4835
6189 4023
5869 4319
6452 4162
4658 5745
4764 5676
5870 4874
7166 4024
5693 5005
6380 4535
6660 4529
6874 4293
6490 4565
6735 4957
5814 5606
6278 5315
6347 5357
6097 5587
6652 6097
6223 5705
6292 5694
6221 6542
5759 6489
7452 5344
6830 7064
5865 6963
6776 6115
7016 6049
7616 5653
7082 6441
7132 6439
7435 6121
7534 6798
768479201 1183258497
1
sift 67
874 609
35 49
758 793
1011 1779
546 431
1667 688
670 1594
925 1521
1594 2350
2043 1389
1888 1509
1944 1936
2017 2280
1871 2465
2115 1749
2891 1675
1794 3346
2066 3197
3426 4511
2946 1914
4418 1642
3034 2391
2745 3853
4174 3742
5619 1463
2866 2775
3109 2956
2881 4915
3048 7128
2918 2752
3463 2449
3353 3701
3675 4332
3451 6285
3616 2389
4004 2620
4957 2575
2684 6508
7714 8042
3184 4197
4464 3203
4050 3317
4492 3676
4545 3196
4474 3345
6097 2960
3328 6399
4038 4168
5026 3817
4730 4136
3791 6492
5082 4437
5600 4406
3998 6324
4422 7020
5276 5115
5907 4665
5559 5113
7353 4293
6771 4505
6168 5290
5863 6169
5753 7913
7174 4777
7113 5791
5951 6251
7736 5936
768479201 1960691938
1
sift 237
556 283
153 68
59 12
86 26
614 299
166 110
117 37
143 56
601 327
210 123
193 78
238 115
733 345
290 106
309 131
342 118
803 400
264 146
404 147
426 163
1078 575
398 187
382 199
386 208
1664 912
445 215
483 189
435 240
1278 1344
502 220
481 214
468 232
1998 1136
535 247
557 222
596 257
2449 1394
677 237
594 328
671 286
1282 3222
874 288
592 334
688 303
1686 2269
821 450
629 352
659 343
1822 2072
935 429
938 292
576 407
3068 1772
916 452
568 436
970 348
2953 1851
1162 424
775 411
835 439
3382 1774
978 491
957 420
863 505
3775 1655
1010 521
1257 473
1070 569
4864 2001
1102 554
1185 528
1228 550
4198 2351
1331 558
1508 587
1135 625
3865 2720
1179 620
1355 871
1212 657
5084 2314
1136 702
1968 737
1384 646
4894 2522
1246 720
1980 752
1231 856
5509 2297
1879 672
2034 1004
1755 701
5484 2528
1654 732
2280 976
1811 734
5412 2648
1887 775
2314 965
1999 758
5165 4104
1615 1027
2578 957
1769 974
7547 3916
2627 801
2658 1078
1734 1182
2079 1177
2602 1150
2424 1043
2284 1256
3034 1101
2768 1070
2498 1216
2410 1362
2419 1271
2891 1170
2600 1324
2413 1322
2999 1224
3163 1218
2918 1317
4254 1065
3141 1283
3354 1281
2503 1529
4033 1165
3498 1278
2636 1579
3401 1333
2992 1457
3260 1403
3249 1469
2941 1521
4602 1217
2718 1750
4004 1335
3460 1554
3663 1413
3479 1477
3721 1490
4292 1418
3000 1765
3474 1589
3703 1713
4038 1443
3905 1531
3070 1997
3616 1669
3856 2060
4675 1632
3169 2261
5452 1724
3952 1852
3922 1901
4299 2043
4434 1789
5105 1716
3940 2268
4988 1865
5619 1759
4474 2099
4661 2029
4643 2056
4160 2287
4248 2288
5262 1948
3729 2702
4751 2116
5036 2049
4156 2436
3146 3250
4417 2464
5255 2211
4193 2579
5808 2017
4332 2651
5075 2382
5600 2133
4298 2814
5237 2341
5976 2064
5584 2324
5258 2345
5270 2347
5333 2434
5802 2291
5334 2449
5788 2273
6500 2134
6011 2248
4801 2838
5869 2321
5030 2731
5973 2387
5043 2765
5445 2577
5565 2860
4331 3173
4676 3081
5791 2859
5736 2675
7242 2410
5149 3135
6216 2863
7307 2563
5365 3433
6278 3427
6295 3044
6148 3105
7195 3075
6420 3102
7286 2990
5820 3986
5940 3586
6893 3225
6830 3529
6622 3414
6306 3992
6317 3911
7044 3678
6296 4154
7724 3667
6951 4010
7597 3716
7347 4181
6592 4541
6812 4671
6553 4605
6588 4840
7601 4315
7484 4570
7174 4899
7059 5194
6833 5425
7508 6086
