769617110 1928484021
1
sift 246
4308 4846
170 212
70 30
65 132
134 154
313 372
78 149
73 195
135 268
421 362
82 174
102 204
221 278
400 505
127 309
131 282
255 342
1648 1290
139 277
142 300
271 359
1804 1641
180 381
193 390
251 419
1884 1655
213 525
309 441
249 430
1451 2568
298 465
289 540
263 684
2241 1766
362 492
347 713
336 586
2726 2741
484 464
358 922
426 599
2518 3104
415 625
386 918
464 639
2995 2759
430 779
395 920
503 962
2347 3976
516 909
754 1300
607 725
3163 3578
539 910
847 1376
614 737
4235 3497
509 1093
767 1626
721 693
3938 3797
618 931
694 1986
794 807
5942 3165
588 1252
815 1690
938 935
4138 4299
948 970
1055 1275
786 1151
4233 4406
949 1069
903 1999
890 1201
4984 3819
996 1157
928 1961
860 1366
5634 4122
1041 1236
1053 1638
919 1423
4920 5454
975 1429
993 1909
1049 2030
4774 5725
1013 1978
1008 2048
1422 1774
6038 5594
1098 1902
1112 2023
1446 1741
6485 6241
1137 2098
1372 1796
1661 1591
7973 6511
1251 2214
1315 2184
1678 1666
1610 1772
1169 2612
1586 1832
1699 1830
1249 2565
1652 1933
1750 1827
1400 2603
1546 2159
1726 1997
1388 2669
1891 1867
1855 1973
1565 2319
1597 2323
1580 2390
1512 2598
1890 2262
1517 2575
1453 2906
1638 2697
1346 3376
1529 2847
2455 1821
2126 2131
1782 2914
1662 2805
1659 2844
1325 4508
2011 2573
1985 2788
1994 2969
2104 2602
2072 2689
1608 3854
2044 3322
1732 3616
2240 3123
2198 3031
2071 3289
1869 3888
2223 3049
2379 2959
2162 3504
2239 3251
3484 2183
2096 3643
2308 3409
1898 4281
2258 4096
3225 2464
2458 3474
1921 5187
2942 3187
2437 3754
2139 4704
2427 3832
2141 4761
2305 4770
3125 3108
2485 4039
2696 3828
2695 3800
2713 4253
2374 5168
3081 3795
2910 4102
2811 4428
3266 3695
2646 4669
3038 4127
3894 3217
3185 4252
3120 4405
3507 4125
3106 4457
3084 4498
3471 4308
3183 4557
3205 5065
3362 4579
4710 3331
3695 4367
4111 3734
3133 5200
2893 5589
3736 4373
3675 4730
2834 6926
4168 4001
3670 5016
2960 6618
4216 4057
3101 6316
3483 5808
4573 4117
3861 5143
4142 4990
3647 5571
4751 4285
2822 7215
4748 4313
4657 4402
4208 6360
3913 5403
4238 5048
4164 6537
5610 3840
3712 6174
4307 6738
4896 4661
4430 5213
4667 6521
4256 5476
4410 5371
4534 6685
4995 4988
3951 6374
5678 5359
3962 6425
5184 4946
4627 7113
3918 6890
5251 5109
5750 6117
4525 5904
5757 4928
5717 6663
5290 5379
4699 6350
4505 6987
4825 6672
5912 5666
4980 6844
6360 5353
5034 6870
5938 6642
7053 6424
6498 7023
7635 6092
7536 6283
