858943217 1428487141
1
sift 1543
25 25
22 14
23 16
138 200
31 39
40 13
259 247
113 80
32 27
143 228
158 187
49 28
292 309
149 93
47 47
459 525
340 356
66 34
443 497
171 120
54 51
627 989
400 348
60 42
693 703
211 141
45 89
759 869
421 415
92 38
625 800
244 144
85 70
704 1032
439 482
89 74
747 667
355 279
101 86
933 1242
471 669
87 122
716 809
376 299
98 102
981 1522
492 636
104 115
651 918
384 301
102 117
1551 1274
726 541
109 133
741 818
354 334
108 145
1340 1686
694 564
107 169
686 1014
402 310
153 126
1268 1907
632 645
137 147
737 978
423 321
126 161
1318 1926
740 573
142 186
820 894
498 343
184 153
1586 2115
708 646
190 155
842 1000
446 370
160 184
1784 2751
720 742
207 148
963 1113
476 385
152 202
1914 2545
830 812
154 211
1013 1046
521 386
168 209
1876 2782
954 878
220 171
1016 1158
624 394
235 172
1903 2925
862 1063
248 168
987 1289
568 433
173 226
1950 2835
1037 1222
236 192
1146 1291
516 533
333 177
2098 2651
950 1443
180 327
1085 1580
559 492
245 231
2067 2851
1073 1348
208 285
1382 1357
648 454
254 246
2097 2937
1331 1159
205 335
1305 1508
590 661
260 295
1888 3450
1107 1468
300 254
1325 1579
640 622
289 344
2062 3112
1279 1276
366 275
1389 1477
706 590
241 410
2119 3136
1220 1404
382 271
1165 1886
791 583
394 264
2029 3329
1256 1385
362 302
1283 1722
697 733
405 282
2381 3134
1316 1370
424 258
1493 1470
775 660
323 359
2159 3640
1158 1658
395 306
1633 1517
917 625
317 401
2337 3310
1266 1491
361 350
1183 2424
823 725
331 403
2245 3619
1383 1410
444 297
1580 1781
792 766
450 291
2243 3680
1500 1661
426 312
1417 2059
941 688
358 372
2334 4094
1378 1896
321 448
1398 2201
977 696
555 290
2548 3508
1836 1467
374 440
1787 1800
969 715
480 336
2321 4251
1838 1600
494 329
1620 1996
1133 668
404 416
2433 4099
1661 1803
474 367
1699 1932
1101 752
469 396
2633 3846
1788 1935
473 426
1835 2004
1181 829
434 496
2708 3793
1928 1914
428 532
1709 2251
1348 788
470 475
2602 4107
1657 2375
408 603
2047 1855
1104 949
556 432
2502 4394
1740 2246
463 548
2173 1793
1204 1004
534 516
2673 4189
1748 2237
616 436
1877 2042
1143 1105
485 611
2705 4209
1798 2174
630 466
1653 2605
1349 1124
615 479
2546 4760
1907 2028
742 456
1826 2456
1041 1479
548 650
2822 4273
1786 2301
643 545
2105 2080
1665 1030
542 675
2604 5269
1934 2050
575 664
1970 2336
1424 1188
646 585
3090 4605
1899 2363
613 631
1824 2756
1509 1180
797 526
3041 4812
1879 2431
822 523
2341 2107
1520 1179
801 546
2579 6616
2141 2075
663 672
2015 2612
1423 1330
619 741
3011 5445
2246 2101
833 547
2140 2477
1570 1254
678 689
3125 5226
2241 2140
572 860
2286 2365
1405 1402
566 891
4016 4163
2285 2136
782 624
2339 2445
1731 1183
852 579
3259 5046
2323 2189
884 562
2096 2852
1444 1381
669 776
3378 5009
2253 2515
909 569
2395 2725
1288 1624
614 879
3660 4696
2174 3027
781 710
2108 3148
1823 1211
818 695
3075 5975
2365 2989
676 849
2582 2811
1562 1388
891 637
3707 5489
2636 2990
596 1033
2380 3567
1767 1268
816 716
3604 5916
2325 3816
715 844
2572 3226
1442 1529
832 739
3744 5758
2619 3221
845 729
2450 3679
1921 1178
770 855
3081 7086
2571 3336
666 1045
2887 2971
1993 1187
703 972
3547 6558
2448 3749
623 1195
2687 3369
1996 1226
684 1054
4021 5823
2899 3012
1038 680
2663 3460
1668 1489
795 896
3850 6525
2890 3052
803 887
2606 3633
1511 1668
736 1006
4169 6348
2557 3661
685 1144
2497 3964
1689 1507
859 885
4214 6642
2758 3385
787 1019
2776 3364
1858 1488
848 917
4496 6480
2655 3643
1015 784
2560 3948
1830 1537
1069 750
4158 7399
2523 4187
605 1474
2137 5699
1965 1496
1070 793
4730 6528
3299 3118
1000 865
2847 3944
2050 1455
962 904
4990 6902
3235 3206
928 981
2995 3913
1925 1599
874 1050
5791 6214
2975 3462
1197 773
2832 4226
1839 1728
1034 872
4994 7343
2642 4415
912 1018
2621 4709
1814 1841
865 1099
5032 7459
3201 3657
1086 875
3281 3659
2271 1688
973 1008
5926 6781
3031 3993
1235 806
3184 3835
2206 1753
866 1175
5280 7526
3121 3947
1062 993
2831 4446
2032 1882
948 1167
5273 7863
3150 3954
1035 1078
3480 3575
2164 1854
1276 871
5479 7607
3427 3609
1082 1089
3279 3866
1973 2103
875 1355
6110 7017
3044 4207
1045 1142
3395 3848
2038 2063
1055 1146
5403 8066
3493 3729
958 1306
3545 3841
2369 1870
1171 1058
5068 8765
4009 3343
915 1383
3626 3773
2405 1863
1404 889
5915 7811
3224 4266
1011 1303
3586 3911
2290 1958
1422 925
5936 7827
3808 3612
979 1396
3489 4029
2255 2099
1534 877
5507 8530
2970 4631
1155 1168
3161 4421
2226 2227
1187 1154
5890 8848
3307 4290
1124 1212
3330 4287
2545 1982
1056 1280
5909 8913
3818 3805
1505 948
3358 4316
2504 2021
1298 1125
6516 8174
3440 4257
1127 1278
3288 4481
2294 2264
1186 1231
6229 8931
3510 4255
1359 1129
3238 4695
2320 2255
1366 1139
5855 9553
4419 3259
1420 1082
3152 5027
2567 2162
1168 1299
6008 9532
3082 4789
1293 1208
3413 4691
2938 2132
1004 1681
7134 7762
3591 4405
1221 1290
3584 4553
2753 2323
1125 1399
5804 9788
3521 4500
1701 954
3727 4529
3129 2125
1332 1191
6242 9245
3495 4701
1119 1415
3258 5228
2688 2507
1202 1324
6408 8994
3506 4874
1564 1093
3517 4856
2957 2337
1259 1347
6530 9300
4285 4096
1153 1518
4190 4225
3153 2252
1816 982
7081 9099
3532 5089
1452 1219
3957 4588
3578 2130
1539 1174
7530 8670
3229 5734
1190 1524
3585 5060
2960 2516
1507 1216
6844 9675
4153 4406
1270 1459
3753 4990
3367 2356
1789 1103
7500 9404
3763 4914
1128 1733
3731 5040
3249 2523
1312 1440
8145 9438
3377 5720
1521 1262
3248 6020
3574 2442
1615 1233
8589 9645
3891 4881
1531 1309
4013 4740
2917 2961
1436 1409
9249 9305
3900 4930
1487 1371
3899 4994
3319 2795
1581 1318
4064 4777
1431 1464
3863 5099
2790 3287
1605 1333
4363 4449
1306 1718
4078 4840
3520 2757
1606 1356
4042 4920
1508 1447
3441 5996
3345 2897
1774 1265
3788 5414
1319 1720
3927 5189
2931 3455
1734 1379
3593 5888
1302 1889
3873 5403
3939 2767
1601 1534
4024 5298
1575 1596
3911 5518
3664 3372
1776 1406
4041 5305
1857 1346
3985 5495
4244 3049
1574 1646
3651 6075
1794 1424
4382 4888
4155 3268
1892 1349
3917 5761
1588 1693
4173 5338
3889 3589
1640 1684
3587 6471
1768 1542
4635 4752
4049 3417
1763 1564
3804 6299
1828 1487
4472 5044
3597 3997
1638 1702
4099 5835
2120 1298
3737 6712
4575 3048
1357 2082
4209 5665
1912 1417
4863 5006
3739 3951
1901 1461
4275 5528
1698 1708
4398 5592
4206 3484
1755 1651
5888 4224
2122 1343
4387 5742
4002 3750
1724 1711
4604 5441
1273 2498
4344 5962
4160 3626
1655 1809
4845 5283
1578 1893
4517 5739
3770 4190
1920 1525
5007 5126
1523 1980
4073 6647
4341 3529
1923 1547
4892 5322
1261 2600
4458 5936
4747 3270
1760 1842
4784 5582
2240 1445
4882 5601
4599 3498
1937 1699
4136 6778
1536 2172
4808 5942
4400 3784
1809 1843
4502 6083
1896 1768
4586 6309
4038 4281
1486 2319
5219 5341
2142 1593
5698 5176
4503 3783
2093 1660
5326 5270
2421 1465
4470 6614
4175 4252
1702 2069
5299 5550
2154 1656
4761 6372
5281 3355
2013 1757
5034 6127
2993 1283
4791 6412
4657 3877
1718 2128
5768 5385
1475 2638
4826 6465
4764 3875
1717 2286
5075 6220
2109 1876
5138 6180
4383 4236
2409 1710
5623 5645
2333 1770
5213 6261
4953 3824
1849 2176
5508 5860
1761 2366
5345 6152
4848 3955
2460 1715
6151 5249
2446 1723
4707 6875
4788 4014
1680 2570
4943 6666
1820 2291
4917 6832
4388 4400
1471 3061
5622 6164
1952 2093
5376 6483
4139 4714
2059 2006
6129 5727
2014 2054
5309 6636
4431 4608
2803 1550
4896 7032
1880 2275
4874 7153
4316 4826
2391 1813
5780 6182
1819 2474
5829 6190
5096 4241
2425 1823
6076 5905
2251 1950
5944 6094
4321 4889
2228 1973
5677 6399
2048 2113
5073 7154
4760 4547
1897 2362
4796 7443
1924 2417
4613 7793
5196 4361
2247 2052
5183 7071
2065 2220
4584 8104
4883 4595
2330 2014
5271 7043
2146 2182
5553 6909
4719 4893
2699 1807
5308 7202
1515 3880
5884 6608
5249 4581
2556 1964
5248 7281
2475 2035
5012 7616
4479 5276
1916 2698
5297 7370
2115 2411
5275 7413
5290 4591
2874 1884
6137 6564
2072 2624
5385 7509
5155 4779
3029 1868
6504 6302
2121 2628
4964 8207
5208 4747
2053 2780
5565 7291
2485 2269
4968 8344
5409 4626
2306 2550
6869 6016
2982 1960
6069 6942
5856 4516
1883 3224
6509 6392
2238 2669
5969 7191
4979 5156
2469 2414
6431 6555
2940 2029
5330 8076
4798 5474
1962 3082
6101 7027
2862 2104
5364 8063
8006 3517
2689 2257
5079 8593
2860 2138
4710 9395
5469 4949
2404 2629
5668 7642
2594 2410
6392 6885
5673 4879
2613 2398
6029 7362
3162 2033
5990 7395
5441 5097
3237 2034
5583 8113
2614 2479
5488 8331
6636 4433
2872 2218
6465 7007
2026 3304
6552 7001
6159 4726
2417 2788
6177 7522
2018 3488
6341 7365
4952 5875
2702 2483
6425 7216
2796 2434
6113 7661
4595 6507
2909 2352
6661 6974
3839 1962
6401 7338
6133 5049
3154 2204
6418 7327
3015 2321
6876 6856
5952 5238
2734 2546
6372 7469
3270 2190
6046 7927
6500 4822
3416 2127
5874 8232
3133 2265
5946 8159
5502 5750
3115 2329
5405 9154
2336 3144
6131 8078
6356 5050
2788 2597
6667 7251
2891 2527
6712 7269
4903 6597
2536 2882
6358 7741
3494 2192
6094 8255
6378 5312
2368 3151
6432 7802
2833 2620
6311 8059
5806 5908
2512 2940
6579 7575
3462 2223
6933 7283
6852 5034
2412 3127
6727 7431
2605 2874
6615 7676
6747 5170
2983 2584
7525 6852
3188 2461
6557 7864
5763 6186
3511 2316
7631 6950
3103 2576
6546 8086
6145 6050
3445 2425
6954 7527
2840 2806
7379 7250
6179 6055
2193 4145
5424 9906
2992 2752
6203 9167
7840 4766
3477 2489
6685 8269
2646 3088
6991 7845
6761 5501
3293 2598
7097 7765
2503 3373
6514 8653
5703 6648
2715 3013
6605 8507
2348 3902
7340 7555
7011 5344
2346 3942
6738 8401
3038 2820
6891 8286
7726 4934
2513 3492
7364 7705
3227 2740
8296 7029
7309 5258
3933 2399
6825 8491
3181 2779
6786 8566
6997 5542
2923 2947
7243 7912
2616 3431
6750 8691
6064 6613
3076 2927
6327 9442
2393 4182
8051 7303
5984 6858
3196 2870
6424 9428
2439 4109
6915 8703
6538 6459
3573 2696
6901 8746
2690 3465
7196 8557
8625 4977
2563 3885
7238 8268
4515 2277
6630 9461
6328 6751
3801 2694
6562 9314
3697 2764
6742 9374
7464 5891
3688 2774
8696 7066
3364 2955
6795 9323
8593 5261
2800 3541
7573 8094
3627 2837
7515 8517
8929 5083
3240 3084
8103 7758
2816 3608
7399 8633
7607 5979
3064 3265
7267 8751
3990 2718
8086 8024
6879 6593
3049 3321
7391 8634
3189 3207
7521 8807
6862 6683
3978 2727
7146 9063
3386 3131
7844 8508
7692 6060
3949 2826
7182 9074
4100 2747
7331 9185
6961 6667
3362 3170
8387 7788
3236 3297
7369 9261
7693 6198
3026 3584
8274 8455
2777 4164
8570 8368
6395 7356
3067 3688
7911 9073
4194 2841
8230 8768
7996 6154
3320 3478
7904 9171
3355 3442
8463 8929
6994 7057
3781 3132
7149 9887
4097 2948
7066 9947
8224 6254
3383 3549
7794 9541
3420 3503
7814 9691
6782 7382
3581 3359
8003 9613
3661 3303
8080 9569
8925 5850
4141 2981
7798 9782
3294 3801
8305 9589
8418 6191
3291 3837
9164 8426
3060 4157
8563 9478
8215 6332
3630 3490
7977 9741
3323 3889
8740 9477
7586 6940
3108 4228
9033 9135
3242 4052
9106 9421
7459 7318
5059 2722
8860 9591
4044 3230
8716 9896
9167 6234
3262 4065
2963 4472
8071 7002
3611 3686
3794 3504
8127 7138
2908 4618
3860 3551
6950 8272
3718 3724
4228 3223
8259 7142
3336 4180
3382 4183
8315 7147
4422 3086
3975 3514
8960 6763
3668 3929
4279 3260
8690 6982
3347 4356
4085 3594
8412 7215
4951 3009
3953 3822
7245 8287
4110 3630
5951 2735
7447 8283
3329 4537
4143 3642
8022 7818
3028 5053
3881 4050
8968 7323
3050 5028
3317 4678
8666 7624
3457 4542
4804 3250
7924 8360
3061 5180
4782 3299
9063 7355
3533 4576
4676 3390
8795 7576
2766 6185
4185 3981
8995 7486
3972 4263
4626 3521
8221 8439
3470 4795
3171 5310
7406 9436
3895 4385
4748 3489
9093 7761
4283 4010
3525 4838
8552 8465
3732 4629
4272 4120
8126 9494
3519 4965
4758 3655
8640 9153
3217 5566
3655 4865
9199 8523
2958 6270
4095 4410
9212 8520
5316 3395
3614 4981
9279 8526
3741 4864
4529 3989
9310 8923
3536 5210
3974 4641
9422 8528
4356 4238
5260 3513
9336 8985
3539 5296
5401 3457
9352 9134
3681 5087
3796 4948
9229 9485
5720 3354
5127 3713
9426 9187
4773 3988
3941 4827
3571 5408
5694 3396
4247 4502
4551 4198
3746 5173
4576 4175
5098 3820
4864 4007
5162 3814
3682 5357
6309 3188
3883 5042
5117 3898
3711 5405
4033 4900
4560 4339
4906 4142
5366 3845
5113 4005
5407 3828
3865 5348
4052 5000
3643 5756
4416 4575
5301 3983
5045 4177
3872 5459
3351 6439
4967 4250
5670 3786
4602 4486
3433 6360
3425 6377
3620 6009
4569 4545
4414 4676
6123 3599
5369 4073
5404 4072
4869 4439
5605 4013
5524 4062
4749 4558
4111 5363
5810 3922
4812 4551
5099 4387
3947 5793
4371 4982
3570 6532
5489 4210
4281 5208
3332 7075
4019 5812
5579 4239
4540 4924
4165 5606
4372 5225
4456 5077
4115 5770
4570 4960
3859 6349
4075 5911
5651 4310
4124 5896
6075 4102
5221 4624
4077 6103
4723 5025
4156 5978
4958 4917
4378 5590
5873 4350
4697 5181
6193 4195
4545 5356
5894 4375
6207 4258
6175 4330
4426 5824
5975 4454
7172 3803
6268 4343
4061 6702
6593 4167
6121 4471
7063 3972
6691 4201
3752 7524
5679 4832
4338 6458
4663 5907
4824 5730
6441 4483
5412 5239
5024 5642
4860 5858
5727 4975
4454 6381
6274 4650
5390 5382
6118 4817
5420 5394
6072 4876
4805 6151
5132 5786
8462 3774
6087 4979
5367 5662
4491 6726
4955 6184
4688 6531
5910 5236
5779 5346
5560 5557
6182 5035
6525 4757
8436 3961
5350 5863
5071 6248
4617 6860
4683 6801
5274 6158
7612 4373
6116 5342
6218 5242
5512 6038
5067 6591
5185 6444
5522 6074
4942 6771
6148 5468
6796 4905
6020 5625
4999 6796
6225 5529
4982 6851
5997 5776
5821 5963
4505 7505
6181 5780
4802 7266
6505 5420
7330 4819
5295 6731
7106 4980
6960 5067
7542 4772
6061 6028
6653 5393
6227 5867
4565 7796
4962 7361
8357 4565
4521 8055
6136 6146
5354 6955
5375 6943
6346 5973
6919 5399
6164 6223
7729 4909
8892 4464
6374 6006
6017 6433
5897 6602
7116 5400
5485 7083
5445 7135
6840 5690
6812 5743
6093 6524
5381 7273
8233 4848
6419 6203
6466 6171
6553 6069
4642 8565
7190 5510
6162 6590
6824 5885
7257 5554
5440 7401
5459 7540
7873 5318
7021 5980
7119 5966
6047 7050
6507 6571
7945 5411
6351 6776
7681 5585
8063 5378
6202 6967
6105 7082
8271 5304
8150 5375
5718 7536
5124 8571
6115 7162
8836 5041
7082 6222
7381 6015
7314 6105
8266 5464
5832 7598
6335 7092
6816 6632
6582 6867
7597 6071
7948 5851
6324 7224
8113 5813
8160 5800
5077 9415
7024 6709
6100 7740
5751 8251
6945 6790
6634 7090
8591 5694
5589 8666
6357 7507
8250 5976
6689 7145
6249 7743
7630 6424
6554 7350
5599 8878
7867 6333
6176 7952
6768 7172
8708 5830
6067 8266
5839 8694
6519 7606
7928 6437
7959 6462
8959 5839
8332 6255
5578 9362
6649 7618
9230 5688
9208 5719
6550 7798
7910 6629
5813 9150
6191 8564
5504 9662
6544 7940
7299 7181
6265 8600
6508 8152
6927 7565
7169 7363
8125 6741
8066 6843
7450 7282
8144 6876
8705 6527
8268 6839
8316 6818
6729 8259
7711 7227
6294 9094
8684 6633
6642 8481
7973 7131
6512 8833
7213 7769
8592 6795
8636 6762
6967 8177
6141 9601
8514 6965
7150 8107
7218 7994
8953 6710
6939 8434
7839 7480
6305 9546
7311 7998
8073 7406
7253 8235
8901 6898
7572 7904
6957 8716
7760 7807
6855 8997
7965 7668
9027 6957
6756 9271
8393 7425
8644 7375
7488 8449
8044 7870
7636 8327
7580 8431
9112 7141
8105 7944
8992 7252
8040 8006
7567 8818
8782 7648
7743 8733
7804 8700
8397 8191
8945 7750
6832 9883
8920 7779
7255 9571
8811 7962
8069 9010
8351 8697
8168 8992
8543 8584
7986 9194
6872 9934
8896 8197
8890 8354
8916 8396
7980 9406
7860 9626
8648 8872
8141 9450
8095 9498
9018 8554
8190 9451
9293 8223
8544 9251
8545 9303
9440 7878
7984 9798
9339 8389
7618 9931
9259 8702
9048 9078
8933 9289
9115 9335
8986 9515
9243 9288
8460 9927
9319 9437
9416 9208
9305 9604
9479 8705
858943217 1664374466
1
sift 649
627 564
45 49
91 76
2159 1829
208 125
215 147
2502 2713
173 203
179 226
3081 2549
288 165
286 236
2602 3137
297 246
256 282
3547 3603
345 215
323 247
4518 4682
305 289
350 332
5909 4732
492 240
327 405
5890 4911
459 272
397 349
5507 5400
495 291
435 325
6008 5133
401 381
390 399
6787 4739
466 360
408 454
6809 6545
419 432
490 403
7474 6828
613 337
572 386
7808 7314
518 472
566 447
8907 6824
539 514
591 494
622 540
605 602
649 597
696 555
761 531
584 744
845 520
768 576
787 575
771 591
724 630
666 713
754 640
803 614
645 785
704 732
800 666
829 625
612 888
658 850
730 763
676 844
812 696
675 859
685 849
994 588
1072 611
783 853
934 726
979 699
958 747
973 759
905 820
1109 709
851 910
1023 841
1142 804
1004 906
873 1047
928 1065
899 1213
1118 965
1006 1200
1011 1206
1137 1112
1318 957
1190 1090
1151 1133
1364 949
1584 862
930 1475
1268 1067
1188 1155
1242 1176
1281 1142
1153 1258
1495 1014
1418 1059
1486 1034
1704 929
1128 1324
1125 1341
1067 1523
1788 955
1586 1088
1273 1307
1320 1270
1425 1203
1342 1319
1635 1162
1200 1564
1708 1139
1261 1495
1528 1287
1302 1554
1215 1782
1748 1247
2308 1022
1977 1140
1833 1219
1431 1550
1471 1492
1648 1359
1516 1519
1568 1531
1524 1591
1895 1281
1743 1378
1847 1311
1628 1518
1321 1919
1700 1533
1662 1587
1639 1651
1488 1796
1503 1807
1778 1540
1988 1344
1784 1635
2295 1295
1680 1745
1530 2083
1903 1669
2091 1529
2098 1537
1587 2058
1831 1842
1888 1801
1875 1826
2134 1663
2075 1711
1852 1920
1804 2023
2029 1778
1865 1932
2119 1755
2243 1726
2062 1831
2117 1805
1770 2280
1962 1911
1855 2172
2265 1773
1727 2507
1883 2283
1974 2113
1997 2230
1995 2256
2346 1908
2400 1885
2018 2316
2612 1771
2036 2302
2353 1967
2579 1840
2055 2364
2292 2180
2800 1808
2318 2199
1861 2936
2165 2475
2321 2337
2629 1979
2435 2235
2632 2074
2492 2234
2439 2322
1968 2916
2486 2328
2398 2421
2513 2310
2822 2000
2193 2711
2758 2116
2092 2911
2229 2716
3262 1874
2121 2914
2037 3096
4153 1708
2223 2918
2072 3239
3163 2034
2250 2912
2052 3325
2312 2850
2852 2271
2705 2384
2563 2515
1949 3651
3525 2004
2697 2517
3061 2312
2604 2659
2660 2633
2974 2402
2472 2925
2322 3237
2826 2506
3521 2118
2633 2724
2422 3159
3987 1992
2757 2652
3316 2333
3495 2221
3755 2124
2393 3298
2465 3226
2267 3684
2430 3356
2756 2827
2503 3363
2932 2703
3758 2332
2490 3442
2777 2915
2508 3420
3812 2326
2942 2767
2549 3413
2908 2831
2745 3119
3218 2675
3514 2528
3501 2540
2423 3874
3784 2492
3171 2931
2630 3698
3336 2846
2666 3675
2963 3245
3683 2695
2827 3492
3259 3023
2698 3783
3596 2806
3011 3349
3041 3332
3294 3140
2962 3578
2893 3665
3463 3074
3603 3014
3085 3481
3348 3233
3455 3169
3660 3017
3726 2971
3650 3028
3417 3251
3676 3064
3433 3297
3160 3638
4137 2817
3050 3799
4426 2657
3711 3208
3941 3051
4024 2991
3168 3846
3589 3475
3360 3703
3890 3236
3021 4060
4235 2945
4681 2685
3400 3734
3257 3896
3515 3620
3744 3454
3850 3360
4128 3106
3470 3693
3028 4114
3817 3408
5085 2621
3396 3829
3778 3497
3628 3659
4036 3399
4502 2977
4287 3170
3409 3976
3570 3889
4115 3393
3656 3826
3571 3915
4037 3502
3682 3845
2766 5163
4077 3552
4054 3585
4146 3516
3710 3962
4135 3588
3039 4794
5438 2820
3465 4179
3961 3818
4214 3576
3818 3938
4061 3728
4296 3508
4943 3117
5496 2866
3572 4211
4424 3452
3631 4160
5248 3009
4290 3616
4384 3553
4876 3295
3643 4324
4280 3800
3539 4495
4133 3950
5297 3186
3066 5436
4236 3910
4497 3650
5466 3133
4158 3991
4055 4121
4581 3709
4762 3610
5140 3407
3721 4533
3503 4850
4695 3702
4351 3956
4896 3597
3432 5067
3859 4461
5083 3543
4306 4061
3872 4550
3620 4925
3998 4450
5095 3633
4165 4303
5354 3529
5375 3542
4113 4423
6026 3317
3898 4886
5813 3450
4683 4048
3491 5648
3823 5116
4008 4827
5618 3596
4292 4415
4805 4028
3843 5190
4873 4026
5479 3739
3972 5036
5463 3764
5319 3854
5265 3931
3776 5539
3803 5513
4179 4821
3918 5370
4583 4354
4923 4132
5667 3832
4505 4485
6112 3632
4520 4474
4608 4436
4156 5114
5079 4168
6090 3711
6202 3664
5533 3972
3663 6075
4491 4604
4343 4908
5762 3911
4329 4965
3796 5979
5091 4301
3864 5975
5791 3979
3956 5871
4278 5295
5273 4297
4124 5677
5230 4363
5530 4199
4647 4904
5526 4228
5118 4501
4219 5711
6266 3951
5936 4101
5915 4266
3973 6515
4338 5904
5280 4819
5070 5034
5804 4444
4477 5751
4926 5361
5032 5245
5274 4999
5621 4696
4023 6865
5622 4791
5146 5270
3752 7753
4920 5567
8441 3571
5065 5498
6253 4440
4829 5750
6386 4416
6039 4709
6297 4519
5855 4888
4930 5854
5532 5291
6681 4362
5129 5744
4705 6209
6068 4914
5608 5373
4434 6639
6459 4599
6260 4796
5026 6015
7267 4222
5458 5640
6155 5032
5067 6083
6446 4795
5433 5775
6628 4717
5709 5606
6694 4670
6515 4858
5591 5755
6242 5196
6508 4932
4403 7333
6411 5074
5629 5824
6414 5123
6503 5025
6332 5266
6388 5209
7383 4498
5712 5949
5504 6130
6844 4928
7333 4619
7393 4616
5738 6119
6738 5211
5914 5997
5552 6299
6471 5522
5395 6557
6460 5592
7134 4997
6570 5514
6144 5931
7149 5026
4642 7857
6512 5596
6802 5403
6818 5394
7980 4610
5827 6286
7358 4994
6817 5452
5718 6437
5514 6711
6176 6097
8361 4558
4950 7716
5646 6707
7216 5351
7374 5369
6906 5709
6725 5860
8307 4856
6467 6150
5919 6743
6984 5733
8310 4924
6191 6517
5519 7397
5714 7262
8515 4947
6294 6556
5018 8501
5999 6982
7153 5842
9127 4668
7847 5482
8732 4969
8145 5367
5372 8186
7986 5535
5926 7525
6408 6791
6138 7213
8358 5391
8190 5507
7667 5794
8047 5591
6011 7470
6756 6470
8820 5236
7957 5753
7075 6287
8484 5504
7203 6227
8213 5655
6964 6409
7201 6255
6847 6580
5839 8106
9038 5321
9004 5415
5991 8097
6330 7586
5747 8542
7311 6466
7826 6181
6598 7304
8488 5829
9249 5377
6642 7367
6398 7945
7167 6878
7321 6850
7601 6599
6671 7660
7059 7165
7105 7129
7625 6604
7039 7209
6841 7473
6773 7578
7522 6751
8125 6334
8201 6276
7357 6946
7703 6648
9006 5945
7594 6847
9146 5889
8095 6484
7786 6723
6487 8345
6815 7924
8542 6329
8015 6691
7060 7662
8232 6567
8353 6528
8255 6589
8101 6823
7979 6953
7373 7548
8420 6660
8826 6392
7999 7086
9033 6297
8193 6913
9253 6184
7110 8064
8887 6456
8276 6960
7780 7377
9075 6376
8553 6822
8601 6792
7958 7370
6760 8738
7094 8440
9244 6403
7830 7797
7862 7769
7500 8174
9267 6499
7971 7754
7078 8673
8841 7002
8007 7775
7617 8219
7223 8617
8761 7256
8172 7963
8950 7287
8768 7532
8447 7854
8520 7789
7926 8410
8763 7652
8683 7745
8554 7902
8693 7758
8711 8036
8326 8565
8459 8511
8180 8718
8854 8225
9329 7795
8482 8700
8695 8575
9124 8178
9346 8040
8881 8636
9200 8600
8701 8820
