1078340171 1139800839
1
sift 59
109 117
199 195
421 340
397 363
470 474
568 472
563 565
590 561
622 675
639 689
565 841
855 924
747 1451
997 1051
1214 1105
1095 1266
1127 1400
1213 1564
1366 1461
1435 1452
1362 1558
1620 1526
1752 1672
1653 1823
1713 1877
1763 1867
1777 1900
2012 1863
1687 2382
1897 2112
1818 2361
2256 1924
2015 2142
2090 2172
2173 2283
1855 2657
2318 2241
2494 2223
2528 2257
2568 2295
2552 2401
2402 2637
2525 2519
2462 2612
2798 2495
2482 2813
2961 2525
2245 3272
2438 3018
3192 2855
3513 2691
3000 3149
3218 3115
3246 3168
3362 3087
3672 3359
3692 3318
3654 3582
3681 3727
1078340171 1162772251
1
sift 234
41 36
36 26
287 323
109 94
39 38
67 45
61 39
388 480
488 396
68 60
88 73
190 186
579 604
535 559
180 233
315 348
215 251
925 812
563 705
258 255
521 386
285 291
890 1095
622 673
279 310
528 606
290 315
921 1137
918 872
281 342
533 607
365 263
1971 1996
928 890
318 421
536 617
404 444
2012 2204
1088 1205
421 477
597 802
470 437
2156 2080
1213 1312
434 489
751 658
440 544
2055 2316
1561 1674
424 568
589 838
476 540
2251 2161
1717 1671
482 545
739 816
489 571
2372 2468
1763 1771
529 572
729 852
549 563
2565 2901
1752 1967
590 562
798 880
520 639
2549 3344
1818 2075
744 664
954 769
871 602
3513 2845
2110 1920
698 763
948 999
845 795
3654 3248
1848 2314
815 853
916 1080
852 830
2173 2097
811 1043
849 1192
854 1019
2015 2277
913 985
927 1104
997 1013
2342 2250
882 1199
1089 1150
1064 1022
2256 2427
912 1272
1235 1394
1002 1202
2525 2386
1150 1088
1380 1524
1136 1147
2494 2611
1015 1276
1409 1629
1104 1213
2528 2769
1096 1235
1404 1728
1099 1297
3246 3136
1214 1363
1480 1698
1245 1370
3134 3372
960 1907
1424 2065
1127 1593
3000 3583
1315 1381
1933 1580
1435 1270
3302 3615
1177 1704
2031 2067
1289 1575
3705 3145
1362 1477
1903 2293
1222 1721
1330 1595
1733 2552
1377 1636
1408 1700
1863 2433
1620 1462
1420 1710
2461 1878
1375 1799
1503 1737
2483 1927
1705 1555
1453 1846
2208 2475
1473 1862
1548 1773
2132 2669
1639 1750
1552 1822
2495 2718
1469 1943
1318 2294
2290 3250
1592 1844
1543 1891
3094 2705
1831 1684
1609 1989
2815 2798
1797 1854
1713 1938
2566 3233
1668 2044
1641 2108
2708 3167
1513 2516
1751 2248
3137 3495
2006 1974
2090 1934
3502 3191
2057 1959
1711 2383
3039 3762
1934 2123
1688 2469
3640 3295
2067 2102
1952 2271
3497 3741
1865 2486
1984 2375
3578 3667
2020 2504
2014 2514
2166 2367
2589 1991
2061 2573
2117 2524
2128 2528
2158 2526
2163 2629
2250 2627
2199 2747
2462 2511
2440 2551
2540 2550
2446 2714
2552 2605
2568 2597
2215 3043
2541 2683
2245 3092
2505 2782
2656 2723
2678 2749
2682 2762
2406 3296
2253 3602
2189 3817
2773 3011
2722 3195
2604 3387
2620 3397
2659 3385
2723 3308
2663 3451
3637 2743
3402 2928
2987 3255
3179 3141
3050 3249
2942 3504
3084 3447
2699 3742
3367 3247
2952 3697
3695 3097
2961 3926
3499 3527
3362 3704
3618 3695
3389 3988
3700 4038
1078340171 1196896543
1
sift 61
91 101
109 118
287 269
397 368
421 351
388 387
470 488
590 534
563 605
639 653
565 835
855 809
918 866
997 1047
1088 1072
1214 1076
1127 1350
1261 1489
1366 1360
1435 1439
1412 1478
1620 1502
1713 1764
1653 1876
1763 1875
1818 2052
2012 1880
2457 1659
1687 2341
1604 2612
2015 2075
1897 2217
2256 1901
2090 2197
2173 2152
2342 1989
2318 2086
1855 2903
2552 2307
2568 2301
2462 2424
2402 2572
2494 2470
2565 2439
2961 2232
2528 2494
2525 2565
2482 2775
2245 3175
3000 2947
3513 2668
3179 2971
3218 2973
3246 2983
3348 3158
3298 3312
3362 3247
3654 3200
3473 3640
3681 3454
3692 3764
1078340171 1256872597
1
sift 530
120 121
39 25
43 48
168 134
74 55
41 28
263 233
68 50
61 39
226 236
109 82
86 62
399 388
88 67
76 72
496 487
211 157
118 73
844 806
179 186
104 77
609 555
287 296
123 80
866 934
213 211
124 90
1740 1837
388 433
143 100
1254 922
289 342
139 108
2154 2738
469 422
107 163
1119 1192
315 326
148 124
2661 2594
579 526
149 131
1287 1386
340 328
157 151
3268 2769
639 664
178 169
1360 1327
376 368
180 168
2995 3168
918 884
199 162
1515 1184
422 362
190 172
2735 3493
921 900
202 176
1296 1435
464 444
198 209
3294 3061
1872 1349
240 187
1529 1707
512 478
215 242
3413 2982
1788 1871
236 195
2034 1527
528 540
233 201
3154 3268
1971 1773
232 207
2260 1759
533 537
216 252
3463 3336
2012 2029
235 265
1819 2622
521 556
258 251
2110 2178
279 272
1978 2660
536 542
285 267
2139 2270
292 260
2753 2688
589 656
290 264
2156 2375
259 317
2848 3078
739 674
281 292
2173 2608
266 319
3042 3095
714 710
297 310
2565 2197
311 320
3295 3312
751 678
355 309
2251 2726
318 354
3562 3459
729 738
386 306
2489 2922
397 349
3644 3463
752 720
382 358
3654 2509
415 352
3715 3748
768 715
453 355
3298 3266
441 369
775 728
424 436
3513 3211
445 428
745 786
421 452
434 463
731 834
473 447
488 455
754 831
476 476
482 479
849 875
489 483
420 548
851 879
456 515
470 519
947 898
520 488
529 484
916 974
590 453
535 505
1035 986
558 504
584 508
1031 1110
598 501
519 557
1117 1069
568 533
565 584
1131 1087
622 546
612 561
1273 1051
571 594
563 624
1180 1180
603 603
641 589
1145 1218
808 545
680 639
1235 1264
744 606
698 641
1324 1338
695 676
809 611
1424 1319
780 668
760 725
1598 1263
821 688
662 861
1474 1499
741 757
799 748
1410 1863
824 731
787 762
1581 1674
842 727
870 754
1782 1659
852 801
820 837
1606 1820
847 819
800 862
1733 1839
854 857
1048 698
1725 1868
979 769
811 951
1903 1742
913 840
912 906
1994 1814
1026 826
928 923
2464 1792
959 911
953 926
1963 2276
1054 848
997 925
2132 2141
966 1012
1018 958
2031 2304
1002 1004
1015 1017
2201 2157
1037 1013
1206 910
2182 2303
1065 1073
1096 1059
2119 2358
1202 1003
1067 1146
2076 2448
1241 1028
1088 1170
2461 2136
1136 1111
1004 1322
2483 2123
1144 1141
1127 1171
2407 2241
1104 1246
1150 1194
2208 2520
1177 1186
902 1717
2290 2797
1245 1137
1258 1125
3094 2283
1427 1018
1277 1138
2495 2802
1251 1207
1214 1262
2328 3291
1423 1068
1232 1255
2488 3177
1256 1237
1209 1308
2708 2955
1255 1283
1393 1156
3459 2629
1442 1153
1303 1294
3146 2883
1311 1289
1330 1276
3239 2863
1158 1561
1213 1538
2880 3159
1362 1397
1372 1389
3039 3248
1375 1427
1293 1549
3043 3378
1358 1462
1435 1417
3303 3170
1420 1432
1722 1165
3396 3068
1425 1431
1469 1426
2815 3556
1809 1169
1600 1302
3325 3396
1366 1567
1473 1480
3282 3479
1418 1570
2026 1108
3578 3193
1503 1458
1453 1534
3471 3373
1485 1539
1537 1478
3640 3303
1408 1644
1761 1368
3311 3770
1542 1571
1339 1856
3677 3377
1548 1617
1668 1529
3555 3599
1499 1706
1513 1700
3659 3617
1737 1562
1656 1625
3607 3833
1735 1574
1498 1810
3723 3615
1831 1525
1837 1524
3702 3829
1850 1520
1713 1631
3711 3863
1772 1590
1561 1767
1599 1728
1546 1802
1710 1652
1592 1775
1620 1747
1318 2354
1687 1721
1708 1722
1641 1822
1777 1698
1764 1713
1679 1855
1717 1836
1751 1819
1604 2010
1752 1858
1950 1670
2057 1627
2501 1402
1707 1936
1649 2024
1763 1897
1724 1991
1943 1798
1844 1959
1802 2026
1810 2053
2408 1591
1858 1994
1767 2139
1855 2077
2014 1909
1865 2106
2261 1756
2166 1833
2398 1675
1797 2262
1818 2223
2039 1958
1934 2096
2078 1946
1984 2068
2195 1899
2318 1818
2000 2104
2082 2025
1848 2335
1952 2169
2389 1834
2129 2088
2170 2072
2150 2108
2015 2266
2153 2126
2006 2302
2090 2218
2117 2187
2247 2079
2103 2254
2209 2146
2256 2121
2233 2147
2188 2211
2049 2353
2171 2251
2382 2033
1816 2696
2446 1973
2216 2238
2163 2328
2250 2301
2158 2417
2061 2569
2361 2331
2312 2426
1897 2895
2176 2576
2331 2411
2342 2415
2377 2392
2234 2555
2402 2376
3226 1892
2215 2616
2199 2657
2108 2763
2438 2396
2424 2432
1873 3219
2200 2720
2540 2368
2678 2285
2253 2732
2462 2494
2525 2423
2277 2747
2223 2830
2568 2420
2553 2451
2533 2498
2378 2713
2541 2515
3248 2114
2552 2526
2656 2435
1990 3387
2528 2596
2270 2994
2534 2646
2589 2598
2463 2744
3196 2315
2245 3152
2765 2548
2494 2803
2538 2761
2530 2811
2682 2678
2207 3406
2745 2632
2654 2733
2849 2599
3027 2552
2772 2728
2203 3629
2548 2984
2457 3165
2271 3566
3049 2672
3593 2363
2723 2868
3138 2691
2722 2918
3391 2561
2505 3267
2961 2833
2798 2951
2738 3070
2841 3033
3655 2533
2821 3102
3192 2885
2987 3029
3241 2869
3569 2653
2845 3166
3377 2806
3330 2843
2834 3179
2595 3510
3240 3025
3448 2844
2941 3243
2942 3251
2628 3574
3507 2813
3050 3202
2739 3440
3167 3145
3367 3022
2786 3486
3218 3190
3134 3259
2952 3392
3220 3204
3179 3246
3402 3032
3064 3358
3477 3008
3362 3129
3344 3256
3141 3472
3522 3122
3000 3631
3257 3443
3246 3466
3554 3110
3230 3494
3084 3632
2773 3837
3673 3279
3412 3699
3680 3320
3190 3834
3534 3639
3705 3271
3665 3496
3618 3579
3661 3550
3365 3828
3559 3732
3343 3857
3692 3591
3713 3401
3646 3729
3700 3725
1078340171 1308641291
1
sift 62
252 242
281 309
268 273
285 263
365 347
290 324
434 482
424 596
404 540
440 529
1096 1464
476 573
482 577
1408 1660
571 719
698 783
1592 1977
834 886
878 910
1865 2377
825 1089
955 992
913 1044
883 1146
1002 1291
1288 1209
1250 1383
1473 1267
1363 1410
1289 1522
1381 1460
1548 1301
1420 1559
1459 1564
1469 1638
1375 1766
1453 1744
1831 1411
1503 1860
1599 1939
1834 1854
1625 2148
2067 1970
2057 1975
1710 2438
2571 1831
1997 2288
2166 2267
2175 2343
2540 2216
2118 2861
2250 2791
2323 2995
2541 2723
2656 3005
2782 3135
2834 3151
3402 3264
2952 3707
3344 3496
3564 3681
3474 3915
1078340171 1339724796
1
sift 59
2549 2787
91 103
199 186
287 332
397 376
470 500
469 511
590 540
563 631
639 633
622 689
565 873
918 758
855 854
890 992
958 1010
997 1076
1088 1093
1127 1433
1366 1448
1435 1396
1620 1528
1752 1612
1855 1593
1713 1813
1763 1798
1818 2145
1687 2327
2457 1753
1897 2240
2342 1869
2015 2192
2090 2162
1952 2434
2318 2237
2173 2423
2372 2255
2568 2295
2565 2360
2462 2491
2528 2565
2525 2577
2245 2975
2798 2446
2402 2905
2482 2794
2494 2973
2961 2663
3192 2700
3246 2771
3179 2937
3218 3265
3298 3250
3348 3308
3000 3539
3362 3443
3680 3435
3672 3644
3695 3741
1078340171 1431199262
1
sift 177
39 41
129 106
528 535
279 304
164 125
597 579
169 152
590 673
488 323
182 195
589 681
284 167
680 747
565 440
236 206
731 785
275 234
800 846
563 682
252 266
954 923
285 270
927 1150
1088 1419
366 210
1409 1311
281 294
1318 1141
1150 1569
290 289
1145 1701
299 288
1404 1427
1127 1748
310 453
1424 2275
427 347
1359 1500
1620 1409
408 424
2031 2270
404 441
1934 1696
1561 1568
402 454
1863 2496
434 466
2461 2193
1604 1566
377 543
2495 3697
440 501
2199 2900
1717 1727
424 532
3497 3234
476 528
2519 3024
1763 2078
482 530
3471 3373
489 556
3362 3827
1848 2478
529 572
557 590
3618 3708
1897 2720
640 557
599 699
2015 2711
698 774
715 756
2342 2571
852 737
845 825
2494 2581
834 901
878 907
2462 2791
811 1076
955 913
2525 2860
894 1023
913 1005
2528 3311
883 1064
877 1142
2402 3837
920 1104
953 1084
3000 3538
1064 986
912 1196
3246 3807
1015 1129
1002 1162
880 1681
1288 1080
1096 1368
1091 1389
1032 1628
1266 1273
1308 1263
1245 1382
1416 1307
1333 1450
1381 1378
1289 1524
1363 1444
1473 1328
1459 1618
1420 1689
1375 1728
1377 1766
1453 1723
1548 1707
1503 1779
1599 1856
1834 1755
1609 1955
2070 1639
1753 1825
1665 1916
1625 1951
1831 1810
1592 2085
1543 2244
1944 1859
1751 2132
2067 1858
2006 2043
1925 2190
2176 1980
2011 2136
1710 2577
2078 2095
2057 2162
1984 2273
1865 2485
1789 2666
2020 2405
1833 2702
2296 2148
2166 2340
2128 2585
2540 2181
2250 2680
2117 2877
2061 2994
2323 2934
2215 3111
2571 2745
2541 2798
2295 3141
1990 3949
3477 2364
2869 2852
2715 2964
2659 3133
3301 2858
3402 2797
2782 3174
2656 3478
2821 3233
2600 3613
2935 3334
3051 3305
2718 3726
2699 3775
2841 3672
3394 3283
2952 3847
2834 4059
3594 3408
3637 3395
3344 3965
1078340171 1472528885
1
sift 377
49 44
54 58
93 97
50 54
87 109
123 136
98 95
164 170
129 140
217 211
197 187
185 218
215 197
203 228
241 230
220 247
236 241
364 307
270 275
252 284
285 271
362 339
310 314
281 286
290 302
405 378
382 325
299 297
327 308
375 536
373 423
337 362
408 319
480 526
451 393
420 320
392 380
619 434
411 425
385 405
500 354
465 587
443 464
424 416
434 426
603 623
462 569
440 441
519 395
602 680
620 562
458 462
453 490
704 611
560 619
476 471
482 486
646 720
722 521
489 515
529 539
644 886
640 618
570 512
571 529
693 1037
662 672
554 558
562 561
980 948
917 750
599 594
669 603
1045 974
870 824
682 625
715 678
1018 1055
953 898
698 702
799 639
1402 947
811 1194
748 692
706 728
1269 1196
1126 953
806 727
769 766
1331 1442
972 1216
824 744
852 725
1534 1547
1015 1136
834 767
952 685
1578 1661
1240 949
845 773
884 739
1730 1624
1055 1124
793 888
878 800
1846 1617
1067 1205
880 794
902 808
1790 1753
1242 1131
939 776
894 897
1847 1768
1209 1167
913 903
826 1040
1854 1771
1264 1157
955 882
920 915
1735 2045
1261 1229
1000 840
883 995
1853 2118
1294 1212
912 958
966 926
2114 1891
1303 1240
1172 778
1013 912
2384 2068
1418 1225
1002 966
1168 965
2471 2040
1504 1145
1136 1014
1134 1059
2293 2258
1312 1389
1099 1106
1094 1135
2197 2524
1512 1309
1174 1084
1185 1090
3248 1956
1499 1405
1151 1109
1260 1041
2430 2351
1595 1364
1189 1102
1096 1210
2216 2931
1652 1368
1137 1190
1085 1262
2444 2730
1339 2071
1408 1005
1097 1328
2605 2537
1543 1759
1253 1192
1266 1189
2393 2979
1762 1587
1446 1029
1291 1178
2709 2462
1964 1490
1308 1173
1350 1159
2985 2388
1943 1513
1288 1248
1245 1310
2737 2867
1987 1636
1336 1247
1449 1149
2601 3202
1833 1905
1270 1324
1450 1263
3066 2927
1803 2102
1737 1079
1416 1319
3053 3296
1873 2227
1393 1349
1387 1362
2845 3605
1984 2152
1286 1522
1375 1423
2876 3628
2036 2130
1316 1510
1420 1424
3343 3631
2163 2020
1469 1404
1383 1479
3634 3483
2207 2078
1496 1396
1503 1392
2498 1899
1548 1378
1459 1473
2236 2167
1423 1557
1453 1516
2463 1965
1960 1193
1673 1344
2312 2122
1643 1387
1278 1913
2039 2365
1541 1472
1546 1560
2006 2410
1786 1415
1678 1537
2364 2218
1625 1572
1513 1743
2351 2232
1448 1888
1592 1670
2678 1996
1583 1703
1779 1585
2446 2211
1704 1701
1689 1722
2000 3115
1837 1576
1675 1779
2270 2615
1966 1512
1831 1653
2420 2371
1751 1744
1683 1876
2215 2753
1560 2067
1834 1747
2223 2776
1990 1605
1677 1985
2181 3158
1985 1637
1857 1829
2739 2250
1909 1772
1958 1729
2222 3215
1881 1831
2607 1374
2659 2434
1781 1978
1944 1797
2447 2849
1711 2075
1982 1802
2997 2305
2067 1741
2130 1692
2811 2366
1641 2221
1997 1864
2869 2372
1950 1919
1828 2057
2724 2676
2069 1843
2124 1830
3352 2311
1972 1957
1915 2010
2723 2928
2100 1893
2421 1630
3190 2575
2014 1987
1969 2047
2942 2761
2118 1934
2074 1999
2663 3299
2198 1914
2020 2074
2684 3373
2921 1503
2338 1868
3220 2891
1968 2177
2028 2142
2821 3306
2239 1979
2174 2034
3257 2964
2092 2129
2229 2039
3304 2913
2492 1798
1941 2274
3107 3240
2166 2125
2296 2066
2725 3538
2306 2085
2078 2267
3195 3212
2057 2354
2268 2205
3620 3565
2175 2295
2253 2248
2405 2156
2465 2088
2255 2294
2048 2584
2295 2313
2642 2096
2600 2139
2355 2334
2416 2300
2040 3159
2103 2990
2534 2331
2700 2228
2561 2350
3323 2065
2665 2364
3290 2147
3111 2226
2345 3073
2553 2694
2476 2876
2669 2576
2608 2839
2541 2966
2745 2656
2521 3116
2656 2872
2710 2824
2823 2725
2639 3122
2654 3160
3022 2716
2782 3026
3086 2755
3002 2862
2955 3061
3155 2879
2849 3326
3480 2645
3346 2936
2834 3525
3522 2814
3411 3354
3197 3534
3344 3430
2987 3612
3454 3398
3633 3080
3530 3459
3713 2850
1078340171 1584042216
1
sift 1032
147 132
39 48
13 11
160 149
68 62
16 14
168 146
67 61
15 19
213 220
74 63
33 50
201 154
88 75
51 47
226 229
149 138
45 52
256 243
118 88
53 51
263 249
179 193
62 42
354 350
127 112
43 55
306 319
211 224
61 58
399 376
289 332
92 57
307 409
287 292
79 66
728 659
315 327
86 74
422 368
303 372
89 72
742 675
340 324
76 84
438 468
376 353
93 78
844 772
390 398
100 76
496 511
542 320
75 113
843 781
464 447
99 93
609 512
388 472
104 89
924 834
475 465
124 103
629 658
469 453
123 105
893 881
505 527
129 118
714 661
533 519
139 120
866 955
536 516
142 131
775 616
521 550
148 129
1057 983
528 537
143 137
943 854
579 556
130 175
1254 997
597 611
164 134
1035 986
739 693
157 163
1163 1245
589 628
180 160
1138 1140
751 688
206 147
1119 1312
729 647
178 179
1237 1077
761 715
183 185
1319 1104
745 738
199 178
1317 1146
754 807
190 187
1287 1350
752 760
189 194
1344 1335
835 762
175 211
1328 1433
731 855
202 195
1324 1380
916 764
205 196
1360 1381
851 867
196 203
1433 1442
860 858
197 212
1525 1468
881 870
210 204
1273 1834
906 886
228 182
1515 1514
921 892
216 208
1474 1683
925 921
221 210
1749 1487
927 883
215 226
1581 1597
947 918
222 231
1610 1699
948 941
233 218
1787 1469
858 1319
257 205
1721 1728
1089 1061
232 230
2243 1452
1007 1042
243 233
1663 1909
1169 1007
235 239
1740 1798
1131 1101
240 235
1617 1980
1117 1066
236 237
1685 1923
1315 998
242 252
2206 1560
1145 1228
241 264
1819 1859
1263 1076
258 255
2034 1805
1235 1166
253 283
1994 1719
1262 1110
275 261
1936 2063
1417 1129
282 257
2304 1975
1424 1193
267 282
2154 2339
1380 1224
284 266
2397 2231
1095 1587
279 279
2353 2392
1338 1314
266 299
2354 2456
1472 1448
247 311
2742 2174
1452 1347
290 269
1993 3065
1598 1441
281 297
2587 2646
1559 1559
280 302
2660 2587
1764 1573
292 285
2469 2833
1410 1746
288 287
2658 2731
1733 1846
299 294
2735 2683
1396 2018
297 305
2805 2631
1863 1818
295 309
2848 2610
1606 1711
380 251
2436 3192
1706 2195
311 308
2753 2780
1597 1760
408 258
3153 2556
1872 2000
294 354
3042 3264
1992 1481
318 335
3268 2720
2031 1936
327 349
2851 3567
1782 1786
310 363
2852 3435
1971 2024
355 336
3295 3315
1882 1745
373 339
3294 3319
1963 2046
403 322
3445 3153
1903 1866
442 312
3548 3282
2098 1911
312 440
3030 3782
1800 2083
417 330
3459 3481
2145 1995
357 383
3644 3352
2332 1635
397 359
3699 3365
2055 2107
365 390
3562 3599
2246 1769
452 325
3647 3727
2012 2197
382 381
3553 3763
2139 2136
392 392
1933 2397
372 417
2182 2177
386 405
2156 2295
391 402
1967 2383
394 413
2196 2293
415 396
2219 2173
411 434
2210 2285
453 395
2127 2296
424 425
2119 2434
441 412
2076 2420
460 401
2512 2086
379 494
2201 2327
440 429
2208 2499
434 435
1732 3098
420 469
2475 2253
413 477
2324 2370
445 446
2251 2568
470 426
2464 2297
432 471
2552 2413
425 486
2132 2654
377 525
2254 2953
471 444
2274 2604
443 476
2565 2514
448 478
2532 2390
473 451
2171 3349
421 503
2483 2475
466 463
2568 2608
494 438
2328 2686
462 482
2407 2891
488 473
2651 2465
480 481
3355 2260
482 480
2488 2652
476 484
2549 2701
489 479
2627 2581
550 454
2879 2493
595 432
2566 2746
590 452
3094 2441
558 500
2708 2733
549 505
2595 2954
535 522
3239 2699
545 513
2818 2992
543 520
3413 2676
456 624
2695 3233
540 553
2734 3311
588 515
3027 2929
654 492
3039 3186
644 501
3298 2959
572 536
3396 2885
568 549
3179 3177
570 563
3341 2948
598 540
3146 3361
561 575
3555 2781
565 571
3154 3360
519 621
3326 3079
562 577
3303 3206
634 523
3659 2827
581 568
3448 3009
563 585
3237 3440
612 557
2554 3803
571 583
3640 3122
660 521
3513 3240
599 574
3597 3382
492 692
3654 3469
622 567
3578 3472
604 582
493 702
3282 3749
587 610
623 603
3497 3588
584 635
611 617
3607 3732
603 633
640 613
3674 3716
641 625
666 609
3711 3565
516 812
574 704
3702 3784
709 600
829 544
710 608
639 679
706 637
698 648
665 682
694 666
680 677
662 691
808 604
687 680
653 716
715 669
857 593
704 678
809 620
627 803
656 765
780 670
720 706
718 717
679 783
688 767
760 700
767 701
721 787
733 779
787 744
824 728
799 752
766 818
827 756
831 754
796 794
678 981
819 785
847 763
792 831
800 822
870 741
854 774
845 782
949 689
795 869
834 835
852 815
842 828
1160 640
727 1000
823 895
883 825
862 878
877 868
952 802
793 989
913 848
811 984
890 888
878 905
848 947
920 859
907 897
880 930
979 840
869 980
939 904
928 924
953 920
997 891
1347 686
959 932
966 936
1014 889
958 979
1028 903
1036 898
1050 894
1064 882
934 1022
1026 927
918 1050
1049 916
1018 949
996 991
902 1113
1083 919
1048 946
1042 956
1002 1019
956 1091
1032 1036
1187 948
1114 995
817 1609
1067 1078
1110 1056
1065 1096
1096 1069
1004 1197
1088 1116
1250 1002
1144 1073
1099 1126
1150 1085
1136 1103
1080 1199
1206 1080
1104 1178
1086 1214
1395 969
1127 1198
1200 1134
1161 1157
1109 1244
1113 1261
1126 1236
1241 1117
1132 1256
1245 1124
1393 1016
1177 1201
1282 1097
1203 1203
1253 1162
1197 1239
1209 1222
1277 1137
1264 1170
1168 1284
1232 1235
1229 1248
1172 1323
1214 1279
1256 1238
1271 1215
1258 1242
1242 1276
1261 1263
1257 1268
1336 1168
1148 1400
1331 1188
1423 1100
1342 1175
1255 1301
1303 1260
1260 1324
1311 1274
1259 1336
1288 1297
1427 1156
1213 1422
1308 1309
1269 1373
1448 1164
1377 1257
1548 1099
1230 1454
1330 1342
1239 1463
1293 1402
1358 1330
1371 1360
1372 1359
1362 1378
1318 1451
1365 1395
1345 1416
1809 1064
1419 1357
1444 1346
1381 1421
1429 1394
1418 1412
1375 1456
1240 1624
1366 1479
1425 1455
1312 1564
1361 1518
1251 1668
1278 1626
1416 1474
1816 1151
1435 1466
1420 1485
1660 1287
1453 1492
1600 1365
1468 1495
1534 1443
1461 1505
1503 1501
1643 1427
1459 1569
1402 1657
1498 1558
1795 1339
1363 1736
1499 1570
1664 1461
1561 1535
1513 1579
1584 1519
1542 1551
1488 1610
1339 1880
1408 1785
1543 1583
1537 1599
2395 1131
1705 1498
1592 1580
1840 1449
1722 1499
1546 1639
1902 1408
1729 1520
1788 1488
1713 1542
1668 1567
1484 1757
1652 1581
1761 1528
1641 1618
2032 1396
1609 1651
1710 1575
2181 1325
1446 1901
1625 1658
1878 1516
1577 1788
1699 1669
1547 1882
1604 1830
1707 1712
1792 1663
1689 1743
1735 1705
2005 1531
1957 1555
1737 1715
1654 1835
1717 1755
1620 1874
1639 1860
1772 1737
1595 1985
1708 1845
1775 1754
1659 1892
1672 1898
1751 1837
1679 1954
1656 2009
1801 1819
1803 1844
2057 1620
1531 2236
1852 1795
2357 1490
1615 2148
2398 1489
1763 1957
1810 1890
1752 2005
1742 2043
1831 1910
1783 1984
1745 2052
1796 1969
1818 1960
1844 1938
1754 2082
1834 1967
1830 1989
1789 2058
2014 1773
1797 2069
1950 1853
1858 1998
1856 2031
2060 1794
2000 1857
1987 1881
1944 1947
1779 2209
2191 1761
1941 2007
1865 2145
2017 1953
2006 1983
1997 2001
1934 2093
2043 1952
1874 2170
2418 1656
1765 2330
1947 2096
2230 1824
1855 2230
1897 2175
2089 1946
1984 2084
1848 2263
2186 1887
2078 2029
2088 2008
2053 2073
2030 2111
2153 2013
2342 1832
2155 2030
1965 2207
2150 2035
2069 2108
1873 2342
2551 1673
2166 2041
2007 2188
1952 2261
2110 2110
1969 2247
2020 2215
2015 2226
2101 2144
2129 2132
2049 2214
1960 2325
2082 2203
2170 2155
2318 1994
2117 2193
2209 2135
2062 2256
1739 2673
2130 2212
2305 2056
2044 2303
1990 2368
2501 1855
2134 2246
2323 2078
2195 2223
2173 2266
2163 2283
2114 2321
2222 2238
2272 2198
2256 2220
2197 2273
2068 2389
2048 2417
2295 2202
2236 2267
2401 2134
3006 1714
2257 2277
2216 2336
2061 2463
2090 2439
2039 2491
2232 2348
2611 1935
2403 2166
2481 2081
2364 2233
2250 2351
2312 2347
2199 2445
1758 3155
2233 2426
2438 2211
2176 2494
2247 2455
2576 2151
2234 2481
2289 2461
2331 2425
2253 2505
2200 2578
2389 2396
2617 2179
2245 2542
3145 1920
2288 2526
3226 1896
2215 2640
1821 3430
2207 2658
2165 2715
2430 2411
2400 2464
2277 2592
2529 2334
2456 2400
3248 1977
2382 2511
1912 3312
2462 2462
2567 2369
2329 2639
2377 2571
2423 2504
3352 1963
2678 2311
2223 2819
2702 2301
2741 2275
2540 2433
2528 2460
2343 2682
2465 2530
2420 2600
2270 2836
2553 2476
2402 2696
2271 2917
2450 2650
2446 2668
2406 2772
2530 2597
3110 2315
2498 2703
3150 2318
3152 2326
2602 2603
2725 2515
2533 2716
2534 2721
2562 2691
2654 2605
3600 2112
2490 2793
2484 2811
2875 2474
2525 2770
2621 2660
2489 2822
2681 2619
2600 2707
2096 3618
2614 2695
2404 3052
2715 2636
2457 2962
2589 2775
3683 2128
2745 2665
2722 2692
2772 2662
2656 2764
2706 2712
2868 2621
2571 2928
2541 2993
3343 2454
2579 2947
2709 2789
2712 2809
2869 2702
2798 2748
2845 2726
2613 2973
2463 3295
2723 2851
2662 2932
3444 2458
2738 2848
2739 2880
2713 2919
2399 3520
2616 3056
2317 3655
3127 2678
2646 3053
2834 2853
2886 2823
2782 2903
2791 2902
2901 2839
2882 2860
2716 3008
3301 2649
2630 3184
2648 3191
3477 2524
3192 2736
3138 2769
3084 2807
2724 3096
3498 2525
2505 3502
2727 3146
2849 2990
2781 3049
2961 2943
2799 3064
2700 3243
2628 3351
2659 3350
2821 3117
3107 2924
2747 3254
2878 3107
3241 2847
2841 3149
2797 3218
3582 2565
2814 3208
3346 2808
2732 3384
2942 3161
3593 2596
3062 3087
2828 3303
2718 3442
3000 3167
3141 3055
2824 3346
2765 3419
3330 2912
2941 3310
2980 3296
3394 2894
3263 3068
2987 3356
3134 3250
3257 3124
2786 3518
3258 3156
2952 3439
3340 3058
3131 3322
3419 2983
3164 3305
3293 3190
3180 3329
2826 3560
3190 3331
3052 3447
3391 3066
3167 3385
3128 3421
2898 3564
3449 3047
3220 3358
2761 3652
3064 3498
3434 3103
2981 3545
3124 3470
3195 3412
3526 2996
3344 3288
3367 3272
3109 3523
3377 3273
3279 3433
3266 3460
3488 3151
3496 3187
3230 3519
3402 3344
3399 3386
2922 3712
3523 3268
3514 3283
3246 3607
2939 3748
3594 3197
3474 3431
3305 3620
3484 3467
3357 3605
3534 3432
3302 3669
3655 3280
3522 3522
3618 3399
3483 3571
3530 3562
3574 3547
3637 3492
3411 3721
3590 3559
3385 3755
3629 3543
3705 3285
3700 3398
3389 3792
3559 3676
3672 3549
3646 3598
2885 3861
3671 3581
3704 3497
3621 3690
3666 3685
3438 3835
3692 3667
3713 3550
3720 3508
3688 3777
3625 3843
3712 3852
1078340171 1646429863
1
sift 74
2549 2391
109 100
2160 582
148 143
2815 3577
149 152
199 198
233 256
287 285
421 356
397 392
388 416
488 387
470 492
469 539
520 643
563 599
590 588
639 688
622 710
734 792
918 786
855 859
928 789
890 974
925 1044
997 1050
1088 1166
1214 1157
1127 1480
1213 1464
1366 1367
1362 1501
1435 1505
1620 1506
1752 1665
1713 1852
1763 1841
1818 2149
1897 2080
1687 2415
2457 1761
2012 2072
2015 2195
2173 2102
2064 2243
2342 2032
2090 2255
2438 2110
2318 2244
1855 2896
2462 2454
1952 3086
2552 2449
2523 2546
2525 2649
2538 2636
2528 2656
2565 2628
2245 3092
2402 2877
2798 2544
2482 2821
3179 2800
3513 2683
3298 2883
3246 3010
3000 3269
3027 3367
3218 3321
3348 3222
3672 3293
3680 3524
3692 3798
1078340171 1664374466
1
sift 68
267 226
462 362
252 252
290 293
1308 1442
420 394
440 399
1689 1937
434 414
476 441
1984 1998
482 452
571 639
3191 2129
698 659
715 661
824 785
834 769
767 864
880 911
955 873
913 931
878 991
894 982
883 1046
999 927
920 1100
1002 1037
902 1220
1288 1136
1116 1397
1289 1322
1253 1415
1381 1386
1420 1366
1459 1432
1469 1468
1503 1486
1375 1632
1453 1629
1548 1610
1625 1585
1513 1793
1834 1510
1599 2017
2032 1703
2398 1503
2338 1581
1641 2220
1997 1946
2067 1926
2465 1642
1950 2140
2166 1969
2020 2244
2078 2421
2117 2380
2250 2430
3402 1859
2323 2539
2561 2375
2229 2902
2541 3114
2939 2985
2656 3385
2952 3629
3330 3494
3720 3234
1078340171 1707515443
1
sift 59
921 1072
149 169
287 279
1971 1486
421 336
388 401
2139 2019
563 654
622 655
734 797
918 867
890 976
1088 1071
997 1264
1127 1315
1412 1296
3651 798
1435 1460
1213 1799
1872 1212
1620 1587
1366 1919
1752 1668
1653 1956
1763 1863
1777 1961
1687 2191
2012 1891
1818 2097
2015 2112
2342 1940
2256 2021
1897 2395
2090 2189
1952 2423
2115 2258
2360 2100
2494 2236
2372 2418
2568 2253
2565 2392
2462 2494
2525 2533
2064 3182
2528 2588
2695 2772
2552 2935
2489 3075
2659 2983
3513 2572
3246 2886
3179 3015
3362 3054
3000 3388
3298 3202
3302 3450
2763 3704
3473 3321
3692 3384
1078340171 1724217577
1
sift 640
120 120
118 101
12 13
201 166
180 183
15 18
924 924
246 216
16 19
206 189
253 211
33 43
1119 1267
340 366
46 56
242 232
258 218
53 57
1328 1280
390 379
86 86
241 251
294 245
75 109
1287 1387
401 422
93 90
240 256
379 339
104 102
1360 1399
555 442
106 118
235 265
448 354
114 115
1433 1548
528 473
123 108
311 331
470 408
124 114
1526 1641
589 624
129 127
355 337
473 431
143 125
1936 1825
745 662
139 138
393 355
520 507
164 130
1978 2238
752 763
169 146
417 380
541 504
166 161
3153 2584
729 862
185 149
441 403
572 537
178 154
2848 2872
731 865
175 171
415 440
590 526
189 204
2753 2986
835 891
215 207
452 425
549 588
197 236
3307 2844
900 815
239 222
859 635
611 649
243 219
3332 2918
954 908
252 240
957 727
680 655
275 242
3296 3175
927 1014
278 241
821 1276
695 643
267 260
3403 3892
1273 962
284 253
1202 884
720 647
281 263
3647 4024
1089 1179
290 268
1180 1305
809 596
299 267
1235 1234
269 326
1219 1292
709 695
297 291
1410 1121
318 286
1282 1285
823 633
296 307
1396 1222
365 274
1144 1452
678 789
310 306
1422 1281
378 299
1395 1245
679 888
337 351
1434 1299
373 321
1206 1552
820 696
370 338
1324 1418
404 304
1241 1558
744 825
382 322
1424 1368
331 378
1606 1344
801 781
392 341
1502 1518
427 319
1597 1656
787 803
420 353
1380 1708
385 416
1581 1698
861 780
424 390
1933 1556
455 373
1427 2015
855 839
434 406
1963 1613
440 401
1735 1876
873 901
453 427
1782 2146
451 428
1922 1792
997 769
492 396
1882 2039
412 468
1772 1987
795 1032
466 439
1967 2040
443 462
1538 2549
979 940
557 371
2328 1776
519 405
1821 2220
785 1366
476 445
1903 2279
482 448
2324 1884
1001 978
489 469
2274 1950
540 436
2127 2110
1104 981
454 557
2031 2377
506 538
2076 2473
1049 1289
502 565
2132 2295
561 549
2530 2004
1318 1056
634 502
2201 2437
581 552
2136 2567
1188 1212
599 548
2145 2666
598 551
2247 2502
1150 1268
571 595
3068 1925
603 566
2219 2731
1290 1244
580 634
2407 2517
602 632
2533 2460
1359 1306
587 651
2488 2547
710 540
2289 3386
1294 1468
570 678
2119 3050
638 629
3459 2414
1362 1395
690 586
2815 2416
669 615
3138 2982
1809 1356
626 679
2099 3606
662 650
2938 3170
1481 1684
655 666
2495 3000
682 654
2621 3649
1934 1505
659 676
2570 3287
698 639
3282 3074
1713 1854
706 657
2708 3059
715 659
3366 3033
1707 1944
640 770
3043 3130
769 648
3109 3446
1688 2068
675 804
3146 3086
687 811
3237 3564
1817 1936
767 713
3471 3077
746 739
3484 3242
1957 1790
871 646
3497 3104
792 694
3149 3939
1607 2251
806 693
3640 3515
778 717
3664 3875
1952 1904
760 761
3406 3909
756 765
3711 3787
2343 1853
799 733
3555 3683
824 737
1531 2948
834 726
3502 3980
829 760
2234 2019
869 747
3677 3687
840 791
2417 1954
852 772
878 762
1603 3132
793 913
884 797
1885 2609
877 879
883 868
2199 2348
913 834
959 796
2457 2118
912 856
708 1233
2519 2273
894 915
880 956
2108 2850
994 842
920 918
2411 2692
1021 850
811 1186
3150 2221
953 942
902 1006
2399 2766
955 946
817 1188
2568 2600
967 961
832 1260
2681 2614
1083 923
1167 881
2329 3345
895 1199
1019 997
2745 2999
1004 1039
1322 836
2505 3663
1151 969
1065 1088
3196 3673
965 1342
1081 1129
3574 3402
1067 1147
1130 1102
3618 3752
1168 1064
1136 1098
3514 3920
1109 1142
1032 1246
3680 3820
1096 1163
1116 1167
1416 936
1181 1187
1174 1208
1288 1086
1393 1031
1277 1164
1091 1411
1209 1274
1260 1232
1189 1336
1242 1279
1245 1290
1255 1294
1261 1324
1308 1275
1253 1375
1423 1196
1229 1424
1303 1359
1172 1542
1283 1397
1185 1588
1333 1393
1408 1352
1363 1396
1381 1373
1418 1355
1469 1300
1244 1601
1737 1126
1383 1421
1473 1339
1446 1376
1548 1298
1420 1461
1375 1516
1292 1632
1496 1427
1272 1772
1459 1540
1453 1554
1503 1529
1415 1636
1554 1500
1486 1590
1513 1573
1954 1259
1643 1464
1499 1612
1652 1491
1312 1918
1625 1576
1595 1634
1762 1533
1497 1773
1339 2093
1675 1616
1586 1674
1964 1423
1609 1678
1543 1753
1665 1650
1599 1706
1960 1477
1564 1810
1592 1782
1656 1735
1577 1851
1836 1640
1655 1788
1708 1791
1547 1996
1803 1721
1678 1873
1801 1758
1751 1849
1690 1908
1702 1899
1649 1975
1986 1651
2030 1648
1753 1880
1641 2023
1837 1820
1240 3035
2351 1509
1831 1837
1909 1743
2398 1483
1833 1871
2130 1679
1711 2117
1844 1947
1865 1930
1987 1824
1834 2017
1929 1894
2121 1726
2057 1813
1765 2169
2014 1864
1950 1938
2069 1845
1944 1969
2124 1822
1899 2033
2131 1827
1997 1942
1975 1971
2576 1580
2291 1734
1938 2058
2032 1965
2357 1707
2011 2000
2222 1841
1984 2049
1925 2153
2125 1937
1857 2285
2037 2079
1990 2216
2078 2127
1727 2564
1966 2277
2176 2100
2355 1909
2338 1927
2048 2236
2075 2237
2166 2187
2129 2210
2020 2347
1982 2405
2186 2223
2164 2246
2331 2094
2312 2140
2306 2144
2296 2175
2074 2376
2250 2242
2117 2359
2096 2386
2369 2148
2443 2045
2103 2401
2195 2350
2239 2313
1941 2634
2440 2152
2174 2438
2229 2390
2295 2314
2540 2066
2018 2605
2236 2412
2006 2644
2013 2638
1873 2836
2044 2631
2463 2219
2303 2430
2028 2732
2441 2304
3111 1886
2253 2503
2345 2433
2268 2515
2307 2510
2215 2708
1969 3091
2323 2637
2639 2321
2406 2552
2678 2317
2404 2577
2207 2894
2270 2838
2223 2964
2521 2608
2921 2393
2277 3151
2571 2745
2068 3805
2452 2913
2684 2680
2726 2667
2725 2669
3152 2468
2600 2794
2553 2840
2739 2685
2642 2773
2561 2869
2811 2655
2501 3025
2772 2789
2367 3600
3266 2598
2633 3009
2699 2946
2663 2991
2700 2979
3347 2582
3443 2536
2613 3147
3170 2735
3290 2679
2665 3083
2636 3179
3418 2639
2724 3113
2654 3254
2416 3860
3110 2866
2718 3210
2662 3311
2845 3085
2687 3319
2821 3142
2727 3337
2987 3075
2849 3211
2942 3182
2484 3927
2579 3779
3402 2834
3051 3163
3121 3120
2786 3455
3062 3226
2723 3605
2955 3369
2541 3952
3064 3293
2729 3697
3167 3253
2952 3510
3022 3429
3086 3488
3330 3198
3554 2916
2656 3981
3434 3114
3104 3579
3195 3482
3175 3533
3267 3401
3411 3201
3257 3466
3060 3692
2968 3792
3007 3741
3240 3561
3003 3809
3713 2787
3462 3377
3245 3784
3304 3682
3483 3374
3299 3699
3133 3922
3389 3638
3297 3811
3530 3416
3344 3786
3367 3735
3544 3519
3394 3798
3480 3719
3708 3154
3474 3850
3678 3393
3349 3970
3358 3989
3346 4066
3523 4007
3620 3936
3629 4039
3688 4050
3613 4086
1078340171 1735922398
1
sift 405
39 28
61 31
68 52
65 41
41 29
67 33
62 44
74 55
90 81
76 53
88 73
109 99
179 208
190 190
118 85
127 155
124 107
213 224
199 230
129 143
226 238
148 127
315 340
279 291
164 146
376 329
169 165
521 417
287 338
182 200
512 489
180 226
496 564
388 450
183 262
533 554
215 264
579 596
488 377
284 227
528 587
258 247
609 772
421 453
267 266
536 594
275 263
751 705
445 518
290 284
597 688
281 325
714 775
565 488
299 304
589 773
365 251
739 796
535 574
318 370
729 804
382 360
768 874
590 563
370 386
731 813
404 393
835 839
563 625
427 376
745 835
441 366
954 864
622 581
379 429
752 836
424 475
925 939
568 657
434 467
881 1019
448 456
906 1053
809 584
440 466
921 1057
385 529
916 1095
815 785
443 540
927 1090
476 510
1139 886
787 953
489 515
947 1115
482 521
1035 1120
918 908
519 585
948 1177
520 612
1131 1247
1073 956
598 572
1089 1176
599 662
1145 1243
1037 1209
640 656
1180 1282
710 583
1324 1513
1088 1271
698 691
1235 1297
680 729
1424 1572
1213 1278
722 696
1931 962
570 890
1409 1595
1150 1355
612 860
1422 1221
715 756
1598 1474
1127 1563
871 652
1380 1529
799 807
1933 1444
1366 1347
741 897
1404 1550
852 781
1787 1654
1256 1512
845 792
1219 1854
820 844
1273 2434
1435 1370
834 879
1410 2063
806 986
2139 1642
1095 1918
878 901
1597 2079
855 951
1740 2037
1412 1575
767 1100
1733 2101
811 1079
1971 1910
1620 1418
913 932
1963 2009
877 995
1994 2015
1561 1601
955 915
2031 2167
883 1044
2182 2035
1764 1626
795 1211
1967 2254
920 1051
1863 2421
1484 1906
1181 812
1903 2316
952 1025
2055 2385
1752 1740
1038 969
2201 2297
912 1119
2145 2416
2389 1395
1064 1005
2219 2302
966 1116
2132 2523
1717 1895
953 1124
2274 2361
1002 1114
2552 2678
1797 1891
938 1250
2328 2366
1109 1109
2568 2669
1818 1954
1260 1028
2483 2235
1015 1213
3094 2527
1763 2040
1136 1142
2076 2737
1118 1184
2549 2804
2110 1893
1067 1285
2488 2748
1096 1261
2290 3353
1688 2355
1099 1290
2815 2600
1288 1127
2566 3006
1897 2277
1206 1233
2495 2872
1116 1357
3146 3273
2173 2078
1032 1528
2880 3088
1241 1300
3303 3449
2090 2161
1245 1301
3325 3279
1214 1342
2995 3660
2210 2098
1340 1255
3043 3607
1232 1454
1952 2341
1308 1371
3039 3687
902 2328
2012 2294
1363 1400
3497 3742
1289 1547
2251 2151
1303 1531
3640 3725
1381 1437
2156 2238
1359 1520
3711 3480
1177 1777
2015 2367
1416 1467
1253 1746
2196 2276
1330 1650
1497 1442
2256 2240
1459 1569
1427 1619
2372 2188
1375 1686
1362 1705
2342 2275
1469 1596
1548 1515
2360 2464
1420 1673
1621 1477
2589 2330
1408 1756
1453 1711
2548 2442
1503 1662
1339 1991
2064 3007
2192 1280
1361 1997
2462 2585
1499 1833
1577 1774
2402 2679
1834 1684
1753 1769
2494 2626
1543 1983
1592 1967
2525 2786
1710 1885
1772 1832
2523 2796
1707 1909
1609 2006
2565 2767
1713 1920
2398 1493
2682 2734
1987 1739
1513 2308
2489 3081
2130 1688
1821 1912
2189 3861
1831 1930
1690 2109
2941 2963
1751 2046
1838 1969
3298 2842
2069 1799
1817 2027
3593 2816
1944 1965
2006 1921
3134 3268
1641 2365
2067 1913
3000 3358
2057 1968
1844 2250
3499 2953
1934 2125
1941 2156
3246 3239
2014 2128
2078 2142
3513 3214
1498 2961
2125 2123
3705 3648
1984 2268
2175 2198
3362 4000
2164 2263
1865 2623
3654 3992
2166 2318
2020 2484
2101 2399
2176 2427
2295 2312
2061 2581
2519 2150
2117 2573
2222 2512
2037 2673
2338 2440
2128 2691
2501 2370
2440 2450
1943 2974
2323 2604
1975 2946
2540 2393
2215 2803
2457 2603
3507 2044
3150 2256
2223 2920
2270 2879
2123 3104
1775 3811
2678 2570
2104 3257
2358 2915
2446 2822
2199 3316
2656 2760
2745 2732
2253 3496
2505 3053
2317 3518
2732 2902
2148 3800
2541 3161
2782 2909
2406 3494
2869 3020
2654 3245
3402 2745
2849 3082
2834 3106
2718 3228
2663 3370
2821 3294
2987 3324
2841 3440
3713 2693
2952 3502
3257 3352
3014 3578
3477 3251
3554 3179
3220 3668
3637 3246
3618 3327
3344 3650
3346 3684
3474 3587
3367 3712
3412 3879
3522 3881
3574 3966
1078340171 1738048405
1
sift 66
2549 2703
109 117
199 190
287 278
397 368
421 351
388 392
470 479
469 545
568 458
563 601
622 636
734 724
815 718
928 721
855 864
918 843
890 883
997 1040
1088 1093
1095 1176
1214 1084
1127 1355
1412 1330
1366 1433
1435 1412
1588 1310
1362 1566
1620 1489
1485 1845
1752 1658
1713 1756
1763 1852
1897 1982
1818 2113
2012 1922
1687 2494
2015 2093
2090 2158
2457 1868
2342 2020
2318 2086
2173 2272
2372 2205
1892 2776
2528 2192
2568 2203
2494 2349
2565 2269
2525 2480
2462 2570
2482 2721
2245 3161
2552 2732
3192 2625
3000 3030
3298 3009
3246 3150
3179 3236
3499 3012
3513 2994
3680 2879
3473 3332
3302 3692
3654 3467
3692 3466
1078340171 1761909473
1
sift 72
2549 2569
91 96
109 113
149 153
199 193
287 290
397 364
421 356
388 410
469 531
520 600
590 518
563 662
622 637
639 640
565 864
734 726
815 728
855 902
918 814
890 920
997 1051
1095 1202
1214 1096
1127 1335
1366 1380
1412 1405
1435 1483
1620 1522
1485 1768
1752 1675
1713 1720
1818 1796
1763 1882
1777 1894
2012 1855
1855 2041
1687 2309
1897 2145
2015 2080
2342 1962
2090 2254
2318 2121
2173 2266
2196 2427
2402 2366
2565 2274
2528 2323
2462 2461
2568 2356
2064 2967
2457 2517
2494 2497
2525 2642
2552 2705
2961 2513
3513 2439
3298 2623
3218 2667
2489 3261
3246 2985
3665 2701
3000 3411
3179 3471
3680 2958
3362 3336
3302 3507
3473 3368
3654 3218
3499 3495
3672 3299
3692 3438
1078340171 1780862618
1
sift 53
376 379
91 96
590 386
533 512
563 618
622 648
851 1007
958 1091
916 938
921 1039
997 1160
1088 1104
1598 1153
1150 1080
1127 1274
2139 1999
1412 1276
1435 1452
1733 2969
1213 1930
1485 1703
2132 2634
1620 1596
1366 2171
2055 2726
1777 1748
1763 1923
2549 2800
2012 1851
1752 2111
1687 2207
1818 2140
1897 2307
2015 2180
2090 2124
2342 2066
2115 2309
2360 2182
2494 2411
2462 2559
2568 2481
2523 2620
2525 2701
2489 2769
3584 2360
3179 3023
3000 3149
3246 3099
3513 3285
3473 3415
3302 3721
3692 3258
3499 3758
1078340171 1911602604
1
sift 70
185 217
385 550
220 249
299 340
443 537
434 427
539 428
640 669
440 519
476 515
1497 1186
529 637
570 597
1833 2246
715 704
698 729
2255 3429
769 870
845 797
3394 3452
806 878
880 882
884 921
955 889
1172 734
883 1092
920 1076
988 1275
1260 1064
1091 1356
1094 1400
1137 1412
1288 1266
1420 1287
1289 1470
1375 1683
1453 1615
1496 1586
1459 1657
1547 1608
1503 1720
1377 1964
1625 1690
1641 1753
1831 1640
1997 1565
2069 1673
1834 1971
2067 1887
1789 2323
1828 2287
2074 2046
1944 2192
2229 1981
2174 2078
1968 2416
2166 2325
2465 2148
2078 2778
2633 2223
2250 2635
2048 2991
2323 3199
2358 3332
2939 2821
3121 3169
2716 3449
3346 3121
3522 2902
3344 3324
1078340171 1923562747
1
sift 70
528 577
90 93
109 106
921 1094
149 163
287 296
927 1090
388 406
421 397
1971 1910
488 390
469 482
2139 1919
470 483
520 642
2055 2723
565 734
622 695
3039 3480
639 685
563 848
734 819
855 851
918 789
925 858
890 996
997 1013
1088 1202
1214 1238
1213 1371
1127 1520
1330 1448
1362 1543
1620 1447
1752 1616
1713 1882
1763 1923
1897 2157
2012 2137
2015 2254
1688 2647
2173 2162
1952 2392
2090 2271
2342 2096
2372 2129
2346 2218
2318 2489
2552 2313
2462 2513
2568 2496
2494 2688
2245 3090
2565 2692
2525 2825
2523 2837
2457 3023
2961 2975
3179 2893
3298 2822
3000 3074
3246 3107
3513 3100
3362 3288
3348 3412
3302 3570
3499 3620
3680 3626
3654 3693
3672 3743
1078340171 1960691938
1
sift 55
187 164
726 820
525 648
408 276
411 367
942 781
626 717
458 399
443 438
1106 1111
1189 885
539 366
462 583
1566 1612
1578 1739
570 628
675 531
1579 1863
806 599
852 639
1683 1781
953 894
1308 1196
1966 1562
1336 1315
1383 1800
1854 1687
1576 1690
1689 1813
1790 1865
1710 1853
1847 1808
1983 2127
1675 2039
1831 1988
2100 2100
1586 2430
2092 2029
2268 2375
1662 2718
2006 2617
2665 2391
2250 2335
2358 2431
2631 2487
2955 2792
3121 2752
2869 2996
3107 2904
2663 3275
2834 3285
2927 3330
3011 3327
3394 3064
3346 3385
1078340171 1988776702
1
sift 54
2549 2518
109 118
199 190
287 285
421 365
397 379
388 414
470 484
568 469
590 477
563 667
622 653
565 967
734 802
855 994
890 962
918 941
1088 1116
1214 1126
1127 1316
1366 1439
1435 1436
1620 1499
1752 1560
1788 1566
1713 1673
1653 1837
1763 1791
1818 2045
2012 1851
1687 2189
1897 2056
2342 1825
2015 2105
2090 2117
2519 1956
2402 2300
2372 2353
2462 2319
2565 2236
2494 2437
2528 2446
2525 2553
3192 2511
3513 2509
3246 2791
3179 2902
3218 3053
3298 3037
3000 3323
3473 3434
3661 3217
3362 3654
3692 3523
1078340171 2046133546
1
sift 152
93 97
138 132
243 256
129 148
185 164
252 281
169 191
236 227
299 334
182 351
285 261
420 343
288 282
281 329
392 411
411 352
373 450
434 433
404 441
443 513
440 515
519 442
722 576
476 503
482 494
640 739
571 708
698 720
806 745
715 713
655 801
852 805
769 799
840 782
824 873
834 793
845 832
953 978
778 885
878 861
939 1023
877 877
880 878
1002 1169
895 938
894 951
1134 1043
913 929
955 931
1308 1260
902 997
920 1050
1336 1304
1032 941
883 1185
1253 1423
912 1137
1195 1087
1408 1264
1100 1258
1063 1353
1266 1482
1096 1378
1091 1453
1652 1398
1283 1380
1350 1351
1548 1579
1393 1348
1097 1727
1469 1688
1288 1509
1547 1250
1513 1978
1289 1552
1270 1625
1831 1699
1291 1661
1483 1514
1690 1991
1496 1534
1459 1626
2176 1737
1420 1678
1377 1762
1609 2319
1453 1729
1375 1850
1710 2278
1625 1704
1448 1941
1833 2168
1564 1786
1599 1778
1987 1964
1838 1674
1779 1724
2006 2137
1678 1830
1649 1851
1984 2170
2398 1497
1641 2028
2312 2061
2070 1722
1997 1946
2406 1960
1951 2096
1927 2164
3111 1824
1881 2238
1834 2318
2250 2575
1944 2217
2130 2039
2255 2794
2198 2005
2057 2222
2561 2567
2020 2345
2074 2324
2345 3490
2338 2123
2229 2266
2663 3082
2174 2320
2166 2336
2823 3368
2465 2089
2306 2287
2834 3431
2067 2517
2979 1937
3346 3349
2078 2640
2118 2577
3633 3155
2492 2281
2253 2505
3402 1838
2296 2502
2404 2429
2540 2397
2323 2711
2541 2686
2633 2798
2939 3167
2849 3309
3608 2833
3522 3242
3566 3255
3411 3483
1078340171 2080441786
1
sift 223
93 87
143 143
139 189
129 133
164 140
215 283
281 287
169 169
185 158
253 230
290 309
182 238
243 246
378 234
455 335
252 288
284 258
270 351
420 365
275 269
299 306
310 361
424 559
427 341
382 348
370 386
482 522
434 432
451 446
680 754
489 554
440 475
466 494
829 617
599 659
443 527
476 496
662 790
571 717
655 781
640 812
763 947
912 1231
682 774
715 740
861 888
902 1329
698 771
746 875
811 1002
1002 1155
834 825
756 893
965 1041
1266 1037
778 873
845 823
959 1142
966 1493
767 908
852 832
1004 1223
1096 1304
894 880
878 955
1109 1167
1245 1414
913 946
880 1029
1067 1276
1473 1301
883 1024
955 938
1261 1397
1359 1527
877 1055
920 1049
1277 1377
1408 1593
1091 1123
1099 1138
1188 1519
1548 1502
1064 1180
1032 1534
1303 1460
1469 1642
1288 1198
1272 1288
1418 1490
1599 1767
1308 1308
1363 1349
1543 1605
1513 1996
1336 1426
1289 1540
1499 1718
1592 1912
1333 1556
1381 1486
1804 1538
1751 1945
1497 1407
1459 1495
1415 2006
1838 1932
1375 1672
1665 1439
1312 2290
1950 1944
1454 1631
1420 1691
1595 2133
2607 1570
1503 1638
1172 2253
1801 1891
2057 1953
1834 1592
1348 2197
1844 2043
1711 2422
1625 1751
1678 1820
1817 2082
2540 1961
1609 2044
1831 1842
2176 1849
1990 2606
2069 1689
1577 2249
2006 2342
2331 2444
1690 2096
1938 1840
2312 2072
2118 2650
1944 1917
1925 1958
2186 2187
2921 2145
1909 1993
1888 2015
2039 2410
2253 2717
1547 2572
1987 2038
2270 2544
2600 2887
2067 1991
1997 2076
2236 2692
2440 3371
1833 2333
2125 2028
2195 2838
2405 3781
1899 2277
2130 2050
2223 2850
2492 3663
1984 2222
2016 2250
2317 2923
2639 3622
1968 2441
2166 2274
3195 2369
2656 3964
2074 2398
2078 2395
2215 3476
3330 3286
1941 2618
2020 2561
2740 2708
2849 4112
2296 2294
2092 2511
2498 3026
3411 4284
2338 2255
2175 2447
2659 3068
2174 2509
2358 2476
2869 2947
1969 2892
2416 2573
2446 3709
2323 2795
2562 2624
2684 3323
2229 3112
2295 3261
2772 3284
2608 2758
2823 2809
2811 3650
2541 3326
2633 3256
2821 3775
2834 3359
3402 2916
3064 3520
2716 3795
2715 4030
3220 3518
2935 3861
2939 3990
3304 3916
3394 3407
2952 4203
3257 4015
3346 3866
3344 4265
3574 4287
3522 4174
3474 4333
3620 4258
3682 4246
1078340171 2102469315
1
sift 257
39 40
61 53
68 62
74 71
91 97
88 90
179 229
124 120
148 143
227 207
149 153
199 178
213 226
180 202
190 199
315 313
292 245
279 263
376 382
287 283
441 334
438 432
421 407
388 448
464 532
445 433
424 487
496 502
488 435
520 430
521 511
590 412
528 544
536 540
568 517
533 556
579 537
565 546
549 578
609 568
622 553
563 616
589 614
639 622
744 561
751 679
780 692
714 747
729 740
741 823
739 732
775 714
854 876
752 755
761 806
847 948
731 942
849 841
918 862
916 927
881 1032
997 945
921 986
927 983
928 1064
906 1068
947 1079
1028 961
948 1103
986 1058
966 1175
882 1230
1035 1101
960 1269
1241 1008
1089 1147
1088 1166
1067 1189
1131 1220
1136 1196
1427 1020
1180 1272
1127 1229
1109 1276
1235 1310
1150 1245
1245 1214
1324 1437
1177 1312
1104 1427
1480 1584
1264 1249
1232 1364
1598 1492
1255 1360
1330 1277
1782 1467
1214 1421
1200 1450
1169 2471
1209 1468
1213 1524
1581 1771
1372 1466
1412 1447
1597 1871
1435 1490
1600 1436
1434 2412
1561 1472
1705 1463
1740 1924
1923 1330
1484 1684
1903 1859
1777 1495
1366 1930
1994 1827
1668 1630
1592 1690
1733 2248
1620 1679
1764 1586
2483 1749
1713 1663
1717 1676
2139 2098
1767 1658
1498 2003
2031 2244
1318 2572
1809 1770
2201 2176
1653 1919
1763 1957
2099 2322
1687 2096
2000 1969
2461 2029
1810 2234
1848 2226
2076 2439
2012 2022
2015 2017
2132 2545
1797 2315
2014 2156
2111 2622
2115 2060
1934 2296
2208 2571
2153 2090
2170 2093
3146 2200
2318 1970
2110 2171
2566 2567
1952 2355
2342 1997
3094 2523
2501 1862
2209 2141
1933 3901
2090 2267
2233 2146
2708 2777
2082 2378
2128 2407
2549 2969
2389 2175
2372 2288
2488 3098
2424 2223
2163 2553
3555 2559
2382 2360
2103 2672
3413 2951
2360 2447
2589 2219
3039 3387
2188 2714
2494 2367
3154 3344
2215 2736
1897 3154
2815 3602
2565 2335
2254 2708
2995 3558
2270 2704
2525 2413
3043 3550
2530 2419
2457 2529
3396 3290
2200 2856
2446 2605
3262 3562
2061 3094
2553 2508
3303 3670
2223 2924
2438 2665
3578 3398
2678 2473
2462 2737
3486 3503
2489 2741
2317 2967
3677 3676
2528 2707
2568 2684
3640 3805
3196 2362
3655 2121
3674 3803
3049 2512
2245 3324
3607 3952
2402 3096
2722 2735
3711 3766
3391 2474
2682 2883
3723 3725
3218 2645
2620 2998
3659 3978
3584 2426
3027 2809
2723 3013
3600 2493
2765 2981
2738 3051
2987 2954
3586 2720
3220 3045
3134 3114
3362 3188
3179 3385
3246 3380
3257 3393
3367 3272
3513 3106
3434 3247
3477 3248
3618 3097
3298 3605
3692 3083
3661 3407
3629 3573
3625 3627
3302 3984
3672 3818
3646 3950
3654 3988
