1308641291 1339724796
1
sift 76
475 415
522 720
548 361
533 499
750 542
609 491
607 630
1037 910
823 718
1217 1086
1066 1255
1290 1197
1288 1217
1478 1134
1413 1313
1423 1780
1546 1239
1505 1472
1882 1489
1663 1405
1956 1228
1713 1677
2401 1647
1725 1725
1877 1683
2085 1993
2323 1746
2305 1776
2155 2013
2088 1905
2263 1822
2378 2142
2357 2124
2568 2001
3044 2034
2101 2601
2619 2133
2927 2573
2694 2132
2675 2252
3009 2589
2617 2375
2346 2713
3097 2853
2929 2227
2832 2348
3883 2399
2745 2489
2909 2417
3240 2972
2804 2574
2969 2655
3457 3141
2988 2674
3063 2641
3746 3049
2945 2800
2872 3102
3803 3298
3060 2926
3180 2849
3501 3597
3210 2848
3359 2756
3934 3384
3499 2726
3256 2941
3907 3688
3600 3091
3428 3320
3830 2967
3521 3397
3436 3486
3636 3395
3933 3125
3579 3619
1308641291 1428487141
1
sift 67
187 172
273 196
196 200
497 323
565 579
587 491
633 529
886 668
617 546
853 484
910 785
781 588
765 618
1100 661
890 722
961 770
992 801
1047 915
1222 774
1146 916
1159 852
1403 907
1209 1075
1456 1274
1491 1178
2064 921
1508 1356
1741 1127
1564 1224
2060 1305
1853 1325
1717 1420
1802 1474
1879 1426
1958 1417
2015 1513
2148 1387
2238 1548
2041 1518
2297 1731
2288 1798
2677 1575
3555 1293
3167 1742
3158 1489
2003 2900
2995 2094
3487 1559
2902 1952
2965 2171
2533 2298
2989 2299
3795 2479
3215 2147
3231 2399
3892 3124
3606 2151
2775 3133
3955 2921
3806 2453
3402 2923
3915 3191
3672 2932
3834 2845
3923 2869
3846 3218
3899 3180
1308641291 1431199262
1
sift 807
67 54
50 40
16 4
397 387
126 112
25 11
104 80
108 58
42 23
455 377
175 196
72 30
321 226
101 85
60 46
639 613
244 173
64 66
348 210
99 88
73 63
696 722
248 261
82 60
309 294
119 110
79 87
801 841
378 348
105 75
450 349
142 97
112 91
889 809
607 621
157 74
421 418
195 158
141 104
981 936
709 619
125 125
570 500
190 162
143 118
1279 854
636 932
165 132
596 532
250 215
154 167
1450 1213
823 853
159 185
691 677
279 267
221 149
1360 1500
1028 749
169 188
726 712
301 269
218 153
1512 1469
1155 735
186 193
869 757
354 264
179 205
2181 1406
854 993
226 174
753 1044
365 314
209 190
1700 1798
1183 887
180 231
1014 843
377 341
215 191
2192 1557
1471 799
217 194
1017 1039
406 336
223 198
1954 1937
1093 1063
232 203
1154 1110
424 383
293 168
2131 1857
1013 1480
235 228
1356 1065
503 402
241 217
2685 1920
1295 1138
247 227
1384 1105
481 425
252 237
2348 2373
1290 1229
265 239
1371 1149
489 428
242 266
2538 2512
1241 1330
273 251
1361 1215
476 450
263 270
2999 2266
1485 1356
290 255
1256 1347
548 416
286 268
3414 2295
1504 1363
313 244
1398 1382
533 485
296 272
3132 2796
2081 1066
302 285
1464 1368
575 512
339 248
3311 2842
1288 1886
324 289
1591 1262
793 545
331 278
2981 3143
1476 1753
338 300
1641 1417
580 771
340 318
3533 2900
1682 1708
398 277
1629 1543
699 624
375 308
3074 3403
1882 1672
385 305
1953 1345
642 743
410 299
3300 3268
1713 1806
367 350
1737 1679
800 690
374 353
3715 3274
1742 1804
480 297
2220 1477
673 806
411 354
3161 4181
1589 2068
405 378
1838 1912
773 872
418 372
3900 3633
1877 1875
381 436
1957 1865
796 927
391 430
3770 4190
1964 2144
471 362
2375 1646
848 897
413 413
1959 2155
437 410
1929 1999
837 1206
486 392
2152 1981
435 458
1901 2156
1171 998
478 431
2559 1784
520 395
1977 2085
1140 1122
499 424
2088 2227
427 496
2053 2389
1118 1147
512 433
2304 2033
482 466
2159 2267
1157 1140
346 725
2101 2362
540 441
2572 1879
1077 1277
522 472
2287 2164
535 480
2354 2097
1332 1280
513 511
2182 2331
529 501
2308 2219
1423 1338
551 482
2307 2173
549 492
2446 2089
1335 1472
505 555
2221 2541
601 449
2695 1880
1289 1611
566 498
2245 2719
491 609
2011 2794
1425 1463
510 605
2470 2511
508 640
2678 2061
1436 1537
573 528
2617 2404
577 530
1856 3162
1489 1490
605 526
2503 2595
588 583
2162 2747
1725 1297
571 625
2452 2677
762 463
2377 2485
1519 1622
667 515
2582 2555
625 608
2324 2564
1492 1692
608 631
2680 2433
658 590
2313 2610
1770 1715
764 534
2787 2329
745 552
2435 2480
1587 1862
663 645
2379 2995
600 759
2817 2140
1521 2026
687 656
2346 3215
710 633
2614 2491
1990 1616
631 736
2932 2519
741 646
2746 2376
1636 2194
674 734
2866 2709
787 672
2476 2699
2236 1867
852 622
2745 2872
603 929
2644 2504
2079 2143
712 754
3431 2365
638 859
2589 2608
1980 2305
719 762
3462 2361
847 649
3306 2098
1999 2289
656 837
3269 2679
727 764
2491 2902
1961 2411
789 737
3208 2808
760 763
2947 2461
2117 2226
661 871
3071 3132
826 697
2402 3147
2201 2147
676 852
3063 3240
743 793
2973 2668
2234 2221
782 775
3511 2918
746 800
3379 2385
2323 2111
816 756
3060 3435
750 838
2848 2829
2338 2177
845 767
2969 3645
842 779
2860 2907
2311 2335
853 780
3473 3020
979 695
3091 2743
2361 2316
814 830
3126 3472
733 948
2831 2994
2392 2281
701 1001
2868 3946
887 783
3081 2862
2393 2287
830 828
2804 4034
809 879
3213 2836
2357 2431
836 864
3180 3632
960 796
2812 3242
2373 2448
917 824
3398 3429
806 970
3102 3297
2619 2351
912 834
3468 3535
812 981
3123 3295
2556 2455
943 826
3256 3926
936 836
3201 3342
2813 2298
868 912
3470 3821
886 901
3368 3389
2551 2633
896 899
3800 3346
1100 753
2971 4118
2675 2601
910 907
3885 3199
1085 805
3479 3614
2590 2778
992 913
3572 3884
892 1040
3787 3302
2929 2414
1004 944
2872 4232
971 986
3613 3606
2425 3066
1084 889
3723 3842
1045 935
3645 3741
2481 2989
963 1031
3835 3962
961 1046
2741 2805
999 1016
1037 991
2762 2789
995 1032
1026 1021
2937 2673
1044 1005
962 1079
2925 2687
1039 1030
964 1101
3247 2409
1049 1047
1167 920
2790 2910
1035 1060
1081 1036
3124 2667
941 1190
1126 1013
2773 2958
1065 1085
1064 1102
2770 3095
1160 1029
1148 1053
2887 3000
1187 1019
1146 1064
2959 3009
1003 1256
1079 1155
2945 3042
1258 1026
1007 1287
2742 3382
1055 1240
1329 1014
2988 3007
882 1688
1209 1080
2883 3370
1062 1275
1413 1010
2909 3353
1383 1028
1066 1337
3108 3218
1323 1073
1208 1139
3062 3339
1150 1221
1278 1137
3136 3228
1222 1158
1240 1156
3130 3276
1195 1205
1089 1456
3427 3078
1291 1162
1341 1142
3228 3594
1205 1236
1189 1294
3359 3456
1585 1069
1330 1193
3003 4055
1259 1288
1188 1426
3636 3319
1267 1328
1337 1267
3377 3822
1286 1321
1336 1339
3307 3983
1287 1428
1408 1357
3436 3889
1771 1135
1264 1573
3694 3506
1447 1385
1460 1378
3499 3875
1410 1444
1546 1326
3705 3625
1498 1421
1514 1411
3082 4221
1475 1452
1364 1581
3600 3922
1548 1388
1443 1483
3560 4005
1315 1671
1439 1522
3830 3816
1301 1707
1689 1301
3754 3904
1487 1504
1588 1435
3579 4113
1349 1682
1756 1315
3874 4081
1522 1524
1482 1578
3942 3873
1468 1593
1759 1336
3946 4084
1326 1769
1491 1639
1515 1634
1843 1353
1564 1618
1430 1738
1666 1510
1781 1442
1411 1810
1633 1624
1559 1689
1632 1640
1741 1542
1717 1570
1505 1781
2046 1319
1829 1503
1776 1589
1597 1759
1755 1641
1841 1574
1883 1540
1864 1591
1621 1803
1743 1722
1692 1786
1783 1728
1825 1713
1834 1710
1584 2000
1831 1754
1686 1866
1853 1756
2143 1538
1663 1939
1860 1779
1816 1811
2469 1399
2064 1653
1728 1958
2173 1610
1768 1914
2203 1604
1812 1884
1918 1807
1976 1766
1904 1826
1876 1863
2167 1681
1814 1964
1875 1928
1861 1949
1956 1839
1939 1856
1836 2008
1687 2240
1970 1858
2134 1788
1777 2184
1908 2002
2202 1775
2047 1854
2010 1915
1973 1972
2262 1773
2482 1661
2198 1817
2021 1974
1943 2086
1928 2136
2061 2048
2148 1951
1691 2652
1975 2162
2090 2042
2157 1984
2032 2106
2297 1870
1915 2326
2386 1822
2100 2075
2238 1955
2084 2114
2290 1944
2242 2009
2280 2021
2033 2301
2247 2056
2169 2128
2113 2207
2209 2095
2194 2131
2225 2137
2610 1824
2078 2339
2216 2181
2012 2462
2231 2216
2260 2192
2233 2239
2256 2218
2288 2185
2303 2261
2286 2307
1902 2818
2267 2340
2424 2153
2420 2170
2497 2110
2378 2265
2217 2454
2677 2010
2549 2121
2344 2367
2580 2120
2316 2413
2369 2399
2380 2447
2072 2863
2399 2473
2155 2774
2358 2592
2517 2406
2789 2117
2532 2417
2293 2744
2437 2576
2851 2127
2616 2397
2510 2521
2365 2788
2040 3287
2612 2566
2627 2543
2570 2665
2553 2701
2571 2688
2897 2338
2499 2780
2401 2886
2718 2550
2639 2682
2577 2776
2414 2944
2847 2460
2605 2782
3316 2123
2724 2664
2696 2715
2760 2707
2791 2680
2495 3085
2855 2693
2799 2757
2822 2734
2636 2938
2922 2705
3064 2588
2829 2798
3158 2513
2879 2779
2702 2954
2810 2855
3384 2416
2519 3334
2725 2988
2861 2878
2921 2809
3114 2695
2849 2928
2632 3259
2672 3169
3069 2795
3259 2661
2717 3170
2674 3301
3489 2551
2603 3545
2598 3623
2994 2933
2706 3393
2905 3048
3295 2731
2858 3115
3144 2867
2977 3040
3264 2797
2560 3915
2666 3692
3160 2913
3031 3055
2927 3212
3555 2714
3042 3094
2830 3462
3086 3084
3111 3069
3083 3108
3050 3158
3092 3123
3173 3075
3135 3174
3072 3306
3005 3478
2941 3604
2984 3523
3134 3299
2874 3829
3244 3163
3162 3330
3253 3198
3547 3001
3443 3102
3610 2974
3097 3620
3225 3442
3171 3521
3446 3225
3314 3417
3125 3765
3044 3928
3118 3861
3484 3361
3385 3514
3538 3378
3267 3739
3395 3539
3404 3635
3373 3673
3204 3943
3288 3814
3501 3553
3599 3455
3151 4059
3506 3656
3583 3573
3549 3669
3401 3843
3519 3715
3621 3576
3266 4012
3598 3640
3332 3951
3416 3890
3101 4182
3934 3103
3823 3477
3496 3965
3804 3560
3674 3809
3637 3866
3349 4120
3807 3637
3457 4054
3797 3678
3515 4070
3707 3847
3923 3475
3850 3756
3681 3976
3654 4009
3883 3748
3862 3864
3910 3940
3587 4214
3955 3681
3903 4117
3848 4162
1308641291 1472528885
1
sift 61
309 286
64 57
273 279
596 416
324 302
482 426
1694 926
529 441
573 471
1660 1005
577 486
719 529
1629 1036
783 702
842 694
1464 1210
886 767
910 800
1977 1670
1089 743
992 882
2947 1987
1044 903
1146 995
3201 3160
1266 945
1291 966
1301 1378
1559 1424
1638 1404
1564 1473
1411 1653
1766 1423
1515 1692
1860 1392
1697 1511
1743 1515
1958 1401
1853 1748
1970 1741
2148 1572
1976 1814
2288 1864
2560 1743
1975 2354
2267 2125
2209 2267
2437 2075
2677 1896
2517 2073
2861 1934
3158 1880
3167 1992
3215 2198
2690 2769
3005 2872
3231 2858
3135 3026
3151 3525
3496 3430
3834 3523
1308641291 1584042216
1
sift 78
309 297
899 1234
324 269
482 435
596 425
1288 1476
529 429
577 480
1694 936
1882 1217
573 484
719 583
1464 1069
2346 2595
782 649
816 669
1398 1124
2745 2549
842 709
789 815
1629 1084
2804 2544
886 835
1089 727
1660 1785
2617 3479
910 905
1044 848
1977 1580
3060 2844
1146 825
1291 1019
2377 2145
3800 2361
1383 1002
1301 1099
2313 2320
2969 3091
1460 1421
1548 1489
2325 2425
2872 3318
1559 1485
1741 1393
2831 2463
3063 3022
1638 1494
1783 1456
3256 2792
1743 1491
1411 1910
3723 3623
1860 1501
1975 1620
1853 1966
2148 1658
2238 1651
2437 1576
2560 1579
2288 2001
2267 2041
2203 2210
2216 2433
2517 2216
2995 2078
2861 2194
2294 2928
2791 2351
3167 2091
3005 2764
3011 2788
3151 2853
3135 2903
3309 2722
3264 3344
3496 3288
3707 3439
3915 3431
1308641291 1646429863
1
sift 97
195 165
579 364
548 355
533 453
549 468
522 664
609 500
750 570
607 635
800 665
1004 699
823 739
899 1233
1329 1281
1288 992
1314 1048
1413 1212
1290 1222
1241 1278
1546 1240
1358 1295
1423 1791
1505 1428
1663 1555
1882 1486
1956 1315
1713 1741
1877 1719
2085 2084
1758 1825
2079 1716
2155 2064
1959 2025
2088 1945
2401 1901
2236 1861
2307 1831
2207 2482
2263 1918
2503 1921
2378 2345
2568 1913
2357 2142
2927 2635
2397 2198
2287 2334
3009 2667
2619 2173
2346 2491
3391 2406
2694 2165
2582 2306
3042 2721
2556 2393
2617 2405
3097 3005
2675 2370
2929 2344
3240 2884
2832 2412
2745 2529
3883 2502
2813 2485
2770 2548
2598 3784
2804 2516
2708 2788
3092 3262
2909 2639
3208 2442
3457 3120
2945 2747
3063 2764
3501 3527
2970 2921
3180 2804
3803 3238
3060 2978
3256 3021
3746 3325
3359 2937
3499 2979
3819 3512
3273 3286
3600 3002
3907 3563
3428 3285
3377 3507
3934 3560
3436 3476
3636 3283
3830 3137
3579 3421
3853 3153
3874 3336
3835 3411
3736 3779
1308641291 1647351560
1
sift 794
67 78
50 64
17 19
397 337
126 100
26 31
104 134
99 101
28 39
780 502
195 190
34 37
487 402
190 163
61 80
614 860
215 183
59 92
570 605
244 196
72 83
751 746
376 356
74 94
752 833
251 250
98 111
796 763
474 431
105 105
869 781
301 265
114 129
855 830
475 488
127 120
1014 1060
377 294
145 116
1154 1106
522 483
129 141
1361 1289
365 383
138 139
1013 1447
548 498
143 153
1294 1470
406 354
151 151
1289 1401
549 504
158 166
1641 1179
481 338
161 179
1504 1411
533 532
205 152
1591 1370
466 349
186 168
1589 1396
579 525
209 184
1683 1560
503 484
208 193
1485 1603
589 531
165 256
1742 1821
615 516
232 185
1658 1655
610 574
191 222
2011 1627
575 645
223 202
1672 2036
607 598
217 218
2071 1845
673 571
252 199
1959 1778
611 627
247 203
1905 2038
679 579
241 209
1795 2004
513 998
302 205
1957 1976
682 723
271 229
2687 1361
773 684
273 230
2644 1521
800 685
265 239
2101 2088
823 785
267 249
2053 1971
837 772
294 228
2147 2196
859 829
286 245
2183 2296
817 812
307 244
2171 2169
928 884
234 322
2308 2212
793 859
323 252
2353 2026
1045 825
293 274
2379 2155
851 842
296 282
2307 2111
1182 997
326 266
1964 2699
848 970
331 284
2374 2383
899 1425
340 308
2299 2413
989 881
438 272
2304 2467
1157 1087
353 353
2544 2161
1063 872
410 312
2287 2513
1118 1312
360 362
2354 2431
1077 906
371 355
2413 2552
1140 1254
379 368
2454 2302
1076 945
312 509
2305 2675
1358 1102
362 412
2446 2465
884 1437
390 378
2582 2440
1290 1258
391 382
2432 2784
1196 1122
512 309
2397 2742
1314 1407
491 321
2817 2523
1425 1323
411 379
2999 2394
1311 1448
463 343
2614 2783
1335 1440
413 386
2538 2943
1436 1354
418 395
2730 2800
1282 1570
435 390
2744 3158
1505 1302
461 372
2697 2964
2081 1056
505 381
3126 3053
1663 1272
439 428
2711 3008
1624 1293
486 404
3563 2799
1288 1704
409 472
3306 2536
1519 1513
471 416
3311 3066
1535 1512
447 438
3398 3060
1423 1651
448 452
3273 3402
1413 1720
507 411
3431 3638
1531 1611
497 427
3572 3327
1725 1455
601 328
3473 3610
1642 1701
537 410
3510 3820
1882 1565
458 482
3666 3419
1714 1725
521 473
1758 1792
510 491
3931 3387
1646 1798
535 475
1713 1916
550 465
1770 1763
552 520
1873 1840
564 517
1877 1855
520 572
2346 1566
545 559
1961 1908
600 515
1816 2047
664 486
2141 1827
571 569
2088 1903
581 547
2079 1947
572 597
1692 2646
608 555
1797 2380
591 586
2030 2386
587 601
2120 1973
554 680
2967 1834
656 590
2028 2235
653 595
2436 2273
662 600
2236 2089
711 554
2357 2470
643 642
2201 2140
749 552
2378 2479
668 629
2188 2275
657 638
2373 2498
641 655
2337 2198
597 740
2694 2311
630 701
2393 2372
655 676
2452 2644
678 659
2361 2435
674 672
2556 2585
718 634
2311 2493
680 665
2675 2562
676 690
2430 2364
702 662
2803 2453
663 724
2481 2324
658 739
2619 2680
777 651
2425 2458
750 691
2929 2447
713 748
2266 2980
831 657
2745 2635
774 734
2615 2773
701 790
2617 2777
786 728
2911 2594
849 663
2681 2815
963 607
3122 2433
816 738
2813 2715
943 648
2770 2768
764 801
2443 3153
705 870
2804 2760
881 705
2741 2862
727 865
2887 2740
887 744
2927 2737
724 940
3130 2618
905 777
3321 2474
878 815
2771 2996
803 915
2866 2931
907 793
2909 2869
835 863
2832 2982
829 890
2742 3067
937 809
3092 2780
858 896
2778 3100
895 873
3030 2904
917 848
3062 2910
1035 760
3042 2972
746 1073
2899 3094
868 910
2988 3061
1011 788
3256 2861
912 889
3173 2960
1065 764
3272 2952
935 894
3457 2770
871 961
3377 2863
998 851
3097 3059
1029 849
3060 3163
933 958
3162 3037
1074 840
2664 3783
1096 819
3044 3135
906 1003
3071 3205
978 919
3180 3201
949 971
2959 3508
944 974
3170 3268
992 923
2937 3559
1209 762
3082 3492
961 979
3307 3287
1088 864
3063 3595
1095 883
3003 3764
1022 951
3359 3348
962 1022
3152 3631
979 990
3736 3091
1000 1012
3434 3427
1003 1040
3579 3346
1037 1020
3498 3450
1064 1009
3436 3541
1254 852
3229 3775
1062 1025
3501 3531
1203 893
3247 3786
1082 1032
3471 3562
1046 1074
3521 3560
1124 1010
3600 3516
1084 1072
3754 3366
1151 1038
3636 3597
1081 1096
3427 3801
1326 943
3745 3623
1109 1143
3576 3737
1168 1091
3807 3614
1148 1130
3650 3759
1238 1066
3803 3700
1150 1144
3560 3850
1173 1134
3863 3719
1066 1309
3830 3847
1004 1468
3874 3862
1191 1139
3942 3663
1180 1165
1184 1174
1212 1149
1278 1116
1287 1113
1340 1107
1189 1217
1166 1283
1264 1182
1263 1193
1176 1327
1330 1168
1354 1180
1174 1422
1259 1330
1286 1324
1135 1596
1222 1406
1337 1281
1145 1612
1349 1299
1315 1353
1428 1236
1321 1358
1240 1489
1374 1329
1443 1252
1329 1392
1454 1261
1481 1245
1195 1601
1552 1207
1576 1213
1396 1362
1376 1418
1352 1464
1364 1450
1475 1341
1262 1583
1479 1345
2086 1059
1487 1367
1466 1387
1447 1434
1424 1480
1491 1427
1468 1475
1654 1292
1495 1454
1546 1412
1408 1563
1588 1402
1687 1334
1486 1525
1528 1501
1511 1524
1727 1337
1564 1508
1711 1376
1524 1605
1621 1553
1739 1446
2093 1186
1776 1413
1559 1658
2008 1260
1653 1589
1673 1587
1637 1629
2075 1274
1565 1729
1597 1719
1718 1598
1246 2217
1780 1548
1757 1593
1928 1442
1768 1609
1662 1757
1703 1734
2072 1457
1515 1999
1619 1876
2129 1481
1918 1648
1666 1879
1827 1752
1834 1759
1781 1800
1941 1689
1925 1766
2233 1543
1852 1828
2306 1505
1870 1820
1699 2057
1878 1823
1806 1922
1829 1909
2094 1692
1691 2114
1539 2375
1754 2078
2047 1746
1958 1825
1908 1881
2095 1765
1956 1873
2046 1810
1904 1979
1890 2015
2013 1874
1811 2172
2032 1902
2610 1546
1946 2018
1950 2042
1756 2417
1861 2221
2067 1996
2052 2019
2335 1789
1874 2257
2225 1915
2148 1989
2202 1953
1922 2266
2112 2072
2156 2056
2134 2091
1989 2246
2154 2137
2194 2112
2078 2226
2150 2157
2217 2115
2158 2191
2121 2236
2090 2278
2196 2167
2231 2154
1943 2556
2064 2374
1753 2895
2003 2490
2724 1805
2260 2175
2197 2255
2130 2362
2409 2109
2185 2336
2482 2086
2269 2289
2380 2193
2262 2320
2255 2343
2282 2334
2627 2007
2709 1945
2021 2681
2248 2419
2366 2301
2847 1888
2651 2066
2359 2350
2383 2335
2420 2303
2422 2297
2082 2720
2400 2390
2472 2286
2302 2492
2468 2308
2570 2206
2347 2463
2370 2472
2546 2294
2319 2581
2495 2437
2414 2527
2612 2315
2514 2454
2631 2338
2465 2543
2439 2574
2485 2524
2658 2347
2580 2481
2453 2604
2532 2558
2358 2758
2613 2509
2581 2554
2824 2265
2518 2625
2549 2616
2986 2165
2639 2526
2605 2571
2702 2462
2643 2535
2622 2589
2727 2520
2851 2396
3523 1963
2641 2629
2598 2693
2401 2890
2632 2695
2449 2876
2677 2665
2636 2718
3158 2262
2913 2489
3144 2290
2825 2576
2874 2623
2725 2775
2410 3195
2645 2880
2688 2851
2786 2781
2690 2894
2506 3169
2958 2684
3263 2452
2684 2963
2455 3311
3555 2281
2756 2897
2897 2787
2717 3001
2822 2848
2706 3016
2609 3183
2657 3121
2989 2779
2991 2778
2799 2981
3031 2762
3088 2732
3392 2578
3010 2835
2894 2968
3604 2502
2940 2977
2982 2940
3610 2528
3176 2797
3072 2877
2941 3028
2921 3041
2962 3048
2696 3426
3118 2928
3200 2921
2796 3373
2539 3794
3137 3027
3191 2979
3286 2871
2922 3274
3116 3068
3111 3108
3302 2958
3077 3154
3015 3279
2886 3461
3231 3098
3204 3125
3233 3134
3083 3318
3080 3330
3050 3379
3221 3175
3147 3254
3253 3129
3100 3358
3230 3212
3133 3337
3240 3213
3266 3232
3315 3192
3349 3166
3407 3184
3291 3316
3410 3193
3086 3567
3093 3571
3114 3617
3326 3361
3448 3273
3374 3357
3244 3530
3418 3369
3226 3590
3549 3251
2760 3942
3476 3378
3617 3230
3401 3446
3506 3367
3394 3479
3639 3242
3443 3514
3752 3157
3278 3671
3583 3410
3663 3292
3744 3216
3433 3584
3518 3573
3591 3518
3400 3686
3559 3581
3288 3791
3351 3740
3484 3656
3526 3707
3544 3689
3239 3908
3403 3828
3568 3742
3886 3391
3735 3585
3720 3643
3515 3863
3750 3675
3661 3773
3804 3687
3712 3750
3910 3572
3488 3923
3758 3798
3934 3535
3952 3364
3877 3800
3916 3902
3923 3935
1308641291 1664374466
1
sift 176
64 71
125 136
86 75
95 80
187 198
150 160
157 166
263 214
177 222
202 237
273 227
225 240
249 211
291 234
246 231
267 230
278 253
332 295
357 229
339 272
444 398
366 340
429 356
534 450
496 370
482 414
617 511
529 399
573 441
746 447
577 452
602 520
587 589
565 642
719 639
765 627
782 660
816 661
892 700
826 720
789 850
838 810
886 769
992 873
890 771
863 813
1089 786
932 793
961 925
910 991
1079 824
1044 931
1039 949
1187 856
1097 927
1146 1046
1159 959
1047 1113
1595 816
1126 1073
1225 995
1291 1037
1008 1375
1341 1011
1209 1136
1263 1156
1404 1110
2064 864
1396 1123
1336 1215
1411 1149
1330 1252
1339 1284
1498 1213
1408 1231
1403 1249
1522 1322
1349 1389
1502 1327
1707 1190
1456 1362
1460 1386
1491 1382
1447 1431
1495 1404
1559 1366
1597 1467
1301 1610
1515 1470
1537 1647
1564 1432
1741 1346
1669 1567
1548 1503
1638 1468
1862 1457
1618 1609
1860 1486
1441 1911
1702 1621
1853 1511
2609 1191
1717 1642
1743 1630
2314 1369
1766 1632
1976 1582
1879 1685
1958 1687
2148 1585
1768 2011
2060 1731
1970 1926
2198 1650
2041 1784
2417 1581
2112 1824
1939 2017
2438 1651
1802 2241
2573 1593
2203 1871
2219 1866
2125 1953
2297 1839
2391 1742
2288 1946
2267 1969
2302 2052
2238 2032
2560 1793
2370 2066
2008 2479
2517 2243
2677 1919
2648 2099
2724 2089
3022 1840
2612 2315
3264 1859
3862 1666
3167 1967
2737 2372
3158 2103
2791 2430
2861 2379
2863 2366
2834 2500
2806 2554
2965 2536
2995 2539
3011 2868
2639 3188
2637 3213
3005 3385
2796 2929
3189 2533
3447 3297
2581 3594
2793 3189
3297 3619
2553 3661
3555 2446
3496 3549
3215 2856
2902 3484
3707 3629
2960 3627
3606 2771
3289 3505
3408 3408
3687 3050
3402 3615
3806 3300
3671 3578
3753 3599
1308641291 1724217577
1
sift 100
309 263
609 485
125 130
1360 1306
188 223
596 390
607 494
246 250
3742 4070
324 268
1696 961
628 530
339 269
396 330
1464 1163
823 699
540 304
482 406
1398 1290
948 1094
529 401
573 445
1275 1591
1288 1386
577 448
565 652
1629 1248
1713 1566
719 595
782 638
1660 1352
1877 1512
816 659
789 772
1977 1782
2088 2245
886 726
910 762
2377 1930
2804 2541
1044 834
1039 874
2402 2034
3002 2725
992 946
1146 868
2947 1864
3060 2920
1209 1086
1404 1041
2019 2976
3180 2889
1301 1298
1267 1339
2456 2582
3256 3174
1456 1345
1460 1373
2523 2704
3800 3245
1741 1190
1638 1300
2812 2503
1559 1461
1548 1483
1564 1540
1515 1679
1411 1837
1743 1555
1860 1529
2148 1576
1939 1706
1975 1813
1853 2018
2238 1678
1976 1931
2042 1890
2560 1573
2288 1942
2209 2127
2417 1927
2267 2187
2437 2117
2294 2745
2791 2242
3158 2078
2861 2360
2677 2585
2995 2637
3011 2683
3264 2834
3231 3479
3005 3981
3496 3786
3297 3998
3599 3703
3707 3510
3915 3850
3955 3895
3892 4095
1308641291 1735922398
1
sift 256
309 325
101 113
215 174
2101 3284
254 116
378 356
195 184
218 211
232 248
422 499
250 273
247 242
273 267
570 498
490 369
294 288
324 284
596 475
481 419
480 268
418 404
802 845
609 562
381 478
427 463
1260 1142
607 623
437 469
520 407
1694 1116
800 659
540 393
482 467
1398 1301
837 809
551 411
512 477
1464 1261
823 854
529 466
522 476
1360 1520
899 1325
549 460
552 525
1629 1428
1086 1097
573 510
577 521
1660 1756
1140 1074
604 506
625 572
1742 1805
1335 1292
746 702
719 719
1891 2026
1289 1398
786 685
782 692
1977 1967
2081 1032
750 723
760 748
2019 2631
1504 1476
943 631
816 756
2817 1936
1288 1760
789 781
887 761
2299 2477
1882 1453
847 788
1100 668
2325 2500
1590 1938
960 782
886 879
2313 2517
1713 1919
910 901
896 957
2377 2623
1877 1758
992 915
971 1005
2746 2286
2171 1875
1044 932
1081 914
2947 2128
2236 2129
1049 1001
1146 1044
2476 2683
2259 2191
1195 989
1035 1377
3306 2030
2088 2369
1383 1033
1209 1127
2831 2581
2311 2197
1291 1114
1240 1226
2973 2538
1980 2638
1228 1273
715 3499
2848 2955
2680 1939
1176 1480
1480 1166
2812 3496
2357 2317
1523 1246
1301 1515
3201 3245
2339 2392
1410 1400
1482 1406
3709 3009
2362 2480
1460 1437
1498 1431
3787 3423
2346 2494
1487 1457
1548 1493
3596 3977
2392 2452
1522 1547
1443 1646
1961 3021
1564 1569
1515 1688
2323 2582
1638 1596
1559 1673
2813 2200
1741 1541
1621 1656
2470 2548
1411 1930
1505 1840
2929 2288
1663 1736
1743 1710
2617 2687
1783 1686
1860 1662
2687 2675
2072 1490
1853 1685
2694 2684
1814 1737
1958 1660
2804 2637
1692 1948
1918 1820
2741 2743
1685 2183
1768 2112
2745 2754
1976 1846
1816 2076
2959 2762
2202 1716
1970 1913
3071 2738
1975 1968
2198 1876
2887 3013
2238 2006
2231 2024
3428 2640
2437 1886
2203 2122
2744 3367
2209 2142
2344 2083
3060 3047
2378 2070
2118 2383
2872 3363
2420 2095
2343 2198
3736 2616
2497 2060
2297 2269
3180 2993
2267 2318
2216 2393
3063 3150
2358 2496
2417 2440
3210 2992
2560 2308
2580 2332
2969 3389
1719 3729
2517 2483
3002 3474
3167 1989
2760 2310
3136 3355
2629 2507
2624 2634
3028 3628
2810 2569
2649 2727
3130 3623
2861 2574
2571 2957
3062 3703
2995 2604
2709 2892
3359 3376
3162 2541
2849 2806
3521 3287
3005 2760
2927 2985
3256 3579
3264 2745
3135 2909
3636 3262
3225 2914
3042 3167
3499 3539
3151 3106
3097 3175
3723 3491
3086 3253
3181 3163
3600 3698
3862 2785
3447 3234
3754 3750
3137 3685
3456 3418
3853 3924
3489 3412
3873 3103
3942 3804
3297 3714
3683 3446
3496 3650
3707 3502
3599 3740
3397 3978
3915 3587
1308641291 1738048405
1
sift 74
475 400
522 751
548 354
533 440
750 519
609 465
607 609
1037 902
823 722
899 1125
1066 1318
1314 1016
1290 1188
1329 1240
1413 1297
1288 1446
1523 1253
1358 1392
1423 1640
1546 1254
1663 1179
1882 1360
1505 1559
1725 1678
1713 1735
2822 1329
1877 1655
2568 1613
2401 1585
2088 1887
2263 1775
2085 1989
2155 1962
2357 2038
2378 1855
2346 2363
2617 2370
3044 1979
2675 2305
2804 2196
3097 2937
2694 2320
2813 2277
3240 2846
2832 2365
2745 2489
3883 2496
2929 2422
2770 2558
3457 3054
2988 2431
2909 2524
3934 2628
2741 2797
2945 2609
3391 3432
2970 2608
3063 2563
3803 3129
3359 2417
3060 2822
3501 3502
3180 2829
3428 3137
3907 3348
3256 3376
3579 3089
3600 3087
3436 3534
3636 3393
3521 3513
3933 3077
3830 3418
3874 3414
1308641291 1761909473
1
sift 74
195 180
522 651
475 395
609 467
750 526
607 599
800 614
549 944
823 656
899 1123
1037 900
1066 1297
1290 1231
1329 1223
1288 1360
1358 1357
1413 1261
1546 1229
1423 1666
1505 1346
1478 1484
1882 1356
1663 1563
1679 1641
1725 1655
2085 1984
1713 1705
1877 1684
2155 1951
2263 1748
2088 2034
2401 1869
2357 2039
2346 2634
2378 2118
2617 2376
2813 2177
3044 2085
2694 2298
2675 2349
2927 2536
2745 2392
2832 2332
3009 2612
2929 2289
2770 2479
3883 2368
2804 2542
2741 2673
3097 2993
2909 2516
2969 2483
3240 2931
2323 3270
3071 2597
3457 2869
3063 2763
3180 2724
3401 3063
3060 2887
3359 2758
3501 3482
3600 2852
2959 3512
3720 3452
2873 3626
3256 3282
3907 3728
3830 2909
3636 3313
3436 3541
3521 3488
3933 3075
3874 3412
1308641291 1789068863
1
sift 335
104 134
101 83
17 13
2081 1115
376 356
26 29
1154 1124
406 353
98 72
2085 2183
151 149
1256 1194
548 440
205 137
3044 2577
158 172
1370 1202
533 609
186 168
2866 2839
209 189
2053 2083
610 559
215 187
2887 3014
252 198
2285 1951
607 597
241 224
3377 3010
247 236
2454 2062
800 676
286 243
3521 3498
293 267
2310 2207
823 785
302 278
3501 3767
296 293
2817 2498
884 1013
284 318
331 292
3398 3622
1077 843
353 419
512 321
3724 3561
1076 967
413 406
418 407
3931 3923
1118 1158
390 459
363 500
1358 1078
486 405
439 466
1140 1445
537 416
535 431
1290 1296
521 467
522 522
1241 1344
552 507
579 502
1289 1418
589 567
608 575
1436 1393
571 633
656 588
1725 1266
611 632
653 643
1587 1438
657 671
764 653
1485 1572
643 772
750 685
1519 1593
849 637
701 773
1423 1721
887 672
1151 566
1590 1672
1065 623
998 662
1882 1726
724 888
917 719
1713 2024
1074 661
895 833
1758 1969
881 868
878 957
2687 1442
978 921
979 932
1877 1952
1096 840
1084 912
1959 1873
1037 975
1088 936
2088 1799
1045 1001
995 1048
2141 1949
1087 987
1064 1012
2120 1972
1062 1020
1000 1218
2101 2044
1180 1015
1326 1003
1961 2279
1148 1147
1264 1046
2079 2166
1066 1397
1191 1191
2307 1950
1082 1426
1478 1069
2236 2071
1286 1295
1203 1402
2338 2241
1330 1255
1337 1303
1981 2698
1259 1429
1486 1207
2304 2306
1443 1239
1321 1423
2357 2353
1329 1468
1487 1319
2470 2243
1466 1336
1475 1331
2361 2375
1408 1459
1546 1379
2346 2471
1469 1529
1524 1509
2373 2447
1505 1534
1780 1317
2287 2589
1621 1575
1529 1722
2397 2612
1413 1881
2003 1376
2481 2556
1768 1604
1565 1814
2694 2310
1739 1644
2103 1372
2582 2537
1588 1813
1834 1741
2675 2547
1781 1789
1815 1779
2503 2759
1690 1957
1829 1834
2929 2369
1907 1851
1919 1891
2568 2761
1946 1863
1956 1856
2750 2603
2013 1892
1666 2364
2967 2514
2409 1669
1816 2248
2745 2731
1875 2255
1691 2596
2741 2750
1989 2138
2194 1942
2742 2762
2134 2073
2196 2041
2803 2760
2198 2106
2158 2165
2770 2854
2156 2182
2512 1921
3321 2430
2217 2209
2380 2125
2945 2924
2155 2388
2709 1874
2619 3411
2580 1997
2090 2542
2909 2997
2185 2432
2468 2134
2832 3133
2231 2404
2378 2278
2744 3307
2399 2312
2212 2585
3208 2879
2420 2330
2358 2455
3256 2923
2612 2244
2262 2650
3062 3134
2840 2147
2774 2213
2911 3366
2414 2644
2613 2478
2804 3538
2822 2245
2366 2753
3136 3109
2518 2662
2150 3113
3754 2701
2786 2387
2401 2833
3071 3275
2702 2535
2465 2769
3060 3336
2986 2266
2958 2320
2969 3520
2662 2647
2782 2529
2985 3643
2636 2692
2609 2728
3063 3560
2485 2851
2639 2705
3180 3399
2605 2748
3610 2069
3122 3597
3191 2305
2799 2665
3510 3196
2688 2842
2598 3000
3082 3709
2897 2732
2940 2734
3003 3919
2717 2983
2684 3071
3498 3466
3111 2672
3392 2521
3307 3671
2645 3230
2921 2886
3572 3417
3009 2930
3031 2941
3436 3619
2894 3093
3072 2926
3359 3692
3042 3039
3015 3111
3636 3451
3173 2969
3316 2852
3600 3707
3083 3077
3253 2956
3874 3550
3203 3007
3090 3124
3830 3691
3097 3117
3118 3110
3863 3886
3089 3191
3515 2949
3244 3156
3232 3220
3086 3419
3240 3286
3407 3180
3506 3105
3137 3473
3433 3253
3538 3203
2825 3929
3769 3002
3457 3322
3401 3429
3266 3595
3484 3382
3673 3175
3712 3154
3568 3438
3519 3514
3400 3630
3077 3915
3559 3490
3443 3747
3471 3810
3745 3570
3934 3309
3886 3740
3804 3844
3489 3977
1308641291 1923562747
1
sift 127
195 177
331 278
548 351
533 488
551 376
579 388
609 501
549 510
522 613
607 651
741 545
750 597
800 658
701 698
823 743
884 1000
714 929
1004 708
899 1196
1064 1020
1013 1055
1140 1181
1329 1297
1217 1189
1314 1120
1546 1149
1290 1172
1241 1237
1523 1226
1289 1320
1358 1406
1505 1421
1288 1536
1485 1441
1663 1527
1423 1552
1882 1256
1956 1328
1725 1389
1713 1734
2194 1542
1758 1769
1877 1706
1946 1764
2307 1681
2120 1854
2822 1491
2085 1904
2079 1957
2155 2225
2088 1954
2236 1857
2378 2287
2263 1834
2323 1863
3144 1902
2346 2062
1980 2458
2688 2264
2357 2089
2397 2158
3044 2156
2503 2052
2287 2282
2464 2786
2568 2100
2582 2132
2894 2457
2619 2135
2556 2304
3173 2370
2373 2514
2617 2411
3883 1995
2675 2352
2813 2253
2927 2710
2745 2412
2929 2268
2849 2887
2832 2362
2770 2534
3010 2809
2887 2520
3208 2303
3042 2999
2687 2736
2945 2533
2702 3508
2909 2705
2804 2873
3253 2801
2969 2759
3071 2662
3097 3003
3063 2832
2744 3249
3457 2981
2959 3083
3060 3018
3266 3245
2873 3256
3359 2725
3240 3357
3180 2960
3256 2896
3401 3515
3499 2811
3210 3133
3746 3371
3062 3323
3273 3257
3934 3186
3436 3192
3723 2954
3820 3574
3307 3369
3428 3302
3803 3719
3579 3185
3636 3197
3600 3424
3736 3254
3800 3276
3830 3498
3874 3479
3835 3553
1308641291 1988776702
1
sift 58
195 193
1037 938
609 488
607 637
1066 1299
800 670
823 752
1546 1250
899 1102
1314 1050
1413 1383
1290 1297
1288 1374
1478 1311
1358 1441
1423 1726
1663 1556
1882 1380
1713 1606
2401 1636
1877 1656
2088 2201
2085 1959
2155 1943
2568 2063
2378 1999
2346 2315
2675 2146
3044 1862
2694 2226
2617 2436
3934 1750
2804 2307
2832 2298
2927 2640
2770 2371
2745 2430
3883 2209
2929 2349
2969 2395
3457 2900
2909 2438
3063 2426
3092 3558
2988 2590
3060 2703
3803 2962
3180 2697
2959 3114
3256 2823
3723 2688
3600 2884
2873 3616
3800 2910
3521 3391
3579 3320
3853 3128
3933 2975
1308641291 2046133546
1
sift 67
309 329
246 246
263 261
273 266
1464 1378
339 290
789 805
482 433
1660 1264
529 515
1089 874
573 503
2812 2505
577 494
1291 1169
719 708
765 725
1301 1579
782 721
816 713
1411 1699
842 767
886 793
1638 1688
910 861
992 931
2560 1978
1044 929
1266 965
2437 2277
1146 1185
1047 1413
2791 2575
1403 1273
1209 1509
3151 3431
1548 1497
1522 1552
3446 3076
1456 1633
1564 1626
1491 1722
1559 1678
1958 1504
1743 1730
1515 2039
1766 1850
1939 1778
1976 1762
2148 1704
1853 2317
1975 2222
2288 1946
1970 2517
2267 2336
2216 2397
2677 2021
2209 2640
2517 2346
3264 1838
3158 2102
2723 2686
2861 2577
2995 2711
3231 2884
3606 2557
3297 3251
1308641291 2080441786
1
sift 274
67 68
49 102
95 76
2645 2923
309 287
101 110
422 550
254 430
125 140
324 309
174 215
596 559
310 376
179 222
577 522
202 250
652 554
489 331
249 209
759 659
267 239
1450 1184
406 434
232 294
719 717
273 276
1464 1304
548 388
332 339
1291 1155
438 378
1398 1414
607 578
444 449
1267 1301
482 432
1360 1527
735 761
427 540
1301 1502
529 475
1694 1493
673 895
617 396
1548 1401
534 489
1660 1593
773 922
447 603
1638 1642
573 496
1629 1711
823 870
553 536
1939 1767
579 502
1891 1941
1048 912
478 672
2203 1669
595 569
1977 1912
1086 923
650 591
1975 1953
765 664
2817 2080
1052 983
809 666
2216 1961
656 869
2746 2391
1157 1013
783 771
2560 1996
816 740
2685 2748
1290 1450
887 732
2437 2422
789 832
2973 2522
1531 1525
863 784
1976 3497
886 825
2523 2999
1519 1578
960 783
3306 2298
890 848
2812 2717
1725 1470
892 939
2861 2650
896 957
2947 2848
1713 1864
910 955
3011 2735
847 1030
3201 3208
1882 1710
1045 844
3213 3255
943 931
3533 3656
1877 1762
992 938
3005 3964
1044 946
3299 4140
2079 1814
995 1007
3446 3150
1039 1015
3645 3673
2239 1925
1126 937
971 1180
2357 2259
1146 1024
1035 1212
2088 2605
1150 1095
1030 1282
2337 2385
1323 1038
1341 1055
2392 2336
1238 1122
1159 1250
2393 2574
1209 1198
1047 1673
2481 2536
1438 1140
1404 1165
2694 2429
1287 1259
1396 1219
2929 2270
1283 1380
1277 1466
2617 2629
1410 1349
1336 1454
2741 2608
1403 1381
1408 1382
2959 2578
1447 1384
2167 1029
2804 2699
1482 1415
1498 1411
2346 3733
1689 1264
1456 1476
2777 2832
1460 1486
1349 1618
2883 2745
1523 1508
1522 1540
2745 2987
1564 1495
1505 1546
2770 3005
1496 1628
1491 1688
3002 2782
1741 1543
1411 1842
3694 2424
1559 1691
1816 1515
2803 3237
1537 1788
1743 1631
3071 3075
1598 1785
1853 1591
3427 2790
2224 1339
1766 1672
2988 3404
1860 1638
1515 2050
3063 3307
2026 1561
1702 1825
3060 3509
1717 1938
1768 2047
3136 3405
1881 1897
2046 1746
3082 3790
2148 1751
2042 1876
3180 3664
1970 1991
2198 1807
3567 3142
1908 2180
2297 1866
3062 4078
2302 1885
2261 1958
3210 3802
2238 2044
2288 2076
3256 3890
1803 2792
2378 2067
3636 3306
2267 2274
2219 2364
3800 3152
2209 2395
2775 1867
3863 3655
2228 2556
2255 2547
3579 4225
2343 2447
2629 2250
3723 4212
2677 2199
2649 2263
3600 4348
2091 2984
2531 2517
3887 4104
2573 2520
2633 2542
3942 4011
2365 3070
3158 2236
2612 2959
2636 3022
2639 3032
2995 2795
2622 3411
2519 3861
2792 3105
3862 2338
3397 2662
3231 2801
2833 3312
3850 2414
3173 2925
3264 2916
3220 3033
2709 4197
3345 2992
3114 3397
3086 3484
3151 3359
3111 3465
3690 2988
2878 4370
3408 4050
3599 4003
3309 4311
3456 4274
3906 3533
3496 4265
3910 3678
3707 4203
3955 3232
3834 4315
3915 4333
1308641291 2102469315
1
sift 89
596 487
49 59
146 161
609 533
1260 1196
607 609
1413 1327
823 819
1398 1214
3459 400
1482 1315
1093 943
1694 1175
899 1195
1505 1504
1157 1154
1629 1271
1725 1072
2378 2100
1290 1409
1871 1269
1485 1382
2760 2241
1288 1602
1977 1690
1882 1487
3253 2007
1758 1701
2020 1954
1590 1903
2927 2868
1713 1807
2325 2454
1877 1754
3862 3135
2079 1716
2476 2585
2171 1865
3456 3601
2119 1975
2973 2536
2263 2076
3907 3364
2340 2204
2831 3094
2088 2581
2323 2328
3398 3386
2777 1899
2357 2333
2568 2256
2392 2436
2346 2556
2582 2472
2694 2528
2745 2619
2741 2728
2617 2927
3062 2520
2945 2771
2813 2904
2959 2838
2969 2860
2909 2916
3063 2805
3060 2835
3180 2784
2804 3357
2744 3478
2872 3321
3126 3008
2929 3334
2883 3431
3499 2935
3359 3065
3210 3295
3002 3677
3256 3396
3636 3352
3436 3699
3830 3347
3307 3863
3723 3482
3579 3696
3600 3726
3835 3535
3853 3541
3650 3907
3959 3954
