1431199262 1472528885
1
sift 104
152 171
206 241
251 279
252 285
557 618
266 284
294 286
1084 898
288 297
289 302
1076 1194
424 319
466 426
2243 1760
532 416
501 441
2273 2152
527 472
529 485
2852 2372
556 515
572 539
3352 2211
637 614
699 594
3111 2753
698 635
753 602
3233 3306
756 678
746 703
779 694
774 702
825 773
901 767
907 800
913 882
1030 802
1142 765
1005 903
1048 872
1104 915
1064 995
1162 966
1196 958
1628 799
1121 1100
1328 946
1194 1107
1433 965
1263 1173
1543 1036
1497 1094
1368 1210
1447 1374
1707 1378
1618 1473
1689 1424
1728 1423
1779 1392
1722 1515
1634 1692
2088 1328
1941 1446
1639 1844
1755 1747
1810 1653
1766 1814
1951 1572
1858 1741
1859 1797
1925 1761
2085 1670
2045 1830
2010 1896
1940 2029
2038 1954
2148 2066
2509 1868
2257 2060
2513 1880
2461 1987
2095 2267
2340 2125
2405 2074
2162 2354
2576 2075
2664 2034
2878 1934
2204 2850
2891 2333
2642 2791
3242 2248
3141 2313
3059 2966
3244 2845
3174 3026
3377 2936
3478 2872
3342 3160
3390 3436
3965 3430
4074 3355
4059 3525
1431199262 1584042216
1
sift 209
651 536
247 244
106 118
1115 808
125 134
681 628
440 571
206 237
2270 1936
234 261
850 662
585 578
289 269
2496 1818
288 294
969 647
730 545
294 297
3250 2293
210 389
785 855
682 585
424 258
4143 3769
453 363
845 821
703 632
466 435
501 429
1097 735
578 823
532 425
530 480
1234 1061
740 650
527 485
556 479
1473 1166
815 684
543 525
608 540
1698 1192
853 800
557 613
699 574
2103 3320
1066 913
762 583
774 648
2971 2889
996 1029
756 669
737 815
3148 3122
1059 1115
825 782
901 835
3708 3399
1419 1116
1555 581
907 905
3836 3682
1569 1085
1005 848
986 882
1530 1208
1064 825
1104 859
1672 1217
1084 920
1142 868
1748 1198
1028 1002
1076 984
1547 1440
1116 1043
1162 1049
1836 1234
1080 1297
1130 1313
1665 1436
1368 1069
1382 1124
1568 1535
1543 1084
1263 1309
1409 1874
1497 1135
1628 1075
1566 1830
1707 1099
1378 1421
1886 1476
1388 1489
1542 1393
1727 1755
1548 1582
1728 1456
2138 1679
1689 1485
1618 1569
2051 1763
1722 1491
2391 1113
1911 1999
1779 1501
1897 1507
2078 1957
2088 1541
1649 2098
2489 1689
1955 1651
1951 1658
2571 1832
2085 1580
1756 1966
2348 2164
1810 1910
1870 1833
2720 2175
2162 1620
2243 1584
2711 2226
2038 1710
1859 1947
2677 2262
1994 1855
2110 1753
2658 2310
2132 1837
2576 1576
2872 2549
2043 1983
2095 2029
3346 2361
2187 1945
2185 2001
2404 3479
2011 2223
2461 1773
2860 2770
2273 2084
2340 2041
3311 2460
2099 2281
1979 2495
3215 2595
2212 2347
2405 2215
2985 2888
2485 2145
2586 2068
3435 2844
2181 2433
2666 2058
3240 3022
2584 2132
2426 2304
3837 2696
2364 2524
2610 2320
4034 2544
2934 2078
2565 2425
3926 2792
2680 2351
3653 1747
3538 3167
2877 2193
2891 2364
3645 3091
3141 2202
2994 2463
3321 3513
2858 2649
2852 2702
3712 3328
2745 2928
2964 2636
3807 3607
3111 2640
3949 2368
3842 3623
2797 3344
3352 2668
4164 3521
3059 2993
3174 2903
4232 3318
3377 2808
3283 2894
3478 2764
3613 2707
3566 2759
3648 2722
3233 3117
3133 3350
3359 3254
3874 2851
3586 3140
4184 2615
3672 3149
3395 3492
4059 2853
3726 3442
3965 3288
3847 3439
4074 3528
3894 3780
1431199262 1646429863
1
sift 262
673 588
173 170
13 27
120 132
2245 2441
520 476
158 165
189 194
2856 2456
596 500
199 177
214 241
2869 2535
591 514
278 251
307 291
2248 3577
585 524
397 318
416 355
2866 2907
551 559
482 352
450 413
2718 3119
578 547
494 443
485 453
3036 3086
546 591
521 471
560 474
3643 2784
644 515
472 664
563 535
3286 3267
621 635
506 663
641 526
3836 3649
682 599
660 583
594 719
703 612
666 655
690 665
740 656
822 628
798 598
692 761
795 674
853 739
815 819
944 699
1114 602
915 855
1001 714
959 781
996 931
938 852
1117 736
1066 1039
972 860
998 884
1220 891
991 913
1049 909
1229 1222
1047 930
957 1047
1419 1166
1075 1045
1067 1077
1342 1246
1011 1213
1325 1005
1329 1279
1489 929
1164 1221
1886 992
1096 1446
1326 1240
1356 1471
1510 1148
1685 1082
1480 1348
1337 1460
1547 1339
1409 1506
1496 1396
1297 1601
1502 1490
1212 1685
1537 1418
1569 1476
1455 1585
1349 1687
1717 1367
1472 1674
1836 1233
1672 1486
1839 1315
1837 1321
1748 1480
1781 1428
1670 1560
1727 1607
1939 1555
2123 1519
1806 1741
1872 1697
1715 1868
1875 1719
1677 2006
2080 1700
1566 2384
1913 1823
1867 1861
2078 1841
2143 1716
2029 1807
2138 1817
2036 1819
1665 2413
2047 1909
1266 3405
2173 1831
2227 1945
2436 1723
2355 1773
2155 2025
1977 2003
2186 1855
2145 2081
2349 1806
2062 1985
2348 1937
1902 2154
2241 1895
2051 2182
2318 1884
2115 2084
2164 2334
3683 1509
2130 2222
2571 2032
2492 1960
2351 2173
2658 2002
2409 2139
2431 2142
2720 2080
2265 2345
2799 1953
2362 2434
2824 1935
2886 1901
2404 2405
2396 2309
2502 2241
2497 2330
2414 2344
2774 2064
2711 2195
2298 2485
2617 2315
2677 2310
2723 2233
2445 2547
2672 2362
2569 2504
2511 2524
2676 2444
2685 2439
2984 2162
2356 2789
2781 2596
2791 2454
2808 2442
2810 2605
2619 2758
2872 2529
2942 2495
2847 2618
2860 2649
3928 2115
2805 2766
2918 2666
3095 2548
3314 2414
3215 2491
2958 2713
3126 2644
2985 2791
3256 2583
3212 2635
3201 2670
3042 2747
3204 2681
3310 2657
3160 2708
2928 2902
3770 2471
3353 2639
2922 2932
3053 2880
3748 2502
3240 2764
3321 2872
3489 2752
4034 2516
3632 2804
3547 2770
3205 3029
3428 2953
4022 2607
3309 3019
3435 2978
3456 2937
3239 3100
3646 2921
3077 3285
4145 2633
3837 2877
3620 3005
3319 3283
3807 3010
3618 3096
3378 3277
3711 3152
3658 3112
3875 2979
3538 3269
3103 3560
3922 3002
3926 3021
3945 3023
4050 2930
3526 3397
3816 3137
3994 2990
3578 3470
3553 3527
3978 3201
3842 3458
4054 3120
3987 3279
4142 3180
3877 3538
3962 3411
4137 3359
3896 3540
4081 3336
4164 3428
3924 3544
4056 3419
4069 3660
3706 3751
4113 3421
3984 3723
3990 3816
1431199262 1647351560
1
sift 558
387 337
136 106
4 16
225 271
13 27
11 26
2266 2394
138 154
40 64
405 398
68 86
46 56
2963 2414
173 196
30 83
440 544
120 144
44 85
2512 2943
235 204
88 101
578 541
165 150
135 120
3250 2875
245 258
154 116
594 558
158 190
118 153
3286 3096
327 356
134 151
994 830
191 183
145 152
3910 3046
520 518
193 168
1110 1106
295 317
132 256
4097 3607
597 574
190 184
1409 1185
375 513
198 202
4224 3924
514 678
194 218
1363 1411
416 498
227 203
621 598
237 199
1391 1382
450 487
217 209
704 593
239 239
1480 1447
494 447
251 230
740 713
266 216
1611 1401
472 483
285 205
798 721
265 227
1502 1544
492 504
264 247
815 807
268 245
1566 1617
485 532
303 252
853 785
278 284
1718 1529
524 525
296 324
1059 707
318 308
1727 1600
521 546
411 272
915 983
244 508
1717 1782
582 531
336 354
1066 1056
326 392
1748 1786
506 677
355 385
1229 1258
425 338
2206 1458
660 639
350 412
1342 1305
449 328
1665 1952
806 571
372 395
1588 1150
392 404
1804 1821
690 685
413 386
1530 1555
397 406
2155 1778
720 712
465 472
1672 1565
480 475
1844 2071
729 737
550 429
1836 1425
580 468
1938 1974
872 684
587 517
1911 1493
512 645
2145 2051
795 829
577 596
1886 1704
631 555
2068 2183
935 825
625 569
1806 1916
641 635
2173 2111
988 855
534 801
1875 1855
590 739
2387 1980
974 934
770 580
2227 1903
645 724
2076 2270
1067 925
668 697
2047 2144
734 672
2362 2088
1255 931
870 600
2511 1907
810 640
2033 2467
1096 1118
826 648
1987 2549
895 642
2356 2256
1140 1087
783 744
2202 2381
873 658
2164 2513
1122 1254
838 691
2571 2363
1031 607
2581 2512
1147 1312
924 683
2672 2475
791 818
2732 2427
1297 1455
782 841
2995 2155
857 797
2595 2645
1472 1440
824 848
2404 2777
1001 790
2720 2561
1338 1651
839 929
3215 2122
1080 762
2711 2606
1781 1302
1085 764
2677 2644
1006 839
2676 2649
1613 1533
913 923
2678 2733
822 1035
2791 2642
1479 1720
938 920
3474 2178
800 1073
3790 2348
1939 1272
959 965
2872 2635
1047 912
2860 2966
1676 1611
889 1072
3310 2754
972 991
2941 3044
1601 1714
991 1020
4198 2292
1075 937
3199 2984
1670 1673
1024 1005
3202 3020
1046 979
3176 3187
1685 1702
998 1077
3053 3226
1102 1009
3429 3060
2036 1451
1036 1096
3132 3205
1053 1130
3472 3053
1789 1670
566 3502
4034 2760
1275 1025
3020 3610
2468 1241
1256 1040
3926 2861
1137 1116
3578 3314
1714 1840
944 1468
3435 3163
1014 1392
3710 3323
1811 2047
1212 1091
3632 3201
1221 1144
3884 3327
2062 1829
1193 1168
3240 3595
1174 1193
3959 3329
2355 1733
1769 943
3526 3455
1283 1161
3837 3471
1977 2013
1160 1264
3868 3202
1576 1048
3751 3645
2130 1895
1428 1113
3538 3781
1294 1217
3807 3771
2090 1920
1267 1281
1217 1337
2029 2059
1417 1179
1164 1435
2143 1947
1335 1246
1156 1489
2102 2081
1288 1330
1262 1370
1787 2647
1321 1324
1337 1309
2317 2173
1325 1331
1483 1252
2241 2314
1326 1412
1293 1471
2569 2124
1452 1341
1455 1340
2396 2337
1205 1601
1385 1434
2265 2479
1435 1402
1531 1327
2414 2447
1504 1367
1448 1459
2874 2048
1403 1519
1411 1511
2431 2470
1357 1563
1682 1299
2448 2498
1589 1413
1489 1520
2298 2715
1671 1353
1499 1539
2351 2680
1592 1474
1639 1427
2824 2269
1528 1532
1496 1585
3067 2159
1618 1508
1622 1513
2617 2672
1319 1810
1358 1804
2502 2773
1950 1230
1840 1444
2671 2701
1689 1658
1803 1553
2942 2584
1510 1879
1514 1967
2645 2905
1710 1759
1497 1990
2922 2700
1715 1763
1807 1648
2911 2725
2136 1442
1467 2147
2805 2862
1399 2307
1914 1609
3047 2674
1437 2246
1866 1675
3000 2740
1634 1999
1854 1746
2810 2956
1913 1717
2168 1554
3276 2618
1661 2086
1775 1953
3095 2768
2016 1747
1839 1873
3212 2737
1668 2164
1872 1886
3123 2780
1956 1823
2081 1762
2958 2994
1893 1930
1867 2089
3093 2973
1951 1989
2272 1781
3007 3061
1773 2320
2064 1928
3353 2869
2106 1902
2137 1915
2847 3363
2123 1931
2079 2025
3339 2910
1902 2260
1949 2221
3126 3051
1984 2222
1959 2312
3205 3043
2411 1908
2460 1888
3330 3037
2294 2034
2430 1927
3822 2863
2042 2278
2664 1805
3009 3508
2216 2154
2190 2176
4054 2770
2176 2198
2170 2303
3896 2883
2544 2008
2127 2396
3620 3059
2807 1843
2453 2116
3272 3283
2218 2344
2339 2226
3521 3269
2120 2481
2098 2536
3456 3348
1974 2681
2447 2193
3319 3597
2287 2372
2010 2665
3928 3135
2349 2310
2140 2523
3704 3398
2652 2114
2315 2434
3618 3476
2121 2616
2492 2234
3982 3173
2513 2262
2336 2494
3553 3531
2436 2426
2665 2206
3904 3366
2474 2390
2774 2138
3424 3732
2566 2315
2520 2364
3637 3614
2417 2558
2538 2524
3875 3449
2867 2290
2594 2578
3737 3635
2682 2526
2781 2477
3922 3516
2799 2484
2491 2783
3889 3541
2989 2324
2782 2571
3924 3557
2592 2758
2954 2462
4113 3346
2944 2527
3085 2437
3878 3655
3066 2458
2974 2528
3873 3663
2412 3094
2749 2821
3706 3788
2734 2848
2980 2619
3850 3713
2694 2927
2875 2761
3816 3847
3010 2643
2937 2719
4055 3764
2757 2981
2903 2820
4221 3492
3039 2729
2886 2890
4081 3862
3055 2762
2685 3164
2809 3041
3794 2455
3259 2695
2705 3274
3623 2693
3307 2878
3204 2942
2920 3230
3170 3001
3542 2796
3069 3108
3090 3103
3265 3063
3198 3129
3175 3240
3106 3317
3604 3028
3761 2936
3861 2928
3309 3257
3158 3379
3102 3514
3103 3535
3084 3567
4015 2924
2707 3942
3669 3251
3513 3352
3658 3305
3572 3409
3943 3125
3673 3355
3451 3534
3635 3407
3077 3802
3541 3479
3825 3292
3902 3239
3391 3625
3360 3657
3368 3667
3984 3189
4145 3081
4012 3232
3983 3287
3843 3446
3560 3687
3940 3572
4088 3413
3987 3588
3814 3791
4056 3603
4057 3620
3475 3935
4050 3841
4070 3863
4168 3868
1431199262 1664374466
1
sift 83
98 126
152 183
251 227
780 630
266 252
607 548
289 293
1057 773
466 414
1201 1185
501 399
1429 944
527 442
1264 1194
529 451
1499 1414
762 639
1263 1442
697 720
1972 1575
756 661
2273 1998
774 659
2010 1919
836 709
1957 3483
901 769
2513 2103
913 873
2964 2837
907 991
2539 2830
1005 931
1030 949
3070 2937
1023 982
1389 766
3583 3113
1064 1046
1104 1100
3390 3347
1162 1037
1653 864
4110 3601
1378 1386
1524 1322
1497 1361
1542 1346
1388 1503
1639 1382
1689 1366
1618 1432
1634 1470
1779 1486
1755 1510
1707 1610
1722 1630
1728 1632
1766 1582
1604 1871
1951 1585
1870 1839
1858 1926
1856 2017
2509 1581
1955 2032
2190 1907
2577 1651
2185 1946
2340 1969
2095 2421
2797 1859
2405 2244
2664 2089
2877 2380
2934 2539
3059 3114
3422 2803
3478 3385
3774 3603
3965 3549
3847 3629
3502 3730
1431199262 1707515443
1
sift 115
246 229
120 127
214 234
546 418
397 286
494 436
596 500
521 456
560 502
585 544
506 690
641 532
703 595
563 597
660 579
682 654
822 565
740 689
815 617
1114 563
692 804
853 725
1117 616
872 802
1066 926
938 819
959 811
996 1012
991 935
1220 842
1059 1057
1075 1007
1096 1169
1419 1071
1212 1371
1342 1186
1502 1405
1337 1261
1496 1332
1530 1481
1472 1700
1409 1587
1748 1315
1837 1419
2123 1252
1727 1563
1872 1640
1677 2083
2138 1621
1913 1780
2080 1676
2047 1796
2349 1558
2029 1853
2078 1863
2241 1805
2062 2000
2051 2028
1977 2131
2348 1815
2145 1986
2492 1774
2318 1893
2571 1940
1902 2323
2115 2223
2677 2091
2886 1723
2355 2063
2658 2105
2396 2162
2723 1948
2404 2346
2502 2121
2774 1991
2711 2112
2617 2344
2581 2236
3711 1730
2810 2320
2710 2302
2672 2373
2685 2574
2720 2395
2676 2477
2799 2461
2791 2494
2860 2533
2942 2642
2445 3183
3310 2587
3126 2578
3748 2334
2985 2840
4050 2279
2922 3031
3321 3152
3489 2725
3945 2538
3807 2886
3204 3095
3877 2902
4142 2767
3326 3417
3309 3470
3538 3388
3658 3261
3578 3476
4164 3383
4168 2940
3896 3477
4233 3735
3816 3612
3984 3603
4113 3484
1431199262 1724217577
1
sift 292
238 183
327 516
34 41
1234 1179
535 473
45 66
615 434
596 485
125 130
2096 1027
651 537
152 146
693 507
621 494
167 253
1690 1641
673 526
228 204
548 675
853 699
234 242
3722 3073
681 624
244 227
747 655
915 1094
266 240
3832 3074
850 683
251 259
841 696
1220 1000
294 263
785 865
288 267
958 763
1363 1205
289 268
969 862
381 205
1141 1056
1530 1154
302 269
1195 1014
424 244
1471 893
1569 1268
347 319
2270 707
441 304
1473 1234
1635 1511
453 306
1500 1306
450 311
1696 1505
1886 1386
454 336
1698 1905
407 423
1798 1842
1806 1566
466 406
2278 1708
600 326
2175 1936
1875 1512
501 401
2222 2040
532 390
2103 2164
2202 2012
590 371
1874 2670
527 446
2163 2455
2227 2245
529 447
2248 2416
556 469
2259 2529
2708 2380
569 518
2697 2192
658 535
2900 2348
2677 2410
699 548
3314 2068
714 561
3024 2273
2742 2966
643 651
2870 2613
746 587
3207 2477
4034 2541
835 515
3863 2352
762 595
2857 3663
3435 2920
753 614
3234 3104
774 639
3373 3077
3632 2889
756 659
3351 3234
677 846
3148 3515
3346 3245
737 772
3697 3000
965 650
3270 3606
4069 2808
968 674
3210 3841
901 726
3797 3228
3926 3174
907 762
3849 3290
943 823
3881 3456
3429 3951
885 896
3708 3752
899 911
3947 4002
4152 3736
1005 834
913 946
1030 874
1023 915
1064 868
1570 652
1104 918
1142 879
1084 942
949 1129
1196 856
1305 843
1653 713
1073 1051
1282 923
1076 1186
1307 936
1051 1329
1201 1077
1451 999
1121 1406
1433 1064
1194 1269
1681 956
1368 1163
1263 1275
1130 1562
1382 1290
1328 1339
1542 1190
1378 1373
1543 1248
1389 1411
1432 1401
1444 1396
1628 1246
1450 1393
1388 1483
1707 1298
1620 1372
1548 1490
1618 1540
1689 1461
2390 1062
1728 1516
1649 1600
1501 1738
1722 1555
1779 1529
1512 1796
1555 1743
1634 1679
1639 1844
1951 1576
1925 1622
1817 1757
1856 1706
1810 1837
1955 1678
1766 1931
1756 2018
1825 1880
1956 1830
1859 1969
1940 1897
2045 1822
2085 1782
2243 1752
2162 1813
2132 1849
2089 1903
1980 2100
2004 2098
2098 1995
2887 1544
2185 1942
1936 2244
2099 2053
1897 2304
2587 1726
2181 2066
2225 2032
2461 1864
2410 1907
2148 2175
2273 2049
2207 2137
2190 2153
2212 2140
2137 2234
2281 2114
2485 1930
2509 1927
2426 2063
2142 2329
2340 2187
2333 2219
2513 2078
2010 2585
2565 2094
2576 2117
2817 1912
2405 2347
2584 2210
2680 2242
2586 2354
2204 2787
2664 2438
3037 2109
3147 2034
3154 2119
2877 2359
3141 2314
2491 2980
2745 2745
2315 3522
2934 2637
3017 2552
2955 2608
2797 2834
3798 2239
3481 2393
2858 2837
3242 2503
3949 2216
3111 2708
2838 3089
3012 2885
2903 3090
2633 3790
3994 2511
3613 2794
3359 2947
3233 3142
3305 3163
3342 3254
4055 2726
3353 3285
3775 2946
3352 3329
3465 3310
3193 3727
3726 3210
3717 3227
3059 3952
3935 3016
3283 3798
3455 3703
3375 3837
4066 3023
3847 3510
3706 3767
3894 3541
3478 3981
3681 3895
3869 3739
3769 3865
3377 4066
3965 3786
4110 3956
1431199262 1735922398
1
sift 822
41 28
136 116
13 11
910 857
323 377
46 34
94 87
138 160
61 49
923 864
399 436
56 58
207 173
173 188
60 57
2270 796
405 440
80 98
155 255
245 235
85 113
1379 1216
440 488
84 122
238 226
349 308
99 109
1701 1243
615 398
92 137
376 362
348 356
88 145
1609 1420
591 569
106 143
385 456
470 471
117 144
2496 2421
692 518
120 139
456 480
520 511
148 118
2940 2416
594 634
125 146
613 434
619 497
127 193
3899 2647
673 563
152 165
548 501
546 589
158 184
3671 3591
578 665
159 185
535 587
596 562
191 174
551 714
153 211
639 607
621 623
181 212
682 625
195 200
579 688
616 698
189 210
644 710
167 227
693 612
703 653
206 202
730 731
204 241
651 666
732 673
203 248
996 1012
227 242
722 718
799 622
210 250
922 1257
215 273
681 773
740 725
234 263
1419 1271
236 278
747 729
798 728
251 267
1350 1394
243 312
854 741
887 675
252 301
1409 1418
297 268
785 813
815 861
289 284
1569 1355
286 292
850 764
853 854
288 304
1717 1347
295 311
787 831
915 979
294 325
1568 1601
305 307
847 789
1055 972
324 285
1502 1665
284 345
841 844
1066 1032
362 272
1523 1680
306 326
969 804
1106 1069
358 276
1425 1795
357 305
958 836
1065 1141
336 321
1665 1605
361 309
845 1002
1059 1170
424 275
1748 1563
374 335
1431 962
1204 1204
287 485
1727 1895
347 376
1195 1090
1220 1499
353 378
2224 1613
383 367
1478 949
1547 1268
381 372
2076 1842
372 404
1097 1387
1363 1476
429 369
2157 1966
395 407
1234 1176
1530 1344
401 413
2078 2040
441 393
1224 1358
1572 1346
432 433
2145 2116
450 420
1473 1237
1341 1632
431 459
2258 2113
460 425
1475 1316
1783 1252
482 411
2573 1908
465 443
1324 1525
1672 1453
433 477
2356 2330
370 538
1427 1550
1836 1325
389 533
2571 2275
417 499
1508 1496
1635 1591
466 467
2656 2241
472 476
1500 1520
1239 2175
492 460
2676 2224
560 399
1698 1354
2054 1416
496 463
2720 2277
501 466
1562 1996
1911 1560
524 446
2398 2579
494 502
2278 1529
1724 1794
543 462
2711 2367
500 498
1798 2249
1804 1805
532 475
2672 2451
592 470
2174 2028
1875 1758
528 510
2581 2626
587 481
2553 1887
1886 1760
530 521
2515 2696
556 515
1920 2525
1912 1796
511 548
3250 2276
564 540
2222 2254
1806 1919
515 590
3314 2355
662 520
2103 2652
2028 1797
608 572
2362 3284
516 696
2248 2600
1978 1858
557 656
2866 2702
729 526
3024 2150
2033 1867
633 586
2869 2735
593 654
3802 1977
2047 1986
660 592
2718 2940
757 530
2796 2818
2051 2041
630 628
2860 2786
622 661
2697 2980
2138 2153
584 708
2753 3437
643 689
2857 3053
2202 2126
669 667
3837 2679
690 659
3938 2533
2329 2020
699 662
3310 3158
814 573
2971 3131
2348 2180
714 672
3321 3207
637 754
2900 3316
2227 2369
746 658
3428 3235
631 767
3697 2872
2444 2187
753 668
3538 3358
600 833
3397 3274
2488 2214
680 739
3807 3239
647 787
3499 3248
2264 2436
826 631
4069 3028
649 788
3708 3327
2658 2253
773 694
3711 3340
774 691
3148 3725
2511 2548
762 719
3350 3662
652 843
3832 3280
2619 2506
800 702
3643 3508
711 776
3234 3742
2404 2687
763 748
3286 3805
756 756
3820 3416
1942 3310
737 781
4142 3301
759 770
3627 3566
2677 2536
783 761
4164 3406
998 635
3404 3752
2387 2871
838 723
3760 3851
883 712
3722 3547
2708 2612
679 934
3827 4000
706 888
3209 3886
2754 2613
656 1008
4201 3916
792 783
3836 3570
2703 2740
796 782
825 792
3752 3832
3215 2494
957 737
829 848
4224 3829
2872 2754
1001 769
938 823
3770 2435
901 879
832 996
3132 2738
907 901
863 973
2985 2970
1003 829
913 915
3254 2815
899 957
897 978
3201 2859
919 941
776 1187
3020 3123
972 926
949 985
2762 3542
1005 932
1036 914
4034 2637
914 1066
974 1004
3657 2873
1019 975
1011 987
3240 3150
986 1005
1069 931
3435 3047
965 1056
1048 969
3632 2993
1206 809
806 1277
3053 3478
1049 994
1047 1001
4152 2809
1044 1009
1028 1033
3526 3311
1062 1035
1352 808
3645 3389
1067 1036
1064 1044
3856 3422
928 1214
1104 1051
3842 3491
1142 995
1076 1079
3733 3656
1073 1083
988 1171
3926 3579
1185 961
1320 895
3821 3717
1216 977
1122 1074
4137 3791
1205 989
1143 1067
4232 3363
1084 1124
1197 1114
837 1817
1196 1119
1157 1168
1280 1092
1417 1052
1038 1419
1060 1377
1156 1226
1032 1571
1288 1175
1282 1191
1096 1505
1323 1225
2230 850
1443 1158
1139 1484
1458 1156
951 1947
1653 1100
1368 1261
1263 1371
1505 1196
1382 1301
1177 1559
1433 1334
1472 1292
1358 1403
1307 1467
1357 1432
1339 1475
1378 1437
1528 1299
1444 1400
1421 1431
1432 1445
1388 1493
1332 1567
1586 1328
1428 1500
1336 1610
1460 1469
1402 1551
1362 1608
1303 1649
1404 1577
1504 1457
1264 1718
1637 1349
1543 1428
1522 1462
1577 1407
1611 1398
1531 1480
1620 1443
1548 1519
1666 1396
1524 1547
1542 1541
1165 2075
1483 1646
1628 1528
1618 1569
1463 1727
1707 1515
1685 1544
1490 1729
1602 1636
1650 1617
1511 1738
1634 1688
1725 1597
1689 1673
1715 1657
1822 1534
1882 1487
1728 1686
1537 1884
1639 1798
1722 1710
1367 2201
1779 1662
1755 1684
1613 1851
2558 1231
1704 1767
1803 1656
1775 1716
1747 1785
1700 1848
1565 2044
2452 1361
1974 1645
1766 1846
1825 1769
1781 1840
1604 2122
1668 2017
1807 1820
1521 2289
2733 1317
1862 1790
1818 1834
1939 1736
1872 1793
1964 1737
1817 1876
2269 1594
1940 1776
1786 1948
1810 1930
1938 1803
2778 1365
2022 1771
1790 1998
1858 1913
1879 1914
1837 1956
1941 1874
1859 1965
1811 2076
2029 1880
1852 2043
2064 1881
2043 1921
1904 2067
1955 2006
1867 2129
1914 2112
2371 1783
2085 1967
2140 1936
1833 2274
2045 2034
1870 2269
2162 1968
2038 2087
2130 1992
2098 2030
2430 1835
2132 2046
2089 2088
2110 2060
2243 1982
2216 2024
2095 2142
2005 2267
2241 2032
2170 2095
1898 2438
2099 2206
2102 2217
2265 2070
2115 2205
1994 2370
2142 2220
2576 1886
2006 2410
1980 2427
2318 2137
2367 2083
2061 2405
2219 2257
2120 2332
2298 2200
2148 2324
1992 2510
2335 2197
2273 2268
2461 2128
2287 2301
2176 2390
2181 2393
2467 2130
2409 2189
1906 2707
2212 2418
2340 2318
2184 2456
2376 2286
2414 2288
2390 2327
2443 2280
2111 2582
2281 2452
2455 2291
2431 2317
2417 2348
2315 2480
2646 2193
2673 2174
3255 1814
2820 2056
2062 2759
2405 2484
2257 2632
2863 2092
2723 2227
2453 2471
2204 2693
2785 2204
2509 2440
3649 1791
2305 2638
2116 2787
2090 2828
2586 2404
2633 2371
2502 2486
2614 2398
2707 2310
2352 2641
2333 2657
2617 2413
2632 2408
2645 2407
2569 2461
2168 2798
2565 2500
2015 3083
2592 2496
2473 2594
2610 2517
2485 2623
3422 1984
2598 2559
2601 2558
2368 2761
2844 2340
2668 2538
2355 2881
2667 2622
2550 2700
2263 3012
2584 2690
2484 2783
2779 2563
2886 2469
2843 2520
2250 3140
2847 2540
2699 2683
3141 2312
2855 2569
3473 2195
2877 2573
2411 3021
2706 2712
2480 2925
2858 2630
2810 2667
2910 2587
2605 2891
2934 2604
2364 3251
2594 2939
2797 2745
2817 2727
2994 2581
2805 2743
2392 3371
2688 2957
2825 2813
2793 2864
2504 3260
3077 2640
3848 2311
2671 3096
2469 3393
3915 2308
2830 2892
2925 2800
2928 2806
3370 2568
2884 2878
2891 2868
3009 2762
2829 2955
3384 2596
4100 2255
2551 3412
2321 3777
2172 3927
3126 2730
2852 3020
2384 3758
3512 2629
3111 2803
3109 2837
3081 2865
3066 2894
3072 2906
3075 2904
2937 3101
3000 3013
3183 2861
4075 2468
3352 2822
3478 2760
3174 2909
3212 2985
3069 3146
3059 3161
3095 3120
3204 3018
2747 3631
2942 3344
3106 3135
3850 2724
3094 3167
3442 2914
3313 3065
3084 3253
3648 2876
3559 2915
3203 3170
3864 2785
3489 2976
3439 3033
3224 3234
3553 2982
2781 3845
3613 3035
3233 3294
3342 3245
2932 3649
3319 3262
3618 3073
3228 3355
3395 3246
3315 3314
3309 3354
3362 3309
3502 3233
3620 3175
3068 3600
3353 3343
2838 3873
3566 3224
3981 2936
3242 3496
3424 3390
3456 3376
3326 3489
3726 3228
3928 3108
3275 3622
3685 3356
3290 3625
3232 3683
4022 3118
4052 3093
4184 2918
4059 3106
3246 3718
4111 3056
3994 3210
3339 3703
3377 3684
3874 3328
3047 3936
3679 3534
3406 3722
3917 3385
3976 3325
3455 3740
3847 3502
3706 3616
3593 3724
3875 3539
3987 3429
4054 3419
4074 3442
3912 3617
3861 3646
4055 3475
3703 3841
3922 3698
3965 3650
3637 3882
3924 3720
3904 3750
3877 3792
3873 3804
4005 3957
4029 3994
4217 3998
1431199262 1738048405
1
sift 215
693 594
138 164
120 140
158 184
2245 2696
173 182
199 189
214 239
2856 2419
520 452
397 296
416 354
2869 2428
596 465
482 333
450 399
3836 3492
546 517
460 407
494 432
578 494
485 440
521 442
585 516
560 487
563 505
551 554
641 522
472 751
621 609
660 560
682 601
703 595
690 638
666 669
740 625
795 571
798 566
723 663
1114 515
692 735
815 680
959 756
853 722
915 782
938 790
972 789
1066 872
1117 713
991 902
996 970
1049 853
1067 866
1059 961
1075 1055
1220 798
1056 1010
1011 1295
1583 996
1229 1188
1510 1111
1419 1093
1342 1206
1337 1318
1096 1721
1182 1573
1312 1491
1212 1630
1502 1375
1496 1390
1409 1489
1672 1360
1338 1640
1297 1678
1453 1584
1839 1159
1703 1314
1547 1481
1472 1598
1939 1179
1748 1355
1837 1261
1665 1590
1727 1600
1781 1559
1886 1446
1911 1565
2036 1551
1875 1655
1806 1735
1872 1697
1677 1970
1566 2531
2186 1587
1913 1828
2047 1857
2436 1677
2078 1852
2051 1944
2029 1984
2123 1906
2138 1925
2355 1778
2241 1854
2227 1887
2265 1855
2348 1829
2145 2091
2886 1585
2115 1989
2571 2020
2062 2062
2349 1938
2658 1996
2569 1903
2431 2038
2720 1982
2130 2335
2409 2137
2677 2082
2492 2087
2298 2277
2445 2273
2774 1962
2723 2006
2711 2093
2396 2307
2502 2213
2404 2370
2799 2060
2414 2422
2581 2349
2685 2244
2511 2466
2362 2681
2749 2262
2617 2425
2710 2387
3928 1979
2676 2485
2672 2499
2810 2571
2860 2480
2872 2489
2847 2550
3310 2191
2791 2570
3007 2431
2781 2668
3215 2363
2805 2797
2958 2640
3314 2493
3095 2558
3126 2540
2985 2679
3042 2609
3456 2417
4034 2196
3103 2628
3240 2563
3770 2350
3353 2524
2942 2843
3646 2608
4056 2246
3748 2496
3053 2998
2922 3063
3489 2658
3837 2591
3945 2501
3326 2893
3435 2822
3077 3137
3321 2993
3632 2829
3204 3083
3368 3018
3538 3030
4104 2587
3620 2937
3733 2939
3309 3192
3618 3025
3526 3118
3378 3223
3994 2813
3711 3060
4050 2789
3658 3100
3842 3077
3319 3393
3807 3150
2965 3760
3922 3087
4145 2884
3578 3400
4054 3054
3987 3173
4069 3076
3553 3502
3428 3619
4137 3115
4113 3089
3816 3418
3926 3376
3706 3640
3962 3449
4164 3294
3924 3565
4081 3414
3896 3648
3984 3721
3978 3770
1431199262 1761909473
1
sift 207
673 518
138 161
120 133
158 180
2245 2530
173 181
199 185
214 238
3643 1952
520 459
397 306
485 292
3250 2427
596 467
416 359
482 329
2869 2769
546 512
450 394
494 437
2856 3016
578 498
521 441
560 469
3036 3326
585 496
472 651
551 550
3836 3561
621 599
563 543
641 514
594 703
660 533
690 614
703 638
1114 551
682 662
798 556
959 693
740 612
692 721
938 762
853 656
815 691
957 805
915 796
996 959
972 810
1117 718
1059 957
1049 843
991 900
1220 798
1067 940
1066 970
1056 1073
1075 1095
1011 1263
1229 1231
1583 901
1164 1216
1342 1180
1337 1297
1182 1530
1547 1324
1496 1421
1502 1395
1409 1522
1212 1717
1836 1123
1672 1356
1297 1655
1839 1185
1748 1335
1472 1630
1781 1346
1453 1665
1837 1366
1665 1527
1727 1529
1939 1563
1886 1360
1568 1723
2123 1484
1806 1705
1875 1684
1872 1725
2080 1618
2138 1669
1677 2048
2047 1774
2051 2020
1913 1935
2062 1828
2348 1840
2186 1761
1902 2082
2145 2022
2349 1759
2241 1808
2227 2034
2029 1986
2130 1963
2571 1962
2318 1843
2115 1984
2444 2107
2016 2115
2492 1900
2658 2098
2265 2118
2431 2039
2497 2222
2298 2177
2569 1950
2711 2080
2409 2169
2824 1872
2677 2136
2723 1971
2774 1951
2404 2376
2886 1869
2396 2283
2720 2145
2414 2289
2502 2226
2511 2386
2355 2409
2617 2301
2362 2656
2799 2196
3201 1976
2672 2404
2685 2402
2676 2410
2710 2380
2749 2391
2791 2461
2872 2392
2810 2470
2111 3270
3770 2133
2984 2400
2847 2625
3314 2308
2805 2673
3310 2324
2860 2642
3928 2085
2958 2573
3712 2217
3095 2479
2781 2786
3054 2531
3126 2622
2985 2653
3837 2366
2942 2783
3748 2368
3215 2634
2922 2854
3489 2545
3645 2483
3456 2758
3240 2763
3632 2724
3618 2694
3368 2868
4034 2542
3204 3034
3435 2887
3428 3053
3378 3018
3321 3122
4142 2674
3620 2993
3816 2909
3807 2985
3658 2996
3922 2852
3842 3075
3009 3512
3309 3273
3526 3267
3877 2927
2947 3622
3578 3269
3319 3313
4050 2828
3538 3411
3843 3063
4054 2869
4069 3120
3994 2966
4145 2823
3926 3282
3987 3045
3553 3482
4164 3139
3924 3430
3984 3444
4233 3626
3896 3527
4081 3412
4183 3534
1431199262 1780862618
1
sift 143
3036 2725
138 161
120 124
214 241
2869 3048
546 396
397 284
374 344
3643 2578
596 497
494 452
521 460
3827 2629
585 558
506 560
560 509
621 653
563 580
641 537
682 618
660 588
822 524
703 646
1114 554
692 687
740 654
1117 604
815 649
853 734
959 802
938 841
1066 948
872 945
972 869
996 1066
1049 859
991 937
1220 866
1075 1130
1419 1104
1569 1080
1212 1256
1341 1199
1502 1343
1122 1549
1337 1298
1409 1596
1496 1295
1467 1429
1748 1274
1839 1137
1886 1165
1530 1509
2123 1243
1547 1626
1672 1562
1472 1854
1727 1527
1911 1609
1837 1511
1806 1701
1875 1687
1872 1785
2138 1638
2047 1869
1677 2130
2080 1715
2051 1913
1913 1881
2349 1654
2078 1923
2186 1763
1977 1976
2348 1774
2029 1982
1902 2222
2145 2021
2318 1971
2241 2034
2658 1966
2062 2250
2886 1696
2571 2066
2492 1901
2115 2289
2677 2129
2396 2169
2351 2301
2711 2180
2355 2319
2774 1984
2672 2332
2502 2236
2414 2422
2581 2411
2799 2275
2720 2307
2404 2635
2617 2484
2710 2432
2678 2623
2048 3208
2810 2477
3314 2208
2984 2363
2685 2717
2872 2545
3095 2416
3311 2278
3215 2328
2958 2621
2860 2701
3240 2433
2805 2778
3712 2295
3202 2740
4050 2127
3748 2342
4034 2368
3126 2697
3160 2755
3645 2562
2942 3080
3877 2661
3321 2945
3249 3027
4142 2619
3538 3149
3204 3346
3926 2987
3807 3099
3309 3465
3922 3110
2965 3829
4145 3011
3987 3212
3578 3803
4168 3097
3658 3714
4164 3392
3896 3710
3553 3845
4183 3763
1431199262 1789068863
1
sift 474
615 616
138 135
4 8
245 272
214 232
40 43
2718 2260
235 253
44 69
323 325
295 350
85 83
2573 2561
327 356
134 149
405 385
494 503
145 137
2869 2626
464 441
158 205
551 542
521 537
193 168
3036 2563
520 520
180 193
578 525
546 544
190 189
2963 2697
597 559
236 197
585 592
563 550
200 220
3250 2846
594 615
204 226
591 625
660 638
217 224
3643 3065
621 597
232 223
682 640
795 618
227 236
3286 3305
644 684
265 239
730 723
740 674
268 243
3223 3357
798 665
303 250
815 931
976 587
285 278
4067 3293
853 785
272 293
996 894
811 874
278 292
915 992
269 297
1066 1115
988 858
336 353
1220 981
433 321
1409 1292
972 883
397 375
1110 1124
372 407
1419 1394
938 939
392 405
1106 1176
413 406
1391 1460
1049 984
416 440
1229 1296
460 414
1569 1288
974 1075
480 431
1342 1322
450 486
1425 1464
1067 1036
472 522
1330 1344
550 465
1502 1497
1114 1027
524 502
1363 1353
477 599
1453 1560
1096 1338
485 609
1356 1572
587 532
1349 1685
1164 1432
582 567
1530 1626
577 581
1566 1783
1747 1309
581 591
1727 1631
534 653
1718 1720
1613 1528
631 575
1672 1726
630 578
1748 1692
1837 1440
625 633
1717 1768
662 611
1894 1627
1685 1696
641 654
1911 1725
826 529
1665 2142
2015 1424
770 607
1836 1872
690 676
1844 1883
1789 1605
648 745
1804 1976
720 682
2078 2039
1872 1778
837 588
1806 2024
666 732
2076 2150
1730 1998
708 698
1875 1952
759 656
2258 2015
1977 1977
783 672
2227 1799
838 685
2356 1953
2062 1930
810 712
2155 1873
824 719
2138 2119
2029 2047
852 744
1892 2187
1085 623
2145 2167
2047 2103
782 834
2173 1950
924 726
2348 2482
2090 2091
895 772
1987 2269
822 916
2581 2568
2241 2060
1001 773
2033 2306
857 926
2720 2602
2115 2183
959 914
2362 2044
1047 852
2791 2575
2102 2254
1283 731
1886 2652
935 1001
2711 2771
2318 2122
991 975
2202 2309
1024 968
2941 2751
2355 2197
1032 1048
2051 2507
1102 1012
2676 3171
2537 2055
1108 1069
2164 2589
1053 1147
2860 2973
2368 2434
1075 1168
2511 2243
1180 1051
3310 2768
2492 2318
1256 1024
4198 1712
1275 1020
3314 3270
2396 2451
1387 977
2658 2616
1297 1040
3790 3013
2645 2658
1147 1158
2677 2669
1149 1201
3538 3372
2617 2717
1212 1139
2595 2759
1031 1527
3760 3235
2569 2820
1250 1183
2709 2839
1193 1255
3959 3313
2685 2784
1122 1445
2763 2805
1405 1128
3321 3832
3369 2416
1347 1194
3053 2548
1769 1003
3578 3751
2781 2960
1267 1303
2872 2731
1321 1295
3837 3682
2810 2980
1539 1143
3215 2471
1325 1313
3807 3784
2922 2912
1326 1379
2808 2879
1483 1239
3956 3729
2671 3557
1288 1429
3201 2880
1337 1397
4142 3662
2958 3101
1452 1331
2918 3195
1504 1319
4105 3734
3928 2577
1602 1246
3132 3275
1589 1411
4164 3765
3126 3031
1611 1418
3526 3118
1765 1256
3047 3122
1489 1539
3926 2923
1496 1552
2847 3406
1338 1721
3435 3336
1637 1477
3309 3182
1592 1529
3240 3560
1703 1467
4022 2920
1683 1513
3632 3399
1622 1593
3204 3598
1441 1788
3429 3622
1420 1820
3203 3694
1472 1754
3457 3638
1435 1813
3892 3269
1835 1410
3645 3520
1781 1534
3987 3272
1479 1881
3884 3417
1803 1575
3984 3315
1399 2135
4034 3538
1437 2138
4145 3237
1715 1830
3868 3806
1914 1604
3553 3767
1913 1731
2294 1521
3945 3524
1510 2364
1668 2105
1808 1890
1839 1856
2272 1634
2080 1801
2134 1787
1901 1971
2013 1896
1817 2106
1867 2071
2064 1904
1811 2248
2016 2006
2120 1997
1928 2255
2614 1744
2578 1773
1938 2307
1773 2650
2126 2127
2289 2029
1902 2433
2143 2166
2177 2241
2130 2326
2097 2375
2170 2330
2042 2542
2265 2278
2447 2125
2219 2339
2446 2147
2186 2425
2216 2404
2287 2338
2140 2498
2453 2210
2349 2337
2023 2687
2315 2376
2411 2279
2436 2268
2197 2555
2414 2369
2431 2353
2566 2244
2438 2399
2448 2447
2734 2245
2749 2236
2123 2852
2974 2069
2592 2455
2502 2595
2665 2456
2616 2528
2774 2388
2430 2719
2652 2596
2682 2705
2888 2538
2757 2665
2954 2535
2942 2559
2567 2939
2989 2556
2782 2748
2805 2750
2944 2644
2903 2703
2351 3411
2937 2693
2809 2886
3069 2672
2886 2833
3249 2635
3095 2854
3042 2924
3090 2882
3055 2941
3382 2762
3112 2910
3198 2956
3582 2744
3093 3040
3393 2872
3170 2983
3205 2971
2990 3152
3307 2927
3106 3076
3010 3205
3904 2701
3353 2997
3228 3109
3103 3309
3259 3190
3339 3134
3623 3000
3272 3215
3850 2888
3084 3419
3378 3203
2551 3977
3620 3117
4016 2890
3313 3388
3360 3383
3679 3178
3319 3451
4070 2949
3368 3447
3861 3110
3658 3283
3251 3599
3291 3604
3102 3747
3618 3517
3456 3692
3715 3514
3843 3429
3878 3423
3159 3904
3493 3718
3875 3465
3302 3862
4054 3322
3888 3609
3889 3619
3816 3691
3560 3844
4012 3595
3922 3707
3924 3704
4081 3550
3909 3742
4077 3646
4056 3710
3877 3916
3975 3869
4029 3823
4055 3919
4168 3833
4183 3850
4221 3709
4208 3910
1431199262 1911602604
1
sift 60
129 217
152 216
251 283
424 404
557 669
466 427
501 519
808 643
527 514
572 637
3283 3452
714 609
753 697
756 704
774 729
746 792
779 783
874 748
825 797
913 889
1064 1092
1104 1076
1121 1195
1263 1226
1367 1164
1497 1199
1499 1441
1689 1287
1524 1470
1542 1466
1618 1657
1639 1672
1620 1736
1722 1614
1728 1683
1810 1640
1779 1720
1972 1622
1951 1690
1755 1971
1766 1964
2185 1565
1858 1887
1859 2192
2513 1817
1924 2503
1986 2528
2340 2325
2045 2617
2664 2078
2406 2339
2509 2334
2095 2778
2666 2323
2680 2635
2934 3199
3390 2987
3377 3121
3559 3332
3965 3324
1431199262 1923562747
1
sift 305
535 577
112 80
85 123
120 140
2096 1745
138 145
158 177
173 180
3024 1785
245 265
189 197
199 188
2245 2638
323 390
214 247
278 278
2856 2498
440 400
307 298
336 325
3036 2392
520 495
397 348
374 372
3110 2426
596 501
416 351
482 376
2869 2697
551 562
450 466
494 464
2866 2931
585 555
485 488
521 521
2718 3359
578 584
560 522
472 613
3643 3111
546 619
563 558
506 679
3827 3288
644 588
646 545
641 553
3286 3782
621 651
662 578
660 581
3836 3487
594 691
690 658
703 621
798 563
838 597
740 640
692 703
795 671
822 650
815 674
1085 615
853 743
915 820
944 708
1001 698
996 950
1114 673
959 758
1066 900
938 812
972 801
1056 1077
1117 774
991 905
1220 895
1067 878
1049 906
1229 1172
988 1225
1075 1143
1480 1055
1108 1117
1096 1150
1341 1166
1325 979
1510 902
1330 1237
1122 1181
1489 987
1419 1202
1164 1248
1326 1149
1356 1441
1583 1144
1297 1389
1409 1447
1337 1509
1496 1352
1672 1256
1338 1552
1611 1320
1836 1196
1211 1701
1537 1466
1349 1675
1685 1388
1665 1416
1502 1612
1511 1630
1568 1565
1547 1588
1839 1328
1717 1459
1727 1496
1781 1421
1472 1753
1748 1520
1670 1595
1837 1470
1886 1536
1283 2118
1939 1527
1806 1734
1913 1547
3007 1120
1875 1706
1677 1832
2131 1542
2076 1580
1467 2269
1715 1886
2138 1553
1938 1710
1425 2400
1566 2258
1872 1799
2080 1690
2173 1681
1867 1857
2436 1586
2078 1923
1977 1836
2186 1768
2047 1970
2029 1956
2349 1759
2155 1873
2111 1863
1902 2076
2051 2048
2115 1904
2143 1957
2227 1954
2241 1895
2062 2058
2145 2001
2355 1845
2318 1889
2348 1921
1964 2206
2216 1978
2164 2282
2015 2277
2130 2220
2595 2052
2492 1920
3683 1532
2571 2096
2351 2135
2409 2072
2398 2281
2431 2089
2298 2253
2356 2366
2430 2141
2102 2429
2677 2146
2265 2287
2569 2027
2404 2411
2396 2190
2414 2268
2720 2157
2867 1902
2502 2226
2658 2240
2447 2274
2305 2458
2511 2356
2723 2231
2711 2254
2676 2308
2617 2340
2774 2225
2362 2606
2448 2514
2749 2288
2808 2303
2871 2297
2672 2449
2918 2252
2799 2354
2645 2512
3215 2062
2685 2515
2710 2461
2678 2509
2984 2307
2872 2412
2581 2688
3493 2098
2791 2513
2619 2673
2847 2540
2810 2610
2985 2631
2805 2653
3042 2533
2860 2825
3928 2156
2958 2619
3132 2662
3095 2534
2928 2887
3314 2647
3547 2499
3160 2658
3053 2862
3126 2699
3212 2710
3202 2724
2922 3002
3187 2738
3240 2832
3353 2705
3198 2801
3310 2901
3256 2773
3158 2835
3770 2667
3249 2780
3945 2495
3645 2759
3204 2865
3456 2725
3435 3018
3009 3083
3205 2916
3428 3056
2942 3208
3489 2867
3632 2960
3309 3009
3618 2840
3964 2755
3103 3186
3077 3302
3538 3074
3658 2923
2954 3508
3926 2896
3875 2811
3620 3003
3842 2954
3319 3197
3106 3468
3346 3276
3339 3323
3321 3367
4034 2873
3393 3316
3090 3617
3807 3107
4050 2898
3904 3073
3733 3180
3994 2966
4054 2981
3578 3387
3896 3178
4012 3245
3962 3553
3816 3498
4113 3185
4164 3315
3922 3424
3983 3369
4069 3682
3706 3645
3873 3522
4233 3256
3987 3445
4016 3415
4168 3247
4029 3444
3984 3569
4081 3479
4056 3565
4145 3604
4057 3791
4183 3756
4208 3823
1431199262 1988776702
1
sift 176
906 1042
138 172
120 144
158 193
3827 3654
173 195
199 198
214 252
596 488
307 312
397 316
585 527
374 376
450 416
644 536
494 437
521 461
621 637
560 489
563 512
703 595
641 508
660 569
682 667
666 677
690 670
740 663
822 591
798 594
723 707
1114 535
692 739
815 697
872 765
853 752
996 976
959 775
938 814
1066 902
1117 719
972 837
1220 821
1049 866
991 938
1059 1045
957 1049
1075 944
1419 1116
1067 981
1096 1143
1229 1297
1011 1382
1341 1214
1409 1499
1337 1299
1496 1325
1547 1403
1211 1594
1839 1176
1836 1186
1472 1618
1672 1380
1748 1316
1837 1427
1502 1565
1911 1317
2123 1311
1886 1374
1727 1577
2143 1416
1806 1606
1568 1855
1677 1950
1875 1656
2047 1812
1872 1739
2186 1589
2078 1791
1913 1755
2080 1677
2348 1756
2349 1591
2062 1736
2051 1974
2029 1847
2241 1821
2145 1998
2318 1824
2355 1806
2138 2092
2115 1959
1902 2239
2571 1825
2886 1636
2492 1809
2227 2201
2265 1999
2409 2132
2677 2051
2569 2016
2396 2178
2658 2101
2502 2141
2774 1943
2720 2056
3103 1750
2723 2089
2711 2105
2414 2349
2511 2290
2404 2436
2799 2070
2672 2252
2581 2437
2685 2260
2617 2338
2676 2359
2984 2109
2710 2348
2791 2319
2048 3052
2362 2722
2678 2523
2793 2367
2810 2435
2872 2430
2781 2484
2942 2410
2860 2553
3095 2371
3215 2315
2985 2458
3748 2209
3054 2434
3240 2426
3007 2590
3712 2259
3310 2447
3126 2543
3770 2309
3837 2300
3547 2416
3645 2395
3201 2615
4050 2192
2922 2840
4034 2307
3212 2640
3321 2649
3435 2703
3945 2487
3632 2697
3346 2910
3009 3114
3842 2688
3807 2791
3204 3060
3309 3061
3926 2823
3658 2873
2965 3532
3733 3136
3922 2884
3987 2945
3538 3323
4054 2900
4104 2869
4137 3181
3975 3021
3878 3201
4164 3354
4168 2954
4081 3177
4233 3616
4113 3320
4183 3515
1431199262 2046133546
1
sift 103
98 165
152 191
251 266
206 227
252 283
266 281
248 290
294 329
288 334
381 352
516 576
466 433
501 515
714 649
529 493
527 502
746 777
756 713
762 708
968 807
753 729
774 720
1048 939
779 767
874 722
1084 978
825 832
901 793
1456 874
907 861
913 931
1162 1169
1178 775
1005 929
1451 1000
1429 783
1104 1050
1447 1032
1064 1185
1194 1051
1263 1260
1121 1268
1196 1137
1282 1379
1367 1240
1497 1217
1707 1579
1368 1378
1388 1497
1620 1676
1542 1414
2391 997
1810 1699
1524 1552
1618 1626
1986 2131
1639 1722
1689 1678
2043 2137
1722 1730
1766 1762
2045 2166
1728 1850
1634 2039
2257 1987
1951 1704
1856 1778
1955 2319
2088 1727
1756 2317
2273 2170
2010 2021
1859 2217
2576 2277
2207 2052
1858 2517
2680 2575
2162 2222
2513 2102
2891 2408
2509 2123
2181 2397
3225 3076
2340 2336
2148 2502
3681 2948
2095 2640
2405 2345
3377 3349
2664 2320
2878 2577
4059 3431
3012 2592
2934 2711
4203 3448
3242 2505
3059 2686
3717 2913
3390 3315
3502 3242
3359 3508
3813 3408
4074 3445
1431199262 2080441786
1
sift 478
238 254
621 578
23 37
453 361
34 40
25 39
388 416
731 760
45 54
455 505
117 108
54 68
467 582
853 870
52 85
651 718
210 219
85 110
787 961
1229 1450
125 140
883 617
294 287
159 183
1099 995
1547 1453
168 188
965 790
289 309
167 258
1214 1183
1836 1473
205 222
1076 1002
417 550
195 238
1557 1040
1672 1710
203 294
1432 1294
526 463
234 269
1874 944
1806 1864
244 263
1548 1496
529 523
251 276
1527 1144
1875 1762
252 278
1460 1633
532 559
228 326
1500 1527
2264 2494
266 288
1501 1601
556 554
288 306
1475 1640
2227 2605
272 329
1324 1989
699 659
324 358
2175 2082
2404 2629
347 341
1980 1849
831 596
428 331
2512 2663
1886 4271
336 434
2212 2072
762 717
395 391
2483 2762
2872 2987
411 378
2467 1892
1039 956
416 388
2545 2855
3053 3072
454 371
2043 2342
1130 919
450 413
2900 3656
3132 3075
436 426
2333 2362
1307 994
466 432
3143 3269
4034 2699
501 475
2263 3188
1273 1037
590 451
3708 4228
3346 3152
496 540
2586 3508
1162 1155
527 497
3240 3307
524 502
3017 2851
1413 1025
431 672
3215 3733
549 567
2858 3732
1305 1080
542 574
3435 3509
622 538
3111 3476
1197 1193
569 590
3632 3664
593 640
3485 3365
1196 1231
635 608
3926 3890
714 612
3233 3775
1116 1412
643 692
3842 4212
658 701
3352 3709
1282 1168
726 651
4222 4224
697 682
3375 4358
1345 1136
690 738
746 749
4184 3948
1328 1301
756 740
783 732
1368 1304
774 771
835 715
1433 1272
737 832
1012 622
1382 1414
753 818
796 783
1388 1401
460 1817
763 879
1447 1570
825 823
824 830
1679 1431
810 857
885 822
1707 1502
806 895
837 869
1604 1669
901 825
826 931
1543 1711
897 876
935 844
2390 1330
872 922
874 921
1856 1767
899 957
913 938
2204 1805
907 955
1051 846
2085 1912
1023 880
985 901
2132 1945
943 975
1013 937
2038 2041
1005 946
1178 793
1940 2174
1028 943
834 1149
2162 1953
1040 939
963 1035
2181 1961
957 1064
1048 980
2066 2305
1032 1007
1030 1015
2098 2298
1064 1024
1077 1008
2420 2049
1073 1038
1052 1092
2642 1942
1104 1049
986 1180
2480 2100
1140 1013
1142 1055
2376 2391
1109 1111
1121 1090
3652 1731
1266 968
1122 1129
2576 2422
1060 1212
1123 1133
2565 2444
1653 908
955 1661
2668 2522
1254 1145
1193 1208
2699 2626
975 1655
1194 1241
2461 2848
1389 1123
1268 1202
3481 2145
1472 1106
1451 1125
2485 2950
1681 1029
1439 1164
2878 2650
1323 1248
1301 1264
3242 2717
1263 1308
1156 1482
2836 3255
1428 1259
1442 1285
2895 3324
1357 1382
1367 1406
3291 2889
1385 1384
1297 1470
3949 2606
1339 1454
1444 1349
3613 2887
1248 1566
1308 1505
3224 3151
1421 1411
1504 1352
3246 3260
1378 1486
1505 1362
3342 3208
1974 1071
1264 1606
3478 3964
1497 1430
1463 1461
3741 3673
1577 1416
1450 1556
4109 3860
1620 1449
1524 1540
1542 1543
1618 1495
1319 1746
1628 1534
1676 1525
1622 1578
1636 1576
1682 1618
1781 1546
1811 1515
1639 1688
1755 1592
1722 1631
1689 1691
1637 1752
1728 1672
1779 1638
2091 1404
1887 1557
1555 1993
1383 2376
1961 1621
1655 1963
1739 1850
1634 2050
1835 1744
1960 1679
1817 1807
2152 1596
1810 1842
1831 1824
1951 1751
1870 1866
1853 1911
1859 1917
1971 1822
1869 1950
1858 1991
1956 1898
1897 1987
1959 1976
2046 1908
2143 1814
1914 2047
1955 2044
2004 2077
2257 1855
2057 2026
2045 2045
2261 1886
2210 1925
2023 2110
2190 1958
2050 2099
2201 1979
2216 1985
2010 2199
2140 2080
2133 2112
2185 2076
2265 2067
2189 2125
1944 2510
2011 2441
2148 2294
2142 2310
2021 2515
2273 2222
2179 2383
2340 2274
2072 2555
2281 2336
2456 2161
2414 2270
2431 2259
2562 2144
2410 2306
2426 2318
2539 2213
2513 2236
2509 2255
2335 2466
2315 2503
2587 2209
2287 2574
2279 2580
2568 2295
2405 2561
2775 2197
2473 2506
2594 2433
2517 2525
2801 2324
2887 2252
2664 2509
2623 2660
2567 2696
3798 1939
2627 2768
2217 3548
3577 2138
2614 2816
2989 2536
2566 2959
3009 2578
2760 2799
2250 3808
2746 2861
2198 4076
2682 3032
2797 2916
3506 2424
2934 2795
3864 2338
2788 3070
2955 2867
2695 3397
3077 2789
3193 2724
3161 2755
2975 2953
3154 2781
2937 3023
2891 3126
3281 2757
3075 2925
3370 2745
2972 3081
3118 2938
3095 3005
3305 2870
3175 3056
3116 3153
2670 4254
3149 3135
3007 3404
3059 3326
3489 2965
3348 3086
3141 3261
3181 3231
3069 3465
3173 3289
2830 4197
3028 3714
3100 3524
3422 3168
3228 3405
3319 3306
3082 3700
3325 3322
4055 2783
3012 4008
3437 3311
3774 3045
3353 3459
3935 2956
3681 3232
3835 3112
3512 3521
3869 3138
3465 3647
3334 3861
3377 3866
3390 3914
3445 3911
4082 3063
3339 4078
3618 3772
3455 4003
3724 3767
3580 3958
3401 4171
3813 3770
4059 3359
3502 4174
3725 3983
3940 3678
3873 4011
4074 3738
3648 4311
3847 4203
3924 4114
3878 4196
4061 3907
3769 4313
4005 4159
4040 4202
3965 4265
3922 4348
4110 4210
4203 3903
4054 4273
4113 4225
4221 3790
1431199262 2102469315
1
sift 221
535 544
138 166
120 131
159 183
681 614
323 435
158 187
337 282
850 726
440 546
485 328
450 415
847 781
546 461
496 429
560 404
785 942
520 496
521 481
494 524
969 740
596 533
690 579
585 559
958 755
594 610
773 738
621 609
1234 1147
682 616
957 640
732 585
1609 1186
703 649
1049 785
740 674
1473 1310
798 658
1143 1012
815 787
1508 1318
853 819
1280 956
1055 867
1696 2296
1063 943
1011 1326
1066 981
2193 2029
996 1092
1140 1154
1059 1222
2270 2244
1220 1135
1297 1072
1204 1223
2813 2363
1419 1166
1277 1216
1382 1214
2103 3538
1229 1409
1339 1416
1182 1524
3270 2322
1356 1382
1543 1271
1569 1245
2870 2883
1748 1229
1586 1270
1577 1314
2971 2878
1341 1580
1781 1504
1502 1465
2857 3392
1568 1472
1602 1738
1530 1525
3003 3416
1409 1679
1837 1596
1672 1487
3708 3097
1547 1615
1650 1821
1783 1445
3827 3188
1727 1676
1514 1999
1886 1602
3148 3805
1806 1807
1939 1594
1715 1861
3832 3355
2054 1616
2111 1587
1875 1754
3836 3552
2138 1840
2085 1690
1677 2201
3722 3929
2047 1967
1703 2212
2143 1716
2078 1957
2210 2075
2051 2020
2258 1940
2377 1961
2488 1826
2145 2196
2194 2131
2265 2100
2348 2055
2176 2205
2778 1780
2571 1997
2455 2001
1811 2780
2711 2017
2706 1934
2281 2436
2227 2581
2723 2047
2431 2333
2677 2294
2502 2320
2102 2731
2581 2367
2707 2241
2584 2408
2658 2368
2565 2454
2555 2472
2672 2417
2687 2422
3198 2007
2710 2438
2668 2536
2445 2700
2619 2574
2298 2904
3314 2097
2404 2927
2601 2670
2699 2585
2872 2619
3473 2042
2810 2587
2918 2677
2364 3248
2824 2691
3712 2307
3075 2530
2958 2626
3215 2556
2414 3334
3081 2597
2720 3154
3873 2272
3339 2520
3321 2627
2614 3255
3042 2771
3311 2707
2793 3067
3352 2605
3240 2805
3111 2736
3000 2820
3435 2835
3009 2838
3095 2863
3632 2784
3861 2507
3212 2868
3645 2860
2994 3094
3353 2916
3472 3008
3066 3296
2896 3559
3450 3166
3203 3205
3456 3065
3837 3096
3994 2806
3566 3088
3807 3380
3875 2935
3319 3352
3926 3396
3874 3013
3370 3431
3842 3482
3864 3135
3315 3567
4034 3357
3375 3561
3424 3537
3138 3954
3816 3347
3904 3584
3962 3535
3706 3746
4164 3336
3538 3885
3889 3699
3922 3726
3964 3771
3877 3753
4054 3600
4201 3570
4055 3678
4113 3696
4232 3321
3983 3863
