1584042216 1646429863
1
sift 162
104 105
71 74
111 98
138 152
108 127
133 139
292 285
178 198
201 200
472 416
214 227
206 249
457 513
359 392
503 356
453 539
426 492
578 524
1406 1758
585 599
567 710
2196 2073
632 612
651 657
1827 2784
724 742
684 819
2350 2327
800 739
773 859
2413 2449
924 789
846 867
2607 2371
961 824
957 844
2514 2628
776 1052
1015 806
3240 2683
1050 786
988 842
2959 2883
888 974
891 1050
3177 2800
913 1039
1028 932
2632 3326
875 1153
1230 963
2929 3367
1017 1265
1116 1166
3739 3042
1476 992
1278 1158
3407 3697
1234 1233
1216 1323
3764 3694
1198 1480
1217 1486
1342 1369
1399 1331
1440 1339
1386 1414
1311 1508
1378 1501
1466 1505
1451 1572
1544 1485
1759 1438
1874 1506
1755 1607
1547 1795
1542 1852
1886 1606
1679 1817
2005 1665
2002 1672
1600 1950
1436 2413
1883 1816
1758 1932
1957 1841
1832 2032
1993 1928
2040 1965
1763 2182
2077 1970
2168 1894
1816 2204
2164 1937
1960 2149
2379 1856
2175 2080
1994 2244
2117 2157
2257 2034
2310 2002
2211 2110
2110 2212
1873 2459
2266 2102
1986 2398
2226 2195
2962 1761
2023 2471
2263 2243
2262 2310
2352 2272
2363 2261
2438 2254
2067 2673
2462 2454
2603 2416
2875 2236
2544 2516
2230 2896
2595 2491
2549 2529
2460 2656
2422 2758
2313 2913
2261 3086
2748 2544
2770 2649
3104 2575
3479 2405
2696 2877
2749 2846
2542 3092
2888 2791
3022 2764
2757 2992
2844 2978
2792 3021
2736 3108
2647 3307
3642 2590
3141 2886
3513 2872
2938 3415
3328 3151
3167 3269
3257 3246
3082 3437
3606 3011
3387 3289
3095 3632
3549 3293
3521 3428
3729 3230
3783 3202
3623 3458
3682 3649
3812 3568
3704 3757
3796 3639
3667 3798
3863 3541
1584042216 1664374466
1
sift 67
282 226
269 293
429 399
469 394
435 414
480 452
484 441
583 639
648 659
669 661
727 786
701 864
835 769
848 931
930 911
868 994
825 1046
905 991
859 1100
1049 1037
1113 1220
1297 1136
1135 1361
1162 1415
1099 1610
1393 1346
1421 1386
1485 1366
1910 1149
1501 1486
1489 1503
1569 1432
1396 1703
1456 1632
1491 1630
1575 1651
1658 1585
1620 1718
1579 1793
1966 1511
1651 2032
1833 1839
1618 2220
2001 1946
2041 1969
1853 2140
2210 1871
2091 1967
2530 1642
2251 2068
2215 2244
2193 2380
2078 2539
2651 2048
2351 2430
3344 1859
2691 2376
2788 2868
2764 3385
2993 3114
2912 3494
2876 3584
3508 3234
3288 3549
3629 3160
3748 2985
3439 3629
1584042216 1707515443
1
sift 127
56 67
38 41
63 72
104 107
111 102
108 134
138 169
133 144
244 228
292 279
503 336
472 401
892 1072
452 429
473 443
2024 1486
578 544
567 655
2196 1890
585 654
632 595
2136 2019
684 617
650 689
2441 1934
906 558
846 901
2350 2418
961 809
1015 823
2607 2252
913 926
888 976
2514 2392
1050 867
1028 1013
2413 2935
891 1264
1115 1057
3240 2572
1116 1071
1230 1084
2845 2807
1311 1146
1198 1315
3233 2772
1423 1268
1432 1402
3177 3015
1399 1506
1466 1460
2959 3202
1616 1388
1386 1666
3739 3365
1759 1327
1700 1415
1547 1681
1679 1621
1816 1562
1886 1521
1479 1919
1874 1587
2040 1649
2005 1668
2002 1705
1883 1785
2169 1647
1832 1940
1957 1863
1999 1838
1763 2028
2164 1815
1993 2017
2077 2014
1960 2097
1986 2087
2117 2078
2220 2021
2226 2112
2262 2091
1531 3157
2310 2105
2363 2092
2023 2435
2352 2153
2175 2395
3328 1729
2438 2190
2261 2423
3338 1839
2875 2165
2603 2352
2462 2494
2460 2588
3194 2118
2753 2374
3285 2158
2422 2776
2313 2946
2770 2533
2696 2679
2757 2637
3479 2346
3104 2548
3141 2559
2938 2736
2888 2840
3289 2654
3019 2837
2822 3075
3082 3072
3488 2914
3606 2887
3167 3388
3513 3152
3521 3383
3590 3439
3667 3384
3728 3295
3704 3391
3669 3450
3819 3219
3475 3665
3796 3341
3812 3437
3317 3735
1584042216 1724217577
1
sift 639
468 467
693 707
14 19
162 156
55 38
19 18
986 1069
762 891
39 46
147 189
48 51
50 43
1312 1267
1193 1368
51 57
195 191
61 59
53 56
1433 1280
1406 1677
74 86
230 248
72 92
81 85
1350 1387
2046 1613
97 91
252 232
88 101
89 102
1380 1418
2397 1556
105 108
235 256
160 183
103 114
1337 1492
2057 2231
113 109
239 265
208 217
118 127
1510 1611
1936 2377
135 124
264 251
255 218
137 125
1597 1698
2607 2599
120 138
308 331
331 272
134 130
2508 2696
2891 2517
125 141
336 337
299 347
179 154
3481 2414
2434 3050
173 188
330 380
324 366
211 171
2456 3419
3361 3086
231 159
325 425
398 379
226 207
3316 3175
213 237
396 440
478 354
233 219
3420 3272
246 231
566 491
426 408
258 244
3374 3949
261 242
604 609
450 432
266 253
3706 3874
282 260
738 662
382 504
269 268
256 284
730 1194
537 473
297 263
293 266
898 1180
536 537
305 291
335 286
1203 885
531 591
309 316
344 297
969 1245
620 596
389 275
339 321
1061 1179
628 624
363 306
381 322
1097 1285
617 649
392 341
433 307
1073 1452
600 695
370 389
526 299
1080 1552
664 643
469 353
425 390
1117 1558
677 655
441 375
395 427
1235 1507
662 683
429 401
435 406
1502 1404
706 647
449 435
477 444
1731 1292
657 825
480 448
484 445
1156 2015
647 862
475 461
442 481
1711 1344
895 633
479 469
559 411
2018 1222
785 697
534 429
638 359
1760 1656
744 803
553 436
621 405
1613 1857
773 839
499 523
523 502
1705 1876
783 888
692 396
540 551
1737 1987
891 769
568 552
574 548
1745 2039
855 865
575 549
603 527
1786 2146
981 789
539 622
583 595
1896 2072
840 940
629 560
633 566
1825 2212
869 1032
672 525
610 651
1598 2549
883 1014
577 708
644 645
1866 2279
839 1183
648 639
636 671
2370 1884
875 1193
626 685
669 659
2296 2110
1009 1115
691 650
613 770
2686 1776
1178 981
740 646
789 619
2597 2004
763 1768
701 713
680 811
2192 2488
1021 1223
728 737
865 653
2327 2437
1085 1268
752 733
800 699
2173 2731
1064 1356
768 745
831 694
2420 2473
1166 1234
719 819
835 726
2455 2502
1451 1056
814 771
794 810
2716 2460
1378 1395
905 762
873 802
2652 2547
1385 1430
825 868
847 833
2610 2872
1376 1467
980 747
868 879
2436 3312
1835 1159
932 796
923 816
2461 3386
1224 1708
890 860
878 875
2769 2982
1355 1599
859 918
856 921
2780 2986
1150 1936
934 851
887 939
2889 2961
1192 1905
919 923
999 866
3203 2881
1544 1496
920 942
930 956
2660 3649
1354 1729
1092 817
689 1442
3405 3031
1534 1617
935 961
982 948
3253 3403
1555 1790
950 997
1160 846
3467 3242
1542 1854
1241 869
1016 1031
3076 3717
2093 1505
1211 914
1113 1006
3440 3564
1473 2130
984 1186
1123 1029
3808 2909
1656 1955
1107 1057
1096 1088
3523 3446
1712 1944
1103 1098
1078 1147
3565 3787
1898 1929
1069 1163
1197 1039
2950 4084
2102 2113
1100 1196
1075 1246
3554 3938
2383 2040
1137 1164
1474 936
3730 4077
2318 2221
1083 1247
1229 1104
2481 2019
1200 1129
1709 858
2297 2404
1208 1154
1244 1142
2445 2348
1297 1086
1099 1298
2654 2295
1124 1290
1222 1274
2962 2118
1170 1318
1282 1239
2236 2948
1271 1265
1172 1358
3320 2164
1162 1375
1276 1279
2619 2614
1294 1258
1324 1232
2799 2692
1393 1190
1058 1575
2665 2999
1309 1275
1263 1324
3395 2572
1301 1294
1260 1359
2733 3059
1290 1325
1308 1320
2639 3345
1362 1278
1248 1424
3396 2703
1292 1398
1375 1337
2781 3683
1432 1309
1515 1208
3357 3049
1397 1342
1412 1355
2872 3728
1421 1373
1404 1403
3122 3515
1494 1300
1715 1126
3079 3690
1434 1414
1751 1120
3738 2900
1323 1542
1506 1348
3547 3402
1313 1562
1476 1386
3462 3606
1427 1464
1653 1235
3399 3752
1410 1535
1328 1618
3502 3663
1485 1461
1456 1516
3283 3920
1270 1705
1489 1483
3473 3941
1963 1191
1501 1529
3713 3921
1491 1555
1527 1533
3729 3966
1536 1531
1581 1491
3805 3960
1955 1255
1785 1352
3783 4055
1569 1540
1782 1369
3752 4068
1736 1396
1579 1573
3703 4082
1389 1861
1570 1612
1346 1932
1901 1376
1490 1707
1658 1576
1396 1965
2008 1401
1660 1630
1436 1970
1640 1655
2243 1333
1574 1737
1550 1808
1583 1753
1971 1482
1651 1678
1681 1654
1633 1701
1580 1782
1630 1730
2551 1218
1726 1659
1480 2036
1620 1813
1985 1634
1720 1815
2325 1477
2098 1600
2151 1580
1842 1720
1618 2023
1576 2117
1845 1791
1773 1864
1787 1850
2111 1648
1744 1908
1776 1893
1822 1866
1837 1849
1823 1879
1881 1824
2009 1735
1710 2001
1735 2002
1910 1837
1586 2296
1853 1938
2212 1679
1915 1902
1807 2052
1548 2479
1882 1996
1696 2250
1938 1947
2108 1845
2001 1942
2006 1945
1880 2093
2210 1818
1966 2018
1992 2080
2238 1841
2145 1930
2084 2049
1777 2369
2029 2127
2054 2144
2041 2187
1902 2325
2038 2230
2032 2285
2132 2210
2281 2053
2068 2354
2348 2090
2130 2312
2171 2271
1624 3035
2346 2141
2433 2066
1716 2849
2202 2314
2425 2094
2147 2383
2284 2246
2020 2506
2193 2359
2215 2347
2368 2216
2351 2242
1693 3061
2298 2306
2332 2283
2494 2100
1983 2644
2311 2317
2007 2634
2594 2034
2262 2410
2078 2637
2761 1953
2522 2203
1855 3025
2529 2239
2326 2468
2703 2149
2303 2631
2650 2288
1973 3191
1959 3233
2364 2646
2458 2535
2336 2702
2505 2503
2487 2523
2470 2553
2873 2259
2472 2562
2233 2908
2910 2266
2544 2541
2342 2836
2315 2866
2515 2669
2247 3091
3295 2219
2579 2649
2279 3221
2476 2840
2335 3154
2772 2552
2437 2966
2640 2708
2361 3245
2547 2845
2662 2789
2788 2683
2649 2837
2707 2794
2886 2652
2879 2684
2600 2957
2658 2894
2691 2868
3052 2577
2532 3079
2793 2829
2928 2745
2596 3084
2592 3151
2835 2839
3618 2386
2389 3805
2605 3254
3024 2780
2844 2920
3204 2707
2818 2965
2726 3085
3460 2598
3508 2570
2979 2952
2792 3174
3633 2548
2860 3153
3404 2790
3344 2834
2912 3198
2973 3147
3077 3056
3243 2979
2990 3211
3096 3113
3103 3114
2932 3311
3550 2787
3378 2930
3117 3142
2865 3519
3208 3089
3087 3226
2898 3500
3161 3182
2851 3605
3015 3409
3126 3300
3190 3244
3346 3078
3356 3075
3146 3337
3072 3392
2991 3547
3179 3323
3124 3466
2893 3799
3027 3631
2947 3779
2764 3981
2811 3927
3442 3210
3650 2976
3279 3538
3306 3511
3498 3293
3412 3482
3313 3644
3733 2984
3677 3071
3439 3510
2993 3952
2808 4066
3288 3786
3518 3455
3571 3374
3562 3416
3410 3724
3720 3202
3431 3850
3332 3923
3453 3856
3678 3453
3568 3747
3710 3599
3847 3144
3780 3541
3667 3797
3792 3638
3704 3925
3002 4093
3777 4050
1584042216 1735922398
1
sift 611
220 224
28 12
19 8
62 52
24 10
48 28
228 237
56 41
42 44
63 55
58 31
50 49
510 565
75 73
47 51
150 163
71 74
84 53
512 772
104 108
88 85
148 171
133 149
103 107
616 639
193 208
108 134
327 340
170 182
120 136
661 775
292 338
125 130
353 329
187 190
118 143
1141 886
472 450
137 141
550 417
201 199
134 146
986 1120
466 555
135 158
518 553
209 198
127 180
1380 1513
556 596
153 165
688 705
178 230
164 200
1469 1654
693 796
197 188
762 839
214 220
160 226
1510 1734
885 842
237 202
764 1095
216 303
185 262
1683 1933
870 1019
226 264
886 1053
279 291
244 234
1719 2015
892 1057
266 227
918 1115
310 322
259 233
2059 1780
996 1105
246 246
1101 1247
359 286
255 247
1798 2037
1228 1243
231 298
1223 1373
303 412
260 257
1834 2434
1193 1572
261 263
1441 1474
473 377
285 249
2680 2242
1573 1626
258 275
2397 1444
503 453
282 266
2508 2648
1406 2368
269 284
1814 1810
446 518
294 304
2887 2454
2136 1642
297 325
1970 1723
452 563
389 250
3527 3766
1940 1823
314 344
1707 2016
571 488
331 362
3651 3705
2024 1910
335 370
1738 2164
522 574
324 385
1846 2101
381 360
2914 1495
567 581
373 376
2046 2009
412 366
1936 2167
585 625
406 379
2177 2035
422 471
1818 2421
620 584
429 466
1924 2346
425 475
2106 2386
625 634
435 467
2196 2295
478 456
2441 2527
906 620
493 430
2350 2188
505 434
2413 2678
823 665
479 515
2295 2238
484 510
2654 2523
798 714
480 521
2293 2276
475 541
2607 2668
724 840
516 594
2568 2151
540 572
2701 2804
891 734
507 645
1587 3508
537 587
2746 3006
927 751
539 588
2514 2767
552 615
2845 3511
744 953
536 666
3177 2505
608 583
3116 3431
888 1020
600 607
2954 2702
621 585
3361 3273
957 958
574 662
2959 2842
544 712
3493 3184
1050 908
623 610
3240 3214
586 667
3206 3449
988 1041
611 643
3407 3574
612 655
3789 3342
1028 1013
583 719
3739 3674
632 653
1094 956
610 689
3764 3680
629 671
875 1209
648 691
3469 3992
557 860
1109 1101
657 711
650 725
1096 1201
628 773
740 652
1116 1271
677 729
809 638
1085 1355
662 764
669 756
1238 1512
636 805
647 804
1198 1563
684 861
752 807
1479 1347
767 794
872 743
1466 1370
738 835
782 792
1423 1470
814 780
760 836
1436 1605
786 844
800 854
1473 1556
855 813
691 1056
1355 1719
773 951
835 879
1535 1601
701 1100
848 932
1365 1908
821 1002
905 901
1874 1418
825 1044
868 995
1478 1931
882 1005
859 1051
1996 1704
817 1104
913 1032
1755 1895
877 1086
883 1090
1757 1906
931 1075
734 1388
1700 2113
942 1091
1002 1033
2069 1891
920 1124
935 1117
1960 1954
869 1211
1015 1058
2110 1893
984 1079
775 1414
1957 2040
941 1177
1200 985
2503 1691
1019 1114
1230 1014
2168 2051
1023 1172
1061 1176
2266 2078
1324 1028
1103 1142
2257 2091
1371 1024
1115 1170
2175 2277
1244 1109
1080 1233
2220 2240
1069 1261
1078 1285
2438 2162
1297 1127
1122 1269
2226 2367
1166 1237
1250 1188
2261 2341
1117 1300
1125 1291
2259 2485
1124 1301
1064 1397
2462 2585
1083 1429
1172 1349
2775 2330
1075 1528
1192 1354
1642 3875
1210 1340
1208 1344
2459 2701
1234 1325
1137 1440
2696 2679
1099 1515
1258 1351
2619 2735
818 2388
1278 1343
2379 3133
1217 1453
1235 1454
2596 2816
1309 1371
1377 1315
2741 2711
1440 1268
1231 1502
2460 3157
1224 1529
1397 1345
2770 2786
1156 1619
1260 1531
3255 2718
1399 1408
1421 1437
2545 3345
1393 1541
1427 1517
2822 3081
1201 1777
1474 1467
3141 2971
1472 1483
1342 1650
3310 2963
1489 1493
1481 1524
3488 2958
1313 1721
1378 1705
2846 3540
1458 1633
1305 1806
3250 3268
1494 1596
1150 2027
3167 3358
1456 1686
1582 1519
3690 2923
1569 1569
1544 1623
3328 3341
1485 1673
1501 1662
3513 3207
1113 2328
1491 1710
3606 3240
1476 1760
1502 1753
3521 3406
1954 1447
1716 1634
3285 3648
1821 1629
1570 1833
3704 3493
1708 1709
1660 1763
3006 3991
1999 1560
1542 1920
3812 3769
1574 1867
1575 1885
3863 3971
1518 1997
1632 1887
3860 4003
1580 1967
1785 1756
1759 1781
1583 1983
1787 1775
1966 1685
1620 1968
1737 1832
1881 1739
1731 1854
1712 1909
1651 2006
1733 1937
1622 2097
2212 1688
1667 2084
1679 2153
1579 2308
2108 1799
1763 2041
2091 1812
1746 2063
1753 2060
1910 1930
1760 2079
1744 2109
1688 2214
1983 1921
1880 1991
1837 2046
1773 2128
1618 2365
1950 2029
1610 2533
2326 1831
2112 1996
1833 2269
2020 2103
2040 2114
2007 2156
2029 2142
1866 2316
1938 2250
1825 2376
2093 2125
2038 2197
1855 2370
1986 2271
1992 2286
1993 2290
1896 2394
2210 2122
2164 2180
2084 2268
2041 2318
1558 2961
2023 2435
2068 2404
2173 2302
2281 2206
2202 2312
3152 1725
2144 2399
2284 2263
2310 2253
2318 2256
2006 2599
2327 2297
2383 2254
2078 2604
2215 2484
2475 2235
2192 2549
2346 2417
2238 2512
2145 2623
2193 2573
2262 2536
2433 2393
2132 2690
2320 2517
2147 2683
2472 2347
2352 2509
2360 2499
2312 2560
2311 2570
1732 3302
2422 2506
2494 2427
2604 2361
2403 2619
2297 2719
2463 2581
2686 2366
2595 2494
2386 2739
2148 3056
2280 2878
2420 2737
2479 2664
2544 2637
2364 2868
2549 2754
2665 2732
2652 2748
2647 2770
2930 2592
2388 3104
2573 2855
2640 2803
2962 2603
2668 2822
2764 2760
2615 2918
2633 2901
2722 2876
2970 2725
2437 3318
2445 3316
2524 3251
2702 3020
3320 2652
2835 2880
2707 3035
2818 2921
2903 2909
2888 2970
3344 2745
2844 3047
2641 3299
3479 2687
2505 3496
2853 3106
2759 3224
2574 3448
3550 2693
2889 3131
2990 3082
2510 3655
2993 3161
3022 3150
3384 2902
2851 3328
2772 3494
3248 3132
3475 2975
2879 3457
3080 3280
3027 3325
3298 3159
3117 3294
2792 3579
2950 3485
3124 3352
3502 3053
3091 3389
2967 3533
2808 3684
2886 3619
3473 3165
3082 3466
3149 3440
3104 3467
3356 3324
3317 3364
3492 3246
3399 3327
3148 3598
2968 3772
3126 3664
3145 3657
2867 3872
3186 3687
3122 3725
3439 3502
3346 3581
3528 3442
3288 3650
3431 3587
3272 3712
3358 3668
3565 3480
3623 3491
3655 3518
3783 3348
3582 3624
3682 3570
3588 3742
3522 3881
3554 3885
3713 3763
3729 3798
3694 3839
3730 3835
3547 3966
3720 3879
3796 3808
3808 3896
3824 3941
3859 3800
3674 4007
1584042216 1738048405
1
sift 168
104 121
71 86
111 114
292 278
108 136
133 149
472 392
178 190
201 205
453 545
214 218
206 254
1406 1877
310 280
303 320
2196 1921
317 307
362 346
2350 2205
359 368
503 351
2607 2202
426 479
578 516
2514 2269
567 636
585 601
2413 2732
632 595
641 628
2701 2703
650 625
684 680
2959 3009
668 726
846 642
3240 2994
724 752
800 722
3177 3236
924 721
773 864
3407 3333
1015 773
888 883
3469 3467
961 814
957 818
3371 3727
913 872
1050 843
3739 3421
891 1040
1028 971
875 1195
1115 961
1017 1229
1116 1093
1278 1083
1216 1180
1230 1258
1198 1355
1217 1360
1311 1356
1342 1334
1399 1398
1386 1500
1466 1412
1440 1481
1378 1566
1479 1433
1476 1446
1544 1397
1616 1339
1436 1590
1759 1345
1451 1722
1700 1453
1547 1741
1542 1756
1874 1489
1999 1565
1600 1866
1679 1925
1758 1845
1886 1772
2002 1731
2040 1725
1883 1804
1763 1944
1957 1852
2077 1821
1832 2020
2164 1829
1993 1983
2168 1892
2257 1836
1960 2113
1994 2086
2175 1982
2379 1830
2117 2064
1986 2238
1816 2454
2310 1996
2226 2093
2262 2082
2023 2350
1873 2490
2352 2067
2259 2274
2363 2190
2266 2272
2438 2159
3338 1742
2067 2552
2460 2192
2962 1868
1642 3304
2544 2196
2343 2441
2875 2026
2595 2363
2230 2767
2603 2407
2462 2570
2753 2333
2549 2489
2313 2881
2749 2492
2770 2480
2422 2845
2696 2591
2748 2569
2757 2595
3104 2409
2736 2625
2669 2678
2403 3106
3022 2563
3479 2370
2888 2679
2647 2953
3395 2530
2542 3161
2844 2822
3141 2785
3167 3030
2792 3376
3095 3206
3328 3061
3289 3158
3513 2993
2938 3437
3387 3198
3642 3012
3606 3151
3521 3294
3819 3170
3812 3220
3667 3466
3729 3405
3682 3492
3796 3372
3669 3692
3704 3672
3863 3719
3860 3757
1584042216 1761909473
1
sift 173
104 116
38 67
71 87
138 153
111 108
108 134
292 290
133 146
170 177
472 410
178 193
201 199
453 531
214 218
206 261
538 482
310 285
317 318
996 1061
303 397
359 364
1406 1249
503 356
473 402
1827 1952
452 518
578 496
2196 1854
567 637
585 662
2221 2021
632 638
650 612
2350 2205
798 550
684 691
2293 2427
800 656
724 738
2514 2274
773 902
957 775
2607 2357
1015 761
888 920
2413 2705
1050 814
913 970
2701 2569
776 1136
891 1051
3240 2439
1028 958
875 1164
2959 2623
1017 1022
1115 957
3407 3162
1173 921
1278 1097
3469 3218
1234 1123
1258 1126
3177 3471
1216 1201
1198 1335
3739 3244
1217 1356
1432 1227
3764 3423
1342 1344
1311 1391
1440 1324
1386 1478
1476 1360
1399 1493
1479 1380
1616 1282
1436 1527
1466 1483
1544 1459
1759 1291
1700 1369
1755 1529
1542 1720
1547 1732
1874 1522
1679 1669
2442 1318
1600 1914
1758 1768
2005 1675
1883 1773
1886 1780
1960 1796
2002 1797
1763 2020
1832 1962
1957 1882
2040 1845
2360 1680
1993 1928
2077 1899
2164 1840
2168 1896
1986 2105
1994 2121
2023 2133
2117 2126
2230 2041
1816 2449
2226 2080
2257 2063
2175 2145
2262 2136
2310 2098
2363 2087
2379 2084
2266 2266
2352 2197
3338 1743
1642 3186
2438 2253
2598 2132
2067 2664
2460 2323
2259 2571
2462 2461
2549 2392
2603 2398
2875 2218
2696 2366
2544 2542
2422 2716
2313 2912
3328 2217
2595 2634
3104 2421
2943 2513
2770 2642
2962 2517
2343 3196
3091 2483
2888 2653
3479 2376
2647 2863
3095 2568
3022 2763
2844 2887
3141 2766
3642 2474
2792 3282
2822 3261
3819 2504
3019 3197
3606 2984
3513 3122
3167 3411
3521 3139
3623 3075
3147 3536
3549 3299
3729 3219
3317 3626
3704 3293
3812 3124
3667 3438
3669 3507
3682 3561
3796 3611
3863 3447
3703 3760
3860 3734
1584042216 1780862618
1
sift 145
472 421
71 69
111 110
518 511
108 131
214 205
556 483
201 214
206 267
764 938
317 258
310 272
892 1039
452 386
473 441
1441 1153
578 558
567 648
1517 1428
585 618
632 646
2024 1598
650 654
684 649
1707 1943
724 773
800 734
1738 1959
798 885
961 776
2196 1852
1015 821
913 948
2136 1999
1017 982
891 1160
2441 1938
979 1091
1028 1065
1827 2578
875 1258
1085 1080
1846 2969
1116 1104
1230 1043
2350 2439
1365 960
1115 1126
2107 2726
1476 1031
1198 1274
3119 2061
1258 1259
1217 1562
2607 2482
1399 1443
1466 1452
2701 2800
1440 1626
1616 1390
3177 3023
1759 1328
1679 1638
3240 3285
1547 1768
1700 1643
3493 3232
1874 1596
1758 1703
3407 3329
1886 1634
1999 1609
3739 3440
1479 2171
1763 1913
1883 1879
2040 1842
1642 2220
2164 1774
1816 2035
1957 1923
1832 2066
1986 1998
1993 1996
1960 2140
2005 2111
2117 2113
2023 2210
2310 1966
2379 1957
2262 2129
2226 2180
2168 2281
2175 2307
2352 2153
2343 2199
2438 2125
2363 2310
2460 2278
2069 2835
2603 2308
2977 2055
2595 2328
2544 2368
3338 1962
2598 2351
3194 2013
2261 2725
2875 2196
2462 2559
2757 2317
2549 2545
2753 2438
2736 2453
2422 2745
2313 2977
2654 2634
3328 2295
3022 2433
3642 2189
2770 2701
3091 2562
2822 2769
2366 3464
2888 2853
3104 2737
3019 2793
2792 2987
3082 3007
3141 3037
3167 3149
3513 2945
3289 3198
3814 2708
2938 3494
3095 3452
3606 3098
3819 2953
3521 3392
3667 3258
3812 3299
3475 3827
3796 3449
3669 3721
3860 3822
1584042216 1789068863
1
sift 74
2514 2729
100 93
244 270
651 675
800 785
2959 2758
503 441
571 547
1015 876
2987 411
3240 2938
578 592
585 640
931 1123
1217 1726
3739 3471
724 789
684 931
1208 1626
1234 1872
776 958
888 991
1759 1680
1523 1881
988 907
1028 893
1831 1846
1476 2652
913 1115
1085 1288
2442 1854
2595 2471
1278 1164
1116 1394
2360 2292
2549 2731
1311 1318
1198 1692
1816 2989
2792 2923
1874 1292
1473 1681
2067 2830
2544 3538
1436 2142
1999 1725
2262 2669
2844 3336
1700 2015
1679 2119
2669 3454
3022 3560
2110 1829
1957 2039
3796 3640
3091 3520
1886 2104
2077 2141
3582 3969
2379 1900
2168 2350
2257 2261
2164 2482
2175 2602
1960 2932
2226 2771
2352 3384
2313 3432
2770 2973
2696 3682
3167 3372
3521 3765
3513 3832
3607 3784
1584042216 1923562747
1
sift 173
56 73
12 19
1616 1438
73 67
63 77
71 78
2363 2128
111 102
104 114
108 130
133 147
138 163
170 184
201 200
292 296
214 226
206 256
472 406
244 266
310 306
453 482
317 336
503 397
457 527
426 483
537 577
892 1094
578 555
567 695
2024 1910
632 621
651 641
2136 1919
571 734
684 674
2196 2136
585 848
724 721
2350 2129
800 743
773 851
2413 2313
846 782
776 980
2107 2723
957 817
913 900
2607 2497
988 845
1050 789
2514 2692
888 996
961 899
2959 2822
891 1013
1015 876
2845 3075
883 1090
1028 949
3177 2893
1017 1044
1116 1202
3240 3100
1230 1178
1218 1189
3739 3275
1216 1201
1234 1196
3469 3693
1217 1256
1278 1239
1198 1520
1311 1404
1386 1343
1342 1448
1481 1331
1436 1416
1466 1434
1378 1543
1479 1459
1440 1588
1476 1536
1700 1336
1473 1597
1544 1539
1451 1669
1679 1553
1755 1496
1759 1501
1874 1447
1547 1730
1667 1738
1542 1882
1622 1934
1600 1992
1883 1809
1886 1816
1763 2048
2040 1846
1957 1923
2169 1803
2002 1928
1832 2096
2164 1921
2077 2002
1816 2294
2110 2032
2082 2083
2257 2020
2175 2157
1993 2315
2379 1983
2262 2146
2117 2298
2352 2081
2266 2162
2226 2254
1994 2489
2310 2240
2261 2392
2595 2062
2023 2667
2438 2272
2360 2391
2875 2176
2462 2513
2549 2412
2422 2673
2313 2828
2544 2873
2361 3276
2888 2631
3104 2539
3479 2411
3395 2460
2542 3090
2770 2825
2757 2872
3091 2759
3022 2832
2844 3018
2781 3105
3141 2853
2943 2975
2647 3305
2962 3023
3095 2926
2736 3252
3297 2906
3289 2963
3167 3074
3019 3177
3082 3199
3387 3027
3475 2982
3623 2954
3317 3256
3606 3106
3186 3480
3783 2941
3521 3315
3257 3583
3513 3367
3694 3346
3704 3399
3682 3487
3729 3437
3669 3570
3863 2972
3549 3743
3796 3491
3812 3525
3798 3595
1584042216 1988776702
1
sift 138
56 79
71 92
104 124
292 285
111 114
108 146
472 414
133 155
178 190
1827 2121
201 221
215 234
2196 1852
206 284
310 299
2350 2353
303 349
359 379
2514 2236
503 365
426 484
2701 2518
452 477
578 527
3240 2509
567 653
585 667
3177 2902
632 595
650 663
2959 3037
906 513
684 697
3407 3147
798 586
724 741
3739 3134
800 752
846 796
961 776
773 994
1015 799
913 902
888 962
1050 941
1028 975
1109 955
875 1231
1115 1045
1116 1116
1278 1127
1234 1186
1230 1235
1198 1316
1217 1380
1399 1353
1440 1403
1476 1374
1544 1365
1466 1436
1479 1439
1386 1583
1488 1566
1759 1371
1700 1435
1999 1317
1542 1673
1874 1499
1886 1650
1832 1825
1758 1886
1993 1763
1957 1791
1816 1918
1679 2092
1763 1974
2040 1801
2164 1756
1960 2045
2117 1971
1642 2466
2379 1797
1986 2126
2168 1973
2175 2056
2257 1990
2262 2051
2226 2105
2023 2309
2352 2060
2310 2101
1873 2485
2343 2077
2598 1905
2363 2145
2438 2118
2069 2517
2259 2492
2462 2319
2544 2307
2460 2446
2595 2315
2748 2207
2696 2300
2549 2430
2753 2311
2313 2735
2422 2669
2603 2519
2736 2511
2361 2910
3328 2259
2888 2458
2770 2553
3022 2426
2757 2728
2844 2703
3104 2568
3479 2436
2647 2957
2792 2823
3141 2809
3513 2649
3006 3071
3623 2688
3095 3124
3607 2791
3590 2943
3167 3323
3819 2859
3521 3354
3729 3130
3812 3036
3317 3616
3796 3312
3667 3523
3704 3590
3863 3493
1584042216 2046133546
1
sift 103
2533 2311
237 227
258 305
233 256
297 329
434 352
294 334
339 450
475 512
469 343
435 433
629 648
429 515
480 494
613 739
484 503
621 442
789 576
583 708
648 720
814 806
669 713
709 767
727 874
782 832
835 793
920 978
905 861
847 928
935 1084
930 878
859 1050
1049 1169
825 1185
992 1097
1309 1260
1113 997
1264 1033
1162 1423
1135 1217
1125 1258
1099 1579
1069 1378
1323 1142
1785 1264
1375 1377
1393 1414
1782 1418
1515 1437
1489 1497
1494 1688
1485 1678
1569 1626
1579 1978
1491 1730
1456 1850
1910 1699
1541 1727
1658 1704
1575 2278
1630 1914
1715 1841
1881 1964
1618 2028
2109 1722
1651 2319
1620 2222
2209 1724
1983 2137
2001 1946
2032 2178
2084 2170
2212 2039
2251 2056
1710 2680
1967 2318
2054 2287
2346 2062
2041 2336
2012 2405
2351 2575
2215 2345
2529 2090
2691 2566
2029 2640
2078 2711
2572 2980
2194 2577
3344 1838
2808 3349
2433 2397
2505 2505
2853 3431
2472 2978
3052 2429
3161 3290
2993 2686
2990 3309
3522 3242
2912 3693
3528 3445
3748 3167
3721 3483
1584042216 2080441786
1
sift 209
50 38
103 120
269 309
135 99
118 133
226 283
469 365
134 140
125 155
363 361
441 415
233 246
266 258
451 503
425 559
261 269
293 305
544 617
480 522
370 436
435 432
530 702
479 554
429 475
484 496
636 780
574 659
475 528
629 611
691 790
583 717
612 811
648 771
984 1002
1092 872
669 740
873 768
1072 947
923 1044
701 908
782 823
932 1142
982 1134
814 833
835 825
1078 1276
1049 1155
800 870
848 946
1244 1167
935 1492
825 1024
905 955
1137 1377
1069 1304
859 1049
868 1055
1260 1460
1264 1152
930 1029
882 1180
1782 1077
1313 1151
1125 1139
1113 1329
1412 1490
1184 1270
1297 1198
1124 1414
1581 1497
1376 1184
1135 1430
1075 1534
1150 2082
1099 1502
1168 1426
1309 1308
1583 1605
1474 1246
1421 1486
1083 1712
1570 1718
1375 1465
1393 1543
1489 1401
1660 1700
1494 1642
1172 1752
1217 1710
1938 2043
1785 1593
1569 1495
1736 1349
1985 2133
1580 1912
1491 1631
1456 1672
1983 2342
1747 1730
1501 1638
1434 1742
2346 2071
1579 1996
1485 1691
1658 1751
2020 2884
1620 1953
1966 1591
1640 1848
2835 2545
2210 1669
2091 1624
1651 2044
2879 2708
1710 2041
1833 1866
2108 1689
2702 2947
1630 2171
1735 1975
1910 1842
2818 2849
1720 2049
1920 1844
1837 1945
2640 3476
1853 1944
1733 2079
1576 2422
2649 3732
1653 2453
1881 2038
1787 2248
2615 3948
1992 2392
2001 2076
2212 2050
2636 4030
2433 1961
2041 2274
2084 2222
3350 3068
2054 2436
2029 2395
1882 2572
3655 2923
1773 2848
2529 1939
1476 4271
2867 4064
2147 2626
2215 2561
2194 2650
3117 3775
2425 2444
2078 2795
2368 2606
3358 3518
2145 2950
2247 2892
2505 2717
3124 4015
2472 2785
2544 2699
2202 3261
3399 4228
2243 3259
2691 2624
3550 2162
3547 4287
2590 2743
2386 3074
2364 3126
3823 3776
2788 2735
2549 2987
2707 2887
3800 4109
3047 2734
3479 2629
2445 3656
2912 3286
2595 3733
3344 2916
2764 3964
2853 3359
2893 3406
3052 3782
2993 3326
3022 3307
3378 3545
2792 3890
2808 3866
2990 4112
3204 3525
3008 3795
3677 3330
2967 4125
3027 4266
3827 3324
3528 3738
3288 4265
3615 4298
3439 4203
3710 3764
3720 4283
3431 4333
3623 4212
3748 3990
1584042216 2102469315
1
sift 527
228 207
28 27
33 31
367 327
71 66
47 32
220 226
56 60
48 40
588 708
310 277
58 53
368 340
62 62
61 56
885 926
347 395
59 68
467 431
63 71
88 95
1223 1268
724 783
75 90
510 501
104 106
103 120
1425 1376
957 932
111 111
512 568
138 153
108 125
1379 1486
1017 1128
129 143
558 661
142 162
168 168
1605 2112
1173 1242
148 167
616 714
193 229
170 176
1814 1916
2379 2142
178 178
661 747
292 283
160 202
2483 2755
3338 1889
201 170
907 741
327 313
187 199
3116 3313
2599 2504
214 205
797 1296
353 382
198 214
2634 2582
326 196
986 1101
472 448
255 258
2366 3184
285 245
1141 1007
447 532
279 263
2757 2810
303 288
1037 1144
550 511
362 285
3141 2919
359 331
1077 1396
518 555
401 337
3289 2842
412 334
1380 1437
529 545
342 423
3387 3363
391 384
1510 1662
556 537
331 472
3819 2997
351 464
1597 1771
688 679
354 490
452 412
1719 1827
693 732
422 445
446 433
2059 1644
715 806
451 442
473 435
1798 1924
764 927
503 407
507 538
2887 2195
892 986
516 540
549 517
2720 2458
870 1032
537 544
571 546
2508 2739
867 1080
567 553
637 495
3188 2917
886 1068
578 559
585 616
3527 3544
918 1079
657 561
623 618
3651 3850
996 1081
557 720
628 614
1159 1058
632 649
600 731
1042 1180
679 622
650 674
1101 1220
677 645
670 692
1441 1492
647 740
662 726
1517 1506
745 644
700 736
1573 1586
684 787
694 779
2046 1508
769 725
706 788
1707 1773
760 755
877 718
1970 1828
800 819
798 847
1846 2248
773 875
786 891
1936 2244
763 948
776 969
2196 2023
809 919
778 972
2136 2098
836 909
855 942
2242 1988
821 1018
889 947
2274 2103
891 945
883 983
2285 2275
894 978
903 961
2350 2288
691 1298
913 981
2413 2330
1050 862
934 998
2612 2214
1080 866
817 1169
2295 2562
924 1064
988 991
2514 2335
1064 899
961 1023
2293 2656
823 1232
941 1103
2441 2523
1015 1031
865 1270
2499 2571
935 1174
1028 1091
3361 2200
1117 1008
1156 1020
2746 2567
1371 933
1061 1147
2607 2683
1088 1139
1078 1189
2434 3043
1096 1185
1116 1166
2953 2708
1122 1178
1073 1231
2676 2951
1103 1196
1085 1245
2701 2969
1115 1222
1124 1214
2929 2809
1094 1248
1139 1195
2397 3901
1084 1271
1058 1358
2845 3389
1325 1129
1170 1249
3240 3106
1198 1229
1234 1218
3407 3053
1166 1310
1281 1215
3177 3385
1201 1312
1244 1276
3493 3153
1023 1632
1134 1450
2959 3605
1235 1364
1265 1337
3360 3344
1260 1368
1178 1427
3206 3670
1342 1277
1258 1403
3739 3374
1301 1360
1376 1289
3371 3889
1527 1177
1278 1420
3789 3629
1217 1487
1385 1332
3764 3668
1208 1525
1230 1515
3469 3988
1397 1392
1232 1552
3856 3994
1355 1438
1365 1436
1359 1466
1197 1667
1481 1373
1444 1455
1386 1537
1422 1524
1466 1490
1497 1464
1473 1531
1544 1456
1535 1472
1440 1615
2249 1150
1476 1602
1289 1838
1427 1698
1204 2051
1451 1737
1542 1663
1708 1505
1567 1630
1632 1572
1616 1588
1458 1782
1786 1467
1667 1579
1502 1777
1580 1690
2318 1292
1479 1930
1660 1712
1759 1639
1755 1676
1690 1739
1757 1684
1594 1853
1600 1876
1570 1939
1874 1679
1558 2003
1679 1840
1863 1704
1688 1826
1622 1941
1869 1775
1760 1871
1700 1940
1855 1862
1866 1859
1993 1816
1860 1911
1763 2020
1837 1955
1954 1863
1857 1969
1886 1966
2002 1896
1896 1994
1957 1957
1773 2156
1994 1970
2340 1768
1915 2071
1816 2215
2043 1998
1939 2091
2442 1762
2475 1749
1890 2234
1711 2513
2164 2055
2226 2017
2155 2093
2135 2141
2110 2171
1880 2388
2192 2118
2137 2183
2069 2315
2093 2296
1731 2702
2067 2351
2246 2173
1873 2572
2263 2226
1642 2961
2023 2489
2327 2176
2132 2408
2262 2294
2396 2175
2203 2378
2426 2146
2112 2493
2006 2635
2261 2355
2259 2382
2310 2368
2343 2347
2438 2266
2352 2381
2459 2289
2940 1910
2503 2223
2312 2461
2311 2473
2254 2542
2363 2462
2283 2553
2211 2665
2420 2439
2308 2579
2511 2360
2633 2317
2616 2349
2598 2364
2422 2574
2476 2508
2478 2502
2018 3089
2597 2419
2647 2396
2596 2491
2589 2509
3280 2121
2595 2556
2460 2707
2707 2466
2770 2413
2462 2737
2654 2545
2937 2326
2549 2619
2753 2459
2175 3154
2668 2605
2605 2663
2378 2922
2781 2559
2573 2754
3328 2307
2640 2736
2780 2634
2962 2529
3066 2474
2692 2735
2875 2608
2742 2703
2578 2856
2950 2612
2835 2705
2463 3094
2733 2777
2619 2882
3248 2512
3572 2321
2822 2741
2736 2926
2844 2835
3006 2759
2886 2831
2524 3248
2652 3098
2818 2923
2889 2878
3022 2805
2542 3324
2696 3096
2516 3365
3152 2768
2544 3357
2759 3088
3292 2744
3513 2627
2851 3013
2985 2918
3255 2785
3091 2860
3069 2870
2897 2992
2838 3058
2848 3051
2592 3556
3068 3075
2884 3291
3194 3016
2792 3396
3019 3174
2888 3331
3356 2954
2958 3311
3479 2927
3250 3114
3419 2981
3104 3242
3358 3045
3103 3247
2968 3366
2977 3381
2669 3750
3208 3246
3399 3097
3272 3272
3095 3401
3124 3393
3186 3387
3317 3322
3655 2967
2867 3704
3092 3540
2862 3752
2686 3917
3244 3467
3149 3574
3667 3083
3471 3400
3521 3336
3320 3538
3563 3305
3502 3392
2938 3856
3430 3481
3822 3001
3606 3379
3122 3805
3310 3723
3783 3187
3543 3573
3623 3482
3167 3885
3744 3340
3546 3639
3729 3422
3690 3489
3590 3632
3067 3959
3812 3299
3682 3552
3741 3461
3565 3766
3660 3669
3549 3818
3694 3665
3582 3836
3716 3803
3750 3776
3843 3627
3800 3880
3814 3873
3732 3952
3669 3984
