1693986903 1778338741
1
sift 66
5 1
15 9
14 4
24 14
146 121
13 7
26 29
257 315
23 13
49 35
408 203
33 28
61 60
405 277
39 43
89 58
369 253
45 34
70 87
687 440
38 48
139 81
492 481
44 45
131 113
746 803
52 55
170 143
450 583
68 51
209 323
1149 848
84 67
305 398
73 88
389 495
99 97
594 409
124 101
580 782
166 132
470 571
161 179
820 980
249 133
1114 981
221 189
201 257
315 464
406 394
620 548
473 865
699 793
771 771
903 783
942 917
1213 806
1003 990
1012 1004
997 1253
1392 989
1247 1155
1189 1247
1336 1365
1157 1661
1471 1552
1693986903 2009681629
1
sift 632
5 4
1 1
0 0
21 19
15 16
3 3
26 34
107 82
4 5
49 47
97 96
6 6
61 65
146 152
7 7
72 61
190 199
10 9
70 74
173 244
9 10
89 90
200 273
11 11
139 92
254 220
14 13
108 109
257 247
13 14
131 165
408 309
17 17
170 186
405 352
18 18
239 226
474 428
19 20
209 278
492 571
20 21
313 256
532 532
23 23
303 339
574 586
25 27
305 354
687 540
27 25
330 337
746 801
30 31
359 357
1149 958
31 33
431 316
1028 1246
33 36
383 363
1454 1391
34 37
369 406
1580 1557
39 39
363 434
38 42
389 431
40 43
387 461
45 41
504 376
43 48
594 506
44 50
470 492
46 49
570 601
47 51
580 848
42 59
793 761
52 57
718 818
55 60
724 893
56 62
820 882
88 45
843 923
62 63
729 1089
81 53
928 1083
67 69
1246 996
69 76
1153 1107
75 81
1364 1203
78 79
1362 1210
76 89
1346 1380
73 91
1605 1273
84 78
82 88
83 93
80 98
77 102
95 83
129 67
90 95
103 87
87 112
116 100
100 108
105 107
115 101
109 105
99 111
101 114
110 123
114 132
118 125
120 127
121 128
117 131
124 129
125 130
140 117
133 139
126 147
132 141
135 142
143 137
142 145
151 126
138 160
147 158
155 157
148 173
164 153
157 171
160 170
166 169
168 168
165 178
179 163
167 177
152 191
171 185
161 197
181 179
174 188
180 187
162 214
191 184
188 189
224 175
182 201
178 212
187 209
192 208
196 207
205 202
193 240
204 217
208 221
198 246
213 224
206 234
194 257
230 229
228 238
211 264
232 236
215 260
226 248
249 239
234 255
264 233
250 254
243 266
246 262
247 265
242 271
259 251
252 267
258 270
262 272
267 263
245 302
251 296
236 312
263 286
255 303
269 281
275 277
268 295
270 298
280 294
273 301
284 288
276 304
292 297
278 307
329 275
322 276
286 321
299 310
294 319
295 325
301 324
346 285
307 332
360 292
325 320
304 341
287 384
311 347
332 329
334 334
318 356
323 349
316 369
314 386
342 359
352 368
333 390
335 392
315 405
348 396
355 393
350 398
374 375
344 408
373 380
351 403
347 407
407 348
424 338
349 423
382 395
417 367
370 416
413 382
391 399
388 413
395 414
340 468
378 430
379 432
384 435
418 410
404 422
412 421
406 429
392 437
420 452
534 342
432 444
358 526
375 503
433 459
447 441
423 476
410 491
462 440
409 510
454 448
471 439
372 581
486 450
440 494
442 488
458 490
455 493
478 471
467 512
466 516
456 523
491 499
521 479
510 487
476 541
511 509
488 537
636 454
496 534
601 462
526 507
503 528
473 572
468 599
495 555
523 525
531 524
475 590
499 565
525 542
528 539
516 556
557 515
502 573
556 530
463 637
506 580
547 547
519 575
635 483
582 517
530 568
537 567
517 587
565 557
539 576
543 592
542 595
541 596
548 605
553 600
483 667
550 617
572 594
639 545
554 621
569 607
564 612
562 613
679 543
787 501
571 634
595 620
620 608
559 690
494 796
616 635
593 656
615 643
647 629
613 647
604 662
584 695
622 658
549 775
591 716
606 700
632 677
708 631
715 630
614 721
670 675
655 691
678 684
619 747
745 646
657 724
638 741
603 790
691 707
753 668
690 722
699 710
645 769
682 736
698 726
688 751
701 750
798 693
728 735
643 826
696 779
697 777
760 728
719 756
764 748
706 788
734 784
771 765
816 746
792 770
700 838
819 754
762 797
705 834
783 785
812 772
780 794
776 800
830 760
826 766
892 711
757 829
758 841
907 720
849 795
832 833
842 830
936 762
627 1171
716 1007
1071 703
885 831
875 853
852 877
950 806
871 876
865 890
847 906
929 832
829 948
744 1076
839 940
903 864
882 905
895 892
947 844
915 871
611 1424
1011 819
911 884
941 866
869 959
964 854
825 1053
963 860
920 900
942 889
931 910
767 1185
890 991
922 943
905 962
919 978
916 986
1003 897
926 973
1084 852
986 912
910 1012
938 977
962 964
987 937
985 950
1053 903
978 972
1012 957
1125 880
944 1059
961 1040
965 1039
908 1132
1010 1018
990 1035
1035 1008
1138 914
1061 984
1148 911
997 1045
1065 987
930 1143
1073 983
1020 1027
1037 1023
1007 1060
1014 1056
1023 1050
877 1255
1039 1037
1043 1044
1031 1066
1074 1029
858 1344
1036 1081
1006 1111
1078 1051
1008 1118
1145 993
1140 1006
1110 1030
1261 902
1189 966
1009 1155
1083 1091
1113 1058
1192 990
1112 1065
1034 1150
1137 1061
1054 1139
1272 931
1144 1074
934 1320
1195 1042
1069 1182
1146 1112
1295 960
1182 1084
1412 916
1108 1151
1120 1141
1021 1234
1079 1198
1057 1219
1266 1016
1190 1106
1237 1057
1218 1075
1027 1274
1055 1253
994 1327
1163 1156
1130 1202
1191 1145
1168 1174
1136 1214
1209 1137
1227 1114
1358 1028
1217 1142
1205 1165
1147 1229
1118 1266
1408 1038
1119 1272
1095 1312
1126 1275
1184 1225
1173 1237
1337 1098
1156 1265
1127 1313
1288 1153
1247 1187
1181 1270
1223 1206
1201 1241
1317 1147
1410 1122
1274 1201
1422 1127
1139 1383
1214 1264
1250 1239
1213 1289
1109 1438
1234 1261
1291 1227
1361 1205
1294 1248
1336 1221
1193 1374
1232 1311
1216 1348
1487 1157
1339 1235
1277 1293
1589 1108
1316 1276
1311 1284
1208 1425
1377 1257
1304 1308
1293 1343
1343 1302
1280 1366
1309 1341
1238 1426
1467 1233
1398 1287
1315 1347
1452 1268
1400 1296
1356 1335
1299 1392
1573 1200
1281 1410
1306 1389
1348 1368
1416 1326
1327 1386
1380 1363
1366 1375
1263 1470
1352 1397
1340 1413
1530 1267
1318 1436
1369 1404
1383 1405
1297 1471
1436 1385
1354 1462
1460 1387
1245 1580
1322 1497
1441 1420
1522 1337
1457 1418
1435 1444
1320 1553
1455 1458
1525 1390
1449 1472
1488 1448
1556 1402
1528 1433
1474 1480
1471 1490
1533 1468
1617 1393
1609 1406
1446 1575
1478 1543
1547 1484
1469 1563
1504 1536
1563 1493
1630 1407
1539 1531
1612 1457
1542 1569
1572 1562
1430 1632
1559 1606
1602 1601
1627 1568
1614 1588
1650 1618
