1750469169 2011792801
1
sift 158
428 376
1005 997
50 57
70 80
121 125
693 630
2331 2108
100 102
117 122
181 166
1052 855
2212 2277
126 146
154 225
605 570
1033 1034
3000 2837
267 257
394 383
620 550
1294 1003
3485 3034
316 518
467 405
629 566
1461 1535
3124 3979
541 621
603 562
614 588
1742 1682
4173 3783
537 681
625 699
677 563
1522 2386
776 502
690 639
708 668
3886 2488
618 854
728 673
782 823
3288 3928
732 683
953 935
888 909
3792 4056
1062 849
1013 1008
830 1513
4112 4120
1409 872
1202 1026
1149 1097
1176 1078
1217 1240
1238 1142
1208 1250
1242 1298
1291 1222
1371 1213
1254 1373
1420 1305
1382 1330
1270 1740
1497 1255
1105 1952
1598 1416
1637 1245
1492 1448
1520 1618
2570 1007
1588 1468
1716 1592
1693 1398
1288 1908
1684 1642
1626 1556
1649 1559
1664 1674
1553 1832
1572 1808
1776 1590
1082 3496
1892 1676
1900 1692
1688 2217
1858 1735
1865 1846
1854 2014
1946 1771
2021 1732
2013 2034
1926 1923
2028 2018
2155 2035
2064 2130
2150 2236
2101 2149
1945 2366
2234 2548
1968 2344
2221 2128
2919 1972
2626 1830
2242 2203
2313 2497
2625 2040
2614 2142
2456 2471
2469 2249
2531 2276
2584 2882
2589 2400
2285 2641
3047 2657
2412 2540
2543 2444
2577 3582
2763 2339
2966 2220
2918 3317
2890 2351
2423 2693
2984 3433
3026 2353
3175 2448
3358 2999
3805 2174
2937 2686
3083 3549
3608 2299
2960 2710
3378 3174
2550 3586
2788 3602
3746 3997
3155 2949
3171 3208
3740 4112
3131 3469
3240 3264
4151 4101
2839 3996
3721 2960
3152 3786
3489 3411
3354 3590
3759 3210
3494 3707
3849 3440
3900 3792
3804 4110
4025 4038
4106 3977
4063 4029
4125 4027
