1761909473 1780862618
1
sift 1257
94 84
44 40
1 3
147 153
117 113
4 8
107 86
45 46
12 13
183 170
127 146
31 25
100 111
79 77
35 30
203 193
179 194
34 32
151 171
129 122
29 39
232 187
195 219
39 35
191 192
140 134
49 44
623 594
215 220
55 42
251 246
157 145
50 50
1046 809
281 286
57 48
328 357
188 168
48 65
924 1070
286 313
68 57
380 349
197 200
65 63
1098 1108
305 334
69 66
429 423
190 229
70 68
1078 1122
343 350
76 75
465 469
273 236
82 71
1044 1691
422 434
87 69
472 549
320 324
80 76
1221 1458
561 392
89 78
509 561
419 378
86 90
1322 1433
588 612
104 107
594 575
408 414
108 110
1184 1610
553 714
105 120
562 695
440 395
126 118
1437 1419
666 589
125 125
610 662
446 413
133 124
1602 1336
672 702
139 129
844 507
433 432
134 131
1767 1396
699 749
149 132
696 783
426 489
145 137
2000 1400
857 684
152 139
689 857
448 476
143 151
1858 1553
727 796
155 149
750 823
510 485
154 154
1749 1729
744 900
160 160
854 765
476 534
153 172
1610 1956
847 801
163 164
815 831
474 574
178 176
1943 1644
953 752
185 185
978 812
534 544
181 190
1776 1868
812 999
186 199
1128 782
546 584
192 210
1810 1858
819 1144
201 203
1028 1050
557 763
214 196
1998 1880
1021 1026
206 207
1432 1076
720 747
199 214
1826 2179
849 1470
217 206
1350 1158
707 766
227 216
1937 2440
1031 1383
224 225
1207 1314
620 1002
202 242
2162 2185
1589 1090
279 209
1550 1195
769 792
239 239
2464 2118
1265 1286
238 241
1485 1338
757 858
245 238
2500 2123
1288 1292
246 248
1440 1403
782 850
249 253
2426 2241
1294 1567
252 252
1327 1892
916 779
254 259
2260 2580
1365 1534
258 257
1590 1635
896 847
257 269
2325 2764
1514 1576
268 255
1710 1528
868 886
261 267
2578 2568
1495 1686
267 275
1793 1587
860 915
310 240
2460 2785
1603 1711
285 272
1542 2206
839 961
269 293
2610 2689
1691 1778
318 258
1674 2042
934 947
365 231
2252 3207
2026 1658
282 297
2027 1797
956 986
309 280
2399 3006
1443 2460
295 296
1879 1983
1091 853
306 284
2498 3049
1823 1850
303 303
1800 2133
1013 1125
341 278
2679 2984
1505 2719
313 302
1792 2148
1182 1010
323 306
3294 2890
1850 2072
345 292
2005 1963
1045 1133
312 358
2904 3874
2166 1890
349 332
2137 1929
964 1251
340 351
3150 3876
2067 1981
364 347
2178 2065
1104 1186
367 344
3750 3831
2242 2004
393 336
2214 2094
1084 1305
385 355
2097 2352
378 405
1982 2530
1242 1200
360 420
2104 2420
399 387
1606 3617
1315 1293
372 426
2521 2109
391 400
2311 2587
1276 1329
370 438
2375 2423
410 421
2388 2650
1556 1204
402 441
2374 2471
425 446
2510 2563
1352 1450
403 477
2746 2141
455 409
2691 2576
1438 1483
437 452
2187 2700
376 568
3049 2324
1418 1571
432 466
2948 2102
454 431
2838 2833
1411 1579
441 460
2501 2657
541 377
3109 2880
1449 1556
518 386
2292 3470
460 451
2699 3402
1562 1667
512 396
2784 2838
381 605
2847 3239
1597 1672
493 440
3164 2741
470 486
3047 3165
1681 1665
467 497
2594 3447
469 509
2829 3466
1891 1689
415 642
3152 3195
456 563
3091 3214
2207 1717
392 719
3022 3348
483 518
3500 2901
1812 2082
438 608
3181 3206
530 502
3134 3294
1969 1934
538 492
3419 3104
514 537
3099 3446
1895 2192
513 570
3329 3181
479 624
3125 3498
2102 2060
537 560
2982 3631
517 583
3514 3119
2140 2112
551 554
3170 3627
570 524
3308 3476
2143 2146
535 572
3513 3391
560 547
3085 3811
2194 2251
543 580
3264 3754
547 576
3661 3839
2281 2176
533 588
3537 3849
586 539
2229 2525
544 590
525 629
2149 2662
589 571
577 587
2423 2437
563 601
640 550
2770 2323
579 593
574 606
2662 2494
554 644
583 609
3117 2198
499 737
626 592
2437 2818
605 613
585 632
2576 2706
592 622
559 682
2654 2684
532 736
590 650
2648 2787
582 664
599 653
2848 2639
540 743
612 654
2666 2875
638 646
603 672
2757 2794
504 805
653 617
2803 2870
637 648
659 619
2856 2861
662 618
498 840
2975 2830
622 670
596 704
2911 2898
647 656
636 691
2818 2985
718 604
691 649
2686 3203
671 675
714 620
2883 2983
632 732
611 742
3009 3063
664 716
656 734
2921 3230
721 687
680 745
2881 3423
711 701
766 651
2929 3443
675 762
841 631
3169 3201
668 829
693 802
3097 3616
737 774
703 819
3202 3522
729 795
759 770
3215 3511
743 820
731 838
3190 3621
746 834
702 903
3310 3509
850 759
761 821
3467 3344
787 794
778 807
3484 3343
777 816
695 972
3566 3757
790 813
762 841
817 798
724 919
918 764
775 864
822 832
891 784
798 866
810 869
872 822
842 860
785 921
764 958
831 923
678 1156
871 877
820 934
870 897
882 892
904 883
984 828
922 876
818 980
861 946
897 902
722 1135
899 936
914 932
939 901
931 917
889 952
997 882
881 985
917 949
1009 890
909 979
970 948
921 993
937 989
973 955
883 1049
967 977
962 988
1134 825
739 1270
976 1008
929 1079
1022 982
995 1016
884 1117
958 1065
1057 965
1015 1024
1023 1014
1029 1012
1000 1053
864 1173
1024 1035
975 1095
961 1113
858 1216
957 1126
1123 969
1144 959
1027 1106
1025 1112
1063 1083
989 1141
1076 1089
1040 1134
753 1704
1047 1128
1157 1048
1051 1160
1095 1130
990 1301
1458 941
1100 1162
1030 1283
1360 1031
1058 1264
1185 1137
1151 1172
999 1467
1160 1178
1338 1098
1420 1052
1108 1253
1105 1265
1103 1281
1223 1149
1141 1234
1181 1199
1126 1259
1198 1212
1149 1280
1090 1375
1228 1208
1278 1182
1217 1255
1135 1352
1229 1247
1062 1520
1256 1227
1250 1245
1191 1313
1210 1302
1306 1215
1303 1219
1264 1260
1331 1224
1248 1294
1271 1291
1334 1254
1275 1306
1484 1161
1283 1307
1297 1298
1194 1418
1186 1435
1335 1274
1310 1312
1285 1337
1291 1328
1313 1322
1249 1367
1394 1275
1244 1423
1321 1354
1348 1318
1341 1334
1405 1276
1282 1390
1402 1282
1286 1399
1401 1290
1353 1339
1406 1289
1132 1639
1320 1394
1339 1358
1318 1407
1421 1295
1395 1343
1258 1500
1445 1296
1385 1353
1269 1497
1351 1388
1246 1531
1347 1398
1328 1439
1325 1460
1492 1299
1343 1461
1379 1413
1425 1366
1332 1491
1427 1385
1373 1482
1366 1511
1281 1614
1456 1421
1429 1457
1433 1455
1544 1348
1356 1562
1482 1453
1413 1509
1500 1425
1324 1626
1493 1443
1446 1489
1453 1486
1468 1484
1717 1256
1488 1513
1369 1643
1524 1512
1414 1615
1529 1527
1554 1507
1518 1541
1502 1564
1576 1494
1728 1309
1538 1559
1555 1542
1487 1624
1270 1837
1522 1596
1648 1441
1161 2043
1357 1757
1657 1503
1478 1723
1692 1493
1585 1637
1577 1648
1689 1514
1463 1761
1600 1650
1510 1743
1662 1633
1637 1663
1342 1992
1608 1698
1669 1638
1619 1693
1654 1675
1707 1618
1419 1935
2278 1214
1661 1682
1498 1884
1628 1731
1803 1536
1631 1732
1770 1595
1684 1687
1659 1718
1701 1683
1856 1519
1593 1803
1972 1447
1731 1671
1705 1701
1759 1654
1780 1634
1380 2171
1623 1824
1658 1787
2074 1437
1609 1876
1714 1744
1630 1854
1656 1821
1625 1871
1908 1581
1768 1703
1526 2040
1715 1776
1732 1768
2236 1393
1725 1785
1761 1763
1740 1806
1868 1695
1679 1906
1711 1882
1516 2248
1643 1991
1757 1834
1733 1867
2158 1549
1887 1720
1718 1916
1829 1777
1722 1921
1762 1859
1840 1774
1719 1933
1820 1800
2235 1551
1774 1869
1894 1748
2188 1591
1874 1775
1773 1879
1605 2214
1743 1962
1789 1889
1845 1842
1675 2111
1864 1845
1926 1788
1854 1852
1553 2394
1964 1786
2093 1724
1844 1917
1898 1872
1535 2510
1965 1827
1837 1950
1847 1951
1815 1988
1900 1901
1754 2095
1882 1923
1906 1900
1841 1973
1935 1881
1760 2098
1807 2024
1808 2034
2156 1751
1968 1910
1857 2016
1970 1909
1866 2009
1885 1993
1915 1977
1796 2140
2020 1913
2103 1863
1928 1996
2016 1932
1883 2056
1951 1984
2037 1927
2555 1621
1756 2293
1986 1982
1893 2115
1828 2250
1994 2030
2084 1957
1985 2037
2167 1888
1962 2066
2022 2021
2098 1966
1694 2519
2047 2025
1802 2327
1849 2271
1917 2184
2036 2070
2030 2076
2013 2087
1953 2149
2105 1998
1765 2445
2112 2010
2195 1944
2200 1960
1896 2281
2091 2074
1890 2296
2048 2130
2085 2089
1870 2360
2008 2202
2063 2160
2538 1781
2122 2120
2126 2113
2025 2231
2182 2064
1927 2340
2079 2174
2024 2257
2080 2180
2136 2129
1984 2289
2042 2252
2052 2245
2146 2145
2082 2222
1945 2372
2116 2228
2108 2239
2101 2247
1833 2548
2171 2152
2133 2210
2125 2229
2197 2153
2248 2110
2012 2373
2185 2188
2231 2144
2087 2310
2253 2125
2225 2182
2602 1873
2218 2196
2017 2435
2145 2307
2219 2235
2226 2236
2265 2187
2282 2170
2175 2286
2196 2275
2132 2351
2449 2035
1952 2578
2217 2295
2307 2200
2401 2101
2308 2208
2247 2283
2212 2316
2314 2244
2180 2374
2332 2258
2443 2139
2234 2357
2191 2408
2293 2304
2323 2278
2250 2397
2300 2355
2474 2189
2245 2441
2015 2687
2298 2384
1977 2740
2360 2339
2043 2674
2368 2342
2289 2422
2398 2308
2299 2426
2489 2243
2409 2319
2404 2332
2291 2464
2400 2363
2092 2703
2457 2333
2301 2484
2220 2573
2383 2404
2407 2386
2442 2365
2380 2432
2558 2264
2312 2496
2369 2456
2115 2731
2356 2481
2516 2338
2373 2486
2350 2505
2562 2306
2139 2743
2371 2504
2467 2412
2485 2388
1910 3107
2477 2414
2479 2416
2542 2368
2497 2411
2267 2652
2444 2476
2392 2545
2828 2127
2470 2477
2634 2328
2304 2658
2408 2541
2683 2294
2088 2933
2441 2527
2150 2860
2466 2515
2580 2425
2358 2649
2462 2533
2376 2635
2588 2428
3129 2000
2430 2592
2461 2559
2173 2879
2483 2562
2597 2474
2381 2682
2342 2722
2563 2516
2546 2543
2352 2746
2507 2605
2560 2555
2402 2717
3054 2162
2393 2728
2625 2506
2639 2492
2522 2606
2527 2627
2559 2604
2421 2737
2633 2537
2763 2433
2348 2834
2628 2552
2573 2621
2266 2995
2626 2599
2406 2835
2472 2757
2526 2712
2390 2865
2495 2755
2577 2675
2617 2655
3196 2199
2556 2718
2627 2651
2579 2690
3186 2220
2663 2622
2552 2735
2581 2696
2674 2619
2487 2805
2629 2677
2621 2698
2793 2539
2723 2624
2361 3039
2642 2701
2535 2816
2659 2704
2569 2800
2531 2843
3256 2272
2675 2702
2585 2799
2649 2744
2772 2641
2618 2789
2106 3615
2176 3503
2504 2953
2925 2549
2403 3130
2468 3018
3120 2434
2673 2778
2716 2745
2678 2806
2877 2632
2950 2586
2653 2853
2318 3369
2949 2603
2866 2659
2787 2727
2591 2963
2771 2767
3078 2529
2940 2647
2927 2661
2658 2911
2745 2826
2875 2714
2740 2852
2439 3285
2334 3497
2742 2913
2744 2914
2718 2948
2603 3139
2835 2821
2540 3241
3327 2495
2776 2915
2755 2944
2834 2849
2669 3112
2859 2868
3613 2347
2799 2940
3083 2707
3081 2708
3008 2768
3290 2588
2613 3245
2807 2970
2795 3001
2766 3037
2768 3047
2871 2921
3064 2784
2788 3060
2783 3080
2922 2917
2997 2859
2823 3011
3336 2629
2965 2897
2820 3032
2912 2977
3020 2878
2779 3153
2870 3022
2889 3027
3072 2864
2977 2936
2753 3220
2839 3092
3015 2923
3001 2942
2852 3110
2873 3085
2998 2967
2711 3311
2687 3361
3197 2793
3118 2872
2812 3178
3261 2769
3326 2725
2968 3013
2743 3310
3000 3012
2509 3733
2805 3286
3122 2945
3749 2378
2984 3098
2946 3144
2804 3304
2832 3273
3027 3096
2990 3136
3107 2999
3079 3036
2833 3305
2792 3422
3449 2770
3073 3101
2907 3297
3127 3062
2906 3316
3070 3172
3111 3124
2916 3364
3045 3212
3019 3242
3184 3077
3282 2987
3010 3270
3224 3035
2858 3464
3317 2973
3033 3280
3116 3198
2570 3851
2978 3387
3183 3175
3034 3346
2844 3575
3285 3082
3267 3137
3038 3388
3225 3186
3237 3168
2942 3513
3552 2876
3339 3090
3124 3299
3044 3414
3291 3140
3153 3284
3274 3166
3549 2908
3032 3460
3089 3383
3519 2950
3265 3211
3304 3160
3102 3374
3087 3408
3151 3336
3017 3523
3162 3329
3471 3023
3389 3138
3139 3392
2656 3868
3379 3174
3411 3149
3468 3094
3396 3189
3545 3020
3302 3267
3003 3634
3453 3146
3096 3547
3370 3259
2947 3750
3163 3512
2995 3713
3257 3421
3244 3440
3438 3258
3192 3540
3247 3487
3273 3465
3402 3325
3321 3412
3428 3293
3340 3394
3213 3555
3333 3424
3319 3445
3148 3635
3368 3415
3168 3632
3056 3759
3249 3558
3454 3321
3349 3456
3457 3333
2824 3865
3131 3701
3312 3506
3212 3629
3394 3454
3272 3593
3720 3029
3221 3688
3323 3591
3173 3746
3478 3442
3559 3327
3149 3790
3696 3150
3586 3334
3554 3381
3198 3770
3288 3685
3387 3613
3530 3431
3655 3262
3432 3581
3488 3521
3452 3590
3577 3420
3610 3399
3689 3268
3672 3300
3369 3705
3406 3686
3574 3477
3269 3803
3354 3741
3506 3600
3611 3449
3233 3827
3365 3745
3352 3760
3356 3764
3436 3699
3281 3817
3612 3483
3297 3821
3557 3597
3476 3702
3567 3605
3585 3583
3401 3786
3507 3721
3527 3710
3495 3758
3654 3563
3375 3834
3600 3650
3625 3624
3511 3780
3534 3763
3630 3692
3621 3709
3667 3639
3657 3684
3580 3789
3589 3785
3482 3845
3701 3638
3540 3843
3699 3696
3633 3797
3639 3793
3687 3740
3770 3191
3736 3653
3675 3806
3679 3813
3734 3822
1761909473 1789068863
1
sift 527
15 9
50 38
29 25
38 31
34 27
67 78
89 77
58 53
65 54
146 139
149 126
68 69
101 87
186 259
133 147
125 116
143 113
239 290
166 140
128 125
130 142
390 385
163 184
167 124
152 143
356 441
189 164
161 135
154 171
365 433
208 212
178 158
180 205
432 458
238 232
184 220
224 245
498 525
245 295
211 327
256 323
550 542
438 253
295 309
306 375
662 640
340 338
341 417
342 379
703 615
366 350
417 432
399 378
617 788
437 503
394 486
436 434
590 825
441 537
479 392
469 504
637 807
455 531
459 520
418 609
737 790
512 544
468 559
543 550
691 931
533 638
544 594
651 522
775 850
535 641
514 654
519 668
958 893
585 647
599 597
526 685
909 1053
574 715
556 665
481 786
814 1302
612 674
579 682
592 690
922 1151
537 771
614 676
560 758
970 1115
603 714
576 774
639 710
1136 958
722 707
676 736
570 916
1312 997
551 1027
656 785
653 949
1096 1163
743 911
693 914
759 823
1024 1408
761 876
818 787
663 1042
1063 1342
762 939
629 1192
871 816
1159 1279
810 883
790 900
704 1040
1151 1298
962 791
711 1050
725 1066
1478 1086
797 980
822 935
1030 779
1243 1436
820 969
796 992
918 898
1530 1190
842 982
878 1002
897 965
1391 1318
724 1195
899 974
1132 781
1522 1292
940 1036
886 1025
903 1010
1395 1497
1142 901
947 1031
975 1058
1335 1692
1000 1205
931 1177
966 1136
1529 1631
1043 1324
1015 1117
1258 923
1665 1560
1122 1238
1075 1068
937 1313
1600 1708
1347 1123
1148 1043
944 1332
1369 2015
1062 1455
1076 1173
1095 1168
1441 1918
1180 1322
1090 1174
1100 1187
1694 1685
1217 1326
1054 1268
1250 1082
1611 1839
1160 1433
1167 1157
1394 1047
1527 2142
1463 1161
1357 1078
1106 1293
1757 2107
1349 1235
1484 1069
1193 1270
1780 2104
1245 1365
1231 1296
989 1807
1882 2039
1216 1432
859 2177
1229 1379
1798 2153
1275 1476
1135 1510
1200 1449
2084 1900
1366 1440
1223 1468
1427 1259
1899 2141
1419 1399
1296 1396
1172 1561
1885 2200
1321 1612
1313 1474
1343 1451
2022 2167
1291 1680
1310 1536
1149 1757
1840 2482
1413 1626
1346 1534
1123 1872
1870 2541
1414 1649
1278 1688
1421 1552
2180 2273
1425 1724
1351 1622
1400 1574
2036 2459
1318 1854
1433 1559
1454 1554
1796 2932
1608 1565
1185 1856
1381 1619
1921 2781
1983 1338
1356 1726
1261 1881
2165 2512
1517 1821
1632 1667
1456 1929
2145 2602
1656 1833
1333 2128
1630 1754
2080 2771
1725 1778
1666 1721
1303 2245
2592 2267
1722 1844
1617 1800
1593 1831
2461 2575
1888 1679
1420 2094
1654 1859
2571 2515
1719 2081
1701 1852
1637 1941
2324 2768
1828 1930
1605 2058
1283 2680
2768 2625
1718 2220
1684 1952
1698 1960
2308 3270
1774 2103
1935 1731
1360 2652
2398 3141
1680 2292
1705 2024
1577 2285
3233 2355
1808 2060
1707 2054
1736 2021
2410 3171
1731 2224
2223 1635
1744 2046
2642 2973
1837 2055
2034 1799
1662 2268
2742 2953
1834 2072
1833 1966
1582 2573
2366 3682
1679 2423
1762 2154
2004 1870
2793 3173
1843 2122
1873 2064
1886 2123
3054 3012
1986 2047
2157 1871
1759 2337
2795 3379
2012 2139
1492 3018
1761 2425
2674 3662
1984 2183
2115 2006
1939 2257
2912 3432
1900 2318
1963 2326
1789 2593
3462 2902
1968 2328
1682 2863
2030 2291
2725 3875
2015 2315
1951 2388
1931 2430
3165 3356
2320 2087
2234 2090
1906 2477
3408 3235
2220 2203
2039 2353
2118 2278
2985 3784
2020 2507
2008 2420
2013 2441
3073 3711
2171 2358
1923 2567
2056 2458
3411 3372
2185 2397
2082 2433
2122 2431
3321 3531
2409 2197
2101 2453
2001 2594
3139 3765
2085 2577
2247 2296
2298 2310
3122 3832
2360 2293
1869 2833
2386 2243
3184 3792
1928 2787
2391 2236
2245 2408
3269 3751
2236 2485
2289 2369
2656 2044
3298 3854
2282 2450
2233 2537
1950 2820
3672 3985
2173 2613
2248 2558
2136 2669
2091 2841
2226 2595
1976 2880
3043 1991
2349 2547
2255 2668
2301 2717
2362 2608
2526 2460
2468 2578
2198 2859
1913 3280
2994 2091
2299 2742
2264 2809
2807 2254
2531 2549
2466 2624
2579 2588
2634 2471
2392 2731
2402 2784
2446 2811
2851 2324
2380 2838
2441 2869
2688 2574
2265 3074
2284 3087
2381 2950
2536 2783
3545 2013
2482 2845
2449 2989
2783 2559
2479 2854
1964 3804
2433 2969
2332 3133
2146 3492
2673 2750
2470 2980
2359 3132
2304 3232
2556 2920
2664 2830
2630 2826
2516 2997
2678 2874
2889 2635
2459 3108
2334 3361
2612 2930
2675 2887
2669 2944
2771 2804
3243 2452
2622 3031
2597 3275
2573 3101
2581 3128
2968 2837
2384 3523
2786 2960
2483 3520
2854 2912
2390 3706
2542 3538
2496 3628
2980 3023
2633 3415
2709 3330
3253 2805
2755 3341
2658 3456
2823 3237
2724 3399
3140 2951
2632 3623
2694 3517
2993 3117
2820 3308
2866 3259
3282 2923
3163 3089
2869 3322
2998 3200
3045 3272
2887 3336
3018 3203
3487 2894
3189 3036
2931 3286
3267 3118
2670 3688
2763 3560
3145 3257
2943 3347
2995 3284
2922 3562
2868 3447
2961 3386
3273 3182
2758 3692
2799 3631
3080 3454
3075 3389
3002 3493
3356 3194
3063 3429
2852 3707
3224 3332
3019 3530
3051 3481
3131 3434
2909 3691
2946 3641
3034 3598
3084 3564
3402 3279
3444 3315
3314 3393
3275 3441
3297 3696
3313 3451
3594 3201
3488 3498
3027 3834
2927 3916
3482 3767
3323 3543
3511 3350
3611 3640
2965 3913
3362 3588
3412 3550
3493 3449
3278 3709
3151 3853
3401 3728
3430 3704
3476 3660
3541 3619
3387 3837
3446 3818
3305 3911
3534 3850
3609 3790
3540 3907
3714 3877
1761909473 1923562747
1
sift 1395
94 97
45 47
7 4
49 51
39 39
12 9
107 85
79 82
14 10
70 60
74 72
15 22
147 161
129 128
18 23
76 75
82 87
27 28
151 168
157 156
35 30
191 191
104 120
34 32
203 185
197 176
29 37
227 221
126 125
38 35
251 277
188 192
42 50
225 250
190 194
50 53
380 443
215 211
47 61
269 271
201 189
54 56
429 469
230 215
58 58
313 330
268 288
57 59
377 543
300 314
65 62
334 343
273 344
68 64
465 537
320 335
80 76
325 369
360 381
87 78
473 556
440 391
81 83
345 437
379 436
89 79
555 569
422 470
88 90
357 441
387 486
93 88
553 587
408 493
101 96
453 446
446 485
108 102
509 652
476 525
109 104
462 473
454 539
113 106
594 636
546 604
98 126
606 606
483 547
116 114
562 686
524 639
114 137
596 661
513 565
125 118
665 653
630 666
134 130
753 595
525 576
130 141
854 733
620 709
143 132
677 715
547 610
135 138
924 862
672 684
133 140
701 861
605 710
149 136
1001 799
757 654
146 147
832 865
680 705
155 148
856 1016
707 707
161 145
749 1185
720 780
152 155
982 955
1010 683
156 152
1006 893
766 759
166 151
1049 1003
853 856
154 167
1404 839
746 826
162 164
1327 889
868 850
172 157
844 1428
891 776
163 171
1098 1059
934 805
175 169
1187 1086
860 884
178 179
1028 1218
839 933
189 174
1067 1454
883 916
180 177
1247 1209
951 920
205 165
1208 1286
850 991
177 184
1169 1373
847 1038
181 180
1550 1125
904 970
184 187
1622 1156
930 965
192 190
1239 1417
967 1022
168 214
1431 1439
1084 1118
196 195
1307 1423
1186 808
199 200
1536 1418
1104 1193
210 197
1455 1349
885 1387
194 219
1606 1397
1242 1097
169 263
1520 1486
1276 1113
212 216
1432 1721
1254 1179
217 227
1783 1249
1317 1159
213 252
1867 1357
1219 1260
234 240
1609 1471
1288 1294
224 257
1831 1412
1315 1378
240 230
1549 1581
1286 1303
214 285
1674 1801
1295 1521
238 247
1538 1622
1194 1474
252 246
2328 1374
1411 1400
239 273
1332 1986
1282 1438
246 251
2000 1607
1418 1422
231 302
1479 1958
1306 1477
235 293
2256 1593
1562 1463
245 268
1649 1869
1429 1356
284 229
2305 1572
1702 1353
261 256
1628 2019
1608 1199
264 254
2310 1674
2111 1346
249 279
1670 2029
1425 1379
243 295
1982 1899
1603 1807
274 280
1733 2045
1401 1431
258 291
2387 1688
1681 1760
256 292
2214 1808
1334 1548
257 316
2388 1796
1786 1791
290 296
1753 2378
1453 1458
297 300
2202 1963
2102 1980
282 310
2476 1867
1523 1427
295 308
2033 2337
2174 1931
303 305
2125 2224
1414 1587
309 322
1839 2746
2194 2172
319 317
2534 1894
1233 1830
271 388
2616 2661
2230 2251
312 333
2176 2394
1532 1564
323 329
2252 3231
2140 2361
306 348
2442 2613
1518 1573
318 336
2424 3117
2411 2091
392 294
2618 2504
1445 2005
340 339
3185 2479
2281 2241
296 414
2523 2599
1722 1797
263 511
2698 3032
2135 2440
339 361
3057 2242
1653 2067
344 356
2838 2897
2207 2420
365 338
2845 2405
1903 2090
329 376
2829 2911
2413 2349
342 368
2462 3012
1945 2068
372 346
2691 3206
2416 2348
359 351
2787 2890
2091 2014
366 366
3099 3015
2453 2576
367 372
3304 2693
2171 2008
356 397
3047 3233
2662 2418
349 412
2802 3239
2087 2128
403 353
3355 3039
2973 2234
382 392
3020 3077
2037 2243
389 383
3386 3054
2437 2805
390 382
3055 3113
1864 2475
375 403
3091 3363
2756 2548
399 396
2726 3622
2185 2171
402 390
3308 3152
2654 2765
406 394
2990 3434
2017 2380
391 415
3514 3215
2848 2919
386 430
3666 2818
1898 2689
364 458
3150 3680
2803 2994
410 406
3598 2920
2231 2374
417 402
3203 3633
2856 2990
425 399
3449 3210
2267 2386
397 444
3152 3751
2785 3290
394 466
3281 3421
2175 2511
438 410
3649 3526
2720 3560
432 454
3655 3373
2371 2351
416 478
2929 3278
436 457
3370 3750
2358 2365
460 424
2770 3566
437 464
3587 3710
2537 2222
418 488
2921 3651
445 461
3748 3810
2468 2342
452 448
3169 3354
455 477
2182 2636
441 521
3164 3391
459 495
2579 2295
504 456
3484 3375
467 501
2373 2507
523 449
3537 3442
479 509
2381 2553
469 522
3582 3748
478 519
2415 2529
531 482
488 534
2539 2537
532 515
577 496
2407 2675
463 594
530 535
2560 2660
491 560
580 503
2546 2686
514 553
481 585
3011 2364
498 584
543 558
2443 2925
535 566
541 559
2385 3057
499 600
550 562
2649 2819
519 586
544 570
2832 2892
493 626
533 581
3000 2752
556 563
526 597
2603 3425
512 619
583 557
2834 3129
558 592
560 593
2812 3212
589 573
582 589
3065 2977
563 611
585 605
3083 2953
579 617
575 633
2777 3332
576 634
537 679
3070 3365
592 614
551 673
3247 3228
570 650
634 598
3312 3205
622 602
593 627
3183 3353
603 628
600 642
3153 3485
598 648
599 651
3339 3431
536 711
638 621
3291 3585
625 630
612 640
3250 3666
652 603
642 624
3710 3162
574 687
651 613
3296 3715
659 608
614 658
3454 3641
670 607
572 702
3547 3652
545 735
647 665
3667 3597
626 680
640 685
3687 3794
590 712
617 696
3685 3808
637 695
728 618
691 674
653 697
628 719
714 681
675 714
703 691
663 732
629 778
656 743
676 744
721 703
693 758
687 772
722 725
742 718
737 720
702 757
662 848
718 774
711 783
664 927
763 755
679 897
759 760
777 746
717 829
726 819
690 907
724 843
743 815
739 844
864 734
918 713
818 763
762 812
790 787
729 885
775 817
806 794
796 820
810 801
761 876
824 802
831 845
861 811
748 957
827 863
944 771
798 895
962 762
820 882
830 883
835 887
892 828
897 835
787 960
884 855
843 906
974 786
902 851
882 874
851 921
858 925
888 888
903 877
878 901
887 894
822 969
889 891
841 958
899 904
940 878
913 912
906 917
961 871
973 869
922 923
872 966
1007 847
989 879
800 1075
947 932
970 900
909 976
957 944
915 983
958 949
937 979
939 992
997 951
754 1224
972 984
981 974
975 986
976 988
963 1007
932 1035
929 1047
1023 973
1030 967
966 1030
993 1023
1015 1010
1012 1017
1009 1025
999 1042
901 1144
1022 1044
1051 1013
1035 1036
1000 1099
1131 968
877 1273
954 1169
1132 982
1136 980
1076 1040
1058 1062
1073 1077
1158 999
1025 1136
1055 1107
1029 1146
1089 1087
1279 956
1054 1130
1105 1102
1167 1073
1066 1165
1095 1143
1100 1139
1064 1183
1142 1109
1149 1121
1268 1049
1106 1164
1148 1137
1214 1103
1040 1333
1144 1160
1043 1335
1096 1238
1123 1196
1151 1170
1160 1187
1113 1227
1180 1167
1250 1128
1193 1174
1229 1149
1159 1219
1231 1172
1201 1201
1200 1206
1135 1283
1147 1272
1195 1222
1402 1096
1172 1291
1245 1211
1216 1248
1179 1330
1236 1268
1185 1328
1223 1297
1484 1117
1155 1413
1248 1296
1285 1263
1198 1362
1321 1246
1313 1261
1312 1267
1264 1301
1275 1293
1243 1327
1278 1332
1356 1256
1062 1665
1325 1348
1213 1464
1330 1345
1329 1366
1369 1336
1217 1492
1258 1430
1427 1289
1349 1368
1353 1376
1271 1461
1333 1403
1535 1225
1310 1453
1446 1315
1357 1406
1400 1367
1256 1518
1421 1352
1463 1319
1346 1421
1303 1491
1291 1501
1385 1405
1478 1343
1296 1508
1391 1404
1344 1448
1351 1440
1467 1364
1500 1341
1366 1470
1338 1497
1380 1459
1335 1520
1318 1563
1737 1162
1530 1371
1343 1533
1496 1398
1039 2047
1516 1390
1324 1588
1360 1536
1482 1433
1341 1570
1527 1416
1433 1510
1497 1466
2209 1034
1522 1447
1754 1214
1441 1529
1657 1334
1504 1494
1456 1538
1459 1539
1502 1519
1529 1496
1406 1592
1395 1612
1413 1602
1594 1437
1655 1389
1249 1788
1686 1358
1983 1150
1612 1445
1728 1323
1526 1541
1517 1561
1560 1525
1563 1527
1577 1523
1555 1556
1492 1631
1419 1696
1627 1514
1462 1686
1553 1611
1373 1774
1488 1689
1600 1576
1721 1446
1575 1617
1593 1599
1582 1635
1658 1544
1595 1630
1666 1552
1669 1553
1662 1586
1619 1647
1631 1639
1654 1615
1638 1634
1676 1590
1697 1584
1675 1616
1723 1565
1617 1691
1472 1840
1741 1568
1930 1409
1715 1600
1476 1865
1660 1671
1849 1487
1955 1414
1648 1708
1637 1714
1694 1675
1630 1753
1684 1706
1430 2006
1687 1711
1716 1701
1740 1676
1611 1804
1718 1709
1705 1734
1708 1745
1701 1761
1732 1730
1935 1547
1888 1579
1707 1776
1762 1716
1868 1625
1633 1868
1605 1929
1656 1859
1759 1759
1725 1799
1587 2012
1659 1898
1761 1768
2004 1619
1719 1844
1816 1747
1720 1882
1748 1834
1773 1809
1739 1860
1807 1790
1384 2505
1757 1847
1829 1789
1780 1816
1908 1757
1679 2040
1643 2154
2028 1728
1789 1892
2236 1605
1873 1814
1897 1803
1507 2460
1808 1895
1845 1846
1837 1853
1769 1961
1847 1850
1774 1970
1797 1928
2223 1649
1841 1888
1915 1819
2008 1780
1840 1921
1893 1864
1886 1896
1882 1923
1834 1979
1900 1920
1820 2031
1926 1915
2012 1841
1966 1877
2048 1832
1828 2058
1833 2059
1984 1904
2092 1829
2043 1876
1939 1966
1899 2002
1680 2391
1871 2046
1914 1992
1986 1956
1968 1969
2011 1930
1913 2023
2150 1825
1931 2024
1866 2095
2034 1954
1862 2107
1854 2136
1948 2018
1927 2050
1949 2028
2019 1981
1985 2017
1885 2126
2103 1926
1947 2060
1923 2087
2099 1940
2022 2001
1917 2134
2030 2026
1906 2159
2024 2038
1962 2096
2020 2048
1929 2163
2191 1942
1860 2275
2088 2030
2039 2089
1802 2389
1953 2188
2082 2076
1951 2225
1963 2220
2079 2101
1994 2213
1970 2230
2071 2122
1746 2569
2220 1996
2056 2184
2409 1845
2001 2233
2085 2156
1928 2315
2101 2151
2168 2071
2136 2146
1803 2536
2197 2081
2186 2097
2112 2198
2141 2160
2145 2157
2117 2221
2080 2254
2098 2240
2146 2196
2192 2143
2205 2129
2139 2216
2025 2330
2165 2194
2181 2179
2368 1995
1990 2395
2233 2132
2128 2257
2352 2032
2108 2289
2218 2176
2118 2287
2126 2298
2021 2409
2212 2210
2177 2253
2217 2218
1815 2685
2226 2226
2286 2170
2282 2189
2081 2403
2234 2250
1546 3606
2013 2486
2248 2247
2336 2174
2379 2144
2227 2297
2253 2272
2265 2267
2245 2285
2247 2296
2173 2367
2196 2354
2289 2268
2219 2336
2504 2074
2121 2489
2318 2277
2285 2310
2419 2192
2406 2217
2279 2332
2572 2056
2250 2373
2280 2343
2249 2384
2161 2472
2304 2335
2360 2284
2301 2340
2255 2397
1972 2691
2736 1972
2507 2167
2588 2088
2474 2211
2634 2062
1977 2724
2391 2288
2291 2415
2332 2362
1824 3062
2349 2352
2441 2270
2400 2307
2408 2304
2410 2308
2320 2421
2449 2294
2386 2356
2105 2657
2312 2451
1904 2950
2300 2471
2376 2411
2015 2821
2133 2667
2392 2412
2433 2370
2122 2715
2380 2461
2591 2266
2148 2716
2362 2491
2454 2410
2356 2496
2404 2449
2526 2333
2393 2480
2383 2493
2613 2290
2466 2434
2467 2435
2284 2615
1952 3111
2348 2546
2402 2515
3270 1863
2369 2549
2042 2998
2398 2525
2308 2647
2421 2539
2274 2692
2461 2513
2559 2422
2487 2485
2397 2564
2562 2424
2299 2704
2705 2313
2314 2707
2479 2534
1981 3234
2235 2833
2459 2612
2733 2360
2293 2834
2470 2610
2340 2756
2675 2447
2556 2560
2765 2388
2764 2402
2668 2490
2659 2499
2625 2540
2495 2658
2529 2637
2626 2554
2497 2688
2488 2700
2585 2611
2573 2619
2926 2331
2390 2858
2807 2429
2947 2334
2516 2705
2483 2759
2535 2711
2016 3563
2597 2662
2678 2574
2656 2606
2628 2627
2446 2878
2669 2605
2566 2720
2835 2462
2522 2783
2653 2631
2690 2602
3111 2292
2630 2680
2622 2699
2673 2653
2465 2931
2531 2863
2493 2917
2545 2867
2737 2625
2542 2873
2627 2753
2723 2643
3074 2408
2716 2673
2789 2608
2590 2856
2641 2787
2970 2492
2496 2983
2623 2822
2718 2696
2439 3100
2513 2975
2366 3229
2568 2926
2745 2694
2642 2825
3016 2498
2793 2651
2517 3023
2768 2698
2816 2642
2717 2768
2740 2738
2758 2725
2824 2663
2694 2840
2709 2815
2833 2668
2633 2932
2799 2743
2632 2973
3388 2350
2687 2900
2451 3258
2472 3221
3237 2446
2482 3216
2570 3103
2763 2832
2795 2796
2680 2933
2766 2853
2864 2730
3451 2366
2334 3554
2976 2683
2509 3269
2724 2960
2849 2814
2889 2780
3043 2654
2552 3250
2725 2992
2762 2942
2771 2944
2742 2984
2755 2969
2866 2849
2873 2842
2739 3016
2602 3222
2711 3070
2912 2828
2828 2898
3051 2718
2907 2871
2580 3310
2906 2891
3032 2767
3110 2690
2859 2937
3044 2777
2994 2844
2877 2970
2853 3001
2869 2981
2868 3014
2978 2902
3034 2865
3079 2808
2555 3512
2887 3018
2857 3069
2995 2924
2638 3389
2966 2966
2783 3208
3058 2915
2893 3090
3035 2943
3345 2670
2820 3171
2993 3003
3046 2978
2871 3170
3075 2954
3033 3030
2952 3104
2946 3130
3015 3080
3487 2650
2984 3106
3053 3056
2935 3161
3001 3101
3073 3031
2965 3134
3118 2959
3116 2963
2998 3109
2778 3405
2922 3225
2870 3270
3040 3114
2863 3305
2851 3325
3282 2896
2773 3499
3078 3112
3019 3183
2884 3330
3087 3115
3298 2913
3233 2982
2852 3424
3027 3248
3357 2922
3273 3009
2931 3357
3113 3163
3272 3037
3184 3124
3128 3211
3263 3096
2949 3417
2909 3498
2925 3472
3471 2893
3232 3147
2823 3604
3197 3177
3570 2823
3646 2733
3093 3297
2808 3656
3084 3313
2955 3509
3148 3281
3416 3050
3038 3433
3453 3011
3411 3074
3139 3315
3045 3445
3086 3378
3173 3292
3490 2995
3422 3079
3122 3367
3165 3342
3313 3197
3253 3265
3539 2988
3244 3275
3246 3287
2957 3625
3063 3515
3252 3293
3171 3398
3133 3466
3224 3345
3131 3474
3512 3083
3596 2985
3382 3217
3314 3284
2855 3772
3212 3410
3257 3366
3168 3477
3336 3288
3124 3525
3323 3298
3219 3437
3269 3387
3302 3347
3119 3590
3293 3399
3632 3048
3081 3648
3265 3455
2875 3804
3278 3441
3527 3178
3321 3412
3347 3385
3541 3192
3149 3611
3479 3260
3384 3379
3545 3213
3574 3175
3120 3682
3402 3418
3443 3368
3123 3704
2987 3797
3348 3502
3275 3584
3433 3419
3285 3579
3412 3479
3362 3520
3365 3536
3526 3341
3401 3514
3218 3693
3457 3449
3333 3586
3476 3436
3462 3461
3266 3669
3626 3256
3387 3564
3654 3224
3425 3558
3480 3505
3459 3522
3432 3552
3441 3553
3262 3719
3444 3569
3623 3329
3511 3506
3643 3309
3672 3272
3610 3381
3561 3487
3631 3390
3299 3743
3406 3687
3507 3570
3677 3352
3611 3491
3431 3697
3340 3777
3436 3723
3506 3681
3445 3729
3588 3593
3743 3255
3625 3613
3554 3705
3465 3782
3577 3696
3534 3756
3616 3698
3560 3742
3656 3660
3586 3731
3604 3746
3594 3752
3630 3737
3580 3793
3650 3732
3740 3561
3754 3627
3689 3809
3721 3783
3682 3822
3714 3812
3540 3854
1761909473 1988776702
1
sift 1932
11 13
0 1
1 2
10 21
21 35
13 16
37 50
44 55
15 30
94 103
117 129
19 29
106 108
45 58
29 42
100 125
129 141
32 40
147 159
79 89
35 45
165 169
127 143
34 48
151 167
131 145
39 51
203 220
140 151
47 56
191 213
157 170
49 67
232 226
179 204
54 61
244 264
188 196
58 68
277 304
197 203
48 73
251 261
190 205
64 72
281 298
195 212
65 74
241 301
215 235
69 78
332 267
230 233
62 88
278 266
250 257
70 81
328 362
273 274
80 83
352 354
291 288
81 84
457 410
286 297
76 93
380 371
300 321
88 85
413 466
305 332
87 92
429 431
320 342
89 90
443 454
343 366
93 104
464 457
419 405
98 101
465 472
408 427
109 112
472 498
422 428
108 114
509 530
427 438
112 115
569 486
433 451
113 118
567 579
446 445
105 131
553 611
440 449
116 124
660 601
448 465
120 120
594 616
476 493
125 140
618 640
524 480
130 142
610 660
490 502
133 144
623 683
534 564
134 146
555 809
510 509
135 148
727 726
561 585
139 153
697 731
546 553
146 155
749 721
557 629
145 160
788 710
588 572
143 161
857 753
649 545
152 168
844 689
522 698
155 166
815 785
591 627
156 171
793 733
641 600
166 158
855 772
720 544
160 173
780 767
630 657
154 178
802 856
620 685
168 165
854 833
767 568
162 176
955 763
672 682
169 177
875 827
865 598
164 187
838 873
699 724
167 188
719 1041
707 807
187 182
953 829
774 795
175 191
942 806
744 862
186 185
866 894
755 888
178 192
924 914
769 857
172 207
977 871
847 823
180 193
1110 841
757 892
177 206
982 1031
840 847
181 195
1003 1016
853 840
193 190
1046 989
839 899
182 201
1016 1019
860 869
184 199
948 1109
868 867
189 194
1028 1028
916 835
194 208
905 1177
819 927
192 211
1067 1052
896 848
196 215
1078 1088
812 948
213 197
1038 1103
782 996
212 200
1034 1164
951 889
211 210
1044 1196
934 903
199 221
1168 1112
964 906
201 223
1037 1242
933 973
204 225
1220 1157
930 987
214 219
1056 1259
1031 965
202 227
1196 1204
987 1044
206 232
1053 1336
1021 1018
208 237
1153 1243
1091 1014
217 234
1509 1026
1267 1001
227 239
1222 1207
1084 1155
224 246
1207 1230
1242 1030
234 245
1204 1232
1189 1149
231 247
1407 1101
1182 1115
240 242
1174 1295
1183 1182
209 272
1184 1329
1173 1241
236 248
1293 1254
1232 1198
239 250
1287 1294
1265 1245
225 265
1322 1305
1241 1274
238 252
1371 1268
1276 1251
245 253
1398 1360
1288 1269
246 259
1622 1167
1230 1346
257 255
1121 1670
1298 1296
256 256
1247 1492
1294 1307
249 270
1350 1466
1254 1364
258 262
1491 1376
1365 1355
255 275
1125 1738
1352 1402
252 287
1327 1523
1300 1555
253 286
1485 1405
1392 1476
279 258
1437 1429
1438 1428
254 289
1550 1352
1449 1452
261 284
1474 1415
1418 1491
268 282
1292 1621
1589 1375
264 294
1465 1455
1411 1553
260 307
1521 1463
1481 1514
290 285
1404 1515
1514 1520
285 299
1440 1581
1590 1422
269 318
1536 1532
1315 1733
308 281
1355 1712
1562 1518
274 328
1432 1661
1375 1708
282 315
1444 1694
1494 1627
295 310
1542 1637
1443 1669
336 273
1336 1816
1597 1586
296 327
1710 1535
1691 1576
306 316
1729 1517
1681 1662
312 317
1767 1478
1537 1828
309 338
1435 1830
1922 1505
303 348
2142 1279
1505 1940
323 335
1793 1564
1702 1745
334 323
1749 1609
1823 1727
313 346
1775 1588
1734 1815
327 336
1674 1709
1905 1690
319 345
1568 1878
1790 1776
339 333
1606 1871
1786 1927
388 300
1818 1657
1942 1894
325 361
1879 1640
1812 2035
365 319
1776 1742
2027 1844
340 358
1943 1634
2166 1782
344 357
1858 1761
1958 1965
349 359
1810 1808
2069 1874
347 363
2000 1705
1938 1987
342 373
1800 1840
2026 1944
356 365
1792 1922
2064 1913
346 398
1839 1962
1988 1984
364 379
1937 1983
2137 1908
366 378
1982 1867
1836 2242
367 376
1998 1949
2102 2003
360 385
2033 1963
2207 1909
373 383
1979 2008
2010 2108
361 397
2228 1842
2140 2005
409 372
2096 2054
2067 2111
372 399
1867 2196
2143 2050
393 380
2232 1954
2164 2052
387 391
1647 2760
2104 2138
383 400
2162 2096
2135 2162
385 395
2256 2027
2281 2018
376 415
2178 2154
2241 2095
391 401
2214 2072
2333 2006
396 394
3259 1620
2413 2131
381 419
2429 2026
2174 2176
399 404
2252 2184
2229 2310
407 393
2440 2025
2347 2250
384 424
2260 2278
2322 2280
394 416
2388 2191
2199 2443
417 384
2377 2225
2292 2351
403 411
2257 2362
2230 2417
406 407
2521 2143
2374 2295
390 426
2425 2223
2111 2595
405 418
2325 2383
2453 2257
410 414
2328 2324
2423 2293
402 423
2698 2069
2277 2449
392 464
2311 2431
2375 2364
415 447
2464 2284
2149 2623
350 551
2533 2224
2648 2166
437 437
2708 2233
2501 2326
432 446
2305 2580
2475 2323
425 456
2460 2592
2524 2394
436 443
2751 2185
2437 2455
447 452
2699 2369
2194 2764
441 461
2490 2442
2746 2350
445 463
2679 2414
2586 2531
438 481
2672 2321
2411 2775
454 462
2599 2534
2666 2681
455 476
2310 2749
2654 2550
456 479
2510 2693
2594 2766
488 468
3276 2064
2731 2631
467 488
2767 2588
2596 2806
493 469
2476 2682
2784 2619
469 489
2850 2551
2756 2673
461 499
2616 2599
2797 2664
518 477
2387 3110
2847 2596
463 528
2865 2638
2803 2672
512 492
2152 3592
2848 2637
483 523
2722 2792
2720 2842
451 583
2838 2776
2589 3020
491 526
3077 2699
2707 2878
453 593
2829 2934
3182 2547
514 508
3049 2756
2883 2774
513 511
2885 2905
2818 2866
470 570
3260 2621
2911 2787
520 520
3143 2727
3009 2778
519 522
3137 2740
2770 3122
499 543
3037 2887
2856 2991
479 575
3158 2803
2929 2982
530 525
2811 3180
3022 2896
537 514
3047 2952
2881 3091
543 512
2956 3165
3164 2813
538 521
3091 2920
2982 3015
565 500
3134 3002
3397 2801
525 542
3109 2925
2921 3202
515 554
3180 2960
3409 2802
517 555
3150 3004
3248 2958
527 546
3068 3125
3251 2967
547 529
3308 2964
2989 3291
498 582
2988 3307
3420 2903
505 580
3242 3098
3202 3151
536 547
3005 3369
3215 3208
607 490
3241 3132
3155 3236
545 550
3152 3245
3329 3097
535 560
3427 2981
3373 3062
508 603
3393 3026
3181 3263
558 541
3294 3200
2938 3550
533 569
3203 3295
3399 3112
560 561
3223 3368
3310 3193
657 491
3264 3350
3169 3351
532 610
3500 3158
2930 3586
544 596
3085 3567
3188 3432
550 586
3364 3342
3191 3469
583 556
3361 3406
3543 3161
556 594
3013 3626
3404 3337
563 608
3185 3569
3484 3265
570 591
3426 3373
3467 3293
574 589
3424 3378
3551 3259
559 623
3236 3589
3513 3413
528 668
3344 3531
3566 3422
576 606
3351 3580
3607 3393
579 607
3503 3491
3469 3573
589 587
3581 3427
3499 3577
577 621
3644 3506
3624 3471
572 633
3537 3587
540 671
3474 3630
582 624
3419 3664
585 626
592 613
629 573
566 649
590 619
626 578
603 615
605 620
638 595
599 637
640 602
580 669
628 630
596 652
635 635
642 631
617 656
612 663
637 653
680 609
614 670
643 648
611 674
679 618
621 675
606 693
625 678
659 651
634 686
653 666
662 667
632 704
647 699
663 703
758 597
668 702
671 700
578 798
664 716
691 697
658 718
670 712
673 714
654 729
541 879
687 708
711 695
675 732
656 752
701 713
676 740
667 755
702 730
718 719
734 715
677 791
693 775
721 739
731 736
703 769
737 742
729 756
709 777
717 788
724 784
743 774
846 711
746 770
726 802
722 813
763 762
695 865
759 781
766 768
794 758
761 799
764 800
756 818
762 814
739 868
745 861
850 766
732 880
841 783
790 816
830 797
741 877
798 821
869 764
831 808
785 853
851 812
810 837
710 990
827 845
800 874
777 901
818 872
817 876
880 832
753 986
787 916
806 890
843 866
871 843
882 838
861 859
799 923
989 787
822 917
820 930
814 941
904 855
832 950
872 898
858 932
903 884
881 910
960 850
897 895
891 904
908 891
864 967
913 915
883 960
911 921
877 971
899 939
889 958
931 919
967 886
805 1049
909 956
965 897
887 984
939 931
927 947
929 945
970 902
920 962
876 1007
922 964
914 974
997 885
892 992
937 961
878 1012
902 994
940 981
958 975
966 972
947 999
962 985
1002 951
1011 943
984 980
1009 959
975 993
981 991
961 1009
973 1002
950 1024
994 1005
917 1087
957 1045
1000 1017
1070 942
1015 1010
1024 1015
1094 936
963 1083
1095 944
993 1060
1008 1046
1027 1023
999 1061
1029 1027
1007 1070
1054 1011
1032 1054
1055 1021
1023 1073
1064 1040
990 1129
1030 1104
1186 970
971 1187
1063 1077
1233 952
1006 1166
1062 1106
1090 1094
1076 1107
1155 1029
1071 1117
1043 1152
1025 1189
1122 1092
1171 1066
1134 1090
1123 1102
1086 1135
1096 1126
1040 1226
1058 1202
1179 1082
1100 1146
1106 1142
1258 1057
1289 1037
1238 1085
1144 1151
1178 1125
1236 1097
1151 1160
1277 1076
1145 1163
1141 1172
1348 1034
1157 1179
1132 1206
1109 1228
1108 1239
1105 1255
1185 1176
1113 1237
1198 1165
1102 1273
1135 1234
1205 1184
1180 1215
1162 1233
1164 1231
1149 1261
1191 1218
1217 1217
1187 1252
1161 1292
1159 1298
1239 1213
1223 1227
1331 1153
1307 1192
1377 1132
1229 1250
1268 1219
1313 1197
1316 1203
1338 1175
1271 1222
1226 1271
1283 1221
1248 1260
1200 1335
1264 1265
1278 1258
1231 1297
1214 1322
1304 1253
1332 1225
1285 1270
1244 1313
1246 1321
1306 1275
1194 1401
1286 1306
1296 1300
1269 1332
1303 1301
1310 1303
1282 1323
1317 1302
1329 1285
1337 1280
1333 1290
1341 1288
1261 1383
1275 1379
1335 1316
1390 1272
1394 1267
1291 1371
1321 1351
1406 1262
1339 1326
1312 1377
1330 1347
1347 1342
1318 1396
1325 1394
1353 1345
1351 1349
1320 1407
1324 1403
1573 1201
1374 1348
1360 1374
1356 1380
1614 1181
1373 1372
1421 1325
1385 1361
1427 1330
1383 1389
1441 1338
1446 1333
1484 1311
1425 1385
1366 1427
1343 1447
1384 1417
1459 1365
1369 1435
1475 1362
1270 1530
1357 1441
1299 1511
1342 1469
1429 1406
1588 1266
1493 1353
1380 1439
1472 1392
1476 1393
1445 1404
1403 1426
1500 1369
1551 1319
1468 1408
1454 1420
1433 1434
1413 1453
1544 1366
1531 1397
1453 1440
1419 1473
1482 1437
1414 1489
1393 1510
1479 1468
1524 1425
1499 1458
1457 1490
1820 1185
1249 1692
1463 1502
1395 1565
1502 1477
1361 1600
1518 1470
1305 1664
1492 1498
1510 1484
1541 1472
1575 1449
1560 1465
1522 1499
1581 1450
1721 1315
1504 1537
1422 1610
1517 1529
1497 1561
1478 1583
1559 1497
1538 1533
1496 1580
1739 1339
1577 1519
1529 1577
1545 1567
1563 1556
1642 1474
1555 1575
1526 1598
1488 1633
1462 1665
1728 1409
1515 1629
1593 1569
1612 1545
1633 1527
1648 1521
1466 1691
1631 1549
1654 1528
1658 1525
1623 1574
1649 1538
1596 1599
1582 1624
1520 1678
1558 1651
1672 1552
1675 1560
1628 1602
1662 1578
1609 1631
1692 1544
1689 1551
1685 1557
1630 1618
1803 1438
1530 1719
1587 1663
1600 1647
1535 1722
1637 1617
1670 1593
1619 1659
1635 1642
1697 1587
1309 2039
1683 1604
1782 1500
1617 1676
1711 1590
1638 1658
1716 1594
1705 1606
1707 1615
1553 1771
1731 1601
1784 1540
1684 1656
1761 1589
1655 1701
1657 1703
1605 1759
1712 1668
1701 1685
1679 1706
1666 1726
1720 1673
1727 1672
1639 1772
1659 1778
1780 1650
1625 1820
1735 1704
1715 1735
1757 1683
1714 1748
1754 1700
1725 1739
1722 1743
1730 1734
1608 1888
2062 1516
1741 1741
1868 1635
1824 1666
1807 1680
1656 1858
1816 1679
1719 1780
1718 1783
1743 1766
1766 1746
1762 1760
1736 1790
1770 1758
1828 1736
2021 1623
1723 1855
2058 1613
1690 1906
1607 2062
1871 1725
1604 2081
1774 1812
1694 1952
1840 1756
1834 1765
1829 1785
1795 1807
1862 1754
1837 1774
1813 1798
1972 1698
1873 1768
1808 1821
1957 1717
1844 1795
1849 1792
1802 1843
1845 1801
1768 1886
1814 1848
1885 1781
1882 1791
1841 1823
1928 1763
1917 1769
1935 1755
2203 1625
2155 1652
1857 1839
2044 1723
1789 1902
1907 1800
1900 1809
1854 1852
1881 1834
1847 1860
1866 1850
1760 1993
1902 1831
2008 1773
1912 1846
1886 1869
1906 1854
1904 1866
1962 1825
2284 1660
2188 1718
1926 1872
1915 1885
1825 1988
1890 1910
1986 1847
1796 2045
2004 1838
1887 1934
1893 1932
1927 1897
1939 1883
1931 1900
2236 1710
2084 1797
2134 1777
1838 2032
1923 1941
1738 2203
1919 1947
2091 1813
1913 1955
1896 1973
1815 2086
1966 1921
1864 2033
1951 1943
1880 2040
2088 1853
1948 1967
2085 1862
2047 1904
1984 1959
1947 1986
2036 1931
2117 1870
2025 1951
2051 1937
2436 1689
1949 2017
1682 2439
2103 1891
2048 1950
2056 1945
2112 1892
1953 2036
1860 2153
2020 1974
2754 1566
2159 1861
1960 2046
2093 1929
1898 2127
2243 1814
1903 2115
2015 1996
1859 2165
2132 1905
2116 1926
2022 1998
2024 2002
2195 1864
2063 1990
1985 2067
1929 2140
1971 2089
1952 2121
2167 1912
2092 1981
1997 2088
1909 2171
2126 1971
2074 2024
2013 2091
2118 1999
2042 2071
2224 1911
2012 2128
2141 1985
1994 2149
2018 2122
2165 1960
2037 2110
2171 1979
2156 1991
2409 1806
2139 2028
2154 2012
1821 2386
2247 1942
2136 2051
2080 2105
2043 2156
2098 2101
2185 2004
2145 2056
2127 2075
2550 1757
2235 1966
2105 2126
2087 2145
2101 2136
2455 1833
2148 2087
1945 2279
2034 2201
2125 2134
2146 2104
2108 2152
2197 2060
2122 2157
2196 2070
2030 2243
2168 2133
2546 1829
1955 2346
2182 2148
2225 2100
2082 2239
2128 2202
2219 2125
2147 2183
2449 1918
2009 2328
2248 2102
1901 2453
2234 2114
2226 2141
2227 2139
2003 2356
2231 2144
2253 2118
2011 2358
2191 2181
2215 2169
2200 2182
2017 2374
2307 2093
2173 2220
2255 2163
2095 2329
2133 2309
2282 2177
2150 2318
2487 2001
2204 2274
2407 2082
2212 2265
2349 2146
2217 2259
2245 2238
2183 2301
2300 2186
2220 2269
2175 2313
2400 2109
2287 2208
2308 2190
2286 2217
2273 2235
2124 2409
2176 2344
2602 1957
2496 2047
2314 2210
2298 2226
2259 2261
2250 2281
2441 2116
2265 2275
2205 2353
2359 2205
2279 2286
2303 2266
2368 2209
2293 2282
2379 2206
2727 1916
1976 2615
2161 2428
2312 2288
2267 2333
2061 2557
2405 2200
2341 2268
2332 2298
2395 2245
2467 2175
2301 2338
2489 2161
1811 2950
2414 2218
2289 2349
2393 2249
2189 2462
2382 2267
2180 2473
2263 2385
2404 2252
2651 2042
2402 2260
2366 2300
2381 2283
2386 2290
2209 2469
2494 2188
2443 2246
2297 2382
2896 1880
2373 2312
2472 2207
2352 2330
2181 2525
2448 2264
2318 2401
2246 2482
2380 2348
2335 2389
2271 2454
2068 2702
2371 2375
2538 2214
2262 2493
2433 2317
2350 2411
2390 2363
2323 2446
2442 2327
2397 2365
2408 2354
2358 2415
2410 2359
2461 2319
2415 2360
2186 2607
2462 2334
2459 2342
2639 2180
2376 2436
2469 2345
2562 2258
2392 2430
2560 2276
2555 2294
2542 2307
2628 2230
2552 2305
2360 2495
2479 2371
2361 2500
2580 2289
2249 2613
2383 2488
2588 2292
2419 2452
2675 2213
2457 2424
2483 2395
2291 2593
2304 2598
2880 2074
2430 2470
2470 2435
2523 2387
2637 2291
2700 2232
2398 2519
2452 2477
2406 2517
2342 2579
2049 2963
2497 2437
2618 2331
2634 2315
2522 2419
1992 3075
2438 2510
2516 2438
2531 2434
2403 2563
2334 2639
2563 2421
2458 2530
2581 2412
2421 2568
2640 2368
2828 2192
2444 2576
2454 2565
2669 2370
2557 2494
2644 2405
2418 2622
2571 2492
2659 2416
2717 2355
2559 2513
2737 2352
2598 2491
2556 2528
2507 2570
2035 3224
2590 2497
2569 2518
2468 2611
2631 2475
2579 2522
2526 2577
2597 2512
2653 2458
2363 2770
2683 2456
2566 2575
2776 2380
2269 2911
2473 2667
2604 2539
2299 2869
2649 2501
2891 2304
2621 2544
2783 2410
2763 2426
2535 2641
2570 2605
2625 2562
3054 2234
2642 2553
3062 2228
2613 2589
2902 2366
2106 3310
2715 2521
2772 2489
2587 2657
2558 2700
2529 2718
2633 2612
2577 2677
2626 2626
2786 2484
2768 2507
2733 2533
3092 2262
2943 2377
2678 2608
2749 2555
2591 2726
2771 2549
2747 2564
2795 2524
2658 2655
2485 2835
2703 2610
2787 2540
3231 2255
2673 2686
2504 2859
2680 2691
2696 2678
2645 2737
2656 2722
2641 2747
2493 2916
2716 2669
2802 2585
2740 2653
2412 3063
2793 2609
3016 2457
2687 2733
2724 2697
2268 3309
2831 2586
2684 2744
3222 2343
2805 2618
2627 2811
2762 2685
2799 2650
2711 2757
2987 2529
3159 2418
2339 3275
2753 2736
2635 2875
2916 2614
2925 2606
2788 2729
2890 2642
2839 2670
2866 2668
2873 2658
2820 2701
2534 3072
2509 3118
2660 2901
3186 2466
2723 2828
2766 2809
2950 2647
2808 2758
2755 2816
2887 2703
2835 2738
2718 2877
2875 2724
2889 2715
2745 2847
2742 2854
2823 2772
2568 3124
2623 3037
2780 2827
2725 2904
2912 2735
2833 2789
2949 2710
2814 2817
2859 2794
3030 2676
2736 2951
2877 2796
2667 3053
2646 3105
2851 2824
2922 2786
3040 2698
2871 2821
2499 3340
2853 2841
2807 2889
2821 2881
2832 2863
3015 2741
3122 2649
2834 2864
2777 2956
2804 2922
2561 3287
2900 2843
2884 2857
2465 3462
2852 2884
2827 2919
3078 2714
2985 2791
2812 2947
2792 2996
2869 2900
2463 3526
2765 3095
3051 2798
3024 2815
3003 2830
2863 2957
2816 3006
3128 2743
2370 3618
2969 2876
3031 2839
3019 2846
3106 2779
3017 2856
2961 2909
3083 2805
3081 2807
3076 2818
3073 2826
3327 2651
2844 3055
3667 2408
3064 2849
2743 3222
3032 2890
3008 2929
3101 2820
2998 2939
2952 2977
3111 2834
3067 2888
2668 3383
2906 3067
2760 3257
2934 3031
2965 3003
3010 2966
3027 2955
3149 2831
2926 3078
3045 2945
3001 2995
3018 2993
3035 2971
3107 2886
2946 3066
3000 3023
3201 2833
2721 3385
2761 3328
3177 2865
3695 2480
3118 2936
2819 3261
3043 3035
3138 2948
3034 3060
3079 3000
3282 2823
3066 3034
3072 3042
3275 2851
2846 3297
3314 2836
2970 3185
3312 2844
3224 2935
3123 3019
2936 3250
3124 3036
3232 2940
3156 3007
2994 3186
3184 2989
3033 3162
3298 2883
3347 2852
3098 3087
3038 3171
3046 3170
3119 3083
3168 3029
3127 3080
3131 3082
3020 3213
2980 3254
3153 3065
3262 2962
3396 2853
2907 3345
3151 3088
3173 3074
3345 2921
3212 3045
3102 3152
2730 3581
3070 3220
3135 3166
3183 3109
3162 3147
2990 3317
3323 2985
2959 3363
3171 3148
3206 3121
3237 3089
3225 3111
3273 3061
3219 3130
3116 3230
3267 3085
3635 2754
3165 3189
3471 2902
3221 3146
3148 3221
3316 3043
3339 3025
3563 2812
3289 3084
3244 3134
3247 3168
2917 3518
3394 3017
3302 3103
3278 3143
3087 3341
3384 3048
3291 3140
3318 3131
3272 3188
3552 2917
3288 3183
3468 3009
3256 3243
3139 3354
3205 3280
3481 3032
3074 3458
3025 3504
3213 3298
3285 3253
3450 3101
3549 2990
3389 3174
3254 3303
3412 3177
3349 3228
3346 3231
3369 3211
3253 3334
3401 3195
3588 2988
3281 3299
3657 2913
3304 3278
3157 3447
3233 3366
3189 3420
3317 3285
3390 3242
3512 3114
3354 3267
3333 3286
2976 3603
3258 3397
3440 3216
3322 3311
3511 3150
3556 3092
3220 3460
3249 3436
3363 3318
3257 3443
3387 3302
3230 3477
3246 3467
3613 3077
3379 3333
3710 2927
3554 3160
3425 3296
3545 3173
3509 3219
3411 3323
3362 3375
3457 3268
3284 3455
3342 3398
3519 3252
3263 3509
3265 3503
3370 3409
3454 3315
3479 3294
3434 3353
3368 3434
3348 3465
3478 3327
3539 3264
3431 3387
3442 3382
3493 3314
3623 3179
3691 3076
3432 3417
3617 3196
3371 3484
3488 3391
3518 3346
3443 3452
3407 3487
3428 3475
3452 3449
3585 3282
3480 3426
3506 3402
3476 3444
3436 3481
3709 3123
3645 3234
3587 3305
3293 3590
3498 3437
3489 3454
3615 3274
3447 3493
3672 3235
3438 3523
3611 3312
3567 3392
3612 3343
3516 3473
3681 3258
3525 3466
3574 3403
3255 3629
3569 3421
3455 3547
3531 3478
3530 3479
3560 3470
3534 3515
3609 3424
3589 3451
3769 2814
3633 3415
3547 3545
3586 3521
3630 3488
3621 3499
3604 3557
3625 3539
3715 3399
3465 3633
3731 3389
3675 3528
3702 3496
3637 3599
3580 3619
3540 3641
3626 3616
3701 3574
3748 3463
3714 3578
3687 3602
3643 3637
3754 3520
3721 3610
3658 3649
3686 3645
3717 3655
1761909473 2102469315
1
sift 416
429 469
190 203
14 12
49 41
25 14
2691 3164
188 208
35 29
87 66
74 69
3099 3253
320 361
82 74
227 216
80 81
476 499
108 111
285 277
104 112
510 506
116 106
330 355
118 109
474 665
134 125
357 387
135 127
546 577
150 143
541 395
153 153
720 872
161 166
462 482
177 176
769 864
199 170
554 500
193 178
934 821
181 191
586 595
201 213
860 987
196 219
737 782
217 206
896 949
290 283
775 932
323 338
969 912
397 288
872 976
403 326
868 1036
356 407
785 1209
378 391
839 1173
399 384
909 1160
370 439
1242 1313
394 415
1022 1128
391 445
1276 1491
402 435
921 1242
410 448
2140 2140
418 454
1743 1889
441 481
2662 1901
518 412
2084 2142
437 524
2174 2560
459 496
2125 2247
512 461
1786 3312
467 533
2442 2486
574 458
2281 2540
493 517
2836 2148
483 582
2437 2535
513 588
2462 2787
455 725
2416 2909
637 553
3054 2298
614 579
2756 2695
525 701
2504 2997
599 609
2770 2760
556 658
2766 2919
640 622
2654 2899
662 616
3116 2842
638 649
2650 3337
612 674
2858 3184
864 546
2803 3360
550 847
2990 3227
656 819
2929 3694
691 787
3449 3080
639 1065
3155 3843
843 785
3020 3630
796 837
846 826
3370 3782
814 862
850 856
3748 3777
870 836
761 1031
902 875
754 1136
778 1106
970 981
923 1034
1073 868
904 1076
938 1070
1051 945
958 1091
967 1123
883 1207
1136 969
1024 1119
1061 1081
957 1222
929 1284
1144 1045
1063 1212
1306 1069
1123 1195
1151 1185
1186 1228
1089 1377
1201 1227
1192 1235
1246 1190
1159 1292
1160 1306
1096 1421
1126 1403
1335 1229
1275 1280
1261 1327
1344 1277
1321 1320
1231 1409
1256 1433
1132 1664
1249 1534
1383 1422
1356 1487
1346 1504
1373 1474
1405 1447
1395 1465
1282 1588
1459 1456
1291 1639
1324 1615
1482 1489
1401 1566
1366 1596
1360 1602
1532 1469
1453 1547
1478 1537
1530 1524
1518 1542
1414 1622
1318 1762
1425 1718
1529 1676
1522 1679
1723 1472
1487 1790
1369 1940
1380 1930
1683 1646
1673 1670
1546 1854
1894 1495
1720 1663
1684 1754
1611 1868
1768 1685
1732 1733
1705 1807
1890 1654
1535 2188
1788 1760
1731 1847
1740 1840
1696 1960
1658 2050
1797 1896
1653 2206
1774 1967
1544 2482
1780 1966
1928 1816
1719 2127
1748 2076
2050 1774
1914 1876
2003 1839
1882 1957
1854 2023
1840 2055
2236 1768
1962 1997
1970 2048
2020 2020
2121 1970
2080 2017
2041 2065
1813 2349
2168 1972
2025 2182
1864 2369
2118 2100
2022 2196
2048 2201
1870 2426
1921 2403
1953 2415
2039 2333
2303 2059
2308 2097
2136 2294
2098 2368
1872 2691
2205 2288
2132 2364
2217 2307
2253 2266
2063 2495
2087 2462
2352 2171
2034 2581
2197 2381
2133 2489
1885 2785
2220 2391
2225 2447
2449 2215
2406 2315
2106 2700
2218 2608
2298 2528
2380 2438
2404 2417
2017 2880
1656 3865
2497 2367
2571 2382
2443 2558
2392 2619
2323 2707
2349 2670
2356 2684
2177 2904
2291 2766
2705 2330
2517 2529
2642 2413
2427 2656
2793 2289
2546 2610
2465 2694
2186 3039
2145 3154
2634 2556
2461 2737
2597 2603
2313 2980
2358 2915
2560 2713
2863 2396
2376 2927
2694 2584
2716 2574
2667 2645
2267 3152
2481 2864
2483 2860
2373 3020
2912 2460
2582 2776
2381 3040
2371 3076
2366 3096
2407 3018
3083 2383
2289 3334
2527 2946
2438 3105
2649 2827
3270 2328
3447 2246
2569 2969
2724 2784
2421 3242
2669 2900
2763 2805
2851 2721
2942 2665
2769 2882
2522 3282
3122 2627
3144 2635
2887 2835
2556 3325
2542 3357
2966 2806
3073 2754
2758 3065
2568 3401
2696 3169
2670 3274
2653 3331
2773 3150
3261 2741
2832 3113
2795 3286
2678 3471
2623 3605
2789 3415
3186 2961
3089 3085
3339 2862
3174 3002
2909 3347
3613 2686
3162 3053
2457 3966
3040 3305
3093 3223
2984 3379
3105 3228
3512 2838
3197 3174
2869 3600
3124 3299
2977 3462
2812 3693
3256 3168
3139 3336
3225 3269
2852 3726
3400 3125
3075 3482
3438 3083
3010 3608
3183 3411
2927 3753
3244 3374
3113 3543
3219 3422
3416 3230
3313 3352
3282 3396
3153 3603
3563 3137
3291 3460
3454 3345
3080 3750
3497 3355
3471 3385
3070 3833
3432 3434
3081 3873
3271 3734
3626 3322
3423 3668
3299 3818
3561 3552
3385 3787
3541 3699
3728 3364
3547 3740
3411 3885
3489 3900
3599 3796
3631 3759
3685 3662
3278 3973
3218 3988
3672 3832
3736 3724
3711 3902
3507 3984
