1928484021 2119627969
1
sift 175
66 65
562 587
274 227
135 88
214 193
818 804
293 250
254 287
308 286
1375 1222
499 504
273 369
364 347
1714 1332
657 570
399 316
367 441
2124 1921
674 725
433 540
675 406
2112 2424
779 681
557 486
622 523
2275 2615
803 698
728 629
695 716
3102 2711
877 773
762 797
902 728
2866 3209
951 929
912 776
971 775
3589 2905
1124 975
882 830
1072 765
3487 3074
954 1621
871 1066
1246 899
3367 3439
1220 1407
1118 1018
1020 1273
3495 3511
1386 1383
1214 1060
1156 1211
1777 1312
1365 1080
1315 1152
1510 1728
1111 1487
1398 1121
1753 1669
1353 1138
1322 1215
1792 1753
1165 1519
1206 1471
1962 1673
1332 1315
1201 1533
1853 1916
1546 1184
1491 1250
2164 1905
1392 1385
1486 1438
1984 2194
1351 1627
1508 1521
2016 2210
1588 1582
1677 1528
2014 2330
1667 1544
1407 1830
2678 2205
1642 1741
1779 1659
2712 2276
1737 1779
1830 1742
2456 2768
1657 1936
1881 1743
2613 2718
1989 1818
2279 1935
2631 2738
2143 2034
1955 2257
2315 3700
1919 2345
1674 2923
2955 2931
2384 2248
2412 2246
3018 2872
2201 2562
2601 2250
2406 4053
2572 2274
2371 2455
3263 2951
2195 2633
2351 2498
3336 2918
2239 2634
2687 2311
2890 3435
2898 2120
2337 2625
4156 2963
2407 2639
2348 2746
3768 3421
2060 3010
2790 2356
3742 3548
2211 2985
3118 2245
3955 3436
2721 2660
2571 2835
3408 3992
2650 2809
2496 2955
3551 3872
3108 2418
2968 2568
3899 3740
2938 2602
2564 3022
4040 4014
2830 2786
2723 2891
3105 2547
4007 2011
2622 3124
3015 2757
2851 2967
3207 2675
3255 2751
3519 2737
3920 2600
3342 2989
3095 3229
2863 3657
3173 3200
3580 2913
3276 3148
3536 3071
3387 3216
3078 3589
3381 3354
3362 3401
4132 2820
3359 3556
3671 3526
3958 3243
3611 3595
3860 3393
3891 3390
3630 3664
3624 3752
4019 3613
3943 3765
4138 4022
