1988776702 2102469315
1
sift 363
445 401
15 7
67 41
17 12
493 499
43 14
92 66
45 29
867 1036
79 60
93 89
83 81
899 1173
94 74
240 217
124 106
1482 1825
114 111
299 277
146 125
2166 1512
147 126
361 249
155 138
1927 3312
172 166
482 595
190 178
2673 2695
206 176
741 783
221 170
2775 2701
194 189
898 976
195 191
3122 2760
205 203
853 1209
196 208
2672 3360
234 206
955 1161
223 213
3608 3698
215 219
1162 1179
258 185
256 262
1286 1340
285 283
349 288
1766 1889
335 338
342 361
1797 2142
359 336
411 326
2134 2247
365 407
416 415
2234 2298
430 405
401 445
2327 2486
414 448
423 435
2334 2787
477 412
431 469
2496 3080
478 425
461 481
2728 2810
437 524
469 517
2809 2919
488 533
589 458
2859 2997
509 506
527 559
3230 2842
524 581
553 577
3317 3227
476 725
653 553
3213 3630
602 622
542 701
3409 3782
637 609
595 649
3463 3777
594 658
667 616
663 674
586 847
754 686
697 787
711 826
752 819
766 856
866 785
857 864
903 821
776 1023
799 1031
848 949
941 862
764 1096
970 865
869 987
994 875
902 981
855 1076
1051 873
1004 940
963 1034
886 1123
975 1091
1015 1119
1151 1045
945 1284
1045 1222
1077 1212
1116 1166
1102 1195
1275 1069
1160 1185
1156 1313
1277 1228
1321 1190
1126 1421
1316 1229
1298 1292
1379 1280
1351 1320
1282 1405
1297 1409
1333 1400
1251 1491
1235 1515
1389 1422
1208 1628
1365 1456
1206 1664
1372 1474
1380 1487
1323 1588
1436 1490
1496 1439
1374 1602
1440 1547
1371 1639
1573 1427
1470 1542
1403 1615
1427 1596
1565 1465
1385 1718
1430 1677
1489 1622
1583 1537
1396 1762
1416 1716
1499 1679
1577 1676
1719 1524
1604 1646
1435 1940
1439 1930
1673 1663
1509 1878
1606 1807
1656 1754
1601 1847
1525 2050
1748 1763
1366 2482
1910 1654
1650 1966
1886 1685
1763 1816
1956 1680
1930 1778
1791 1957
1687 2184
1837 1919
1756 2055
1812 1967
1825 1997
1780 2127
1857 2006
1851 2022
2092 1840
1974 2020
2058 1968
2046 2016
2133 1972
1918 2215
1951 2182
2105 2017
1950 2201
2089 2047
2005 2140
2099 2053
2004 2172
1997 2197
1905 2364
1993 2271
2189 2096
2063 2256
2051 2294
1829 2610
2266 2059
2117 2267
2033 2369
2077 2347
2036 2415
1781 2785
2060 2381
2445 1977
2101 2368
1888 2657
2330 2171
2018 2540
2100 2447
2259 2307
2145 2462
2235 2334
2353 2288
1980 2731
2252 2417
2269 2391
2176 2560
2226 2528
2201 2581
2146 2670
2311 2459
2246 2558
2308 2488
2348 2438
2437 2367
2517 2315
2315 2556
2492 2382
2609 2289
2159 2858
1989 3108
2276 2713
2553 2413
2455 2535
2435 2587
2082 3018
2319 2737
2430 2619
2485 2572
2056 3154
2512 2603
2446 2707
2735 2460
2805 2383
2371 2863
2287 2980
2426 2805
2374 2880
2395 2860
2669 2574
1858 3865
2370 2900
2283 3040
2649 2627
2263 3110
2312 3020
2281 3085
2415 2915
2300 3096
2501 2827
2957 2396
2436 2927
2593 2766
2367 3067
2333 3152
2375 3076
2466 2961
2511 2926
2550 2899
2556 2895
2307 3357
2518 2969
2697 2784
2349 3334
2640 2868
3007 2559
2824 2721
2703 2835
2509 3106
2826 2754
2607 3039
2458 3331
3053 2645
2750 2908
2524 3286
2528 3325
2568 3242
3077 2686
2272 3817
3071 2759
3025 2862
2698 3305
3310 2700
2812 3137
3114 2838
2608 3471
2739 3320
2863 3113
2998 2973
2780 3307
2688 3482
2791 3380
2823 3396
3147 3053
2424 3966
3485 2777
2753 3587
3036 3299
2914 3450
3111 3269
3243 3168
3133 3373
3124 3401
3109 3411
2943 3632
2872 3705
2966 3608
3130 3422
2884 3726
3140 3460
2947 3693
3009 3627
3037 3605
2807 3873
3064 3604
2982 3694
3128 3541
3315 3345
3354 3336
3566 3087
3417 3434
3616 3322
3544 3466
3220 3833
3235 3832
3236 3843
3323 3885
3143 3973
3545 3740
3568 3737
3454 3900
3542 3876
3658 3703
