2011792801 2118799435
1
sift 165
33 46
106 126
263 234
63 63
176 132
161 163
728 951
476 521
170 197
205 189
797 1077
474 605
202 201
220 232
1091 824
572 589
275 284
285 306
1180 1389
538 648
381 454
400 446
1198 2002
594 814
543 445
436 604
1488 1893
1200 1016
439 632
600 546
1966 2179
1164 1585
521 682
568 640
1855 2345
1463 1520
623 691
591 752
1886 2366
1318 1796
708 677
501 1106
2347 2349
1715 1978
615 888
613 946
2068 2833
1749 2149
832 696
684 805
2389 2585
1827 2270
686 935
694 982
2643 2499
2152 2241
796 881
783 967
2776 2395
2322 2197
1029 809
887 1188
2503 2953
2155 2511
736 1443
826 1532
3936 2785
2176 3516
882 1467
853 1551
3046 3426
2954 2834
1081 1212
1099 1259
3566 3338
2829 3033
1056 1489
1115 1450
2985 3915
3164 2922
1189 1356
1148 1446
3817 3629
2821 3544
1102 1771
1176 1633
3836 3911
2938 3663
1281 1566
1726 1221
3892 4006
3148 3493
1345 1651
1323 1708
3590 3465
1397 1698
1333 1809
3390 3672
1492 1672
1399 1797
3249 3900
1643 1787
1612 1938
3994 3214
1598 2046
1802 1874
3505 3868
1684 2068
1698 2065
3765 3826
1481 2508
1766 2040
3815 4233
1734 2081
1915 2100
2288 1954
1822 2306
2126 2157
2301 2071
2144 2261
2577 2168
2315 2486
2367 2514
2213 2693
2209 2723
2241 2813
2405 2725
2457 2734
2506 2705
2061 3181
2132 3101
2199 3042
2356 2944
2461 2873
2285 3156
2467 2933
2297 3237
2251 3434
2685 2839
2527 3055
2632 2991
2646 3068
2765 3032
2636 3655
2827 3317
3050 3116
2958 3251
3322 3056
3177 3269
3086 3343
3119 3355
3135 3449
3047 3740
3716 3464
3580 3819
3643 3830
3455 3967
3585 3893
3894 3522
3782 3822
3598 4015
3734 4076
3990 3954
3810 4259
4005 4201
