507090750 626637720
1
sift 443
212 202
25 36
24 38
51 56
48 53
29 43
374 313
137 96
32 41
138 143
109 118
33 50
426 392
169 154
53 48
222 177
269 239
42 57
474 426
276 235
84 83
308 276
385 325
83 84
495 462
368 302
96 79
287 422
499 576
86 91
585 440
398 350
100 94
444 361
988 764
91 105
653 469
568 443
98 97
558 527
909 844
99 124
625 512
610 511
146 108
646 479
1038 930
154 117
824 565
624 503
171 137
666 476
1120 1030
162 149
915 524
599 543
182 150
618 539
1370 838
164 174
739 672
614 667
175 164
783 590
1209 1049
177 165
807 640
688 669
202 152
746 753
1374 1100
233 135
1000 602
920 647
230 159
856 682
1450 1084
216 206
905 704
1013 692
195 251
992 668
1435 1171
240 221
1099 727
974 825
247 233
1049 750
1407 1283
280 252
1017 812
986 979
340 215
1070 894
1341 1610
274 266
1140 926
1095 933
556 218
969 1079
1441 1679
421 290
1270 987
1084 975
312 371
1342 917
1614 1537
382 314
1274 1081
1228 1033
370 338
1151 1233
2119 1307
367 353
1758 944
1166 1239
404 330
1366 1098
1783 1646
442 319
1397 1132
1174 1428
365 380
1273 1372
2149 1765
433 390
1812 1634
1267 1798
448 421
1798 1265
1804 2285
497 435
2551 1590
1654 1497
620 368
1570 1594
2018 1963
555 496
2546 1636
2091 1295
459 614
1746 1541
2012 2171
560 499
2556 1760
1942 1566
582 477
1716 1792
2108 2147
590 485
2256 2066
1808 1748
588 522
1864 1715
2250 2159
571 547
2122 2332
2023 1657
617 540
1944 1839
2701 1850
603 650
2218 2215
2014 1781
719 554
2462 1556
2161 2638
656 606
2675 2029
2135 1770
675 583
2136 1817
2466 2526
709 571
2876 2181
2225 1779
827 491
2075 1965
2742 2779
747 561
2894 2226
2835 1528
694 645
1702 2728
2802 2763
734 628
3123 2256
2387 1825
629 776
2399 1831
2985 2768
710 729
3159 3046
2124 2330
759 681
2350 2062
2962 2965
763 711
2990 3257
2518 2043
758 740
2371 2187
3070 2875
654 940
3272 3191
2458 2323
829 739
2611 2172
3199 2973
702 1007
3246 3244
2595 2208
993 673
2579 2347
3886 2701
869 768
3582 3079
2475 2482
814 890
2538 2466
3486 3108
890 797
3561 3601
2689 2259
926 802
2760 2276
3719 2944
840 937
3884 3297
2504 2695
927 823
2626 2580
3205 3455
897 857
3960 3281
2673 2614
968 800
3069 2250
3445 3873
936 846
3803 3669
2881 2522
919 901
3366 2095
1076 803
3031 2573
1057 891
3000 2841
980 1010
3544 2486
970 1028
3168 2718
1044 1036
3014 2852
1133 988
3260 2722
1086 1053
3332 2683
1112 1043
3974 2227
1105 1071
2511 3845
1261 985
3494 2707
1232 1118
3639 2634
1062 1504
3535 2797
1338 1091
3169 3025
1187 1294
3043 3171
1295 1259
3228 3121
1289 1269
3302 3156
1263 1315
3040 3456
1461 1187
3429 3332
1303 1320
3994 2898
1392 1258
3756 3225
1291 1387
3701 3353
1522 1305
3176 3870
1677 1207
3590 3530
1723 1186
3196 3916
1483 1423
3420 3760
1509 1433
3299 3888
1494 1463
3283 3940
1553 1474
3731 3591
1627 1429
3706 3854
1571 1562
1773 1398
1611 1533
1610 1539
1666 1505
1714 1518
1564 1672
1308 1968
1516 1775
1442 1835
1648 1683
2050 1310
1795 1591
1796 1596
1912 1548
1806 1719
1832 1699
1715 1809
1965 1598
1927 1713
2740 1257
1713 2014
1988 1728
1703 2044
1892 1870
1920 1872
1737 2234
1964 1898
2022 1906
2382 1723
2199 1828
2112 1926
2272 1863
1997 2114
2000 2173
2043 2164
2840 1676
1955 2542
2103 2460
2224 2334
2405 2149
2384 2196
2495 2135
2309 2342
2228 2442
1815 3168
3024 1759
2639 2111
2363 2411
2860 1929
2527 2310
2522 2328
2353 2561
2507 2417
1994 3082
3050 1883
2565 2390
2581 2477
2447 2630
2484 2603
2289 2883
2614 2570
2407 2758
2602 2663
2791 2493
3138 2122
2471 2934
2718 2680
2932 2426
2823 2617
2702 2780
2668 2855
2553 3052
2854 2664
2847 2692
2801 2742
2768 2799
2752 2839
3039 2569
2872 2860
2800 3012
3231 2585
2663 3308
3383 2518
3510 2449
2953 2877
3064 2832
3938 2260
3032 2981
2811 3345
2844 3282
2886 3216
2907 3230
3092 3008
2958 3165
2981 3212
3296 2936
3493 2856
2750 3752
3618 2809
3854 2654
3265 3034
3334 3009
3055 3283
3452 3006
3086 3365
3684 2967
3293 3330
3075 3565
3087 3605
3188 3512
3404 3422
3579 3295
3578 3313
3480 3408
3509 3431
3234 3717
3651 3380
3633 3403
3349 3675
3623 3596
3402 3808
3432 3796
3552 3711
3193 3976
3616 3679
3874 3459
3742 3608
3783 3572
3657 3819
3831 3638
3699 3773
3805 3693
3937 3566
3766 3777
3670 3936
4019 3583
3760 3999
3908 3946
3905 3971
3954 3996
507090750 897658064
1
sift 727
10 12
6 6
20 26
668 618
74 72
18 25
46 48
25 34
32 35
945 743
134 144
29 38
104 108
47 52
26 47
904 768
471 500
39 42
118 112
51 49
53 62
913 789
746 653
60 64
128 128
138 163
68 66
969 1071
920 777
84 83
132 141
169 187
96 98
1070 1004
1011 989
109 114
170 121
206 201
99 133
1100 1213
1009 1031
124 122
142 155
222 247
157 137
1864 1974
1001 1054
114 195
140 156
264 255
146 154
2833 2384
1106 1130
160 151
168 214
276 252
147 161
2951 2758
1145 1178
171 166
214 215
279 290
162 177
3123 2661
1366 1157
164 178
212 223
347 261
183 169
3062 3414
1162 1431
163 185
277 260
308 307
202 180
3561 3423
1570 1509
178 203
291 263
402 291
177 207
3790 3737
1559 1585
209 179
294 270
425 328
200 205
1654 1590
182 219
311 280
368 383
228 192
1621 1644
216 217
338 298
396 442
238 186
1768 1539
190 230
374 351
417 452
230 200
2250 2292
231 206
424 427
444 422
240 222
2299 2395
247 231
327 553
526 486
250 249
2182 2505
269 251
426 437
551 465
227 358
2533 2512
300 317
359 518
618 511
298 338
2277 3110
355 303
475 398
599 581
321 334
3038 2334
325 332
530 461
643 587
326 349
2787 2924
340 375
474 510
609 625
385 344
2498 3258
367 359
542 501
615 623
369 368
2853 3025
386 360
581 524
538 761
358 388
3535 2679
420 348
543 650
666 629
375 400
3199 2912
381 405
585 586
635 679
383 417
2909 3173
437 364
569 606
823 547
394 411
3068 3291
412 393
653 543
624 745
418 396
3125 3321
404 415
625 577
697 767
370 443
3124 3343
407 416
584 617
614 942
322 509
3301 3336
411 435
835 554
789 826
413 450
3538 3517
467 389
686 725
985 687
427 440
3701 3567
466 418
807 656
783 890
354 579
3731 3607
448 474
824 643
833 918
431 550
3437 3976
441 549
739 757
964 904
499 480
470 527
915 630
874 1056
491 505
496 528
740 828
963 975
527 542
482 605
778 795
981 999
519 585
540 563
751 838
1013 1006
571 557
553 597
767 922
976 1116
560 596
537 676
832 842
1102 1084
722 517
622 604
825 877
886 1351
637 588
590 649
881 852
1084 1121
656 590
673 591
857 957
1166 1038
579 709
589 705
1034 830
1032 1221
646 682
617 737
992 891
1095 1195
709 642
788 601
1017 873
1151 1225
777 615
716 707
1000 920
1273 1294
657 773
654 784
1049 943
1837 1066
593 864
752 742
1002 1026
1174 1631
665 833
757 762
1027 1092
1342 1375
725 810
714 836
1099 1049
1908 1097
758 823
727 875
1079 1082
1430 1356
856 790
871 788
1140 1034
1407 1390
869 806
908 801
1419 1027
1228 1626
829 862
998 753
1168 1306
1740 1279
918 837
955 816
1274 1220
1441 1490
808 984
927 855
1397 1182
1359 1685
932 896
919 935
1465 1183
1503 1568
989 901
928 970
1640 1117
1601 1529
949 966
1030 899
1349 1355
1804 1457
938 1020
988 988
1594 1334
1664 1621
968 1017
977 1015
1414 1512
1450 1875
1028 962
1076 932
1592 1439
1729 1701
1026 1014
934 1109
1319 1882
1810 1594
941 1138
1048 1025
1584 1586
1680 1855
1066 1096
1059 1133
1498 1710
1808 1715
1261 947
1072 1125
1507 1789
2167 1447
1113 1102
1057 1173
1738 1576
1898 1864
1120 1123
1118 1128
1833 1573
1818 1978
1114 1140
1105 1159
1764 1739
2124 1611
1131 1162
1062 1316
1563 1938
1888 1933
1218 1181
1209 1197
1924 1645
1942 1971
1238 1192
1189 1243
1758 1966
2351 1678
1010 1574
1381 1136
1851 1879
2014 2066
1293 1201
1861 952
1745 2028
2018 2072
1194 1307
1148 1420
1886 1913
2603 1774
1580 1107
1285 1258
1982 1897
2135 2116
1210 1385
1263 1309
2256 1706
2120 2190
1335 1257
1374 1281
1811 2440
2177 2223
1291 1383
1331 1379
2122 2137
2136 2289
1373 1357
1377 1376
2368 1959
2091 2339
1289 1484
1438 1358
2412 1936
2371 2106
1435 1426
1322 1565
2100 2173
2169 2389
1392 1503
1339 1559
2081 2192
2225 2367
1571 1396
1393 1546
2079 2227
2119 2456
1358 1628
1522 1481
2535 1979
2387 2245
1494 1505
1379 1612
2154 2294
2474 2200
1556 1451
1458 1551
2810 1817
2381 2288
1483 1544
1555 1511
2301 2184
2492 2215
1542 1592
1614 1547
1972 2604
2149 2565
1517 1704
1682 1527
2217 2284
2518 2324
1677 1556
1546 1724
2523 2078
2458 2401
1611 1652
1714 1550
2092 2445
2399 2444
1628 1650
1308 2035
1987 2687
2075 2839
1700 1601
1403 1922
2404 2252
2109 2857
1590 1729
1762 1572
2218 2431
2835 2177
1589 1785
1965 1405
2192 2563
2594 2518
1727 1648
1689 1730
2150 2711
2538 2628
1716 1726
1661 1795
2421 2436
2462 2793
1679 1839
1527 2016
2357 2684
2543 2745
1799 1717
1773 1775
2456 2574
2954 2278
1765 1830
1798 1838
2306 2768
2511 2824
1509 2180
1746 1946
2450 2690
2528 2898
1778 1931
1678 2059
2265 3006
2439 3027
1795 1968
1918 1825
2763 2452
2673 2813
2066 1673
1838 1993
2556 2736
2245 3298
1892 1943
1897 1952
2436 2863
2760 2944
1854 2093
1862 2081
2739 2527
2822 2923
1801 2214
2144 1831
2476 2899
2776 3130
1920 2088
1926 2083
2782 2545
2821 3208
1868 2175
1880 2161
2675 2782
3043 3435
1843 2240
1929 2126
2546 3053
3056 3449
1970 2104
2072 2005
2685 2929
3139 3403
1986 2138
2031 2076
2766 2901
2669 4245
2019 2124
2272 1918
3192 2466
3000 3614
2054 2069
2199 2046
2997 2668
3069 3561
1997 2291
2008 2280
3159 2660
3169 3427
2009 2307
2340 2019
2876 2969
3119 3508
2043 2293
2112 2218
3433 2622
3176 3447
2176 2168
2050 2349
2945 3018
3014 3665
2640 1905
2668 1886
2987 3072
3427 3261
2701 1947
2033 2530
3053 3067
3299 3452
1515 3690
2000 2701
2966 3203
3392 3372
2240 2411
2185 2465
3506 2931
3332 3470
2350 2373
2353 2374
2817 3705
3366 3453
2027 2748
2527 2261
3246 3195
3260 3587
2610 2202
2061 2760
3156 3355
3031 3873
2227 2639
2334 2536
3582 3098
3429 3440
2193 2702
2035 2928
3585 3169
3706 3260
2284 2669
2397 2567
3292 3446
3770 3359
2484 2493
2194 2837
3090 3700
3508 3632
2363 2649
2731 2319
3256 3639
3302 3848
2564 2503
2237 2866
3318 3686
3544 3654
2466 2625
2639 2433
3499 3522
3534 3675
2447 2673
2554 2587
3418 3725
3196 4044
2321 2870
2657 2523
3368 3877
3858 4104
2283 2939
2493 2778
3624 3649
3962 3996
2473 2808
2609 2725
3384 4020
3784 4240
2753 2557
2711 2632
3654 3843
4000 4270
2602 2787
2692 2697
3501 3989
2530 2954
2613 2876
3803 3718
2672 2786
2802 2617
3272 4212
2828 2589
2471 3035
3725 3838
2579 2948
2721 2774
3532 4059
2708 2805
2704 2864
3425 4186
2553 3145
2514 3194
3696 3963
3185 2453
3070 2573
3884 3966
2800 2951
3027 2689
2558 3263
2316 3729
2667 3186
2847 2977
2992 2896
3138 2751
2866 3037
2884 3088
2962 3000
2842 3147
2823 3187
2663 3608
2702 3533
2805 3368
2801 3422
2905 3224
3005 3179
3931 2576
2742 3739
2914 3394
2932 3385
2958 3387
3455 2980
3025 3278
3067 3276
2924 3543
3010 3400
3050 3398
3298 3174
3115 3361
3452 3160
2981 3678
3623 3120
2849 4035
3381 3319
3360 3366
3486 3248
3424 3314
3004 3821
3072 3753
3231 3657
3217 3702
3215 3724
3265 3779
3655 3430
3334 3748
3369 3711
3450 3635
3491 3647
3409 3713
3445 3692
3423 3740
3797 3396
3864 3356
3547 3715
3766 3568
3503 3868
3543 3863
3745 3673
3612 3841
3760 3741
3596 3895
3719 3801
3577 3958
3805 3795
3552 4087
3873 3798
3651 4055
3333 4304
3919 3790
3513 4197
3688 4097
3922 3878
3764 4096
3681 4213
3896 4082
3888 4118
3874 4202
4023 4130
3955 4354
507090750 1188846234
1
sift 256
22 43
211 202
24 47
64 120
31 60
532 451
63 85
98 132
99 123
562 449
146 161
121 125
191 209
570 530
204 219
232 230
249 256
565 568
259 268
254 258
258 269
626 675
288 263
315 253
299 289
704 620
370 385
349 380
333 419
828 728
422 403
476 333
416 410
811 878
423 420
580 542
433 438
877 881
418 510
602 576
456 506
938 930
520 469
629 589
452 562
908 990
451 618
639 643
516 560
950 1031
748 507
703 647
622 642
1037 985
589 732
675 684
633 741
1003 1021
656 739
718 674
768 670
1064 1116
719 714
779 769
734 745
1352 1248
709 783
758 837
769 729
1268 1374
840 880
816 795
1008 733
1372 1275
884 826
968 1011
820 918
1226 1467
922 830
1004 1081
883 891
1400 1318
926 905
1078 1133
928 954
1595 1277
971 914
1176 1153
890 1033
1637 1515
1006 950
1206 1186
940 1039
1381 1753
978 1027
1225 1260
914 1202
1862 1849
1076 1016
1262 1211
1035 1078
1765 2205
1044 1085
1314 1386
1086 1104
2616 1759
1131 1069
1330 1377
1263 1054
2223 2207
1293 1050
1289 1411
1258 1368
2432 2510
1487 1257
1269 1554
1377 1353
2753 2349
1373 1443
1445 1389
1318 1511
2564 2665
1492 1481
1461 1483
1321 1635
2913 2309
1411 1569
1496 1701
1628 1404
2570 2725
1843 1311
1627 1627
1494 1638
2708 2837
1556 1636
1557 1739
1611 1665
2443 3835
1754 1574
1651 1716
1639 1672
2646 3541
1350 1976
1431 1930
1666 1743
3041 2948
1516 1893
1669 1766
1971 1567
3748 2558
1822 1750
1858 1846
1955 1667
3098 3225
2039 1646
1962 1898
1970 1793
3377 3232
1994 1910
2253 1692
1964 1916
3382 3697
1978 1933
1892 2025
2112 1913
3600 3637
2032 2055
1939 2139
2128 1960
3448 3792
2353 1899
2204 1928
2473 1835
3956 3477
1779 2695
2219 2186
2054 2204
3921 3738
2072 2264
2437 2064
2159 2348
3985 4044
2283 2295
2325 2246
2503 2093
2309 2399
2552 2142
2410 2400
2340 2521
2405 2417
2541 2360
2312 2585
2522 2383
2630 2303
2407 2511
2588 2526
2103 3068
2022 3455
2704 2494
2363 2934
2721 2596
2238 3193
2568 2794
2823 2603
2507 2899
2619 2784
2484 3186
2768 2809
2702 2869
2682 3063
2515 3394
2547 3386
2854 2757
2886 2723
3265 2503
2751 3350
2765 3038
2668 3312
3769 2436
2790 3414
2609 3856
3352 2825
2949 3095
2992 3083
3587 2901
2811 3560
3075 3070
3503 2988
3362 2840
2904 3619
3409 3100
3086 3349
3410 3053
3493 3447
2865 3930
3080 3584
3651 3427
3356 3354
3187 3684
3423 3650
3234 3674
3480 3514
3388 3708
3630 3459
3404 3745
3870 3595
3607 3675
3349 3951
4050 3012
3684 3710
3728 3814
3596 3958
3699 3927
3812 3846
3746 4037
3905 3852
507090750 1429073379
1
sift 354
212 196
526 407
13 19
39 53
29 30
21 42
740 634
624 560
24 39
53 43
32 37
63 48
905 817
635 783
38 67
84 72
157 127
64 52
1017 954
981 933
96 71
91 93
178 154
100 99
1111 1501
986 951
98 103
146 105
230 176
99 112
2081 1809
974 1018
124 130
147 141
758 1022
182 146
2817 1613
1273 1440
162 152
381 315
869 880
232 136
2675 2176
2149 1850
175 199
312 426
927 889
225 205
3090 1946
2538 1676
240 216
370 392
968 949
255 211
2945 2152
2399 1871
247 266
404 370
1181 857
259 267
3246 3315
2124 2376
274 248
508 309
1021 1123
340 217
3960 3387
2387 2148
332 276
431 380
1112 1062
349 384
2595 2400
418 347
511 487
2158 813
357 401
2881 2332
365 404
573 429
1379 1129
358 417
2543 2808
452 361
590 535
1295 1339
386 410
3069 2279
367 450
646 495
1289 1403
422 405
3639 2585
411 452
665 625
2036 1040
433 437
3014 3485
423 491
747 659
1682 1383
448 463
3994 2803
520 425
856 803
1648 1475
522 503
564 474
829 833
1714 1496
516 583
498 630
941 840
1442 1819
639 504
583 596
1153 777
2107 1464
588 605
571 632
989 869
2106 1526
441 858
748 541
1057 980
1965 1653
555 724
622 676
1148 931
1933 1813
582 726
719 673
1133 953
1920 1835
675 737
752 707
977 1092
1858 1957
710 765
709 787
1105 1070
1892 1924
769 747
656 907
1392 1043
2165 1703
734 824
782 819
1338 1084
2196 1847
702 923
815 791
1238 1206
1704 3366
703 956
871 795
1263 1205
2228 2378
939 807
883 850
1334 1140
2384 2333
890 866
918 881
1509 1110
2527 2233
897 910
926 913
1358 1278
2076 2781
936 928
840 1075
1377 1361
2602 2655
1035 919
1234 865
1561 1320
2704 2629
1076 983
1044 1041
1677 1271
2668 2724
1086 1093
1131 1080
1798 1200
2801 3162
1187 1218
1183 1295
1483 1483
2992 2899
1231 1231
1423 1232
1571 1432
3092 2945
1275 1390
1445 1259
1746 1397
2736 3719
1293 1382
1303 1370
1564 1599
3451 2867
1373 1417
1364 1457
1773 1463
3075 3786
1494 1489
1492 1499
1553 1654
1522 1511
1611 1454
1795 1590
1627 1458
1628 1461
1523 1854
1486 1601
1647 1498
2066 1560
1673 1520
1666 1690
2199 1522
1755 1642
1713 1707
1716 2153
1516 1991
1822 1685
2237 1845
1832 1679
1970 1661
2054 2071
2039 1648
1703 2026
2565 1968
2428 1476
2287 1580
2350 2234
1779 2036
2473 1529
2692 2006
1963 1843
2112 1737
2639 2130
2073 1763
1856 2078
2611 2237
2382 1649
1737 2338
2353 2560
1964 1942
2011 1909
3050 1849
1955 1997
1978 2016
3138 1807
1994 2119
1988 2167
2579 2423
2000 2149
2719 1657
2407 2674
2103 2192
2164 2173
2609 2598
2340 2068
2032 2434
2493 2720
2405 2075
2682 1912
2447 2937
2507 2077
2009 2688
2614 2761
2309 2290
2234 2390
2484 2972
2322 2381
2312 2584
2932 2621
2427 2481
2363 2722
3168 2608
2424 2668
3091 2079
3494 2379
2715 2612
2949 2555
2702 3314
2768 2788
2795 2776
3231 2665
2823 2794
3160 2456
3186 2695
2854 2862
2867 2902
3005 2906
2899 2875
3039 2716
2914 3041
2800 3091
3032 2854
3513 2678
3145 2846
3064 2959
3510 2686
3938 2396
2840 3446
2884 3395
2886 3530
3424 2850
3578 3003
2844 3632
3493 2871
3185 3600
2907 3519
3503 2938
3452 3556
3086 3339
2811 3868
3579 3564
3265 3214
3237 3311
3552 3664
3769 2917
3854 2895
3651 3650
3116 3607
3296 3473
3623 3681
3849 3006
3480 3335
3745 3788
3599 3236
3112 3711
3873 3773
3647 3202
3383 3470
3919 3735
3404 3444
3616 3318
3874 3895
3234 3695
3742 3246
3805 3978
3684 3436
3763 3426
3547 3759
3423 3850
3633 3927
3607 3944
3596 3975
3714 3988
3922 3807
4050 4123
507090750 1537327672
1
sift 224
1833 1484
25 35
42 39
74 76
674 635
48 44
2357 1773
138 148
96 94
347 235
1762 1437
157 127
169 177
163 164
920 727
2191 2688
206 162
222 227
171 214
904 929
2035 3314
230 165
276 241
216 196
1001 900
2752 2908
240 221
308 323
247 262
1009 1071
2787 2931
340 285
444 377
288 368
1011 1142
3011 3228
385 320
615 365
367 329
1084 1096
3556 2916
358 424
558 604
375 438
1100 1139
3652 3105
411 430
599 599
460 456
1145 1185
3926 3979
448 479
618 591
498 447
1441 1598
491 529
610 597
646 530
1654 1447
571 620
624 612
794 465
1570 1573
783 666
614 1121
747 720
1559 1676
758 896
1013 750
869 893
1621 1789
968 855
974 938
927 927
2119 1365
988 874
981 932
944 988
1864 1821
1144 1030
1095 1085
1062 1218
1883 1846
1209 1070
1342 1061
1374 1148
1804 2227
1295 1228
1151 1449
1580 1100
2462 1811
1166 1480
1273 1461
1289 1411
2177 2066
1407 1382
1228 1813
1461 1389
3322 1659
1648 1424
2091 1310
1483 1611
2250 2415
1677 1448
1808 1660
1798 1408
2518 2537
1666 1642
1942 1606
1442 1862
2533 2680
1617 1815
1810 1828
1716 1768
2760 2411
1308 2381
2014 1898
2050 1590
2673 2617
1715 1916
2124 1958
1700 1971
2853 2535
1965 1805
2136 1965
1892 1860
3199 2887
2701 1563
2399 1881
2610 1740
2909 3305
1737 2804
2371 1933
2030 2197
3544 2808
2009 2436
2458 2050
2350 2059
3125 3197
2429 2030
2387 2474
2527 1977
3043 3409
2495 2061
2075 2923
2062 2608
3302 3297
1757 3397
2594 2394
2711 2010
3068 3756
2397 2408
2689 2404
2289 2627
4016 2903
3027 1897
2543 2828
2240 2818
3328 3655
2748 2231
3031 2612
2105 3004
3361 3679
2466 2739
3534 2317
2447 2819
3731 3427
2602 2805
3169 2844
2742 2598
3538 3743
3138 2149
3040 3028
2801 2575
3517 3931
2704 2749
3332 2839
2193 3394
3706 3759
2553 3157
3014 3202
2768 2927
3701 3881
3513 2245
3000 3331
2423 3632
2607 3388
3139 3295
2962 2900
2992 2935
3119 3375
2953 2983
2947 3111
3770 2964
3086 3284
3075 3307
3260 3347
3578 3109
2821 4035
3429 3252
3334 3337
3623 3179
3366 3408
3193 3513
3317 3457
3176 3868
3452 3353
3445 3635
3196 3989
3052 4094
3402 3778
3299 4047
3874 3351
3651 3737
3994 3708
3745 3653
3486 3924
3684 3798
3719 3767
3992 3430
3766 3872
3360 4145
3612 4033
3896 4150
507090750 1750469169
1
sift 183
22 35
31 39
110 254
50 58
24 44
63 54
1965 1730
121 100
98 117
99 122
1858 2005
233 154
146 110
204 199
1954 2066
249 267
211 205
259 342
1892 2178
281 249
333 394
370 370
2527 2032
476 316
418 381
452 359
2619 2331
349 467
422 427
433 445
2903 2010
639 541
532 475
562 474
2704 2332
629 728
516 578
748 505
2602 2722
675 690
622 657
570 726
2668 3094
602 878
626 693
719 649
3092 2636
769 732
704 678
734 743
2992 3102
847 777
709 784
752 770
3148 3062
890 926
928 685
828 859
3684 3076
1035 1013
811 905
883 855
3410 3677
1128 1083
939 827
821 974
1177 1176
950 897
938 943
1225 1217
918 996
926 994
1330 1242
1076 884
1003 1052
1262 1371
1037 1033
978 1107
1445 1254
1045 1059
1064 1065
1557 1529
1086 1117
1131 1089
1673 1531
1234 1001
1263 1073
1627 1598
1381 1132
1352 1181
1726 1708
1400 1269
1372 1294
2145 1653
1293 1408
1377 1327
2428 1572
1303 1429
1373 1437
1964 1946
1486 1377
1411 1489
2253 1776
1428 1487
1494 1503
2437 2021
1611 1384
1628 1378
2541 2150
1677 1394
1639 1461
3032 2095
1516 1763
1666 1724
2714 2672
1822 1695
1806 1742
3039 2313
2164 1522
2616 1332
2765 2918
1703 2147
2039 1784
2899 2933
1970 1904
1963 1920
2795 3091
2073 1821
1955 2006
2886 3378
1994 1964
1978 2008
2811 3746
2031 1937
2103 1912
3064 3216
1779 2524
2054 2300
3229 3359
2353 2277
2223 2540
3234 3804
2309 2440
2312 2542
3188 3885
2609 2377
2406 2633
3985 2984
2564 2491
2823 2593
3296 3814
2340 3238
3265 2156
3742 3381
2721 2849
2854 2717
3237 3978
2844 2838
3214 2489
3728 3831
2484 3696
3041 2743
3607 4241
2702 3279
2688 3324
4018 4201
2800 3251
3510 2805
2554 4218
3579 2988
3877 2855
3382 3294
3600 3288
3503 3532
3726 3327
3408 3792
3651 3566
3547 3720
3423 3953
3956 3312
3748 3887
3805 4148
4050 3730
507090750 1928484021
1
sift 116
25 31
109 124
49 49
138 156
216 189
206 155
169 183
413 362
223 242
264 262
540 588
347 222
425 337
674 516
469 368
615 354
747 650
558 533
610 549
932 910
624 608
635 631
1106 997
920 607
904 751
1144 969
1001 804
981 866
1374 1135
1009 993
1145 1143
1483 1329
1366 1096
1166 1268
1308 2107
1151 1296
1407 1405
1737 2144
1654 1298
1441 1465
2610 1632
1570 1370
1621 1664
2043 1950
2091 1271
2119 1457
1997 2071
2014 1819
2399 1783
2009 2180
2124 1947
2387 2012
2495 1791
2350 1928
3322 1549
1855 2889
2468 2058
2250 2326
2640 1924
2182 2395
2462 2115
3050 1807
2543 2520
2533 2587
2447 2665
2594 2516
2351 2812
2667 2466
2191 3019
2760 2443
2748 2807
2853 2642
2511 3156
2742 2875
2664 2994
2475 3321
2787 3127
3332 2397
3544 2491
2962 2926
3014 2897
3199 2824
2498 3997
3169 3009
3125 3146
3193 3128
3000 3316
2821 3705
3645 2966
3770 2764
3317 3110
3578 3208
3043 3393
3119 3428
3719 3135
3302 3278
2909 3910
3052 3957
3301 3375
3260 3504
3445 3632
3361 3490
3538 3718
3402 3683
3745 3470
3517 3818
3926 3366
3874 3449
4032 3193
3360 4001
3486 3962
3196 4170
3766 3984
3701 3785
3706 3902
3994 3839
507090750 2011792801
1
sift 86
191 217
345 375
232 224
602 524
249 257
565 506
315 329
1960 1273
333 383
718 661
349 405
1669 1754
476 518
816 753
626 630
1412 2277
639 621
781 817
629 673
1557 2198
675 639
1004 844
633 763
2128 2087
769 683
1268 1114
779 795
2502 1781
1003 855
1269 1328
971 898
3564 1521
1035 1008
1314 1295
1037 1034
2619 2108
1064 1084
1318 1356
1176 1079
2522 2252
1372 1003
1595 1293
1225 1240
2410 2443
1262 1213
1431 1738
1330 1298
2783 2486
1627 1416
2004 2664
1321 1740
2790 3034
1639 1535
2443 2520
1496 1674
2623 4194
1651 1578
2453 2586
1806 1682
3480 3731
1964 1771
2904 2844
2253 1590
3349 3859
2159 1893
2913 3016
2437 1732
3234 4110
2219 2171
2852 4074
2541 2236
3356 4007
2552 2287
3687 3039
2588 2441
3039 2497
3080 3944
3570 2274
2765 3317
2886 3174
3749 2488
2811 3997
3448 3798
3408 4056
3600 3928
3985 3433
