897658064 1429073379
1
sift 190
33 21
42 53
38 30
183 161
35 37
62 43
81 75
178 169
83 72
97 93
137 127
231 266
154 105
122 130
169 131
375 217
161 140
223 196
166 163
396 347
292 320
404 316
486 407
360 410
415 370
443 392
581 651
359 450
435 452
550 380
836 827
455 475
573 364
682 495
855 889
474 463
505 643
649 535
1017 949
557 632
745 560
833 625
1612 1129
604 676
549 858
828 634
1484 1403
642 787
679 783
790 803
1405 1653
981 853
862 833
873 954
1550 1496
932 983
999 933
1138 840
1629 1475
1162 1080
1385 777
1015 1092
1980 1819
1201 1382
1173 980
1159 1070
1943 1924
1359 1261
1420 931
1192 1206
2087 1834
1357 1417
1258 1140
1503 1043
2261 2233
1247 1729
1558 1085
1294 1440
2579 1948
1505 1489
1376 1361
1556 1271
3143 1977
1652 1454
1396 1432
1628 1278
2787 2655
1650 1461
1838 1200
1543 1484
2864 2629
1732 1538
2180 1110
1775 1463
2896 2899
2104 1661
1673 1560
1946 1397
2811 3294
2073 1707
1499 1824
1507 1854
3586 2677
2034 1736
1821 1663
1968 1590
3527 2880
2382 1717
2046 1522
1894 1635
3829 2753
2140 1969
1702 1895
1812 1874
3422 3162
2142 2017
1726 2153
1611 2376
3597 3225
2077 2434
2471 1599
2355 1726
3831 3233
2042 3160
2192 1809
2628 1676
2774 2588
2069 2071
2444 1871
2649 2722
2245 2148
2433 2130
3035 2421
2373 2234
2697 2006
2861 2746
3081 1777
3705 1613
2635 3240
2374 2560
2519 2400
2951 3091
2782 2176
3398 1849
3187 2794
3018 2152
2725 2598
3947 2305
2948 2423
2493 2972
3230 3010
3700 1946
2778 2720
3868 2938
2745 2808
2673 2937
3779 3214
2877 2761
2453 3600
4354 2973
3176 2674
3345 2576
3715 3759
3385 2621
2641 3589
3740 3850
2656 3792
3314 2850
3778 3825
3657 2665
2821 3751
3878 3807
3394 3041
3087 3396
3895 3975
3195 3315
3376 3192
4342 4084
3533 3314
3665 3485
3673 3788
3790 3735
3798 3773
4055 3650
4087 3664
3795 3978
3926 3959
4202 3895
4156 4060
4364 3796
897658064 1537327672
1
sift 596
244 215
61 47
5 3
72 76
254 245
34 35
286 318
80 92
50 44
116 106
250 259
49 53
466 483
131 125
38 69
225 244
420 304
43 60
662 515
234 253
59 62
261 235
409 386
74 93
611 707
258 268
76 95
241 289
575 429
115 87
764 679
412 271
107 94
352 335
538 502
127 91
789 689
373 338
137 127
471 334
711 729
110 149
782 806
467 417
140 130
477 458
718 740
148 128
845 773
525 442
162 144
478 485
775 987
163 148
868 790
607 428
180 145
445 554
1044 775
185 164
1087 667
515 524
201 162
645 489
1043 949
187 177
768 929
598 566
166 214
589 652
1228 977
219 209
1061 835
703 638
221 220
653 678
1424 980
246 228
982 901
716 670
252 241
659 724
1483 1151
231 262
1011 903
726 668
292 324
681 725
1342 1304
307 323
1404 962
734 717
328 311
805 681
1427 1257
375 285
1504 922
776 728
383 291
672 852
1416 1459
344 320
1213 1139
791 762
359 342
822 752
1734 1319
360 354
1259 1193
778 804
547 309
863 838
1572 1437
387 392
1386 1255
895 832
421 379
931 907
1859 1283
388 424
1344 1297
870 1026
391 421
1054 900
1822 1521
400 438
1684 1134
1059 967
407 445
1079 1007
2473 1390
435 430
1454 1388
1031 1071
428 463
989 1142
2101 1723
429 465
1469 1452
1055 1077
490 420
1072 1080
2136 1737
455 466
1485 1580
1051 1107
623 365
1139 1076
2402 1725
474 479
1670 1442
1144 1086
496 520
1121 1096
2262 1960
505 529
1620 1500
1330 942
521 518
1191 1058
2662 1904
511 591
1816 1396
1425 964
484 630
1178 1185
2353 2160
619 501
1682 1670
1156 1245
629 532
1348 1226
2217 2416
574 603
1964 1689
1298 1298
581 599
1232 1375
2313 2524
557 620
1973 1820
1323 1325
682 530
1428 1267
2538 2260
625 598
1750 2049
1360 1377
700 535
1203 1577
2647 2188
632 601
2325 1879
1318 1540
564 674
1802 1191
2727 2114
612 643
2306 2450
1552 1328
745 612
1721 1315
2646 2281
636 693
2854 2039
1431 1537
664 671
1590 1447
2206 2793
634 710
2517 2389
1509 1573
744 634
1490 1598
2555 2688
858 622
2729 2674
1569 1520
674 787
1533 1677
3066 2187
737 865
2930 2568
1541 1673
797 808
1606 1654
2924 2931
792 845
3202 2384
1585 1676
806 893
1743 1576
2991 2858
1006 750
3806 2710
1514 1771
823 896
1890 1505
3165 2908
855 927
3695 2830
1674 1714
1017 855
1727 1718
3149 2976
988 874
3348 3150
1718 1722
945 920
1644 1789
2928 3314
892 993
3465 3182
1654 1795
999 932
1910 1700
3085 3114
942 1121
3590 3124
1970 1788
1167 1030
1457 2227
3667 2703
1090 1097
3462 3229
2068 1790
1327 899
2064 1841
3212 3036
1107 1100
3424 3481
2018 1886
1176 1034
2393 1750
3364 3228
1113 1119
3851 3342
2065 2015
1126 1133
1978 2146
3387 3385
1197 1070
3499 3674
2887 1659
1195 1085
2072 2198
3475 3391
1181 1188
3897 3534
2508 1903
981 1568
2223 2066
4065 3243
1375 1061
4161 3414
2255 2120
1038 1480
2793 1811
4050 3262
1281 1148
4187 3386
2975 1738
1316 1218
2884 1836
3670 4032
1198 1476
3949 3735
1848 2933
1045 1825
2310 2264
3839 3990
1366 1295
3858 3889
2292 2415
1225 1449
2357 2354
3881 3938
2464 906
2506 2253
1294 1461
2324 2537
3802 4050
1390 1382
2691 2165
2011 1081
2746 2132
1626 1290
2243 2686
1359 1519
2615 2391
1403 1471
2460 2588
1484 1411
2836 2268
1247 1782
2512 2680
1629 1424
2627 2587
1660 1419
2710 2504
1573 1484
2388 2894
2241 1167
2603 2660
1543 1612
2797 2467
1711 1468
2738 2551
1838 1408
2944 2411
1448 1744
3033 2368
1671 1668
2812 2616
1690 1655
2790 2729
1732 1614
2761 2760
1633 1707
2949 2571
1777 1588
2590 2979
1715 1660
3036 2495
1698 1692
3025 2535
1631 1749
3139 2413
1894 1559
2945 2720
2339 1310
2920 2788
1947 1563
3028 2662
1726 1768
2569 3209
1885 1669
2912 2887
2046 1533
2696 3260
1971 1606
2995 2951
1875 1743
3381 2690
1600 1970
3005 3116
1611 1958
3105 3065
1984 1710
3582 2768
3192 1172
3063 3242
1918 1850
3135 3204
2349 1590
3155 3192
1943 1860
3654 2808
1981 1861
3454 3010
2355 1644
3325 3154
2202 1740
3173 3305
2016 1867
3321 3197
2631 1526
3099 3472
2208 1787
3016 3648
2004 1939
3328 3324
2066 1898
3180 3509
2140 1905
3421 3379
2106 1933
3435 3409
2111 1947
3536 3323
2034 2040
3373 3519
2172 1987
3521 3377
2044 2157
3332 3602
2092 2124
3674 3319
2073 2148
3606 3428
2261 1977
3291 3756
2289 1965
3260 3759
2684 1773
3591 3465
2444 1881
3848 3297
2210 2069
3078 4074
2214 2099
3474 3744
2035 2381
3902 3364
2254 2128
3488 3766
2373 2059
4046 3280
2401 2050
3619 3704
2099 2446
3738 3649
2689 1897
4071 3358
2290 2241
3781 3644
2471 2076
3685 3762
2520 2073
3567 3881
2632 2010
3825 3696
2040 2719
4254 3393
3011 1828
3473 4116
2597 2096
4349 3244
2245 2474
3796 3965
2307 2436
4003 3769
2338 2426
4027 3886
2492 2280
3819 4099
2579 2216
4144 3869
2794 2061
4124 3975
2751 2149
4217 3782
2518 2394
4192 3962
2867 2104
4180 4133
2567 2408
4140 4173
2441 2538
4290 4219
3081 1982
2323 2800
3702 1791
2743 2421
2411 2818
3027 2182
2757 2484
2671 2626
2759 2608
2897 2488
2770 2661
2673 2819
2811 2685
2453 3076
3071 2402
2745 2828
2787 2805
2864 2749
2226 3576
2748 2920
2634 3133
2713 3041
2998 2714
2839 2923
2875 2902
3129 2569
2451 3361
3019 2737
2898 2917
2896 2935
2578 3258
2888 3013
2641 3306
3675 2317
3000 2900
2779 3177
2914 3095
3422 2575
3657 2455
2702 3394
2666 3500
2824 3416
3739 2598
3426 2845
3186 3059
3470 2839
3359 2964
3256 3015
3145 3157
3873 2612
3210 3162
3201 3198
3160 3353
3448 3135
3267 3287
4013 2774
3527 3176
3157 3513
3440 3252
3403 3295
3758 3127
3665 3202
3453 3408
3508 3375
3587 3347
3614 3331
3984 3078
3916 3145
3748 3337
3248 3924
3494 3712
3953 3300
3208 4035
3750 3535
3447 3868
3692 3635
3673 3653
3818 3580
3869 3539
3630 3812
3568 3872
3893 3587
3831 3726
3452 4047
3801 3767
4202 3351
3961 3631
3610 4012
4284 3366
4055 3737
4162 3621
4159 3636
4091 3778
3841 4033
4255 3625
4108 3842
4044 3989
4156 3909
3778 4199
4185 3988
4241 3945
4043 4137
4082 4150
4056 4161
4317 4058
4340 4114
897658064 1750469169
1
sift 56
207 274
396 381
823 799
359 508
474 425
604 657
1236 1169
521 494
642 784
742 770
1484 1571
1629 1450
932 884
837 996
1405 1730
2811 2768
1020 943
1016 1107
2034 1646
1258 973
1162 1089
1943 2178
1136 1132
1201 1408
2261 2032
1376 1327
1556 1394
2619 2623
1505 1503
1650 1378
2864 2332
1652 1384
1894 1597
2787 2722
2104 1904
2076 1937
2896 3102
2142 2009
2069 2300
2042 2407
2374 2277
3081 1852
2503 2491
2725 2377
2774 2849
3187 2593
3176 2632
2493 3696
2951 3251
3715 3720
3868 3532
4055 3566
3740 3953
3795 4148
4342 3607
4317 4251
897658064 1928484021
1
sift 353
286 293
11 3
34 31
225 214
228 270
50 50
662 484
72 73
59 57
352 308
420 292
79 82
768 751
80 89
114 124
482 675
376 387
111 85
782 833
116 111
163 156
703 622
1141 904
201 155
1011 933
234 257
187 183
983 882
1757 1599
217 189
1213 1100
241 274
261 222
1166 1020
1632 1714
246 242
1404 984
373 381
255 262
1425 871
2082 1603
292 303
1454 1386
471 324
328 337
1232 1315
2403 1725
409 374
1684 1259
467 416
391 394
1552 1118
2313 2124
387 409
1620 1445
477 410
388 419
1318 1398
3149 2664
450 362
2306 2469
478 495
407 414
1721 1201
3287 2971
428 427
2517 2364
598 500
612 455
1437 1407
3182 3254
446 643
3590 2456
646 513
581 544
1718 1678
3615 3833
589 561
3254 2720
653 625
563 588
2068 1491
4021 3432
626 549
3348 2703
714 605
454 787
2196 1642
4279 4106
634 645
3851 3231
776 606
679 631
2508 1720
745 608
3499 3824
734 653
690 738
2224 1983
805 584
4161 3969
793 674
858 633
2310 1952
791 731
716 801
792 806
2615 2351
778 774
931 657
853 832
2602 2383
798 779
863 850
892 846
3036 2371
895 824
1047 740
946 837
2918 2572
1054 804
870 970
999 866
3518 2150
1059 934
1144 877
988 1088
3323 2349
1031 993
1130 997
1496 811
3105 3207
1139 1021
1072 1124
1038 1268
3373 3105
1048 1174
1157 1096
1281 1135
3063 3580
1330 951
1156 1134
1225 1296
3674 3210
1079 1205
1178 1143
1468 1178
3683 3388
1298 1089
1348 1093
1359 1349
3796 3538
1539 989
1428 1220
1390 1405
3993 3491
1727 1190
1590 1298
1427 1389
1543 1328
1323 1587
1247 1786
1509 1370
1360 1656
1490 1465
1734 1396
1533 1591
1517 1592
1743 1454
1514 1687
1698 1545
1674 1643
1644 1664
1671 1719
1541 1753
1819 1575
2339 1271
1654 1718
1636 1777
2100 1510
1970 1568
1910 1626
1549 2011
1611 1947
2269 1666
2208 1504
2160 1611
2402 1651
2456 1457
2202 1632
2065 1853
1905 1924
2111 1793
2018 1962
2066 1819
2172 1824
2887 1549
2016 2086
2393 1792
2255 1984
2035 2107
2000 2168
2262 2098
2073 2061
2444 1783
2243 2340
2293 1950
2084 2212
2292 2326
2210 2057
2373 1928
2357 2270
2245 2012
2345 1958
2691 2013
2290 2026
2179 2164
2646 2094
2241 2099
2291 2071
2460 2305
2326 2105
2794 1791
2710 2176
2311 2140
2226 2266
2504 2396
2307 2180
2130 2416
2945 2016
2855 2017
2092 2889
2797 2226
2793 2115
2727 2233
2506 2567
2518 2516
2662 2424
2512 2587
2671 2498
2746 2387
2627 2591
2745 2520
3139 2096
2590 2781
3027 2242
2673 2665
2761 2613
2944 2443
2857 2566
2790 2712
2578 2934
3582 1992
2738 2779
3129 2367
3016 2539
2949 2634
2555 3019
2634 2992
3025 2642
2991 2631
3221 2406
2995 2678
3186 2466
2547 3184
2912 2824
2702 3044
2569 3263
3381 2518
3470 2397
2641 3259
2924 3127
2894 3003
2693 3292
3474 2700
3000 2926
2824 3156
2583 3763
2707 3402
3145 2840
3155 2956
3654 2491
3359 2764
3332 3018
3829 2483
3165 3006
3180 3221
3157 3128
3029 3355
3902 2725
3426 3010
2928 3665
3321 3146
3038 3478
3440 3034
3292 3256
3665 2897
3739 2875
3336 3375
3916 2782
3420 3306
3536 3242
3625 3162
3403 3369
3454 3347
3435 3393
3965 3002
3328 3596
3801 3135
4162 2869
3685 3336
3208 3705
3614 3316
3173 3910
3508 3428
3641 3303
4046 3090
3630 3333
3587 3504
4050 3126
3848 3278
3673 3470
3619 3613
3260 3902
3248 3962
3257 3998
3692 3632
3521 3768
3567 3785
3568 3984
3886 3525
4027 3551
3802 3873
4071 3547
3911 3994
4202 3449
3818 3915
4124 3851
4241 3493
3961 3815
4281 4040
4091 3683
4156 3801
4313 4088
4185 3930
3984 4153
4251 4208
4255 3937
4108 4096
4217 3979
4043 4162
4044 4170
4277 4060
897658064 2119627969
1
sift 166
213 194
225 193
1632 1332
244 178
245 198
241 227
2279 1853
254 290
286 250
373 360
2179 1905
384 293
346 329
482 406
2313 1921
339 450
466 423
538 447
2693 2381
458 506
666 386
706 372
2879 2461
569 460
738 660
607 492
2991 2738
598 505
1012 526
703 523
3212 2900
683 537
1061 558
711 609
689 685
869 732
798 681
791 715
949 741
793 725
814 717
976 851
863 829
1093 706
1124 904
913 882
983 830
1193 926
1055 794
1144 773
1259 1014
1051 978
1072 975
1344 1198
1194 977
1330 929
1609 1176
1191 1137
1232 1152
1454 1383
1318 1121
1425 1066
1413 1458
1552 1018
1342 1227
1535 1336
1350 1270
1514 1149
1422 1542
1424 1244
1428 1407
1635 1479
1636 1312
1816 1420
1682 1540
2068 1250
1763 1474
1523 1812
1541 1669
1718 1527
2386 1513
1721 1533
1437 1830
1837 1966
1860 1673
1772 1854
2780 1493
2269 1541
2394 1574
1964 1988
2196 1741
2388 1722
2476 1654
2065 1916
2057 2058
2391 2074
2340 1890
2255 2194
3017 1798
2206 2482
2726 1977
2468 2161
2602 2247
2683 2178
3111 2127
2692 2330
2790 2276
2771 2479
2738 2317
2646 2462
3595 2091
2615 2498
2945 2210
3462 2368
2918 2274
2995 2205
3684 2268
2709 2602
2797 2590
3455 2571
2761 2718
3036 2455
3191 2814
2569 2951
3033 2662
2989 3085
3105 2675
3063 2913
3217 2851
3994 2288
3155 2932
3131 2983
3332 2872
3590 2768
3262 3009
3473 2999
3424 2958
3199 3316
3429 3055
3685 2918
3681 3121
3781 2921
4152 2727
3761 3087
3488 3343
3683 3217
3768 3324
3406 3681
3671 3429
3923 3330
3637 3533
3335 3990
3894 3490
4313 3065
3865 3529
4074 3313
4144 3381
3881 3690
4193 4210
3856 3940
4071 3820
4027 3872
4004 3992
4324 3835
4281 4014
4179 4200
