1147732554 1163718206
1
sift 341
249 109
41 29
37 34
67 39
365 137
83 47
128 64
115 45
457 153
102 49
103 82
94 62
572 223
144 93
180 112
188 125
863 366
379 180
222 135
263 175
1255 627
518 146
363 155
364 194
1524 564
415 176
503 149
464 170
1521 701
429 218
413 189
442 182
1955 782
437 242
341 235
322 265
2074 801
524 248
400 231
405 234
1818 1035
460 352
480 262
489 264
2165 1068
675 346
507 277
540 270
2460 1265
673 462
546 280
500 316
2205 1467
760 436
586 274
493 407
2584 1673
780 490
553 360
584 381
2739 1631
685 569
642 357
622 372
3577 1546
874 465
689 386
748 396
2290 2205
821 524
765 457
890 494
3369 1746
984 498
1171 463
1002 502
4040 1951
969 525
1067 512
1045 504
4292 2054
968 534
954 545
973 584
3886 2230
1060 558
934 636
1041 571
4168 2735
1336 511
1260 652
998 654
5058 2406
1332 621
1227 705
1006 763
5118 2749
1225 703
1324 706
1101 793
5149 2754
1026 849
1261 725
1141 785
4671 3236
1468 679
1471 693
1142 854
5749 3540
1477 870
1512 722
1331 781
5108 4273
1455 951
1283 821
1578 791
7465 3325
1424 978
1565 813
1496 904
6566 3625
1717 868
1501 955
1474 977
7475 3877
1366 1052
1532 1014
1549 1030
6596 5441
1795 931
1937 937
1781 1010
1826 1045
2024 1025
1691 1100
2432 923
1670 1189
1713 1174
2341 980
2335 1048
1762 1293
1635 1480
2206 1299
2326 1155
2175 1228
1428 2087
1839 1520
2140 1384
2141 1496
2317 1375
2544 1362
2407 1371
2382 1457
2131 1603
2554 1359
2421 1522
2389 1563
3163 1264
2587 1500
2639 1638
2522 1604
6946 956
4140 1269
2269 1842
2499 1770
3049 1609
2874 1665
2970 1639
2907 1755
3341 1545
2882 1696
3206 1678
2834 1719
3047 1656
3181 1711
3140 1825
3150 1794
3227 1796
3058 1855
3065 1889
3151 1882
2911 1999
3617 1738
3468 1854
2981 2010
2474 2621
2573 3033
3964 1734
3276 2030
3079 2496
4261 1756
3281 2175
3897 2183
2964 2391
3756 2019
2735 3210
3531 2123
3669 2119
3973 2244
3987 2038
3827 2203
3107 2810
3966 2152
4087 2154
4073 2219
3659 2382
4193 2159
4741 2155
4750 2064
3446 2712
4704 2204
4636 2189
3764 2683
3365 3053
3840 2744
3865 2762
3576 3150
3877 2867
5077 2366
3360 3427
4976 2445
3904 3109
4248 2866
4349 2898
4408 2955
3475 3829
4964 2725
5435 2613
4963 3067
4571 3000
4001 3367
5156 3148
3924 3497
4358 3175
5864 2807
4181 3302
4325 3240
5672 2923
4449 3201
5181 2853
5289 3245
5255 2861
5002 3083
5996 2978
4818 3260
5585 2885
6571 2796
4762 3317
4488 3451
6191 2946
5306 3064
5651 2926
5385 3445
4521 3502
5465 3076
5403 3478
5225 3209
7474 2522
4206 4280
4353 3811
4839 3633
4985 4095
4218 3968
5635 3285
5686 3789
4947 3647
6509 2950
6809 3309
5902 3327
5502 3571
6961 3373
5143 3760
7137 3051
5318 4118
6440 3305
6164 3450
7689 3165
6558 3405
5086 4312
6259 3681
7606 3283
5429 4190
6607 3627
5445 4458
6516 3721
6240 3911
6559 3808
6504 3883
7115 3860
6826 3799
8431 3385
7341 3812
6803 3905
6623 4005
7187 3868
6608 4020
6090 4466
7007 4215
6364 4412
7650 3869
7537 4146
7014 4122
7063 4265
8501 3788
7347 4184
7684 4064
8334 3953
8237 3975
6327 5047
6981 4787
6972 4718
8109 4310
8364 4433
7542 4572
7908 4446
7774 5450
8517 4157
7777 4629
7947 5425
6966 5090
6828 5178
8524 5668
7040 5078
8130 4620
7501 6696
7544 4944
7924 4802
8277 7167
7524 5020
7345 5291
7670 5124
5523 7249
8146 5192
7656 5528
8507 5139
6489 7136
7903 6297
8368 6036
8211 6360
8454 6961
8226 7449
1147732554 1418904103
1
sift 1872
199 139
70 69
9 14
257 198
37 42
18 25
249 187
83 83
24 21
286 241
117 82
22 27
312 196
115 79
21 33
407 274
103 116
27 35
426 312
102 87
40 34
573 452
208 162
52 51
457 330
94 94
63 45
665 547
222 231
66 54
470 376
120 114
67 61
673 559
274 213
69 64
566 327
235 163
64 84
896 655
293 246
72 74
597 405
292 288
84 81
854 692
343 289
76 97
572 485
310 356
98 90
861 786
322 352
82 110
654 457
386 303
89 106
969 762
366 313
113 95
717 426
379 317
111 104
965 787
438 292
100 111
715 531
373 338
118 102
984 779
415 328
110 113
802 528
410 324
122 100
1092 872
413 359
121 123
853 514
433 347
123 120
1144 849
396 414
126 122
770 592
455 348
128 118
1444 892
404 423
133 133
754 623
437 364
195 112
1305 1078
464 409
148 127
957 577
451 360
150 130
1233 1149
524 459
127 144
900 636
518 388
176 131
1303 1284
553 546
145 147
883 680
585 534
147 156
1400 1406
600 509
193 140
865 805
631 513
158 166
1459 1377
605 593
157 185
895 785
636 554
200 154
1537 1403
709 555
190 168
1135 830
753 526
180 176
1809 1206
685 648
151 220
1110 884
725 601
228 149
1779 1276
760 663
224 170
1174 900
778 588
188 205
1849 1238
810 660
243 195
1339 829
731 625
297 174
1784 1320
833 674
270 189
1209 918
780 691
239 210
1817 1310
769 775
231 218
1255 951
874 717
278 194
1803 1326
938 694
219 240
1372 882
870 804
277 202
1810 1353
837 855
311 186
1243 1049
1001 748
302 208
2066 1260
968 796
327 239
1595 1038
1045 767
361 227
2281 1274
887 876
263 294
1524 1088
998 800
315 272
1653 1691
1006 854
335 260
1644 1104
1021 797
287 299
1647 1814
1041 853
358 256
1720 1093
1152 822
369 247
2004 1534
1059 893
353 277
1745 1121
1060 899
349 284
1993 1581
973 986
346 302
1480 1399
1026 958
332 315
1883 1722
1141 903
398 273
1666 1349
1175 937
377 285
1885 1813
1024 1099
357 305
1847 1217
1311 873
341 336
2326 1614
1225 934
363 310
1852 1235
1336 868
362 316
2377 1592
1291 895
435 279
2297 1195
1166 1063
397 308
2204 1707
1131 1119
453 287
1942 1358
1204 1071
364 355
1823 2087
1202 1086
391 343
1859 1433
983 1308
434 307
2090 1811
907 1456
471 296
1646 1639
1332 1020
412 340
2123 1792
1447 988
440 342
1818 1500
1325 1056
439 351
2054 1886
1283 1155
395 379
1719 1595
1246 1216
400 380
2169 2003
1335 1198
472 339
1797 1551
1449 1143
405 389
2290 1944
1478 1182
442 372
2284 1491
1366 1252
479 378
2664 1676
1607 1130
513 354
2165 1782
1477 1185
425 422
2824 1674
1483 1247
503 368
2688 1711
1424 1222
483 387
2115 2234
1525 1236
461 418
2460 1899
1316 1394
422 464
2409 2032
1512 1255
486 412
2671 1745
1455 1285
480 425
2373 2076
1561 1208
496 415
2329 2071
1549 1283
445 474
2483 1983
1501 1311
446 477
2276 2222
1636 1362
487 431
2871 1926
1532 1297
370 565
2584 1990
1661 1347
432 493
2692 2204
1474 1372
525 408
4129 1556
1717 1323
536 399
2665 2231
1565 1344
499 432
2558 2275
1731 1337
430 508
3142 1972
1635 1562
542 404
3128 1971
1535 1630
516 428
3052 2039
1711 1495
531 417
2739 2244
1691 1508
489 467
2894 2166
1900 1381
668 357
2721 2307
1752 1490
517 455
3190 2190
1663 1604
473 510
3081 2112
1796 1481
500 481
2853 2440
1534 1729
554 429
2942 2211
2120 1341
526 465
3309 2215
1722 1635
621 406
3278 2050
2044 1449
493 506
2791 2520
1872 1552
507 496
3157 2171
1826 1602
497 525
2843 2592
1783 1645
520 505
3108 2456
2227 1435
607 433
3151 2420
1605 2164
502 537
3577 2260
1625 2137
625 437
4290 2081
1811 1893
557 495
2715 2928
2140 1689
570 494
3347 2689
2005 1752
575 502
4514 2000
1968 1820
546 524
3208 2923
2181 1687
522 564
3369 2473
2389 1613
599 488
3693 2776
1768 2239
592 499
3658 2361
2244 1695
540 548
3936 2615
1840 2173
667 473
4608 2105
2160 1824
586 521
3467 3072
2015 1975
555 557
5856 1838
2317 1848
588 538
3393 3381
2173 2060
582 551
4531 2180
2341 1852
613 523
3474 3408
2312 1967
568 562
3305 2796
2931 1588
561 584
4487 2752
2407 1943
649 535
4064 2424
2449 1946
629 543
3865 3240
2293 2119
719 516
3995 2593
2068 2310
642 563
4552 2781
2116 2304
571 643
3796 2913
2435 2065
622 603
3619 3617
2448 2037
584 640
3753 2967
2632 1920
689 570
4146 3178
2331 2228
627 612
4018 2754
2544 2042
598 635
4122 3213
2231 2356
713 573
3950 2883
2428 2203
762 550
4456 3069
2738 2017
724 579
4040 3016
2610 2079
655 629
4165 3437
2578 2188
687 619
3886 3166
2421 2301
620 667
4168 3456
2474 2343
806 566
4345 2985
2476 2515
727 622
4477 3291
3185 1864
698 654
4292 3192
2446 2577
922 540
4282 3489
2413 2638
643 733
4547 3087
3181 2132
832 587
4685 3388
2849 2340
748 650
4500 3108
3049 2238
805 611
3952 3926
2704 2536
722 707
4226 3333
2595 2547
776 645
4641 3580
3350 2186
891 595
4234 3342
3104 2246
694 750
4741 3682
2775 2562
923 596
4295 3582
3092 2297
1003 581
4585 3810
2879 2573
840 638
5333 3155
3473 2195
963 605
5084 3579
2881 2576
818 665
3915 4146
3150 2396
765 731
5706 3261
2735 2761
775 724
4406 3793
2762 2747
834 683
4805 3796
3037 2524
804 719
4138 4016
3238 2434
716 840
4735 3943
3701 2255
749 788
5152 3458
3340 2425
972 637
3805 5059
2863 2868
842 718
5058 3655
3277 2502
756 838
4682 4020
2953 2811
961 675
5654 3449
2689 3148
700 970
4936 3952
3206 2644
944 713
4437 4173
2969 2832
791 847
4859 4245
3396 2503
1071 670
4671 4265
3064 2898
1010 706
5061 4341
3107 2856
890 768
5054 4149
3235 2769
850 823
5118 4502
3009 3018
884 792
5164 4133
3468 2746
893 793
6094 3956
2812 3279
912 801
4541 4644
3079 3197
773 963
4751 5058
2954 3219
997 754
5108 4256
3360 2995
882 832
5427 4472
3571 3183
996 758
4885 4612
3584 2847
1155 705
5929 4307
3904 2891
1183 696
4638 4938
3576 2902
1169 702
5645 4757
2573 4754
839 896
4841 4841
3497 3024
880 863
6003 4417
3331 3529
1117 728
5748 4331
3918 2920
1061 763
6161 4346
3523 3326
820 953
6038 4252
3920 3030
1044 781
6633 4073
3294 3586
1057 780
4927 5619
3365 3626
1078 773
5350 5325
4432 2629
954 857
6106 4591
4662 2789
1093 772
5244 5426
4112 3020
903 924
7160 4056
3973 3250
985 866
6059 4739
4135 3163
976 878
6208 4552
4632 2823
925 916
5974 4936
4985 2803
1088 816
6625 4292
3897 3389
934 919
6002 5209
3472 4004
1134 802
5963 4830
4283 3097
1207 764
6774 4862
3977 3595
1197 784
6034 4999
4618 3032
1036 904
6226 5266
4564 3225
941 999
6596 4520
3489 4046
1067 921
6504 5101
4933 3092
1189 842
6311 4880
4978 3017
1069 936
5842 5686
4073 3698
1528 703
6481 4816
4889 3055
1055 952
6374 5401
4256 3874
1147 886
6951 4896
4079 3601
1043 1002
7168 4943
4307 3883
1095 957
7700 4476
5140 3077
1094 980
7823 4609
5119 3490
1053 1053
5857 5731
4177 3664
817 1350
5922 5827
4357 3941
897 1191
6566 5238
3598 4335
1132 1003
6975 5343
4325 3989
1107 1033
6600 5224
4189 3717
1126 1010
7151 5260
6185 3006
1143 982
6866 5166
4611 3620
1128 1026
7363 5192
4462 3957
1109 1054
6930 5242
4704 3670
1223 943
6577 5848
4929 3859
1142 1058
6151 6156
4869 3628
1217 969
8420 4923
5024 3914
1277 939
8333 4854
4140 4114
1200 1040
8131 5153
4308 4570
1293 932
7475 5360
4470 3882
1334 927
6840 5933
4964 4099
1404 885
7144 5574
4549 3849
1248 1008
6893 5918
5289 3985
1028 1261
6938 5684
4979 3653
1550 865
6880 6085
4450 4577
1268 1032
7097 5637
5492 3415
1271 1052
6079 7093
4705 4485
1323 1012
7328 5758
4248 4215
1203 1108
6631 6666
5156 4182
1509 902
7465 5797
4412 4105
1391 964
6597 6700
6297 3635
1394 985
7339 6040
5077 3780
1393 998
7157 6235
4441 5074
1227 1127
6396 6989
4408 4206
1375 1034
6588 6820
4867 4677
1420 995
6225 7397
5159 3831
1759 856
7362 6682
5385 4343
1215 1158
7296 6609
4961 3975
1258 1142
7627 6454
4706 5085
1242 1151
6127 7824
4892 4041
1497 1005
7406 7092
5339 4545
1407 1057
7691 6532
4438 4424
1331 1100
7426 7129
5961 4167
1236 1161
7710 6980
5426 3846
1219 1193
8009 7231
5443 4584
1369 1097
7787 7219
5848 3819
1362 1107
8350 7728
5143 4974
1433 1075
8302 6765
4501 4859
1337 1132
8613 7753
5635 4506
1613 992
8270 7131
5139 4468
1256 1230
6051 4259
1356 1153
8489 7316
4992 4606
1263 1225
5686 4525
1229 1278
4306 5456
1705 983
5996 4381
1261 1248
5659 4278
1639 1061
5271 5083
1598 1091
6356 3871
1314 1267
6142 4303
1445 1168
5219 4809
1436 1178
5315 5273
1641 1089
5672 4483
1355 1245
5452 5162
1473 1166
6961 3845
1471 1184
6205 4497
1617 1124
5403 5091
1432 1200
5642 5261
1899 996
5849 4714
1629 1129
5482 5392
1527 1171
5432 5157
1405 1243
6148 4844
1693 1114
5321 5328
1475 1219
6164 4877
1437 1288
5086 5541
1632 1156
6316 4892
1567 1197
5864 4970
1606 1192
5951 5314
1491 1290
6095 4750
1517 1272
5878 5418
1381 1417
6136 4712
1496 1306
6240 5369
1627 1210
5897 5107
1741 1172
7689 4480
1428 1409
6903 4515
1302 1547
5725 6029
1610 1289
6191 5065
1594 1295
6695 5517
1668 1251
6322 5036
1789 1180
7408 5524
1422 1468
6259 5104
1721 1241
7456 5747
1739 1249
6714 4959
1435 1496
8431 5385
1494 1458
6809 5050
1551 1431
6700 6470
1678 1312
6607 5147
1313 1657
8137 5626
1665 1329
6571 5255
1603 1407
7981 5723
1794 1244
6117 5593
2289 1085
8364 5662
1742 1296
5950 5772
1568 1466
7341 6328
1130 2226
6516 5358
1716 1357
7030 6628
1684 1392
7187 5518
1578 1494
8058 5928
1307 1758
6345 6090
1769 1334
6965 6845
1669 1453
6981 5732
1582 1557
7130 6819
1614 1530
7299 5597
1643 1560
7284 6673
1863 1393
6773 6177
1710 1502
8145 6137
1908 1369
7537 5850
1766 1462
7014 7152
1703 1514
7953 5800
1866 1411
7592 6667
1679 1549
6693 6814
1926 1374
8334 6077
2062 1327
6490 7577
1962 1386
8327 6286
1706 1579
7774 6435
1933 1423
8321 6317
2272 1268
7323 6880
2082 1355
7992 6665
1861 1493
7516 6959
1762 1570
7764 6853
1308 2159
8568 6001
1713 1611
7833 7275
1520 1816
8052 6760
1616 1718
7089 7842
1876 1523
8501 6293
2457 1224
8277 6902
1984 1483
8230 6621
1397 2114
8222 7255
1670 1726
6720 7882
1903 1567
8531 6909
1922 1548
8337 6772
1997 1504
8146 7567
1680 1763
7671 7440
1856 1632
8369 7854
1634 1849
8087 7818
1833 1652
1842 1648
1895 1620
1932 1607
2220 1459
1874 1656
1937 1626
1815 1702
2047 1574
2053 1569
1390 2350
1392 2335
2286 1473
2313 1465
2200 1542
1894 1759
2262 1554
1991 1692
2024 1675
2027 1678
1860 1841
2111 1654
2113 1666
1964 1755
1709 2094
2018 1739
2084 1703
2009 1761
2073 1727
2179 1681
1948 1895
1904 1963
2031 1835
3115 1332
1898 1985
2119 1769
1451 2753
2078 1819
1875 2067
2011 1904
2941 1436
1950 1984
2316 1705
2102 1862
2442 1653
1880 2107
2327 1708
2124 1855
1954 2016
2022 1961
2206 1829
2202 1834
2354 1723
2136 1903
2383 1721
2335 1765
2253 1839
2322 1797
1825 2289
2184 1949
2075 2033
2436 1753
2365 1802
2966 1519
1902 2249
2141 2005
2248 1925
2549 1694
2384 1830
2217 1958
2101 2086
2338 1870
2134 2054
2434 1818
2347 1885
2799 1622
2063 2141
2789 1625
2233 2010
2376 1910
2509 1803
1998 2269
1983 2298
2086 2217
2299 2025
2798 1671
2256 2096
2303 2073
2330 2041
2489 1908
2528 1872
1975 2383
2344 2080
2219 2209
2526 1931
2777 1742
2280 2158
2467 1978
2873 1717
2189 2272
2198 2290
2807 1778
2359 2176
2862 1766
2375 2174
2025 2490
2512 2043
2288 2263
2348 2213
2543 2031
2499 2074
2663 1912
2269 2281
2199 2359
2422 2192
2568 2035
2298 2303
2455 2170
2765 1890
2579 2055
2710 1952
2241 2409
3209 1746
2684 2049
2657 2068
3012 1860
2430 2302
2737 2022
2401 2379
3255 1805
2522 2273
2682 2144
2645 2179
2801 2072
2538 2320
2686 2197
2768 2127
3261 1881
2837 2113
2946 2056
2587 2288
2620 2285
2698 2241
3122 2001
3188 1970
2490 2470
2575 2376
2395 2609
2601 2344
2585 2363
3225 1992
2562 2415
2514 2509
2630 2380
2486 2578
2703 2372
2949 2240
3364 2018
3296 2066
3146 2169
2947 2276
3156 2202
2886 2329
2741 2437
2975 2294
2748 2432
2616 2565
2826 2403
2860 2382
2929 2370
3148 2266
3163 2268
2889 2410
3308 2208
2387 3115
3068 2339
2774 2534
3552 2125
2834 2526
3558 2161
2702 2684
3228 2337
3798 2089
2923 2518
3041 2446
3638 2160
3137 2390
3713 2124
2970 2504
2503 3104
2712 2771
3549 2230
2577 2990
2819 2675
2781 2733
3014 2541
3047 2523
2896 2640
2956 2596
4361 1939
2581 3070
3386 2351
2628 2999
2980 2610
3087 2528
3003 2602
3013 2604
2727 2905
3341 2397
3536 2355
2981 2717
2874 2834
2618 3186
3361 2460
2308 3921
2662 3145
2993 2767
3136 2643
2917 2842
3387 2482
3400 2479
2521 3550
3113 2703
2943 2917
3140 2766
3101 2828
3367 2616
3303 2671
3450 2569
3878 2357
3363 2652
3515 2563
2964 3078
3843 2401
2920 3153
3242 2831
3366 2727
3057 3065
4055 2360
3217 2959
3239 2946
3048 3134
3750 2589
3766 2598
2983 3365
3628 2732
4230 2385
3256 3096
3280 3067
3399 2947
2936 3470
3999 2499
3436 2922
3719 2705
3195 3185
3310 3063
3317 3060
3867 2622
3145 3285
3699 2763
3772 2722
3605 2858
3593 2867
3987 2585
3264 3251
3422 3057
3380 3144
3297 3256
3614 2976
3746 2862
3120 3504
3346 3239
3411 3182
3735 2918
3281 3393
3508 3131
2661 4234
3601 3084
3379 3312
4051 2698
3789 2957
3629 3091
3669 3051
4066 2716
4077 2704
3530 3245
3625 3162
3430 3431
3591 3277
3691 3177
3559 3315
4328 2681
3679 3205
3286 3638
3105 3827
3448 3477
3519 3475
3964 3033
4523 2688
3927 3081
3478 3561
4193 2893
3712 3368
4092 2992
3568 3540
3580 3530
4289 2882
4089 3019
3966 3126
3659 3497
3276 3897
4156 3007
3460 3694
4862 2663
4281 2950
3557 3610
4090 3076
5135 2579
3687 3517
3051 4262
4519 2845
3446 3743
3826 3424
3004 4401
4304 3010
4228 3058
3827 3467
3237 4095
4161 3151
4710 2855
3932 3378
4481 2984
4399 3025
4044 3287
4303 3101
4553 2977
4574 2972
4009 3343
4270 3150
3892 3537
3764 3678
4563 3036
4381 3120
4020 3438
4261 3247
3989 3479
4837 2955
4373 3195
4221 3319
3976 3547
4535 3135
3859 3681
4375 3242
4242 3350
4407 3233
4386 3259
4059 3591
3492 4243
3787 3885
3877 3797
3635 4069
4213 3519
4074 3614
5265 2944
3745 4012
4453 3382
4434 3443
3788 4013
4920 3156
4422 3457
4349 3511
4390 3482
4875 3207
3840 3976
4475 3461
3354 4668
3879 3971
3871 3983
4369 3560
4468 3510
4644 3398
4048 3804
5531 2991
4036 3865
4001 3902
4753 3430
5783 2903
4888 3357
6469 2646
4411 3632
4485 3597
4334 3701
3874 4160
4627 3577
5542 3089
4175 3852
5029 3375
4403 3725
4800 3526
5435 3173
4974 3442
4192 3891
4928 3484
3967 4131
3975 4137
4202 3931
4877 3559
5286 3354
4829 3602
4655 3684
4294 3920
3908 4330
5537 3231
4969 3544
3902 4365
5574 3238
6428 2824
5027 3541
4266 3986
4801 3659
3284 5515
4277 4022
4087 4193
4152 4122
4492 3887
5438 3404
4181 4127
4274 4090
4174 4191
4727 3809
4951 3699
5448 3473
4136 4276
4344 4083
4245 4178
4504 4005
4616 3951
4899 3789
4521 4040
4522 4050
4420 4112
5693 3448
4802 3908
4330 4230
5079 3767
5202 3709
4742 3967
3953 4718
5150 3741
4681 4010
4383 4226
3579 5435
4144 4449
5097 3790
4827 3954
4078 4583
5277 3732
5543 3598
4571 4154
4132 4533
5204 3777
5594 3594
5331 3726
5191 3812
8151 2680
4513 4274
4049 4805
4809 4076
4488 4306
5185 3851
4890 4026
5304 3800
5215 3854
6169 3362
4565 4281
4218 4656
4603 4318
6886 3117
4458 4455
4449 4484
4799 4239
5881 3609
4631 4351
5721 3705
3583 5779
4818 4271
5644 3781
4673 4390
6167 3546
4852 4301
3924 5349
4676 4425
4758 4391
4762 4397
4331 4814
5805 3749
4569 4556
4626 4504
4015 5249
4870 4334
4693 4486
4636 4535
4599 4593
5575 3918
4469 4730
4775 4439
6729 3361
4784 4445
5209 4163
4863 4414
5910 3770
4207 5113
5217 4184
4496 4794
5892 3802
4694 4629
4791 4549
4625 4721
4864 4501
4075 5371
4724 4662
6212 3703
5442 4140
5512 4102
4876 4564
5019 4444
5181 4339
5068 4463
4921 4579
5225 4364
5002 4526
4824 4732
6667 3583
6766 3556
4883 4699
5336 4338
5255 4395
4364 5222
4452 5142
4467 5148
5093 4603
3969 5775
4389 5292
5756 4135
4949 4765
5456 4360
4967 4785
5239 4540
6157 3932
4612 5164
5527 4363
5372 4492
5995 4057
4839 5023
4353 5470
5080 4817
5163 4768
4947 4982
4649 5256
5676 4385
5546 4478
5803 4329
5622 4467
4011 6058
5510 4580
5577 4514
4768 5271
5713 4434
5586 4541
5059 5092
5306 4855
4714 5408
5514 4704
5532 4688
5465 4770
5454 4786
5585 4673
6824 3875
6559 3999
5539 4728
6280 4147
5206 5093
4835 5391
8091 3527
6054 4333
5436 4899
6305 4172
5824 4595
5954 4491
4970 5370
5040 5330
5736 4706
5529 4914
5770 4692
5761 4702
5502 4993
6377 4249
5707 4865
4416 5965
5604 4966
6333 4349
5850 4763
5467 5143
5640 5038
5222 5376
4922 5608
4583 5906
5651 5040
4731 5788
6071 4641
5472 5217
5400 5311
5902 4870
5429 5320
6508 4394
6289 4558
7106 4142
6241 4675
5187 5604
5908 5017
5816 5105
6104 4825
5000 5757
5741 5201
6223 4771
6444 4669
5606 5485
5937 5211
5588 5521
6341 4879
6524 4720
5751 5396
5120 5984
6108 5190
6471 4904
6343 5041
6351 5063
5845 5466
5592 5676
6692 4797
6539 4948
7333 4460
6641 4886
5840 5537
5866 5509
5959 5451
5859 5540
6563 5008
7205 4590
6473 5089
5365 6017
6509 5098
6246 5305
6129 5398
6360 5246
6878 4922
5691 5801
6498 5174
6008 5579
7552 4562
6328 5336
6969 4931
7318 4716
6569 5194
6594 5231
6425 5362
6537 5276
7004 5030
6721 5216
6614 5285
7189 5004
8278 4377
6858 5169
6466 5421
6140 5653
6664 5313
6492 5433
6488 5450
7775 4729
6126 5717
6041 5815
6352 5616
7684 4858
7824 4834
6344 5672
6394 5660
6701 5499
7950 4846
6088 5945
6040 5993
6480 5657
5991 6083
5409 6901
8167 4778
6611 5640
7218 5338
6042 6128
5844 6408
7272 5389
7297 5384
6689 5705
7523 5293
7403 5363
5877 6558
5646 6953
6024 6380
6861 5682
6640 5843
7247 5570
6130 6378
7817 5298
7347 5558
6090 6468
7484 5490
6361 6174
5297 7636
7259 5625
5260 7726
6522 6106
8035 5280
6606 6026
6912 5883
8119 5294
6470 6258
6379 6404
6598 6146
6327 6542
6350 6525
7606 5647
8048 5442
6608 6250
7358 5763
7449 5745
7647 5677
8563 5102
7993 5557
8159 5478
8042 5554
5970 7288
8256 5434
6828 6221
6545 6515
6826 6310
7023 6186
7743 5744
7251 6031
6815 6386
6686 6519
7269 6086
7866 5770
7805 5798
7134 6249
6658 6664
6949 6419
7846 5826
7459 6057
7759 5886
7611 5981
6409 7083
6398 7111
6972 6527
6530 7007
7219 6353
7268 6303
6366 7261
7969 5870
7314 6306
7352 6273
7542 6171
7354 6333
7190 6467
7214 6443
6727 6929
7531 6241
7874 6041
7182 6591
7917 6103
7345 6574
7804 6207
7655 6335
7796 6220
7303 6659
6704 7232
7777 6304
7142 6870
7017 6999
7342 6691
6832 7183
7524 6550
7802 6365
7702 6557
7716 6606
7767 6573
8123 6290
7412 6910
6870 7495
7868 6651
8152 6499
7656 6945
7644 7014
7315 7359
8567 6047
7755 6964
8004 6741
7508 7259
7544 7217
8162 6677
7911 6928
8216 6639
8156 6694
8441 6396
8225 6672
7054 7684
7736 7168
8006 6939
7721 7203
7924 7117
7801 7237
7351 7609
8070 7043
8374 6702
7121 7809
7278 7707
8084 7104
8171 7020
8367 6769
8097 7127
7355 7705
7040 7868
7873 7384
8189 7141
8253 7186
7653 7750
8260 7294
8514 7048
7798 7754
7895 7765
8549 7091
8161 7608
8345 7432
8368 7505
8318 7664
8283 7768
8615 7060
8543 7803
8620 7090
8507 7913
1147732554 1425359813
1
sift 798
249 167
83 67
9 15
854 483
117 68
37 37
312 152
102 70
67 61
1144 742
343 216
84 59
407 197
94 83
82 93
1305 871
379 272
98 72
426 229
144 135
118 86
2791 2338
413 295
121 98
457 262
235 120
104 111
3208 2117
760 555
128 97
597 257
292 247
150 101
4165 3436
821 612
176 109
470 335
257 327
127 151
5156 3472
1006 917
193 117
572 350
386 235
147 147
6510 3170
1141 841
158 145
654 336
374 305
180 158
5996 4292
1512 809
188 191
802 374
429 304
243 173
1283 1021
239 174
638 499
451 290
222 204
1532 1184
358 194
665 492
518 273
315 210
1501 1211
362 195
883 467
437 337
263 251
1711 1321
377 205
863 523
464 325
353 220
1872 1286
435 200
1255 780
447 340
357 223
1783 1344
363 226
1524 821
455 355
333 267
1821 1462
412 245
1521 953
524 369
341 321
2181 1388
322 341
1233 1167
567 411
364 299
2317 1638
397 269
1810 909
675 462
395 284
2407 1663
472 241
1729 968
636 481
442 278
2440 1668
503 256
1480 1144
673 497
400 323
2849 1737
513 254
1784 1047
725 525
405 333
3340 1693
483 280
1803 1045
731 524
536 250
2882 1962
475 317
1942 1007
896 521
480 332
3396 1882
621 294
1849 1078
780 618
432 398
3206 2003
517 354
2297 957
938 533
445 405
2775 2516
489 368
1817 1124
874 570
462 399
2735 2735
608 343
1537 1378
1015 530
507 394
2690 3047
500 430
2074 1174
911 672
569 373
3107 2767
521 433
1955 1215
1045 623
497 468
3079 2870
546 413
1818 1391
984 666
493 475
3680 3192
540 431
2004 1438
1002 668
575 408
3331 3950
586 416
2165 1436
969 685
502 498
4128 3215
553 477
2752 1357
1311 546
555 480
4651 3326
561 495
2460 1504
751 857
719 410
4358 3627
642 482
2204 1744
968 700
622 542
5318 3139
923 444
2290 1860
1060 670
748 517
4256 3767
598 662
2373 1994
1021 709
655 608
4759 3480
765 563
2483 1943
998 730
996 505
4307 3785
790 626
4608 1363
1041 718
834 606
4705 4077
1155 507
2584 1976
887 836
890 592
5555 3842
944 591
3278 1733
1026 755
1057 593
5686 3967
769 782
2739 2018
973 851
1059 652
5635 4073
903 733
2894 1963
1336 711
954 722
5482 4403
1020 705
2715 2074
1101 860
882 750
5443 4449
1036 702
3995 1639
1303 754
880 785
6164 4156
934 781
3577 1776
1225 802
976 761
7341 4098
1259 665
2692 2245
1325 788
1277 656
5951 5144
1043 820
3371 1990
1477 1041
1069 825
5452 5589
1107 791
2721 2394
1366 1126
1132 892
6240 5040
1128 932
2843 2361
1455 1140
1220 915
8431 4608
1227 896
3658 2068
1424 1188
1447 793
7014 6552
1142 1014
2853 2582
1483 1176
1393 838
8146 6302
1271 903
2852 2638
1549 1169
1146 1034
7284 7063
1324 883
4500 2109
1661 1138
1445 859
8531 6186
1362 905
4018 2304
1717 1161
1433 884
8277 6689
1598 842
3796 2471
1636 1237
1337 954
8109 7468
1307 973
3886 2682
1400 1469
1331 975
7844 7734
1356 1008
4040 2619
1691 1270
1567 912
8369 7547
1264 1132
4345 2568
2140 1109
1256 1148
1617 1009
4292 2673
1722 1295
1261 1228
1494 1099
4805 2546
1826 1267
1496 1102
1594 1053
3851 3269
1796 1306
1794 999
1381 1210
4671 2822
1900 1299
1525 1146
1474 1172
4168 3114
1635 1549
1565 1142
1578 1158
4226 3189
1795 1481
1568 1275
1815 1166
5152 3050
2432 1200
1869 1193
1616 1364
5058 3129
1808 1521
1643 1365
2009 1168
5057 3313
1663 1774
1713 1328
1937 1253
5875 2959
2326 1399
1706 1451
1670 1529
5366 3365
2341 1421
1762 1444
2024 1322
5149 3495
2131 1546
1428 1838
1875 1520
3915 4450
1883 1877
1991 1450
2335 1356
5164 4006
2544 1492
2202 1431
2299 1441
5929 3987
2389 1648
1894 1713
2206 1577
6106 3982
2449 1642
2383 1506
1898 1831
5645 4484
2871 1459
2303 1625
1950 1821
6034 4227
2428 1715
2312 1661
2086 1806
5427 4758
2632 1645
2005 1899
2543 1659
6566 4277
2169 2082
2455 1756
2645 1651
6596 4497
2421 1913
2280 1868
2348 1839
6930 4549
3190 1632
2382 1824
2554 1716
7700 4217
2446 2102
2141 2044
3261 1488
6866 4811
3181 1755
2502 1856
2269 2113
7475 4795
3309 1722
2288 2135
2233 2201
6829 5389
2907 1873
2473 1995
2575 1904
6880 5531
3292 1813
2522 1980
2663 1857
7468 5453
3238 1938
2587 1947
4230 1420
7691 5674
2969 2084
2566 2030
2585 2017
7636 6042
2762 2218
2422 2232
2241 2433
4140 1678
2768 2020
2867 2004
3104 2056
2474 2387
2514 2373
3277 2052
3163 1933
2970 2057
3150 2134
2834 2142
2860 2206
3065 2227
2980 2140
2911 2207
3151 2214
2943 2187
2874 2275
3936 1858
3047 2190
3217 2103
3049 2309
4077 1792
2993 2299
3468 2360
3229 2155
3241 2150
3236 2644
3450 2079
3087 2317
3497 2482
3366 2188
3057 2397
3918 2296
2896 2483
3386 2216
4564 2278
3341 2268
2981 2523
3920 2623
3256 2388
3101 2465
3083 3411
3687 2163
4156 1988
3977 2663
3617 2253
3239 2488
3232 3387
3220 2507
3987 2104
3584 3061
3964 2160
2577 3332
3904 2808
3310 2570
3825 2315
3897 2813
3670 2402
3399 2533
3576 3090
3605 2445
2949 2956
3973 2836
3735 2430
3281 2716
4073 2825
3508 2584
4610 2105
3865 3110
4574 2125
3448 2703
3523 3467
3530 2677
4261 2314
3365 3635
4228 2443
3601 2838
4146 2947
2954 3529
3659 2880
4794 2683
4090 2586
3519 3097
4685 2721
4193 2609
3339 3311
4741 2722
3827 2896
4403 2596
4477 2873
2827 4043
3976 2850
5084 2726
3446 3360
3764 3128
4079 3287
3767 3160
3879 3111
4248 3219
4046 2985
3840 3198
4462 3117
4420 2778
4074 3001
4979 2875
3877 3286
4468 2892
4641 3095
4213 3092
4636 2916
5184 2901
4655 2906
4048 3305
5077 2990
4750 2904
4627 2988
4436 3325
4349 3164
4001 3504
4308 3426
5407 2773
4603 3201
4708 3222
4791 3134
4727 3183
3360 4453
5575 2806
4202 3537
4611 3347
4800 3178
5097 3077
3952 3810
5093 3099
4616 3356
4501 3463
3579 4312
4852 3279
4549 3531
4416 3506
4910 3267
4936 3374
3902 3954
5135 3187
4408 3731
4488 3612
4325 3709
4704 3587
4161 3821
5310 3194
5289 3388
4964 3400
4521 3760
3485 5076
3924 4296
4571 3776
4961 3639
4181 4013
4513 3833
4206 4140
5365 3391
5783 3197
6356 3069
4218 4042
4818 3703
6142 3237
4200 4071
5372 3428
5863 3402
4855 3702
5255 3498
5385 3747
5435 3430
5641 3327
5139 3897
5019 3657
5532 3405
4892 4032
4449 3989
5215 3605
7689 3009
3874 4728
4087 4389
5864 3707
4035 4464
5002 3761
6003 3873
5247 3653
5225 3677
5244 4368
5306 3689
5181 3757
5219 4577
4141 4481
5937 3386
5403 4444
6223 3253
5040 3902
6191 3941
5209 3880
4799 4186
5672 4311
5705 3693
4692 4287
5061 4935
4353 4584
4947 4165
6695 3872
5442 3881
6289 3460
5271 4880
5502 3889
4835 4345
6961 3801
7950 2979
5163 4180
5339 4905
5144 4250
4863 4519
6809 3911
6333 3682
6065 3817
5361 4948
6104 3863
5227 4532
5086 5191
4904 4838
5356 4462
6117 4352
5816 4171
5902 4150
5462 5145
5110 4812
5859 4219
7133 4012
6509 3867
5429 4604
8339 3633
5091 4899
7694 3524
6516 4394
6641 3864
5454 4676
6259 4642
5222 4887
5206 4921
6504 4485
7137 3851
6524 4070
5878 5257
6539 4081
7106 3903
5350 6006
5445 4997
6129 4451
5321 6183
5824 4746
6498 4301
7187 4897
5986 4703
5120 5487
5950 5730
6673 4297
6488 4445
5873 6039
6606 4401
5991 4896
7299 5072
6623 4422
6598 4490
6136 5842
6729 4447
6090 4958
7157 5349
4970 6033
6025 5106
7537 5152
7684 4183
6480 4837
8501 4677
7981 4119
6558 4927
8364 4814
6779 4852
8006 4290
6254 6156
6533 5071
7606 4486
7007 5988
6364 5233
6040 5545
7774 5571
7063 4910
7347 4826
6840 6238
6827 5147
8425 4376
6577 6744
7908 4681
7801 4742
7426 6050
6803 5272
7297 5012
8337 5743
6379 5558
6640 5393
8052 6150
7303 5059
6327 5671
8322 6291
8128 4695
6949 5304
7516 7395
7269 5217
5275 7201
8524 6519
7040 5403
8225 4846
8145 7230
6130 6217
6608 5740
8542 6858
6024 6349
6972 5629
8350 7525
6649 5833
5725 7032
8222 7790
7342 5514
5844 6865
8045 5185
6704 5927
8004 5328
8237 5250
8153 5398
7525 5686
7777 5678
6559 6625
7345 5987
8097 5569
7924 5688
8341 5575
7764 5912
8598 5291
8549 5537
7656 6255
6828 6961
8226 5855
7351 6627
6366 7581
7798 6288
7544 6532
8260 5995
7268 6808
8070 6267
8125 6312
7130 7222
8517 6030
7355 7154
7309 7293
8223 6571
7903 6878
8143 7036
8507 6787
8567 6598
7896 7535
8535 7348
8368 7609
8213 7731
8409 7833
1147732554 1778338741
1
sift 2188
31 37
70 69
9 12
74 97
72 80
13 16
88 105
94 102
21 23
164 164
120 90
40 36
169 202
235 229
46 35
198 215
113 114
48 44
227 232
232 250
54 42
249 260
122 121
53 45
248 277
310 301
52 61
243 267
141 173
59 56
283 329
373 382
63 55
320 305
180 212
67 68
312 357
386 426
66 73
372 429
193 228
77 92
417 417
437 425
81 89
377 421
239 230
76 109
392 461
415 488
89 95
368 442
276 313
103 108
393 496
451 479
100 111
381 435
337 278
110 118
408 503
433 517
121 120
440 466
358 415
127 133
426 516
464 523
129 145
448 506
353 486
138 139
470 510
504 565
132 155
473 537
400 395
136 157
512 547
524 574
156 143
496 542
442 519
153 159
537 572
518 586
145 170
513 590
462 501
159 161
640 533
585 564
148 203
550 597
479 515
170 186
566 676
573 600
171 197
549 652
472 530
178 195
590 672
562 613
157 224
618 640
475 556
177 206
654 717
605 656
191 196
625 730
503 625
143 283
754 679
628 643
186 207
648 791
531 620
196 198
717 884
673 705
214 182
699 807
552 610
211 208
715 901
675 751
172 266
770 864
570 624
182 256
816 795
751 703
204 236
633 1116
586 712
173 292
803 887
725 731
189 265
668 1069
642 694
222 226
795 964
731 799
245 210
929 841
584 801
218 233
865 926
780 805
212 239
863 967
608 759
224 234
900 929
796 917
225 249
895 984
719 701
221 253
932 972
778 938
209 286
940 953
724 1054
206 295
853 1172
792 1004
228 270
926 1017
880 905
295 213
883 1136
911 998
251 255
975 1003
834 990
258 251
1052 1058
874 1068
246 264
989 1146
997 962
195 340
1119 1041
1024 966
280 246
958 1261
1039 975
269 288
1110 1122
969 1035
287 268
923 1315
968 1063
271 296
1135 1194
1015 1019
261 311
1164 1097
977 1061
278 293
1174 1182
1001 1071
267 320
1149 1243
1021 1075
336 269
1136 1381
984 1175
216 403
1341 1073
905 1235
275 331
1111 1485
1026 1151
323 299
1152 1300
1104 1080
277 346
1118 1510
1127 1079
294 327
1087 1436
983 1258
302 325
1279 1320
1060 1190
322 322
1183 1394
1142 1105
311 337
1209 1440
1166 1096
315 326
1155 1457
917 1387
327 323
1255 1364
1092 1209
282 397
1206 1372
1483 941
332 347
1034 1834
998 1443
314 368
1333 1281
1059 1405
349 351
1244 1437
1138 1344
350 353
1403 1247
1077 1442
334 380
1185 1762
1218 1260
297 448
1289 1567
1189 1550
348 372
1524 1522
1175 1609
352 373
1395 1636
1257 1431
354 379
1537 1651
1325 1365
355 376
1518 1539
1259 1508
360 365
1521 1683
1449 1306
375 350
1746 1472
1400 1378
306 493
1720 1628
1332 1526
345 419
1505 1832
1393 1451
362 374
1480 1918
1535 1335
357 414
1639 1697
1433 1498
363 400
1749 1623
1311 1648
383 387
1509 1938
1552 1406
361 444
1714 1689
1265 1741
397 390
1457 2094
1508 1488
395 406
1458 2099
1303 1769
389 440
1593 1891
1318 1736
430 386
1818 1764
1424 1635
390 463
1628 1848
1605 1449
370 502
2020 1643
1455 1633
398 462
1388 2311
1351 1701
405 490
1940 1702
1647 1497
432 467
1550 2076
1436 1671
434 468
1646 2148
1549 1627
411 497
1623 2102
1768 1424
477 428
1729 2053
1743 1477
449 507
1779 2030
1862 1383
446 513
1736 2104
1663 1556
416 558
1745 2123
1636 1579
492 504
1859 1970
1459 1866
493 512
1849 2024
1488 1751
480 525
1718 2256
1691 1716
425 628
1735 2274
1561 1787
488 539
1852 2149
1635 1841
483 559
1595 2658
1470 2084
507 552
1802 2323
1722 1779
500 570
1942 2138
1447 2134
533 527
1758 2562
1717 1940
485 591
1868 2273
1710 1879
487 592
1685 2788
1811 1857
499 588
2500 1705
1640 2167
478 637
2329 2174
1661 2158
467 669
1759 2743
1788 2045
526 568
2165 2406
1795 2069
510 589
2251 2267
1765 2116
520 583
2351 2234
2068 1888
489 683
2323 2271
2033 1801
553 595
2297 2453
1747 2385
561 603
2270 2359
1741 2175
535 691
2426 2357
2140 1936
607 598
2249 2425
1950 1945
620 614
2318 2502
2160 1934
588 668
2364 2441
1866 2130
598 661
2290 2555
2054 2031
656 616
2075 2845
2136 1885
658 615
2650 2394
1968 2107
592 715
2164 2824
2005 2050
599 709
2346 2746
2050 2118
692 638
2922 2144
2163 2054
700 635
2688 2410
2158 2434
557 812
2009 3369
2233 2222
619 714
2372 2860
2254 2510
667 684
2444 2745
2375 2125
671 688
2380 2913
2131 2711
614 734
2060 3472
2113 2446
626 727
2715 2494
2435 2468
661 725
2284 3108
2331 2507
749 677
2464 2814
2410 2529
687 770
2436 2877
2312 2642
689 777
2516 2786
2449 2495
649 844
3427 2077
2383 2644
627 878
2692 2589
2595 2373
672 825
2275 3274
2421 2626
645 879
2664 2659
2227 3038
674 851
2670 2670
2382 2776
727 765
1799 4620
2446 2701
729 783
2453 2999
2341 2847
698 839
2460 2981
2428 2738
709 835
2447 3136
2422 2744
737 800
2527 3066
2952 2306
646 952
2742 2686
2581 2585
706 867
2588 3043
2639 2717
775 760
3098 2443
2065 3464
677 937
2726 2864
2689 2720
757 820
2659 2770
2272 3409
743 872
2732 2911
2244 3848
776 837
2824 2826
2554 2906
765 903
2665 3201
3083 2601
730 982
3125 2732
2544 3301
842 818
2229 4542
2633 3177
817 869
2956 3059
2610 3457
873 815
2942 3128
2953 3180
838 854
3355 2737
2867 3182
858 832
2739 3444
2762 3454
962 767
3240 2951
2823 3266
825 882
3305 2895
2879 3291
921 796
3193 3156
3049 3146
897 813
2785 3760
3064 3194
782 993
3134 3317
3013 3255
907 848
3556 2916
3277 2972
739 1107
3376 3224
2969 3422
878 881
3157 3582
3092 3375
768 1055
3181 3615
2980 3463
876 911
3314 3450
2871 3702
828 968
3081 3850
2963 3529
844 951
3660 3219
2898 3720
750 1128
3858 2990
3195 3254
1020 823
3017 4091
3150 3445
762 1124
3619 3278
3104 3545
832 1002
3819 3234
3523 3242
914 921
3559 3393
3163 3641
840 999
3527 3568
3292 3535
904 945
3263 3875
3232 3689
806 1056
3369 3755
3235 3683
877 1006
3073 4162
3974 2929
888 1001
3128 4214
2730 4550
884 1023
3915 3381
3341 3651
1031 925
3278 4160
3365 3761
903 1051
3436 4003
3401 3659
941 1018
2999 4773
3238 3946
804 1215
3551 3947
3411 3829
1003 987
3796 3759
3037 4425
908 1064
2965 4960
3286 4013
891 1098
3658 4010
3433 3910
916 1108
3624 3974
2707 5114
1173 916
3467 4264
3598 3901
890 1145
3116 4713
3387 4074
942 1104
3851 3858
3218 4374
882 1173
3406 4386
3755 3709
912 1133
3615 4154
3584 3948
1004 1057
3441 4377
3018 4727
1037 1033
3577 4262
3497 4080
928 1152
4490 3439
3159 4534
1053 1050
3830 4269
3473 4197
922 1186
3590 4351
3400 4204
961 1160
4054 4020
3805 3902
871 1299
2941 5684
3701 4028
964 1191
3440 5069
2931 5452
1322 874
3946 3965
3513 4260
978 1188
3560 4913
3916 3904
1083 1089
3173 5252
4266 3515
1143 1025
3820 4642
3586 4357
1193 992
3833 4183
3386 4482
1010 1187
3886 4530
3434 4670
985 1218
3952 4048
3450 4409
982 1222
4406 4051
4189 3859
1069 1140
4036 4007
3095 5160
1179 1036
2899 6946
3920 4248
930 1322
3607 4615
3486 4433
1071 1159
4060 4449
4412 4114
1078 1153
3971 4258
3735 4266
1038 1205
4138 4389
3977 4613
951 1330
3502 5072
3617 4444
988 1269
3997 4587
3897 4866
1163 1112
3905 4438
3297 5300
1068 1217
4018 4769
3918 4808
987 1311
3769 4799
3317 5411
979 1332
4040 4777
3904 4891
1107 1181
4339 4205
3719 4675
1132 1164
4234 4557
3485 5831
1055 1275
3677 5470
2945 6359
1208 1090
4232 4659
4290 4461
1076 1263
4044 4832
4152 4145
1081 1254
3774 5528
4016 4850
959 1447
5124 4004
3478 5329
993 1379
4168 4781
4438 4378
976 1409
4103 5044
3782 5191
1018 1361
4541 4509
4248 4796
1047 1319
4478 4570
3783 5338
1061 1293
3995 5447
4306 4743
1065 1302
4744 4527
4583 4234
1099 1255
4547 4708
4079 5080
1226 1110
4403 4911
4213 4624
1348 1013
4345 4991
4308 4856
1180 1192
4226 5219
3976 5036
1134 1251
4209 5264
4315 4873
1075 1358
4050 5552
4193 4792
1205 1155
3957 5708
3973 5575
1130 1266
4596 4936
4020 5088
1088 1342
3939 5878
4177 5204
1105 1336
4841 4694
4398 4565
1198 1221
4914 4614
4408 4994
1147 1280
4272 5399
4090 5010
1181 1277
6015 3993
4436 4992
1270 1166
4147 5604
4156 5109
1157 1338
4340 5467
4892 4533
1219 1239
5684 4193
4250 5037
1196 1285
4064 5889
4073 5547
1320 1143
4587 5281
3900 5778
1190 1307
4592 5475
4961 4507
1177 1362
5329 4559
4059 5540
944 1745
4392 5681
4773 4774
1337 1163
4437 5655
4549 5078
1145 1432
4749 5344
4704 5029
1167 1411
5183 4902
4710 4925
1158 1430
4580 5567
4068 5957
1271 1241
3959 6419
5138 4747
1051 1608
4884 5305
4283 5900
1299 1223
4089 6161
5000 4999
1176 1459
5320 4961
4803 5449
1093 1588
5682 4494
4391 5724
1203 1397
4927 5437
4869 5400
1169 1493
4951 5223
4762 5331
1223 1366
5141 5309
5086 5283
1295 1286
4065 6533
4852 5302
1411 1185
4292 6287
4682 5713
1217 1429
4606 5845
4800 5570
1397 1208
5177 5350
4751 5674
1195 1504
4721 5741
4449 5968
1352 1271
4456 6145
4462 6010
1350 1276
5573 4892
4949 5613
1248 1428
5057 5601
4501 6030
1220 1492
5411 5137
4477 6230
1261 1418
4671 6131
5321 5410
1267 1415
4178 6508
4855 5899
1215 1511
5054 5779
5432 5408
1331 1374
5457 5405
4634 6097
1197 1584
5567 5556
5219 5640
1139 1694
4563 6328
5225 5592
1309 1413
4608 6599
4794 6471
1235 1527
4630 6586
5215 5692
1241 1521
5164 6072
5361 5950
1200 1618
4188 7457
6144 4828
1146 1710
5058 6205
5258 6048
1251 1519
5628 5809
4694 6512
1313 1460
4514 7530
5890 5455
1291 1494
4493 7204
5181 6042
1406 1369
5748 6084
5339 6029
1346 1469
5370 6070
5937 5296
1356 1478
6400 5493
5266 6093
1416 1390
4610 7065
5002 6301
1376 1484
5485 6455
6975 4672
1482 1382
5343 6259
4432 7196
1540 1351
4551 8126
5184 6325
1269 1686
5702 5944
6530 4981
1263 1695
6002 6045
4632 7384
1534 1427
5693 6064
5850 5652
1398 1538
5857 6351
5139 6785
1806 1219
5655 6120
6333 5381
1515 1468
6100 6096
5403 6617
1277 1713
5758 6468
6480 5274
1375 1594
5887 6480
5878 6122
1401 1564
5875 6494
7315 4763
1439 1547
6106 6233
5672 6467
1382 1621
6360 6004
5895 5997
1543 1471
5807 6660
6577 5580
1702 1327
5028 7827
5255 6742
1438 1575
5108 7910
5950 6210
1474 1568
7196 5481
5278 6702
1801 1282
5170 7792
5897 6318
1323 1758
5501 7191
5705 6280
1473 1583
6396 6373
5944 6298
1453 1605
6063 6570
5575 6560
1420 1658
6226 6682
6903 5546
1345 1795
5364 7762
5593 6563
1387 1731
5688 7589
4992 7869
1362 1782
6119 6614
5651 6679
1374 1775
6491 6543
5671 6953
1445 1696
4760 8770
5209 7513
1556 1601
6034 7177
5426 7406
1490 1665
6253 6981
5743 6697
1396 1766
5794 7808
5659 7331
1675 1502
5265 8678
5630 7468
1394 1791
6866 6447
7963 5379
1427 1738
6392 6942
7183 5834
1497 1679
5263 8740
6659 6181
1404 1794
6802 6589
5909 7108
1391 1845
7160 6365
7053 5964
1614 1592
6467 7076
6259 6627
1606 1616
7587 6177
5864 7434
1527 1685
6830 6750
5828 7268
1381 1899
6552 7140
6374 6754
1630 1603
6504 7110
5981 7083
1344 1974
6541 7164
6454 6736
1843 1446
7047 6658
6212 6846
1479 1796
7255 6553
6079 7353
1575 1670
6481 7314
5586 8049
1669 1611
6452 7477
5765 7944
1494 1814
5571 8751
6191 7230
1557 1728
6123 8032
7168 6263
1568 1712
6233 7721
6956 6413
1293 2219
6599 7272
6003 7620
1330 2150
7641 6386
6095 7523
1464 1889
7710 6364
7092 6439
1429 1962
5943 8438
6299 7215
1430 1958
6566 7442
6322 7277
1517 1855
6823 7333
6376 7235
1522 1849
6930 7427
6254 7617
1688 1664
6539 7958
6090 7714
1629 1719
7406 7011
6720 7101
1569 1789
6806 7686
5921 8074
1586 1778
6639 8025
6981 6898
1329 2298
7565 7064
5877 8167
1402 2089
8270 6518
7030 6908
1610 1806
7037 7647
6945 6724
1655 1742
8480 6334
6277 7937
1612 1826
7962 6776
6217 7689
1643 1786
6831 8342
6628 7499
1471 2056
6920 7935
6292 7579
1762 1660
6661 8532
6809 7379
1619 1838
7433 7802
6288 7670
1520 2011
7984 7311
6607 7639
1529 1999
6951 8372
6509 7418
1855 1632
8536 6884
6148 8550
1706 1757
7621 7922
6932 7074
1536 2034
8140 7428
7157 7382
1676 1818
7447 8286
5892 8658
1732 1743
7691 8143
7665 6925
1699 1810
7659 8227
7259 6974
1618 1928
7892 8021
6840 7757
1830 1704
7297 8566
6241 8327
1678 1920
8333 7548
6571 8218
1709 1871
7637 8619
6913 7516
1632 2004
7787 8613
7323 7386
1708 1897
7929 8548
6104 8604
1966 1649
8340 8291
6490 8361
2360 1458
8085 8551
6614 8088
1538 2220
8279 8425
6695 8129
1673 2000
8082 8679
7684 7244
1769 1872
8056 8787
6730 8612
1516 2333
8262 8878
7226 8220
1695 2010
7298 8278
1789 1867
8163 8915
8035 7393
1571 2245
6905 8727
1914 1750
8157 7485
1712 2020
7026 8669
1274 3013
7204 8513
1713 2025
7689 8203
1744 1990
8156 7542
1684 2082
7671 8249
1975 1727
7521 8226
1703 2067
7089 8782
2043 1688
7410 8684
1570 2376
8321 8309
1742 2079
8072 8243
1760 2064
1908 1876
7375 8833
1693 2192
1627 2355
8053 8564
2042 1773
1615 2400
8213 8436
1939 1886
2081 1768
8598 8662
1573 2485
1730 2198
8565 8931
1787 2109
1766 2151
1958 1896
1776 2137
1782 2143
1679 2353
1869 2078
2565 1536
1895 2058
1896 2059
1905 2066
2076 1881
1844 2163
1772 2281
1964 2009
1794 2263
1960 2028
2308 1746
2025 1981
1904 2139
1945 2097
2101 1952
2092 1966
1890 2213
1853 2287
2306 1812
1921 2184
2189 1933
1785 2473
1899 2325
1937 2283
2179 2038
2116 2083
2161 2062
1926 2349
1979 2272
1919 2379
2230 2040
2197 2085
2168 2114
2052 2240
2129 2177
1948 2419
2226 2108
2031 2321
2014 2354
2038 2326
2037 2330
1592 3226
2030 2351
2486 1903
1982 2423
1947 2471
1998 2421
2063 2342
2011 2409
1876 2602
2078 2339
2040 2390
2222 2197
1893 2604
2150 2290
2102 2360
1923 2581
2084 2399
2190 2305
2046 2451
2069 2447
2027 2514
2138 2396
2223 2313
2200 2374
2118 2466
2057 2541
2288 2302
2077 2519
2104 2503
2232 2378
2702 1894
2445 2156
2269 2362
2134 2521
1920 2783
2396 2251
2336 2328
1991 2697
2266 2402
2683 1991
2330 2381
2246 2478
2363 2352
2462 2249
2248 2508
2340 2415
2840 1925
2398 2383
2597 2119
2112 2710
1922 3061
2225 2627
2086 2802
2017 2919
2103 2812
1989 3051
2032 2949
2470 2435
2985 1988
2361 2593
2124 2891
2217 2766
2253 2728
2345 2667
2024 3135
2202 2851
2121 2974
2521 2499
2001 3230
2386 2671
2322 2740
1910 3603
2114 3124
2097 3204
2473 2638
2287 2908
2048 3347
2170 3139
2215 3055
2401 2764
2082 3313
2296 2947
2711 2428
2299 2945
2463 2703
2545 2653
2142 3293
2563 2620
2439 2797
2199 3258
2681 2547
2348 3029
2836 2444
2441 2900
2538 2763
2313 3185
2727 2567
3168 2270
2905 2439
2303 3236
2467 2924
2434 3036
2241 3437
2404 3113
2130 3704
2502 2938
2480 3004
2455 3056
2289 3402
2285 3432
2547 2907
2509 2976
2354 3315
2812 2616
2984 2512
2417 3237
2498 3076
2579 2917
3204 2426
2668 2822
2062 4127
2327 3579
2499 3249
2698 2883
2577 3088
2601 3030
2526 3271
3271 2518
2528 3328
2319 3881
2779 2932
2731 3025
2662 3131
2737 3047
2679 3159
2832 2960
2503 3597
2703 3149
2954 2869
2687 3232
3071 2790
2748 3154
2990 2874
2916 2940
2543 3610
3119 2767
2620 3388
2566 3549
2572 3543
3160 2768
2334 4139
2661 3492
2684 3461
2876 3144
2865 3176
2722 3390
2860 3203
2822 3256
2795 3307
3105 2926
2657 3574
2740 3442
2915 3193
2781 3397
3338 2780
2826 3323
3038 3099
2513 4009
2805 3404
3225 2909
2643 3697
3679 2623
2489 4180
2930 3337
3020 3233
2765 3626
3319 2943
2645 3897
3145 3157
3237 3065
3048 3282
2691 3841
2861 3557
3569 2798
2833 3612
2981 3413
2788 3705
2492 4405
2975 3484
3122 3280
2862 3652
2599 4116
2844 3715
2911 3616
2936 3589
2768 3869
2634 4069
3080 3431
3047 3496
2920 3650
3043 3530
3357 3151
2888 3763
3030 3601
2872 3830
3120 3503
2830 3909
2902 3785
2970 3706
2957 3726
2946 3747
3241 3367
2993 3703
3267 3377
3056 3638
3126 3559
2947 3805
2909 3882
2943 3843
3322 3349
3539 3165
3806 2921
3027 3788
3247 3518
3261 3532
3239 3565
3542 3215
2842 4089
3622 3147
3469 3310
2897 4029
3425 3365
2873 4075
2629 4555
3087 3837
3068 3861
2987 3968
2893 4103
3148 3800
3176 3754
3573 3275
4415 2679
2932 4129
3276 3735
3583 3352
3511 3441
2874 4247
3177 3894
3720 3251
3308 3741
3283 3851
3057 4110
3380 3707
3214 3962
3016 4201
2806 4586
3702 3416
3216 4017
3217 4035
3310 3930
3132 4172
3736 3510
3605 3673
3716 3586
3635 3679
3428 3956
3462 3935
3268 4170
3003 4582
3303 4121
2917 4794
3244 4243
3364 4095
3564 3913
3067 4572
3180 4385
3140 4451
3274 4301
3826 3665
3935 3536
3689 3873
3504 4112
3025 4928
3228 4526
3483 4179
3537 4131
3430 4319
3699 4040
4033 3655
2885 5514
3007 5297
3533 4295
3788 4025
3282 4734
3413 4468
3508 4356
3549 4325
3704 4155
3562 4358
3691 4199
3362 4668
5135 3115
3591 4422
4633 3429
3255 5049
3448 4641
3859 4106
2875 5966
3169 5269
3198 5240
3975 3994
3296 5157
3781 4312
3764 4349
3458 4859
3674 4503
3643 4598
3798 4430
3827 4383
3579 4779
3520 4921
3653 4653
3867 4336
3585 4800
5122 3446
3750 4622
4039 4186
3629 4857
3304 5507
3944 4348
3989 4303
4081 4208
3715 4836
3647 4966
3815 4640
4274 4105
3659 5000
4159 4192
4069 4300
3524 5311
4221 4188
4659 3912
3326 5743
3790 4849
3547 5327
3487 5463
3606 5259
5051 3728
3848 4790
3394 5695
4746 3925
3932 4630
4154 4331
3772 4983
5114 3751
3793 5016
3875 4843
3943 4684
5016 3818
4174 4375
4275 4287
4663 4030
3874 4901
3682 5335
3366 5963
4057 4589
3994 4697
4383 4257
3809 5141
4453 4211
3506 5726
4173 4478
4795 4042
4555 4177
3746 5315
3892 5007
4043 4719
3937 4964
3253 6406
4169 4577
3964 4934
5367 3771
4074 4720
3956 4957
3953 4998
3745 5483
4207 4599
4764 4157
4120 4710
4324 4528
3614 5810
4112 4825
4289 4609
4577 4365
4683 4280
3967 5176
4316 4635
3771 5623
4758 4272
4314 4649
4214 4783
3999 5138
4093 4985
4565 4459
4286 4752
3998 5193
4304 4768
4288 4788
4009 5207
4052 5158
4516 4571
3857 5605
4092 5183
4797 4414
4857 4364
4416 4722
4158 5146
4411 4816
3628 6189
4087 5272
4576 4657
3599 6289
5173 4254
4409 4924
4095 5396
4876 4485
4361 5033
4281 5163
4427 5042
4328 5192
5110 4434
5130 4420
4218 5348
4468 5023
4458 5043
3931 5910
3850 6073
3849 6079
4790 4795
4303 5359
5296 4382
4322 5332
5992 3966
5332 4370
4389 5273
4334 5351
4446 5237
4175 5615
4621 5087
4104 5800
4048 5915
3578 7031
4442 5342
4381 5425
4523 5287
3490 7392
4277 5649
4110 5972
4640 5328
5059 4952
4727 5291
4212 5925
5206 4829
4928 5118
5226 4847
4863 5205
4920 5189
4485 5666
4650 5496
3895 6713
4828 5388
4668 5545
4902 5322
4854 5389
4475 5793
4642 5616
4655 5603
4616 5663
4666 5607
4648 5646
4670 5624
3877 6922
4818 5490
4916 5356
4200 6190
4970 5310
4433 5919
4943 5370
4850 5500
5285 5039
4731 5618
4681 5678
4481 5937
5249 5120
4080 6531
4600 5866
4674 5762
4813 5643
4686 5749
5504 4944
4851 5621
4819 5653
4469 6018
4363 6183
5551 4978
4375 6195
4775 5802
4714 5874
4077 6760
4629 6013
4190 6595
4344 6345
5550 5076
5093 5619
4109 6847
4400 6367
4935 5773
4789 5998
4217 6843
5099 5805
5770 5144
4724 6188
5004 5936
4644 6299
5707 5241
5284 5683
5221 5757
5755 5216
5472 5537
4242 7052
4866 6126
4969 6032
4602 6507
5353 5707
5204 5864
5440 5614
5391 5670
5341 5731
4528 6630
5233 5843
5347 5736
5497 5589
5414 5691
4947 6111
5088 6019
5142 5984
6220 4871
5150 5982
4423 6852
4922 6226
4559 6717
5097 6087
4599 6731
5756 5471
4373 7095
4870 6392
4898 6379
4809 6523
4078 7918
5860 5422
6035 5226
5222 6074
5070 6251
5287 6026
4673 6795
5369 6011
5163 6213
5228 6191
5259 6180
4729 6861
5319 6124
5646 5838
5046 6462
5615 5898
5648 5880
5191 6320
5458 6059
4348 7642
5516 6022
6054 5477
5894 5650
5585 6016
4864 6874
5185 6445
5813 5812
5467 6136
5435 6196
4752 7112
6092 5551
5336 6349
5286 6396
5514 6167
6928 4915
4990 6879
4843 7154
5880 5888
6173 5573
5448 6321
4718 7387
5187 6667
4628 7570
5323 6538
4975 6999
5217 6666
5384 6482
6168 5642
5442 6403
4923 7234
4966 7176
4756 7597
5443 6556
5120 7034
4801 7560
7607 4749
5277 6821
5832 6142
4656 7892
5574 6490
5300 6877
5617 6509
5691 6436
5845 6243
5378 6862
5188 7161
4626 8153
6309 5814
5372 6961
5640 6639
5297 7123
5871 6327
6097 6082
7421 5095
5587 6712
5325 7113
4625 8314
5606 6752
5512 6882
5227 7345
6445 5854
5419 7080
5599 6841
5840 6552
6352 6017
6042 6296
5995 6376
5908 6495
5986 6402
5791 6661
6468 5953
6302 6090
5213 7632
6048 6383
6651 5846
5676 6923
5683 6924
5621 7059
6001 6525
6011 6527
5804 6819
6853 5772
6372 6149
6017 6573
5910 6735
6040 6549
6198 6390
5543 7362
6986 5790
5736 7077
6836 5912
5865 6901
5546 7417
6548 6101
5979 6769
5624 7338
6027 6678
7332 5634
5423 7702
5954 6840
5666 7325
6184 6550
5798 7118
6948 5933
5568 7529
5622 7456
5532 7622
5079 8463
5471 7787
5960 6996
6897 6037
5576 7643
6427 6409
5959 7046
6388 6499
5642 7634
4894 8765
6482 6404
5933 7158
5644 7657
6231 6741
6758 6203
6201 6792
5859 7327
5681 7653
6083 6986
5757 7535
6080 6998
6214 6812
6416 6574
6310 6677
5803 7493
6147 6997
5596 7951
6382 6685
6223 6949
5925 7436
5824 7609
6524 6605
5816 7650
6018 7285
6175 7044
6687 6466
6285 6945
5535 8254
5594 8209
6401 6878
6686 6587
5477 8443
5781 7973
5839 7883
8529 5326
5970 7661
6393 7023
6346 7126
8173 5705
6528 6896
5063 8886
6343 7289
6328 7363
6815 6784
6895 6719
6024 7886
7124 6555
5583 8632
6408 7291
6140 7707
7300 6434
6351 7435
6407 7396
6466 7330
6353 7501
7258 6583
6398 7479
6115 8033
6075 8112
7507 6483
5990 8283
6377 7648
6757 7155
6862 7070
6492 7481
6157 8041
6440 7646
7154 6868
6129 8160
6289 7934
6968 7104
5969 8486
6958 7144
6470 7791
6266 8156
6464 7852
7094 7157
6138 8398
6985 7274
6721 7547
8022 6433
7173 7159
6444 8055
6798 7590
6238 8364
7105 7300
5761 8880
6498 8071
6817 7703
6305 8385
6559 8035
6608 7959
7095 7441
6529 8107
7238 7340
7370 7214
6569 8105
7096 7496
7250 7358
7821 6830
8066 6654
6818 7901
7771 6985
6704 8119
7211 7607
7063 7794
7172 7711
6344 8659
7423 7447
7248 7665
6713 8251
7457 7446
6640 8354
7050 7928
6701 8353
6949 8121
6522 8577
6684 8391
7331 7755
7076 8069
6606 8533
6792 8378
7120 8079
7322 7876
7862 7347
7608 7577
7016 8289
7851 7452
7676 7635
6810 8568
7634 7805
7666 7767
7289 8186
6674 8747
7583 8020
8211 7339
6754 8767
6876 8728
8126 7476
7314 8341
7222 8437
7013 8627
6658 8838
8362 7227
7304 8411
7395 8370
7632 8217
7703 8177
7857 8086
8352 7461
8129 7781
7480 8451
7269 8677
8171 7832
8042 7975
7966 8255
7896 8347
8179 8075
7647 8651
8190 8170
7819 8505
7203 8873
7459 8826
7993 8483
7903 8579
7273 8881
7777 8714
8548 7837
7392 8877
7683 8827
7814 8788
7961 8735
8097 8634
7353 8896
7361 8901
7276 8917
8354 8647
7489 8933
1147732554 2009681629
1
sift 62
5964 1138
4973 1221
76 240
177 432
211 371
145 411
224 360
327 489
212 434
345 509
314 562
311 688
334 682
649 1397
667 1239
626 1561
842 1831
1203 3050
1078 1873
961 2301
1497 3254
1430 3009
922 2455
1134 2322
1568 3231
1924 2846
1223 2198
1962 5685
1586 3737
2299 6057
1712 3944
3488 6430
1894 3624
2344 6322
2232 3676
3699 6688
2200 3791
2748 4942
3056 3348
4673 5392
2528 6626
2703 5317
2566 6163
4009 6889
2509 8085
2860 6099
3322 5845
3798 7938
3180 6615
3310 7616
3629 7393
4348 9196
3994 7907
3591 7785
3892 8009
4819 8183
3628 9344
3848 9502
4599 7929
5187 7419
5908 7916
6361 8796
