1339724796 1646429863
1
sift 2105
13 26
103 118
16 23
61 64
46 47
14 30
75 90
141 144
19 38
113 117
110 114
27 36
138 140
169 186
26 50
143 178
120 124
36 46
159 179
177 198
41 49
207 189
136 138
62 72
240 202
236 227
57 81
209 190
161 149
65 85
226 260
256 277
82 91
250 273
155 172
89 97
278 343
255 316
90 99
244 298
156 182
93 112
312 347
261 291
102 107
279 355
192 217
107 120
322 344
260 342
119 108
336 458
248 245
123 105
395 463
294 392
112 122
365 448
271 335
118 134
439 452
389 395
128 137
347 508
309 319
131 156
499 552
358 438
137 141
418 551
328 366
127 175
510 578
396 418
153 136
380 639
327 391
144 176
507 629
423 513
149 167
463 570
349 422
148 168
651 754
447 534
139 195
546 634
424 383
157 160
719 889
452 558
173 161
615 605
384 416
154 196
814 1124
458 563
170 187
585 656
392 420
171 191
809 1162
485 565
175 200
536 736
480 385
190 208
943 1084
534 632
182 225
611 859
362 525
183 231
1073 1099
558 664
193 235
639 891
432 490
189 246
986 1187
613 703
196 242
773 781
456 598
195 252
945 1404
590 798
230 222
698 929
482 636
217 247
1030 1332
646 772
233 234
784 840
533 660
208 265
1098 1351
708 834
203 275
901 874
476 784
198 304
1157 1364
691 866
210 287
829 1042
605 644
215 278
1297 1342
729 852
224 282
912 991
560 684
222 302
1352 1319
713 899
258 272
966 1071
644 681
237 312
1401 1467
687 1048
238 306
1017 1060
539 913
242 310
1418 1477
820 831
234 350
1051 1095
674 890
280 327
1290 1608
777 919
293 315
1057 1138
709 842
283 340
1329 1570
778 953
291 348
974 1273
735 983
335 309
1377 1592
745 1078
297 358
1179 1183
744 1104
277 390
1494 1576
922 917
285 386
1053 1371
927 918
264 398
1745 1495
892 969
314 367
1115 1276
783 1115
319 382
1334 2071
748 1190
265 451
1096 1302
956 915
329 389
1771 1553
965 990
300 424
1188 1274
948 945
310 426
1579 1791
938 1041
311 434
1249 1262
833 1143
351 361
1445 2030
954 1049
290 488
1023 1630
893 1119
331 421
1676 1741
990 1065
357 370
1338 1255
891 1130
304 477
1828 1682
1014 1160
315 472
1216 1465
886 1150
341 409
1692 1911
1025 1206
337 439
1376 1450
953 1182
345 423
1672 2005
994 1394
348 444
1348 1483
929 1194
350 464
1804 1923
1134 1204
385 413
1316 1534
942 1318
404 405
1664 2203
925 1499
367 466
1415 1489
968 1316
371 469
1999 1952
1074 1505
388 449
1398 1500
1015 1288
374 467
1830 2160
1220 1348
368 491
1482 1549
1158 1283
397 479
2550 1641
1250 1523
372 499
1435 1613
1323 1260
378 500
1840 2239
1471 1378
436 445
1647 1471
1055 1610
386 515
2123 1972
1278 1573
416 485
1586 1795
1205 1457
409 510
2028 2084
1234 1677
398 531
1989 1525
1246 1427
440 497
2108 2082
1497 1470
428 514
1667 1843
1257 1540
419 535
2113 2120
1332 1787
451 504
1929 1625
1265 1560
344 674
2059 2186
1280 2088
488 474
1659 1899
1340 1532
375 624
2010 2245
1463 1816
403 592
1691 1887
1229 1674
467 562
1957 2323
1631 1931
473 559
1556 2193
1313 1616
481 564
1979 2554
1578 2032
500 548
1652 2157
1196 1881
483 580
2005 2565
1724 2047
457 633
1937 1833
1485 1583
523 546
2372 2236
1861 1947
505 573
1636 2275
1344 1706
489 618
2002 2817
1720 2136
495 611
1763 2106
1380 1711
524 599
2125 2693
1723 2280
521 600
1794 2172
1460 1754
474 680
2423 2354
2048 1929
512 621
2015 2125
1630 1628
545 572
2253 2585
1722 2341
519 622
2058 2092
1644 1781
529 604
2156 2926
1785 2373
562 561
2295 1924
1591 1921
503 654
2374 2806
1751 2443
520 630
1807 2387
1538 2017
491 678
2267 2972
1909 2272
531 631
1897 2344
1645 1880
501 682
2384 2824
1949 2304
508 705
2076 2283
1582 2065
552 641
2581 2562
2238 2297
567 626
2300 2081
2216 1569
559 667
2321 3174
2331 2259
557 672
2396 2110
1868 1834
550 686
2759 2928
1928 2729
532 734
1908 2899
1783 2116
581 688
2816 2942
2018 2594
572 711
2061 2780
1687 2242
577 713
2801 3074
1969 2739
596 712
2173 2836
1805 2256
582 742
2695 3221
1960 2819
638 693
2096 2983
1818 2325
547 845
2815 3112
2190 2504
579 748
2293 2724
1907 2296
642 685
2687 3298
1847 3245
587 756
2404 2607
2137 2177
648 730
2830 3402
2288 2508
626 757
2937 2202
2234 2134
607 805
3093 3134
2338 2467
623 779
1827 3735
1986 2398
690 726
2987 3312
2054 2917
603 838
2392 2760
2060 2470
621 828
2991 3339
2167 2789
622 851
2714 2409
1940 2687
643 815
3229 3113
2182 2771
650 829
2503 2728
2278 2407
664 816
2840 3577
2314 2646
669 832
2494 2854
2195 2650
662 905
2750 3853
2416 2539
761 759
2511 3215
2056 2867
675 901
3271 3678
2316 2712
592 1080
2633 3053
2203 2969
737 791
3411 3574
2042 3337
718 843
2755 3081
2441 2669
654 961
2811 4423
2533 2538
633 1055
2146 4291
2344 2994
670 1021
3103 4048
2587 2635
684 1030
2992 2882
2424 2876
689 1026
3292 3894
2569 2756
717 962
3058 2888
2730 2596
767 870
3489 3846
2707 2642
666 1086
2921 3176
2514 2963
715 1033
3602 3773
2352 3327
750 973
2749 3442
2518 3088
763 946
3520 4470
2567 3225
909 782
3402 3104
2473 3180
806 925
4066 3782
2859 2918
794 940
3610 2940
2599 2978
802 939
3770 4139
2865 2933
686 1169
3269 3382
2691 2884
769 1039
3621 4569
2540 3466
788 1023
3473 3238
2705 2953
876 907
3843 4157
2720 3220
821 986
3219 3607
2649 3166
906 875
4143 3899
2671 3278
804 1027
3338 3517
2982 2947
815 1038
3773 4422
2853 3103
793 1064
3374 3534
2778 3185
920 914
4367 3780
2846 3167
1043 803
3032 3957
2607 3526
635 1433
3993 4149
2948 3163
812 1112
3531 3699
2810 3314
904 1004
3910 4491
3452 2731
760 1181
3083 4505
2939 3199
673 1423
4391 3952
2898 3265
874 1109
3265 4246
3173 3015
895 1082
4439 3980
2694 3549
907 1072
3541 4070
2924 3330
894 1094
3792 4867
3182 3218
826 1180
3649 3959
2875 3489
887 1125
4056 4416
3045 3475
903 1102
3449 4334
2971 3527
908 1098
3845 4818
3346 3246
775 1259
3490 4375
2594 4054
869 1152
4280 4240
3268 3350
926 1087
2824 5800
3203 3369
971 1054
4424 4075
3539 3211
900 1120
3470 4622
3074 3569
875 1158
4083 4464
3034 3750
933 1110
3765 4410
3041 3642
841 1219
3527 5591
3321 3576
921 1135
3923 4465
2965 3702
838 1241
4530 4305
2927 4019
959 1116
4248 4186
2879 3813
936 1140
3780 5383
3564 3514
898 1192
3888 4645
3331 3390
844 1258
4408 4714
2892 4359
915 1178
4249 4275
3197 3594
852 1257
4525 4666
3313 3874
924 1171
4017 4563
3013 3803
843 1281
4155 5201
3894 3480
975 1137
4284 4270
3102 3733
797 1393
3853 5654
3407 4034
817 1375
4048 5000
3334 3590
977 1144
4432 4922
2895 5372
1008 1126
4532 4512
3162 3792
930 1197
4768 4582
3160 5317
967 1166
4931 4221
3164 3816
984 1147
4433 4991
3526 4636
883 1287
3966 5405
2925 4187
923 1247
4668 4796
3744 4190
824 1453
4013 5581
3145 3888
972 1232
4911 4874
3740 4268
1171 1057
4383 5180
3413 3869
1010 1233
5664 4042
3687 4385
1007 1253
4562 5175
4052 3271
941 1363
4707 5073
3848 4163
1047 1213
5186 4541
3069 4521
1084 1191
4574 5424
3659 4790
1009 1298
5288 4441
3459 3863
1033 1265
4522 5492
4335 3890
1018 1305
4464 5490
3254 4322
1137 1174
4582 5443
3996 4335
1106 1201
4600 5440
3369 4112
1109 1205
5064 5015
3975 4396
1491 974
5293 4749
3710 3800
1037 1343
5434 4695
3115 6291
998 1418
4236 5988
3697 3826
1036 1388
5168 5065
4093 4590
1052 1369
4184 6125
4398 3679
1056 1357
4689 5665
3559 5621
1114 1275
6075 4177
3867 4243
1029 1444
4492 6055
4253 4468
1117 1301
4610 5657
3545 4959
859 1776
4983 5648
4055 4728
1116 1308
4734 5743
4505 3759
1136 1293
4665 5962
4153 4783
1129 1311
4297 6465
3917 4295
1077 1430
5003 5834
4554 4461
1131 1390
4856 5812
3594 5223
962 1668
5547 5216
4082 5007
1146 1392
4453 6436
3914 4511
1201 1309
4761 6143
3877 5325
1088 1459
5321 5371
4040 4387
1126 1411
4937 6127
4592 4415
1113 1424
5404 5398
3581 5332
1156 1409
4503 6828
3968 5336
1135 1431
4806 6176
3902 4738
1103 1461
5402 5555
4150 5115
1133 1438
4705 6574
3942 4673
1210 1359
5310 5883
4421 4822
1160 1441
5104 6058
3889 4931
1237 1346
5232 6073
4418 4930
1239 1345
5054 6159
4036 4772
1125 1486
4864 6755
3895 5674
1189 1412
4763 6646
3435 6112
1122 1497
5385 5898
4140 5327
1182 1434
4799 6609
4243 4688
1362 1268
5429 5968
4712 4766
1271 1391
5122 6458
4227 4896
1218 1425
5446 6078
4579 4967
1306 1354
5370 6040
4002 5203
1365 1336
4993 6917
4583 5075
934 2146
5546 5793
3648 6031
1192 1528
5397 6224
3912 5977
1202 1518
5657 5767
3907 5469
1247 1476
4736 7382
5113 4585
1139 1656
5573 5938
4299 4974
1293 1458
5205 6715
3911 6030
1224 1556
4829 7331
4291 5311
1099 1768
6057 5678
4631 5215
1295 1468
6244 5447
5636 3901
1267 1511
5620 6091
4100 5853
1285 1493
5600 6074
4558 5025
1149 1717
5118 7045
4157 5816
1275 1536
5360 6488
4111 5590
1191 1691
6299 5855
4888 5099
1163 1790
6091 5637
4552 5210
1379 1513
5648 6851
4832 5300
1215 1692
6212 5566
4041 5769
1527 1407
5595 6957
4969 5167
1330 1587
5576 6614
4176 5615
1062 2163
5659 6884
3900 6864
1368 1620
5575 6657
3925 5983
1315 1665
5214 7866
3928 6808
1400 1597
6150 6101
4349 5417
1245 1812
6211 6565
4109 6470
1230 1937
6890 5552
4698 5168
2041 1244
6043 6759
4240 6312
1356 1710
6481 5926
4451 5435
1322 1796
6312 6504
4918 5717
1354 1739
5537 7017
4482 5418
1451 1647
6289 6559
5729 4870
1395 1707
5554 7000
5129 4804
1487 1627
5536 7578
4833 5913
1462 1653
6231 6307
6058 3948
1259 1938
6228 6815
4774 6092
1407 1724
6945 5742
3864 6552
1256 1970
6462 6712
4587 6517
1384 1777
6603 6028
4555 5624
1345 1824
5835 7554
6542 4604
1597 1586
5829 6868
4767 5407
1394 1809
6262 7074
6108 4923
1436 1784
6168 6583
4183 6363
1469 1740
6033 7414
4974 6132
1559 1636
5961 6877
4981 5549
1286 2043
7179 6272
5144 5859
1326 1967
5601 7565
4892 5672
1438 1823
5472 8059
4138 7701
1637 1607
6511 6477
5650 4837
1544 1678
5912 7893
4909 6678
1480 1788
6730 6427
4415 6378
1534 1702
6286 7642
5099 6573
1605 1637
6436 6956
4561 6221
1357 1978
7116 6897
6142 5352
1606 1651
6967 6491
4800 5986
1393 1966
5706 8045
5230 6437
1504 1825
7492 6155
5091 5733
1466 1891
6056 7941
5117 6739
1762 1584
7632 6596
5585 5181
1584 1731
7262 7277
5418 6248
1508 1856
6736 7531
4985 5890
1513 1862
7077 7523
5217 6606
1530 1861
6933 7446
4681 6284
1533 1852
6636 7899
5653 6098
1541 1867
7483 6902
4634 6457
1405 2094
6914 7836
5430 6628
1525 1888
7714 6812
5348 5689
1294 2277
7357 7763
5136 7226
1542 1877
7007 7781
7487 4213
1522 1904
7652 7556
5011 7587
1639 1761
7345 7835
5131 6100
1284 2318
7514 7892
5618 6544
1642 1783
7411 7948
4717 6782
1617 1806
5661 6553
1524 1980
5086 6241
1686 1742
6332 5848
1856 1612
4670 6996
1628 1826
5489 6911
1520 1990
5324 5990
1465 2103
6808 5818
1623 1837
4445 7603
1479 2102
5297 7713
1711 1756
5303 6408
1519 2069
6148 6483
1592 1939
6667 5378
1604 1935
6023 6685
1408 2257
5341 6763
1574 2018
6763 5965
1655 1894
6014 5978
1567 2037
5836 7079
1588 2000
5213 7181
1611 1965
5496 7670
1603 1989
5328 7218
1367 2366
6817 6328
1575 2042
5638 6643
1708 1830
6305 6859
1726 1821
6432 5807
1554 2114
5498 7875
1409 2386
4376 8076
1663 2048
6409 6940
1737 1940
5092 7976
1419 2472
6860 6674
1769 1934
6159 6586
1657 2093
6549 7013
1576 2223
5790 7042
1813 1889
7245 6464
1624 2173
5728 7429
1706 2024
6584 7117
1710 2023
6066 7048
2143 1659
6795 7096
1820 1936
6463 6825
1699 2109
6320 7740
1568 2317
6485 6967
1705 2122
7414 6736
1817 1979
6162 7372
1721 2100
6313 7842
1677 2182
7711 5893
1599 2307
7123 7166
1698 2180
6431 7155
1590 2316
6562 7807
1768 2090
6784 7203
1834 2010
7490 8074
2040 1827
6545 7631
1826 2060
1700 2221
7132 7598
1753 2164
1831 2070
7433 7399
1904 1975
1854 2055
7052 7871
2006 1884
1889 2014
8016 7383
1848 2089
1877 2046
1583 2436
1885 2053
1758 2220
1841 2154
1718 2290
1780 2229
1975 1998
2284 1752
1775 2261
1798 2241
1707 2338
1797 2254
1917 2118
2046 1997
1454 3023
1668 2431
1832 2222
2092 1976
1947 2112
1643 2549
1896 2183
1748 2353
1951 2153
2373 1818
1884 2240
2085 2085
1784 2389
1987 2176
1922 2235
1956 2211
1858 2340
1888 2305
1978 2238
1952 2286
1801 2503
1871 2396
1893 2382
2007 2293
1810 2551
1912 2383
2072 2267
2329 2051
2118 2251
1944 2394
2065 2311
1992 2358
1911 2461
1997 2379
2068 2332
1872 2571
2039 2361
1882 2578
1767 2850
1950 2473
1965 2486
1932 2572
2152 2334
1735 2973
2132 2352
2062 2430
2050 2445
1998 2559
2355 2237
2025 2583
2175 2405
2160 2411
2022 2606
2106 2496
2075 2566
2170 2432
2098 2555
2093 2575
1968 2748
2624 2083
2055 2696
2033 2747
2221 2484
2004 2787
2026 2808
2126 2682
1914 3009
2235 2541
2185 2619
2218 2579
2224 2593
2104 2762
1934 3024
2124 2752
2162 2691
2155 2711
1930 3084
2297 2533
2066 2901
2368 2487
2214 2726
2615 2281
2559 2327
1985 3129
2077 3010
1967 3203
2961 2138
2310 2673
2250 2792
2128 2995
2255 2816
2340 2730
2237 2873
2502 2511
2009 3300
1839 3707
2387 2722
2410 2701
1938 3502
2364 2796
2290 2915
2243 2980
2347 2866
2637 2468
2249 3047
2291 3000
2515 2666
2436 2799
2341 2976
2272 3099
2385 2925
2226 3229
2679 2546
2526 2740
2266 3172
2463 2830
2512 2781
2186 3413
2406 3013
2420 2996
2698 2620
2652 2735
2449 3040
2942 2499
2672 2751
2510 2975
2866 2629
2646 2837
2275 3523
2530 3067
2260 3611
2901 2702
2583 3038
2688 2911
2499 3187
2480 3243
2768 2849
2676 2957
2724 2924
2139 3933
2756 2916
2397 3508
2728 2960
2522 3255
2731 2971
2585 3196
2644 3115
2545 3262
3030 2733
2586 3205
2483 3412
2666 3130
2481 3467
2603 3230
2427 3636
2762 3078
2693 3182
2440 3618
3057 2852
2704 3223
2861 3039
2836 3073
2618 3349
3223 2773
2764 3236
2710 3328
2737 3308
2946 3056
2631 3440
2760 3256
2675 3392
2825 3210
2628 3483
2641 3478
2868 3216
2757 3353
2854 3253
2869 3294
2917 3259
2881 3363
2949 3311
3133 3122
3024 3241
3004 3274
2747 3603
3322 3005
2923 3438
2970 3383
2736 3666
2936 3449
3078 3316
2933 3477
3011 3387
2841 3591
3052 3370
2986 3454
3091 3358
3170 3285
2625 3875
2873 3608
2889 3616
2650 3876
3129 3361
2754 3778
2974 3542
3146 3366
3165 3355
3107 3416
3264 3267
3266 3305
3249 3326
2864 3712
3118 3460
2994 3597
2588 4171
2995 3598
2802 3809
2692 3974
2665 4032
2918 3719
3510 3138
2834 3825
3136 3585
3353 3362
3343 3378
3259 3484
3008 3708
3061 3686
3002 3725
2888 3866
3087 3681
2954 3798
3363 3422
3090 3692
3187 3617
3128 3660
3174 3658
3031 3787
3095 3739
3310 3558
3238 3644
3244 3645
2848 4089
3354 3546
3117 3789
3431 3510
3112 3808
3198 3748
3722 3202
3294 3659
3211 3749
2905 4147
3001 3969
4134 2906
3035 3983
3026 4039
3455 3588
3367 3685
3110 3949
3507 3570
2752 4681
2920 4312
2998 4173
3193 3887
3547 3554
3288 3805
3194 3934
3506 3637
3593 3561
3385 3756
3253 3892
3330 3806
3257 3910
2799 4800
3121 4151
3631 3580
3342 3856
2871 4713
3736 3496
3183 4136
3381 3841
3356 3870
3080 4341
3278 4008
3204 4169
3050 4459
3263 4126
3396 3936
4390 3090
3318 4080
3157 4390
3638 3738
3445 3928
3306 4167
3551 3819
3282 4254
3565 3838
3304 4256
3469 3962
3713 3720
3027 4898
3692 3770
3368 4262
3729 3760
4116 3436
3184 4643
2953 5131
3609 3904
3352 4326
3325 4369
2780 5497
3392 4280
3537 4044
3633 3923
3421 4249
3478 4212
3360 4429
3475 4230
3464 4244
3250 4721
3568 4138
5047 3030
4613 3254
3446 4364
3460 4357
3380 4547
3391 4520
3612 4123
3600 4154
3441 4413
3635 4111
3417 4557
3618 4207
3657 4166
2547 6866
3493 4456
3752 4004
3660 4185
3433 4618
3707 4122
3754 4033
3422 4654
3790 3970
3504 4533
3424 4670
3698 4161
3810 3963
3637 4313
3448 4702
3589 4466
3286 5126
2847 6024
3457 4760
3437 4836
3622 4478
3502 4758
3714 4327
3784 4176
4008 3908
3536 4776
3560 4710
3717 4365
3533 4791
3453 4934
3868 4098
3517 4846
3270 5347
3797 4233
3426 5022
3678 4588
3614 4751
4766 3567
3667 4634
3642 4770
3676 4663
3387 5306
3904 4242
3761 4488
3553 5006
3700 4700
3430 5307
3818 4477
4276 3950
3798 4558
3723 4752
3821 4531
3830 4536
4448 3842
3679 4902
3425 5388
3804 4609
3715 4862
3630 5072
3970 4355
3496 5345
4225 4093
3991 4362
4129 4247
3908 4577
3827 4757
3899 4619
4088 4344
3872 4690
3880 4686
4811 3794
3887 4696
3903 4698
3505 5536
3905 4736
3763 5064
3737 5155
4195 4406
3885 4863
4086 4586
3935 4825
4311 4349
3984 4802
3806 5119
3546 5677
4072 4691
4018 4827
4087 4684
3886 5059
4047 4855
3608 5696
3930 5081
3728 5488
4224 4706
4212 4742
3951 5101
4258 4722
4414 4549
3791 5421
3937 5196
4263 4816
4189 4914
4032 5134
4091 5067
4676 4381
3957 5288
4000 5263
4341 4781
4822 4310
3927 5338
4540 4613
3953 5328
3855 5527
4343 4895
3921 5431
3954 5392
4234 5086
4271 5040
3982 5385
3742 5866
4427 4885
3995 5415
4229 5144
3990 5425
3839 5686
4223 5172
3875 5609
4241 5162
4749 4579
3625 6361
4160 5289
5457 3932
4601 4797
4764 4668
4163 5363
3819 5888
4607 4892
4541 4978
4315 5245
4405 5121
4089 5478
4520 5017
3812 5974
4504 5048
3992 5646
4647 4891
4115 5468
4136 5485
4662 4903
4494 5118
4435 5176
4560 5061
3782 6212
3576 6999
4483 5257
4250 5518
3776 6383
4711 5042
4506 5290
4501 5308
4210 5649
4805 5036
5016 4832
4259 5601
3986 5981
4246 5626
4037 5902
5282 4496
5027 4888
4450 5464
4715 5250
4384 5571
4538 5427
4004 6208
4095 6045
4590 5454
4314 5759
4407 5651
4550 5534
4556 5521
4527 5580
4507 5594
4659 5420
4917 5249
4443 5666
4748 5357
4502 5632
4870 5313
4563 5584
4319 5843
4442 5756
4872 5356
5237 4936
4489 5739
4551 5684
4573 5662
4795 5432
4438 5829
4481 5799
5172 5094
4322 6034
5249 5005
4526 5796
4513 5808
4807 5511
4332 6039
4686 5600
4826 5494
4620 5712
3959 6801
4298 6183
5655 4612
4218 6355
4344 6118
4820 5574
4357 6117
4741 5658
4695 5694
4523 5919
3807 7400
4368 6173
4951 5514
4904 5589
5183 5292
4608 5886
4788 5748
4159 6703
4733 5787
6576 4158
4936 5625
4586 6016
4865 5718
4108 6824
4641 5947
4306 6550
5235 5344
4393 6407
4256 6731
4663 6009
5785 4812
4105 6989
5006 5715
4564 6263
4639 6119
4963 5755
5257 5393
4336 6626
4652 6163
4824 5954
4313 6758
5300 5396
4731 6080
4803 6025
4899 5908
5155 5588
4855 5967
5581 5143
4655 6222
4798 6068
4168 7125
4967 5868
4514 6530
4885 6007
4960 5915
4658 6280
6247 4641
4818 6147
4789 6193
4725 6259
4692 6289
5222 5608
4928 6063
4750 6326
5005 6000
5195 5735
6055 4941
5108 5880
4626 6593
4688 6512
4953 6167
5307 5655
5363 5603
5152 5875
4965 6237
4831 6443
5312 5730
5492 5526
4721 6602
4930 6351
5448 5604
5126 6035
4843 6526
4745 6672
4878 6498
5764 5354
4356 7367
4972 6398
5209 5980
5080 6211
4836 6656
5040 6299
5097 6228
4498 7220
4760 6773
5059 6303
4995 6466
4905 6625
5014 6431
5269 5975
5174 6130
4897 6689
4987 6577
5188 6196
5196 6202
4997 6594
5742 5548
5354 6023
5053 6584
6717 4929
5116 6481
5377 6064
4913 6898
5276 6261
5416 6054
5201 6397
5652 5751
5921 5539
5185 6444
5359 6179
4597 7493
5211 6413
4883 7081
5225 6429
4869 7122
5157 6590
4553 7664
5289 6370
4808 7276
4977 7024
6703 5140
5176 6642
5060 6860
5315 6394
5207 6651
4743 7478
5180 6716
5983 5692
5012 7143
4868 7536
4932 7443
5901 5870
5748 6027
5246 6817
5220 6872
5445 6521
5877 5936
5156 7072
5422 6619
4956 7555
5885 6005
5463 6604
5318 6887
5955 6020
5602 6439
5192 7168
4742 7856
5499 6644
5724 6282
5384 6850
5425 6795
5331 6968
4606 7996
5578 6548
5372 6891
5352 6961
5960 6106
5459 6805
5864 6242
5465 6803
5089 7549
5746 6382
6417 5745
5695 6453
6174 5935
5768 6386
5031 7702
5395 7011
5682 6531
6343 5842
5697 6537
5612 6687
5813 6396
6447 5782
5479 6920
5046 7746
5621 6700
5615 6719
5171 7527
5393 7136
5721 6627
5449 7082
5669 6706
5594 6821
5628 6764
5261 7447
5517 6965
5271 7462
5473 7083
5461 7108
5454 7128
5861 6525
6022 6329
5671 6756
5236 7560
5887 6519
5308 7438
6572 5871
5513 7132
5105 7829
6520 5953
5910 6697
4971 8007
5777 6831
5229 7765
5963 6655
6982 5726
5469 7378
5506 7320
5290 7677
5584 7185
5876 6804
6220 6401
6700 5961
6144 6518
5920 6810
5924 6819
5488 7506
5414 7615
5639 7208
5483 7539
5534 7463
5723 7144
5852 6985
5281 7827
5816 7121
6692 6188
5603 7470
5610 7444
5609 7464
6858 6065
6081 6830
5709 7333
6449 6473
5968 7034
5927 7156
5938 7148
6226 6785
6052 6997
6184 6842
6287 6765
5933 7224
5283 7993
6062 7068
6639 6480
5943 7286
6126 7039
6264 6896
6167 6998
5743 7593
5940 7380
5867 7491
6706 6563
5950 7455
5665 7776
6535 6792
5757 7688
6806 6549
5794 7678
6317 7071
6345 7032
6633 6762
6376 7008
6256 7188
6093 7389
6240 7241
5715 7808
6116 7391
6129 7393
6197 7323
6776 6735
6435 7073
6072 7512
6426 7094
5870 7761
6761 6771
5984 7653
5347 8058
6260 7341
5792 7822
6241 7405
6315 7308
6839 6783
5967 7783
6565 7150
6903 6791
6989 6742
6139 7620
6004 7775
6340 7412
5991 7800
6156 7633
6357 7419
5845 7904
5809 7936
6684 7145
7553 6269
6369 7511
6754 7109
6249 7639
6234 7667
6943 6944
7218 6728
6469 7492
5905 7946
6940 7053
6079 7853
6586 7453
6605 7480
6643 7431
6641 7504
5866 8026
5925 8010
6782 7366
6628 7552
6225 7878
7205 7012
6487 7764
6800 7514
7113 7212
6224 7953
6398 7850
7161 7307
7025 7485
6570 7862
6229 8019
7430 7137
6807 7760
7076 7561
6671 7857
7021 7627
7567 7076
6788 7838
6829 7814
7307 7458
6775 7855
7302 7489
6908 7830
7377 7497
6616 8004
7547 7449
7349 7638
7818 7124
7559 7513
7937 7116
7256 7913
7462 7834
7849 7582
7819 7625
6917 8056
7484 7931
7198 8040
7165 8044
7959 7730
7852 7957
7896 7992
8023 8077
1339724796 1735922398
1
sift 64
7522 2107
214 392
2652 3840
446 881
280 530
314 541
4647 7773
483 947
388 567
379 721
628 1265
600 1094
669 1519
916 1814
812 1888
887 1991
931 1966
875 2633
906 2280
1394 3272
1037 2406
1627 3123
1480 3727
1576 3322
1534 3648
1657 3970
1525 4086
1698 3915
1922 3367
1668 4252
1669 4313
1799 3993
1718 4689
1884 4407
1882 5134
1896 4680
1944 4853
2039 5599
1998 4724
1950 4954
2449 5399
1930 5850
2093 5514
2228 6595
2559 4311
2255 6003
2864 7093
2764 6160
2586 7129
3453 5979
2954 7203
3339 6281
2974 7534
2936 7740
3354 6503
3198 7063
3060 7783
3472 6806
3174 7847
3445 7412
3569 7343
3392 7976
3318 8095
3506 7782
1339724796 1738048405
1
sift 75
1441 510
91 54
325 195
1760 531
409 227
440 257
2377 1132
552 265
524 340
3175 978
526 371
531 384
4421 2591
727 522
1330 689
4418 3503
1161 990
1706 814
7497 2806
1386 1004
1237 1104
5399 4332
1544 1082
1420 1172
1642 1125
1306 1353
1571 1362
1945 1193
2174 1239
2728 1461
3187 1355
2752 1583
2545 1989
4057 1473
3723 1705
3536 1896
3134 2095
3361 1991
3667 2163
3500 2468
2961 3543
4512 2966
4885 2827
5455 2740
4081 3553
4997 3051
5315 2894
5389 2927
4538 3545
4722 3533
4639 3602
6728 2862
6093 3127
6126 3149
7343 2848
4718 4185
6028 3505
5090 4391
7053 3561
5864 3938
7625 3383
5930 3934
6853 3656
7327 3834
7720 3760
5458 4994
6548 4635
7370 4361
7758 4419
5621 5684
7933 4363
6467 5352
5963 5748
7775 5466
6595 7729
1339724796 1923562747
1
sift 899
395 455
256 299
0 5
36 63
32 56
14 43
1157 1643
447 781
34 47
61 73
26 65
62 77
1329 1384
1014 1344
89 87
123 133
98 107
153 125
1495 1920
1724 2352
93 128
118 163
112 152
137 154
1676 2080
2238 2384
128 166
244 300
136 165
149 180
1629 2173
2389 3263
148 183
238 345
178 144
139 261
1830 3063
2518 3813
173 174
279 422
155 209
171 205
2232 4220
2846 3341
156 243
288 462
201 212
163 213
3489 5249
2853 3425
170 216
347 427
192 246
190 200
3774 5271
3173 3277
182 256
350 541
271 353
195 268
3780 6771
3182 3521
183 290
418 675
283 361
193 314
4433 5669
2694 4365
196 319
545 547
328 405
208 311
3910 7323
3042 4567
215 308
437 764
274 545
217 318
4911 5858
4194 5336
224 309
546 624
338 463
237 381
4574 6539
3975 5999
293 333
615 645
392 367
245 437
4367 7312
4683 6750
280 369
611 935
311 564
292 385
4937 6847
6542 4961
314 389
623 965
345 471
291 440
4665 8109
4774 7425
277 509
626 975
315 633
297 499
5446 7348
5836 8118
341 507
784 891
349 666
310 608
6121 6424
6305 7919
388 441
698 1168
451 519
367 526
5620 7266
6409 7906
379 558
912 966
443 555
457 484
5429 8024
374 619
686 1442
432 629
446 573
6505 8430
428 625
1051 923
489 598
473 686
7640 8290
495 667
966 1042
533 720
481 705
519 623
1057 1118
605 636
483 724
562 604
967 1409
567 725
524 665
716 498
1007 1372
560 811
531 673
520 737
1249 1227
536 925
512 750
474 987
1096 1675
556 956
638 662
557 774
1046 1791
539 1109
508 899
581 788
1053 1961
596 984
532 927
595 798
1376 1508
664 981
603 802
577 855
1316 1596
674 1102
582 874
602 842
1415 1569
715 1255
628 826
760 738
1216 1800
948 1003
617 964
643 967
1151 2013
783 1253
621 1028
690 909
1349 1684
891 1336
580 1194
675 1026
1398 1786
907 1302
767 904
669 1081
1315 1948
933 1333
761 918
655 1164
1686 1854
833 1603
663 1161
750 1071
1586 2172
953 1373
717 1234
868 1041
1667 2165
942 1708
775 1190
804 1332
1691 2130
1015 1598
895 1171
909 1205
1613 2479
972 1715
869 1311
908 1229
2015 2011
1158 1420
906 1272
841 1424
2295 1852
1133 1492
857 1399
903 1315
2281 1884
1131 1641
915 1312
847 1449
1937 2238
1205 1612
812 1565
894 1371
1652 2891
1257 1702
1008 1170
875 1476
1807 2947
1246 1784
887 1445
874 1518
1904 2855
1340 1705
1004 1284
923 1444
2175 2784
1192 2076
1016 1303
930 1537
1955 3164
1265 2000
1137 1156
815 1825
2153 2834
1313 1965
936 1599
898 1694
2392 2669
1470 1834
1010 1570
1009 1583
2106 3150
1196 2475
883 1904
1047 1604
2279 3026
1466 2283
1018 1662
1293 1211
2173 3337
1522 2280
1191 1361
1033 1648
2217 3402
1584 2229
1203 1352
1037 1654
2643 2846
1645 2264
1271 1297
1189 1416
2055 3958
1611 2453
1136 1510
1210 1477
2714 2807
1826 2221
1056 1798
1156 1646
2768 3209
1783 2307
1295 1613
1366 1544
2511 3658
1868 2379
1285 1664
1202 1813
3058 3086
2137 2277
1160 1947
1113 2044
2633 3602
1775 2747
1139 2091
1356 1727
2755 3460
1805 2782
1236 1956
1224 2046
2922 3396
1818 2820
1182 2184
1267 1980
2556 4106
1863 2999
1368 1812
1245 2048
3269 3734
2278 2459
1484 1788
1215 2240
2692 4951
2060 3011
1354 1960
1345 1981
3118 4274
1986 3184
1400 2064
1286 2260
2997 4964
1940 3462
1326 2231
1379 2187
3402 4292
1852 3796
1322 2324
1607 1944
3219 4692
2336 2939
1469 2217
1544 2098
3121 5405
1992 3586
1394 2340
1480 2253
3470 5552
2009 3561
1767 1853
6906 835
3660 5556
2104 3471
1508 2251
1769 1893
3548 5838
2056 3764
1407 2456
1668 2034
3449 6311
2688 2814
1711 1968
1623 2122
4248 4845
2033 4098
1530 2276
1617 2133
3758 5696
2679 3103
1541 2268
1405 2539
3888 5485
2424 3578
1525 2359
1357 2705
3966 5573
2691 3360
1576 2362
1702 2153
4284 5375
2446 3778
1708 2203
1574 2444
3880 6131
2649 3445
1699 2270
1603 2482
3904 6113
2600 3938
1677 2392
1803 2250
3930 6296
2924 3531
1698 2398
1851 2234
4532 5527
3203 3540
1590 2746
1663 2592
3923 6634
3334 3409
1657 2609
1831 2409
4212 6177
2705 4438
2128 2132
1768 2530
4562 6035
2607 4774
1479 3392
1813 2480
4464 6389
2879 4226
1721 2668
1799 2575
5321 5596
3360 3642
1801 2617
1700 2823
4766 6382
3024 4036
2092 2298
1718 2785
5546 5530
2917 4199
1693 2869
1834 2590
4540 7096
2942 4222
1841 2660
1855 2637
4297 8315
2771 4606
1800 2828
1858 2711
5576 6268
2971 4401
1707 3075
1784 2909
4856 7781
3710 3493
1682 3193
1889 2684
5657 6429
3026 4736
1896 2717
1922 2728
4610 8432
3041 4787
1789 3065
1884 2825
5742 6562
3249 4502
1950 2707
1882 2845
6730 5828
2965 5116
1869 2940
1952 2766
5102 8062
3264 4519
2072 2628
2073 2693
5122 8206
3204 4641
2080 2689
1985 2832
4843 8496
3050 5126
2046 2769
1997 2837
5196 8101
3164 4926
2132 2712
1998 2984
5104 8471
3459 4335
2155 2791
2039 3016
5960 7523
3381 4536
1893 3304
2284 2650
6944 6493
4398 3610
2075 2996
1857 3515
6976 7023
3069 5658
1944 3267
1978 3216
5575 8532
3413 5049
2347 2644
2050 3136
7113 7892
3162 5724
2559 2425
2091 3098
7481 8544
3369 5450
2066 3187
2093 3162
3816 4505
1888 3624
2245 2949
3948 4406
2229 3002
2022 3421
3422 5570
2118 3321
2160 3240
3917 4658
2340 2985
2310 3034
3581 5490
2135 3359
2126 3404
3867 5140
2026 3590
2174 3311
3902 5159
2652 2583
2368 3064
4299 4929
2297 3249
2355 3261
4329 5103
2249 3495
2224 3606
3837 5811
2215 3645
2512 3133
3728 6467
2698 2852
2410 3386
4438 5471
2159 3876
2387 3463
4036 6017
2510 3207
1968 4414
3859 6788
2255 3750
2348 3632
4698 5535
2610 3135
2385 3595
4482 5893
2901 2878
2646 3185
4002 6651
2406 3741
2200 4276
4427 5988
2266 4204
2762 3279
4250 6326
2515 3703
2077 5080
4111 6779
2436 3903
3129 2981
4041 6981
2449 3949
2760 3448
4659 5964
2585 3721
2637 3657
4561 6168
3011 3182
2124 5185
3942 7278
2463 4104
2641 3745
4291 6622
2666 3710
2535 4037
5348 5350
2545 4032
2676 3864
4322 6760
2538 4169
2756 3820
4648 6246
2675 3931
2866 3720
4788 6171
2603 4171
2618 4198
4580 6441
3248 3429
2764 4088
4451 6700
2861 3956
2522 4700
4349 6928
2704 4245
2864 3976
4504 6812
2650 4391
3190 3639
4573 6742
2868 4206
2906 4162
5129 5969
2544 5093
2628 4843
4982 6205
3001 4142
2923 4281
5020 6304
3133 3965
3107 4005
5235 6030
2873 4394
3354 3732
4892 6565
2974 4214
2949 4273
4578 7092
3060 4229
2954 4382
4871 6654
2936 4480
2739 5115
4985 6513
2994 4471
2710 5188
5636 5649
3632 3652
2797 5033
4767 6861
3259 4144
2933 4768
4514 7366
2841 5072
3095 4526
4765 6996
2888 5051
2754 5425
4552 7440
2850 5213
3187 4518
4981 6780
3310 4302
3057 4823
5304 6281
2986 4984
2848 5343
5007 6937
3288 4448
3035 5111
5055 6877
3243 4643
3170 4805
5269 6555
2825 5580
2856 5508
4800 7526
3112 5019
3003 5262
4963 7280
3263 4699
3304 4634
4634 7859
3198 4950
3193 4983
5341 6736
3068 5332
3318 4764
5901 6108
3547 4415
3445 4616
5278 7265
2786 6109
3426 4799
5467 6930
3342 5048
3593 4520
5131 7880
3507 4688
3110 5571
4869 8350
3031 5745
3754 4275
5324 7513
3633 4560
3478 4878
5303 7688
3174 5589
3883 4189
5222 7923
2673 7129
3253 5630
5174 8028
3257 5644
2998 6193
5667 7043
3569 5070
3713 4698
5087 8238
3380 5498
3278 5734
4670 8541
3609 5108
3389 5558
5445 7794
3698 4928
3464 5434
6600 6502
3546 5334
3589 5260
7147 6387
3472 5517
3600 5299
6144 7955
3821 4804
3448 5692
5886 8362
3275 6127
3676 5296
6241 8115
3715 5242
3637 5537
7429 7145
3657 5554
3183 6739
6736 8179
3619 5716
3392 6220
6291 8510
3678 5624
3433 6194
6870 8538
3446 6173
4224 4711
3475 6186
3762 5526
3750 5579
3797 5470
3798 5491
4086 5047
3251 7067
3622 6025
4311 4827
3935 5389
3818 5714
4636 4636
3506 6648
3784 5954
3700 6210
3536 6795
3607 6572
4840 4654
5457 4111
3576 6884
3737 6367
4263 5539
5027 4651
3984 5908
4018 5857
3887 6090
4647 5203
5116 4689
3496 7529
4897 5024
4820 5180
3614 7300
3937 6342
3927 6363
3957 6358
4260 6054
3615 7775
4241 6135
4091 6366
4527 5920
4601 5814
4758 5697
4302 6262
4087 6734
4033 6898
3630 8251
4501 6124
4507 6130
4089 6858
4526 6228
4037 7083
4341 6463
3995 7290
3850 7720
4315 6684
5172 5582
4541 6340
3985 7447
4442 6494
4474 6452
4088 7189
4332 6727
4384 6652
4895 6016
4211 7070
4362 6854
4298 7040
3982 7763
4483 6737
4733 6464
3776 8464
4368 7151
4741 6589
5029 6214
4865 6484
4189 7719
4131 7837
6022 5219
3875 8401
4234 7670
3921 8308
4443 7297
4489 7225
4889 6607
4906 6627
4163 7982
4104 8077
4607 7134
4523 7401
4695 7051
5257 6197
4716 7069
4796 7031
4513 7536
4435 7907
4300 8171
5014 6906
4635 7525
5347 6331
5080 6820
4658 7542
4663 7584
4702 7544
5290 6570
4319 8334
5363 6505
5005 7301
6055 5833
4743 7991
4967 7697
4960 7854
4692 8250
4795 8167
5059 7751
5414 7038
6458 5939
5359 7272
5194 7731
5690 6867
6417 6115
4928 8372
6469 6134
5315 7683
5199 7956
5308 7761
5492 7449
4972 8414
5211 8044
5968 6784
6174 6592
5551 7485
5454 7717
5852 7102
5384 7934
5506 7672
5768 7339
5846 7274
5602 7666
5071 8490
5473 7973
5246 8356
6324 6808
6800 6606
6449 7098
6021 7669
5777 8031
5395 8485
5603 8421
5564 8459
6806 7340
6004 8305
6445 7870
6345 8126
7500 7000
6335 8275
6959 8260
7467 8369
7870 8454
8004 8231
