1425359813 1778338741
1
sift 342
4449 6556
15 12
167 260
59 93
60 67
83 102
173 267
82 121
86 123
111 107
152 357
117 228
98 120
151 133
169 324
120 229
113 280
126 235
213 345
157 211
145 205
174 230
205 421
148 332
204 226
210 326
229 516
194 415
223 414
258 362
335 510
235 426
266 347
269 390
336 717
307 389
284 406
321 364
467 1136
241 530
351 370
323 395
523 967
289 480
315 483
278 519
507 1457
337 425
332 525
273 586
780 1364
325 523
474 511
316 555
821 1522
297 620
368 683
399 501
953 1683
369 574
430 570
434 583
1144 1918
410 701
477 595
415 713
1390 1765
482 694
495 603
462 751
921 3893
497 705
662 661
613 656
1313 2388
524 799
647 855
618 805
1436 2406
530 1019
705 823
570 1068
1408 2787
606 990
592 1145
672 998
1503 2982
685 1035
750 1173
700 1063
1888 2440
666 1175
791 1181
755 1151
1363 6599
788 1365
825 1140
656 1713
2018 3444
1014 1105
786 1325
892 1164
1818 4058
838 1451
955 1162
1052 1096
1776 4262
884 1498
816 1569
975 1374
2262 3085
1140 1633
859 1696
1143 1178
2471 3759
1169 1627
905 1782
1082 1566
2124 5391
1188 1635
1067 1615
1034 1710
2304 4769
1018 2166
1228 1418
980 2056
2296 4808
1469 1378
1099 1814
1141 1856
2424 4672
1161 1940
1275 1712
1269 1717
2770 4167
1138 2158
1210 1899
1295 1779
2682 4530
1071 2635
1444 1660
1365 1786
2568 4991
1243 2300
1451 1757
1328 2025
2596 4911
1549 1841
1152 2602
1253 2283
3114 4781
1569 2479
1427 2243
1339 2795
2966 5406
1506 2644
1322 3135
1450 2697
3810 4048
1421 2847
1811 2310
1642 2495
2673 6287
1897 2051
1442 3249
1546 2711
3189 5219
1492 3301
1861 2279
1608 2884
2821 6130
1716 2906
1796 2566
1480 3784
3313 5601
1913 2626
1625 3236
1806 2802
2959 6494
1824 2776
2113 2362
1756 3056
3129 6205
2102 2701
1995 2643
1856 2938
3463 6030
1813 3535
1651 3897
2052 2972
3976 6084
2004 3182
2026 3268
2232 2744
3981 6234
1830 3720
2300 2821
2166 3048
4227 7177
1933 3641
2057 3706
2084 3422
4811 6447
2227 3195
2190 3496
2134 3445
4277 7442
2309 3146
2207 3616
2218 3454
4081 7958
2268 3651
2187 3843
2255 3735
4485 7110
2430 4266
2285 3701
2299 3703
4549 7427
2178 5191
1968 4679
2317 3837
5012 8566
2566 4517
2523 3413
2284 3958
5674 8143
2609 4792
2445 3673
2941 2966
2663 4613
2275 4247
3595 2616
2813 4866
2542 3789
2396 4109
2825 5547
2160 4934
3186 3114
3219 4796
2512 5061
2896 4383
3325 4992
3128 4349
3404 4064
3287 5080
2880 5000
2906 5603
3639 4507
3115 5340
3182 5292
2873 6230
3506 4722
3649 4771
3386 5296
3016 6163
3530 5077
3587 5029
3356 5663
3482 5300
3731 4994
4202 4271
3305 5915
3605 5692
3703 5490
3430 6196
3757 6042
3778 5632
4312 4779
3008 8204
3821 5662
3253 6949
3761 6301
3286 6922
4906 4334
5262 4763
4042 5348
4212 5226
3897 6785
3428 6961
3771 6212
3707 7434
4389 5272
4519 5205
5191 5283
3953 6092
3405 7622
3867 7418
4921 4829
4071 6190
4311 6467
3460 7934
4165 6111
3911 7379
4070 6605
3831 7709
3873 7620
4785 6007
3815 7868
4948 5950
4703 6402
4444 6617
5076 5831
4219 7327
3872 8129
4183 7244
4569 7016
3745 8539
4642 6627
6033 5310
5691 5372
3863 8604
4689 7369
5257 6122
4958 7714
4451 8160
4401 8533
5015 7814
6060 5971
4910 7794
4493 8796
5485 7035
4896 8284
5072 8277
5287 7851
5304 8121
5914 7323
6285 6561
5393 8354
5291 8662
5217 8677
5740 7959
7195 6524
5543 8700
5927 8119
6238 7757
6349 7886
6291 8310
6120 8550
6625 8035
6465 8300
6614 8842
