1429073379 1475597139
1
sift 356
328 948
11 46
24 76
62 239
27 177
357 2418
33 112
34 127
86 184
41 154
783 2593
112 423
44 159
122 485
53 358
1139 4499
141 380
75 241
140 452
83 271
1479 4049
214 1014
85 277
254 587
111 309
1929 3611
259 738
99 375
247 843
130 319
2233 5852
260 807
113 410
244 961
143 458
298 1090
156 442
415 1222
161 448
421 914
168 429
501 1583
175 685
547 1384
250 730
560 1418
246 774
568 1751
266 796
604 1939
278 812
657 1973
276 840
606 2413
288 893
862 2067
271 1013
855 2255
311 831
959 2114
315 837
905 2718
283 1051
819 2899
305 918
1064 2115
308 929
810 3759
326 922
1035 2477
318 970
924 3582
316 1020
1006 2735
359 960
1222 2935
363 1039
1286 2031
365 1053
1272 3592
381 997
1437 3256
384 1063
1384 3325
402 1025
1419 3667
416 982
1374 4248
391 1142
1595 3424
351 1311
1600 4067
388 1225
1699 3858
445 987
1705 4120
392 1253
1701 4284
398 1243
1432 5490
455 1060
1673 4453
393 1320
2171 3586
432 1185
2083 4018
386 1452
1897 5087
441 1230
1916 4900
459 1180
2242 4437
464 1206
2568 3829
379 1778
2617 3793
418 1455
2239 4733
457 1332
2291 4899
478 1295
2394 4864
507 1338
2252 5569
496 1421
2438 5052
576 1203
3027 4632
594 1160
3598 3912
525 1514
3014 4937
513 1588
3377 5158
439 2465
3063 5866
477 2231
3146 5955
600 1484
612 1555
559 1847
722 1526
592 2005
524 2633
624 1893
723 1632
531 2698
676 1788
674 1846
668 1865
748 1682
634 2129
683 1884
839 1521
741 1849
711 2040
714 2022
603 2692
774 1834
663 2399
749 1941
757 1958
736 2197
796 2054
739 2376
730 2450
632 3198
765 2439
899 1861
853 2085
837 2146
841 2228
833 2312
900 2208
955 2011
719 3301
1029 1866
814 2865
945 2384
1017 2140
938 2498
912 2625
901 2715
940 2635
1014 2375
944 2679
1004 2443
978 2542
984 2545
951 2705
922 2835
995 2544
930 2914
990 2704
1071 2459
1092 2386
1155 2220
1060 2557
1105 2449
1297 1943
998 2842
977 2934
1109 2521
1089 2609
999 2909
947 3252
1141 2562
1051 2943
1402 1975
1188 2654
981 3499
1034 3234
1288 2364
1304 2496
1093 3197
1198 2877
956 4155
1129 3350
1200 3157
1210 3117
1119 3616
1234 3167
1143 3746
1350 2824
1321 3003
1373 2879
1236 3523
1292 3525
1323 3370
1365 3230
1289 3612
1392 3344
1447 3024
1469 3082
1362 3734
1448 3320
1476 3238
1485 3239
1559 3050
1239 4658
1525 3312
1501 3531
1594 3335
1520 3562
1438 3945
1577 3477
1515 3677
1725 3116
1597 3518
1298 4975
1741 3330
1399 4621
1626 3737
1622 3792
1623 3863
1857 3260
1727 3706
1488 4424
1529 4340
1544 4376
1923 3315
1797 3750
1776 3817
1431 5209
1810 3824
1789 3970
1901 3670
1899 3724
1533 4924
1552 5005
1992 3554
1842 4075
1882 4074
1869 4212
1730 4750
1904 4170
1954 4140
2052 3951
2069 3918
1778 5044
1700 5446
1878 4786
1932 4568
2051 4200
1967 4566
2018 4438
2557 3267
2229 3975
2035 4588
1998 4757
1958 4965
1918 5149
1845 5663
2224 4177
2059 4758
1935 5310
2304 4096
1980 5184
2199 4387
2001 5455
2087 5084
2120 4979
2194 4777
2210 4747
1963 5838
2221 4792
2274 4709
2132 5281
2230 4948
2184 5359
2550 4321
2257 5112
2639 4235
2289 5054
2316 4984
2498 4547
2390 4824
2332 5075
2577 4529
2226 5582
2492 4829
2628 4642
2533 4904
2482 5100
2329 5657
2311 5693
2434 5400
2715 4790
2259 5927
2504 5325
2988 4350
2637 5021
2489 5387
2621 5120
2574 5233
2770 4871
2340 5970
2606 5607
2730 5349
2800 5256
2661 5633
2695 5628
2653 5841
2905 5435
3067 5261
3098 5424
3037 5734
3234 5361
3175 5537
3165 5599
3093 5868
3181 5844
3438 5426
2972 5993
4096 5687
4577 5957
1429073379 1503000354
1
sift 533
187 474
33 100
7 29
327 732
61 193
14 50
332 1117
86 144
24 51
409 1059
112 343
35 109
454 1045
122 346
42 128
463 1122
140 341
44 130
405 1771
214 753
64 137
563 1361
260 552
79 170
626 1141
259 575
75 195
540 2250
415 933
83 200
641 1391
298 808
81 203
885 2369
376 1347
85 212
766 1910
547 1171
94 248
985 3878
501 1315
111 246
783 1895
560 1200
99 293
1742 3626
503 1477
130 269
973 2593
568 1410
142 280
1630 4207
606 1743
143 322
1613 2747
862 1507
145 330
2566 3991
736 1441
161 345
1666 3007
925 1402
168 332
2540 4725
604 1931
198 410
1557 3663
629 2498
236 381
2986 5724
855 1772
246 529
1929 2871
865 2002
242 562
3180 6264
959 1717
250 550
1692 3581
1082 1673
252 595
1064 1885
279 544
1541 4152
819 2628
278 584
1035 2239
276 617
1909 4115
810 2841
294 603
996 2578
283 666
2516 3950
924 3087
288 673
981 2746
305 694
2270 4994
1240 2149
271 836
1222 2328
331 636
2766 5073
1273 2302
308 695
1272 2867
315 699
4124 5557
1384 2394
311 721
1419 2735
326 729
1437 2728
365 712
1374 3256
359 746
1497 2849
363 774
1313 3873
351 795
1595 2834
387 744
1600 3171
381 807
1699 3076
355 924
1673 3258
360 967
1701 3233
388 882
1881 2902
393 868
1872 2973
402 843
1403 4615
416 847
1883 3183
398 989
1879 3247
445 834
1432 4907
386 1106
1545 4405
392 1063
1715 3908
432 889
1916 3417
347 1377
1407 5829
441 939
1634 4672
459 938
1762 4486
379 1357
2083 3819
464 963
1897 4193
478 976
1958 4173
457 1050
2080 3984
433 1176
2291 3661
419 1236
2589 3454
452 1206
2617 3870
465 1184
2252 4681
507 1007
3027 3403
499 1026
2568 4105
418 1411
2438 4456
496 1087
2381 4740
594 894
2172 5578
536 1041
3140 3653
527 1068
2325 5486
576 1038
3317 4382
525 1215
2721 5468
513 1300
2675 5801
649 1043
2729 5887
661 1161
3030 5246
600 1263
3186 5003
612 1258
2919 5627
559 1413
2978 5615
578 1607
3063 5318
622 1475
3377 4730
674 1364
3146 5579
494 2351
3308 5184
634 1495
3334 5760
676 1403
3598 5027
592 1656
3356 5933
524 2056
3195 6106
531 2032
3352 5971
723 1380
4917 4206
668 1514
3843 6239
820 1237
714 1462
722 1472
741 1446
737 1481
727 1571
749 1525
663 1791
774 1554
697 1744
631 2064
796 1538
719 1733
853 1424
757 1666
839 1453
694 1901
624 2620
837 1675
765 1932
879 1616
724 2159
840 1736
868 1745
812 1987
900 1742
841 1906
814 2059
1084 1436
978 1663
928 1785
888 1963
930 1855
938 1859
944 1896
1155 1636
1017 1951
990 2067
1004 2013
1011 2006
901 2465
1060 1957
946 2386
1029 2125
1010 2178
951 2400
1071 2031
1090 1974
846 2962
998 2260
977 2395
1092 2045
1045 2211
922 2741
1109 2171
1152 2081
1105 2245
1167 2139
999 2647
1089 2324
1213 2021
1093 2347
1297 1894
1188 2208
1235 2073
1333 1892
1227 2196
1200 2339
1377 1971
1289 2190
956 3671
1493 1829
1208 2674
1234 2615
1307 2392
1402 2165
1304 2429
1321 2446
1236 2754
1317 2555
1288 2665
1373 2474
1335 2668
1362 2584
1392 2580
1741 1918
1350 2758
1246 3073
1515 2282
1365 2767
1485 2435
1467 2467
1469 2752
1525 2730
1449 2930
1520 2781
1285 3824
1501 2842
1239 4050
1597 2720
1594 2760
1623 2784
1528 2994
1488 3166
1420 3550
1438 3418
1622 2939
2004 2262
1454 3421
1676 2896
1617 3157
1523 3366
1727 2949
1626 3202
1796 2895
1750 2958
1672 3159
1789 2955
1447 3979
1770 3199
1776 3221
1380 4778
1797 3193
1552 3914
1746 3282
1923 2924
1869 3040
1899 2989
1808 3231
1831 3227
1533 4102
1887 3100
1900 3119
1809 3524
1695 3871
1730 3795
1575 4277
1544 4417
1882 3389
1853 3519
1992 3112
1932 3335
1918 3533
1801 4025
1842 3926
1983 3433
2007 3381
1968 3573
2052 3371
1904 3892
1952 3738
1980 3609
1891 3967
1580 5125
1700 4644
2018 3674
1950 3931
1967 3858
2074 3627
1998 3877
1641 5220
2382 3037
2088 3703
2006 3998
1912 4453
1878 4590
2059 4066
2194 3687
2046 4114
2033 4205
2120 3975
2001 4294
1782 5316
2304 3588
2069 4228
2035 4367
2492 3315
2384 3620
2274 3849
2498 3517
2316 3927
2557 3555
1963 5276
1873 5957
2532 3734
2332 4130
2257 4264
2132 4723
2471 3889
2311 4238
2224 4499
2380 4199
2550 3882
2390 4176
2872 3412
2289 4441
1959 5941
2407 4257
2482 4229
2259 4769
2549 4177
2226 5042
1935 6259
2329 4766
2538 4280
2988 3667
2715 4068
2701 4163
2780 4118
2628 4323
2636 4427
2905 4070
2412 5046
2626 4552
2504 4868
2621 4600
2489 4980
2574 4857
2638 4745
2592 4828
2815 4424
2484 5325
2577 5094
2653 4977
2639 5047
2606 5130
2567 5216
3093 4236
2770 4860
2730 4969
2695 5090
2800 4891
2424 5949
2619 5397
2896 4779
2661 5321
2839 5016
3098 4534
3106 4512
3234 4343
2802 5245
2673 5567
2842 5340
3157 4676
3165 4705
3137 4770
3346 4411
3214 4715
3181 4848
3117 4959
3067 5141
2700 6062
2934 5551
2758 6011
3448 4468
3006 5502
2725 6137
2920 5713
3013 5523
3293 4955
2980 5681
2827 6073
2945 5833
2753 6207
2875 6130
3092 5722
3489 4754
3359 5230
3121 5912
3135 5900
3353 5368
3216 5762
3239 5736
3417 5308
3403 5398
3455 5437
3281 5960
3472 5475
3512 5337
3367 5986
3433 5853
3523 5570
3621 5387
3756 5166
3565 5554
3569 5563
3504 5894
3582 5797
3747 5659
3769 5682
4235 4992
3601 6122
3495 6234
3838 5839
4100 5688
3841 6094
4151 5708
3862 6109
4379 5327
4375 5409
3984 6055
4157 6060
3948 6249
3867 6274
4331 6124
4326 6211
4501 6111
4607 6004
4981 5816
4845 6295
6836 5603
1429073379 1537327672
1
sift 526
7059 2963
33 11
29 9
496 205
260 87
35 14
614 158
44 17
2621 896
318 137
99 29
421 241
111 46
2626 1026
547 251
198 66
633 300
261 60
3318 1402
836 257
276 68
1118 242
234 81
4310 1472
765 285
224 91
692 350
250 89
5189 1826
819 319
271 96
924 294
311 107
6202 2121
930 339
283 116
971 372
308 113
6648 2209
1298 323
386 125
1035 461
381 133
6875 2273
977 382
351 143
1348 397
363 140
5383 3151
1017 380
399 156
1229 590
402 157
5621 3310
1004 384
457 151
1451 671
465 174
1092 470
477 172
2058 583
392 219
1304 454
440 191
1673 754
455 199
1685 669
476 198
1706 807
714 159
1729 730
513 207
1881 825
526 208
1923 827
473 237
2729 867
469 247
2916 818
676 228
2239 996
624 259
3030 906
600 270
2927 968
787 243
2718 991
709 255
3559 905
576 297
2482 1082
757 284
2438 1124
853 281
3084 995
741 313
2631 1095
749 315
3014 1248
755 321
4268 1011
1073 272
2839 1292
796 327
3404 1258
837 322
3063 1350
774 348
3146 1496
1655 245
3974 1238
1030 308
5552 1115
841 352
3621 1296
944 333
3722 1385
900 349
3588 1559
1048 325
3632 1625
1093 318
3890 1533
1333 289
4761 1436
998 343
3944 1592
748 408
5336 1353
1338 299
3843 1661
990 366
5318 1461
872 422
3948 1706
1430 328
4368 1731
1066 378
3924 1859
948 406
4211 1898
1321 356
4511 1895
899 453
6462 1683
1071 409
5038 1842
1398 357
5605 2028
1060 421
4278 2302
1205 391
5595 2049
1195 395
5449 1979
1218 402
5008 2449
1223 430
4956 2105
1457 398
6369 2092
1188 486
6087 2324
1210 476
5978 2571
1369 441
6336 2624
1399 434
7246 2323
1467 425
6112 2768
901 611
6507 2696
1377 469
6444 2908
1090 549
6676 2962
1324 490
7231 3060
1201 543
6772 4231
1623 450
1941 418
1105 595
1335 525
1208 566
1645 473
2038 433
1520 532
1747 531
1402 622
1330 660
1528 587
1700 560
1365 651
1502 603
1658 594
1475 650
1515 656
1741 609
1383 726
1727 636
1525 678
1469 690
1622 673
1489 740
2644 535
1963 631
1971 648
1738 699
2519 573
1966 675
1809 718
2670 568
2274 618
2565 585
1935 688
2598 589
1581 810
1577 821
1773 764
1873 739
1746 776
2405 644
1800 795
1418 924
2132 702
1770 820
1950 771
1776 830
2226 695
2143 749
1857 834
2001 781
1992 794
2088 789
2018 814
2120 799
2041 823
2081 816
2059 852
2597 738
1869 923
2184 868
2007 915
1951 956
2383 866
2194 921
2989 791
2316 894
2412 888
2659 847
2224 919
2722 839
2538 869
2130 947
2154 946
2230 935
1772 1169
2728 883
3184 829
2399 933
1887 1118
1544 1294
2998 860
3489 792
3389 813
2735 897
2340 978
3265 891
3003 931
2533 1010
2662 987
2503 1029
2497 1055
3230 936
2496 1064
2539 1053
2842 1003
2529 1071
2390 1139
2043 1287
3092 986
3109 992
2636 1099
2681 1096
2157 1282
2806 1076
2661 1109
2945 1072
2679 1141
2770 1133
3038 1068
2905 1097
2715 1160
2684 1191
2549 1226
3001 1131
2944 1147
3873 964
3350 1063
2886 1178
2881 1180
3776 988
3212 1112
2908 1199
2628 1264
3165 1170
3531 1067
2858 1249
3667 1079
3112 1225
3815 1059
3343 1179
2594 1341
3626 1101
4209 1020
3326 1198
3055 1263
3175 1251
3111 1268
2695 1363
4165 1058
3117 1277
2587 1417
2899 1348
4140 1105
3816 1184
4753 1042
2470 1530
3945 1205
3214 1349
3861 1223
3493 1302
3438 1323
4084 1229
3450 1356
4593 1189
3840 1313
4672 1218
3904 1325
2872 1599
3601 1409
3949 1359
3867 1404
3785 1443
3650 1478
4412 1360
4492 1376
3013 1757
3726 1515
4699 1345
2988 1800
5304 1280
5485 1262
3801 1524
3596 1572
4031 1475
3769 1544
3670 1581
4852 1373
4302 1463
4046 1505
4451 1451
3627 1611
4557 1448
4945 1392
3838 1601
3862 1597
3789 1628
3880 1602
3922 1594
4405 1491
4800 1450
2663 2065
3855 1641
3467 1778
4232 1550
3772 1684
4064 1610
3662 1726
3897 1681
4089 1624
4629 1511
4217 1607
4584 1527
5794 1365
3894 1752
3767 1801
5014 1506
4013 1737
4132 1716
3694 1855
4321 1702
4053 1779
4041 1787
4146 1773
4491 1690
3834 1861
4087 1823
6667 1408
4283 1812
4882 1673
5055 1645
4688 1745
4764 1732
4585 1788
4869 1738
4323 1900
4468 1868
4579 1845
4816 1794
5477 1666
4717 1847
4386 1962
5410 1740
5301 1763
4635 1946
4708 1945
4845 1917
5218 1834
6193 1675
4849 1958
7189 1540
4012 2181
5356 1865
5047 1937
6036 1753
3688 2395
6095 1790
6334 1765
4286 2204
5080 2002
5313 1967
5211 1989
5414 1976
4647 2171
5000 2103
5243 2079
5826 2003
5168 2135
5497 2069
6690 1897
4655 2334
5049 2192
5346 2136
6121 2001
7034 1877
5865 2045
5371 2146
5907 2047
7130 1873
5634 2114
5737 2122
4260 2707
6322 2051
5878 2128
5751 2191
5144 2376
5811 2189
5906 2223
5369 2387
5941 2215
6201 2174
6283 2164
6260 2175
6024 2260
6452 2187
6307 2217
5501 2460
5495 2477
6111 2313
5885 2370
5453 2520
6849 2161
5696 2439
5857 2407
6338 2276
5765 2462
5545 2597
5935 2481
6488 2338
5606 2593
6512 2397
6698 2363
6443 2442
6410 2457
6265 2506
6735 2393
4693 3046
6592 2425
5839 2651
6640 2422
6245 2538
6208 2550
6242 2542
6525 2512
6203 2626
6595 2523
6104 2686
6502 2581
7005 2515
6124 2788
6368 2780
7145 2592
6498 2782
7082 2682
6456 2851
6579 2847
6869 2803
6603 2870
6818 2823
6691 2861
5396 3417
6119 3059
6916 2871
7144 2810
5674 3404
6350 3193
6836 3113
6362 3407
6810 3262
7235 3166
6823 3484
7234 3270
7164 3727
1429073379 1615100174
1
sift 894
2 6
33 71
1 4
56 121
51 100
6 23
22 57
61 143
7 24
112 306
140 298
24 43
211 384
183 311
32 67
225 394
175 343
35 80
262 505
247 355
42 88
327 605
260 442
49 86
322 564
214 540
44 93
376 541
259 466
57 105
425 528
270 603
80 122
373 669
341 478
73 141
357 704
298 555
75 146
409 745
377 519
79 145
405 755
424 645
63 225
470 757
415 782
83 174
454 714
451 817
85 180
461 796
423 888
94 191
463 801
503 835
111 193
448 946
621 706
99 237
557 902
547 877
107 245
563 991
501 1042
130 234
626 990
560 878
121 288
686 913
439 1328
142 233
648 1214
568 1040
145 235
540 1616
614 1146
143 241
751 1372
629 1716
163 244
804 1452
606 1247
164 248
766 1367
862 1389
157 285
865 1427
736 1132
168 274
783 1388
959 1368
153 318
852 1928
604 1623
161 316
756 1446
819 1935
160 320
1027 1914
855 1413
198 323
758 1730
1082 1551
229 278
1386 1375
1035 1651
242 376
825 1640
1064 1612
246 397
1242 1626
996 1742
250 429
973 1518
924 2354
266 438
1038 2349
1240 1733
280 437
1159 1691
1272 1772
276 462
985 2792
1095 2133
278 457
1116 1986
1419 2077
288 474
1139 2464
1362 2016
223 740
1250 2073
1374 2247
272 524
1245 2189
1437 2095
331 464
1252 2479
1512 2013
234 785
1282 2744
1348 2536
308 495
1299 2431
1595 2207
271 607
1316 2627
1313 2924
305 518
1591 2206
1600 2259
365 469
1541 2595
1497 2488
325 530
1666 2361
1468 2895
315 549
1568 2683
1673 2630
311 558
1557 2816
1699 2669
318 646
1616 2781
1634 2973
361 548
1351 3527
1881 2516
287 765
1409 3407
1883 2505
359 568
1613 3066
1701 2871
363 579
1458 3750
1715 3042
351 598
1825 2812
1432 3586
338 675
1372 4480
1705 3060
381 588
1692 3374
1872 2828
384 596
1834 4106
1545 3529
388 591
1909 3132
1846 2894
393 574
2125 3380
1407 4292
360 670
2233 3182
2145 2662
375 657
3027 2509
1958 3016
402 583
1946 4616
1884 3663
404 659
2280 4035
2083 3170
387 753
2270 3633
2617 2430
398 735
2566 3885
2291 3185
445 634
2241 4008
2414 3270
432 680
2541 3934
2388 3335
416 738
2991 3301
1851 5005
386 857
2708 3772
2589 3491
455 681
2540 4040
2438 3891
347 1023
2401 4446
2325 4206
378 919
2543 4135
2252 4400
478 661
2869 3835
2890 3340
419 798
2861 4042
2298 4458
441 750
2846 4179
2254 4623
433 760
3087 3815
2509 4144
459 725
2703 5162
3128 3403
379 1016
2834 4225
2862 3801
457 771
2986 4644
3140 3484
390 1013
2749 5395
2817 3958
482 761
3365 4162
2721 4326
481 793
2766 5529
3144 3785
392 1142
3251 4408
2729 4468
496 822
2977 5407
2828 4370
507 825
2979 5522
2919 4318
499 845
3362 4798
3334 3905
576 712
3180 5380
3195 4330
594 723
3453 4811
3063 4558
526 866
3466 4962
3186 4653
536 841
3444 5147
3371 4208
558 863
3755 5075
3377 4413
527 930
3061 6274
3356 4568
513 1044
3392 6719
3382 4593
430 1596
3863 5558
3146 5088
600 953
4870 4637
3559 4508
630 918
4304 5569
3102 5550
579 1027
4313 5929
4917 3222
570 1049
4245 5699
3283 5560
695 860
4310 6089
3598 5023
578 1043
4903 5008
3657 5355
612 1002
4653 5918
3206 6485
620 1006
4750 6720
3192 6670
649 987
5367 6696
3071 6676
555 1155
4065 4878
674 972
3285 6673
661 1005
3944 5319
667 1028
3872 5419
531 1380
4833 4995
676 1047
4793 5433
559 1282
4828 5464
634 1148
4388 6266
596 1234
5247 4887
714 1048
4604 5951
524 1578
4369 6524
697 1100
5126 5146
643 1209
4511 6465
728 1082
4640 6386
711 1145
4794 6561
631 1307
5216 6303
741 1136
5939 5602
820 1046
757 1135
746 1189
698 1272
860 1068
749 1218
687 1343
663 1426
694 1356
715 1318
774 1243
814 1201
730 1378
811 1216
724 1425
709 1478
748 1370
796 1286
868 1195
837 1245
839 1259
853 1266
773 1534
840 1338
879 1292
900 1314
841 1455
1155 1070
941 1271
948 1302
738 1955
888 1508
787 1821
978 1332
930 1430
938 1471
1030 1336
1017 1357
1067 1335
805 2025
1130 1303
1014 1450
990 1537
847 2002
1092 1449
951 1712
1084 1482
1010 1599
812 2303
999 1647
970 1740
1034 1661
979 1795
944 1909
1071 1633
1151 1528
719 3172
1109 1608
1333 1304
1074 1687
946 1988
1098 1642
1166 1560
977 1949
901 2289
1141 1654
1089 1754
998 1965
1048 1921
1214 1627
1051 1948
1188 1780
1152 1865
1297 1574
1105 1960
1377 1494
1226 1775
1093 2017
1138 1937
1107 2078
1234 1833
1191 1967
1113 2217
1223 1961
956 2887
1387 1673
1321 1797
1168 2233
1467 1572
1119 2415
1366 1832
1208 2254
1236 2145
1368 1859
1347 1897
1335 1922
1157 2451
1241 2170
1266 2155
1312 2033
1741 1473
1288 2138
1268 2246
1103 2840
1231 2477
1373 2068
1293 2311
1402 2067
1350 2228
1365 2195
1277 2435
1323 2317
1263 2547
1247 2589
1212 2800
1392 2198
1142 3085
1493 1973
1623 1829
1284 2725
1469 2132
1547 2001
1532 2023
1525 2053
1399 2432
1485 2144
1417 2369
1239 3032
1515 2186
1520 2182
1449 2348
1500 2235
1594 2120
1523 2292
1559 2244
1522 2319
1436 2590
1501 2392
1490 2442
1585 2267
1476 2486
1447 2604
1528 2419
1597 2314
1438 2757
1205 3861
1727 2215
1622 2407
1489 2732
1494 2749
1488 2784
1749 2257
1737 2306
1626 2573
1672 2465
1664 2483
1298 3619
1796 2382
1865 2291
1797 2454
1997 2096
1529 2997
1923 2278
1807 2515
1552 3046
1788 2687
2031 2219
1776 2735
1799 2719
1746 2802
1806 2743
1867 2609
1770 2826
1687 2965
1843 2692
1730 2891
1922 2546
1338 4273
1869 2657
1809 2824
1658 3095
1430 3848
1855 2767
1899 2690
1992 2503
1882 2773
1668 3210
1842 2901
2046 2507
2088 2443
1454 3965
1755 3118
1887 2908
1900 2942
1640 3510
1761 3274
1904 3012
1691 3584
1829 3255
1853 3195
1998 2921
1983 2952
1550 4104
1912 3131
1932 3080
2018 2982
1803 3485
1952 3109
1801 3515
2074 2947
2274 2614
1700 3884
2007 3089
2069 3020
2001 3248
2004 3257
2052 3156
1910 3541
1966 3386
1544 4766
2339 2759
1778 4056
2112 3175
2059 3345
2009 3488
2508 2680
2557 2653
2202 3119
2316 2958
2120 3336
2639 2703
2498 2870
2208 3282
2111 3559
1918 4181
2087 3622
2194 3369
1965 4028
2384 3075
1696 5180
2257 3357
2471 3044
2224 3466
2061 3988
2043 4077
2184 3693
2077 4026
2132 3865
1856 4853
3003 2718
2035 4344
2390 3390
2289 3632
2230 3789
2626 3209
3047 2830
2359 3594
2377 3616
2332 3707
1873 5337
2259 3901
2538 3388
2380 3670
2227 4016
2150 4308
2226 4058
2157 4311
2482 3566
2209 4200
2268 4062
2964 3069
2988 3078
2340 4011
2459 3781
2523 3765
2532 3753
2638 3639
2028 5357
2084 5051
2618 3745
2264 4477
1988 5591
2493 3972
2343 4338
2676 3685
2504 4009
2489 4048
2424 4238
2574 3943
2315 4511
2780 3676
2577 4013
2707 3856
2210 4998
2296 4672
2661 3964
2549 4196
2628 4089
2606 4098
2745 3949
2770 3920
2800 3903
2815 3888
2754 3993
2502 4497
2838 3959
2673 4288
2879 3948
2623 4426
2448 4769
2223 5666
2399 5001
2917 4091
2695 4509
2842 4283
3176 3794
2908 4207
2851 4321
2802 4429
2434 5201
3653 3232
2649 4715
2592 4809
2730 4586
2934 4282
3489 3444
2891 4389
3165 3962
3067 4158
3068 4151
2128 6661
3155 4069
2567 5104
2582 5096
3234 4006
3037 4335
3006 4380
2936 4484
3239 4070
2718 4884
2734 4893
3157 4260
3212 4219
2980 4555
2719 5039
2918 4675
2967 4614
2753 5055
2746 5131
3370 4064
2586 5592
2836 4989
2896 4900
3117 4554
3207 4459
3272 4379
2795 5270
2464 6229
3735 3677
2725 5526
2403 6562
2731 5589
3203 4602
2899 5207
2963 5064
2700 5786
3209 4647
3097 4876
3190 4708
2920 5305
3504 4195
3022 5087
2857 5477
2847 5539
3092 5009
2983 5315
2644 6264
3897 3893
2999 5485
3359 4683
3472 4517
3135 5200
3398 4627
3265 4950
3367 4720
3899 4067
3093 5520
3323 5028
3333 5044
3258 5266
3493 4665
3609 4545
3680 4470
3353 5078
3410 4959
3216 5509
3326 5247
3058 5914
3397 5089
3756 4472
3181 5703
3710 4543
3565 4702
3358 5261
3348 5316
3111 5909
3015 6241
3073 6114
3310 5541
3319 5517
3161 5923
3429 5215
3197 6006
3595 4904
3405 5472
3301 5817
3184 6142
3346 5759
3510 5281
3541 5208
3495 5428
3870 4714
3838 4771
3260 6195
3530 5423
3588 5295
4031 4619
3386 5937
3417 5857
3497 5600
3601 5362
3572 5426
3569 5437
3582 5449
4022 4717
3422 6001
3627 5534
3747 5356
3862 5161
3662 5555
3834 5219
4233 4656
3948 5061
3697 5548
3667 5614
3469 6144
3998 5120
4013 5156
3949 5311
4263 4898
3772 5714
3786 5705
3174 6721
3732 5828
3613 6102
4072 5239
3785 5791
4216 5057
3506 6441
3764 5843
3769 5893
3867 5765
4217 5199
4379 4941
3816 6079
4076 5621
3612 6541
3840 6094
3643 6487
4084 5709
3894 6206
4146 5789
3774 6453
3647 6642
3904 6400
3911 6389
4180 5927
4832 4886
4471 5473
4165 6015
4845 4894
3925 6473
4177 6016
4134 6085
4770 5034
4360 5728
4150 6186
5541 4381
4041 6387
4255 6143
3674 6715
4648 5545
4265 6370
4284 6337
4100 6590
4577 5829
4587 5881
4449 6171
4596 5980
4386 6393
3916 6711
4775 5744
4713 5873
4720 5903
4551 6273
6836 3967
4489 6428
4702 6055
4605 6220
4975 5717
4480 6573
4688 6255
4375 6647
4555 6481
4940 5895
4773 6219
4692 6382
4701 6442
4900 6157
4882 6218
5038 6043
4791 6471
5193 5981
5083 6236
4987 6507
5736 5712
6017 5963
5891 6551
6102 6586
5659 6733
6662 6629
1429073379 1750469169
1
sift 2817
17 20
8 11
0 1
22 25
19 24
3 3
186 191
33 36
14 18
225 247
51 58
21 22
238 260
56 62
25 30
272 269
61 67
29 29
262 288
86 91
27 35
297 304
96 110
34 40
332 344
112 107
45 41
335 349
122 121
37 49
327 358
120 163
38 50
373 370
141 160
40 51
405 395
174 187
42 52
397 446
183 196
47 60
408 444
192 197
43 70
433 469
214 235
60 61
489 454
216 232
53 72
470 470
253 259
57 65
463 479
260 282
59 73
425 519
259 293
64 68
493 532
306 335
67 71
615 531
341 311
80 64
635 618
333 391
73 81
527 646
376 365
71 82
626 636
364 403
70 85
631 696
377 392
75 86
648 731
423 434
79 87
642 771
415 471
87 84
799 793
421 474
85 88
717 723
439 483
81 90
758 830
451 496
83 97
694 821
501 566
72 114
804 910
540 526
89 99
756 967
521 584
88 100
885 902
547 557
94 103
783 1037
563 561
102 104
852 983
561 576
99 109
1078 834
568 607
98 115
825 1104
580 592
105 111
920 1008
560 628
111 120
932 1016
681 571
118 119
973 1090
621 632
107 123
1139 1083
614 639
124 125
1116 1190
629 642
126 137
1159 1154
647 644
128 134
964 1417
627 678
130 132
1027 1425
633 701
135 141
1057 1423
657 775
121 169
1245 1305
692 749
147 146
1242 1334
708 767
145 150
1351 1299
679 813
143 161
1038 1717
810 776
153 158
1299 1358
718 880
157 167
1316 1354
866 783
160 172
1250 1461
862 807
161 176
1288 1392
819 854
168 183
1252 1527
867 851
165 185
1124 1740
873 818
173 198
1382 1497
897 875
171 201
1420 1534
865 929
175 214
1282 1877
924 945
156 239
1371 1760
923 977
208 184
1479 1614
925 1006
188 222
1557 1521
956 958
197 212
1613 1479
959 968
198 213
1409 1795
977 949
195 220
1615 1483
971 1060
209 203
1534 1596
1028 990
199 223
1541 1628
1035 1101
217 240
1616 1779
1052 1004
229 244
1480 1921
1081 1063
226 256
1559 1834
994 1201
228 258
1591 1854
1064 1120
230 263
1532 1997
1092 1165
235 254
1568 1991
1131 1148
242 270
1946 1589
1091 1204
249 261
1834 1725
1147 1188
234 298
1742 1847
911 1598
251 275
1631 1978
1189 1252
246 284
1666 1966
1222 1229
245 294
1692 1976
1118 1318
254 273
2105 1780
1212 1246
250 283
1909 2004
1012 1529
236 310
1929 2021
1243 1283
273 281
1984 1975
1240 1292
268 287
1825 2369
1337 1247
280 279
2050 2092
1272 1419
266 295
1939 2357
1298 1304
257 305
2233 2065
1419 1395
263 314
2270 2205
1362 1402
265 316
2241 2246
1273 1607
278 309
1904 2992
1286 1537
271 315
2280 2419
1348 1485
288 301
2415 2349
1327 1559
275 327
2421 2490
1570 1332
294 308
2416 2517
1384 1504
276 325
3294 1986
1334 1616
346 265
2540 2473
1512 1374
261 341
2703 2420
1437 1473
267 343
2502 2544
1407 1550
289 323
2790 2364
1414 1575
281 338
2504 2545
1583 1410
295 321
2566 2573
1451 1513
308 326
2543 2673
1403 1637
293 345
2290 3039
1455 1508
283 352
2468 2813
1428 1635
316 330
2683 2700
1374 1829
303 340
2516 2893
1229 2109
287 356
2175 3497
1497 1672
286 359
2618 2849
1634 1523
305 342
2958 2564
1600 1570
331 337
2795 2676
1415 1878
325 348
2401 3278
1524 1683
417 292
2616 2999
1605 1604
307 368
2861 2826
1595 1619
340 346
2366 3418
1614 1675
350 351
2823 3000
1701 1605
349 360
2745 3106
1468 1891
311 419
2869 2998
1656 1690
334 379
2799 3123
1514 1887
363 367
2690 3459
1673 1758
347 387
2982 2921
1620 1827
355 382
2766 3396
2070 1420
360 385
2870 3324
1699 1811
387 369
3120 3107
1715 1942
359 393
2871 3384
1902 1727
370 389
2929 3348
1786 1941
329 457
2977 3383
1881 1855
351 413
2991 3455
1897 2038
413 355
3061 3411
1966 1902
356 421
3355 3328
1879 2069
381 396
3392 3382
1923 2026
384 397
3684 3327
1705 2394
386 399
3287 3799
1884 2175
380 406
2921 4274
2080 1982
411 366
3015 4152
1757 2400
374 425
3362 3750
1644 2657
379 424
3444 3734
2058 2074
391 401
3466 3740
1883 2414
362 453
2979 4521
2083 2253
393 416
3812 3495
1872 2706
338 480
4304 3241
2239 2178
388 440
3579 3855
2287 2183
402 418
3228 4436
2066 2526
392 437
4124 3608
2172 2410
426 380
3719 3939
2252 2297
419 405
3996 3700
2291 2278
398 447
3691 3974
2294 2283
416 430
3755 3936
2171 2467
404 463
4010 3741
2388 2254
410 462
3963 4001
2195 2474
450 423
3453 4908
2116 2679
443 436
3743 4462
2298 2453
430 449
4143 4070
2325 2491
460 428
3937 4297
2242 2644
472 407
3369 5239
2381 2502
418 473
4113 4752
2394 2505
445 455
3987 4720
2362 2610
427 472
4135 4814
2453 2614
440 476
4671 4108
2438 2683
358 634
4423 4525
2631 2548
477 466
4347 4613
2568 2727
459 481
4527 4414
2589 2762
484 465
3811 5475
2644 2709
488 461
4763 4669
2481 2922
446 494
4393 5070
2928 2543
429 505
4669 4841
2596 2943
469 482
4528 5312
2729 2819
453 497
5310 5101
2724 2895
473 487
4741 5454
2565 2982
522 445
4980 5503
3317 2395
465 500
4750 6170
2700 2901
438 529
5261 5561
2986 2667
457 534
4870 6341
2673 2963
481 544
5445 5590
2927 2757
508 523
5650 5441
2541 3187
499 553
6545 4914
2651 3130
496 559
5538 5729
2817 2978
518 535
5610 5657
2660 3204
507 556
5360 5955
2733 3125
542 525
5534 5771
2863 2986
494 594
5564 5821
2716 3219
536 546
6062 5593
3598 2375
513 583
6683 5238
3014 2956
525 573
5177 6807
3132 2874
556 538
5788 6285
2890 3117
528 593
6964 5396
3160 2871
551 575
6273 6114
2919 3133
566 581
6337 6082
2862 3210
576 579
5989 6713
2814 3338
523 651
7086 5755
2937 3214
553 620
6102 6611
2932 3262
558 616
6122 6946
3063 3163
538 650
6441 6726
2828 3462
602 589
6072 7096
3102 3176
531 666
6234 7175
2993 3340
584 602
6780 7027
3084 3308
607 597
7262 6790
3186 3231
559 647
3371 3036
638 591
2777 3714
543 686
3004 3477
594 633
3313 3183
578 660
3307 3234
617 631
2911 3612
596 645
3431 3126
611 637
3191 3393
579 668
3240 3398
649 615
3128 3515
600 655
3435 3196
514 795
3146 3505
592 671
3254 3469
729 577
3285 3438
567 715
3364 3346
625 661
3352 3424
569 720
3356 3439
620 667
3184 3625
640 662
3334 3509
622 677
3257 3591
606 705
3424 3467
661 663
3621 3237
570 763
3171 3760
637 693
3141 3872
624 712
3318 3670
612 738
3180 3901
643 713
3430 3652
634 722
3222 3958
645 726
4130 3088
687 675
3465 3698
674 688
3377 3806
788 619
3722 3440
683 692
3404 3847
755 648
3401 3884
628 764
3763 3527
693 703
3618 3664
663 748
3382 3989
604 814
3657 3679
690 719
3543 3861
676 732
3696 3658
709 721
3140 4502
698 737
3560 3892
747 698
3407 4185
714 741
3631 3910
763 704
3408 4255
746 728
3876 3709
721 766
3537 4072
651 850
3888 3735
716 782
3308 4573
741 758
3761 3873
727 772
3843 4018
722 779
3775 4086
725 787
3656 4369
767 751
4139 3868
737 785
3924 4120
784 756
3933 4144
749 790
4090 3994
699 849
3827 4271
710 848
3695 4428
730 825
4209 3928
723 837
3494 4758
864 710
3546 4710
774 800
4021 4131
748 820
3944 4248
777 803
4388 3856
768 812
3949 4260
701 879
4112 4099
757 823
4054 4221
811 777
3787 4622
733 853
3872 4508
739 862
4206 4209
863 752
3901 4509
707 912
3951 4479
805 810
3903 4561
850 765
3819 4685
715 926
4108 4330
797 846
4324 4149
778 894
3751 4804
848 817
4358 4216
849 816
3803 4821
793 881
4138 4445
814 857
4315 4270
896 798
4099 4499
796 904
4225 4363
803 897
4103 4570
824 855
4102 4547
841 847
3704 4990
764 944
4312 4361
843 852
4175 4551
868 829
3874 4862
837 858
4313 4400
801 911
4349 4364
719 1010
4301 4435
821 886
4277 4531
765 961
4310 4496
893 832
4511 4291
855 890
4368 4455
853 903
4211 4714
922 838
4327 4584
846 924
4608 4263
840 942
3586 5498
909 877
4273 4683
879 933
4197 4846
900 919
4156 4863
890 938
4208 4860
817 1056
4065 4970
688 1291
4369 4718
955 900
4325 4788
876 982
4395 4799
860 1017
4134 5005
965 906
4474 4725
844 1043
4640 4538
833 1081
4268 4968
869 1020
4580 4756
895 984
4990 4444
966 916
4645 4819
735 1275
4966 4500
839 1098
4604 4866
1030 891
5769 3921
912 995
4833 4732
930 969
5001 4614
1226 788
4672 4910
1084 856
4419 5236
948 959
4456 5245
903 1027
4704 4963
752 1288
4424 5317
946 979
4802 4949
986 953
3934 6044
921 1036
4554 5300
941 1012
4684 5166
1017 941
4794 5067
828 1211
4800 5044
918 1071
4826 5030
1024 951
5027 4868
931 1062
5189 4748
1069 932
4786 5170
945 1059
5723 4420
901 1126
4515 5816
928 1092
4462 5950
975 1025
4949 5320
951 1064
5118 5182
996 999
4972 5315
998 1005
5416 4974
990 1033
4895 5496
1173 907
5059 5410
937 1122
5259 5156
989 1077
4598 6017
1014 1034
5203 5287
944 1138
4834 5733
1004 1057
4852 5731
1059 1011
5216 5335
926 1198
5003 5568
968 1127
5335 5249
1067 1018
5204 5373
976 1129
4968 5642
1155 954
5773 4933
978 1133
5011 5635
1018 1093
5035 5654
1023 1089
5178 5571
979 1141
5423 5397
1134 973
6202 4842
967 1159
5687 5179
1062 1051
5155 5702
1026 1100
5039 5856
970 1166
5206 5676
1130 996
5113 5803
957 1197
4855 6194
943 1216
4998 5961
1071 1078
5179 5804
980 1175
4707 6610
995 1156
5318 5668
988 1180
5247 5761
1093 1069
5344 5679
1020 1146
5697 5334
906 1301
5552 5564
1060 1113
4956 6233
1150 1021
4946 6382
1248 946
4792 6706
1010 1187
5762 5470
1034 1168
5502 5742
1045 1160
5480 5835
1073 1134
5230 6148
1083 1130
5333 6040
1042 1185
4957 6630
1048 1178
5871 5502
1098 1125
5595 5907
1086 1155
5605 5919
1137 1110
5109 6662
1207 1053
5576 6250
1112 1152
5670 6165
1100 1172
5209 6817
1152 1123
5157 6930
1215 1084
5156 7033
1140 1153
6672 5432
1109 1179
5970 6057
1074 1220
5152 7098
1176 1121
5905 6181
1105 1199
6090 5971
1144 1169
6164 5920
1141 1173
5956 6174
1188 1143
5521 6748
1167 1158
6198 5973
1097 1224
6055 6168
1129 1218
5924 6380
1149 1205
5972 6343
1120 1233
5794 6574
1171 1192
5978 6396
1304 1049
6307 6020
1102 1262
6235 6221
1368 1001
6162 6279
1290 1085
6462 6004
1213 1184
5876 6632
1148 1257
5849 6802
1113 1281
5677 6971
1208 1212
6224 6395
1119 1289
6100 6627
1132 1286
6875 5879
1158 1271
6226 6541
1154 1284
6732 6094
1310 1119
6061 6800
1194 1268
6369 6539
1108 1333
6565 6321
1210 1255
6109 6827
1089 1356
6581 6440
1204 1276
6285 6818
1696 909
6272 6756
1163 1327
6186 6923
1277 1217
6507 6720
1218 1293
7045 6139
1278 1226
6681 6816
1265 1256
6824 6683
1126 1393
6529 7110
1261 1272
6482 7166
1115 1405
7076 6729
1198 1339
6936 7205
1366 1189
7196 7131
1236 1314
1142 1403
1234 1320
1302 1250
1247 1308
1216 1357
1259 1322
1313 1278
1343 1259
1263 1326
1322 1279
1239 1344
1244 1338
1202 1397
1200 1400
1548 1091
1280 1335
1425 1223
1264 1367
1145 1525
1294 1351
1238 1412
1330 1331
1266 1389
1293 1366
1354 1325
1227 1446
1275 1387
1103 1655
1205 1480
1297 1372
1121 1648
1165 1581
1593 1163
1197 1536
1219 1506
1365 1350
1169 1609
1377 1346
1223 1517
1335 1388
1332 1396
1321 1404
1291 1430
1358 1382
1315 1426
1292 1457
1350 1406
1349 1409
1573 1236
1312 1444
1306 1458
1320 1441
1336 1431
1397 1379
1416 1360
1324 1463
1319 1482
1364 1445
1373 1440
1402 1427
1284 1622
1347 1522
1394 1470
1473 1376
1401 1465
1369 1538
1311 1657
1509 1384
1431 1459
1448 1443
1417 1493
1495 1421
1405 1511
1440 1466
1379 1602
1411 1532
1388 1585
1392 1576
1438 1499
1383 1662
1526 1429
1485 1472
1469 1495
1447 1540
1566 1453
1467 1548
1508 1496
1450 1579
1520 1486
1340 1831
1476 1552
1491 1553
1515 1530
1798 1361
1525 1587
1398 1848
1418 1808
1523 1618
1359 1931
1501 1649
1529 1631
1674 1476
1603 1549
1516 1652
1936 1348
1597 1567
1587 1578
1488 1706
1500 1697
1608 1580
1619 1566
1498 1708
1563 1659
1641 1560
1594 1630
1483 1770
1465 1801
1481 1784
1552 1691
1774 1474
1554 1698
1536 1716
1576 1670
1522 1741
1581 1681
1528 1752
1747 1505
1550 1736
1640 1645
1618 1685
1622 1680
1549 1767
1625 1687
1561 1748
1540 1787
1714 1572
1466 1882
1454 1906
1737 1565
1690 1639
1410 2050
1533 1828
1609 1762
1730 1623
1607 1789
1645 1732
1687 1695
1558 1839
1543 1869
1725 1669
1598 1825
1567 1850
1734 1678
1707 1707
1623 1823
1785 1643
1628 1821
1754 1668
1680 1746
1504 1956
1659 1797
1727 1715
1763 1688
1844 1594
1658 1815
1760 1692
1545 1939
1796 1671
1596 1888
1726 1761
1700 1788
1693 1798
1517 1987
1777 1702
1551 1963
1685 1807
1729 1765
1668 1826
1775 1724
1788 1710
1664 1852
1672 1846
1934 1558
1683 1843
1585 1968
1749 1791
1635 1923
1691 1872
1621 1970
1758 1814
1712 1861
1810 1782
1579 2022
1806 1799
1661 1945
1831 1774
1857 1735
1801 1817
1565 2061
1807 1818
1553 2085
1770 1860
1848 1778
1776 1858
1503 2138
1654 1994
1544 2112
1746 1913
1827 1841
1741 1944
2004 1661
1907 1785
2522 1349
1922 1783
1636 2083
1845 1883
1862 1874
1822 1927
2097 1629
1539 2271
1820 1972
1871 1889
1804 1988
1736 2054
2177 1556
1854 1937
1868 1918
2012 1773
1790 2027
1869 1933
1887 1916
2026 1775
1850 1974
1841 1998
1900 1925
1878 1958
1530 2406
1828 2051
1980 1851
2045 1800
1912 1954
1833 2049
2022 1836
1882 2003
1997 1876
1992 1892
1893 2031
1866 2064
1899 2036
1803 2137
1933 2013
1996 1934
1860 2098
1998 1949
1761 2238
1815 2166
1721 2302
1797 2207
1953 2034
1821 2182
1955 2042
2248 1720
1738 2320
2020 1984
1961 2052
2069 1961
1985 2059
2084 1985
1981 2087
2208 1865
2007 2076
2046 2053
1918 2203
2186 1910
2112 2006
2049 2077
2060 2068
2040 2096
1935 2245
2149 2012
1952 2229
1562 2960
2170 2005
1940 2289
2093 2095
2033 2147
2006 2193
1916 2344
1861 2444
1993 2218
2124 2078
1975 2263
2009 2217
2368 1862
2028 2197
1963 2326
2059 2173
2052 2185
2037 2225
1965 2323
2077 2176
2141 2114
1864 2537
1898 2478
2111 2150
2027 2291
2264 2030
1987 2353
2146 2139
2099 2215
2156 2136
2029 2329
2203 2106
2136 2223
1949 2509
1927 2590
2018 2428
2035 2413
2221 2134
1858 2743
2152 2251
2190 2191
2130 2282
2159 2252
2054 2391
2081 2377
1956 2609
2061 2409
2120 2328
2179 2255
2184 2243
1958 2612
2072 2403
2103 2372
2263 2161
2063 2466
1971 2655
2051 2515
2073 2486
1941 2745
2098 2472
2132 2421
2588 2000
2333 2157
2155 2387
2143 2425
3112 1738
2554 2044
2224 2318
2227 2327
2230 2316
2187 2382
2194 2378
2078 2571
2199 2408
1856 3087
2261 2350
2251 2360
2323 2295
2095 2641
2192 2477
2513 2129
2395 2248
2286 2356
2282 2365
2229 2446
2345 2324
2307 2359
2165 2563
2237 2451
2174 2554
2257 2430
1968 2968
2289 2399
2379 2321
2293 2412
2315 2392
2398 2315
2245 2480
2134 2689
2197 2557
2417 2322
2557 2179
2210 2580
2226 2546
2205 2598
2001 2983
2545 2224
2487 2294
2253 2549
2297 2511
2235 2606
2340 2481
2405 2443
2259 2629
2305 2567
2594 2276
2550 2314
2360 2507
2300 2593
2380 2508
2898 2104
2181 2824
2351 2553
2803 2168
2396 2524
2316 2633
2329 2625
2390 2534
2498 2424
1991 3265
2352 2597
2392 2542
2364 2601
2309 2697
3399 1907
2374 2622
2344 2666
2539 2440
2232 2832
2350 2669
2508 2487
2162 2989
2334 2715
2409 2638
2560 2458
2570 2447
2332 2728
2761 2305
2489 2532
2506 2527
2322 2783
2529 2518
2482 2585
2372 2719
2532 2523
2407 2701
2653 2433
2254 2907
2493 2613
2865 2300
2359 2796
2471 2665
2430 2735
2466 2687
3178 2121
2434 2737
2326 2878
2274 2946
2399 2792
2283 2954
2667 2499
2679 2504
2185 3200
2335 2938
3037 2275
2731 2497
2432 2842
3003 2309
2496 2748
2538 2702
2343 2964
2403 2884
2389 2905
2843 2437
2603 2646
2448 2837
3268 2145
2440 2858
2536 2731
2784 2513
2296 3082
2444 2880
2779 2528
2501 2843
2425 2962
2450 2923
2951 2422
2606 2734
2446 2948
2295 3154
2571 2815
2585 2797
2962 2479
3000 2462
3040 2431
2628 2806
2988 2471
2443 3028
2331 3197
2314 3239
2792 2663
2886 2569
2681 2777
2738 2729
2457 3046
2752 2718
2905 2582
2691 2786
2527 2967
2484 3022
2435 3112
2354 3222
2464 3067
2722 2766
2608 2891
2643 2872
2967 2555
2636 2883
2587 2933
2754 2759
2819 2716
2507 3029
2838 2684
2942 2594
3346 2290
2559 2976
2377 3242
2586 2949
2995 2552
2682 2857
2782 2768
2424 3195
2638 2916
2774 2781
2725 2831
2715 2848
2356 3298
2563 3013
3020 2583
2574 3002
2598 2988
2705 2896
2908 2708
2661 2961
2551 3078
2485 3168
2678 2965
2567 3085
2549 3121
2584 3069
2848 2818
2916 2742
3233 2488
2420 3326
2592 3099
2553 3153
3493 2299
2726 2979
2815 2927
3054 2704
3104 2647
2662 3075
2695 3044
3098 2662
2665 3080
2794 2975
2546 3246
2737 3019
2582 3207
2654 3128
2400 3470
2881 2890
2769 3018
2802 2994
3092 2724
2743 3054
2719 3093
2714 3104
3073 2747
3147 2691
2621 3235
2753 3064
2732 3102
2832 3011
2597 3279
2223 3830
2798 3061
2441 3485
2809 3052
2544 3329
3212 2677
3239 2658
2718 3157
2707 3178
3106 2775
2699 3202
2523 3378
2835 3056
3006 2892
2839 3050
2701 3228
2842 3058
2659 3280
2824 3120
2947 2973
2896 3021
2806 3152
3025 2917
2785 3180
3179 2791
2847 3116
2367 3683
2918 3031
2800 3193
3012 2991
2948 3062
2635 3423
2500 3557
2858 3194
2669 3380
3044 3006
2677 3405
2760 3314
3246 2850
2934 3149
2518 3600
2955 3134
3187 2930
2851 3274
2935 3164
2925 3185
2876 3269
2577 3559
2746 3404
2515 3662
3155 2980
3136 3017
2734 3433
2602 3576
2907 3286
2963 3232
2363 3970
3052 3156
2999 3215
3013 3216
3117 3101
2624 3611
2938 3289
2971 3281
3133 3124
3067 3198
3173 3092
3096 3165
2972 3302
2728 3538
2892 3366
3022 3288
3169 3145
2445 4000
2859 3473
3340 2977
2973 3349
3168 3167
3055 3299
2899 3445
2961 3363
3320 3027
3016 3333
2756 3602
3066 3310
2985 3377
2920 3458
2996 3376
3113 3282
3157 3260
2615 3834
3085 3345
3870 2627
3114 3325
2944 3504
3300 3161
3072 3389
2827 3650
3149 3318
3051 3468
3068 3434
3008 3518
3116 3426
2649 3966
3165 3370
3111 3446
2949 3580
2612 4022
2953 3599
2946 3609
3354 3224
3237 3335
3202 3373
3049 3544
2605 4081
3216 3386
2914 3686
2786 3878
3329 3290
4157 2599
3009 3605
3752 2847
3244 3402
3303 3337
3194 3478
3451 3179
3260 3420
3135 3529
3209 3471
2901 3783
3288 3414
3181 3514
3002 3702
3225 3484
3381 3307
3323 3371
3139 3563
3409 3296
3326 3388
3213 3516
2668 4168
3158 3570
3214 3532
2915 3857
2796 4065
3398 3343
3528 3223
3207 3577
3138 3656
2882 3961
3357 3460
3299 3521
4119 2810
3242 3588
3335 3501
3088 3770
4096 2838
3350 3500
3250 3606
3328 3530
3305 3548
3310 3546
3203 3675
2816 4173
3204 3687
3814 3065
3883 3024
3301 3593
3110 3813
3873 3034
3327 3574
3648 3247
3687 3225
3367 3554
3230 3744
2975 4055
3229 3747
2750 4380
2788 4350
3266 3737
3234 3778
3343 3645
3680 3294
3523 3437
3108 3947
3281 3749
3584 3367
3258 3796
3389 3622
3397 3623
2930 4228
3417 3594
3629 3368
2632 4769
3353 3723
3359 3722
3023 4164
3403 3665
3660 3397
3163 3984
3322 3798
3269 3897
3800 3311
3361 3758
3531 3539
3500 3567
3439 3694
3723 3387
3447 3705
3472 3677
3644 3487
3517 3592
3670 3479
3091 4212
3422 3765
3206 4080
3565 3578
3509 3653
3093 4241
3882 3334
3440 3780
3778 3429
3360 3905
3593 3575
3449 3789
4263 3132
3345 3960
3358 3934
3083 4325
3503 3732
3601 3631
3519 3731
2968 4555
3223 4200
3069 4427
3608 3674
3263 4183
3405 3955
3747 3549
3685 3619
3380 4015
4121 3319
3756 3583
3170 4389
3530 3844
3336 4154
4002 3451
4216 3312
3271 4281
3673 3713
3541 3865
3434 4042
3707 3704
3375 4133
3785 3635
3646 3761
3588 3827
3742 3691
3569 3881
3612 3846
4905 2912
3395 4179
3578 3906
3765 3725
3774 3721
3564 3927
3511 4012
4027 3528
3659 3854
3681 3833
4721 3070
3506 4044
4647 3127
3626 3899
3613 3917
3628 3911
3296 4460
3514 4078
3732 3841
3969 3636
3156 4729
3529 4090
3510 4127
3620 3993
4235 3498
3772 3859
3801 3838
3614 4030
3386 4395
3489 4218
3714 3924
3495 4194
3847 3816
3504 4189
3304 4586
3516 4177
3739 3912
3270 4670
3807 3875
3594 4094
3855 3839
3605 4089
3291 4671
3650 4048
3627 4067
3893 3821
3416 4426
3615 4111
3406 4456
3783 3943
3248 4792
3789 3975
3731 4040
3643 4158
3769 4014
3548 4278
4352 3562
3897 3940
3535 4347
3701 4136
3298 4824
3806 4041
4297 3629
4563 3464
3842 4013
3705 4160
3875 3996
3862 4024
3865 4021
3596 4319
3967 3918
4239 3715
3554 4370
3839 4068
3816 4097
3899 4007
3662 4264
3942 3978
3867 4051
4317 3678
4019 3920
3497 4556
3604 4391
4449 3624
3890 4092
4435 3660
3894 4113
3708 4314
3753 4256
4064 3956
4486 3633
3917 4125
4082 3962
3667 4399
4101 3951
3948 4100
3671 4416
3919 4155
4161 3948
3730 4351
3866 4226
3960 4163
3815 4326
4821 3489
3998 4128
4896 3452
3880 4275
3481 4840
3945 4231
3838 4335
3965 4186
3610 4644
4223 3969
3860 4317
3805 4378
3904 4279
4228 3976
3348 5103
4060 4124
4073 4117
3908 4300
3533 4786
3419 4972
4232 4017
3907 4339
4372 3908
3759 4507
3910 4349
4051 4190
4053 4207
3001 5886
4283 4020
4725 3655
4533 3814
4796 3615
3947 4359
4159 4151
3930 4392
3527 4898
4163 4166
4152 4188
3984 4353
4013 4323
3848 4576
3508 4997
3988 4405
3925 4511
4409 4027
4337 4098
3767 4704
4678 3802
4191 4249
3850 4666
3926 4577
4146 4322
4089 4365
3955 4541
3918 4624
3473 5202
4564 3965
3931 4628
3782 4767
4016 4501
4255 4282
3568 5049
4345 4223
4110 4438
4120 4446
3651 4969
3986 4600
4076 4505
3491 5242
4040 4552
4385 4217
4066 4546
4484 4135
4300 4311
3849 4817
3700 4962
4004 4638
3437 5447
4131 4517
4100 4544
4184 4458
4115 4563
4217 4452
3738 4950
5485 3475
4188 4506
4447 4252
4180 4527
3606 5177
4046 4684
3764 4947
4548 4170
4079 4687
3477 5480
4702 4045
4166 4609
4150 4642
4116 4674
4284 4488
4177 4627
4596 4165
3649 5199
4086 4727
4243 4571
4218 4597
4417 4381
4425 4372
4996 3860
4360 4434
4363 4453
4041 4797
4106 4742
4458 4377
4266 4612
3914 4955
4302 4575
4084 4806
4316 4580
4126 4803
4566 4331
4264 4697
4378 4560
4286 4668
4299 4663
3414 5885
4326 4650
3694 5341
4311 4688
4734 4203
3879 5100
4351 4661
4220 4789
4285 4737
4555 4424
4144 4888
4832 4171
4688 4308
4481 4554
4018 4991
3923 5138
4059 4958
4329 4738
4869 4148
3809 5288
4648 4375
4629 4409
3740 5392
4215 4879
4413 4701
3665 5517
4692 4398
4451 4699
4069 5019
4381 4749
4272 4872
4305 4833
4379 4770
4552 4589
4650 4464
4394 4763
4162 4985
3868 5326
4532 4646
4584 4579
4489 4708
4386 4827
4714 4472
3956 5291
4521 4715
4361 4871
4791 4421
4165 5087
4350 4904
4695 4553
4497 4778
4075 5187
3997 5290
4468 4834
4087 5200
4607 4689
5034 4244
4009 5295
4701 4595
4473 4849
4551 4759
4693 4630
4550 4774
5137 4201
4198 5153
4440 4909
4510 4858
4839 4519
4399 4954
4240 5128
4617 4753
4303 5095
4770 4659
4716 4711
4975 4432
4782 4679
6053 3716
4900 4529
4571 4883
4835 4626
4470 4980
4759 4722
4033 5490
4662 4831
4708 4794
3895 5727
4910 4603
4480 5032
4057 5500
4320 5220
4997 4524
4275 5280
3768 5976
4428 5116
4254 5319
4595 4927
4026 5582
4594 4939
4190 5438
4713 4861
4556 4987
4501 5085
4758 4828
4479 5119
4427 5196
4994 4637
5017 4604
4573 5026
5106 4526
4412 5228
4279 5387
4256 5422
4719 4903
3804 6123
5015 4675
4578 5096
5379 4345
4917 4765
4587 5098
4845 4856
4195 5573
4364 5380
4720 4978
4847 4886
5468 4329
4696 5022
4687 5042
5148 4649
4095 5822
3736 6485
4756 5007
4553 5250
4999 4805
4538 5266
5095 4741
5199 4653
4922 4890
5131 4726
4717 5107
4819 4986
4863 4942
4743 5092
5278 4619
4525 5359
5100 4781
4545 5350
4715 5142
4816 5033
4775 5090
4764 5102
4933 4917
4804 5068
5197 4728
5355 4599
4439 5522
4467 5509
4006 6182
4755 5169
4908 4989
4093 6050
5075 4875
5170 4801
4248 5884
4907 5048
4940 5016
4605 5408
4773 5233
4686 5343
5052 4938
5049 4946
4921 5071
4659 5401
4557 5513
4699 5354
4931 5082
4880 5129
5041 4982
4982 5047
4141 6186
4433 5724
5802 4393
4581 5507
4867 5194
4838 5243
4290 5992
4558 5587
4814 5309
4491 5728
4711 5442
4859 5244
4912 5191
5375 4809
4890 5222
5304 4880
4203 6259
4860 5285
4664 5515
4654 5546
5032 5127
4657 5548
5412 4829
4682 5528
5102 5078
4616 5610
4012 6642
4889 5305
4517 5810
5038 5165
4457 5937
5014 5185
4314 6153
4411 5996
5068 5149
5127 5094
4797 5467
4471 5946
5193 5050
5356 4915
4920 5336
4987 5273
5400 4902
4488 5962
4873 5406
5803 4641
5016 5272
4930 5399
5004 5321
5401 4952
5392 4959
4919 5424
5046 5301
4935 5415
5114 5229
5513 4906
5372 4995
4658 5798
5334 5036
5084 5284
5056 5318
5055 5322
4849 5557
4771 5678
4546 6014
4590 5944
4925 5487
5133 5276
5194 5206
5195 5232
5040 5407
3916 7136
5321 5159
4861 5630
5311 5178
5494 5043
6017 4709
5563 5023
5374 5204
5371 5223
4864 5788
5444 5167
4753 6003
5292 5344
5280 5355
5573 5108
5365 5298
5449 5203
5530 5158
4748 6038
4877 5833
5369 5310
6287 4680
5065 5638
4493 6598
4503 6582
4655 6282
5447 5264
5346 5381
5384 5339
5020 5768
4953 5861
5634 5157
4817 6078
5907 4961
6207 4795
5126 5650
4601 6486
5091 5709
5309 5484
4934 5936
5852 5017
4774 6225
5088 5744
5553 5292
5390 5437
4976 5941
5827 5093
5037 5877
4885 6075
4840 6189
5727 5176
5417 5457
5144 5758
5473 5416
5908 5077
5554 5378
4836 6267
5205 5713
5314 5586
5426 5504
5708 5259
5329 5627
5222 5750
5190 5805
5350 5621
4639 6695
5518 5493
5407 5589
5171 5883
5326 5697
5637 5403
5465 5545
5448 5562
6020 5111
4923 6293
5196 5894
4942 6292
5029 6163
5461 5599
5082 6096
5160 5981
5409 5695
5256 5882
5221 5932
5715 5409
5720 5446
5186 6023
5395 5775
5969 5254
5044 6294
5097 6231
5211 6052
5338 5917
5602 5608
4938 6508
5093 6265
5414 5826
5306 5958
5562 5686
5169 6162
5176 6157
5251 6046
5086 6323
5541 5739
5368 5947
5460 5837
5759 5543
5244 6144
6633 4934
6274 5186
5624 5722
6170 5275
5585 5800
5523 5863
6047 5382
6374 5143
5482 5915
6486 5084
5161 6352
6013 5430
5674 5714
5819 5585
5731 5661
6534 5060
4675 7120
5915 5521
5115 6496
4729 7072
5621 5820
5241 6314
5294 6246
5467 6025
5420 6091
5385 6154
5168 6484
5525 6006
5110 6584
5736 5782
5900 5615
5923 5611
5489 6089
5577 5995
6897 4941
5781 5780
5207 6538
5883 5710
5117 6690
5705 5892
5458 6205
5218 6549
5327 6407
5212 6563
5643 5969
5627 6016
5853 5802
5515 6193
5254 6557
5961 5703
5821 5855
6095 5575
5424 6345
5474 6289
5455 6316
5267 6586
5492 6280
6108 5595
5596 6155
5669 6043
5964 5751
5668 6062
6128 5601
5941 5811
5575 6249
5816 5952
5652 6127
5774 5999
5343 6614
6270 5539
5667 6149
5760 6066
5660 6207
5911 5935
5391 6578
5427 6543
5606 6309
5836 6032
5993 5864
6118 5752
4736 7236
5488 6504
6245 5670
5754 6185
5450 6573
5894 6022
6677 5385
6551 5465
5765 6204
6266 5684
5689 6299
5315 6785
5690 6307
5927 6028
6559 5483
6241 5738
6440 5572
5995 5967
6124 5868
6520 5523
6645 5463
6139 5871
5656 6411
6129 5887
6334 5701
5801 6272
5339 6875
5253 6982
5694 6431
5737 6387
6204 5888
5825 6319
5540 6693
5999 6112
5960 6169
6002 6118
5926 6228
6031 6109
5382 6903
5632 6615
5685 6531
5733 6470
5459 6810
6600 5606
5839 6364
6182 5983
6836 5458
6504 5711
6074 6129
6265 5939
5937 6300
5508 6848
6051 6201
6553 5706
5466 6909
5699 6654
6028 6277
6484 5829
5943 6377
5696 6682
5928 6417
6039 6313
6015 6329
5730 6672
5798 6599
5527 6921
5865 6553
6311 6037
6621 5777
5931 6471
5366 7113
6312 6063
6203 6183
6046 6359
6452 5965
5909 6556
6267 6142
5751 6743
5921 6579
6035 6457
5857 6684
6152 6338
6097 6405
6213 6303
6113 6408
6275 6234
5965 6594
6104 6433
6045 6529
5770 6826
6141 6413
5811 6784
6653 5927
5973 6628
6629 5963
5879 6761
6651 5960
5861 6794
5859 6803
6066 6585
6111 6561
5998 6685
6190 6475
6562 6081
6282 6391
6322 6358
6344 6363
6483 6232
5581 7147
6336 6401
5881 6886
6670 6073
5826 6962
5991 6758
6244 6544
6403 6381
6866 5918
6087 6714
6308 6499
6488 6311
6811 5972
6263 6560
6825 5982
6010 6824
6448 6384
6853 5978
6354 6523
6570 6296
6293 6602
6606 6275
6443 6464
5994 6896
6808 6068
5959 6977
5873 7065
6305 6657
6174 6770
5950 7014
6099 6857
6498 6455
6366 6626
6392 6601
6794 6173
6429 6587
6368 6667
6654 6349
6592 6428
6855 6147
6568 6452
6167 6885
6043 7020
6258 6797
6242 6822
6138 6918
6472 6623
6228 6845
6382 6722
6092 7007
6583 6547
6261 6856
6846 6270
6271 6841
6435 6728
5918 7152
6644 6524
5947 7149
7245 5631
6595 6616
6431 6772
6667 6559
6893 6312
6489 6731
6106 7080
6828 6393
6925 6281
6505 6734
6294 6941
6345 6904
6022 7145
6419 6863
6894 6356
6371 6905
7058 6166
6260 7040
7084 6161
6413 6924
6333 7012
6158 7127
6410 6953
6746 6666
6362 7013
6388 7001
6268 7075
6495 6883
6433 6973
6731 6699
6455 6959
6494 6897
6376 7055
6591 6868
6916 6535
6475 6987
6396 7059
6872 6670
6233 7172
7021 6488
7075 6406
7067 6422
6550 6997
6665 6906
6689 6898
6332 7160
6879 6733
6612 6992
5884 7253
6502 7076
6637 6984
6544 7068
6576 7054
6459 7134
6737 6957
6512 7111
6830 6858
7113 6512
7270 5665
6705 7023
7143 6500
6603 7093
6695 7048
6717 7043
6783 7019
6775 7034
6525 7164
6647 7143
6755 7135
6915 7038
7077 6867
6858 7102
7035 6976
6623 7216
7188 6806
7138 6931
7103 7022
6986 7148
6770 7221
6974 7174
7144 7058
6625 7256
7053 7198
7206 7157
7257 7119
1429073379 1928484021
1
sift 132
680 4356
819 182
99 16
496 111
1017 202
198 35
3063 630
234 52
930 206
977 223
271 51
311 59
1060 234
1004 256
281 68
308 62
1392 430
1092 287
381 69
386 87
3212 572
1923 397
513 106
526 109
3621 644
2916 345
1205 96
624 145
3948 774
2718 447
796 173
741 185
4278 998
2839 607
900 181
841 205
2950 3979
3493 656
945 200
1030 197
3588 666
1188 246
1467 228
4629 623
1727 235
1520 260
3789 824
1935 286
1971 285
5038 910
1963 295
1208 379
6087 1001
1525 365
1685 352
6705 1351
1402 380
2001 337
6573 1755
1873 368
2120 348
1738 392
1729 401
2944 366
2184 396
1770 451
2383 406
2224 429
2728 403
2316 436
2230 482
2340 488
2662 483
2533 503
2905 496
3001 533
3111 534
2661 570
3904 539
3175 591
2549 655
3013 637
3326 622
3055 654
3137 651
4869 615
3834 683
4064 673
3867 692
3801 714
3785 720
4284 702
3976 717
4302 703
3890 730
4232 723
4089 731
4321 732
3897 793
3694 844
4217 807
4405 805
4708 790
5055 775
4325 857
4427 883
6006 895
5080 959
5935 913
5634 928
6201 914
5811 971
5751 1020
6576 979
6502 1006
5606 1097
6040 1054
6322 1066
6265 1087
6488 1089
6592 1085
6208 1151
6443 1176
5357 1364
5168 1404
6119 1334
7005 1238
6686 1283
7190 1197
6691 1371
7034 1431
7145 1473
