1537327672 1615100174
1
sift 257
205 822
11 71
14 80
185 991
251 877
17 93
213 957
137 646
27 167
225 1616
461 1651
33 174
442 1427
180 851
41 175
460 2509
397 2536
29 237
474 2122
339 1430
40 215
1472 6089
754 2630
46 193
605 2129
380 1357
66 323
1676 6135
825 2516
72 387
514 5558
382 1949
71 397
996 2907
68 462
734 2777
470 1449
80 473
867 4468
89 429
1026 3209
630 2295
103 437
1173 4137
96 607
1088 4470
827 2278
113 495
1350 4558
111 701
1231 4691
925 4888
122 558
1496 5088
134 568
1446 5196
1082 3566
133 588
1592 5319
140 579
991 4884
142 599
1894 6466
157 583
1296 3904
148 656
139 857
1292 5079
156 736
150 770
1559 5295
159 1048
199 681
1706 5061
209 630
208 866
1842 6043
229 793
202 1027
2040 5239
207 1044
224 1043
211 1195
219 1142
228 1047
297 712
269 954
284 1135
281 1266
289 1304
313 1136
314 1219
322 1245
308 1336
327 1286
347 1242
349 1314
373 1145
352 1455
325 1921
333 1909
362 1515
343 1965
366 1537
406 1302
356 1797
345 2146
408 1370
404 1543
409 1633
425 1572
299 4273
452 1482
430 1961
449 1828
494 1632
437 2068
486 1780
434 2432
443 2415
479 2087
446 2700
547 1741
492 2329
525 1922
609 1473
477 2757
532 2182
595 1960
565 2220
566 2254
552 2557
622 2067
587 2419
611 2289
603 2391
636 2215
656 2186
678 2053
618 2614
634 2655
690 2132
673 2407
653 2780
560 3884
784 2059
718 2824
740 2732
767 2507
534 6265
789 2443
643 3861
794 2503
776 2802
830 2735
820 2826
684 3939
814 2982
695 4058
781 3248
751 3784
799 3336
792 3444
865 3075
923 2657
894 2958
852 3345
869 3388
915 3089
868 3693
739 5337
931 3076
727 5592
921 3369
919 3466
943 3383
935 3789
928 4098
1118 2908
1007 3507
971 3845
891 4950
927 4484
978 4011
1060 3394
1010 3752
933 5001
1003 4283
1138 3391
1071 3776
1109 3964
986 5009
1133 3920
1142 3966
1112 4219
1170 3962
1252 3794
1030 5472
1199 4207
1226 4196
1239 4132
1075 5557
1311 3692
1079 5614
1058 6015
1287 4077
1282 4311
1101 6054
1198 5247
1277 4554
1295 4471
1196 5473
1302 4665
1294 4766
1375 4248
1184 6079
1229 5709
1362 4510
1211 6370
1315 5281
1268 5909
1347 5206
1318 6143
1409 5362
1681 3893
1325 6400
1404 5765
1443 5791
1547 4810
1601 4771
1516 5446
1776 4191
1597 5161
1607 5199
1649 5118
1544 5893
1769 4717
1691 5428
1737 5156
1568 6337
1726 5555
1793 5253
2067 3965
1673 6218
1772 5788
1916 4895
1861 5219
1823 5504
1745 6255
1751 6207
1853 5640
1954 5078
1787 6387
1904 6092
2089 5015
1962 6393
2108 5526
1537327672 1750469169
1
sift 457
26 107
11 36
0 10
2500 5766
42 121
14 39
205 559
137 372
17 54
3962 6588
158 639
33 97
213 623
180 551
29 109
194 607
46 120
442 929
241 474
66 213
251 557
60 341
605 1434
300 701
68 325
226 1095
84 277
882 2400
285 961
89 283
242 1318
103 279
1231 1958
319 854
96 315
294 945
113 326
1402 3670
350 749
102 404
323 1304
116 352
1472 4496
339 969
122 419
382 949
133 396
1807 4503
380 941
134 393
372 1060
139 399
1826 4748
384 1057
142 414
328 1633
157 418
2121 4842
461 1101
156 448
470 1165
174 500
2017 5555
671 1513
191 476
397 1485
219 437
2299 5511
590 2109
208 574
365 1849
200 619
2273 5879
669 1807
207 583
583 2074
202 668
3049 5858
730 1765
211 829
533 2710
228 732
2922 6827
754 1758
269 656
675 1902
259 712
3657 7267
825 1855
297 579
585 2982
243 899
827 2026
321 648
640 2897
284 823
818 2742
281 903
867 2819
313 758
996 2178
314 791
968 2757
308 891
1082 2585
322 858
940 3591
347 801
991 3157
327 904
995 3308
352 847
1124 2683
318 1069
988 4085
349 919
1248 2956
246 1994
948 4479
343 1005
1292 3050
325 1178
1020 3928
333 1138
1296 3237
408 820
1011 4968
366 1033
1350 3163
406 959
1258 3847
409 1078
1322 3527
356 1404
1385 3440
420 1112
1496 3505
337 1736
1243 4569
492 913
1559 3827
402 1293
1115 5564
443 1289
1533 4092
475 1254
1218 4910
494 1235
1397 5298
545 1046
1359 4260
437 1440
1661 4018
430 1517
1335 5005
425 1548
1592 4248
441 1538
1353 5248
548 1177
1706 4100
477 1499
1367 5245
490 1463
1835 3666
566 1212
1450 5044
449 1824
1587 4983
611 1126
1372 5732
369 2824
1731 4455
525 1388
1379 6119
595 1199
1859 4120
473 1732
1461 5668
505 1577
1894 4290
435 2163
1578 5654
433 2226
1898 4714
532 1486
1683 6004
531 1505
1695 5788
579 1431
1858 6738
660 1331
1842 5165
651 1350
2040 5533
622 1427
1979 5203
560 1788
1843 6893
603 1650
2049 5907
587 1752
2105 6233
643 1480
2092 6539
594 1815
2695 6721
656 1530
2414 5479
636 1715
762 1327
2324 6714
609 1944
767 1353
2624 6401
678 1587
690 1495
2607 6625
673 1680
646 1912
631 2326
666 2298
810 1681
589 2988
635 2632
688 2245
776 1913
618 2946
834 1735
794 1892
820 1860
699 2320
697 2356
830 1858
773 2056
702 2421
922 1540
695 2546
748 2426
874 1998
799 2328
721 2838
924 1808
851 2174
815 2376
727 2949
814 2428
868 2243
915 2076
738 3279
781 2983
919 2318
869 2702
921 2378
935 2316
947 2282
894 2633
1007 2117
945 2387
1118 1916
1225 1738
812 3621
943 2686
978 2481
933 2792
1010 2522
977 2737
883 3538
986 2724
1054 2424
1053 2440
1206 2110
964 3034
1071 2518
1060 2652
987 3075
1097 2582
1003 3058
1141 2504
1138 2533
1294 2112
1112 2677
936 3744
1209 2450
1109 2961
1076 3152
1302 2299
1199 2708
1160 2848
1295 2417
1180 2890
1062 3499
1025 3701
1067 3539
1075 3530
1030 3955
1226 3121
1170 3370
1147 3504
1050 4040
1198 3388
1249 3194
1277 3101
1101 3899
1179 3645
1263 3299
1311 3172
1262 3475
1268 3446
1363 3044
1153 4102
1394 2984
1417 2933
1133 4457
1103 4793
1058 5087
1205 4231
1347 3444
1349 3532
1222 4317
1324 3694
1285 4110
1530 3103
1315 4127
1409 3631
1229 4806
1443 3635
1325 4279
1776 2773
1280 4880
1404 4051
1490 3719
1581 3479
1391 4394
1541 3628
1524 3838
1478 4048
1474 4269
1649 3620
1236 6269
1544 4014
1550 4017
1451 4699
1360 5228
1345 5354
1641 3839
1610 3956
1511 4409
1597 4024
1628 3975
1611 4067
1684 3859
1572 4319
1527 4579
1681 3940
1602 4275
1601 4335
1624 4365
1607 4452
1691 4194
1448 5513
1702 4195
1506 5185
1752 4113
1726 4264
1737 4323
1812 4020
1745 4308
1779 4207
1772 4321
1408 6559
1954 3723
1710 4703
1595 5412
1693 5055
1645 5322
1801 4704
1708 5046
1787 4797
1782 4807
1732 5102
1853 4790
1794 5033
1864 4916
1917 4856
1823 5200
1846 5106
1740 5696
1945 4794
1962 4827
1855 5341
1937 5302
1803 6099
1753 6456
1904 5633
2047 4961
2041 5065
1958 5557
2204 4668
1834 6549
1976 5826
2114 5157
2192 4946
2095 5370
1989 6052
2146 5223
2136 5381
2226 5388
2102 6030
2045 6553
2003 6962
2215 5811
2493 5015
2387 5310
2122 6387
2135 6484
2164 6392
2417 5551
2376 5758
2229 6358
2181 6642
2155 6799
2191 6743
2189 6784
2436 5792
2362 6115
2334 6282
2538 5670
2313 6561
2506 5939
2290 6836
2462 6204
3046 4630
2425 6428
2442 6464
2439 6682
2593 6309
2523 6616
2457 6953
2651 6364
2541 6821
2788 5868
2686 6433
2512 7164
2659 6853
2581 7076
2782 6455
3113 5458
2780 6667
2810 7058
2852 6958
2870 7093
3404 5714
3417 5774
3307 6640
3967 7171
5125 6824
1537327672 1928484021
1
sift 589
205 111
137 73
17 10
33 21
27 24
29 16
734 442
180 86
41 23
143 94
272 100
66 35
896 459
300 127
84 43
339 206
323 122
81 50
1121 421
319 182
89 45
347 209
372 190
96 51
1088 432
380 202
113 62
420 233
382 223
118 61
1278 457
384 256
123 60
454 255
470 287
133 69
1231 479
663 308
140 77
628 359
671 367
139 87
1786 477
669 352
211 75
904 356
818 345
228 88
1447 577
730 401
207 106
1136 419
964 338
208 109
1240 647
827 397
209 144
1396 501
611 542
262 112
1807 718
925 431
391 96
1112 572
991 447
259 145
2242 1003
1039 585
281 147
1745 497
1007 506
356 118
2109 1229
1082 597
364 126
1296 644
1292 607
219 207
2781 1043
1350 630
390 135
1858 678
1302 656
249 183
2500 1235
1559 666
342 156
1587 741
1511 623
322 169
2568 1208
1533 730
327 173
1706 774
1418 773
313 185
3365 1136
1775 854
315 188
1777 817
1628 824
308 197
2922 1348
1842 910
329 192
2268 783
2049 872
349 181
3293 1216
2461 906
398 170
2799 733
1779 1077
354 179
3806 1296
2043 1032
352 205
2302 998
1962 1007
450 175
3774 1450
2040 1037
430 193
2133 1056
2163 1031
321 242
3760 1464
2324 1001
412 217
1968 1159
2376 1126
381 231
5552 1237
2607 1100
479 219
2504 1131
2523 1094
425 228
3402 1787
2304 1269
486 246
3432 973
2436 1170
434 267
3460 1945
2448 1202
459 265
2301 1343
2729 1133
548 245
4368 1765
2489 1278
532 260
2905 1184
2765 1312
636 235
4201 1836
2761 1258
587 278
3300 1130
2908 1367
600 294
4818 1764
2879 1375
644 283
3065 1224
3098 1326
648 285
4973 1782
2744 1487
631 295
4236 1182
3422 1266
688 286
4751 2094
3539 1314
603 321
2815 1608
3344 1516
682 305
5517 1992
3260 1489
566 379
2995 1595
3675 1480
678 365
5271 2264
3302 1600
622 380
3697 1519
3193 1757
595 395
3962 3962
3507 1704
690 362
3168 1770
3558 1784
781 337
3523 1762
659 385
3705 1837
4527 1548
739 368
3708 1724
799 348
4443 1588
3792 1807
846 336
3665 1878
718 386
4400 1847
4142 1711
975 351
3882 1891
740 425
4977 1754
3875 1947
868 396
3872 1957
865 405
4098 2076
4238 1827
883 403
4116 1888
1147 366
3890 2319
4407 1921
947 398
4709 1718
820 451
4515 2062
5549 1644
1172 373
4350 1950
857 437
4363 2265
3873 2306
919 429
4172 2141
894 436
4513 2335
4585 2127
881 454
4226 2274
1028 417
5481 2391
5292 1952
1200 391
4401 2301
980 434
4227 3071
4313 2427
1100 424
5309 2165
943 466
4908 2655
4708 2466
935 482
4685 2563
1046 452
5215 3123
5439 2223
992 468
5281 2350
987 483
5518 2291
978 488
4948 2611
1079 463
4705 3003
1044 481
4927 2628
916 530
5411 2796
1010 503
5140 2726
977 515
5670 2680
1097 496
5646 2501
1060 510
5440 2991
1030 529
5601 3107
1152 508
4458 4063
976 552
1131 533
5530 3629
809 669
1392 489
973 598
1268 534
1109 570
1170 561
1213 558
1325 539
1076 600
1204 573
927 668
1541 500
1199 580
1058 621
1252 590
1090 660
1198 622
1471 574
1226 655
1347 613
1263 654
1315 646
2066 509
1503 605
1653 620
1404 692
1738 615
1515 671
1804 619
1463 703
1708 651
1757 637
1443 720
1610 673
1879 627
1524 714
1568 702
1527 715
1474 737
1550 723
1699 713
1789 695
1861 683
1624 731
1691 721
1885 685
1767 716
1702 732
1710 736
2038 672
2895 576
1491 805
1645 775
2063 687
2158 681
1607 807
1681 793
1490 851
1742 826
1590 892
1599 887
1944 789
1946 800
1855 844
1989 809
2019 811
2023 815
1988 838
2089 812
2587 734
1737 941
2319 782
2276 788
2090 862
1636 1058
2532 830
2457 840
2622 816
2002 959
1876 1024
2174 914
2114 928
2485 891
2334 925
2537 893
2155 975
2189 971
2481 913
2534 929
2190 1019
2145 1041
1904 1187
2603 937
1868 1291
2423 999
2427 1004
2229 1066
2430 1014
2718 962
1864 1364
2751 970
2581 1006
2424 1086
2506 1087
2971 963
2987 964
2593 1097
2313 1200
2456 1132
2341 1206
2598 1119
2442 1176
2140 1353
3496 945
2549 1150
2064 1431
2551 1168
3629 951
2135 1404
2856 1084
2849 1092
2515 1238
2926 1082
2742 1141
2512 1273
2660 1210
2149 1455
3018 1109
2333 1428
3171 1099
2597 1339
3058 1123
2898 1179
2493 1401
2961 1164
3419 1080
2698 1331
3943 1016
2686 1354
2857 1265
3286 1121
3838 1047
3070 1231
2748 1395
2592 1473
3155 1244
3166 1245
2861 1371
3154 1282
3431 1217
3059 1334
3074 1352
2727 1498
3468 1247
3024 1399
2975 1420
3484 1280
3719 1218
3242 1355
2960 1433
3210 1381
3394 1340
3072 1419
3197 1388
3448 1345
3503 1390
3230 1475
3236 1495
3232 1499
3336 1468
3500 1434
2613 1841
3956 1359
3097 1565
4298 1297
3459 1514
3581 1486
3470 1520
4842 1225
4055 1408
3415 1553
3554 1524
3271 1586
4336 1357
3227 1625
3608 1537
4608 1320
3563 1559
3369 1627
3308 1740
3486 1701
3106 1871
3652 1643
4456 1439
3522 1726
3826 1674
3854 1662
3412 1849
3621 1768
3393 1872
3960 1654
4214 1596
3841 1741
3262 2046
3700 1851
3785 1816
3350 2006
4011 1738
4441 1591
3712 1890
4366 1660
4242 1737
3434 2096
4326 1719
4094 1826
4489 1691
3251 2246
4148 1887
4208 1862
4689 1705
4070 1942
4320 1842
5457 1567
4636 1767
4421 1858
4697 1793
4391 1916
4286 2024
3991 2153
4550 1965
4144 2145
4439 2021
4246 2120
4394 2067
4583 2044
4629 2025
4753 2002
5244 1900
4808 2009
4880 2031
5696 1759
4692 2117
4674 2130
5396 1939
3616 2826
5656 1902
4385 2288
4869 2157
5039 2115
5249 2074
4292 2433
4803 2228
5388 2071
4681 2270
5418 2070
5124 2168
5403 2107
5067 2203
3997 2837
5012 2299
5429 2202
4696 2453
4691 2458
4445 2577
5046 2385
5082 2380
4393 2699
4975 2422
5022 2452
5664 2218
5464 2311
4255 2958
5526 2334
5054 2576
5006 2610
4364 3025
4782 2783
4725 2834
5341 2580
5273 2682
5196 2734
5260 2715
5312 2696
5604 2578
5560 2613
4127 3539
5298 2872
5455 2847
5658 2839
5268 3145
5451 3046
5677 2921
5256 3277
5640 3083
5733 2956
5698 3133
4897 3985
5274 3768
5662 3593
5545 4432
