1646429863 1735922398
1
sift 206
65 179
982 1312
121 228
173 452
132 237
1927 3555
128 269
237 349
133 289
1822 3964
176 362
293 466
235 607
2178 4403
244 613
301 490
327 530
2100 4804
394 615
387 517
367 541
2735 3840
427 1206
363 660
372 668
2691 5757
581 845
449 567
409 728
3216 6073
556 970
469 727
501 721
3672 6235
580 947
516 949
523 1047
3922 6495
668 799
600 1024
691 1084
4891 7773
661 1316
778 1283
705 1537
4400 8155
1013 1273
745 1484
832 1519
5501 6976
950 2006
828 1561
927 1466
875 2280
809 1772
965 1691
1125 1991
1068 1564
993 1983
1179 1814
987 2043
1112 1888
1198 1965
1210 1636
1233 2147
1237 2908
1207 2336
1158 2633
1389 2564
1357 2080
1291 2349
1327 2978
1343 2406
1437 2208
1399 2986
1366 2668
1358 2906
1421 3435
1479 2815
1409 3169
1555 3162
1521 3040
1439 3434
1649 2793
1535 3039
1720 2860
2016 2404
1547 3965
1529 3778
1809 3272
1850 3433
1702 3648
1788 3727
1708 3947
1723 3979
1976 3417
1817 4224
2121 3523
2109 3588
2223 3322
1888 4086
2235 3367
2248 3681
1906 4509
2093 3970
2180 3915
2182 4381
2284 4831
2240 4407
2183 4680
2589 4321
2327 4311
2290 4689
2427 5129
2431 4252
2394 4853
2361 5599
2115 6371
2559 4724
2700 4781
2490 5269
2400 5639
2877 4533
3133 4040
2697 5123
2603 5474
2575 5514
3049 4450
3078 4698
2956 4800
3003 5092
2640 6042
2825 5539
2704 6016
3040 5399
2678 6147
2901 5675
2833 5865
2921 5657
2816 6003
2457 7734
3035 5502
3316 5265
2742 6767
3084 5850
3062 5964
2891 6910
3186 5733
2804 6975
3002 6954
3155 5891
2874 6883
3340 6071
3321 5856
3473 5614
3064 7397
3236 6160
2993 7209
3991 5301
2998 7250
3193 6710
3281 7109
3546 6503
3268 7408
3172 7702
3406 6971
3601 6611
3493 7151
3584 6909
3547 7188
3542 7534
3449 7740
3557 7556
3712 7093
3882 6479
3748 7063
3646 7507
3798 7203
3637 7782
3662 7831
3978 6738
3613 7885
3658 7847
3928 7412
3545 8129
4811 7141
4403 6473
3926 7582
4040 8157
4252 7010
4137 7343
5573 7434
4343 7197
5066 6154
4182 7693
4698 6937
5737 5619
5177 6390
5118 6562
4080 8095
4453 7737
4734 7340
5995 6166
5367 7743
6772 7669
7159 7948
1646429863 1923562747
1
sift 2053
64 73
113 142
2 4
46 63
38 50
10 14
84 90
138 165
16 21
74 112
50 65
20 25
100 114
172 209
30 43
105 133
81 89
35 46
109 131
182 243
54 60
134 163
98 113
65 80
190 172
217 246
72 77
165 169
112 128
66 91
256 287
201 286
85 88
156 202
127 139
82 95
298 300
245 230
88 96
226 279
122 152
94 83
346 409
277 299
86 109
216 291
137 166
97 87
354 421
335 353
110 117
296 232
161 174
103 137
447 368
342 415
136 125
306 345
279 220
121 143
397 462
366 405
132 151
317 452
340 361
128 157
463 455
420 367
130 164
508 427
302 419
141 154
532 571
425 538
135 175
464 541
494 324
139 173
551 675
422 666
152 179
572 547
405 444
167 180
605 645
490 629
168 183
543 663
423 471
176 191
634 624
585 545
169 225
522 731
434 564
173 217
658 638
644 636
174 227
642 657
504 519
191 205
735 924
594 699
187 216
679 692
472 633
175 260
874 801
660 720
192 231
669 892
618 598
200 218
840 891
681 743
195 261
616 1074
624 840
232 207
859 935
740 749
211 248
749 922
684 811
239 228
898 1036
867 736
225 256
757 975
689 866
224 275
991 966
919 803
252 268
674 1142
750 844
231 290
1095 923
842 910
235 314
779 965
712 984
243 303
1071 1042
863 896
242 319
856 1030
843 829
261 292
928 1167
918 894
247 318
805 1116
816 981
264 301
1042 1206
915 914
265 311
844 1136
994 938
278 308
1138 1118
945 1003
281 310
892 1292
949 1047
267 330
891 1559
890 1102
300 302
971 1177
913 1109
274 337
967 1446
1196 956
294 341
1029 1178
1006 1203
315 333
1002 1439
1022 1327
301 358
1074 1188
1033 1255
266 404
1122 1250
1000 1353
283 382
1183 1197
1155 1110
299 374
1262 1227
1115 1253
284 399
1296 1199
1072 1302
312 381
1142 1511
1130 1336
327 369
1166 1409
1136 1261
333 395
1156 1516
1160 1344
341 380
1169 1442
1110 1333
329 406
1274 1403
1113 1433
360 379
1175 1486
1150 1391
367 389
1525 1269
1182 1373
399 359
1253 1372
1194 1487
322 479
1367 1585
1282 1419
348 440
1245 1739
1392 1415
363 428
1302 1675
1288 1598
414 370
1107 2167
1232 1715
387 412
1471 1455
1318 1708
372 443
1450 1508
1211 1751
350 494
1364 1643
1420 1632
382 458
1570 1384
1248 1760
358 499
1544 1462
1457 1612
489 393
1333 1712
1438 1492
390 509
1603 1431
1316 1858
401 473
1489 1569
1189 1932
449 441
1255 1971
1507 1614
409 507
1534 1596
1390 1641
443 491
1405 1793
1781 1370
404 532
1483 1683
1704 1295
446 504
1873 1367
1427 1784
470 480
1463 1776
1426 1722
419 544
1371 1961
1370 1908
457 516
1626 1624
1401 1868
466 526
1465 1800
1532 1705
454 542
1500 1786
1539 1703
479 525
1559 1860
1560 2000
469 539
1604 1725
1827 1695
426 608
1757 1669
1854 1687
440 606
1735 1606
1528 2076
439 620
1574 1920
1601 1975
499 549
1430 2013
1616 1965
500 557
1769 1731
1745 1823
467 619
1542 2074
1397 2422
427 691
1733 1835
1573 2257
507 583
1665 1948
1706 2016
495 614
1667 2041
1669 2349
485 635
1979 1742
1859 1972
528 560
1800 1911
1737 2314
481 650
1563 2265
1731 2229
633 484
1959 1785
1929 2136
514 625
1780 1983
1905 2216
493 683
1924 1852
1880 2264
529 612
1741 2080
1908 2225
541 589
1530 2494
2095 2099
606 537
2028 1884
1891 2283
523 626
1795 2172
1834 2379
566 577
1884 2081
1903 2281
488 730
1719 2278
2208 2131
561 604
2081 1913
1636 2694
597 582
1843 2165
1881 2475
431 867
1887 2130
2060 2221
556 653
1988 2045
2047 2352
531 717
1833 2238
1970 2311
559 686
2125 2011
2116 2307
622 623
1980 2182
2000 2414
581 669
1630 2690
2177 2277
521 767
1899 2316
1965 2453
564 705
2110 2113
2298 2385
599 665
2091 2368
1991 2486
696 574
2104 2488
2407 2459
602 672
2189 2301
2117 2394
611 667
2013 2645
2256 2782
580 724
2129 2440
2006 2491
600 704
2245 2541
2992 2188
568 738
1975 2855
1937 2692
631 673
2349 2432
2439 2553
601 722
2061 2774
2037 2601
537 805
2156 2892
2591 2730
593 746
2160 3063
1920 2890
583 782
2239 2931
2558 2871
710 644
2333 2834
2227 2722
630 737
2406 2753
2470 3011
693 662
2211 3163
2270 2661
621 750
2387 2947
2398 3184
610 761
2732 2584
2261 2747
650 728
2529 2867
2341 3368
649 757
2760 2669
2486 2672
604 817
2727 2788
2414 3262
640 778
2540 2915
2900 2527
698 733
2671 2934
2463 3563
645 800
2774 2734
2499 3118
672 774
2522 3239
2744 3186
665 789
2484 3117
2546 3103
701 755
2326 3690
2687 3462
688 788
2495 3149
2911 2814
691 797
3091 2702
2853 3244
722 771
2413 3454
2599 3586
747 745
2768 3052
2884 3360
776 752
2743 3134
2762 3471
661 931
2728 3202
3015 3277
700 853
2672 3293
2716 3716
713 855
2627 3401
2600 3954
821 759
2887 3087
2876 3578
705 899
2836 3337
3222 3195
728 860
2849 3209
3167 3341
652 1041
2645 3789
3103 3425
707 946
3357 2972
2421 4489
725 908
3076 3276
3472 3091
742 874
2951 3398
2867 3764
680 987
2854 3629
3166 3445
791 814
2899 3609
3693 2945
838 802
3081 3460
3218 3521
734 927
2696 3958
2747 4098
745 936
2972 3620
3314 3431
758 919
2807 3823
3198 3592
778 934
3059 3551
3058 3778
823 887
3652 2932
4158 2767
659 1201
3053 3602
3330 3531
827 905
3374 3366
3300 3561
974 791
3215 3658
3088 3813
801 947
3190 3559
2979 3938
870 904
3238 3780
3369 3540
770 1025
3419 3575
2986 3942
815 967
3382 3734
3590 3409
855 920
3113 4119
3203 3728
907 880
2982 4352
2963 4280
809 1010
3104 4292
2873 4384
828 1028
3781 3541
2953 4438
909 953
3460 4274
3587 3546
865 1031
3717 4107
3061 4406
832 1081
2943 5383
3241 4036
901 1026
3619 4431
3679 3610
830 1111
3683 4042
3800 3493
932 1007
4177 3783
4778 3269
926 1015
3794 4048
3259 4199
878 1067
3607 4692
3527 4401
1090 885
3422 4835
3916 3503
807 1158
4340 3877
3549 4365
782 1205
3461 4842
3267 4519
895 1072
4272 3928
3569 4354
849 1139
3959 4298
3326 4502
820 1189
3773 4810
3855 3906
795 1245
3785 4724
3208 5103
920 1091
3914 4746
3526 4774
1118 933
3810 4737
4429 3642
1003 1044
4180 4496
3813 4226
973 1071
4020 4791
3642 4787
864 1194
3896 5031
3863 4335
904 1161
3854 5144
4031 4237
987 1088
3853 5190
4222 4224
986 1094
3974 4951
3631 5018
982 1108
3846 5249
3702 5116
972 1120
3919 5141
3840 4535
1023 1092
4814 4209
3816 4926
1013 1101
4186 4845
3626 5371
875 1272
4070 5055
3873 4801
950 1150
5039 4243
4213 4501
960 1164
4683 4790
3869 5049
885 1285
4063 5310
4039 4736
880 1350
4304 5254
4258 4586
962 1234
4151 5405
4169 4641
993 1223
4509 5065
4295 4658
1046 1184
4270 5375
5408 3801
1082 1171
4421 5271
4419 4782
1020 1293
4184 5555
4188 4933
1067 1209
4338 5401
3792 5724
1097 1172
4541 5245
4243 5140
1147 1124
4563 5246
4226 5193
965 1412
4845 4964
4960 4458
1073 1230
4512 5527
3901 5649
1027 1332
4391 5428
4806 4605
1126 1170
4645 5485
4837 4582
1098 1229
4650 5177
4112 5450
1039 1351
5951 4216
4604 4961
1174 1156
4621 5551
4459 5126
1111 1276
4388 5872
4322 5304
1137 1248
4242 6113
4852 4675
1102 1315
3780 7312
4447 5417
1069 1382
5612 4767
4738 5159
989 1540
4674 5877
4974 4929
1350 1053
4456 6032
4511 5400
1031 1495
4334 6311
4433 5465
1094 1371
5687 4831
3998 6099
1145 1270
4991 5669
4521 5658
1173 1225
4874 5858
4654 5570
1066 1459
4901 5838
4311 5950
1139 1334
4918 5861
4577 5712
1151 1310
5565 5368
4200 6163
1121 1400
4686 6131
4152 6275
1222 1238
4465 6634
4396 5999
1178 1312
5309 5594
5168 5535
1141 1397
5370 5595
4804 5969
1259 1190
4742 6177
4772 6017
1125 1445
5405 5573
5332 5490
1128 1468
4378 6697
4885 5988
1109 1518
5161 5894
7173 4178
1184 1376
4257 7029
5457 5448
1210 1347
5826 5269
4688 6312
1135 1509
4595 6579
4747 6219
1112 1565
5175 6035
4705 6303
1158 1476
4559 6894
6178 4811
1269 1284
4640 6761
5689 5350
1205 1408
5318 5926
4896 6392
1140 1599
4393 7234
5418 5893
1219 1424
4867 6543
5829 5471
1335 1268
5793 5530
5624 5702
1252 1386
5081 6296
5344 6030
1056 1795
5470 5886
4055 8162
1375 1265
4420 7352
5419 5965
1188 1549
4491 7323
5221 6279
1181 1561
4613 7096
4673 7278
1197 1537
5515 5900
5203 6651
1247 1444
4962 6698
5048 6812
1243 1464
5180 6468
4642 7521
1207 1543
5169 6517
5311 6622
1391 1297
5399 6215
5550 6278
1458 1211
4779 7131
5313 6655
1277 1458
5037 6839
4761 7655
1213 1604
5368 6491
5088 7018
1233 1570
5490 6389
6111 5820
1192 1694
5424 6539
5488 6467
1293 1510
5383 6771
5816 6106
1289 1525
5548 6562
5748 6171
1368 1448
6427 5828
5434 6699
1359 1477
5055 7643
5870 6108
1079 2039
5767 6429
5407 6861
1238 1659
5130 7517
6326 5800
1290 1588
5741 6493
5417 6928
1412 1416
5907 6273
5672 6565
1298 1583
5542 7142
5549 6780
1237 1686
5174 7532
5210 7440
1386 1498
5743 6833
5223 7446
1265 1648
5362 7484
5292 7277
1271 1650
6159 6413
5590 6779
1337 1571
6054 6590
5662 6742
1223 1748
5556 7427
6221 6168
1373 1597
6158 6483
5508 7086
1360 1609
6721 6166
5889 6512
1305 1662
5453 7621
5377 7416
1203 1862
7787 5468
5769 6981
1384 1622
5862 7058
5604 7090
1343 1654
6614 6268
5181 8104
1382 1638
6127 6847
5975 6555
1161 2047
5482 8021
5859 7003
1340 1707
5903 7198
6180 6436
1358 1690
5820 7465
6095 6825
1220 1967
5691 7811
5954 6716
1409 1646
6091 7266
5705 7909
1389 1713
6717 6635
5667 7386
1365 1744
6079 7349
5990 7513
1437 1645
5812 7781
5755 7280
1691 1361
5873 8062
5986 7526
1357 1798
7175 6382
5712 7451
1344 1830
5657 8432
6092 7425
1279 1956
6106 7523
6841 6180
1363 1856
6877 7008
6378 7118
1393 1822
6144 7835
6138 6877
1493 1664
5962 8109
6763 6736
1466 1714
6324 7689
6316 6725
1449 1769
7227 6925
6379 7492
1567 1651
7436 6613
5701 7603
1399 1912
7046 7171
6100 7880
1439 1844
6632 7534
5872 7364
1760 1493
7833 6485
6284 7696
1421 1888
6202 8101
5669 7745
1640 1653
6058 8471
6408 7688
1441 1947
6458 8206
5608 7923
1522 1802
6933 7735
6457 7859
2295 1228
7239 7443
6809 6665
1518 1813
6422 8330
6552 7764
1475 1898
6923 7851
7543 6247
1408 2054
6465 8315
6240 8238
1516 1849
7019 7897
6530 7366
1480 1921
7017 8146
6768 7698
1479 1934
7212 7892
6129 8029
1424 2044
7816 7506
7590 7093
1638 1745
6526 8496
6080 8098
1445 2059
6657 8532
6859 7919
2016 1472
7232 8434
6521 7794
1566 1883
7530 8178
6940 7906
1535 1941
7334 8405
6004 8362
1474 2024
7753 8327
7079 8118
1619 1811
8049 8348
7073 7313
1511 1980
6736 8469
1410 2204
6518 7955
1415 2201
6996 8541
1434 2184
6642 8016
1485 2093
7740 8291
1519 2026
7409 7294
1503 2071
7598 8514
1649 1832
6519 8343
1541 2028
7990 8445
1581 1993
7558 7802
1556 2046
1562 2030
7122 8350
1738 1779
1646 1907
7405 8115
1555 2082
1571 2049
7435 8312
1661 1910
1512 2178
7638 8277
1650 1944
1529 2162
1513 2187
1452 2331
1597 2064
1388 2526
1898 1733
1550 2194
1558 2200
1590 2155
1815 1842
1565 2208
1547 2236
1443 2438
1797 1896
1656 2091
1739 1960
1593 2218
1756 1968
1600 2222
1748 1973
1673 2097
1678 2098
1680 2105
1720 2092
1722 2096
1611 2293
1824 1981
1623 2289
1934 1893
1708 2169
1812 2048
1850 1995
1872 1977
1622 2345
1759 2153
1692 2240
1986 1925
1478 2670
1806 2133
1885 2042
1740 2217
1837 2122
1953 2033
1788 2253
1830 2203
1927 2114
2108 1969
1868 2199
1779 2333
1796 2324
1969 2117
1855 2252
1809 2340
1841 2288
1867 2268
1861 2276
1724 2456
1829 2373
1817 2404
1967 2231
1577 2937
1888 2359
1906 2342
1896 2369
1976 2298
1782 2547
2161 2157
1945 2374
1890 2410
1717 2641
2198 2135
1805 2540
1752 2650
2945 1678
2196 2168
1768 2653
2109 2270
1966 2408
1889 2480
2049 2376
1832 2619
2135 2309
2018 2444
2070 2409
1989 2482
2210 2271
2121 2412
2119 2420
2850 1853
2182 2392
1821 2872
2180 2398
2223 2362
2252 2328
2010 2590
2090 2530
2094 2539
2048 2592
1978 2705
1913 2836
2029 2642
2162 2484
1811 3096
1875 2910
2014 2684
2093 2609
1942 2889
2100 2668
2293 2428
2151 2631
2222 2523
2231 2531
2154 2660
2327 2425
1981 2956
2069 2857
1939 3144
2345 2457
2113 2821
2183 2717
2103 2862
2141 2840
2178 2781
2267 2628
2150 2847
2342 2518
2235 2728
1941 3348
2995 2132
2184 2882
2658 2355
2107 3047
2221 2823
2194 2914
2240 2825
2286 2766
2265 2813
2074 3215
2290 2785
2249 2859
2340 2711
2273 2865
2352 2712
2503 2617
2102 3392
2224 3138
2187 3238
2175 3272
2379 2837
2490 2735
2238 3216
2380 2900
2583 2659
2207 3306
2749 2537
2389 2909
2237 3261
2478 2795
2316 3099
2338 3075
2243 3283
2190 3426
2311 3139
2330 3114
2735 2583
2475 2848
2410 2941
2369 3081
2757 2610
3075 2435
2370 3154
2630 2826
2523 2951
2620 2852
2219 3601
2711 2791
2516 3017
2483 3072
2487 3064
2866 2644
2559 2984
2623 2901
2445 3136
2566 2996
2382 3304
2394 3267
2798 2765
3030 2569
2702 2878
2427 3240
2423 3294
2659 2983
2305 3624
2801 2860
2525 3196
2733 2936
2550 3176
2574 3161
2673 3034
3041 2658
2730 2985
2533 3249
2934 2783
2661 3107
2624 3171
2750 3014
2700 3173
3345 2565
2902 2949
2761 3137
2718 3198
2781 3133
2505 3489
2606 3421
3100 2829
2457 3639
2921 3037
2547 3536
3129 2832
2875 3111
2468 3657
3458 2608
2589 3488
2941 3050
2837 3185
2701 3386
2682 3404
2632 3482
2794 3259
2568 3597
2678 3446
2697 3435
2593 3606
2901 3187
2877 3236
3201 2895
2722 3463
2856 3286
2704 3525
2961 3228
2975 3207
2603 3727
2843 3393
3120 3104
2831 3428
2629 3720
2535 3857
2493 3937
2666 3703
2647 3737
2725 3645
2944 3350
3035 3265
2720 3699
3361 2981
2808 3590
3078 3279
2845 3554
3650 2754
3411 2969
2905 3535
2804 3676
2688 3844
3070 3403
2451 4301
3006 3467
3101 3378
2512 4197
2925 3595
2656 3951
2686 3913
3090 3411
2792 3769
2816 3750
3047 3495
3054 3512
2815 3790
3547 3018
2698 3975
2625 4127
3387 3182
2639 4139
3213 3389
2741 3989
2799 3903
2966 3694
2742 4017
3496 3200
2916 3820
3256 3448
3394 3323
2366 5149
3013 3741
2832 4046
2956 3865
2676 4340
2874 3978
2472 4896
3149 3670
3316 3504
2848 4052
2830 4104
3130 3710
3034 3821
2695 4456
2920 4033
3193 3697
3155 3733
3181 3725
3105 3803
2991 3927
3196 3721
2814 4277
2748 4414
3049 3909
3115 3840
3040 3949
3039 3956
2965 4105
2890 4239
3303 3736
2998 4140
3321 3757
2996 4162
3340 3758
3008 4167
2710 4853
3168 3943
3125 4035
3410 3730
3067 4190
3186 3997
3499 3705
3309 3914
3478 3745
3580 3651
3294 3974
3262 4032
2993 4475
3546 3732
3408 3878
3236 4088
2852 4823
3691 3584
3172 4204
3746 3548
3392 3931
2752 5185
3281 4078
3280 4079
3406 3922
3128 4308
3451 3891
3230 4171
3020 4537
3216 4206
3276 4121
3223 4245
3416 4005
3417 4060
3286 4271
3455 4050
3349 4198
3311 4273
3355 4266
2968 5077
3557 4009
3487 4122
3484 4144
3519 4108
3268 4491
3306 4439
3473 4188
3010 5080
2885 5364
3033 5034
3438 4281
3532 4152
3332 4517
3064 5143
3214 4760
3556 4193
3368 4500
3542 4214
3255 4700
3712 3976
3160 4970
2810 5783
3389 4543
3449 4480
3802 3901
3545 4311
3558 4302
3285 4805
3584 4303
3579 4329
3554 4415
3012 5536
3435 4669
3414 4710
3639 4331
3608 4394
3566 4481
3601 4425
3561 4520
3597 4471
3868 4031
3477 4768
3688 4319
3385 4979
3797 4143
3617 4518
3822 4114
3197 5378
3124 5510
3424 4974
3483 4843
3328 5188
3492 4863
3635 4566
3283 5291
3570 4688
3148 5557
3963 4029
3343 5195
3418 5089
3932 4111
3575 4763
3764 4369
3429 5133
3709 4484
4030 4068
3538 4957
3210 5580
3522 5025
3969 4142
3798 4382
3426 5225
3739 4526
3752 4510
3535 5035
3646 4757
3513 5152
3805 4448
4065 4125
3747 4593
4949 3628
3876 4391
3720 4698
3591 5072
3524 5226
3614 5041
4356 3959
3661 4917
4033 4275
3757 4731
3613 5146
3397 5566
3704 4959
3779 4748
3726 4910
4260 4154
3653 5107
3882 4587
4155 4285
3836 4656
3748 4950
3694 5076
3922 4561
2987 6673
3917 4601
3928 4616
3751 5052
3544 5496
3593 5423
4392 4181
4024 4571
4330 4276
4965 3859
3744 5165
3644 5392
3857 4880
3192 6333
3807 5019
4327 4310
3938 4776
3902 4920
3582 5636
3887 4983
3856 5048
3866 5051
3843 5114
4872 4022
4437 4371
4120 4705
4126 4699
4080 4764
4307 4534
3658 5589
3833 5212
3904 5108
3716 5486
4255 4635
3961 5097
3777 5426
3983 5111
4917 4159
3664 5728
4161 4928
4403 4625
4211 4879
4006 5172
3971 5223
3943 5273
3682 5801
4137 5070
3629 5966
3825 5533
4426 4702
3520 6262
4349 4827
4225 5037
3978 5345
4210 5081
4217 5096
3641 6084
4652 4573
3787 5745
3508 6508
4025 5411
4040 5399
4531 4804
4089 5343
4662 4654
3913 5592
4154 5299
3891 5629
3949 5571
4182 5289
3909 5645
4214 5263
4310 5166
4167 5349
4578 4868
4706 4711
4513 5000
4888 4651
3795 5983
4308 5297
4252 5370
4203 5446
4586 5047
4584 5062
4244 5434
4118 5593
4093 5615
4233 5470
4008 5734
4165 5553
3637 6648
4466 5260
3721 6385
4905 4899
4333 5482
4073 5787
4044 5839
3622 6891
4313 5537
5022 4799
4644 5201
4812 5075
3921 6053
4206 5716
4998 4977
4663 5296
5133 4849
4769 5259
4587 5442
4488 5524
4390 5631
5001 5071
4547 5498
4558 5491
4092 6003
5198 4857
4972 5128
4891 5203
4082 6038
4861 5243
4641 5440
4176 5954
4765 5351
4479 5632
4360 5771
4444 5697
4281 5878
4382 5779
4011 6255
4527 5646
4538 5628
4860 5337
4477 5714
4824 5388
4298 5922
4575 5626
4588 5624
4297 5963
4601 5684
4412 5875
4172 6192
4816 5539
5494 4793
5089 5282
4230 6186
4524 5846
5024 5365
4133 6347
4733 5657
4702 5692
4543 5865
4926 5480
3692 7594
3925 6829
4280 6220
4801 5679
4610 5844
4134 6456
4443 6023
4254 6274
4208 6337
5113 5395
3920 6915
5191 5316
4986 5518
4363 6174
4478 6025
5413 5123
4602 5933
4482 6075
4919 5660
4150 6585
4043 6802
5365 5229
3632 8160
4797 5814
5066 5562
5093 5583
4136 6739
5647 4989
4826 5856
4802 5908
4102 6867
4996 5743
5573 5181
4940 5832
4097 6972
5273 5511
4854 5944
4696 6090
4942 5848
4618 6194
4144 6943
5367 5445
4770 6111
4958 5918
4700 6210
5737 5168
4633 6315
4729 6209
4506 6523
3924 7669
4833 6164
5286 5688
4616 6400
4904 6105
4296 6984
4691 6383
5677 5334
4793 6302
5057 6042
5050 6059
6481 4689
6340 4802
4516 6756
4627 6641
5656 5458
4692 6559
4781 6463
4969 6248
4344 7189
4574 6819
5046 6196
4573 6864
5016 6242
4805 6544
4684 6734
4785 6627
4889 6487
5162 6135
4978 6340
4576 6936
4980 6344
4809 6628
4982 6376
5071 6325
5152 6236
5082 6339
4685 6903
5067 6366
4966 6514
4776 6795
5229 6225
5308 6124
4846 6776
6329 5219
5673 5747
4880 6775
5155 6367
4883 6791
5078 6498
5196 6342
6689 5024
5369 6154
4370 7715
5580 5920
5411 6145
5293 6323
5393 6197
5287 6357
5172 6530
5234 6482
5450 6160
4821 7138
5485 6167
5338 6363
4751 7300
5501 6169
4085 8416
5602 6054
4892 7134
4597 7583
5090 6806
5461 6237
5105 6804
4836 7296
5245 6684
4057 8487
5135 6898
4876 7355
5257 6737
5652 6159
4857 7413
4713 7604
4711 7662
6703 5393
5305 6738
4943 7344
5745 6115
5276 6844
5509 6435
5171 7036
5387 6656
5253 6947
5483 6542
5356 6751
5412 6670
5179 7126
5588 6448
5268 7075
5069 7417
5796 6228
5120 7336
5603 6505
5912 6136
4914 7719
5384 6890
6027 6074
6223 5927
5571 6652
5567 6667
5729 6414
6020 6126
5478 6858
5718 6484
5374 7034
5658 6589
5439 6950
5278 7307
5328 7210
5925 6277
5756 6494
5086 7670
5787 6464
4803 8188
5019 7840
5610 6768
5038 7816
5041 7853
5280 7439
6528 5895
5310 7524
5563 7046
4450 8531
5177 7829
5390 7395
5248 7754
5455 7310
5074 8045
5345 7529
5193 7879
5176 7907
5935 6592
5702 6948
5731 6926
5146 7996
5650 7070
5694 7051
5645 7179
5682 7133
5498 7462
5072 8251
5642 7231
6025 6690
5525 7448
5852 6904
5244 8064
6039 6727
5827 6991
6075 6692
5385 7763
5666 7297
5544 7528
5739 7225
6255 6575
5558 7551
5363 7982
5902 7083
5639 7537
6305 6682
5784 7354
5906 7175
5506 7874
6211 6820
5400 8116
5582 7831
6792 6318
6191 6968
5432 8167
5523 8034
6183 7040
5757 7612
5808 7536
6522 6696
6000 7301
5918 7402
5628 7917
5634 7913
6173 7151
5747 7793
6431 6906
5982 7447
5511 8204
7484 6016
5431 8308
6179 7272
5868 7697
5823 7788
6385 7077
5944 7599
6401 7081
6088 7469
6990 6489
7492 6134
6009 7584
6843 6659
5803 7944
6473 7098
5535 8369
5915 7854
6252 7445
7059 6556
6036 7741
5985 7797
6810 6875
6386 7339
6599 7154
5609 8401
6687 7119
6280 7542
7170 6638
6578 7260
7034 6784
6070 7929
6107 7885
6549 7340
7119 6745
6999 6884
6356 7624
6303 7751
5758 8390
6382 7695
6021 8141
6394 7683
5994 8177
5843 8334
6439 7666
5709 8467
7109 6977
6985 7102
7514 6606
6142 8079
6384 7798
7421 6708
6311 7911
6097 8161
6942 7229
6454 7876
7677 6570
7849 6346
6623 7759
6204 8235
6842 7495
7072 7306
6063 8372
6413 8044
6403 8057
6177 8309
7789 6595
6126 8379
6760 7749
6289 8250
7040 7452
6869 7596
6012 8460
5901 8505
6419 8184
7618 6916
6814 7775
6829 7792
7528 7149
7615 7038
6769 7972
7178 7530
6850 7934
7069 7700
7537 7232
7127 7718
6831 8031
6928 7958
6398 8414
6512 8377
6383 8464
6839 8122
6338 8480
6899 8086
6959 8042
8058 6331
7146 7891
7320 7672
7220 7818
7083 7973
6989 8078
6440 8481
7171 7974
7224 7941
7032 8126
7062 8135
7438 7761
6816 8357
7214 8053
6722 8448
7410 7898
6661 8477
7288 8074
7478 7991
7454 8114
7858 7623
7011 8485
7162 8453
6750 8553
6772 8552
7533 8293
7494 8329
7470 8421
7373 8499
7775 8305
7931 8159
7927 8427
7996 8575
