167977404 362442651
1
sift 160
148 140
281 315
400 323
394 476
513 411
490 449
530 478
692 514
636 625
971 544
798 657
667 797
769 706
768 733
703 811
916 675
820 790
944 831
1018 773
964 894
1127 902
1028 1076
1215 1037
1438 1063
1365 1285
1296 1391
1406 1459
1587 1316
1875 1263
1490 1512
1798 1317
1750 1455
1919 1449
1583 1737
1817 1639
1764 1725
1713 1847
1928 1752
1854 1837
1863 1831
1897 1825
1822 1888
2077 1741
2035 1801
2097 2013
2717 1688
2051 2209
2587 2045
2300 2387
2222 2497
2642 2380
3001 2207
3179 2164
2592 2481
2613 2478
2817 2360
2659 2863
3231 2589
2467 3219
2599 3070
3362 2639
2923 2926
3350 2695
2891 3057
3348 2870
3616 2698
3385 3009
3015 3316
3257 3203
3245 3216
3058 3355
3573 3081
2944 3679
3319 3682
3745 3313
4816 2800
3771 3419
4190 3165
4193 3352
3694 3794
4062 3559
4250 3433
3855 3748
3813 3844
3919 3879
3969 3831
4650 3385
3846 4024
3940 3978
4411 3667
4364 3700
4549 3689
4585 3737
5240 3440
5261 3599
4974 3765
5780 3388
3894 4894
4500 4517
4826 4365
5600 4186
5834 4085
4201 5200
5369 4329
5587 4392
5067 4686
6090 4148
5152 4774
5335 4665
5210 4784
4893 5125
5191 4869
4804 5332
5653 4757
5163 5166
6294 4550
5664 5223
5690 5294
7181 4463
5189 5916
5323 5910
6204 5183
5529 5851
7241 4642
5236 6306
5976 5643
5670 6304
5870 6519
6045 6438
6440 6297
7409 5691
6456 6416
5952 6904
7879 5559
8004 5616
6750 6525
7598 6189
8673 5950
7740 6631
6658 7474
7785 6656
7580 6997
7638 7162
7554 7240
7442 7430
7572 7512
7919 7286
6941 8283
7660 7840
7491 8257
7711 8329
7736 8470
8520 7945
8811 7719
7288 9125
8386 8366
8063 8762
8628 8338
8412 8619
7738 9548
167977404 768479201
1
sift 3314
33 38
32 28
5 4
59 75
41 50
12 13
123 126
36 30
9 16
149 149
73 69
14 12
135 137
45 36
11 15
292 297
143 118
25 20
161 190
74 72
24 24
274 314
180 214
27 29
194 197
196 175
35 35
396 471
208 246
38 33
297 283
197 181
42 44
559 677
221 241
48 40
328 304
229 201
43 49
508 757
267 280
52 45
333 313
218 212
56 37
699 550
317 272
46 61
348 379
289 193
57 51
632 699
331 300
54 55
444 499
248 240
65 59
627 738
325 310
71 54
471 498
277 238
58 73
704 916
386 306
62 71
761 698
347 218
69 67
796 954
384 316
64 81
612 819
364 268
67 77
778 1051
419 340
83 66
706 832
342 290
70 90
823 987
426 366
102 68
812 774
382 324
99 79
830 1004
547 432
78 96
839 885
568 375
95 84
925 970
560 530
82 99
883 901
539 427
88 103
1086 1130
669 669
91 102
895 891
688 493
115 95
929 1341
618 786
108 111
917 876
713 614
112 116
1064 1177
685 753
118 146
977 926
727 622
130 131
1183 1256
804 655
134 123
927 995
836 732
127 141
1022 1414
844 765
131 143
969 1147
777 839
148 125
1161 1310
957 894
140 153
1030 1161
824 841
142 155
1048 1479
1311 787
150 139
1219 1046
974 759
163 138
1107 1401
1156 920
183 120
1291 1135
1019 828
176 148
1192 1471
1040 1013
156 174
1283 1416
1003 850
173 163
1326 1528
1109 1042
145 219
1319 1386
982 931
212 147
1415 1494
1234 1082
155 213
1444 1359
1110 982
177 168
1330 1625
1194 1154
234 145
1559 1314
1255 939
182 167
1361 1719
1103 1232
210 157
1512 1516
1218 1009
167 211
1339 1820
1560 1213
187 184
1492 1551
1324 937
172 220
1430 1700
1543 1588
170 229
1484 1672
1509 1174
246 164
1508 1639
1742 1507
179 202
1529 1679
1482 1187
189 205
1485 1800
1472 1838
202 196
1729 1593
1578 1165
262 176
1588 1887
1540 1828
181 249
1635 1789
1681 1229
225 207
1572 1943
1766 1678
253 189
1689 1865
1435 1412
226 217
1555 1995
1970 1533
217 248
1828 1773
1670 1351
270 222
1685 1899
1610 1947
291 209
1456 2229
2073 1264
252 245
1691 2017
1986 1701
282 232
2014 1670
2036 1342
275 235
1894 1851
2070 1696
307 210
1842 1913
1757 1950
288 242
1892 1993
1924 1860
263 258
1717 2141
2158 1634
318 225
1829 2161
1800 2124
243 277
2088 1975
2330 1720
250 274
1988 2096
2219 1954
260 269
2020 2133
2596 1637
259 276
2075 2177
2384 1881
281 266
2049 2224
2151 1985
290 270
2171 2178
2326 2072
241 309
2067 2375
2422 1799
269 285
2283 2320
2334 2109
326 250
2132 2503
2429 2006
312 265
1954 2922
2217 2391
271 307
2291 2455
2689 1858
279 302
2116 2938
2378 2140
304 284
2523 2483
2488 2101
321 271
2306 2882
2512 2103
301 298
2333 2825
2474 2180
310 299
2427 2761
2275 2541
306 308
2617 2558
2460 2234
300 337
2356 2998
2570 2223
379 264
2653 2559
2536 2281
295 347
2582 2679
2400 2571
299 348
2433 2924
2466 2405
314 335
2448 2941
2781 2181
355 296
2470 2909
2504 2366
332 327
2469 3065
2881 2130
366 292
2776 2570
3020 2104
335 326
2691 3126
2687 2344
392 289
2618 2774
2566 2481
421 282
2932 2962
2574 2517
353 322
2505 3117
3037 2197
336 355
2520 3476
2824 2520
327 373
2361 3567
3309 2368
339 359
2458 3841
3036 2625
323 389
2558 3279
3173 2574
390 315
3146 3048
3022 2741
433 294
3134 2676
2831 2976
400 328
3696 2548
3387 2673
387 350
2840 3388
3097 2919
293 509
2737 3580
3221 2880
341 402
3317 3041
3297 2851
410 345
2485 4109
2874 3434
362 385
2595 3996
3153 3036
350 398
3130 3526
3495 2939
406 356
3357 3191
3986 2550
401 362
3055 3689
3101 3450
365 388
3574 3087
3397 3238
393 369
3244 3810
3613 3063
427 344
3386 3295
3935 2760
361 401
3053 4153
3631 3064
368 404
3048 3642
3991 2842
398 384
3195 4052
3247 3525
388 395
3226 3539
3455 3428
404 392
3159 4188
3400 3444
425 380
3237 3657
3364 3798
376 436
3500 3769
3447 3673
354 461
3496 3601
3775 3331
373 449
3176 4515
3467 3679
424 418
3407 3800
4237 3086
532 329
3619 3932
2920 4899
407 434
3656 3941
4238 3170
528 332
3678 3909
3617 3767
423 424
3320 4655
3924 3370
405 439
3370 4539
3939 3424
470 368
4054 3616
3970 3452
432 425
3451 4573
3999 3505
458 396
3835 3992
4101 3409
443 415
3809 4127
3764 3837
414 460
3579 4605
4153 3402
412 483
3568 4616
3857 3961
453 429
3620 4551
3661 4007
549 376
3866 4305
4144 3750
571 381
3900 4282
4052 3705
434 511
4056 4124
4091 3959
558 390
3822 4528
4714 3285
520 421
4158 4100
4528 3729
457 473
3545 5168
4172 3627
499 438
3990 4661
4247 4131
480 450
4169 4294
5015 3163
476 458
4048 4675
3975 4647
541 409
4035 4653
4371 3766
604 383
4135 4623
4498 4158
637 374
4111 4636
3666 4945
416 596
3768 5271
4278 4600
501 452
4248 4665
4323 4035
581 410
4396 4797
4808 4130
600 399
4166 4941
3807 4736
445 542
4121 5218
3815 5488
587 419
4660 4628
5089 3509
684 372
4039 5521
4703 4489
452 544
4322 5051
4994 4093
530 457
4306 5390
5059 4365
602 413
3997 5904
4710 4492
601 414
4387 5428
5186 4399
487 505
4745 5056
4960 4254
448 572
5128 4869
4472 5121
540 474
4841 5098
4952 4345
576 451
4787 5381
4858 4817
509 502
4881 5311
4905 4513
513 496
3651 7599
5235 4614
652 420
4999 5258
5897 3738
512 510
4376 5973
5233 4882
552 488
4730 5540
5113 4475
646 445
3895 7216
4855 5319
510 559
4932 5447
5602 4174
641 463
5206 5520
5136 5055
615 513
4859 5513
5137 4909
580 552
5339 5476
4634 5604
525 612
4894 5598
5876 4281
511 653
4365 6973
5166 5140
578 584
4436 6212
5801 4446
561 602
5132 5851
5213 5110
605 555
5441 5247
5519 4779
640 536
5180 5843
5427 4989
687 495
4512 6458
5643 4676
456 776
5299 5803
6139 4629
505 702
5066 5821
5421 5044
546 639
4297 7814
5006 5692
589 590
5630 5432
5346 5158
570 613
4786 6913
5248 5620
599 588
6829 4449
5594 4999
716 503
5531 6648
5326 5652
648 554
5318 5712
6338 4427
582 634
5520 7193
5917 5142
759 485
5407 5738
5949 4848
656 560
5392 7722
6233 5011
564 667
5231 6075
7066 4111
588 645
6215 6412
5857 5363
556 687
5436 5850
6168 5000
585 665
6428 6274
5650 5550
622 628
5495 5892
7089 4401
609 637
5808 7305
5736 5687
693 567
5710 5796
5996 5242
645 619
6888 6104
6132 5430
692 570
5260 6692
7226 4512
690 575
6243 6869
6067 5631
574 715
4794 7589
6046 5336
614 657
6242 6976
6450 5408
729 553
6255 5729
6332 5184
636 642
6435 6768
5861 5968
783 527
6020 6029
6685 5042
780 535
5911 7574
5718 6217
634 658
6015 6149
6453 5391
553 752
6379 6872
6077 5775
606 703
5357 7143
7000 5085
653 654
6086 7327
5699 6284
677 626
6184 6022
6584 5482
818 524
5945 7638
5686 6592
584 751
6209 6068
6515 5538
697 623
6022 7451
6034 6082
792 551
6548 5885
6826 5376
711 630
6005 7634
6682 5622
681 648
6378 6534
7864 4853
724 616
5766 8135
6249 6396
665 693
6048 7156
5702 6945
793 569
6208 7600
6270 6411
689 661
6230 7197
7340 5483
763 593
6616 7034
5987 6890
738 621
7334 6256
6629 6200
667 700
6313 7565
6919 6124
785 577
6681 7091
6153 6761
784 582
6348 7668
5733 7855
725 644
6527 7433
7272 5669
790 578
6698 7455
6314 6907
703 678
6466 7643
6400 6508
662 722
6872 7491
6615 6550
901 506
6778 7223
6959 6020
621 761
7282 7035
6552 6949
673 717
7534 6494
8197 5287
826 576
6830 7642
6746 6874
756 647
7758 6347
6509 6960
788 641
7500 7013
7113 6526
795 636
6833 7269
7953 5903
700 735
7072 7482
7176 6583
626 791
6947 7145
7669 6254
848 586
7612 7099
7425 6514
798 649
7137 7005
7708 6356
719 741
6933 7872
7025 7006
954 537
6992 7255
7410 6675
862 600
6932 8011
6333 7973
720 745
6873 7439
9007 5305
752 729
7168 7726
7533 6678
813 668
7042 7292
7687 6503
768 719
7024 8007
8418 6010
702 780
7187 7146
6666 7583
750 755
6867 8175
6861 7585
666 824
7083 7613
7379 6966
743 770
7216 7847
6837 8021
701 806
7460 7336
7808 6849
741 782
6962 8121
7014 7817
941 608
7183 7766
8634 6167
723 803
7592 7586
7245 7762
807 747
7357 7930
7428 7633
705 825
8117 7567
8164 7110
853 704
7063 8258
8156 7209
816 756
7889 8103
8614 6813
740 815
8584 7639
8684 6810
860 726
8293 8379
7927 7569
890 701
7751 8391
8468 7125
779 800
8566 8358
7279 8253
749 843
8285 7442
827 768
8845 8350
7483 8255
946 681
8465 7423
755 849
8768 7153
644 1038
8443 7529
958 692
8558 7576
805 810
8633 7346
726 917
8170 8157
803 833
6827 8450
867 775
8543 7909
762 903
8043 8179
888 766
9012 7188
825 830
8266 8317
972 733
995 713
8931 8206
870 799
871 798
841 855
993 734
963 754
737 1022
852 875
899 826
834 923
1074 730
921 820
1044 742
840 946
962 801
916 861
801 1044
817 1020
797 1072
873 951
1043 779
829 1043
1263 710
944 877
887 950
1011 814
904 945
920 938
987 862
1024 821
1170 769
919 959
964 899
1133 785
1080 808
850 1100
866 1078
1057 831
1077 823
1025 857
1275 758
1039 856
1014 889
1175 789
931 988
942 980
1189 788
891 1064
1198 818
1081 893
1159 848
858 1188
1046 929
1164 865
1266 807
1018 967
1108 911
981 1036
988 1025
1033 973
1047 968
998 1029
1193 878
1127 919
1252 844
985 1055
961 1105
1297 827
1185 897
846 1297
889 1216
1220 890
1028 1028
1055 1002
950 1158
1006 1084
1071 1003
1010 1091
1149 956
1230 918
872 1324
1271 908
1021 1117
1258 925
1087 1057
1126 1021
1062 1099
1304 912
1076 1094
1012 1155
1269 955
1254 978
992 1203
1095 1107
945 1269
1002 1195
1208 1011
1004 1199
1123 1102
1231 1012
1243 1017
1180 1077
1250 1016
966 1268
1136 1112
1104 1141
1111 1132
1054 1179
1147 1109
1277 998
1525 840
1408 913
1138 1134
1035 1210
1116 1149
1005 1255
1124 1151
1061 1206
1052 1225
1214 1115
1273 1068
1268 1073
1379 977
1225 1123
1325 1041
1318 1052
1146 1190
1150 1197
1203 1169
1426 975
1448 962
1393 1008
947 1458
1199 1172
1174 1209
1229 1171
1196 1196
1078 1282
1072 1286
1211 1180
1355 1096
1574 927
1292 1138
1153 1236
1274 1156
1090 1298
1350 1111
1429 1024
905 1630
1368 1104
1267 1186
1097 1337
1163 1276
1172 1280
1228 1240
1166 1309
1671 947
1186 1303
1282 1231
1519 1045
1141 1361
1436 1120
1190 1330
1418 1137
1201 1323
1050 1474
1286 1254
1206 1334
1212 1327
1323 1234
1605 1032
1382 1198
1477 1124
1278 1292
1496 1116
1637 1039
1244 1339
1453 1152
1320 1263
1596 1075
1314 1288
1295 1313
1365 1257
1300 1332
1636 1090
1850 985
1882 972
1884 979
1401 1252
1438 1220
1633 1128
1721 1092
1603 1145
1575 1168
1433 1249
1347 1353
1098 1623
1259 1436
1788 1070
1284 1408
1795 1074
1533 1202
1217 1501
1577 1176
1582 1178
1706 1126
1877 1047
1246 1498
1390 1344
1327 1410
1516 1247
1332 1424
1561 1228
1336 1427
1562 1230
1322 1475
1075 1817
1579 1243
1777 1162
1549 1259
1598 1244
1388 1419
1364 1481
1289 1577
1397 1442
1470 1366
1399 1446
1279 1603
1722 1218
1384 1477
1515 1343
1473 1371
1280 1612
1329 1559
1668 1248
1774 1204
1380 1487
1804 1194
1459 1385
1600 1293
1404 1462
1387 1491
1432 1426
1302 1640
1665 1290
1373 1549
1740 1251
1376 1548
1846 1217
1900 1192
1422 1510
1316 1689
1464 1464
1400 1564
2139 1121
1495 1447
1801 1260
1460 1497
1602 1375
1480 1480
1646 1363
1344 1708
1417 1569
1446 1530
1594 1392
1739 1320
1520 1485
1813 1296
1677 1378
1551 1468
1321 1802
1487 1535
1544 1484
1483 1543
1628 1418
1386 1721
1449 1597
1678 1400
1916 1272
1392 1722
1548 1511
1538 1522
2017 1241
1427 1662
1787 1365
1630 1450
1934 1279
1645 1448
1534 1542
2104 1215
1587 1509
1659 1455
1523 1566
1830 1370
1595 1521
1680 1466
1451 1683
1615 1513
1733 1423
1503 1621
2178 1221
1902 1349
1511 1653
1753 1460
1837 1395
1853 1390
1462 1742
1625 1554
1871 1388
1557 1617
1655 1552
2313 1191
1542 1654
1467 1771
1517 1729
1939 1381
2131 1289
1524 1734
2082 1321
1498 1767
1583 1657
1550 1717
1869 1443
1919 1411
1398 1930
1764 1531
1936 1406
1532 1769
1688 1601
1565 1739
1756 1565
1640 1673
1546 1779
1927 1461
1713 1607
1824 1561
1736 1615
1799 1583
1980 1459
1682 1715
2168 1373
1528 1889
1599 1827
1817 1616
1649 1791
1780 1646
2084 1432
1812 1629
1782 1665
2143 1397
1798 1652
2310 1329
1851 1619
1699 1774
2053 1496
1657 1839
1814 1735
1827 1733
1761 1784
1977 1587
2121 1493
1854 1712
1897 1667
2005 1592
2027 1581
1775 1805
1725 1845
1915 1688
1889 1723
1702 1880
2177 1500
2078 1573
1994 1631
1852 1794
1586 2027
1901 1755
1771 1863
1693 1925
1696 1934
2201 1526
1792 1877
2220 1523
1859 1849
1904 1806
1946 1797
1708 1981
1750 1955
1903 1836
1886 1861
2128 1642
1808 1922
1863 1883
1972 1810
2417 1473
1861 1908
1873 1910
2056 1768
2083 1758
2561 1398
1755 2029
1765 2021
2202 1645
1726 2071
1942 1878
1758 2049
1723 2079
2370 1537
2345 1550
1925 1904
2081 1807
1802 2047
2195 1747
2243 1692
2039 1864
2063 1852
2358 1599
2260 1702
1744 2176
1930 1960
2144 1818
2359 1624
2440 1578
2327 1663
1746 2247
2478 1568
2028 1940
1785 2208
1940 2019
2122 1869
2290 1743
1938 2038
2023 1962
2079 1924
1823 2240
2465 1620
2343 1738
2051 1956
2392 1704
2221 1856
2281 1816
2321 1785
2092 1986
2513 1641
2102 1984
2322 1824
2233 1898
2097 2039
2590 1636
1840 2409
1838 2420
1962 2205
1920 2280
2225 1933
2516 1726
1973 2225
2274 1911
2112 2066
2463 1781
2249 1937
1831 2511
2710 1628
1971 2312
2100 2153
1983 2317
2556 1780
2540 1793
2297 1957
2685 1725
1947 2442
2250 2030
2490 1848
2147 2159
1857 2640
2976 1613
2042 2332
2037 2371
2324 2001
2134 2256
2645 1808
2044 2419
2312 2056
2234 2145
2364 2007
2353 2022
2412 1961
2621 1843
2414 1959
2563 1871
2538 1885
2401 1987
2676 1823
2862 1753
3062 1651
2548 1902
2212 2249
2127 2346
2125 2363
2581 1892
2682 1854
2199 2316
2351 2082
2482 1964
2223 2273
2483 1966
2247 2236
2222 2279
2089 2506
2279 2226
2783 1841
2660 1907
2521 1976
2652 1914
1907 2902
2511 2026
2748 1886
2974 1811
2679 1920
2799 1879
2096 2639
3673 1546
2227 2429
2163 2545
2468 2093
2045 2738
2048 2739
3251 1757
2190 2538
2398 2194
2186 2547
2265 2389
1956 2966
2140 2626
2722 1948
2768 1919
2354 2284
2650 2010
3132 1829
2806 1936
2259 2487
2554 2107
2268 2488
2859 1939
2269 2492
2206 2665
2262 2542
2192 2722
2381 2373
2580 2154
2368 2440
2167 2817
2336 2499
2772 2040
2518 2270
2331 2535
2208 2786
3025 1938
2449 2379
2946 1971
2494 2314
2700 2118
2552 2265
2711 2119
2376 2500
2571 2258
3669 1740
2487 2358
2592 2267
2635 2217
2713 2156
2898 2048
2658 2202
2508 2374
2624 2250
3034 1988
2666 2212
2237 2809
2374 2594
2651 2243
2960 2044
3122 1974
2318 2702
2522 2412
2464 2489
2594 2337
2419 2573
2479 2497
2161 3133
2659 2306
2309 2812
2546 2437
2444 2580
2373 2693
2610 2367
2418 2615
2397 2660
2742 2268
3482 1903
2854 2183
2496 2537
2625 2392
2668 2340
2661 2350
2436 2662
2528 2528
2524 2539
2240 3026
2557 2510
2875 2233
3327 1997
2026 3522
2778 2295
3095 2091
2416 2737
2913 2221
2972 2174
2613 2466
2531 2566
2454 2685
2599 2496
3107 2105
2486 2659
2908 2252
2568 2556
2823 2308
3194 2094
2527 2627
2387 2860
2756 2388
3042 2185
2428 2829
3187 2122
2701 2458
2996 2274
2745 2449
2525 2715
2664 2544
3196 2170
2702 2532
2838 2416
2560 2703
3021 2282
3000 2310
2934 2353
3598 1978
2684 2592
2587 2713
3163 2239
2705 2584
2200 3445
2977 2370
3111 2297
2887 2452
2680 2643
2514 2878
2670 2661
2747 2586
3013 2386
2616 2748
3275 2235
2294 3304
2851 2507
2872 2493
3524 2076
2434 3080
2769 2595
2767 2601
2424 3125
2807 2585
2836 2567
2407 3176
3017 2454
3083 2434
2856 2606
2891 2590
3318 2300
2409 3230
2832 2638
2929 2557
3216 2381
2952 2549
2998 2521
2738 2745
3355 2296
3114 2444
2749 2751
2721 2793
2663 2867
3299 2334
3329 2319
2671 2864
3321 2331
3288 2362
2559 3038
2605 2978
2695 2872
2703 2862
3323 2345
3550 2193
2841 2711
3259 2423
3178 2473
3262 2435
3223 2450
3410 2325
2943 2645
3426 2323
3473 2301
3170 2505
2753 2853
3513 2275
2693 2949
2726 2915
3088 2599
2451 3310
2626 3055
3131 2569
3058 2611
3609 2228
3365 2424
3437 2356
3291 2465
2718 2956
3392 2415
3270 2484
2842 2822
2843 2823
3185 2555
3623 2242
2994 2719
2893 2806
3423 2418
3126 2616
2948 2767
2785 2916
3589 2286
3336 2477
2340 3611
2919 2813
3697 2207
2760 2981
3142 2667
2864 2913
2677 3153
2732 3078
3044 2762
2796 2988
3285 2593
2834 2964
2603 3255
3514 2421
3003 2821
2717 3135
2608 3249
2992 2838
2959 2888
3030 2816
2969 2905
3861 2189
3019 2863
2889 2994
2955 2921
3471 2519
3243 2698
2923 2967
3001 2906
2385 3708
3006 2908
3182 2766
2795 3115
2879 3022
2848 3072
3150 2794
3093 2845
2757 3172
3231 2749
2927 2993
4047 2139
3295 2708
2545 3451
3506 2530
2973 2982
3530 2518
3188 2820
3492 2560
3350 2699
3032 2952
2817 3179
2750 3246
2771 3219
2937 3090
3489 2604
2876 3165
3378 2720
3635 2476
2797 3222
2674 3356
3098 2960
3269 2831
3408 2716
3002 3103
3777 2397
2606 3499
3358 2782
2918 3177
3167 2942
3430 2730
3361 2792
2986 3141
3014 3119
3240 2917
3192 2959
3018 3116
2924 3208
2852 3277
3385 2834
3171 3012
3369 2855
3330 2897
3096 3106
3417 2808
3351 2898
2909 3288
3179 3061
3949 2393
2808 3367
3558 2725
3229 3054
2348 4381
3008 3234
3738 2564
4145 2302
3031 3217
3491 2804
3608 2696
3362 2946
2697 3568
3595 2712
3073 3203
2803 3423
3973 2427
3916 2461
3139 3185
3490 2874
2692 3650
3256 3128
2861 3419
3212 3161
3070 3252
3337 3039
3157 3207
2958 3354
3457 2944
3446 2957
3198 3201
2837 3494
2804 3536
2839 3496
3225 3196
3472 2974
2930 3416
3206 3231
3603 2848
4007 2491
3133 3283
3903 2579
3616 2844
2805 3609
3662 2787
3845 2634
3189 3280
2846 3599
3448 3085
4203 2436
3643 2850
3389 3162
2953 3490
3755 2763
2906 3579
3618 2907
3190 3317
2966 3516
3224 3307
4083 2526
2835 3682
3257 3289
2780 3742
2764 3795
3135 3372
3199 3332
3522 3059
3536 3029
3404 3198
3315 3265
2921 3645
4003 2624
2963 3608
3016 3544
3136 3440
3487 3167
3572 3081
3081 3498
3287 3327
2873 3755
3838 2785
3209 3407
3319 3313
3348 3303
2944 3683
3676 2971
3442 3236
3041 3582
3026 3623
3679 2995
3484 3220
3573 3156
3379 3321
2845 3881
3587 3152
3702 2997
3636 3107
2866 3913
3772 2963
3300 3430
4156 2668
3638 3130
3510 3258
3322 3431
3708 3060
4159 2690
4871 2347
3729 3062
3787 2986
3416 3362
3718 3082
4408 2577
3301 3488
4071 2780
3091 3740
3474 3337
3711 3122
3730 3113
3202 3639
3583 3257
3366 3461
3763 3094
4046 2832
4282 2687
3346 3514
3968 2904
3891 2972
3570 3297
3747 3136
3440 3421
3580 3299
3898 2987
3942 2948
3563 3325
3517 3381
3106 3852
2999 3991
2829 4268
3628 3292
4214 2814
3087 3928
3740 3209
3967 2992
3941 3017
4309 2773
3425 3562
3414 3594
3261 3787
2997 4105
3144 3916
3459 3556
3749 3242
3465 3555
2983 4163
3283 3781
3431 3605
3793 3205
3717 3287
3099 4008
3434 3618
3438 3614
2993 4199
3515 3517
3592 3413
3586 3427
4211 2910
3963 3097
3879 3169
4328 2830
3653 3348
3934 3154
4620 2700
3842 3227
3531 3559
4290 2920
4525 2784
3177 4049
3449 3704
4256 2968
3538 3591
3349 3877
3529 3640
3497 3685
3477 3726
5047 2576
3846 3293
4277 2990
3796 3328
3923 3250
3117 4241
3958 3226
3311 3985
3466 3796
3479 3780
3971 3225
3086 4325
2853 4721
3307 4017
3525 3709
3488 3768
3145 4265
4313 3009
3253 4123
4744 2777
3232 4166
3219 4197
3948 3282
3824 3366
3242 4200
3422 3937
3668 3565
3754 3466
3714 3531
2902 4770
3180 4342
3553 3782
3512 3850
4406 3031
5085 2682
3485 3930
3602 3758
3641 3686
3332 4196
3280 4286
3832 3469
3709 3621
3035 4652
3741 3600
3518 3939
3344 4235
3779 3564
3862 3475
3904 3448
3637 3793
2907 5016
3994 3384
4188 3267
4097 3311
4357 3175
4335 3190
4588 3028
3969 3399
4233 3254
4062 3345
3340 4318
3534 3981
3629 3849
4389 3186
4257 3266
3059 4784
4438 3168
4602 3074
4208 3296
3825 3607
3581 3975
3840 3592
4128 3336
3671 3822
3712 3765
3748 3724
4182 3323
4417 3216
3633 3931
3535 4086
3724 3806
3607 4011
3670 3890
3333 4523
4221 3340
3938 3561
3478 4258
3181 4752
4646 3145
3565 4104
4514 3211
3985 3546
4888 3020
4044 3493
4085 3465
3703 3904
3771 3832
5430 2768
4250 3369
3659 4009
3983 3603
3450 4460
3494 4362
3784 3863
3526 4319
4120 3506
3750 3934
4362 3363
3859 3827
4170 3529
3561 4350
3632 4205
3812 3911
3813 3914
4312 3432
3281 4900
3843 3878
3743 4044
3767 4003
4244 3511
3732 4066
4053 3669
4385 3403
4605 3302
3908 3840
4032 3711
5105 3071
4132 3634
4286 3518
3647 4279
4287 3527
4267 3543
3929 3859
4232 3597
3737 4177
3005 5473
4193 3636
3893 3944
4363 3495
4577 3365
3894 3958
3802 4072
4431 3464
3819 4090
5143 3148
4321 3575
3627 4466
3882 4019
4597 3396
3129 5359
3765 4222
3927 3979
3993 3899
4456 3502
4727 3350
4421 3533
3551 4673
3880 4056
4020 3888
3811 4191
4715 3377
4596 3438
3829 4168
4163 3779
3642 4529
3593 4637
4173 3802
4424 3590
3654 4555
4364 3651
4672 3441
3646 4570
5572 3013
4261 3751
3486 4946
4569 3528
4699 3453
4114 3889
3910 4134
3645 4612
3878 4198
4269 3777
4461 3628
3960 4102
4494 3619
3834 4320
3418 5165
4739 3485
4723 3500
4936 3378
3694 4622
4627 3581
4108 4000
3953 4220
3622 4806
4857 3456
3502 5072
4050 4101
3612 4891
4093 4062
3433 5248
4066 4110
4444 3774
4095 4096
4264 3952
4116 4075
4849 3507
3912 4375
4347 3871
4078 4128
4304 3906
5145 3338
5017 3398
4057 4183
4104 4113
4234 3993
3911 4416
4175 4063
3734 4711
3758 4683
4967 3460
4409 3867
4065 4218
3499 5224
5039 3425
3977 4340
4481 3824
4361 3926
3795 4643
4051 4269
4394 3927
4652 3734
4019 4343
3713 4868
4898 3578
3974 4430
4136 4224
3532 5239
4037 4378
4218 4167
4743 3714
4160 4240
4870 3644
3869 4648
3814 4742
5282 3392
4241 4192
4000 4506
3902 4640
3790 4814
4890 3670
3961 4560
4289 4144
4675 3836
4318 4116
4284 4182
6929 2721
3782 4881
4529 3948
4720 3815
4926 3676
5068 3572
4921 3691
3864 4782
5014 3626
3919 4706
4630 3917
5134 3558
4497 4018
3868 4795
3907 4730
4403 4112
4484 4045
3757 5039
5022 3648
5573 3343
4395 4140
5120 3595
3827 4938
4447 4107
4022 4624
4650 3965
4305 4291
4524 4048
3976 4691
3890 4864
4024 4645
4086 4574
4909 3803
4134 4541
4042 4650
4249 4424
4425 4209
5523 3417
4319 4326
5112 3677
4761 3943
4299 4388
4648 4031
3877 4975
5023 3747
4971 3809
4082 4678
5238 3649
4854 3925
3856 5046
4507 4210
4996 3814
4045 4740
4809 3974
4689 4064
4272 4525
4345 4417
4351 4409
4561 4181
5076 3763
5236 3681
4063 4746
4378 4402
3752 5280
5026 3830
4427 4359
4026 4840
4229 4601
4006 4886
4876 3970
4725 4095
5397 3610
5684 3435
4641 4176
4500 4303
5672 3455
4951 3924
5389 3633
4822 4034
4704 4152
4440 4418
6418 3155
4504 4364
4611 4262
4432 4465
5415 3666
5434 3661
5314 3717
4852 4071
5044 3897
4333 4571
5033 3908
4383 4533
4546 4356
4509 4415
4001 5036
4488 4440
3922 5144
4537 4404
5544 3624
3944 5126
4768 4201
4654 4317
3978 5097
5525 3663
4683 4323
4868 4157
4148 4917
4697 4322
4222 4850
4127 4971
5153 3951
4782 4271
4706 4349
4686 4377
5245 3891
3887 5340
4530 4536
4137 4993
4599 4479
4515 4556
4670 4421
5298 3882
4963 4146
4555 4553
5152 4004
4772 4355
3918 5342
4688 4463
4469 4669
4251 4986
4676 4543
5369 3922
4966 4242
4585 4610
5205 4046
4369 4841
4748 4486
4889 4337
4549 4659
5859 3598
3936 5437
4002 5335
4897 4371
4911 4347
4791 4491
4033 5329
5347 3990
5320 4015
6099 3512
4918 4425
5246 4117
5353 4029
4729 4619
4779 4582
4674 4685
4452 4929
4642 4715
5131 4244
4217 5201
4400 5004
4906 4507
5220 4202
4884 4544
4294 5135
4449 4982
4162 5309
5343 4121
4800 4641
3957 5600
3901 5700
4799 4668
4775 4681
4532 4927
5381 4120
5335 4172
4856 4634
4151 5372
5177 4316
4587 4893
4662 4832
4917 4578
4679 4818
4326 5180
5008 4496
4411 5105
4503 5028
6798 3324
4755 4769
4483 5054
5229 4324
5418 4178
4593 4961
4259 5324
4942 4604
4572 4983
4190 5409
4734 4811
5932 3788
3744 6218
5909 3811
4227 5396
5319 4297
5349 4289
4437 5167
4423 5185
4547 5064
3543 6932
5241 4420
6227 3659
4480 5154
5040 4596
5875 3895
4576 5073
4726 4951
5455 4270
4693 5008
4798 4898
4896 4802
5262 4485
4036 5744
4280 5466
5927 3915
4862 4888
5503 4290
5375 4422
5541 4275
4535 5209
5471 4344
4910 4866
5097 4672
5122 4664
5147 4651
5954 3949
4940 4865
5546 4312
4571 5219
6943 3426
5058 4733
6170 3821
4893 4954
5103 4712
5532 4354
5682 4226
5227 4644
5364 4548
4614 5265
4746 5133
4324 5556
4820 5081
6248 3833
5926 4065
5174 4747
4681 5237
4556 5347
5127 4798
5598 4405
5030 4894
5476 4516
4404 5505
5571 4444
3854 6475
6116 3955
5370 4603
5663 4357
5239 4731
5693 4327
6503 3733
4816 5159
5095 4895
5923 4129
4770 5225
4344 5657
4570 5421
5242 4776
4846 5170
5587 4504
5080 4947
5173 4884
4450 5566
5148 4905
5179 4885
5285 4783
5198 4877
5722 4411
5315 4775
5069 5032
4826 5282
5542 4608
5677 4495
5440 4694
4564 5507
4828 5298
5912 4272
4920 5194
5306 4854
4975 5149
5169 5009
5280 4908
5191 5001
4300 5960
5785 4481
4860 5354
4099 6305
4750 5458
5802 4484
4266 6079
4551 5640
5704 4579
5725 4569
4059 6437
4637 5584
5064 5161
5527 4791
6002 4331
5125 5152
6657 3884
5763 4588
5156 5151
6175 4216
5497 4860
4902 5419
4468 5862
4548 5757
6109 4298
5882 4538
6082 4321
4810 5526
4997 5349
6074 4338
5634 4777
5990 4447
5445 4980
4821 5529
4692 5682
6039 4408
4558 5825
5307 5103
4749 5616
6847 3876
6357 4165
5742 4702
5167 5241
3897 7128
4603 5815
6525 4085
5526 4979
5534 4977
6654 4012
5034 5406
6316 4246
5475 5048
5635 4903
4288 6376
6187 4385
5402 5111
4621 5964
4441 6225
4698 5887
4202 6661
5841 4758
5845 4757
6909 3977
5878 4723
4695 5923
5540 5082
4563 6084
5576 5065
5139 5439
5968 4674
6421 4300
5584 5062
5201 5395
5356 5262
5269 5351
6299 4439
6080 4598
6018 4657
6148 4565
4928 5705
5212 5442
5877 4822
5848 4862
6416 4398
5454 5251
6149 4611
5485 5254
5981 4773
5950 4810
5240 5490
5719 5070
5562 5223
6081 4707
4777 6041
6904 4141
5259 5493
5013 5725
6277 4594
5570 5261
5119 5649
6096 4737
5472 5370
4985 5835
5230 5596
5481 5384
4671 6278
5600 5285
5582 5310
5901 5005
4346 6881
6320 4642
6098 4826
4915 6035
6133 4808
6032 4913
5019 5875
5388 5499
5626 5321
5974 5007
6256 4728
5181 5731
5952 5034
5007 5950
5290 5653
5608 5382
7269 4087
4487 6732
5664 5320
6850 4346
5189 5764
5667 5326
5820 5164
5074 5917
5834 5178
5690 5323
5416 5559
5715 5300
5107 5877
4341 7065
4677 6521
5838 5191
5224 5790
5842 5193
5880 5156
5928 5122
6376 4725
6095 4996
4073 7767
5332 5710
5866 5216
6590 4633
5355 5704
6817 4497
5061 6052
4301 7312
6426 4755
5486 5606
5830 5294
5860 5264
5354 5739
6145 5019
6835 4527
6858 4518
6398 4831
4914 6354
6693 4621
5900 5284
6298 4958
5522 5646
5799 5397
4644 6850
6957 4521
6078 5138
5443 5786
6127 5117
5417 5836
6017 5231
5921 5345
4978 6406
5303 6005
5502 5768
6094 5181
6780 4671
5368 5933
6188 5119
5761 5498
5396 5911
5706 5578
7325 4366
4988 6442
5321 6027
6105 5207
6374 5014
5323 6031
6735 4717
7252 4443
5768 5546
5157 6264
4373 7615
5479 5897
5816 5514
5574 5805
6433 5040
5442 5970
5414 6018
6506 4995
6759 4794
5366 6103
6240 5195
6120 5308
5597 5844
6724 4837
5776 5621
5492 5982
5622 5838
5697 5752
4819 6989
6424 5115
6336 5188
6637 4998
5759 5741
6088 5414
4802 7103
5130 6591
6177 5368
6800 4924
6475 5143
5937 5579
6661 5029
5196 6522
4586 7554
5466 6191
5250 6473
6949 4873
5653 6002
6403 5267
5724 5924
5300 6476
5904 5701
7939 4335
5056 6836
6294 5378
5869 5748
7498 4599
6090 5525
6856 5017
7502 4617
7157 4807
7084 4867
5662 6095
6367 5364
5818 5873
5478 6359
5446 6409
6511 5283
6160 5545
5914 5806
6489 5312
6824 5090
6062 5641
5863 5893
5559 6296
5868 5878
5067 6999
6843 5087
5447 6471
5183 6871
5740 6089
6071 5656
5656 6202
5163 6914
5995 5750
5437 6513
5750 6099
5461 6491
5590 6306
6878 5106
5670 6224
7294 4861
5194 6954
4968 7320
5956 5898
7289 4896
6250 5588
8235 4400
5618 6421
6593 5373
5511 6582
5081 7208
4806 7751
5549 6544
6118 5763
5855 6138
5691 6363
5879 6117
7299 4990
7556 4858
5585 6578
5959 6039
5021 7449
6432 5560
6986 5192
7620 4843
7634 4829
5713 6392
6130 5847
6266 5728
6622 5467
6026 6006
6244 5772
5276 7126
6729 5411
7313 5067
6819 5371
6069 6004
7753 4844
6083 5999
6106 5991
7867 4790
5642 6673
5515 6891
6853 5401
6349 5759
6814 5441
7730 4922
6795 5454
6108 6053
7090 5273
6157 6016
7418 5099
6193 5992
7052 5313
6502 5689
6526 5672
5334 7280
7610 5047
5657 6809
6119 6135
4995 7928
5843 6569
5505 7107
6225 6067
4767 8284
6310 5988
5510 7135
5477 7212
6718 5623
7037 5435
6725 5626
5812 6677
5839 6668
5411 7410
6361 6043
7861 5059
5463 7387
7745 5113
6770 5675
5577 7202
6287 6169
5638 7112
6691 5743
6451 5996
6019 6500
5004 8149
6045 6493
7098 5496
7553 5269
8381 4838
6762 5756
7308 5426
7449 5358
6356 6188
7369 5416
5781 6991
6736 5809
6796 5770
6420 6152
6668 5886
5832 6951
6195 6403
6254 6333
5778 7047
6297 6299
7724 5244
5431 7689
6497 6097
6178 6447
7241 5492
6258 6373
6925 5721
5788 7052
6777 5834
5988 6748
7608 5333
6291 6344
5999 6781
5536 7593
6500 6161
6440 6220
5612 7474
6931 5776
4584 8432
6283 6410
7529 5424
6097 6649
6115 6647
6385 6309
7860 5253
7125 5663
6507 6203
6290 6459
6172 6614
6604 6133
6174 6616
6569 6170
6162 6643
7237 5619
6696 6054
6437 6329
5903 7066
6065 6814
5469 7875
6049 6859
6806 6009
6807 6012
6877 5969
8008 5252
7088 5802
6027 6947
5862 7243
6967 5926
6474 6386
5456 8030
6245 6672
6318 6599
5913 7181
6839 6064
7118 5826
7838 5412
6560 6360
6281 6693
5624 7799
6887 6065
6204 6830
5935 7239
6114 6969
7081 5929
6519 6461
5714 7708
6591 6393
7361 5736
8189 5289
6360 6706
5837 7544
6425 6644
6812 6228
5632 7967
5955 7351
6768 6277
5874 7530
7191 5932
5604 8066
7731 5594
6558 6573
7062 6060
7091 6045
6926 6214
6649 6464
7880 5515
6587 6565
6562 6606
5918 7512
7661 5666
6236 7008
8176 5386
7301 5919
6445 6779
6129 7178
6173 7129
6997 6208
6572 6652
6963 6259
7562 5812
5501 8273
6050 7405
5916 7681
6911 6349
6449 6880
6966 6289
7323 6000
7678 5742
6513 6802
7432 5934
7170 6151
6228 7191
8338 5422
6151 7338
7286 6077
6945 6384
7274 6096
7003 6314
8749 5189
7236 6147
6047 7560
6600 6795
7642 5855
6568 6848
6934 6434
6304 7170
8948 5022
6881 6506
6930 6453
6906 6487
6534 6909
6670 6746
7570 5958
7740 5829
6309 7240
6470 7038
7181 6282
6056 7680
7968 5708
6388 7186
8652 5360
6430 7149
5969 7892
7988 5719
6981 6545
7435 6160
6701 6841
8294 5574
6611 6968
6620 6978
6610 6994
6902 6670
8367 5576
6042 7868
7402 6261
7384 6273
7085 6555
6828 6843
8038 5810
7207 6448
6972 6736
6958 6773
7030 6666
7077 6642
8215 5733
7036 6681
6671 7097
7403 6374
7400 6377
6726 7031
7204 6559
7234 6527
7732 6162
7311 6477
7069 6723
8817 5445
7719 6184
7946 6024
7949 6023
8623 5563
6711 7160
7826 6157
7494 6407
6676 7232
6760 7134
6653 7289
8413 5746
6447 7622
8364 5799
8058 5995
6761 7161
8771 5532
6200 8019
6013 8198
8247 5927
6769 7224
7643 6417
7442 6603
7159 6864
6944 7074
6809 7236
8095 6062
7488 6596
7598 6520
6976 7095
7712 6401
6583 7611
7010 7055
7590 6540
8190 6038
7524 6609
6694 7456
7672 6479
6836 7350
6917 7268
6366 7999
8621 5800
7497 6687
6545 7748
6960 7227
7963 6280
7711 6505
6781 7453
8311 6069
7352 6876
8077 6232
7516 6719
7744 6528
6687 7632
7389 6861
6259 8160
8403 6036
6491 7901
6741 7557
6918 7372
7064 7184
7646 6662
6984 7311
7569 6758
7583 6754
6869 7493
7507 6853
8463 6071
7682 6680
8127 6290
6987 7396
6358 8158
6810 7650
6885 7573
7475 6926
7309 7062
8478 6113
6581 7978
7499 6921
7292 7109
7827 6633
7560 6895
8479 6136
6790 7711
8182 6316
8622 6017
6750 7756
7941 6567
7743 6747
7986 6524
7078 7414
8004 6542
7304 7174
6695 7915
6635 8012
8217 6397
7835 6760
7018 7588
7271 7277
6369 8280
6633 8084
7504 7085
9050 5228
8159 6492
7461 7141
7232 7371
7489 7132
8267 6439
7778 6888
7278 7352
6747 8010
6675 8091
7752 6982
8254 6537
7296 7411
7339 7374
7653 7073
8535 6291
7858 6908
8716 6172
7307 7459
7156 7664
7263 7533
7572 7253
7238 7580
8840 6081
6941 7953
8104 6735
7454 7386
8596 6338
8335 6590
6985 7948
7397 7531
8185 6739
7469 7450
7700 7198
8789 6229
8206 6742
8248 6716
7464 7483
7691 7250
7640 7308
7391 7597
8356 6660
8662 6372
7160 7831
6994 8047
8224 6790
8504 6562
8477 6617
8351 6725
7108 8002
7131 7994
8760 6369
8499 6634
7056 8058
8836 6285
8245 6904
7763 7359
7926 7207
8064 7064
8472 6741
7542 7651
7527 7679
7015 8156
7107 8108
8017 7166
7893 7313
8679 6593
7595 7690
7723 7559
6946 8262
7243 8043
8099 7144
7262 8033
6658 8384
8016 7262
8186 7082
7802 7496
7913 7392
8548 6812
7786 7555
8380 6974
7404 7957
8404 6984
8894 6404
8168 7159
7541 7864
7734 7669
8656 6750
7733 7676
8377 7045
7823 7620
7246 8132
7567 7894
7366 8097
8693 6787
8153 7284
7196 8184
6920 8356
8006 7465
7626 7913
7901 7644
7375 8125
8555 6987
7950 7608
7224 8213
8665 6885
8655 6900
7551 8036
8934 6486
7714 7873
7666 7940
6487 8436
7577 8044
8193 7373
7383 8161
8148 7435
7962 7667
8492 7140
8928 6575
7857 7798
7491 8137
8671 6985
7942 7728
7713 7982
8184 7472
7789 7919
8072 7631
7764 7986
7686 8064
8242 7510
7871 7900
7565 8150
7899 7887
8897 6765
8030 7744
7818 8013
8757 7026
8040 7761
7924 7942
8056 7778
8627 7211
7879 8017
8120 7738
7705 8141
8937 6783
8892 6905
8738 7147
8794 7090
7219 8380
7346 8351
8063 7891
8214 7741
7622 8264
8835 7063
8551 7469
8275 7791
7750 8233
8570 7538
7955 8119
8709 7413
8638 7495
7543 8361
8476 7730
8678 7484
8611 7619
9055 6126
7791 8303
8408 7865
8386 7897
8697 7587
8432 7905
8491 7857
8160 8111
7351 8407
8995 6955
8858 7368
8645 7700
8730 7605
8366 8016
8339 8052
8276 8094
8531 7846
8884 7358
8434 7995
8430 7997
7810 8349
7426 8411
8539 7944
8191 8192
8990 7137
8724 7793
8761 7759
8659 7935
8251 8241
8891 7601
8951 7428
8574 8068
8520 8110
8935 7523
8325 8244
9034 6970
8389 8222
8567 8115
8980 7444
8316 8294
8424 8243
8800 8014
8202 8376
8473 8339
8811 8130
8135 8404
8037 8415
8947 8026
7747 8448
8595 8360
8497 8394
8250 8423
8790 8365
9024 7951
8913 8393
9037 8144
9056 8053
9046 8401
167977404 781759124
1
sift 2369
33 27
22 16
11 10
1458 1183
122 91
14 11
41 38
28 15
21 13
1593 2147
161 126
24 14
59 55
32 24
38 23
3900 3522
194 161
35 25
123 116
73 50
42 31
4048 3813
209 202
52 30
149 112
74 53
56 26
5046 5109
249 186
57 29
208 162
143 102
46 44
419 310
65 37
297 228
196 123
69 45
618 623
64 49
292 234
197 130
70 60
777 572
75 51
274 262
218 131
78 63
885 640
101 54
319 276
229 154
95 61
839 761
91 62
329 331
248 159
84 65
927 759
82 75
471 405
289 158
88 73
1234 907
108 77
444 453
277 177
112 80
1103 1105
130 82
522 535
347 146
118 94
1219 1075
134 86
632 496
267 293
176 104
1319 1366
183 109
706 631
342 226
155 133
1986 1582
246 101
764 586
325 250
167 124
1697 1983
187 115
612 750
386 236
179 122
2450 2395
210 120
812 638
380 269
233 113
2781 2540
225 118
796 745
426 255
202 137
3134 2447
181 187
883 674
384 367
282 125
3364 2916
217 157
895 672
547 337
263 141
3496 3146
252 149
917 675
568 333
253 150
3247 3700
230 172
830 787
560 430
270 153
4528 4110
288 155
925 760
688 373
250 185
5651 4253
290 170
1092 650
713 472
241 203
5231 5451
369 138
977 749
727 490
243 225
5495 5212
271 204
970 824
854 417
259 211
5917 5185
269 210
1030 957
669 546
295 206
8090 4105
304 199
1183 954
683 574
312 197
5736 5918
283 230
1107 1017
685 576
310 205
7425 5331
355 174
1161 1070
836 560
300 232
7758 5630
332 214
1192 1146
847 590
379 194
8023 5512
366 200
1339 1040
912 628
299 275
8768 5898
433 189
1283 1199
1003 620
378 219
385 222
1444 1057
957 652
387 224
314 294
1326 1204
982 729
335 266
362 244
1361 1312
1019 757
323 288
406 223
1430 1294
1156 703
420 216
392 233
1508 1202
1537 595
336 282
390 241
1492 1316
1109 913
365 256
361 264
1529 1307
1218 874
393 253
427 239
1484 1377
1435 732
398 274
341 330
1485 1382
1580 831
532 207
425 278
1472 1471
1578 856
405 291
397 302
1729 1359
1313 1063
450 263
484 249
1567 1448
1510 931
412 305
414 309
1555 1459
1670 876
552 231
527 238
1588 1446
1482 1019
423 322
402 343
1689 1447
1681 944
458 296
463 295
1685 1454
1543 1198
604 237
470 298
1828 1393
2073 1020
432 347
453 326
1969 1358
1566 1302
488 304
581 268
1819 1468
1742 1211
501 306
601 271
1456 1969
1621 1323
549 290
558 286
1748 1554
1766 1335
571 287
443 358
1717 1634
2036 1189
541 315
452 376
1923 1512
1540 1497
512 338
646 284
1887 1691
1970 1262
577 321
587 318
1800 1890
2070 1347
642 300
600 316
2088 1584
1757 1605
670 301
442 464
2075 1743
2151 1414
509 384
615 341
2049 1832
2330 1341
565 359
525 400
2219 1669
2596 1424
675 325
510 424
2019 1936
2378 1775
599 374
687 335
2171 1744
2275 1998
640 352
505 452
2132 1798
2536 1714
605 378
511 466
2326 1573
2460 1877
564 448
622 406
2172 1784
2512 1846
770 340
585 441
2067 1938
2466 1915
657 388
648 393
2217 1894
2566 1818
545 486
606 445
2283 1912
2474 1976
570 476
693 386
2558 1633
3020 1615
677 398
634 432
2333 1861
3037 1638
792 350
609 454
2291 1949
2488 2080
584 487
619 462
2427 1835
2774 1847
760 383
553 526
2116 2329
2574 2052
574 502
696 431
2617 1815
2824 1869
556 532
783 396
2776 1740
3022 1880
739 425
848 364
2653 1858
2569 2256
711 465
729 458
2448 2308
3304 1819
650 511
780 437
2618 2115
3153 2013
653 515
763 450
2433 2435
2413 2642
785 435
826 414
2470 2392
3221 1989
720 483
719 493
2523 2356
3173 2030
725 492
621 569
2543 2362
3309 1957
795 457
700 524
2759 2244
2831 2372
710 540
807 474
2461 2681
3101 2249
941 397
665 575
2458 2698
3986 1941
726 544
705 554
2506 2635
3495 2322
701 562
626 636
2356 2938
3278 2473
752 550
954 422
3048 2212
3775 2201
702 583
750 558
2932 2390
3097 2730
827 514
680 616
3386 2161
3992 2316
788 552
741 592
2582 2790
3833 2480
857 523
805 557
2505 2914
3455 2870
813 551
740 629
2520 2976
3661 2651
853 555
779 614
3027 2450
3924 2463
840 581
1025 467
2691 2759
3935 2530
958 503
995 491
2874 2600
4101 2471
867 571
934 537
3151 2476
3617 2883
978 512
870 584
2884 2692
4153 2577
1011 497
852 597
3226 2562
4172 2744
737 697
972 538
3130 2640
3666 3242
849 615
1060 519
2940 3013
3857 3058
1074 525
866 647
3400 2650
3939 3042
993 559
1189 495
2595 3599
4296 2792
1080 534
933 603
3357 2726
4238 2881
1014 573
829 721
3055 2988
4091 3009
834 708
976 606
3195 2929
4052 3068
987 601
962 627
3237 2947
4323 2890
1108 556
1044 579
3244 2954
3700 3571
817 769
873 698
3176 3172
4144 3144
998 613
914 667
3467 2899
3764 3650
1419 480
822 792
3500 2885
5902 2360
887 702
1038 604
3320 3169
4331 3156
1024 619
921 683
2897 3647
4225 3261
859 779
1081 618
3407 3180
3807 3760
1077 626
1250 566
3147 3555
4960 2847
1175 588
891 767
3656 2950
4194 3386
986 670
1220 594
3343 3581
5089 2815
1266 582
872 840
3451 3470
4658 3130
1126 655
1057 680
3065 3890
4276 3398
1170 653
1046 718
3619 3292
5015 2901
1033 744
1021 758
2920 4212
5141 2850
961 832
1087 722
4191 2855
5898 2571
901 908
1136 695
3545 3614
5137 2992
950 870
1104 733
4056 3112
4371 3583
1138 710
1047 772
3620 3638
4703 3490
1095 741
1147 713
3143 4246
4994 3269
1230 676
929 928
3591 3729
4278 3819
1124 738
1297 662
4054 3176
4247 3864
1112 762
1323 665
3809 3446
4858 3447
889 1002
1258 686
3990 3254
5421 3155
1068 811
1061 817
4089 3195
4808 3552
1004 871
1146 771
3815 3605
4855 3540
1002 880
1325 679
3866 3577
4952 3493
1056 845
1174 774
4330 3165
4979 3512
1304 691
1355 692
3975 3537
5876 2979
1243 756
1076 862
4158 3379
5136 3517
1072 867
966 979
3579 4067
4472 3972
1203 791
1064 872
4498 3234
5316 3472
1190 801
1005 945
4111 3639
4710 3898
1012 941
1267 773
3822 3955
3999 4702
1276 775
1229 802
4941 3408
5643 3369
1098 885
886 1135
4166 4008
5248 3615
1268 789
1499 663
4934 3464
5602 3414
1282 793
1525 660
4396 3894
5235 3648
1318 783
1141 888
3997 4440
6168 3087
1436 716
1269 830
4322 4062
5519 3541
1228 861
1097 956
4841 3737
5801 3367
1035 1000
1429 734
4730 3873
5294 3740
1320 818
1166 922
5436 3515
6338 3127
1289 848
1207 892
6067 3139
5427 3706
1163 939
1424 754
4436 4393
6139 3263
1448 740
1199 914
4745 4144
5594 3649
1347 823
1172 948
4932 4032
5213 4145
1208 910
1312 864
4894 4124
5006 4362
1486 747
1382 839
4376 4747
5857 3839
1078 1054
1213 983
3895 5678
6233 3636
1050 1113
1481 810
5318 4022
6000 3838
1300 968
1575 786
4881 4399
5949 3885
1404 887
1582 795
5180 4129
5326 4364
1636 776
1422 879
4511 4895
6046 3903
1217 1035
1671 765
5066 4302
5346 4522
1329 989
1332 995
5187 4225
6826 3562
1388 962
1246 1062
5441 4071
5686 4336
1376 972
1401 950
4426 5199
6742 3776
1397 959
1344 1006
4892 4638
6682 3836
1695 798
1464 902
5299 4236
5786 4496
1399 974
1577 868
4794 4879
5699 4707
1533 886
1322 1044
6135 3795
6034 4441
1600 866
1788 796
4787 4990
6685 4011
1380 1015
1515 930
5339 4463
5707 4950
1551 924
1433 1011
4859 5047
6452 4250
1516 965
1877 816
5630 4350
6515 4211
1364 1083
1629 911
4823 5433
5718 5048
1316 1119
1327 1112
5520 4645
6077 4640
1384 1077
1387 1079
5531 4681
6249 4536
1668 925
1882 842
5710 4667
7340 3977
1916 829
1655 934
6020 4405
6509 4464
1451 1050
1496 1026
5357 5192
6953 4278
1774 897
2139 770
5260 5418
7000 4327
1846 878
1645 973
6209 4382
6303 4867
1417 1091
1400 1114
6255 4566
6332 4856
1483 1061
1787 921
6015 4926
6579 4708
1495 1059
1544 1029
5958 5063
6959 4448
1801 927
1739 955
5808 5510
5861 5529
1330 1240
1646 1001
5082 6013
6314 5050
1660 1009
1449 1115
5911 5426
7176 4410
2104 843
1813 963
6450 5039
6919 4589
1615 1039
1642 1027
6164 5410
7512 4254
1549 1071
1740 992
6086 5505
7272 4454
1721 1007
1538 1084
6022 5576
7679 4346
1557 1080
1480 1136
6548 5105
6615 5137
2017 890
1513 1124
6048 5635
6861 4941
1663 1051
1520 1121
7063 4721
6552 5257
1427 1216
1517 1128
5826 5936
7089 4855
2178 853
2082 881
5945 5864
6746 5174
1830 993
1548 1101
5766 5972
7025 5004
1532 1150
1640 1085
7187 4842
7113 5073
1706 1065
1630 1096
6698 5249
7808 4661
1812 1030
1463 1244
7042 5106
6153 5934
1591 1141
1936 985
6378 5704
7687 4790
1462 1260
1467 1250
6242 5829
7482 5019
1498 1231
1814 1045
7137 5580
7953 4709
1524 1225
1743 1086
6830 5798
6335 5890
1696 1110
1542 1224
6992 5707
6837 5637
1843 1064
2157 935
7334 5497
7773 4982
1632 1167
1392 1396
7283 5534
7235 5432
2078 984
1528 1284
7047 5757
8203 4823
1799 1092
1775 1107
7612 5422
7920 5099
2143 975
1594 1268
7245 5661
6625 5954
1756 1151
1825 1125
6932 5886
8684 4765
1550 1322
1565 1318
7500 5573
7976 5297
1960 1082
1736 1205
7178 5767
8118 5217
1845 1155
1900 1145
7083 5842
8266 5162
2417 938
1649 1339
7183 5795
8043 5307
1702 1332
1903 1175
7665 5593
8353 5177
2202 1048
2005 1138
8614 4980
8465 5124
1951 1159
1859 1236
7592 5752
8849 4836
1873 1223
1803 1288
7534 5866
7708 5814
1891 1229
1611 1408
8164 5521
8156 5579
2142 1087
1682 1369
7927 5739
1662 1380
1765 1331
8170 5623
1725 1354
1693 1376
8313 5657
2053 1147
2027 1161
8450 5697
2081 1131
1904 1252
8543 5777
1943 1228
1761 1349
8197 5966
1744 1362
1771 1353
8746 5723
1994 1203
1926 1267
9012 5336
2366 1032
1726 1386
8922 5592
1823 1345
1712 1413
8931 5835
2177 1143
1758 1407
2144 1172
1942 1309
2220 1140
2032 1265
2055 1243
2056 1246
1808 1397
1901 1346
2122 1217
3132 896
1972 1320
1861 1383
2260 1148
2120 1270
2370 1123
2226 1218
2100 1317
1691 1549
2047 1343
2063 1337
2023 1357
2440 1103
1938 1405
2358 1153
2345 1163
1755 1528
2028 1381
2225 1278
2221 1280
2092 1371
1476 2016
2465 1156
2663 1088
2079 1400
1618 1809
2406 1208
2322 1271
1973 1444
2388 1233
2037 1431
2182 1391
2729 1108
1857 1641
2390 1287
2584 1179
2112 1438
2276 1361
1851 1687
3251 1038
2249 1384
2233 1411
2250 1404
2562 1255
2538 1273
1956 1643
2483 1304
2199 1443
1971 1637
2010 1632
2516 1306
2556 1299
2044 1645
2685 1277
2652 1289
2134 1562
2234 1479
2167 1550
2268 1486
2343 1442
2290 1483
2125 1662
3062 1214
2279 1516
2212 1613
2206 1640
2223 1599
2269 1569
2511 1430
2048 1844
2190 1718
2318 1547
2449 1463
2331 1545
2976 1303
2127 1800
2494 1451
2262 1663
2768 1373
2521 1462
2518 1467
2772 1388
2783 1389
2368 1601
2398 1574
3669 1152
2610 1453
2418 1579
2401 1604
2096 2007
2265 1761
2564 1491
2106 2010
2351 1698
2089 2042
2645 1461
2376 1676
2568 1506
2444 1616
2862 1419
2554 1534
2464 1624
3021 1403
3673 1226
2490 1626
2253 1868
2700 1480
2658 1509
2799 1455
2434 1725
2487 1671
2522 1635
2355 1806
2496 1695
2545 1646
2713 1525
2854 1469
2373 1828
2387 1807
2397 1831
2436 1796
2374 1872
2664 1619
2309 1988
2625 1659
2711 1590
2527 1738
2451 1814
3259 1423
2850 1523
2531 1756
2661 1677
2667 1674
2407 1923
2742 1628
2486 1823
2684 1679
3034 1485
2683 1699
3318 1435
2703 1701
2949 1539
2705 1708
2722 1694
2635 1735
2677 1728
2851 1610
2859 1606
3005 1533
2424 1986
2756 1682
2914 1591
2560 1836
2528 1870
3196 1494
2996 1585
3169 1515
2240 2320
2479 1990
2753 1755
2934 1665
3150 1552
2695 1812
3223 1543
3323 1507
3017 1653
2879 1733
3185 1586
2929 1722
2724 1850
2738 1839
2687 1885
2972 1730
2992 1727
2385 2234
2594 2000
2606 2006
2519 2085
2872 1794
3594 1470
3371 1565
2701 1942
2718 1932
2721 1933
3336 1597
3216 1678
2469 2228
3437 1559
2836 1876
2608 2084
2780 1917
2680 2024
3365 1627
3331 1657
2887 1881
3423 1609
2514 2221
2955 1853
2760 1993
3131 1765
3111 1781
3327 1707
3142 1776
2969 1871
2741 2049
3329 1717
3524 1594
2732 2074
2998 1884
3275 1746
3014 1874
3192 1792
3392 1715
2559 2268
3107 1843
3042 1867
3030 1883
2294 2619
2994 1931
2796 2062
2744 2120
2893 2015
3026 1911
2798 2076
2848 2060
3295 1786
2693 2192
3098 1895
2795 2107
2605 2300
3032 1962
2927 2044
3073 1966
2629 2310
2839 2141
3136 1953
2919 2106
3473 1772
3299 1875
3514 1762
3861 1555
3096 2038
3145 2008
3337 1887
2757 2270
4145 1489
3103 2056
2876 2220
3417 1865
2455 2614
2843 2245
2853 2248
3269 1987
2674 2376
2771 2302
3777 1670
2941 2196
3229 2035
2906 2238
3157 2086
3088 2136
3028 2166
3457 1901
3361 1975
2959 2224
2873 2286
3114 2142
2813 2332
2983 2229
3414 1963
3662 1774
3609 1824
3125 2155
3177 2129
2889 2313
3035 2205
3973 1630
3141 2154
3760 1748
3346 2045
2580 2588
3410 2009
3448 1978
3182 2160
3225 2140
3288 2096
2921 2337
3209 2168
3483 1984
3224 2170
3504 1972
3198 2194
3506 1980
2785 2436
2534 2747
3522 1999
3845 1769
3018 2333
3167 2262
3285 2197
2918 2402
2924 2399
3635 1934
2894 2426
3403 2143
3595 2005
3349 2185
3089 2345
3558 2043
2636 2690
2832 2522
4071 1736
3253 2282
3091 2368
3442 2181
2963 2467
4211 1729
3572 2082
3747 1946
2764 2626
3465 2199
3330 2280
3031 2440
2485 3069
3321 2301
4408 1685
3490 2193
4044 1817
3903 1891
2997 2515
3729 2031
4362 1723
3369 2305
3345 2327
3008 2512
3446 2253
3135 2427
3589 2156
2986 2544
3603 2163
3287 2373
3626 2148
3280 2386
3404 2335
3748 2066
2837 2702
3816 2036
3783 2079
3570 2252
4076 1909
2805 2809
3571 2258
3840 2067
3587 2257
3322 2429
4092 1929
3261 2489
4120 1916
3512 2351
3586 2298
3049 2661
3702 2213
3426 2419
3749 2198
3941 2072
3754 2204
3438 2423
3825 2152
3144 2629
3087 2675
2999 2761
3641 2290
3679 2267
3515 2400
4328 1922
5085 1683
2846 2949
3708 2283
3918 2145
3041 2781
3942 2134
3307 2591
4159 2037
3206 2683
3842 2225
3636 2367
3491 2477
3703 2325
3948 2169
3379 2580
3787 2274
2845 3081
3580 2452
3750 2338
3534 2484
2863 3110
3529 2494
3553 2479
3772 2334
3618 2425
5077 1758
4083 2151
3964 2218
3819 2324
4053 2184
4646 1927
3389 2671
4046 2200
3592 2503
3459 2632
3717 2411
3755 2387
3477 2621
3531 2572
3629 2491
3796 2371
3876 2343
3340 2771
4525 2032
3741 2424
3889 2346
3671 2483
3106 2999
3422 2729
3219 2921
4013 2299
3738 2460
3732 2475
3602 2587
3478 2705
3923 2358
3779 2438
3793 2445
3301 2904
3632 2597
3497 2722
4335 2187
4287 2216
3859 2418
2655 3727
3449 2810
3117 3150
3493 2763
4620 2100
3765 2525
3718 2566
3479 2819
4876 2029
3466 2836
3433 2866
3802 2510
4577 2158
4389 2232
4257 2315
3659 2664
3180 3205
3502 2868
4421 2259
4988 2046
5430 1886
3525 2867
4572 2214
5143 2012
3743 2646
3519 2897
4116 2417
4032 2468
3450 2997
3576 2853
4519 2265
3983 2497
4234 2389
3832 2620
3633 2831
3715 2757
3470 3075
3724 2764
4208 2433
4064 2507
3993 2551
3737 2766
3312 3274
3485 3084
3929 2611
4269 2432
3568 2969
4456 2361
3843 2688
3561 2994
5193 2101
3332 3293
3960 2618
3938 2633
3593 2977
4114 2533
3333 3338
4318 2455
4561 2365
4244 2499
3242 3494
3370 3323
4347 2453
5572 2021
4132 2564
4267 2502
4188 2541
4461 2410
4438 2421
3893 2749
3678 2968
3891 2786
4861 2311
5348 2133
3812 2852
3647 3032
4383 2486
4668 2381
3642 3059
3864 2826
4670 2385
4718 2374
4020 2707
4066 2684
3953 2787
5312 2183
3425 3416
3526 3273
4277 2583
3977 2780
4261 2606
5283 2227
4286 2601
4801 2388
3627 3193
4796 2398
3670 3151
4094 2736
4232 2658
4351 2593
3795 3007
4418 2585
3652 3235
4385 2603
4936 2384
3734 3152
3868 2983
4218 2735
4395 2623
3654 3265
3910 2956
4176 2774
4022 2873
3902 2974
3878 3008
4515 2589
4272 2725
4739 2498
3814 3115
4000 2924
4313 2703
4870 2465
4312 2728
3811 3164
4761 2528
4074 2910
4971 2449
4596 2607
4026 2953
3880 3140
4299 2803
4229 2851
4175 2892
3912 3138
4357 2784
3767 3297
4019 3028
4264 2869
4675 2639
4868 2561
3782 3298
3829 3276
4125 2984
4898 2567
3752 3405
3823 3315
5014 2532
3869 3283
3532 3758
4992 2565
4921 2613
4720 2710
4727 2708
4857 2656
5158 2527
3486 3875
3854 3391
4406 2908
4266 3019
3933 3334
4800 2727
4699 2794
3976 3281
3907 3385
4033 3258
5017 2622
4605 2842
4611 2840
3757 3584
4743 2798
4897 2713
4791 2773
4509 2919
4630 2857
5205 2579
5008 2660
4345 3045
4689 2839
3827 3547
4967 2694
5134 2630
4642 2893
4652 2894
4217 3216
4352 3109
4683 2888
4051 3368
4926 2779
5220 2634
4531 2986
5882 2383
4854 2829
4909 2804
4594 2958
4378 3142
3959 3513
5112 2696
4996 2762
3944 3524
5298 2624
5044 2738
4449 3101
4889 2845
4918 2827
4195 3322
5954 2397
4403 3178
4361 3204
5153 2739
3612 4006
4556 3070
4162 3390
4522 3122
5020 2813
4697 3006
5069 2816
4890 2920
4884 2926
4676 3057
4163 3443
4917 2913
3768 3853
4686 3108
3605 4128
4856 2982
4779 3041
4521 3232
5083 2872
5340 2768
3890 3805
4911 2991
4001 3702
4222 3518
4497 3270
3901 3803
5390 2758
5343 2800
3886 3846
5434 2760
5238 2859
4755 3161
4487 3309
5381 2801
4428 3384
4537 3288
4251 3535
5503 2754
4532 3314
5058 2971
4488 3370
4555 3332
4599 3310
3790 4046
4679 3285
5338 2877
5677 2732
6113 2549
4674 3351
4896 3203
5443 2879
5131 3039
5892 2654
4548 3439
4846 3257
5095 3111
5663 2806
5097 3117
4681 3400
5859 2715
6227 2558
4437 3585
4615 3484
5825 2748
4300 3739
4067 3921
4002 3988
5103 3184
4441 3676
4726 3486
4326 3777
4822 3426
4450 3721
5157 3241
4151 3944
5471 3036
4902 3409
5544 3005
5785 2882
5239 3224
5016 3358
5534 3046
5546 3040
5064 3321
5023 3366
4006 4155
3957 4220
4547 3732
5320 3210
5912 2856
4614 3687
5368 3200
4483 3793
3897 4374
5195 3337
4202 4048
4558 3770
4576 3766
4920 3532
5038 3432
6002 2865
4746 3661
4716 3725
6798 2574
4940 3559
5367 3278
6148 2828
6170 2823
4910 3603
4695 3767
5139 3457
4820 3692
4802 3711
5722 3116
5405 3299
4404 3968
5036 3534
5426 3301
5440 3300
6503 2734
5877 3021
5354 3375
4673 3820
4693 3807
4997 3602
5666 3192
4416 4028
5169 3544
4928 3723
5279 3489
3698 5120
5285 3495
4995 3673
5562 3308
5080 3613
4632 3920
5526 3361
5901 3137
4728 3877
4810 3834
4879 3799
4869 3804
5388 3471
4570 3998
6102 3011
5481 3433
6525 2835
6421 2884
5148 3652
4542 4054
5198 3627
5224 3612
5125 3682
4455 4134
6248 2961
4777 3908
6073 3063
5820 3245
5497 3460
4978 3785
5682 3339
5396 3528
6194 3014
5990 3162
5570 3435
4341 4303
4906 3856
5356 3575
4637 4055
5775 3296
4365 4279
5242 3660
5582 3453
4468 4180
4985 3812
4819 3947
4634 4077
4771 3981
5227 3708
6096 3149
4688 4080
4621 4118
4563 4160
4643 4109
5511 3554
3936 5037
6149 3168
5300 3736
5399 3688
5943 3313
5635 3545
5703 3497
5269 3779
5693 3520
5802 3454
5818 3444
6654 2965
4604 4310
6032 3316
5634 3610
6277 3211
5370 3788
5259 3852
5030 3995
5517 3728
5842 3510
5923 3438
5254 3874
6026 3376
6105 3333
5575 3714
5981 3421
6127 3324
5845 3536
4750 4290
6424 3201
6081 3382
5631 3718
4564 4500
5280 3906
5706 3653
5598 3750
5951 3507
5849 3574
5742 3646
6109 3407
5162 4026
6175 3377
5478 3827
6244 3331
5597 3769
4704 4434
5201 4012
5860 3593
6256 3352
5321 3942
6878 3051
5353 3931
5196 4043
6298 3344
5527 3831
6299 3346
7325 2896
5442 3895
5062 4127
5466 3887
5034 4164
6729 3159
5830 3670
6039 3526
6160 3461
6145 3478
5416 3953
5880 3663
6188 3475
6089 3530
5501 3927
4914 4389
5522 3938
5662 3854
5799 3794
6320 3479
5119 4238
5656 3892
4489 4942
6376 3481
4073 5618
4806 4646
4968 4474
6609 3373
4324 5270
5807 3842
5764 3870
5055 4397
4847 4641
4797 4714
5928 3798
6120 3677
6817 3307
4983 4518
5768 3916
5485 4119
5774 3917
5290 4265
6571 3463
5761 3940
5776 3928
5414 4183
6095 3743
6174 3699
5081 4481
5691 4001
5074 4513
4373 5378
6657 3449
7678 3020
5455 4192
5574 4111
6858 3380
5007 4611
5853 3923
5437 4233
6957 3357
5194 4478
6735 3441
6824 3413
6133 3774
5817 3970
8235 2889
5013 4656
5319 4390
5956 3922
6986 3392
5759 4074
6297 3752
6668 3550
6661 3557
6489 3678
4937 4903
6474 3693
7886 3104
4749 5147
5206 4628
6909 3504
5624 4255
5632 4244
6234 3840
5838 4106
6403 3771
6696 3619
6336 3818
6019 3990
5758 4194
6790 3597
5879 4104
7234 3402
6725 3621
6329 3828
7289 3406
6800 3628
5855 4167
5712 4309
5959 4103
7170 3506
6765 3672
7611 3319
6487 3815
6225 3965
6193 4014
5913 4200
5208 4916
5839 4271
6083 4078
4786 5456
5502 4621
7065 3607
6716 3784
7098 3624
7302 3543
6622 3848
6195 4090
6437 3959
5749 4503
5447 4807
5770 4489
7287 3589
6129 4179
7661 3491
5863 4449
6352 4085
8505 3214
6451 4061
6796 3883
7968 3417
6934 3862
6172 4312
6283 4221
6835 3935
6062 4416
7498 3685
6981 3884
5417 5179
8311 3387
6108 4424
5668 4893
5618 4988
6177 4369
7062 3866
6701 4056
6483 4177
8615 3305
5713 4918
7119 3889
6906 3996
5935 4700
5516 5221
7361 3833
5550 5207
6691 4120
6507 4235
5781 4912
5998 4676
6569 4205
6377 4357
6387 4352
8041 3598
7682 3749
5999 4723
6361 4411
6290 4494
6911 4094
5376 5523
6513 4349
6737 4184
6812 4154
6396 4465
7328 3930
7052 4049
6425 4458
5505 5447
5456 5520
6047 4795
6071 4759
7369 3951
6078 4758
6679 4287
5992 4881
5276 5725
6151 4727
6967 4133
6212 4685
8317 3640
7323 4000
6768 4295
6843 4262
7620 3924
7400 4025
6769 4333
5778 5283
7634 3932
8189 3744
6106 4908
5334 5782
6076 4953
7003 4222
6807 4367
6902 4332
5612 5589
6782 4402
6093 4997
8600 3625
6593 4575
6202 4922
7838 3925
7207 4173
6963 4335
8538 3695
6600 4598
6930 4406
6162 5041
6470 4739
6519 4717
6587 4657
6388 4827
5837 5460
6918 4451
7744 4023
7224 4229
7036 4354
6572 4688
8403 3789
6500 4755
7706 4050
7645 4102
7360 4215
7292 4243
5226 6000
6546 4805
8683 3751
6745 4650
7085 4460
6944 4563
6236 5198
6534 4907
6386 5053
5788 5699
6178 5298
5832 5695
7159 4498
7497 4297
8880 3712
5588 5930
6895 4701
7585 4268
6042 5493
6430 5114
6839 4745
7858 4159
7389 4421
6581 5013
7812 4209
8894 3759
6250 5398
6727 4911
6602 5058
6545 5116
7366 4514
6958 4766
7304 4558
6695 5014
7988 4185
7375 4548
6761 4978
6869 4904
7204 4635
7823 4307
7763 4344
6780 4992
6366 5397
6205 5547
7339 4590
7454 4552
6795 5018
7827 4347
7727 4412
6638 5159
8623 3993
6243 5562
8331 4116
7730 4450
7562 4542
6901 4999
8038 4257
7286 4712
7391 4653
6687 5181
8840 3910
7219 4767
7355 4710
6620 5293
6984 4987
7590 4584
5744 5990
6348 5545
8217 4213
6676 5271
6808 5161
6464 5479
7474 4671
7570 4626
6846 5146
8467 4143
6832 5196
6809 5223
7209 4886
6358 5627
6876 5195
8176 4321
6491 5517
5714 6019
6653 5409
7469 4775
7056 5091
8029 4467
8380 4280
7352 4889
7700 4665
8430 4281
6960 5251
7743 4705
7901 4608
7616 4799
8299 4407
7246 5049
6647 5553
7077 5230
6828 5429
6885 5411
7573 4878
7826 4715
7309 5087
8697 4230
6309 5873
8766 4199
7734 4813
7002 5342
6863 5481
7431 5044
7468 5028
7538 5001
7160 5264
7583 4983
8276 4544
7156 5292
8016 4683
7175 5294
7271 5229
7420 5142
6888 5564
7214 5295
7548 5074
8622 4413
7746 4960
7278 5277
7569 5101
7217 5350
8066 4749
6993 5533
7556 5135
8245 4662
7114 5450
7719 5033
8477 4568
7527 5183
7621 5129
6852 5691
7499 5233
7515 5216
7942 4928
8294 4716
7438 5296
6810 5737
7950 4935
7106 5536
7173 5509
6156 6021
8655 4521
8424 4672
8148 4835
8102 4858
7791 5104
7770 5132
7488 5337
7543 5317
8448 4706
7647 5248
8175 4866
7551 5323
6276 6017
7789 5164
7312 5498
8352 4800
7899 5110
8794 4527
8716 4580
6948 5804
8789 4571
7384 5549
7672 5374
7475 5507
7733 5334
7699 5363
7958 5193
7407 5575
7179 5717
7705 5383
7986 5191
8611 4768
7792 5345
8236 5064
6917 5927
7893 5338
8083 5204
6939 5935
8099 5211
8934 4554
8479 5022
8198 5200
7626 5610
7595 5639
7015 5938
8665 4913
7713 5582
8531 5030
7542 5705
8836 4784
7718 5625
7926 5487
7243 5875
8478 5133
8920 4722
8434 5236
8693 5042
7985 5563
8738 5068
7607 5824
8214 5453
7941 5640
7640 5817
7600 5867
7685 5818
7960 5670
8574 5263
7568 5896
7275 5978
8030 5675
8144 5605
8491 5430
7677 5901
8167 5642
8244 5609
7750 5899
8757 5312
7577 5973
8522 5513
8627 5443
8995 4934
8490 5578
8844 5254
8551 5537
8830 5324
8653 5492
8679 5477
8369 5694
8476 5663
8575 5594
8229 5792
8325 5761
8568 5621
8928 5284
8945 5273
8506 5734
8918 5355
7857 5988
8216 5891
8316 5884
8711 5706
8639 5749
8283 5950
8867 5595
8990 5360
8601 5849
9037 5065
8732 5786
8539 5900
8724 5848
8804 5806
8935 5671
8481 5989
8671 5946
8721 5941
8760 5949
8887 5879
8790 5967
8947 5877
8988 5791
8859 5965
9032 5596
8817 6016
9056 5531
9033 6002
167977404 1256872597
1
sift 83
4225 6908
455 393
4804 5563
466 525
472 553
6104 7029
773 707
1023 629
7554 7611
748 987
897 950
8394 8266
1359 1332
1371 1316
1351 1384
1389 1395
1648 1216
1475 1356
1570 1416
1563 1476
1571 1739
1993 1636
1875 1755
1928 2127
2402 1783
2077 2114
2203 2137
2551 1952
2815 1999
3011 2050
2688 2225
2794 2163
2346 2557
3047 2167
2317 2759
3480 2455
3469 2783
3691 2679
4348 2463
3745 3659
4177 3436
3756 3764
3981 3617
5093 3654
4516 3945
4559 3961
4490 4616
6237 3714
4636 4720
4973 4754
5698 4266
5936 4249
5717 4596
6123 4403
5210 5330
5850 5125
5975 5097
6008 5116
7067 4516
6117 5365
6171 5388
6896 5158
6636 5514
7032 5647
7815 5377
8249 5562
7350 6099
7536 6132
6623 7191
7605 6382
8221 6135
6477 7641
7663 6582
8383 6352
8035 6603
7414 7290
8821 6424
7922 7602
7675 7925
8765 7149
7318 8367
7532 8359
7433 8421
167977404 1584042216
1
sift 91
455 390
223 4981
466 516
748 923
1406 1736
906 766
1023 686
4201 5351
897 979
1359 1326
4804 6350
1371 1339
1389 1408
7074 6232
1648 1213
1563 1382
7554 7122
1475 1489
1570 1433
8394 8115
1571 1502
1773 1581
1993 1575
1875 1741
1928 2030
2077 2070
2203 2010
2035 2252
2551 1889
2317 2341
2794 2084
3011 2036
2815 2118
2688 2195
3310 1981
2779 2311
2346 2673
3220 2546
3480 2550
3469 2785
4348 2380
3691 2662
2642 3765
2869 3849
4177 3338
3745 3681
3756 3698
3981 3674
4258 3881
4516 3868
4565 4129
4559 4203
4636 4437
4973 4266
5698 4096
6237 3923
5210 4825
4490 5611
6158 4878
7100 4417
6171 5037
5975 5217
6008 5203
7032 4653
5625 5773
5850 5532
5717 5767
6896 4918
6117 5445
7067 4863
7184 5165
6623 5692
5985 6327
6636 5886
6381 6061
8221 5130
7663 5932
8249 5654
8383 5662
7350 6291
7536 6283
8637 5853
8297 6073
6973 7084
7414 7113
6477 8028
7532 7219
8821 6544
7605 7756
7922 7581
7675 8017
167977404 1960691938
1
sift 439
13 4
2118 2163
19 8
85 69
3174 3251
100 84
124 92
3298 3267
121 106
147 150
4115 3337
168 157
165 176
4358 5168
185 190
200 184
7537 4615
203 194
190 214
6163 5847
247 210
228 288
6740 6045
264 270
265 274
6232 6717
286 289
251 346
6201 7070
313 293
302 334
7837 6063
316 362
374 309
8155 7125
315 413
359 349
7258 8255
337 371
441 421
8908 7053
429 460
551 514
543 574
575 549
519 653
676 619
736 634
746 637
659 773
633 840
744 735
715 914
721 1011
661 1234
814 965
876 952
938 918
900 1024
1082 909
923 1058
984 988
973 1000
1117 948
907 1258
894 1335
1058 1088
1009 1161
1101 1070
991 1310
1178 1098
1085 1216
1100 1228
1391 985
1129 1195
1051 1299
1370 1046
1341 1206
1420 1106
1298 1270
1210 1431
1421 1230
1096 1573
1650 1100
1354 1373
1120 1702
1182 1722
1195 1714
1383 1521
1428 1462
1606 1363
1589 1392
1442 1543
1692 1356
1581 1537
1601 1617
1502 1726
1440 1808
1816 1504
1669 1621
1964 1447
1881 1503
1554 1748
1627 1703
1731 1653
1762 1687
1707 1766
1624 1857
1839 1680
1539 2016
1643 1925
1770 1821
1961 1696
1718 1970
1638 2079
2016 1779
1751 2120
1890 1972
1975 1906
1918 1969
1836 2146
1844 2175
1866 2161
1690 2350
2337 1704
1879 2180
2303 1833
2160 2025
2149 2050
2108 2099
1995 2264
1687 2704
1786 2773
1912 2572
2614 1938
3109 1873
2439 2261
2153 2603
2025 2837
2686 2116
2706 2167
2257 2551
2500 2491
2956 2243
3004 2293
2301 3040
3077 2270
2715 2489
2415 2933
2649 2604
2708 2562
2628 2658
2623 2753
2882 2578
3263 2391
2583 2886
2793 2714
3078 2517
2826 2726
3284 2502
2788 2862
2765 2923
2787 2930
2773 3081
3338 2631
2917 2984
2648 3287
2533 3491
2782 3139
3372 2662
3689 2464
3051 2964
2802 3227
3265 2824
2751 3310
3115 3031
2537 3656
2541 3695
2669 3574
2945 3314
3100 3217
3925 2524
3584 2811
3937 2576
3258 3338
2867 3675
3305 3363
3695 3051
2886 3779
3590 3196
2877 3853
3158 3654
2957 3802
3254 3681
3597 3579
3154 3985
4989 2654
3186 3981
3797 3399
3554 3653
3931 3324
3382 3913
3421 3880
3516 3766
3071 4305
3606 3693
3773 3591
3998 3428
4368 3190
4302 3241
4624 3106
3955 3546
3800 3645
4146 3412
3282 4363
3596 4099
3413 4390
4527 3383
3892 3794
4609 3406
3830 3908
4582 3436
4878 3364
4025 3860
4080 3827
4923 3453
4314 3737
3874 4142
4608 3647
4122 3929
4526 3678
3817 4306
4010 4134
3836 4376
3881 4362
4171 4052
4442 3872
5800 3237
4245 4096
5121 3593
4079 4240
5135 3594
4386 3962
3805 4636
3742 4781
4204 4256
5745 3386
5002 3719
5410 3592
5091 3734
4566 4175
4126 4598
5200 3777
4393 4374
4640 4181
4825 4086
3913 4965
4275 4550
3917 5025
4337 4544
4763 4193
4150 4750
4165 4813
4308 4716
4445 4628
4814 4360
4311 4786
5140 4141
5375 4012
5810 3782
4583 4749
4958 4529
4554 4880
4096 5541
5404 4314
5378 4358
4475 5171
4722 4986
4844 4888
4935 4861
5779 4209
4340 5592
5217 4723
5117 4806
4991 4997
4520 5558
5331 4730
5648 4570
5942 4337
5398 4755
4882 5389
6347 4196
6714 4016
5078 5279
6406 4221
5743 4748
5311 5164
5809 4710
4961 5593
5539 5112
3965 7154
5337 5326
4680 6015
6371 4456
4845 5858
5384 5426
5639 5187
5432 5391
5251 5581
5514 5339
5155 5699
5028 5809
8053 3819
6501 4546
5645 5277
4420 6664
5709 5303
6618 4560
5292 5757
6101 4951
4774 6364
6182 4978
5099 6111
6577 4797
5989 5369
5094 6297
5400 6146
6776 4889
6664 4999
6218 5409
5792 5831
6692 5094
6449 5514
5920 5959
5603 6346
6044 5836
5616 6381
5555 6437
6217 5747
6550 5554
5938 6097
7284 5072
6213 5888
6306 5826
7001 5471
6606 5745
6703 5721
7253 5394
6755 5731
7277 5392
5755 6783
6494 6115
7257 5590
8258 5026
6334 6294
6476 6251
5723 7286
5871 7014
6469 6292
6717 6102
5640 7575
6578 6271
7563 5612
7162 5911
8130 5352
6040 7044
6712 6308
7195 5960
6362 6689
6539 6510
7841 5661
8773 5131
6370 7045
6024 7771
7576 6199
7905 5972
8169 5806
8087 5893
6871 6834
8692 5588
6586 7239
7199 6566
7194 6639
6412 7636
8166 6020
8407 5886
5754 8534
7709 6416
7330 6753
6663 7564
7268 6861
7248 6889
7145 7078
5908 8541
8643 6017
7710 6709
6559 8000
6921 7601
7048 7487
6563 8064
8833 5992
6713 7968
6913 7814
8131 6562
6634 8134
8365 6477
6968 7849
6719 8151
7967 7036
7695 7351
7154 7917
6825 8283
7395 7765
7957 7211
7513 7744
7370 7907
7495 7830
7540 7842
7260 8102
7349 8124
7521 8179
8654 7082
7862 7909
8032 7831
7655 8165
8238 7843
8904 7057
7840 8285
8501 7885
8756 7618
7787 8506
8172 8244
8873 7555
8915 7572
7794 8568
8925 7668
8745 8359
8402 8562
8777 8617
167977404 2119627969
1
sift 349
796 956
27 36
64 59
925 887
70 90
84 91
1192 1043
88 93
82 100
1361 1385
118 193
145 268
1529 1302
155 322
172 323
1555 1542
181 348
243 294
1685 1546
224 312
299 360
1567 1753
271 381
295 365
1588 1778
322 370
309 402
2329 2449
350 363
397 410
2932 2065
354 446
341 496
3056 2948
376 487
403 470
3065 3084
448 477
416 582
3451 3288
553 666
556 663
3143 3575
606 625
574 751
4787 3403
564 769
626 824
4387 4014
740 752
726 906
3997 4564
905 817
873 862
4377 4249
886 853
929 877
4426 4207
822 958
866 953
5180 3932
1097 813
829 1047
4788 4913
1014 898
872 1021
5082 5867
846 1067
950 1045
6392 5470
850 1156
1072 999
6086 5730
1004 1070
1078 1139
6022 5862
797 1765
1515 963
8566 4672
1050 1272
1190 1207
7101 5556
1495 1031
1150 1326
6802 6144
1246 1258
1376 1267
7658 6152
1279 1427
1330 1443
7047 6707
1280 1553
1321 1509
7592 6385
1657 1255
1302 1549
7035 6897
1373 1458
1808 1201
6933 7078
1550 1336
1528 1362
7601 7465
1329 1594
1451 1515
7909 7270
1591 1449
1463 1567
7213 7892
1632 1488
1488 1730
8560 7781
1724 1592
1649 1670
1386 2016
1611 1738
1775 1587
1618 1747
1962 1490
1977 1558
1726 1796
1765 1774
2032 1550
1838 1746
1743 1824
1696 1897
1983 1721
1973 1800
1711 2145
2701 1566
2167 1991
2010 2188
2124 2135
1461 3332
1831 2735
3099 1674
2192 2283
2096 2424
2469 2094
2026 2611
2161 2481
2347 2252
2206 2544
2564 2177
2744 2130
2873 2077
2163 2776
2237 2807
2626 2399
2861 2318
2680 2558
3366 2260
2692 2795
3632 2213
2535 3048
3202 2493
3008 2627
3295 2474
2480 3216
2455 3292
3035 2686
3144 2629
2837 2971
2924 2904
2863 3059
3340 2719
2643 3291
3157 2854
3242 2833
3796 2436
2922 3173
3670 2583
3301 2903
3087 3058
2636 3471
2606 3547
3814 2545
3117 3098
3180 3089
3678 2695
3647 2741
3333 3042
3450 2969
2845 3504
3349 3142
3181 3309
3129 3375
3431 3163
3734 2951
4162 2694
2451 4608
3552 3225
2852 3831
3795 3094
3593 3346
3236 3681
4280 2840
3654 3334
3994 3061
3370 3630
4086 3066
3911 3232
4662 2813
3532 3580
3887 3295
4024 3268
4299 3112
3581 3679
3843 3452
3752 3600
3551 3839
3646 3888
4223 3467
4543 3313
3782 3907
3902 3930
4573 3560
3344 5045
3605 4630
3612 4656
4558 3686
4404 3878
4483 3838
4698 3744
4151 4277
4346 4172
4965 3759
4786 3869
4416 4194
4450 4221
4551 4197
4532 4273
4564 4385
5007 4037
5119 3996
5157 3985
5697 3695
4746 4339
4770 4406
5388 3918
6426 3421
4373 4812
4548 4659
3890 5502
4985 4670
4968 4748
5691 4223
5250 4567
5081 4693
4695 5027
6157 4292
5828 4598
5770 4687
5816 4643
5713 4778
5072 5308
6487 4302
4584 5978
6042 4627
5479 5182
5823 4904
5456 5248
6694 4372
5995 4995
5778 5179
5431 5521
5832 5225
5004 6074
5501 5589
6309 4964
4777 6827
5447 5996
5477 6001
5605 5922
6797 4924
6655 5025
6243 5355
6760 4997
6354 5327
5506 6283
8127 4440
7622 4708
7581 4816
6545 5384
6033 5887
6252 5731
5726 6461
6473 5752
6779 5554
6397 6000
5772 6813
6673 5758
7714 5164
6869 5665
6076 6487
6348 6227
7723 5255
6885 5849
7542 5422
6369 6352
8389 5028
7040 5868
7541 5559
6510 6369
6766 6123
7366 5661
7631 5533
8528 5080
6583 6345
6985 6133
6482 6705
6070 7339
7718 5800
7346 6100
6662 6729
6425 7081
7029 6406
6653 6858
6290 7367
6967 6632
7828 6019
6635 7244
6946 6935
8191 5923
8066 6031
6385 7755
6917 7304
7420 6840
6358 7878
7831 6561
6956 7399
7969 6521
8954 5666
8291 6626
8437 6523
7315 7500
8216 6810
8078 7013
8295 6927
7890 7336
8160 7513
8013 7675
8720 7071
8343 7541
8845 7094
8689 7424
8994 6806
8680 7929
9000 7600
