1707515443 1761909473
1
sift 271
86 174
107 227
301 642
119 219
128 261
220 474
515 1030
374 1008
290 489
334 640
803 1672
467 1057
341 646
387 736
748 1999
574 951
421 963
483 871
1231 2650
551 1123
471 952
457 1145
1463 2794
568 1315
543 948
461 1147
1523 2994
564 1341
569 1227
560 1441
2132 3735
706 1363
659 1501
723 1393
2205 4275
899 1396
828 1329
820 1428
2673 5236
1062 1456
792 1567
831 1536
2549 5883
1528 1863
812 1665
752 1869
2561 6722
1202 2399
716 2145
707 2297
2961 5635
1417 2553
813 1852
966 1893
2892 5768
1349 2783
995 1805
908 2136
2829 6528
1644 2242
986 1865
949 2010
3457 6718
1705 2816
1047 1883
1088 1775
1464 4497
1059 1933
1216 1686
1701 3939
1277 1772
1066 2342
1845 3515
1107 2244
1093 2375
2135 2908
1266 2235
1241 2395
2110 2988
1203 2475
1419 2243
1859 3737
1428 2246
1251 2713
1809 3957
1310 2530
1299 2569
1936 4261
1352 2513
1471 2390
2250 4663
1587 2200
1617 2258
2445 4116
1253 3295
1324 3000
2772 4322
1264 3386
1446 2973
2614 4985
1786 2291
1571 2780
2688 5270
1460 3181
1677 2550
2546 5670
1727 2481
1631 2839
2728 5244
1665 2978
1456 3842
2570 6136
1602 3340
1834 2635
3130 5114
1643 3193
1760 2877
2643 6351
1742 2974
1682 3252
3273 5430
1811 2917
1716 3241
3150 6041
1884 2811
1703 3335
4134 4748
1949 2735
1795 3141
3253 6610
1797 3150
1963 3012
3768 6343
1777 3545
2031 3032
4227 5843
2197 2784
1914 3582
3905 6753
2076 3273
1851 3860
3702 7795
1671 4626
2122 3283
4027 6812
1865 3949
1984 3680
3964 7103
2162 3424
2060 3704
4383 6326
2020 3916
1950 4106
4528 6421
1989 4039
2385 3533
4517 6614
2007 4499
2156 4067
4123 7374
2042 4728
2174 4390
4362 7186
2249 4287
2226 4455
4452 8030
2504 3717
1958 5467
5671 7328
2295 4464
2416 4122
5829 7042
2293 4535
2138 5164
2797 3521
2396 4420
2127 5299
2248 5155
2530 4202
2180 5402
2958 3604
2428 4913
2741 4129
2423 5101
2433 5404
2896 4462
2369 6014
2545 5353
2846 4655
2586 5285
2201 6932
2669 5237
2882 4857
2750 5178
2865 5072
2449 6291
2843 5277
3049 4897
2982 5050
2928 5148
2852 5363
3000 5551
2803 6099
2758 6491
3233 5585
3051 5928
3181 5742
3319 5520
3155 5917
2918 6550
2950 6501
3820 4926
3477 5570
3707 5292
3189 6217
3305 5995
3340 5950
3283 6111
2924 7142
3186 6374
3204 6354
3506 5733
3230 6465
3505 5870
3403 6202
3461 6216
3368 6400
3106 7215
3899 5458
3357 6577
3327 6734
3665 6049
3318 6867
3442 6572
3761 5885
3826 5771
3742 5957
3392 6858
3547 6625
3779 6067
3500 6768
3589 6595
3404 7205
4314 5342
3344 7406
3934 6285
3753 6816
4242 5796
3625 7444
4596 5482
4378 6106
3610 8009
4566 6163
4061 7279
4490 6439
4006 7620
5245 5994
4593 6916
4544 7131
4244 7855
5220 6438
4198 7989
4472 7629
5291 6693
5205 7242
4968 7686
5356 7652
5972 6770
6529 6624
6012 7756
6887 7662
1707515443 1780862618
1
sift 2245
17 10
31 29
5 3
109 76
69 55
15 7
23 19
127 98
19 14
171 115
139 89
20 25
87 62
214 130
32 30
178 131
245 186
40 33
163 120
266 198
51 40
195 133
322 219
57 39
209 145
275 206
50 45
228 174
291 244
53 43
196 176
359 271
61 46
299 253
424 263
66 71
232 154
386 321
79 63
327 242
401 333
86 65
215 165
403 367
94 60
372 226
402 381
83 67
303 245
431 359
90 68
313 261
520 338
106 72
317 248
438 437
110 81
329 259
540 393
121 83
343 256
507 412
123 82
410 312
627 376
119 85
357 318
522 415
138 96
418 331
502 448
136 107
439 354
595 425
146 112
469 362
647 423
172 99
533 371
606 459
154 111
541 398
597 474
166 119
474 403
623 469
159 126
579 404
565 523
175 128
529 413
584 506
179 127
615 584
631 500
185 122
610 492
611 540
186 134
692 529
705 567
187 136
730 502
719 476
193 151
740 598
658 671
192 158
738 548
695 543
208 141
1015 603
765 604
205 146
758 544
702 637
212 140
775 852
804 635
204 166
684 629
807 650
230 157
882 787
800 673
223 159
838 576
763 688
243 180
1081 726
959 652
269 170
788 634
917 731
268 179
1003 804
848 868
239 204
929 617
839 809
241 205
1025 827
992 842
246 202
889 638
977 762
267 192
1099 832
1091 794
257 199
834 682
983 764
277 194
1301 879
1097 863
261 220
892 664
956 829
262 225
1284 905
1204 886
302 201
873 685
1188 714
218 265
1228 926
1161 966
290 216
887 677
1086 874
320 207
1233 977
1084 1055
298 218
945 735
1270 824
331 211
1278 998
1243 978
289 243
943 746
1286 929
310 235
1307 1018
1242 982
332 233
923 777
1214 984
273 275
1459 1027
1550 850
297 264
988 744
1357 925
312 262
1596 968
1262 1007
337 258
984 774
1346 967
349 252
1370 1086
1303 1017
336 293
1007 817
1451 944
366 267
1521 1059
1351 1079
374 289
1153 720
1768 927
373 295
1546 1066
1373 1131
365 313
1131 759
1406 1116
395 291
1402 1227
1465 1145
389 302
1074 892
1420 1132
396 298
1535 1151
1443 1199
405 296
1019 1001
1735 1000
441 292
1633 1381
1697 1127
407 326
1143 941
1454 1162
404 340
1743 1369
1594 1279
411 349
1167 960
1491 1182
417 365
1804 1330
1562 1515
486 322
1210 972
1512 1179
425 369
1962 1261
1575 1604
447 353
1276 1032
1712 1176
437 357
1832 1361
1903 1323
454 351
1432 952
1540 1372
436 372
1873 1455
1824 1450
452 363
1377 1009
1826 1218
473 355
1872 1499
2029 1350
525 343
1175 1121
1814 1290
581 311
2013 1395
2142 1297
467 373
1341 1035
1806 1528
482 375
1924 1507
1985 1523
433 421
1320 1063
2102 1370
485 399
1817 1564
1900 1594
506 386
1272 1112
1967 1495
536 378
1819 1574
1861 1617
642 332
1699 933
2192 1459
568 382
1822 1607
1988 1600
481 461
1372 1087
1906 1616
492 450
2121 1520
1721 1906
449 514
1248 1287
1855 1716
599 389
2112 1524
2157 1645
514 447
1444 1128
2309 1479
490 477
2069 1588
2124 1848
587 409
1378 1177
2044 1626
539 445
2001 1661
2260 1793
569 427
1601 1110
1894 1782
609 410
1942 1748
1926 2142
639 396
1618 1105
2030 1714
496 508
2511 1498
2360 1779
546 463
1683 1102
2032 1752
598 435
2172 1675
2195 1942
632 411
1593 1208
1892 1914
480 552
2288 1663
2543 1806
585 479
1659 1239
2199 1794
625 460
2251 1689
2794 1686
638 457
1669 1263
2269 1760
601 490
1993 1929
2440 1921
619 486
1737 1285
2148 1873
582 524
2196 1776
2502 1989
618 491
1679 1358
2321 1943
552 564
2338 1712
2486 2057
649 464
1847 1320
2292 2104
629 495
2333 1728
2413 2186
571 549
1724 1451
2466 1903
622 504
2323 1786
3661 1603
628 533
1728 1463
2392 2023
666 497
2129 1998
2755 2146
651 536
1820 1434
2379 2154
464 799
2268 1899
2790 2132
655 556
1928 1389
2459 2117
557 655
2415 1807
2926 2064
636 587
1940 1408
3082 1762
675 561
2365 1916
3402 1874
698 546
1816 1549
2470 2163
725 522
2417 1902
2910 2302
700 551
2015 1424
2873 1985
739 517
2443 1905
2893 2328
808 505
2136 1443
3232 1859
762 538
2475 1891
3089 2249
937 482
1971 1560
2491 2360
751 553
2565 2010
3105 2247
718 582
2000 1587
2468 2405
676 616
2645 2102
2952 2391
749 571
2303 1491
2710 2256
789 554
3170 1949
2674 2612
803 563
2282 1545
2689 2477
901 542
2973 2086
2848 2549
727 610
2233 1684
3366 2106
752 605
2883 2211
2712 2821
778 592
2280 1671
3035 2397
853 574
3076 2122
2991 2578
779 608
2340 1678
3274 2439
870 580
2828 2289
3229 2566
747 623
2316 1778
3429 2376
858 593
3444 1965
3545 2458
748 649
2581 1610
2787 2887
835 613
3654 1939
3032 2858
885 601
2425 1815
3553 2467
759 672
3447 2075
2808 3076
1130 519
2564 1826
2661 3304
864 624
3326 2204
3436 2626
772 683
2557 1997
3086 2886
867 646
2732 2556
3458 2735
831 663
2752 1919
3462 2644
787 696
2788 2524
3731 2580
770 703
2620 2025
3263 2864
811 697
2838 2540
3708 2665
869 675
2455 2238
2999 3140
877 691
3062 2448
3441 2908
845 702
2671 2014
3657 2588
949 658
2851 2613
3846 2695
822 757
2702 2065
3459 2770
729 858
3224 2402
3511 2959
900 732
2776 2073
3671 2658
928 707
3138 2505
3428 3048
836 767
2923 2007
3520 2771
930 718
2780 2836
3539 3084
981 689
2812 2115
3524 2935
794 854
3010 2648
3776 2930
909 771
2744 2212
3614 2866
911 798
3200 2522
3541 3247
876 840
2800 2276
3223 3292
994 736
3153 2607
3284 3580
980 754
2600 2401
3564 3052
914 838
3121 2707
3594 3318
903 883
2825 2324
3940 2752
1047 740
3176 2729
4174 2800
974 806
2605 2514
4016 2918
1001 789
3724 2393
3689 3360
1105 704
3158 2181
3690 3259
985 813
3291 2681
3972 3092
1053 772
2932 2367
3766 3236
1046 793
2990 2980
3884 3206
1000 846
3114 2331
3296 3712
1141 738
3866 2579
3717 3509
1013 849
2667 2647
3869 3175
743 1074
3411 2967
3801 3440
1209 705
2921 2534
3977 3100
1062 803
3354 2999
4058 3220
1075 815
3034 2449
3600 3513
971 916
3999 2581
4048 3313
1115 791
3091 2438
3688 3443
1038 869
3627 2904
4060 3332
1041 866
2699 2756
4702 2711
1017 894
3682 2896
4132 3297
973 935
3139 2573
3906 3231
1148 800
4195 2572
4604 3082
1142 845
3054 2643
3838 3427
1220 797
3659 2996
3821 3745
1123 873
3159 2599
4215 3251
1096 885
4071 2689
4672 3087
1030 954
3157 2629
4231 3355
1166 855
3678 3081
4453 3229
1264 814
3355 2543
4580 3118
916 1108
3494 3260
4191 3558
1101 936
3194 2767
4347 3290
1004 1037
3646 3179
4308 3593
1336 830
3301 2879
4261 3370
1168 917
3937 2928
4262 3676
1118 961
3560 2909
3956 3657
1171 923
4943 2436
4417 3579
1245 897
3544 2998
4437 3404
1183 924
4407 2661
4248 3816
1205 918
3837 2822
4250 3528
1304 881
3397 3587
5238 3349
1202 928
3432 3171
4536 3391
1269 910
3836 3166
5227 3407
1164 973
3771 2882
4158 3697
1325 895
3994 2992
4703 3744
952 1219
3734 2927
4710 3346
1121 1036
3998 3028
4740 3761
1155 1022
3580 3058
4127 3742
1139 1033
3597 3492
4915 3717
1312 937
3744 2969
4282 3634
1235 997
3555 3543
4692 3824
1464 893
3723 3030
4221 3734
1177 1038
4466 2827
5284 3546
1298 971
4030 2801
3928 4044
1184 1042
3892 3238
4514 3954
1137 1069
3855 2957
3829 4206
1071 1146
3830 3351
5900 3232
1398 956
3711 3131
4716 3503
1310 1005
4125 3067
4408 4083
1040 1233
4481 2577
4393 3767
1350 994
3875 3386
4432 4078
1419 964
3871 3126
4471 3844
1483 945
3834 3446
5346 3720
1060 1234
4140 3045
4338 3990
1187 1089
3763 3564
4639 4123
1503 943
3962 3256
4523 3922
1356 1028
3799 3537
4343 4470
1349 1040
4089 3185
5258 3600
1045 1331
4118 3262
4668 4222
1282 1062
4155 3196
3936 4740
1260 1101
4406 3055
4901 4152
1288 1070
4064 3335
4356 4216
1772 882
5119 2769
4829 4303
1352 1057
4007 3397
4617 4020
1595 970
4171 3294
5079 4139
1261 1152
3904 3570
5094 3998
1532 1026
4429 3252
4898 4312
1394 1068
4382 3265
4737 4338
1315 1118
3862 3766
4400 4806
1455 1054
4443 3307
5672 3759
1384 1097
3716 3933
4911 4376
1173 1282
3668 4004
5440 3895
1207 1269
4172 3670
5136 4585
1337 1142
4189 3494
5764 3758
1344 1139
4759 3302
5960 3898
1273 1225
4751 3161
5061 4200
1281 1226
4853 3281
5633 4310
1415 1122
4588 3255
5296 4086
1327 1175
4607 3482
5417 4603
1461 1113
4190 3561
4765 4511
1316 1217
4254 3868
4637 5451
1224 1311
4217 3707
4531 4738
1410 1165
4578 3719
5910 4362
1628 1045
4683 3505
4145 5245
1354 1243
5025 3477
4992 5346
1553 1085
5020 3357
4868 4469
1502 1140
4818 3610
4572 5680
1428 1206
5028 3464
4760 4579
1506 1149
4315 3917
5998 4367
1622 1072
5058 3522
4661 4684
1313 1332
4645 3751
5720 4732
1965 949
4552 3798
3924 5646
1450 1253
4684 3755
5133 5343
1247 1462
4929 3655
5166 4320
1558 1158
4776 3746
5551 5006
1515 1240
5917 3136
4708 4840
1497 1264
4940 3728
6172 4467
1563 1207
4192 4190
5289 4366
1670 1130
4788 3828
5746 4906
1587 1202
4556 3916
5014 4599
1634 1157
4532 4010
5914 4760
1523 1283
4581 3940
5470 4242
1579 1248
5117 3747
5038 5629
1169 1624
4335 4170
5637 4241
1524 1291
5848 3344
5571 5153
1560 1257
4841 3837
4955 4863
1576 1256
4660 3982
5580 5186
1548 1276
4761 3935
5422 4498
1490 1354
5067 3915
5530 5363
1380 1456
4905 3862
5796 4169
1740 1125
4641 4231
5256 5625
1663 1193
4464 4210
5145 4784
1391 1483
5193 3884
5971 4896
1609 1271
4619 4126
6076 3977
1690 1187
4674 4262
6623 4433
1437 1471
4558 4239
4785 5252
1644 1250
4890 4251
5696 5293
1636 1268
4875 4090
5405 4700
1528 1383
5986 3713
5201 5760
1648 1260
4386 4789
5651 4519
1739 1188
5415 4451
5985 5094
1695 1235
5259 4197
5350 4845
1827 1138
5797 4167
5518 5623
1624 1316
5285 4209
5326 4894
1617 1327
5541 4494
5831 5340
1604 1357
5703 4050
6121 4187
1692 1273
5242 4794
5586 5603
1694 1274
5926 4131
5639 4754
1449 1530
5683 4586
5935 5574
1702 1281
5712 4591
5390 5056
1610 1380
6061 4415
5757 5732
1654 1312
6005 4393
5536 4951
1797 1205
6473 4143
6537 5288
1583 1421
5794 4697
6201 4427
1572 1461
5677 5229
7717 4588
1608 1422
5937 4633
5687 4999
1705 1343
5654 5460
6971 5059
1765 1288
6149 4671
5883 4859
1577 1497
6591 4604
5523 6364
1632 1429
6278 4622
4698 6080
1882 1244
5015 6176
7483 4822
1936 1200
5714 5281
6203 4611
1807 1295
7369 4319
6869 5230
2002 1163
5615 5459
5761 5131
1638 1477
7242 4397
6874 5286
1925 1230
7326 4229
5870 5088
1687 1426
6617 4842
6829 5435
1784 1362
5967 5121
6156 4850
1667 1481
6391 4990
6638 5582
1905 1275
6602 4866
6546 4564
1963 1252
6962 4617
7009 5396
1361 1805
6227 5170
7017 4437
1915 1309
7044 4651
6357 5837
1998 1262
5734 5622
6286 4953
1854 1371
7117 4656
6378 5996
2095 1215
7098 4680
6727 4803
1888 1367
6130 5488
6770 5709
1831 1397
6575 5142
6264 5301
1904 1355
5508 6194
6606 5831
1774 1469
6167 5564
6328 5268
1856 1401
5933 5714
7312 5527
2050 1277
7056 5097
6528 5207
2021 1305
7177 4907
6742 5952
1865 1438
6463 5501
6129 5549
1802 1512
6375 5658
7203 5678
1364 1973
6976 5194
7825 4455
1811 1509
7765 4849
6017 7032
1741 1568
6221 5690
6598 5237
1598 1753
6600 5563
7459 5736
2043 1393
7451 5015
6442 5430
1917 1500
6926 5394
7443 5782
2031 1423
6899 5370
6052 5706
1841 1558
6905 5473
8044 5505
2108 1382
6454 5676
6849 5374
2033 1442
6092 6175
7687 5704
2244 1339
6593 5601
6654 5513
1706 1696
6636 5759
7522 5789
1961 1525
6350 5771
6206 5973
1899 1563
6644 5768
7327 5979
1742 1693
6986 5458
7788 5022
1777 1659
6695 5966
6822 6339
1889 1602
7178 5365
7433 5332
1801 1677
7083 5741
6917 6276
2255 1411
7683 5041
6934 5697
1786 1709
6783 6241
6614 6693
1775 1727
6722 5729
7956 5137
1871 1627
7116 6024
7621 5912
2100 1518
7487 5377
6776 5822
1955 1592
7323 5972
6186 7311
2230 1441
7442 5420
6326 6350
2041 1550
7497 5867
7115 6361
2266 1454
7045 5779
7484 5594
1927 1623
7543 5858
8268 5376
2099 1552
6733 6078
7229 5723
1753 1809
7259 6104
7602 6223
2045 1578
6963 5949
7041 6142
2071 1571
7232 6141
7721 6531
2080 1570
7063 5968
7503 5853
2019 1605
6425 6916
7678 6590
2483 1352
7427 5893
7299 6082
1959 1636
7771 5878
7475 6939
2081 1576
6533 6744
6496 6784
1956 1652
6862 6790
8042 6388
1621 2069
7702 5904
6831 6644
2103 1577
8001 5844
8275 5823
1773 1817
7548 6158
7054 6520
2160 1548
7234 6553
7891 6652
2205 1539
7651 6149
8072 5892
2018 1629
7594 6529
7748 6900
1939 1731
7393 6401
7235 6681
1969 1698
7634 6674
7297 7528
2055 1630
7514 6717
7583 6362
1992 1721
7836 6788
7496 7676
2225 1579
7784 6626
7565 6434
2184 1609
7740 7109
7840 7364
2243 1589
6958 7592
7432 6616
2257 1595
7984 6849
7396 7931
2168 1640
7807 6772
6978 7270
2110 1697
7728 7244
7940 7816
2146 1667
7366 7313
7280 7070
2132 1718
7698 7281
8124 7673
2038 1789
8104 6556
7171 7208
2173 1707
7342 7762
8126 7695
2150 1742
8191 6547
7995 6409
2167 1744
8024 7059
7684 8134
2784 1448
7805 7127
6460 7988
1987 1886
8284 6274
2191 1751
7722 7879
7653 6974
1907 2003
2250 1736
7889 8239
7719 6910
2335 1690
2308 1733
7754 6896
2242 1766
2324 1741
8279 6023
2673 1553
2372 1738
7667 7141
1974 2070
2190 1904
7046 7776
2056 2047
2181 1918
7915 6990
2279 1850
2347 1816
6784 8083
2391 1802
1990 2194
7770 7207
2448 1770
2212 1963
7743 7273
2203 1988
2348 1856
7643 7522
2262 1951
3345 1475
7733 7631
2363 1847
2411 1821
8248 7082
2691 1657
2305 1947
8088 8145
2229 1999
2326 1924
8222 8015
2290 1975
2378 1923
2272 2026
2299 2019
2495 1820
2220 2105
2073 2317
2366 2016
2362 2030
2311 2088
2518 1857
2482 1907
2561 1837
2336 2108
2389 2055
2387 2068
2917 1734
2641 1823
2563 1880
2907 1745
2271 2233
2253 2263
2541 1928
2868 1758
3169 1656
2504 1981
2436 2083
2431 2107
3140 1703
2860 1811
2532 2032
2835 1824
2474 2101
2792 1842
2669 1945
2688 1958
2654 1976
2352 2320
2381 2293
2586 2060
2607 2050
2656 2005
2679 2018
2897 1892
2627 2066
2314 2410
2169 2565
2919 1898
2547 2174
2434 2305
2522 2225
2913 1931
2630 2119
2836 1978
3145 1834
2660 2125
2683 2133
2728 2095
2614 2224
2879 2033
3202 1864
2530 2330
2772 2138
2516 2352
2948 2036
2653 2245
2506 2363
2814 2140
3266 1885
2886 2097
2583 2311
2979 2049
2799 2215
3151 1996
2741 2264
2492 2480
2922 2167
2847 2227
2996 2162
2422 2662
2437 2651
2549 2500
2754 2351
2839 2300
3083 2182
3195 2109
2740 2379
2749 2370
2872 2318
3818 1839
3196 2178
3133 2218
3215 2168
3362 2081
2989 2309
3390 2074
2746 2452
2786 2433
3179 2236
2870 2409
3204 2246
2888 2407
3055 2325
3490 2096
3457 2136
3184 2283
3088 2338
2882 2456
2768 2537
3061 2356
2782 2542
3396 2202
3518 2141
3346 2250
3365 2248
4029 1887
3381 2257
3213 2329
3652 2123
2579 2841
3166 2383
2974 2497
3452 2260
2724 2731
2775 2691
3118 2443
2636 2837
2967 2555
3868 2059
3046 2510
2718 2782
3006 2553
3207 2427
3025 2551
2810 2726
2929 2635
3022 2570
3272 2411
3320 2386
3334 2384
3225 2451
3496 2313
3525 2310
3173 2536
3007 2657
2764 2869
3165 2554
3039 2652
3063 2623
3422 2412
2916 2779
3935 2152
2813 2873
3470 2416
3129 2654
2771 2958
3330 2535
3989 2184
3192 2631
3013 2794
3131 2701
3424 2502
4097 2179
3506 2488
3333 2585
3375 2569
3250 2680
2968 2917
4366 2078
3368 2587
3264 2692
2613 3347
3044 2901
2930 3011
3273 2758
3519 2575
2866 3120
3492 2600
3406 2690
4342 2189
3629 2550
3401 2703
3386 2737
3142 2945
3561 2650
3426 2750
3815 2518
3132 3012
3106 3043
3107 3070
3047 3155
3487 2787
2725 3552
3342 2920
3167 3101
3209 3053
3146 3130
3820 2594
3681 2717
3316 2995
3603 2788
3621 2793
3071 3268
3477 2891
3385 2966
3651 2775
3552 2854
3573 2865
3270 3093
3650 2826
3585 2894
3467 2976
3505 2965
3161 3298
3796 2760
3606 2929
3512 2985
3574 2977
3604 2971
3625 2964
3020 3544
3870 2764
3806 2834
3290 3278
3980 2687
3528 3061
3759 2888
3571 3065
3748 2922
3636 3013
3513 3129
4167 2604
3752 2946
4003 2734
3715 2989
4188 2617
3347 3338
3702 3027
3882 2889
3660 3086
4013 2784
4028 2781
3644 3159
4435 2583
4095 2803
3966 2893
3758 3098
3890 2993
3768 3147
4278 2751
3469 3449
3453 3461
4137 2850
3562 3423
3949 3039
4000 3016
4350 2819
4019 3014
3743 3325
3761 3305
3637 3445
3643 3439
3783 3308
4772 2659
3742 3371
4129 2986
3944 3209
4287 2955
4161 3029
4483 2857
4969 2683
3567 3685
3963 3253
4414 2932
3955 3283
4036 3201
3917 3334
3619 3664
3843 3422
3954 3327
3960 3324
3995 3289
4038 3245
3427 3854
4085 3227
4734 2862
3777 3567
4057 3272
4264 3116
4456 3000
3756 3616
3942 3419
3443 3932
3971 3410
4073 3330
4123 3295
3633 3797
4205 3258
4104 3350
4087 3392
4663 3010
4480 3113
3986 3499
3833 3692
4046 3451
3918 3597
4590 3075
4405 3198
4670 3042
4451 3187
4718 3040
4441 3213
4492 3193
4539 3165
4136 3462
4813 3041
4431 3273
4529 3215
4362 3337
4239 3417
4180 3456
3845 3794
4421 3309
4537 3235
4452 3299
4368 3348
4059 3581
4212 3475
4070 3608
3922 3756
4903 3078
3913 3781
4273 3460
4416 3384
5023 3046
4447 3373
4075 3661
4433 3401
4200 3565
5149 3033
3584 4267
4656 3287
4201 3584
3591 4264
3973 3807
4150 3667
4397 3481
4334 3533
4313 3557
4236 3622
3826 4002
4701 3342
4487 3486
4252 3648
5451 3009
5311 3074
4465 3556
4793 3380
4820 3378
4517 3547
4387 3631
4650 3491
4472 3606
5082 3301
5474 3091
4402 3690
4243 3795
4312 3757
4555 3639
3981 4070
4293 3799
4635 3603
4461 3723
4258 3835
5384 3271
4685 3632
4027 4106
4838 3563
3304 5328
4230 3903
4655 3675
4229 3925
5146 3433
4477 3780
5744 3115
4599 3749
4103 4114
4467 3836
4528 3819
4384 3890
3655 4944
5007 3625
4881 3689
4887 3699
4802 3750
4568 3846
5528 3381
4543 3874
4175 4204
4503 3907
5448 3437
4730 3806
4624 3839
4448 3969
4283 4142
4689 3842
4318 4113
4721 3832
4628 3875
4039 4464
4586 3926
4632 3921
4837 3830
4833 3838
4585 3989
5199 3696
5525 3506
4565 4017
4279 4279
5211 3714
5581 3495
4309 4291
4173 4473
5075 3791
5222 3737
4821 3904
4647 4019
4018 4715
4069 4639
4526 4173
4697 4059
4864 3967
4786 4025
4620 4155
4307 4462
5314 3800
5282 3813
4502 4329
4589 4256
5016 3975
5089 3930
5121 3913
5054 3948
4758 4174
4883 4085
5694 3646
4944 4067
5483 3784
4789 4195
5507 3773
5114 3986
4582 4387
4415 4555
5294 3910
5693 3721
4942 4164
4082 5038
4921 4191
4912 4199
5548 3811
4863 4257
5629 3789
4958 4218
5008 4185
5213 4049
4939 4258
5118 4134
5521 3857
5347 3993
4801 4418
5435 3965
6302 3497
4489 4734
6002 3658
5184 4179
5646 3849
5621 3859
4746 4540
4688 4581
4557 4699
5303 4115
4963 4394
8028 2951
5698 3869
5455 4063
6564 3465
4997 4461
5116 4364
5290 4233
4795 4649
4782 4668
4803 4660
5996 3788
5128 4487
5348 4308
5274 4379
4678 4895
5134 4520
4994 4658
5283 4426
5157 4541
4542 5122
6165 3822
5169 4567
4852 4852
5560 4224
4224 5531
5453 4355
5080 4645
5867 3999
6059 3872
4130 5659
4741 4988
5735 4135
4738 5001
4547 5214
5107 4673
5801 4080
4530 5274
5634 4237
5669 4225
5179 4702
5784 4162
5327 4565
5250 4638
5087 4801
5602 4339
5484 4471
5810 4171
6024 4013
5224 4746
5148 4807
5919 4105
5265 4725
4869 5089
5613 4402
5807 4220
5330 4682
5397 4641
5772 4294
6086 4035
4935 5103
5359 4726
5642 4453
5790 4316
5555 4546
5106 4991
5975 4189
4459 5651
5603 4578
5700 4503
5084 5100
5407 4811
4625 5520
5209 5012
5305 4927
5494 4762
6478 3957
5709 4535
5891 4350
5841 4410
5372 4901
5306 5007
5591 4719
5293 5036
5584 4753
5665 4674
6063 4313
5680 4710
6072 4343
5299 5119
5450 4980
5856 4560
5921 4514
5736 4716
6906 3914
5554 4940
7111 3891
5816 4709
4470 6047
5898 4643
6176 4440
5977 4590
5504 5107
6103 4513
5539 5082
5906 4683
6131 4501
5462 5209
5874 4758
6166 4507
6708 4183
6224 4505
5749 4943
6356 4419
5969 4743
5492 5305
5803 4936
5657 5115
5535 5254
6083 4669
5805 4961
5962 4815
4045 7242
6157 4693
5904 4912
5813 5014
6534 4444
5804 5044
5353 5571
7357 4073
6058 4855
5957 4930
6173 4781
5692 5309
5616 5404
5989 4974
5402 5616
5710 5316
6137 4881
6469 4626
5667 5429
6912 4399
5850 5227
7090 4323
6279 4858
6175 4941
6097 5000
6501 4695
5727 5450
6230 4958
6438 4826
6740 4625
7672 4150
6341 4922
5888 5361
6620 4770
5843 5453
5987 5300
6091 5226
6282 5048
5449 5846
5890 5474
6271 5126
5829 5528
6853 4711
7148 4547
6919 4714
6455 5039
6132 5327
5101 6423
5991 5475
5988 5477
6605 4965
7623 4386
6775 4869
5404 6114
6510 5064
6503 5075
6254 5282
6309 5244
7074 4733
6674 4966
5344 6222
6791 4892
5331 6238
6761 4916
5731 5753
6567 5086
5695 5810
6104 5487
7773 4389
6616 5072
7042 4816
7806 4383
6406 5257
6153 5484
7130 4791
7058 4848
7314 4736
6698 5133
7325 4763
6114 5561
6539 5270
6918 4983
6453 5337
6365 5421
6966 4972
5768 5908
6485 5323
6924 4996
6101 5615
6562 5292
6741 5179
7164 4905
4860 7290
6816 5159
6992 5052
6552 5360
6995 5053
7541 4742
6898 5166
5982 5770
5563 6316
6323 5568
6331 5572
6559 5455
6289 5607
7182 5049
7401 4928
6259 5668
7225 5078
7036 5212
6274 5686
6465 5569
6043 5910
7336 5070
7341 5083
6577 5543
6113 5856
6004 5997
6491 5619
6845 5469
5940 6168
5983 6112
6551 5642
5934 6201
7121 5348
6200 5933
5953 6202
6416 5745
7343 5271
7416 5225
6612 5671
7236 5339
5881 6402
6445 5785
7455 5256
6169 6108
6133 6139
6246 6038
6911 5570
6228 6081
5972 6343
6031 6289
6458 5866
7544 5283
6996 5595
5952 6502
7422 5419
6532 5889
6160 6270
6194 6232
6982 5672
6737 5805
6815 5808
7093 5684
7799 5303
5806 7011
7289 5630
6804 5884
5542 7490
6571 6100
6832 5890
6216 6491
7539 5535
7476 5576
7061 5790
5490 7731
6257 6541
7386 5662
7161 5761
7030 5849
7888 5400
8090 5233
6840 6012
6542 6257
6812 6039
7244 5751
7292 5731
7573 5606
6025 6971
8163 5250
7884 5491
7328 5772
7545 5665
7710 5604
7890 5517
7516 5718
6604 6398
7524 5734
6386 6698
8139 5397
6340 6783
7153 6028
6474 6649
6396 6729
6809 6299
6940 6203
7832 5631
6467 6690
6065 7197
6635 6538
6794 6367
6947 6252
6657 6566
7209 6103
7188 6148
7428 5983
6211 7186
6592 6732
6945 6375
7575 5916
7714 5820
7304 6147
8109 5591
7742 5833
7071 6366
7601 5998
7239 6278
6972 6512
6937 6561
7571 6069
6894 6635
7007 6550
7417 6213
7248 6340
7079 6580
7175 6481
6970 6712
6003 7822
7170 6576
6192 7647
7963 5927
6188 7677
6547 7243
7384 6479
8054 5869
7444 6430
7791 6146
7563 6323
7792 6179
6338 7635
8267 5583
7952 6089
7276 6724
6751 7228
7751 6309
7645 6407
8159 5921
7691 6378
7243 6829
8033 6096
7441 6671
7863 6259
7136 6993
6337 7814
7470 6682
8004 6170
8119 6049
7388 6795
6642 7520
6795 7358
8237 5868
7766 6441
8128 6087
7290 6922
6855 7354
7173 7094
7811 6478
7576 6731
7875 6404
7839 6494
7674 6695
7392 7008
7812 6572
8224 6061
7867 6524
7501 6924
7804 6659
8184 6230
8089 6357
7617 6908
7512 7045
6585 7921
7456 7133
7298 7306
8113 6414
7523 7085
7701 6915
7689 6945
7511 7143
7650 7036
6677 7964
8240 6283
7887 6828
7876 6848
7972 6766
7823 7054
7688 7219
7435 7500
7466 7485
7129 7841
8097 6841
7520 7511
7741 7370
8171 6832
7409 7741
7932 7193
7213 7935
8255 6591
7652 7621
7477 7787
8209 6932
7769 7531
7081 8111
7881 7446
8130 7236
7763 7842
7319 8156
7993 7652
8094 7497
7998 7670
8114 7516
7616 8052
7936 8069
8099 7963
8125 7972
8272 8059
1707515443 1988776702
1
sift 2096
24 42
133 155
7 18
40 53
19 36
10 19
87 110
308 492
15 23
110 123
60 81
25 41
125 147
386 435
36 66
164 157
81 99
42 68
196 221
381 475
50 65
140 203
97 107
52 74
199 260
403 453
53 77
176 229
151 180
65 88
209 244
440 608
86 93
211 256
186 233
90 96
215 258
554 656
83 105
221 268
204 251
91 101
232 325
606 744
84 111
251 289
212 328
103 116
303 329
764 766
92 135
309 379
262 295
107 136
318 375
695 988
99 150
343 386
312 300
119 131
357 467
765 991
105 173
355 543
297 323
126 146
415 512
719 1078
138 160
298 718
340 316
146 167
474 579
737 1084
150 174
493 544
320 452
173 172
529 683
769 1034
166 189
504 638
373 460
175 205
610 700
840 1041
172 250
546 646
389 431
192 230
669 784
956 1015
218 242
506 694
480 401
222 240
684 760
983 1089
208 296
557 644
417 541
220 291
685 827
863 1657
243 283
603 673
473 567
253 293
838 848
1286 1273
256 309
604 696
485 587
257 313
761 929
1215 1457
255 324
609 844
490 603
261 321
788 959
1357 1398
265 327
625 880
482 667
259 341
873 1023
1271 1536
268 334
619 933
486 701
267 339
923 1016
1188 1801
269 345
675 819
514 839
254 370
892 1046
1454 1655
290 340
588 1003
596 775
289 343
945 1060
1399 1719
282 353
699 889
638 826
310 351
889 1189
1469 1746
305 403
762 956
704 802
301 414
887 1229
1491 1754
321 421
720 1007
739 937
341 409
943 1215
1540 1773
334 426
979 789
643 1171
347 417
1052 1040
1512 1904
337 443
686 1302
900 1035
400 398
1007 1124
1406 2127
383 442
789 1048
886 1126
375 486
970 1195
1625 1866
365 515
795 1223
928 1123
374 494
1018 1144
1645 2140
363 546
935 1066
1089 963
387 510
929 1323
1814 1978
353 591
858 1181
853 1426
367 576
988 1209
1861 2010
404 506
837 1329
1040 1154
391 558
984 1401
1806 2206
399 535
908 1268
937 1358
433 466
1131 1296
1906 2199
407 501
1001 1115
981 1285
437 487
1143 1292
1768 2440
421 528
796 1427
909 1481
429 531
1074 1416
2040 2075
452 505
957 1266
1263 1225
405 599
1167 1400
1894 2428
448 533
980 1238
1227 1351
423 597
1196 1379
2259 2123
443 562
1183 1284
1235 1384
379 723
1175 1430
1926 2574
495 523
1177 1360
1034 1675
545 507
1226 1394
2124 2470
457 629
1205 1389
1273 1365
585 513
1248 1453
2269 2435
483 618
1164 1434
1115 1629
458 654
1153 1618
2321 2454
456 670
1123 1540
1364 1378
527 594
1276 1539
2158 2662
461 675
1210 1641
1379 1395
451 712
1228 1623
2292 2597
537 627
1320 1524
1549 1310
510 663
1342 1508
2199 2745
517 705
1397 1475
1105 1907
542 688
1272 1659
2215 2828
566 662
1378 1542
1929 1085
551 684
1341 1572
2379 2707
571 678
1348 1593
1713 1256
497 799
1422 1556
2386 2882
543 737
1315 1653
1257 1897
574 690
1372 1612
2470 2792
575 709
1377 1652
1543 1587
539 777
1444 1694
2418 2956
569 731
1424 1645
1455 1775
578 755
1294 1903
2459 2872
593 761
1534 1590
1636 1554
568 798
1699 1550
2195 3664
616 741
1304 1858
1579 1774
560 832
1542 1771
2466 3302
587 805
1493 1688
1547 1851
605 793
1432 1982
2757 3005
581 865
1435 1766
1907 1516
629 803
1593 1882
2793 3052
602 893
1509 1704
1555 1974
639 847
1601 2079
2625 3392
628 860
1336 1926
1653 1860
676 782
1791 1802
2393 4054
668 828
1553 1895
1740 2023
654 874
1847 1770
2790 3284
767 716
1765 1700
1904 1985
711 778
1669 2071
2910 3295
657 926
1498 2160
2066 1862
659 923
1657 2223
3109 3317
525 1313
1533 2194
2183 1784
872 732
1918 1883
3035 3482
750 817
1611 2059
2043 1958
706 897
1659 2263
2554 4245
786 815
1648 2001
1927 2146
787 833
1679 2275
3223 3319
718 919
1775 1986
1752 2508
701 953
1737 2178
2999 3769
682 977
1732 2070
1992 2187
780 881
1661 2421
2787 4321
728 940
1976 1881
1899 2340
722 950
1820 2210
3069 3972
671 1030
1595 2539
1945 2431
746 928
1618 2814
2577 5271
779 907
1690 2376
2041 2415
707 1013
1931 2270
2689 5065
724 982
2208 1821
2229 2360
862 885
1940 2437
2710 5217
828 910
1691 2529
1731 3322
911 869
1971 2445
3441 3992
783 958
1938 2181
1856 3043
714 1104
2155 2240
3564 3991
743 1027
2050 2142
2150 2510
865 955
2118 2369
3691 3936
820 986
1865 2472
2285 2413
822 994
1816 2934
3310 4488
752 1058
2262 2076
2191 2749
748 1106
1928 2715
3222 4651
794 1029
1805 2706
2173 2809
885 978
2015 2668
3462 4285
792 1045
1736 2905
2331 2675
732 1173
2008 2840
3511 4217
803 1047
2034 2480
2576 2459
770 1128
2136 2799
3594 4115
811 1057
2018 2541
3282 2166
1005 914
2233 2699
3530 4251
813 1075
1750 3275
2391 2957
831 1056
2419 2564
2927 5409
899 1024
1958 2866
2613 2603
850 1074
2316 2760
3520 4381
847 1109
2098 2658
2547 3021
857 1091
2356 2721
3829 4155
869 1086
1998 2856
2866 3059
878 1092
2303 2834
3671 4410
729 1350
2451 2306
2660 3372
677 1514
2341 2827
3465 4878
846 1174
2080 2910
3262 2995
870 1194
2380 2836
3614 4696
797 1298
2243 2681
2888 3436
919 1179
2280 3162
3933 4220
891 1222
2367 2796
3384 3058
859 1281
2338 3086
3690 4663
955 1147
1925 3942
3443 3049
973 1130
2455 2952
3649 4754
969 1199
2507 2714
2961 3790
871 1345
2425 3105
3738 4685
812 1423
2347 3075
3367 3440
918 1304
2564 2885
3846 4599
1172 971
2430 3006
3030 3880
1044 1101
2281 3716
3869 4857
949 1282
2436 3093
3166 3798
995 1250
2505 3286
3956 4702
966 1334
2602 2978
2567 4850
941 1383
2667 3027
3977 4764
912 1439
2474 3234
2994 4218
986 1317
2696 3020
4666 4057
1137 1102
2723 2906
3341 3828
1070 1205
2692 3057
3928 4983
1037 1261
2213 3979
3343 3867
936 1443
2600 3254
4356 4357
985 1338
2498 3395
3131 4121
996 1341
2620 3242
3766 5370
1147 1120
2751 3074
4199 3050
1128 1149
2557 3472
4338 4476
1129 1170
2541 3504
3088 4422
1199 1094
2672 3382
4204 4751
1076 1257
2685 3325
3361 4507
1016 1362
2605 3560
4127 5047
1104 1239
2448 3787
2771 5760
1184 1132
2800 3389
4408 4755
1142 1243
2679 3501
3574 4298
1116 1274
3139 3029
3366 6609
1047 1380
2752 3486
4113 3717
1057 1367
2812 3450
4002 5449
963 1559
2868 3377
3487 4511
1059 1397
2745 3617
4471 4798
1266 1163
2784 3522
3693 4300
1193 1247
2923 3666
4231 5123
1062 1408
2830 3531
3382 4831
1247 1207
2780 3883
4393 4988
1088 1371
2487 4237
3385 4852
1053 1465
2883 3791
4282 5172
1920 883
2908 3621
3206 5362
1004 1603
3135 3619
4221 5532
1107 1422
2929 3597
3426 4975
1487 1079
3054 3873
4698 5006
1239 1312
3148 3519
3485 4933
1333 1214
3034 3954
4673 5058
1093 1473
3132 3572
4967 3455
1261 1336
3114 3850
4215 5649
1082 1534
2871 4050
3266 5634
1106 1513
3301 3694
4509 5305
1132 1507
3562 3332
3807 4647
1224 1424
2528 5064
4708 5115
1277 1402
3221 3752
3681 4927
1168 1500
2932 4145
4717 5194
1260 1441
3074 3980
4757 3728
1577 1184
3158 3896
4868 5152
1282 1433
2907 4291
4223 4198
1376 1363
3091 4093
4737 5350
1071 1735
3157 4038
3345 5955
1216 1518
3410 3765
4145 6106
1331 1409
3184 4012
4410 4203
1061 1762
3231 4025
4060 6255
1245 1511
2799 4676
4547 4111
1358 1404
3472 3775
4514 5776
1447 1340
3083 4267
4255 4416
1138 1644
3291 4002
4536 5806
1203 1567
3213 4090
4677 4109
1241 1571
3371 3921
4703 5912
1316 1484
3225 4106
4815 4058
1279 1538
3194 4164
5166 5526
1401 1438
3029 4479
4038 4902
1103 1825
3237 4233
4760 5950
1426 1463
3107 4400
4084 5037
1202 1711
3203 4332
4453 6397
1428 1482
3259 4261
4186 4883
1415 1488
2881 5102
5497 5355
1440 1491
3767 3682
5113 4053
1112 1917
3432 4185
5014 5886
1344 1625
3386 4096
3987 5321
1252 1760
3085 4767
5390 5541
1528 1467
3415 4172
4099 5294
1545 1451
3180 4753
5574 5391
1352 1654
3525 4120
4384 4930
1524 1495
4217 3582
4617 6346
1417 1597
3643 4062
4279 5077
1299 1738
3255 4842
4531 6479
1264 1806
3097 4952
3746 6022
1298 1752
3744 4082
4661 6379
1450 1610
3414 4385
3712 6116
1419 1637
3508 4540
5530 5801
1327 1730
3372 4656
4329 5158
1464 1599
3668 4341
5405 6013
1310 1763
3590 4423
4783 4674
1434 1642
3560 4578
5403 6019
1369 1709
3547 4530
4590 5630
1362 1745
3517 4673
5764 5700
1385 1718
3580 4592
4599 5628
1461 1658
3734 4447
5168 6406
1324 1799
3647 4610
4397 5959
1449 1683
3329 5260
5860 5748
1269 1920
3416 5107
4628 5819
1471 1689
3356 5293
5258 6400
1513 1643
4007 4163
5105 5374
1544 1595
3159 5734
5262 6519
1522 1638
3573 5175
3958 6875
1389 1788
3355 5738
5346 6564
1607 1547
3456 5478
5080 5497
1502 1673
4088 4497
5324 6657
1598 1576
3604 5269
4801 5795
1650 1520
3771 5141
5350 6659
1603 1585
4137 4401
5298 5372
1349 1921
3723 5286
5637 6439
1383 1890
4322 4244
4441 6229
1532 1714
3516 5687
5586 6542
1460 1819
3876 4984
4685 6029
1446 1857
4192 4472
5136 7327
1526 1744
3758 5242
5007 5916
1482 1805
3871 5192
5440 7319
1463 1837
3144 6419
4488 6615
1587 1685
3970 5072
6546 6025
1337 2004
3786 5338
6387 4714
1250 2235
3962 5149
5757 7025
1474 1873
4129 4721
5737 5411
1350 2080
3938 5205
5687 7218
1585 1769
3993 4943
6424 4889
1519 1867
3837 5445
5570 7760
1381 2066
3552 5859
4028 7986
1654 1681
4030 5361
6379 6780
1617 1756
3610 5787
4220 7527
1479 1956
4382 4900
6121 7113
1485 1948
3453 6039
4402 7259
1068 2991
4089 5353
5458 8264
1753 1627
3720 5836
6549 4906
1711 1695
4218 5241
6156 7104
1658 1764
5037 4099
5179 6488
1456 2101
4140 5546
5796 7830
1576 1922
4539 4548
4387 7672
1571 1938
4335 5272
5870 7862
1604 1886
4142 5134
4802 7015
1506 2062
4172 5518
6261 7409
1523 2039
3960 5460
4623 7300
1644 1831
4168 5534
6442 7298
1249 2563
4294 4954
5054 6795
1490 2129
4831 4761
6172 7663
1566 1988
4348 5106
5327 6578
1638 1902
4190 5547
6395 7515
1473 2246
4957 4589
5490 6456
1631 1953
4126 5696
6129 7931
1734 1824
3955 6002
5102 6962
1883 1684
4064 5897
6202 7817
1511 2252
4244 5691
5448 6562
1677 1943
4581 5261
7235 6993
1823 1759
4563 5379
6855 5229
1665 1962
4429 5568
6328 8051
1602 2103
4421 5588
5023 7158
1702 1945
4578 5495
6598 7736
1622 2086
5008 5033
5121 7038
1686 1973
4552 5778
7717 6716
1634 2078
5019 5041
5566 6500
1600 2191
4669 5739
6978 7604
1745 1934
3949 6495
5546 6550
1643 2093
4155 6552
7565 7124
1705 1991
4949 5456
5548 6936
1608 2241
4506 6166
6784 8014
1703 2041
4739 5714
5052 7737
1790 1935
4391 6342
6528 8281
2073 1668
4567 6037
6143 6295
1551 2354
4683 6030
6949 7982
1682 2105
4451 6215
5224 7720
1742 2002
4556 6181
7194 8018
1727 2038
5138 5633
6180 6311
1609 2289
5058 5888
7171 8042
1641 2209
4051 7162
5799 6870
1662 2162
4643 6280
7041 8233
1670 2193
5114 5921
5772 7086
1882 1893
5794 5273
7009 8324
1694 2186
4944 6077
6063 6708
1803 1998
4993 6093
6917 8446
1667 2257
5735 5339
6564 6267
1685 2238
4588 6574
6829 8488
1701 2207
4463 6749
5371 8038
1977 1842
4711 6448
7484 8076
1676 2291
5118 6042
5843 7256
2026 1817
5285 6009
7046 8468
1554 2525
4786 6383
6031 6969
1786 2115
5340 5986
7956 8206
1664 2334
4239 7233
6774 6228
1755 2202
5252 6082
7861 8373
1760 2197
5203 6056
7081 6053
1777 2153
4761 6616
1715 2293
5043 6204
6280 6724
1990 1909
4905 6511
1834 2090
4327 7212
5455 8083
1845 2082
4835 6640
1879 2048
4975 6434
5987 7210
1963 1961
4619 6961
1774 2230
4734 6867
5988 7317
1884 2069
4875 6767
1795 2224
5185 6323
6720 6620
1811 2196
4774 7014
1741 2333
5246 6370
5629 8175
2130 1855
5259 6536
1949 2030
5169 6516
6634 6778
1776 2305
5254 6587
1580 2705
5484 6196
6282 7213
1888 2141
4726 7343
1797 2297
4465 7759
5749 8130
1869 2227
5097 6886
1854 2258
5911 5889
6165 7508
1987 2057
5714 6129
1656 2557
4558 8105
6080 7752
1889 2203
4775 7881
1841 2287
5294 7103
6025 7879
1756 2405
4751 8055
1860 2322
5075 7471
6501 7311
2012 2106
5967 6547
1866 2346
7214 5396
6267 7730
1870 2356
5712 7618
2009 2185
4953 7837
6257 7952
2045 2138
6773 6292
1961 2274
5362 7260
6939 7314
1837 2442
5820 7718
2169 2035
6337 6038
6898 7398
1994 2267
6533 6794
2033 2231
5260 7495
6586 7909
1781 2580
7366 6508
1827 2501
5597 6994
6082 8469
1757 2648
7234 6670
1932 2426
5222 7636
7989 6905
1908 2460
6125 8040
2023 2339
5667 7431
6775 8182
1989 2391
7045 7423
1809 2646
6182 6829
7866 7238
2031 2344
7531 7138
1984 2398
5982 7176
7091 8204
2122 2266
6399 8326
2021 2374
5921 7353
7498 7900
2132 2269
6722 8165
1991 2417
6083 7150
7488 7987
2204 2198
7651 7447
1880 2576
5646 7923
7959 8054
1733 2912
7383 7852
1914 2575
5841 7941
7539 8544
1886 2654
6976 8300
2075 2457
6448 7055
7701 8576
2181 2365
6575 8543
1936 2667
6453 7522
8282 8497
1122 6654
7760 7750
2110 2464
5702 8494
1915 2817
7237 8374
2007 2676
6940 7059
1966 2765
8226 7203
1785 3201
5920 8437
2100 2588
7548 8358
2201 2473
7512 6764
2020 2771
7594 8450
2060 2753
6439 7998
2314 2462
7794 8487
2242 2553
6579 8224
2019 2899
2042 2878
6625 8305
2094 2786
2434 2381
7073 7996
2252 2590
2154 2740
7920 7472
2156 2746
2271 2609
7819 7804
2146 2788
1909 3333
7636 8350
2160 2803
2335 2586
7499 8493
2270 2673
2249 2708
7276 8558
2088 2989
2225 2768
2203 2820
2081 3030
2348 2628
2138 2962
2384 2600
2095 3070
2174 2933
2878 2179
2279 2775
2247 2846
2197 2915
2207 2921
2070 3187
2389 2643
2250 2877
2217 2958
2411 2682
2144 3120
2298 2893
2127 3189
2383 2751
2352 2808
2205 3069
2299 2939
2105 3273
2109 3297
2694 2449
2295 3023
2226 3140
2180 3215
2439 2757
2308 3041
2167 3285
2305 3080
2055 3599
2293 3110
2416 2898
2382 2976
2194 3400
2198 3401
2353 3125
2035 3806
2212 3538
2378 3263
2428 3173
2673 2750
2775 2644
2431 3177
2396 3274
2423 3247
2437 3209
2572 2980
2734 2779
2363 3468
2533 3085
2504 3156
2856 2703
2522 3180
2579 3065
2630 3008
2407 3516
2261 3820
2837 2798
2429 3478
2870 2807
2433 3518
2449 3506
2420 3639
2737 3007
2670 3094
2324 3874
3026 2773
2631 3197
2688 3131
2512 3465
2530 3439
2885 2951
2369 3852
2477 3601
2958 2920
3117 2756
2287 4068
2614 3329
2764 3128
2836 3063
2545 3520
2643 3318
2978 2971
2917 3056
2750 3231
2570 3585
2654 3434
2701 3396
2675 3459
2467 3878
2782 3308
2879 3200
2669 3493
2632 3565
2741 3378
2749 3371
2909 3217
2772 3388
2597 3690
2797 3374
2728 3514
2930 3258
2916 3280
3140 3037
2652 3652
2846 3380
2706 3646
2768 3549
2586 3804
2840 3448
2758 3660
2495 4080
3219 3108
3044 3326
2767 3685
3013 3367
2821 3667
2656 3906
3235 3195
2975 3529
2843 3687
2852 3677
3022 3474
3174 3300
2982 3563
3353 3122
3015 3540
2865 3724
2480 4436
2563 4202
2725 3947
3090 3568
3000 3674
3006 3669
2561 4411
2847 3926
2928 3855
3047 3736
2989 3809
3339 3405
2957 3870
3111 3727
2996 3898
2950 3946
2639 4426
3133 3735
2918 4008
2964 3988
2875 4070
3316 3590
3155 3751
2890 4071
2829 4171
3049 3916
3119 3817
3141 3821
2861 4176
3396 3579
3298 3686
3037 3994
3404 3600
2807 4334
3129 3889
3061 3984
2779 4391
3188 3831
2818 4352
2803 4382
2979 4101
2478 5291
2948 4161
3730 3281
3352 3708
2924 4241
3087 4031
2960 4232
3584 3539
3051 4098
2792 4534
3197 3951
3095 4076
3233 3929
3637 3523
2657 4981
3104 4153
3134 4142
3052 4292
3173 4103
3094 4235
3230 4048
3319 3960
3273 4006
3482 3778
2922 4556
3055 4329
3388 3888
3239 4056
2814 4787
3186 4129
3741 3550
3106 4279
3185 4136
2835 4789
2824 4825
3150 4295
2759 5045
3204 4200
3264 4148
2724 5228
3621 3801
2872 4914
3510 3934
3446 4011
3330 4130
3136 4451
3189 4387
3179 4432
3327 4213
3305 4253
3368 4137
2968 4854
3340 4206
2619 5655
3290 4308
3496 4029
3581 3973
3658 3877
2896 5083
3175 4545
3403 4191
3256 4413
3408 4227
3102 4730
4069 3460
3253 4487
3528 4091
3008 5023
3571 4088
3736 3918
3477 4247
3895 3760
5229 2874
3461 4349
3283 4633
3512 4288
3323 4581
3561 4255
3860 3871
4445 3327
3375 4569
3587 4294
3450 4509
3608 4306
3406 4597
3270 4879
3636 4303
3190 5050
3357 4733
3308 4880
3833 4064
4032 3816
3260 5001
3268 5009
3797 4116
3630 4394
3726 4317
3589 4539
3457 4735
3344 4955
3632 4492
3481 4741
3392 4904
3629 4520
3549 4667
3870 4119
3500 4757
3742 4396
3442 4964
4003 4034
4236 3857
3745 4494
3506 4945
3611 4775
3066 5792
3707 4621
3820 4454
3768 4544
3167 5731
3761 4622
4848 3594
3739 4698
3655 4881
3505 5169
3922 4402
3665 4911
3901 4473
3864 4583
3848 4640
3401 5490
3526 5277
3304 5704
4230 4114
3740 4919
3535 5313
3748 4910
3603 5220
3779 4895
3702 5096
4179 4264
4031 4477
4227 4242
3752 5046
4910 3764
3826 4917
4477 4051
3692 5254
3645 5319
3916 4791
4270 4296
4049 4576
3466 5737
2746 7407
4052 4613
4365 4243
4122 4519
4102 4561
3684 5380
4303 4337
3899 4977
3905 4982
4167 4547
3625 5581
4075 4684
4082 4682
4241 4499
4362 4384
3964 4970
3796 5320
3753 5417
4106 4747
4150 4692
3842 5282
4200 4645
3706 5602
4078 4826
3715 5577
3986 5032
3971 5056
4274 4627
4366 4533
3831 5464
4073 5011
3885 5402
3381 6318
4258 4763
4061 5068
4554 4444
3431 6261
3877 5439
4492 4518
3631 5980
4046 5166
4986 4150
4575 4498
3674 5939
4528 4571
3918 5465
3882 5664
4027 5406
4090 5292
4063 5335
4062 5360
4116 5283
4000 5485
4114 5315
4448 4896
5232 4194
4104 5368
4023 5509
3861 5834
4036 5489
4123 5343
4378 5000
3942 5711
4321 5087
4436 4969
4026 5553
3593 6430
4334 5111
3934 5781
4170 5351
3570 6521
4267 5222
4228 5284
4632 4790
4087 5537
3979 5754
4565 4979
4124 5601
4314 5317
4111 5623
4133 5608
4011 5804
4022 5816
4273 5419
4006 5885
4363 5358
4483 5221
4291 5466
4222 5583
4161 5692
4543 5263
4649 5154
4748 5082
4568 5251
4304 5604
5299 4595
3981 6104
4566 5327
3976 6126
4278 5709
4962 4973
5029 4893
4930 5016
4354 5626
3973 6185
4209 5844
4119 6001
5220 4814
4779 5249
4834 5212
3980 6290
4293 5847
4247 5922
4198 6004
4795 5345
4472 5769
4376 5880
5084 5190
4500 5794
4490 5810
4720 5574
4373 5941
5110 5225
4709 5620
5694 4623
3652 7611
4730 5656
4608 5775
4887 5493
4680 5713
4019 6601
4789 5614
4460 5972
4054 6581
4876 5592
4596 5869
5078 5399
4187 6361
4747 5771
4850 5673
4034 6714
4415 6108
4520 6018
4424 6121
5001 5579
5087 5511
4798 5814
4544 6074
4806 5848
4489 6152
5048 5670
4900 5839
5107 5663
4939 5845
4743 6021
5205 5609
4086 6986
4833 5948
5503 5297
4696 6078
4838 5954
5249 5596
4529 6297
4521 6329
5245 5667
3984 7401
4289 6718
4963 5944
4549 6355
4968 5936
4893 6026
4699 6200
4353 6671
5473 5514
5148 5860
4455 6579
5017 5958
4383 6699
4633 6395
4475 6622
5331 5772
5612 5429
4810 6227
4732 6371
4586 6599
4896 6251
4280 7130
4542 6695
4688 6545
4821 6391
4990 6209
4697 6572
4243 7329
4452 6950
5244 6046
5237 6064
4396 7120
4678 6711
4728 6678
5247 6092
4686 6733
5397 5975
4701 6721
5454 5947
5074 6336
5056 6367
5089 6357
4377 7368
5643 5822
5669 5799
4593 7018
5297 6182
4636 6982
5293 6245
5521 6014
5096 6513
5585 5981
4966 6687
4469 7425
5314 6278
4914 6819
4859 6897
5407 6259
5880 5773
4931 6859
5115 6651
4655 7283
5140 6673
5441 6325
5306 6490
5128 6744
4842 7133
5436 6396
4018 8500
5347 6531
4941 7080
5053 6930
5434 6482
5197 6809
6065 5796
5542 6335
5560 6337
5606 6307
5671 6231
5187 6904
5380 6643
5088 7042
6836 5275
5449 6619
5022 7187
5446 6636
5494 6593
5695 6302
4767 7680
4642 7888
4771 7684
5131 7157
5300 6949
5356 6954
5634 6546
5334 6999
5429 6896
6098 6035
5829 6301
5779 6393
5425 6932
5384 7024
5283 7152
5189 7339
7231 5296
5035 7563
5234 7330
5063 7569
6102 6127
5665 6700
5526 6909
5395 7154
5444 7111
5970 6306
5584 6877
5483 7050
5413 7193
5488 7127
5822 6583
5776 6698
7854 5071
5233 7590
5083 7811
5213 7634
6557 5931
5534 7098
5881 6589
5549 7121
5616 7005
5535 7163
5507 7237
5690 6963
5389 7492
5489 7346
5901 6663
5812 6824
7193 5689
4800 8414
5877 6842
5241 7958
5699 7167
5603 7395
5745 7151
6200 6530
5825 7016
5816 7026
5957 6844
5803 7108
5137 8236
6067 6756
6133 6727
6012 6901
5280 8142
6339 6544
5575 7670
5688 7491
5267 8231
5972 7009
6274 6669
7916 5503
6604 6369
5850 7287
6331 6644
6715 6298
5263 8339
6700 6385
6225 6872
6259 6846
5856 7456
6441 6683
5752 7676
5884 7457
6406 6763
6808 6390
5427 8288
6878 6341
5626 7960
5652 7927
6345 6902
5653 7977
6466 6766
5805 7715
6016 7354
5934 7488
5903 7543
6137 7209
6252 7058
6246 7089
5818 7746
5402 8442
7358 6169
7080 6373
5728 8039
5770 7980
6113 7382
5713 8099
6117 7394
6111 7454
5886 7799
8062 5790
6002 7600
6582 6893
5888 7835
6419 7088
6529 6970
6166 7452
6589 6935
5893 7901
7200 6442
6323 7278
6417 7149
6097 7581
6175 7489
6055 7658
6813 6784
5689 8289
7043 6610
6234 7463
5617 8395
5959 7880
5709 8319
6866 6805
6040 7770
6577 7081
7625 6250
6064 7824
6069 7843
6632 7180
6390 7506
6336 7591
6410 7505
6394 7534
6104 7948
7544 6474
6254 7755
5835 8351
6135 7964
6332 7683
6141 8059
5790 8474
6114 8117
6058 8194
6056 8195
7356 6821
6996 7117
6818 7320
7518 6730
6664 7554
6608 7615
6349 7967
6455 7802
7112 7144
6816 7445
6948 7302
6587 7701
7020 7268
7213 7183
6887 7529
6624 7833
6686 7786
6706 7764
6303 8259
6513 8045
6924 7558
6369 8199
6269 8320
6567 8030
6279 8347
6873 7713
6973 7652
6993 7650
7945 6740
7359 7336
6027 8523
6730 7983
6173 8491
6839 7892
6718 8044
7392 7369
6000 8545
7137 7617
6677 8147
6551 8278
7907 6938
6798 8097
6423 8429
6374 8492
6999 8028
7021 8184
6864 8401
6781 8440
7048 8279
6872 8433
7208 8203
8034 7391
7182 8302
7478 8075
7295 8299
7325 8303
7470 8216
7852 7788
7776 7968
7671 8090
7652 8121
6918 8518
7735 8073
7674 8132
7401 8389
7742 8167
6597 8571
7688 8237
7523 8428
7774 8312
7049 8555
7799 8327
7584 8483
7378 8538
8196 8004
7968 8426
7767 8520
8119 8531
8240 8456
1707515443 2102469315
1
sift 1894
17 10
18 7
15 8
85 54
69 51
22 14
23 18
31 27
36 24
82 62
73 52
32 29
87 63
139 79
40 32
109 74
127 95
51 37
118 69
214 131
50 42
171 111
245 155
57 40
163 116
308 137
53 47
178 120
266 170
60 45
195 124
322 203
61 49
228 153
291 229
79 61
221 130
359 251
94 56
299 225
424 234
92 60
232 135
386 309
97 58
313 245
401 303
83 67
215 148
403 310
90 70
329 243
402 356
106 71
196 171
431 341
121 78
410 296
516 348
123 81
317 228
438 361
119 88
418 313
520 353
138 94
303 237
507 381
136 105
439 328
502 394
146 108
327 224
554 362
154 102
469 368
475 451
172 99
357 231
522 389
155 107
533 374
491 444
159 110
343 242
540 433
166 115
541 376
595 407
175 123
474 393
647 405
186 121
579 498
597 445
189 125
529 403
606 441
187 128
740 529
623 448
192 139
610 426
584 483
205 134
733 555
631 465
208 133
684 563
565 522
223 129
807 567
611 515
212 136
758 517
719 443
204 142
924 606
765 523
213 168
738 545
710 499
224 172
1015 603
705 601
246 164
788 610
695 539
268 160
775 777
805 602
241 175
838 626
702 724
243 180
1003 715
840 624
239 187
892 619
763 650
267 169
1081 671
1023 546
277 163
834 666
959 604
269 188
1025 784
800 686
257 202
873 664
917 698
298 178
1099 796
848 809
261 206
889 679
977 690
302 182
1161 912
1091 726
320 198
1153 578
983 766
331 195
1228 913
992 842
289 223
923 739
1280 607
310 218
1284 919
1097 821
332 221
945 722
1188 647
349 232
1278 968
1204 780
337 248
1131 609
956 836
380 233
1459 903
1242 918
366 256
943 729
1326 700
342 281
1307 972
1303 890
373 267
984 725
1145 937
374 280
1546 935
1243 932
365 300
988 728
1271 887
389 278
1370 1098
1451 846
419 255
1007 742
1084 1058
405 265
1596 1035
1365 969
396 285
1019 950
1214 990
395 335
1521 1153
1346 992
404 317
1143 880
1768 798
407 315
1633 1282
1262 1053
503 262
1167 871
1406 1023
411 338
1822 1198
1562 1009
417 347
1210 879
1420 1081
486 299
1761 1339
1373 1158
447 330
1248 936
1443 1132
441 334
1794 1327
1465 1146
437 345
1276 959
1454 1171
425 367
1873 1340
1594 1334
454 339
1294 989
1491 1150
436 357
1832 1385
1824 1191
452 349
1377 956
1712 1077
481 331
2069 1232
1575 1564
449 358
1341 998
1540 1287
448 372
1819 1486
1861 1433
468 366
1272 1084
1826 1073
482 371
1817 1495
1900 1412
433 428
2228 703
1806 1363
642 307
2013 1499
2142 1258
473 400
1372 1048
1815 1435
643 312
2030 1521
2029 1345
485 397
1320 1091
1967 1415
519 385
2172 1467
1985 1532
506 396
1444 1106
2044 1456
536 383
2511 1298
1892 1659
587 370
1683 991
2192 1381
490 429
2121 1518
2260 1601
581 380
1601 1032
2309 1379
480 446
1942 1866
2134 1700
649 346
1699 1004
1906 1598
599 382
1876 1983
1926 1925
494 454
1593 1161
1894 1602
598 384
2196 1753
2124 1901
514 439
1669 1178
2040 1733
609 386
2129 1890
2157 1883
569 404
1659 1197
2269 1677
639 375
2268 1789
2195 1912
568 419
1738 1203
2215 1715
546 437
2365 1714
2360 1933
496 509
1657 1275
2199 1790
632 412
2415 1705
2502 1799
625 418
1729 1361
2292 1807
539 488
2417 1761
2413 1915
585 457
1847 1263
2321 1944
629 423
1993 2320
2440 1971
671 408
1820 1330
2379 1898
601 479
2288 2016
2794 1727
622 474
1940 1265
2466 1936
628 497
2443 1867
3402 1584
619 508
1816 1471
3232 1640
666 470
2475 1991
2543 1959
618 519
1928 1419
2900 1763
811 411
2976 1724
2755 2114
698 480
2137 1355
2459 2136
651 526
2645 1887
2712 2157
675 503
2282 1332
2491 2120
638 553
2565 1963
2693 2202
700 494
1971 1524
2562 2052
739 472
3326 1697
3661 1750
668 532
1724 1708
2470 2278
636 572
3444 1729
2790 2223
655 560
2049 1530
2787 2005
762 485
3170 1878
2754 2398
750 489
2280 1583
3366 1845
803 475
2827 2163
3105 2208
672 556
2233 1663
2469 2502
937 458
2678 2294
2661 2458
552 794
2528 1519
2910 2192
826 513
3447 1843
2848 2403
853 507
2338 1637
2710 2322
808 524
3654 1762
3540 2053
752 557
2118 1851
2940 2175
795 538
2828 2249
3089 2334
727 584
2356 1754
2927 2386
676 636
2732 2355
2952 2425
747 571
2316 1818
3429 2221
985 492
3724 1907
3274 2323
870 547
2425 1746
3222 2352
858 558
2838 2430
2674 3067
770 598
2564 1813
2874 2589
704 655
2973 2377
6412 1586
779 625
2671 1855
3036 2552
901 590
3062 2397
3689 2374
743 661
2557 2007
3069 2571
831 617
3224 2376
3229 2637
772 641
2702 1950
3553 2341
780 649
2780 2654
3465 2511
796 646
2812 1900
3671 2328
787 669
3010 2601
2991 2936
885 622
2620 2018
3263 2563
663 867
3121 2596
3731 2423
1034 569
2605 2049
3520 2551
994 591
3397 2767
3458 2599
877 662
2455 2269
3407 2623
822 705
4406 2285
4016 2299
845 711
2752 1993
3436 2629
869 692
3441 2824
3545 2648
900 682
3139 1809
3977 2362
949 654
4071 2488
4174 2359
911 680
2825 2144
3614 2578
930 683
3682 2745
3708 2741
928 706
2744 2205
2999 3128
909 771
3594 2850
3511 3195
981 697
2932 2085
3524 2696
903 806
3411 3059
3428 3339
876 870
3157 1978
3325 2839
1001 758
3494 2982
3284 3547
1000 767
2800 2235
3504 2734
1017 782
3555 2952
3717 3188
794 974
2921 2273
3657 2671
973 838
3716 2820
3776 3189
1030 822
2699 2436
3223 3146
1038 811
3659 2899
3539 3532
1053 787
3158 2212
4560 2364
971 883
3834 2763
4673 2689
1013 844
3091 2358
2577 3990
1062 797
3597 3034
4060 3069
729 1139
3508 2447
3312 3217
1004 886
3766 2845
3846 3319
1220 708
3194 2753
3564 3051
1419 644
3836 2932
3634 3628
974 927
3203 2775
3303 3445
1166 803
3709 3105
3912 3409
1075 885
3054 2935
3690 3150
1101 876
3646 3155
4343 3090
1123 866
3837 2575
3869 3180
1142 856
4407 2625
4604 2914
1264 788
3560 2801
4580 2724
1205 823
3937 2947
3849 3539
1288 807
3355 3013
4002 3166
1171 884
3830 3126
3972 3455
1245 853
3472 3077
3933 3268
1183 920
4429 2672
4453 3085
1336 833
3580 3055
4158 3267
1155 945
3998 2948
4191 3330
1164 940
4030 2653
3956 3493
1202 921
3866 3129
3801 3731
1269 896
3744 2954
4592 3127
1224 910
4118 2885
4417 3244
1071 1015
3300 3415
4221 3427
1118 980
3814 3256
4262 3390
1187 949
3723 3170
3928 3679
1532 785
3627 3452
4571 3241
1324 894
4140 2811
4250 3460
1235 952
4660 2743
4248 3540
1298 928
4155 2857
4282 3470
968 1220
3763 3479
3722 4135
1503 855
3871 3234
5038 3190
1139 1038
3799 3463
3884 3975
952 1305
3948 3172
5238 3152
1178 1019
3904 3377
5050 3457
1464 901
4189 2999
5262 3237
1182 1024
3862 3466
4703 3737
1577 852
3962 3247
4356 3711
1398 941
4125 3227
4408 3986
1040 1179
4089 3164
4338 3722
1136 1088
4788 3016
4898 3773
1483 924
3711 3590
4536 3603
1310 1002
4172 3456
5571 3440
1382 976
4382 3367
5061 3360
1137 1116
3694 4187
4400 4096
1234 1054
4588 3261
3829 4415
1096 1172
4940 3302
4323 4201
999 1359
5020 3097
4393 3835
1197 1092
5193 3372
4432 4149
1397 994
4552 3335
4471 3857
1282 1046
4268 3905
4901 3890
1227 1094
5028 3210
4717 3734
1455 987
4853 3609
4514 4247
1260 1096
4905 3296
4829 3688
1296 1072
4254 3970
4694 4123
1350 1061
4581 3505
4216 4194
1352 1079
4776 3656
4692 4207
1772 892
4683 3491
5094 3845
1185 1200
4761 3689
4668 4268
1595 979
4929 3433
4708 4110
1349 1099
4645 3764
5079 4148
1207 1208
4556 3735
4737 4166
1415 1074
5797 3262
5066 4177
1497 1041
3855 4534
4617 4299
1553 1036
5104 3915
5346 4024
1327 1174
4464 3919
4760 4206
1461 1114
5847 3530
5633 3876
1558 1052
4619 3826
4004 5209
1281 1237
4890 4379
5136 4337
1670 1005
5058 3631
4001 5253
1384 1163
4516 4768
5417 4174
1337 1190
4335 4068
4127 5060
1965 899
5676 3960
5201 4876
1354 1194
4192 4305
3924 5504
1344 1201
6172 3967
5518 4716
1413 1169
4558 4398
5166 4131
1509 1119
6042 4056
5720 4559
1129 1463
4875 4269
5672 3842
1217 1388
5508 4688
5133 5233
1506 1134
4190 5054
5014 4298
1313 1283
6391 3964
6271 4144
1628 1057
5615 3866
5422 4076
1273 1346
5654 4748
5551 4879
1515 1142
5703 3874
4145 5387
1247 1397
7242 3831
5164 5469
1450 1212
5285 4208
4868 4693
1648 1112
7117 3947
5922 4724
1609 1148
5259 4345
6076 3784
1797 1047
6335 4446
5985 4684
1668 1115
6005 3893
5168 4545
1502 1264
6962 4122
5256 5520
1169 1569
6057 4170
5638 4158
1523 1285
5541 5612
6395 4474
1529 1278
5794 4403
5440 4351
1560 1227
5683 5459
4915 6022
1882 1056
6278 4112
4955 4817
1695 1155
6575 4851
6917 4437
1548 1315
6227 4498
4531 5250
1740 1144
6537 4994
6874 4674
1391 1469
5967 5050
5350 4481
1624 1251
5986 5465
5580 5876
1576 1308
6125 5208
4705 5302
1827 1104
7765 4267
5831 5646
1663 1207
6976 4586
4509 5565
1694 1202
7369 4512
6186 5528
1524 1401
7098 4667
5145 4944
1608 1329
5742 5832
6378 5605
1690 1229
6167 5389
5640 4469
1617 1328
6375 5344
6869 5260
1692 1235
6825 4962
5296 5024
1702 1230
6695 5108
5936 6054
1654 1291
6463 5266
6286 4104
1629 1322
7177 4823
6829 5358
1626 1336
7224 4887
5405 5035
1528 1422
6783 5101
7602 4882
1572 1389
7442 4858
6810 3988
1904 1127
7740 4704
6809 5407
1513 1472
7451 4978
6034 4589
1915 1156
6600 5553
7009 5523
1813 1215
7178 5191
5871 4764
1449 1570
7594 4989
5609 7201
1731 1310
8001 4662
5883 4767
1552 1479
8157 4739
6358 6150
1905 1183
5533 7173
6156 4591
2347 1030
6644 5845
7475 5414
1610 1446
6722 5730
6261 4602
1604 1459
6425 6004
7041 5776
1379 1649
6518 5973
6264 4627
2002 1151
7536 5394
8044 5156
1634 1441
6322 6155
7017 4180
1866 1253
7900 5238
7203 5828
1545 1527
6986 5674
6201 4777
1564 1510
7323 5684
7891 5422
1644 1458
7427 5676
4698 6472
2050 1160
7728 5458
7156 6033
1705 1411
7139 5897
5761 5466
2033 1176
8284 4712
7312 5990
1958 1210
7063 5972
5687 5615
1831 1320
6130 6997
6895 6343
1888 1288
7083 6010
6328 5239
1994 1206
7259 5942
7522 5944
1854 1311
7038 6160
6578 5267
1907 1271
7509 5924
7721 6034
1959 1261
7543 5892
6831 5220
2031 1225
6926 6361
6638 7154
1910 1324
7232 6136
6727 5309
1784 1416
6482 7137
6606 7214
1811 1403
7237 6142
6527 5487
2021 1274
7497 6157
6877 6981
1865 1395
7364 6497
6442 5591
2141 1213
7116 6780
6614 7358
1741 1509
7683 6200
7825 4713
2095 1293
7634 6603
7678 6364
1590 1672
8162 5810
5326 7195
2043 1337
7396 7160
7115 6995
1739 1542
7784 6198
7489 4979
2019 1357
7941 7375
8297 5325
1871 1455
7045 6950
6934 5367
1837 1480
7781 7833
7641 6960
1802 1501
7393 6731
7788 4869
1364 2042
7840 8222
8178 6407
1706 1608
7458 6686
7956 4828
1917 1466
7865 6846
1961 1444
6533 7868
6776 5708
1801 1559
7452 7592
2099 1387
7062 8526
6497 5921
2018 1425
7953 7206
2108 1391
6654 5850
1841 1550
7748 7570
1764 1622
6784 5803
1956 1498
8051 7167
2255 1366
7433 5461
1774 1635
7743 7654
1969 1508
6598 6045
1598 1864
8286 6876
2168 1413
6460 6387
1786 1654
8124 7875
2081 1482
7484 5778
1773 1667
8042 8091
1856 1619
6129 7220
1927 1571
7621 8622
2041 1517
7299 5991
2348 1396
8126 8445
1775 1756
7229 6400
1803 1740
8154 8488
2080 1561
7503 6444
1753 1812
1939 1647
7181 7089
2205 1528
2318 1493
7733 6615
2266 1511
1487 2400
7915 6413
2257 1526
1992 1679
6949 7470
2308 1529
2243 1566
7565 6850
1638 2231
2110 1664
7185 7349
1793 1976
1621 2319
6979 7693
2122 1662
2242 1610
7432 7182
2160 1644
2784 1383
7754 6890
2279 1627
2104 1748
7653 7078
2335 1625
2573 1536
8088 7288
2009 1923
1899 2087
7668 8295
2167 1786
2250 1736
8248 7493
2411 1645
2184 1778
7627 8599
1883 2183
2372 1688
8214 8080
1990 2034
2212 1832
8279 7548
2691 1573
2391 1749
3568 1367
2378 1759
2229 1897
2262 1876
2448 1717
2482 1742
2381 1842
2522 1739
2220 2023
2073 2238
2495 1784
2547 1751
2650 1699
2607 1755
2290 2102
2310 2076
2352 2012
2311 2099
2181 2222
2979 1642
2593 1798
2474 1911
2632 1780
2586 1815
2627 1794
2654 1810
2917 1692
2436 2014
2532 1921
2829 1744
2886 1731
2366 2169
2836 1787
2679 1914
2530 2033
2669 1943
2688 1947
3362 1651
2447 2200
2504 2134
2882 1837
2792 1895
2831 1906
2561 2124
2897 1891
2728 1982
2506 2214
3490 1668
2271 2478
2660 2058
2656 2069
2767 1985
2683 2065
2434 2347
3145 1816
3427 1713
2477 2321
2786 2041
2847 2006
2814 2039
3179 1847
2919 2002
2314 2583
3142 1909
2879 2082
3632 1726
2538 2388
3196 1945
2839 2167
2872 2151
2948 2108
3381 1869
2516 2443
3374 1889
2799 2255
2749 2284
3266 1967
2484 2539
2224 2946
3074 2177
3496 1935
3608 1899
2258 3025
2630 2455
2783 2369
2929 2304
2652 2449
2437 2714
2641 2470
3087 2227
3061 2267
2549 2624
3452 2032
2670 2512
3202 2201
2775 2438
3457 2091
3022 2348
3365 2145
2724 2523
4029 1797
3346 2165
2888 2427
3140 2316
2837 2483
3330 2219
3039 2413
3207 2329
3506 2182
3165 2371
3184 2365
3055 2417
2846 2543
3131 2394
3225 2360
3467 2237
3518 2203
2785 2620
2492 3000
2967 2532
4129 1908
3063 2490
3151 2440
2870 2631
3173 2460
3683 2233
3006 2598
3794 2197
2771 2805
3935 2133
3088 2600
3038 2630
3375 2433
2810 2841
3334 2491
2764 2939
3368 2479
3047 2692
3519 2437
3129 2679
3046 2746
3132 2695
4653 1949
3192 2682
3013 2814
3477 2516
3250 2657
3552 2497
3431 2553
3406 2593
4069 2236
2916 3011
3989 2310
3044 2900
3396 2640
3621 2521
3333 2693
3390 2673
3167 2834
3426 2686
3573 2609
3385 2700
3768 2501
3071 3040
3487 2683
2866 3283
3681 2586
3629 2632
3666 2615
3107 3071
3604 2665
2930 3287
3152 3057
3020 3203
3285 2940
3342 2874
3796 2605
3603 2748
2740 3626
3752 2699
3574 2879
3756 2732
3585 2890
3353 3110
3450 3037
3806 2720
3419 3096
3471 3061
3270 3252
3845 2739
3748 2817
4028 2626
3512 3082
2746 3868
3528 3093
3391 3208
3453 3163
3469 3184
3726 2974
3739 2964
3758 2941
2858 3843
3877 2869
3636 3175
4452 2570
3571 3269
3944 2854
3882 2958
3650 3206
3824 3041
2966 3895
3960 2922
3702 3215
3347 3584
3358 3591
4161 2828
3890 3104
4019 2966
3918 3100
3783 3239
3561 3477
4000 3015
3633 3407
3619 3421
3942 3123
4287 2821
3761 3324
3917 3181
3339 3740
3644 3495
4205 2984
4046 3125
4104 3089
3966 3221
3605 3611
3949 3278
4085 3130
4291 2975
4969 2662
4278 3008
4351 2962
4073 3186
4451 2909
4350 3005
4421 2989
4772 2789
4441 2987
3777 3545
4087 3259
3995 3344
3843 3526
3495 3872
3986 3414
3637 3765
4701 2918
4651 2977
4259 3225
4889 2865
4813 2923
4070 3413
4212 3311
4852 2925
4718 3014
4433 3178
4305 3282
4456 3191
4903 2942
3161 4592
4624 3106
3963 3575
3443 4169
3448 4146
5384 2765
4483 3263
4337 3359
3625 4071
4416 3348
4447 3347
5646 2731
4180 3534
4099 3605
4529 3320
3980 3725
4465 3410
5749 2738
4550 3380
4397 3474
4106 3676
4628 3337
4201 3621
3971 3812
3922 3878
4150 3695
4461 3498
4075 3753
5212 3121
4276 3617
4528 3476
3820 4074
4734 3370
4362 3595
4543 3496
3913 3987
3743 4241
4375 3618
4590 3497
4384 3615
4334 3649
4484 3569
4487 3583
4472 3608
4130 3848
4103 3911
4236 3797
4820 3484
5581 3117
4589 3630
4489 3759
4599 3703
4586 3726
5283 3394
5007 3571
4258 4004
5435 3376
4802 3685
4549 3834
4608 3796
4685 3763
4555 3858
3973 4442
4059 4302
4864 3706
5693 3292
4738 3799
4939 3720
4049 4434
4312 4118
3705 5142
7254 2707
4293 4162
5448 3510
4656 3907
7527 2667
4958 3751
4821 3832
4585 3958
4730 3909
4283 4224
4279 4264
5480 3536
5249 3662
5225 3683
4526 4075
6056 3231
5521 3535
4173 4464
5157 3758
4833 3922
4039 4732
5199 3781
4477 4221
5121 3822
5906 3396
4036 4837
4688 4137
5483 3678
4769 4115
4997 3972
5213 3886
5043 3994
4245 4772
5294 3913
4795 4220
4758 4276
4782 4238
5416 3870
5840 3632
5400 3916
5807 3661
5348 3966
4882 4311
4789 4394
5118 4163
5303 4033
4503 4717
5089 4217
4565 4694
4053 5391
4912 4396
5184 4242
5562 3962
5934 3738
5709 3887
6173 3648
5399 4143
5054 4385
5250 4252
4492 4993
5694 3942
5306 4257
5267 4290
5051 4476
5314 4259
4887 4649
6165 3714
5511 4133
4994 4577
6059 3800
5078 4563
5084 4580
4983 4709
5859 3952
4513 5203
5774 4058
6086 3863
4045 5906
5148 4668
4148 5787
5803 4105
5179 4747
5107 4803
5735 4204
6485 3762
5281 4670
5560 4386
5450 4520
5404 4590
5680 4304
5347 4671
6137 3973
5642 4376
6063 4031
5128 4910
5407 4672
5484 4608
5106 4976
4812 5281
5969 4167
4803 5328
5203 4957
5320 4838
5602 4532
5372 4819
5904 4239
5330 4878
5087 5110
5260 4952
6705 3840
5180 5087
5613 4629
5083 5177
5649 4599
5494 4795
4930 5351
7090 3745
6157 4178
5841 4418
4801 5485
5474 4860
6002 4303
5305 5062
5080 5280
4869 5480
5299 5095
5539 4832
5921 4423
4470 5961
5162 5274
6008 4392
5209 5278
6224 4255
5359 5169
6024 4441
5856 4624
5816 4698
5293 5297
5833 4738
4834 5821
4678 5966
5504 5133
6356 4321
6196 4490
6459 4291
6397 4366
6153 4579
7042 4043
6103 4650
6097 4657
6131 4643
5843 4968
6058 4743
4547 6452
5952 4871
6501 4436
6341 4555
5657 5298
7136 4151
6768 4318
7328 4062
5804 5162
5019 5998
5331 5751
5008 6060
5881 5155
5805 5245
5874 5180
5449 5701
5940 5106
7112 4237
6906 4361
6004 5069
6912 4389
6175 4945
7431 4176
7544 4159
6113 5083
6192 5046
5850 5400
6567 4790
6924 4539
6998 4522
6072 5235
6132 5195
6114 5210
7623 4205
6775 4700
5829 5542
5692 5749
6918 4661
5542 5928
6620 4884
6465 5001
4935 6788
6104 5336
5327 6238
6547 4981
5987 5467
5616 5915
6043 5432
6309 5205
5854 5664
5048 6709
8149 4047
5982 5511
5195 6543
6453 5127
6542 5059
6259 5291
5708 5881
5510 6103
6323 5258
6254 5326
5329 6434
6416 5223
7830 4313
5957 5661
6992 4850
7161 4750
7957 4262
6302 5379
6455 5276
6150 5533
6741 5107
6398 5359
6740 5116
6330 5429
5891 5877
7325 4791
7398 4734
6210 5597
5989 5831
5565 6419
6101 5770
6657 5304
5768 6131
7001 5078
6200 5691
6832 5199
7130 5036
6898 5175
6503 5460
6091 5844
5731 6279
6365 5596
7061 5121
7336 4973
6396 5592
7239 5049
5740 6365
6751 5395
6386 5710
6246 5840
6901 5332
7726 4821
6331 5824
7030 5301
6532 5671
5953 6184
6491 5764
7563 5042
7416 5185
6686 5703
5970 6379
6025 6346
7796 5008
6608 5812
7184 5420
6228 6116
6839 5668
6940 5609
6886 5673
6133 6349
7888 5072
6237 6307
6458 6095
7454 5441
8090 4971
6787 5885
6612 6015
6031 6691
6970 5834
7738 5324
7304 5732
7842 5338
5977 7011
7573 5529
6894 5985
6312 6561
7175 5842
7417 5720
5737 7668
7208 5873
5806 7507
6551 6428
7248 5909
6279 6830
6818 6216
6193 6984
6814 6247
7714 5666
7890 5521
7590 5771
5928 7500
7289 5977
6445 6749
7058 6151
8140 5374
6571 6628
6592 6593
7910 5571
6892 6308
7148 6129
6908 6411
6258 7208
7392 6037
8267 5146
7575 5943
6871 6492
6972 6439
8033 5652
8119 5562
7774 5870
6163 7557
7742 5936
6677 6863
7691 5969
7051 6541
6474 7186
7137 6458
6559 7079
5490 8613
7466 6217
7374 6325
7441 6252
7070 6622
7290 6433
6982 6732
7436 6377
6338 7642
6610 7246
7410 6403
7839 6028
8161 5793
6996 6885
7512 6395
7276 6625
8128 5914
6755 7345
7079 7019
8034 6059
7071 7082
6855 7344
6946 7262
7306 6902
8184 5975
7963 6224
7952 6266
8237 5934
8102 6139
7745 6566
7886 6404
6793 7790
7421 7064
7645 6831
7210 7355
7022 7620
8071 6406
7387 7286
7435 7279
7923 6717
7601 7105
7751 6976
7932 6774
7650 7142
7737 7134
7298 7753
7689 7383
6469 8572
7652 7503
7674 7663
8004 7364
8207 6992
7213 8302
7881 7587
8113 7239
7876 7621
7875 7655
7766 7842
7966 7643
8240 7076
7384 8358
8021 7763
7370 8512
8040 7913
7855 8173
7863 8254
8252 7446
8130 7927
8163 7901
8171 7943
8114 8250
8232 8069
1707515443 2118799435
1
sift 425
1820 1348
155 106
290 274
2692 3487
396 279
405 293
5252 4808
341 371
420 445
461 494
543 448
493 502
471 526
458 548
569 469
581 463
504 556
517 565
625 489
483 608
675 462
560 553
592 661
659 717
752 712
713 755
724 745
831 707
797 790
949 724
708 963
1177 651
918 777
1123 680
767 892
1047 740
792 962
850 927
980 814
812 997
859 1029
891 1034
935 1041
828 1150
986 1006
955 1130
1317 844
820 1277
1127 1031
995 1191
1304 978
1264 1027
1241 1098
1093 1249
1238 1183
1498 1050
1457 1108
1090 1468
1429 1237
1109 1544
1251 1420
1107 1663
1456 1331
1095 1762
1401 1486
1385 1511
1203 1723
1602 1354
1460 1502
1493 1515
1277 1731
1299 1710
1670 1356
1571 1469
1662 1491
1643 1553
1634 1631
1925 1388
1446 1884
2367 1251
1776 1610
1786 1624
2201 1360
1811 1612
1676 1775
1682 1774
1678 1795
1685 1794
1715 1801
1963 1665
2448 1407
1991 1695
2262 1560
1989 1712
1932 1769
1742 1973
2347 1579
1760 2031
1665 2192
2247 1679
1984 1851
1875 1977
1969 1892
1851 2019
1777 2129
1914 1954
1795 2124
2100 1852
1885 2130
2190 1901
2948 1550
2295 1916
2038 2246
2144 2142
2237 2053
2098 2221
2075 2257
1834 2565
2050 2297
1800 2717
2105 2312
2381 2085
2436 2034
2368 2170
2449 2079
2088 2488
2249 2382
2138 2497
2495 2160
2127 2559
2444 2228
2384 2328
2996 1902
1901 3002
2467 2281
3374 1793
2355 2450
3568 1756
2293 2567
3368 1845
2433 2423
2226 2712
2423 2541
2035 3093
2324 2705
2166 2894
3328 1965
2669 2363
2416 2680
2630 2480
2886 2316
2587 2540
2428 2821
2352 3103
3631 2116
2568 2811
2846 2642
3573 2268
2951 2632
2929 2646
2852 2780
3184 2593
3978 2156
2723 2980
3604 2430
3381 2534
2819 2954
2807 2973
3919 2286
3868 2333
3175 2762
2924 2960
3052 2868
3179 2830
3155 2943
2896 3286
3045 3124
2545 3905
2908 3366
4051 2492
3665 2819
3505 2957
2760 3852
3189 3365
3404 3175
2978 3669
3327 3292
3477 3181
3186 3486
2941 3806
3629 3067
2957 3891
2982 3861
3233 3572
3104 3854
2843 4291
3197 3831
3589 3455
3955 3081
3820 3271
3720 3489
3230 4115
2804 4727
3149 4389
3319 4221
3753 3714
3500 4062
3190 4428
4539 3069
5196 2852
3442 4295
3239 4538
3318 4464
3831 3908
3453 4386
3092 4907
4472 3478
6478 2623
5088 3217
4006 4029
3475 4626
3134 5267
4421 3783
4353 3976
4439 3931
5519 3283
3403 5392
4198 4346
3745 4824
3548 5178
3392 5548
5118 3761
3306 5886
5568 3616
3769 5111
5969 3432
4122 4742
4301 4616
4170 4791
4023 5010
4772 4415
4267 4738
5274 4140
5034 4282
7064 3171
3593 6095
4061 5075
6924 3268
3899 5554
5115 4445
5075 4466
4548 4770
5890 3980
5739 4166
4426 5022
4469 5083
4798 4816
4222 5510
5245 4579
3461 7296
4954 4895
4211 5763
5499 4557
4900 4971
6004 4264
3460 7509
4861 5130
4490 5550
5462 4675
4373 5787
6485 4197
4732 5482
5235 4980
6246 4354
5293 4965
3953 6843
4709 5637
5575 4804
8229 3473
4810 5652
5213 5352
5247 5323
5051 5530
6940 4239
4376 6392
5395 5225
5444 5232
3707 7938
4314 6566
4593 6197
4738 6115
5222 5575
5667 5063
5929 4814
5300 5546
7416 4252
7560 4241
5436 5596
5206 5930
5380 5794
5425 5757
4926 6352
4968 6328
4098 9404
4894 6511
6866 4707
4739 6922
5432 6184
7343 4637
5690 5939
6117 5524
5197 6779
4767 7266
5713 6150
5409 6684
5743 6212
5634 6369
5131 7080
5291 9353
5140 7159
5972 6121
6333 5769
5868 6300
6332 5797
6240 5908
5627 6730
6353 5891
7615 5138
6438 6035
5389 7307
7957 4953
5356 7380
6568 5983
5893 6711
5728 6967
6035 6564
5205 7854
6701 6112
5718 7162
8220 4968
6134 6735
6269 6628
6769 6180
6552 6380
7276 5829
6000 7020
5825 9375
7571 5727
8137 5250
5505 7775
7769 5624
7071 6140
6844 6321
5457 7969
7244 6057
6918 6333
5885 7357
6393 6901
6111 7147
7287 6211
6896 6540
7901 5818
7167 6413
5035 9753
5752 7921
7752 6034
6781 6829
6159 7382
5918 9424
6317 7270
6419 7211
7356 6538
7099 6850
6663 7143
7845 6250
5263 9831
6311 7545
5306 9843
6369 7552
6339 7739
8171 6194
7864 6607
6693 7596
6974 7351
7428 7070
6452 8030
8140 6568
7247 7323
7597 7095
7289 7384
6529 8208
6864 7890
6470 9544
6700 9492
7202 9419
7048 7932
7446 7541
6597 9616
6887 9531
6994 9530
7490 7963
7201 9504
8012 7585
6486 9854
7592 9482
6943 9682
7758 9477
7382 9601
6729 9865
7629 9556
7564 9607
6677 9930
6981 9823
7945 8283
7943 9518
7586 9698
7922 9578
7705 9680
7608 9737
7887 9662
7118 9983
7790 9847
8144 9791
7857 9956
8246 9946
