1735922398 1923562747
1
sift 467
246 100
65 35
217 123
87 45
188 127
96 44
221 146
98 55
515 380
164 95
214 156
168 97
850 474
169 92
343 181
228 143
1453 682
237 151
365 208
269 157
1312 1108
263 173
452 217
289 161
1915 1143
276 168
392 259
303 187
2067 1147
327 185
459 225
362 191
1743 1447
484 258
419 281
464 282
2322 1298
360 365
363 349
347 387
2169 1653
460 331
428 338
490 358
2272 1909
558 384
607 314
530 369
3490 1562
615 613
543 381
517 412
3598 2043
1014 437
541 389
587 406
3555 2114
731 582
593 420
567 441
3152 2305
881 573
672 416
660 428
3233 2420
1008 576
667 442
695 436
3839 2582
845 669
728 507
727 539
3804 2901
970 653
721 558
674 612
4159 2738
947 724
769 721
1047 626
4502 2625
1126 654
1095 620
951 701
4403 2781
1206 691
1024 704
1142 678
4558 2865
1089 907
968 790
1084 797
4211 3111
1153 871
1039 848
1146 841
4685 2876
1264 825
1145 920
1281 895
5037 2749
1316 931
1330 879
1240 918
5695 2547
1537 899
1331 911
1283 934
6022 2501
1334 1024
1351 962
1484 936
5018 2986
1385 1023
1402 1020
1577 927
4756 3130
1272 1100
1466 1016
1561 1028
4755 3226
1376 1159
1519 1081
1798 990
5235 3070
2006 1150
1445 1152
1677 1038
5327 3127
1985 1184
1377 1220
1772 1010
5278 3292
1814 1313
1687 1106
2103 978
5703 3315
1917 1293
1564 1208
1698 1129
6200 3781
2079 1362
2102 1058
1808 1154
5906 4079
2243 1287
2043 1088
1935 1125
6073 4206
1991 1445
2066 1107
1636 1347
6495 4561
1460 1968
1983 1223
1691 1412
6976 6169
1964 1537
1750 1402
1962 1339
8055 5771
2523 1400
2010 1342
2041 1345
7372 6641
2403 1471
1910 1410
1859 1449
7780 6295
2341 1525
2092 1376
2334 1308
7542 6531
1810 2288
2157 1503
2147 1570
7246 8033
2676 1659
3129 1240
2236 1601
2564 1713
2336 1543
2208 1645
2908 1686
2013 1779
2348 1588
3648 1506
2837 1387
2633 1476
2793 1832
2484 1534
2623 1501
2952 1849
2080 1798
2535 1546
2986 1912
2273 1704
2803 1460
2978 2010
3188 1382
2406 1654
2860 2092
3057 1438
2925 1497
3435 1888
2821 1597
1907 2219
3472 1921
2210 1946
2312 1875
3162 2082
3061 1605
2421 1846
3493 1973
2668 1743
2906 1690
3154 2389
2889 1726
3169 1646
3272 2340
2815 1934
3039 1941
3417 2298
3222 1872
3434 1844
3778 2162
3668 1792
2936 2106
3588 2270
3419 1929
3819 1783
2495 2949
3150 2050
3134 2061
3727 2253
3433 1995
3456 2019
2920 2637
3465 2067
3346 2125
3858 2282
3271 2329
3307 2322
3367 2728
3322 2362
3185 2427
3441 2856
2508 2917
3789 2186
4508 2341
4252 2034
6156 1681
4381 2392
3947 2169
3523 2412
3962 2544
4007 2218
3965 2236
3993 2575
3522 2448
4237 2193
3970 2609
3497 2570
3915 2398
4170 2540
4086 2359
4679 2200
3752 2996
3678 2633
4224 2404
4780 2595
2475 3822
3548 2777
4476 2951
5358 2155
4078 2504
5134 2845
4311 2425
4243 2536
4533 3236
4703 2405
4143 2611
4781 3173
4134 2746
3786 3140
4321 3488
4935 2538
4407 2825
5560 2838
4680 2717
4689 2785
4698 3279
4162 3097
4954 2707
3974 3926
4208 3105
4585 2906
5779 2870
4894 2787
4827 2854
4885 3378
4365 3122
4770 2889
5599 3016
4724 2984
5656 2602
4705 3635
5195 2801
4810 3017
5236 3428
5245 2882
4260 3526
6369 3237
5951 2705
4853 3267
5766 3555
5277 3110
5657 3037
5474 3727
5514 3162
5123 3435
5541 3770
6404 2847
5502 3265
6733 3260
5312 3405
5675 3187
5399 3949
5544 3308
4450 3909
5284 4265
5265 3504
5319 3572
6071 3758
5418 3542
4800 3865
6751 3560
5335 3656
5087 3817
5865 4045
6593 3129
7417 2878
6954 3753
6287 3283
7188 3018
7734 3639
4282 4612
5993 3497
6767 4017
6147 3446
6016 3525
7092 3977
6228 3432
6888 3231
5745 4877
4987 4196
5887 3694
7109 4078
5816 3737
5891 3733
6910 4238
5856 3757
6003 3750
7556 4009
5642 4043
5733 3997
5844 5228
6932 3549
6390 3751
6527 4763
5614 4188
6503 3732
7534 4214
6710 3697
6975 3676
7702 4204
6080 4020
7820 3406
6605 4863
5955 4190
6160 4088
8026 4114
6524 3969
5481 4710
7601 4537
4389 6005
6082 4313
7714 4512
7283 3806
6493 4124
7062 4949
6971 3922
6883 3978
7507 4757
7317 3863
6469 4215
8129 4311
6212 4405
7014 4085
6916 5364
5771 4946
5619 5168
7397 5143
6432 4459
6930 4192
6406 5743
6373 4514
6611 4425
6806 5517
7003 4230
7250 4140
7434 5181
6018 4920
6781 4396
7831 4916
6579 4529
6479 4587
5607 7110
6473 4625
6559 4592
7610 5679
6671 4540
7203 4382
7847 5589
6208 5160
7209 4475
7766 5661
6629 4837
7783 4229
8157 5399
6303 5218
7407 4492
6453 7561
6822 4876
7496 4499
7876 6213
6384 5255
7412 4616
7435 6947
6360 5339
7049 4899
7782 6648
7740 4480
6154 5562
7606 7695
6578 5372
7991 4432
6738 5345
7771 4666
7343 5070
7010 5370
7979 4834
8095 4764
7832 5118
7257 5495
7693 5289
7885 5146
7183 5663
7005 5805
8049 5239
5813 7331
7414 5888
7970 5651
8090 5635
7567 6141
7849 6082
7990 6484
