1761909473 1780862618
1
sift 53
489 216
641 201
1056 374
1227 427
1536 663
1999 649
1456 803
1869 605
2010 658
2994 1283
2399 928
1883 740
2243 964
4274 1537
1863 1383
1724 1213
3386 814
5236 1553
2783 1040
2530 1005
3032 1423
6361 2113
2816 1343
3343 1274
2917 1509
4663 1736
2974 1693
3137 1650
4322 2138
5237 1945
5284 2061
5270 1958
5244 2095
4857 2456
4985 2224
4926 2453
5733 2488
6343 3147
5569 2892
5885 3305
7795 3027
5957 3371
6895 3321
7186 3337
6421 3819
7629 3606
7238 3647
8030 3299
7913 4407
6397 4138
6812 4106
6770 6343
7041 5529
1761909473 1988776702
1
sift 740
223 87
114 69
75 33
2136 1268
3631 1851
84 49
227 136
124 70
113 74
2810 1540
4637 3155
135 67
179 209
313 188
128 78
3949 2472
5634 3789
174 93
279 142
463 250
175 102
5467 2866
219 131
278 183
469 296
261 158
6625 4530
254 170
316 196
406 368
347 189
6451 5928
374 240
415 272
654 417
390 238
7855 5691
481 270
474 291
632 634
521 298
6206 7293
501 306
489 340
977 495
455 371
8009 5787
569 402
720 370
644 796
939 357
646 409
718 382
1030 598
722 416
667 421
640 426
934 711
697 458
760 390
747 424
1358 615
765 429
730 437
677 474
1697 969
827 432
620 523
736 510
1499 1271
807 491
891 497
856 562
1254 1661
1008 494
963 528
871 618
1999 1106
918 597
865 626
1044 558
1942 1243
1000 563
986 601
937 686
1744 1424
1083 564
1233 573
1189 599
2277 1392
951 690
1220 600
1145 629
1653 1842
1123 684
948 737
1128 668
1833 1696
1141 736
1028 741
1146 676
2438 1452
1294 680
1352 654
1227 731
2528 1534
1172 750
1206 851
1188 946
2836 1527
1315 798
1300 836
1271 928
2760 1762
1445 814
1441 832
1329 910
2794 1837
1363 897
1656 770
1597 830
3214 1723
1683 783
1393 949
1463 936
2994 2039
1525 955
1501 923
1428 986
2813 2338
1396 1024
1474 981
1925 865
2883 2381
1625 922
1482 1054
1491 1091
3735 2269
1436 1257
1536 1056
1567 1045
3683 2365
1590 1101
1618 1017
1743 965
5441 1871
1456 1408
1616 1036
1796 997
2932 3040
1722 1162
1636 1074
1543 1232
3053 3760
1806 1145
1473 1311
1869 1058
4187 2782
2083 1025
1852 1075
1973 1098
4404 2805
1894 1130
1804 1249
2297 1013
4274 3067
1940 1221
1575 1462
2073 1127
5451 2544
1773 1338
1865 1317
1775 1371
3912 3605
1650 1471
1772 1402
1893 1334
4336 3237
2143 1200
2010 1282
2235 1163
4780 2982
2028 1305
2014 1288
2164 1222
5236 2750
2146 1274
1883 1380
1686 1518
5485 2639
1863 1467
1560 1684
1933 1397
5062 2958
2013 1396
2141 1304
1724 1548
4790 3123
2064 1376
2230 1307
2144 1415
4828 3264
2196 1341
2060 1458
2076 1460
4971 3396
2791 1172
2217 1410
2240 1418
5231 3830
1997 1601
2244 1422
2099 1560
5027 4033
3106 1169
1770 1823
2246 1482
5883 3624
1640 2168
2175 1580
2403 1522
6169 3653
2431 1485
2572 1446
2243 1637
5008 4433
2545 1463
2454 1517
2200 1685
6361 3601
2210 1674
2281 1616
2887 1383
5767 4071
2339 1633
2395 1571
2296 1662
6565 3959
2389 1626
2475 1567
2258 1756
6140 4176
2664 1505
2361 1697
2356 1702
6528 4171
2553 1597
2390 1689
2513 1654
6237 4409
2720 1538
2399 1711
2785 1562
6722 4411
3342 1442
2443 1792
2568 1737
5643 5364
2991 1589
2530 1763
2980 1676
6869 4585
2718 1717
2832 1691
2291 2115
7608 4175
2728 1831
2967 1715
2550 1943
6387 4978
2769 1830
2271 2247
2441 2060
6718 4735
3082 1720
2711 1893
2481 2038
7111 4680
2857 1813
2578 1964
2924 1795
7179 4772
3098 1745
3000 1799
2780 1938
6027 6169
2783 1921
3101 1777
3103 1789
7996 7325
2855 1935
3137 1780
2973 1857
2892 1936
2770 1966
2839 1953
3221 1794
2735 2030
2635 2090
2047 2747
3181 1819
2978 1962
2344 2366
2816 1991
2811 2069
2842 2000
4085 1579
3643 1714
3454 1864
2742 2130
3012 1961
4497 1599
3386 1806
2974 2002
3296 2024
3096 2047
2877 2197
3011 2228
2917 2196
3226 2021
3640 1925
2260 2808
3193 2093
3899 1820
3335 2041
3207 2116
3202 2141
3178 2135
2987 2253
3391 2096
3252 2105
2896 2327
3652 1973
3212 2161
3340 2103
3114 2294
3140 2225
3556 1989
4647 1708
3343 2186
3032 2344
3260 2255
3150 2297
3283 2266
4340 1808
3514 2111
3240 2293
3765 2016
3084 2373
3262 2305
3351 2262
3396 2236
3545 2153
2988 2464
3813 2032
3409 2313
3911 2009
3327 2352
3010 2521
3414 2314
3842 2101
3509 2321
3699 2218
3495 2331
3273 2458
3939 2207
3510 2382
2784 2915
3271 2607
3733 2291
3600 2377
4438 2148
3518 2479
3680 2398
4288 2248
3952 2333
2521 3631
3402 2671
3582 2575
3533 2601
5477 1987
4626 2192
3881 2505
3957 2646
3463 2833
4039 2481
3887 2724
3329 2980
3703 2754
3629 2942
3886 2634
3604 2920
4291 2612
3916 2771
5034 2354
4044 2790
4489 2517
4067 2746
4261 2667
3246 3609
3999 2883
4713 2571
4287 2708
3827 3031
4348 2751
5437 2328
3798 3070
4301 2850
3717 3156
3521 3374
4093 3025
4499 2676
5392 2385
3852 3258
3975 2999
4122 2898
4662 2867
4157 2888
4077 2951
4945 2728
4398 2842
4384 2887
4663 2877
4390 2933
4106 3178
5042 2732
3725 3593
4477 3008
4394 3078
4464 3023
4728 2878
5426 2604
4661 2975
4454 3139
4914 2871
4534 3111
4128 3379
4322 3388
4296 3315
5154 2846
4223 3500
4554 3160
4420 3274
4543 3300
4202 3439
4328 3393
4678 3265
5164 2962
4913 3173
5167 3061
4843 3230
4756 3283
5650 2795
4655 3380
4793 3337
5558 2889
5270 3131
5101 3247
4812 3416
5855 2835
5974 2807
4566 3626
4985 3329
5178 3231
4761 3611
5299 3189
4765 3627
5272 3340
5402 3215
3731 4568
5244 3514
5603 3120
4984 3533
5157 3625
5050 3563
5118 3537
4514 4027
4866 3706
5237 3493
5090 3684
4988 3720
5353 3520
5946 3174
5072 3724
5404 3518
5114 3890
6021 3146
4982 3781
3955 5008
5310 3642
5277 3687
6307 3233
4897 3916
5454 3599
5825 3547
5457 3602
5363 3677
6351 3318
6191 3211
5148 3855
6974 3130
5935 3355
5284 3805
6826 3198
5551 3674
5337 3878
6136 3585
5475 3826
5283 4056
5430 4006
6291 3506
4031 5425
5217 4303
5496 3964
5520 3960
6146 3768
5029 4355
5585 3929
5456 4254
5492 3996
4926 4454
6053 3912
5917 3751
6152 3690
6024 3962
4462 5083
5680 3952
5395 4491
5786 3893
6014 3852
6242 3906
6491 3660
5227 4496
5691 4221
6723 3628
7035 3479
6482 3793
5569 4246
5913 4017
6141 4016
6271 3902
5292 4621
5468 4552
5440 4483
5928 4098
6321 3968
5625 4362
7205 3600
5843 4242
5414 4627
5371 4670
6389 3966
5902 4195
5950 4206
6391 4023
7198 3667
5757 4360
6041 4295
6195 4070
6501 3946
6945 3907
5995 4253
6057 4266
6504 4128
6550 4008
6465 4048
4200 6525
5869 4421
6202 4191
5014 5639
5796 4500
5957 4396
6343 4544
6374 4129
6400 4137
6412 4521
7941 3491
6354 4200
6018 4827
5458 4977
6099 4382
6510 4474
5977 4471
6216 4349
6421 4571
4963 5587
5885 4622
6609 4486
6248 4368
6217 4387
7537 4079
6744 4081
5342 5317
6276 4940
6306 4434
5733 4945
6652 4653
6734 4213
6111 4633
6673 4664
5771 4917
6357 4494
7186 4384
5679 5053
6461 4449
6753 4982
6867 4256
6600 4407
6915 4865
5874 5043
6067 4895
5981 5597
6049 4911
7142 4241
7190 4727
6595 4539
7214 4224
7394 4624
6328 4758
5870 5169
7982 4257
6106 5000
6172 4972
7083 4946
6902 4466
6438 4814
7103 4970
6577 4733
5898 5385
7237 4882
6223 5127
6150 5222
7562 4710
5482 5869
6768 4757
5622 6189
6434 5062
6572 4964
6445 5529
6163 5327
6858 4904
7234 5007
6269 5371
6335 5318
7196 5089
7450 4547
7500 4550
6487 5645
5994 5667
4693 7258
6812 5406
6529 5274
7466 4749
7702 4877
6654 5352
6506 5475
7481 5079
7080 5103
6285 5781
6820 5557
7406 4955
6347 5744
7373 5246
7279 5068
7557 4899
7585 5138
6816 5417
7786 4825
7374 5343
7134 5291
6439 5810
6961 5676
7192 5359
7245 5464
7794 5097
6872 5729
6692 5872
7052 5794
6618 5929
7143 5646
7341 5626
7071 5721
7242 5609
7264 5852
7909 5099
7431 5481
7146 5945
7286 5620
7444 5581
7732 5658
7515 5538
7564 5742
6326 6699
7637 5710
7131 6074
6691 6478
7629 5769
7695 5740
7236 6160
7513 5891
7620 5885
7041 6300
6377 6863
7677 5857
5975 7384
7104 6305
7340 6138
7548 5991
7888 5782
7686 5936
7918 5775
7476 6071
6624 6970
7328 6231
6651 7011
7012 6694
6844 7323
7479 6293
7832 6091
7968 6761
7541 6320
6770 7009
8087 6075
7989 6004
6916 7018
8030 6950
7914 6309
7687 6652
8043 7030
8010 6248
7455 7052
7947 7411
7691 6878
7652 6954
7838 6798
7756 6901
7587 7088
7662 7529
7639 8158
8084 7394
1761909473 2118799435
1
sift 104
474 202
1526 3824
489 274
382 451
1938 2662
465 358
646 371
3640 3581
952 526
871 608
5395 4065
865 755
1536 707
1501 717
2010 724
1329 1150
1473 1184
1482 1214
1865 1006
1428 1277
1804 1192
1524 1545
1616 1454
1772 1731
2559 1278
2291 1624
2100 1782
2475 1723
2568 1711
3842 1331
3240 1801
2770 2173
3733 1775
3418 1872
2967 2148
3335 1996
2978 2192
6932 1360
3582 1954
2707 2426
2635 2565
3274 2257
3510 2236
4464 1916
3533 2327
2441 3208
3084 2667
2521 3296
2801 3506
3505 2950
4477 2480
2837 3690
5237 2363
6292 2080
4454 2714
4655 2642
5404 2423
4556 2731
5284 2540
3703 3554
2574 5035
4913 2821
5363 2780
6895 2384
4462 3286
5414 2832
5148 3123
4926 3271
3463 4529
4296 3784
5870 2957
5917 2943
5569 3180
6049 2977
4157 4189
6210 3124
5585 3572
7142 2960
6374 3486
6595 3455
5520 4221
6465 4115
4928 5433
4841 5646
4612 6077
5798 5431
4766 6881
5866 5671
6202 5392
5475 6217
6402 5572
6439 5550
7479 5344
7286 5637
6770 6121
6529 9382
7637 9378
7444 7469
6732 9593
7218 9481
7093 9527
7848 9416
7662 9531
7687 9686
