1778338741 2009681629
1
sift 207
15 26
55 133
33 59
23 30
27 53
129 238
74 203
87 130
109 240
176 425
208 371
127 230
115 310
234 360
216 379
142 277
148 261
269 457
249 407
131 357
170 411
323 489
239 434
238 394
299 345
629 1139
257 438
224 581
288 470
684 1239
352 455
275 591
325 559
727 1561
445 534
419 509
443 557
911 1479
380 682
397 690
367 840
987 1687
559 1179
589 872
627 866
1024 2068
660 992
820 994
815 775
1153 1873
833 1198
755 1227
674 1694
1155 1966
909 1223
773 1336
844 1397
1160 2301
885 1354
904 1395
945 1362
1186 2455
818 1831
748 2633
851 2179
1251 2322
1254 1962
1098 1639
1446 1299
1366 2198
1289 2205
1423 1556
1296 1753
1632 1931
1616 2049
1656 1356
1836 1489
1048 3905
1837 2724
1228 2319
1655 2029
1845 2707
1678 3253
1346 2740
1397 3050
1658 3571
2280 2347
1621 2798
1465 3795
2034 4481
1712 3231
1900 2672
1709 3236
1953 5200
1723 3357
2026 2742
1958 3009
2415 4132
1778 3737
1729 3708
1789 3832
2349 6669
2020 3944
1766 4043
1754 5041
4485 4335
2378 3676
2438 3277
2313 3854
3741 6849
2289 3959
2943 3052
2374 3791
3861 6720
3147 3124
2303 4504
1899 6084
4040 6688
2668 4454
2089 5274
2106 5443
4430 7938
3638 3348
2260 5458
2671 4312
5207 6889
2753 4792
2780 4221
3751 3296
4211 8939
2715 5090
2355 6170
2924 4906
6795 5392
2784 5566
2695 5679
3154 4942
4951 9045
3236 5436
3149 5317
2945 6057
8181 5487
3027 6420
3191 5701
3232 5561
5211 8917
3349 5845
3208 5976
3725 5268
3328 6626
2989 6981
3199 6540
2881 7917
3549 6163
4200 4927
3911 5529
3362 7323
3486 6686
2976 8085
3387 7320
3316 7568
3909 6705
3773 6833
5112 4945
3543 7652
6282 4238
3228 9154
4385 6615
3343 9109
3894 7602
4218 7208
4328 6799
6626 4452
4208 7255
3770 8547
3872 8630
4447 7102
4561 7360
6012 5440
4156 8847
4422 7785
4722 7481
4857 7393
4764 8406
4697 7907
4324 8911
5007 8009
4772 8022
4668 9340
5113 8045
6075 6732
5183 8840
5231 8393
4790 9502
5653 8183
5025 9332
4996 9464
5976 8161
6049 8480
6495 7916
6459 8895
8194 6638
7649 8286
6971 9234
7688 8762
7895 8883
8360 9430
