19292366 268847495
1
sift 494
547 280
103 46
118 76
1182 747
645 1059
111 80
925 363
132 79
194 84
1402 808
3179 1728
185 108
1022 407
304 135
251 130
1690 913
3776 1747
260 155
983 470
543 191
361 193
1807 867
4766 2937
442 203
1082 695
666 269
468 219
1938 864
5922 4420
469 220
1210 726
585 299
448 230
2200 1284
5911 4982
398 266
2069 918
683 275
467 259
2622 1407
6209 5155
748 236
1859 1145
607 309
572 289
2510 2074
6590 5868
616 351
2251 985
810 386
974 377
5104 2018
6125 7514
757 401
2440 1007
783 397
818 428
4171 2868
6658 7362
912 445
2094 1306
1085 570
1028 541
3771 3785
1131 521
3064 1232
957 719
1187 518
5496 3026
1123 592
2844 1416
1313 621
1279 573
5099 3767
1447 551
2941 1503
1384 664
1524 535
4108 5105
1204 627
3049 1739
1291 851
1305 645
6639 3388
1292 648
3463 2249
1439 824
1121 797
5465 5877
1452 639
3817 2093
1385 895
1436 670
7221 4662
1604 663
4410 2082
1628 881
2036 614
6642 5055
1420 902
4015 2274
1672 865
1781 871
6582 6328
1510 1032
4424 2243
1921 912
1675 940
7271 5942
1914 848
4193 2546
2238 976
1948 838
6422 6692
1740 931
3991 2775
1724 1288
1878 876
1775 1133
4814 2645
2100 1083
1711 1188
1913 1193
4339 2905
1874 1236
1900 1204
1904 1221
4201 3425
2182 1155
2006 1156
2026 1176
4538 3323
2496 1201
2042 1217
2243 1161
4229 3869
2715 1170
2646 1031
2000 1387
5227 3462
2260 1474
2176 1301
2179 1346
6640 2748
2491 1560
2062 1456
2591 1172
5975 3069
3123 1324
2331 1311
2487 1298
5100 3759
3466 1340
2691 1233
2449 1470
5631 3695
2760 1579
2444 1500
2433 1538
5553 4435
3184 1483
2833 1466
2884 1462
6997 3746
3502 1502
2663 1626
2698 1607
5933 4285
3413 1572
2527 1693
2532 1717
4555 5857
2654 1940
2406 1797
2571 1719
7733 3465
2931 1818
2789 1646
3066 1594
6593 4434
3093 1755
2870 1662
2840 1688
6733 4587
3189 1768
2725 1737
2987 1652
6977 4598
3220 1875
3381 1563
3014 1684
7342 4842
3111 2132
3071 1694
3723 1488
6816 6112
2920 2327
2790 1858
3058 1720
7647 5588
2929 2325
4524 1347
2832 1934
7019 6382
3449 2143
3346 1687
3333 1700
3703 2214
3151 1821
3158 1831
3575 2418
3468 1741
3447 1752
3511 2491
3129 1926
3344 1851
3416 2579
2813 2216
3574 1775
3880 2406
3332 1933
3311 1982
4698 2091
3544 1964
3440 2064
3374 2989
3603 1977
3568 2034
4380 2407
3480 2135
4589 1697
3795 2805
3668 2052
3238 2318
3851 2781
2961 2494
3140 2424
3961 2720
3556 2194
3803 2150
3657 3133
4032 2038
3714 2259
4212 2706
4292 2011
2996 2815
4071 3001
3986 2229
4238 2104
5177 2527
4040 2196
3693 2383
4590 2780
3856 2326
3157 2957
3886 3352
4183 2277
3514 2678
4256 3011
3875 2521
4655 2245
4321 3010
3924 2617
4004 2566
5305 2604
4051 2551
3754 2756
4460 3143
3458 3082
4353 2416
4237 3471
4189 2544
3677 2918
4111 3633
5007 2280
4090 2638
4331 3571
4573 2437
3930 2790
5551 2800
4494 2503
4900 2453
4820 3358
4559 2619
4868 2485
5072 3328
4060 2922
4381 2746
5291 3291
4451 2898
4737 2751
4044 4217
4092 3202
4417 3030
5303 3307
4622 2950
4824 2837
5367 3640
4802 2862
4565 3077
6486 3125
4902 2877
5136 2754
5269 3968
4235 3335
4283 3284
5672 3708
4596 3096
4881 2933
5464 3887
4867 2953
5130 2806
6160 3607
4819 3005
4550 3204
6430 3528
4976 2932
4624 3183
5656 4094
5095 2912
4859 3066
6723 3583
5234 2925
5004 3081
4849 5126
5129 3028
4752 3300
6225 3970
4726 3341
4633 3407
6123 4020
5089 3120
4628 3437
6716 3844
4844 3303
4496 3555
6556 3901
4691 3570
4167 3965
5766 4335
5549 3027
4898 3491
5984 4312
6033 2809
5241 3344
6800 4090
4848 3599
7204 2523
6504 4310
5201 3448
5186 3479
6146 4546
4833 3722
4246 4119
6878 4142
4983 3636
5024 3648
6463 4525
5660 3330
5403 3526
6608 4556
5163 3735
5422 3557
6655 4560
5338 3653
5547 3602
7055 4469
5847 3403
5693 3556
6945 4566
6514 3150
5439 3764
6831 4841
4797 4211
5885 3510
7529 4666
5662 3684
5506 3793
6196 5934
5324 3985
5344 3974
7426 5058
6337 3394
5077 4248
6402 5957
4225 5226
5217 4272
6396 5992
6109 3824
6420 3673
6802 5681
5996 3935
4765 5003
7374 5367
5045 4777
5890 4106
7032 5732
5292 4713
6140 4053
6570 6093
6437 3938
5784 4409
7499 5794
6265 4125
5665 4579
7054 6149
5180 5261
5902 4461
6799 6527
5392 5084
5940 4541
7002 7128
5071 5574
7419 3883
7477 6686
6252 4387
5442 5210
7332 6977
6102 4554
6369 4440
5777 4894
6769 4236
6936 4191
7547 3999
7398 4099
7212 4182
6233 4848
6898 4415
6526 4710
6441 4832
6487 4798
6912 4517
6870 4552
7085 4490
7022 4563
7003 4583
6312 5057
6643 4877
6671 4886
6158 5310
5934 5532
6534 5016
7112 4669
6947 4793
7060 4723
7171 4670
6958 4913
6584 5204
7194 4782
7122 4828
6258 5502
6164 5590
6827 5146
6882 5128
6725 5234
5993 5909
7620 4638
7684 4532
7079 5117
6594 5515
7201 5181
7275 5186
6994 5415
7396 5190
7453 5176
7338 5298
7359 5473
7416 5424
7665 5191
7037 5762
7353 5560
7036 5799
7196 5726
6828 6051
7405 5643
7358 5715
6694 6309
7451 5829
6995 6191
7188 6132
6511 6698
6789 6464
7553 5933
6285 7205
7074 6706
7628 6201
7393 6825
7557 6767
6482 8137
6713 8208
7709 6926
7679 7290
7630 7708
7687 8020
19292366 1119887588
1
sift 968
415 257
55 29
43 28
427 249
132 98
51 22
387 274
103 48
72 33
889 531
345 233
83 46
547 382
111 116
114 82
829 661
816 413
146 76
637 516
224 163
117 109
841 654
757 610
180 134
857 684
299 188
184 136
937 647
1228 482
185 146
983 652
304 203
225 171
1317 527
1244 517
327 141
930 682
314 215
251 192
1161 768
957 716
290 198
925 922
260 250
350 202
1182 905
1065 717
298 260
1249 726
414 211
361 252
1532 808
1291 1064
344 259
1179 764
472 307
352 285
1426 906
1649 971
412 263
1082 866
543 269
391 291
1376 1014
1610 996
468 271
1210 953
506 344
451 278
1700 855
2177 1018
442 286
1512 1012
535 331
448 312
1402 1076
1724 1489
477 310
1962 995
517 445
398 375
1602 1200
2742 1315
483 323
1690 1137
585 409
467 342
2270 920
2088 1670
444 348
1862 1101
607 436
469 347
1807 1142
2654 1840
544 317
1730 1323
666 419
493 366
1617 1342
2826 2084
486 379
1908 1322
740 439
551 355
1859 1408
3179 2008
602 330
2069 1351
680 596
572 414
2008 1504
2957 2205
592 417
2059 1369
783 492
628 442
2472 1269
2801 2318
698 399
2251 1377
888 512
616 464
2277 1402
5900 1453
804 393
2669 1271
873 546
699 443
1998 1812
3836 1895
748 424
2592 1360
756 633
812 457
2200 1651
3906 1876
636 594
2094 1615
951 509
713 519
2973 1505
3449 2128
732 520
2622 1609
810 619
769 521
2755 1786
3303 2292
784 561
2219 1870
847 623
818 580
3064 1668
2929 2673
934 526
2385 1743
914 621
974 530
3676 1537
2971 3013
971 535
2898 1620
954 616
868 614
3103 1733
3776 2328
968 565
2455 1952
912 636
944 602
3193 1978
5334 1868
833 655
2617 1985
871 739
1032 558
3160 2089
3416 2815
901 639
2844 1941
1085 738
1028 681
2941 2240
3500 3180
1131 695
3049 1905
1348 657
1139 702
4227 1855
3974 2904
1088 744
2902 2148
1275 801
1187 701
3675 2168
3795 3239
1226 710
2599 2408
1384 894
1215 746
3463 2325
5260 2572
1160 771
4241 1708
1592 809
1355 721
4007 2341
4767 3111
1151 816
3386 2217
1439 984
1199 798
3817 2458
5968 2472
1321 766
2786 2677
1625 898
1290 779
3309 2968
6385 2357
1220 818
3644 2192
1585 928
1279 788
3989 2759
6925 3365
1121 915
3494 2442
1385 1041
1335 794
4171 2669
5766 4527
1284 815
4015 2564
1672 1070
1204 887
4410 2612
5421 5008
1305 849
5268 2145
1628 1136
1312 860
3636 3425
6363 4248
1447 790
3700 3083
1877 1172
1292 876
4050 3022
5585 5030
1410 830
4192 2764
1921 1189
1524 784
4201 3095
5922 4784
1123 1033
4557 2554
2100 1234
1452 835
4193 3110
6105 4735
1435 918
3991 2989
2239 1230
1533 888
4108 3234
6289 4909
1673 819
4424 2813
2337 1198
1744 796
3947 3419
7503 4161
1400 1017
4814 2754
1904 1454
1360 1088
3771 3726
5992 5240
1463 1025
4165 3320
1874 1514
1604 965
4697 3237
6209 5182
1353 1126
4551 3053
2182 1428
1420 1074
5104 3135
6072 5420
1589 994
4339 3199
2539 1293
1925 839
6499 2466
5911 5627
1631 978
4229 3456
2463 1317
1580 1010
5039 3217
6590 5829
1918 856
5348 2921
2260 1639
1497 1049
4564 3655
6802 5691
1597 1011
4538 3588
2496 1566
1705 981
6197 2798
7477 5368
1794 960
4270 4079
2685 1611
1824 963
5493 3494
6652 6076
1510 1160
5684 3258
2788 1577
1468 1260
5623 3539
6509 6446
2311 869
5227 3646
2491 1705
2018 958
4919 4015
6796 6580
1675 1145
4555 4416
2827 1631
1740 1087
6273 3368
6658 6843
1838 1038
5107 3976
3002 1760
2036 991
5496 3807
7499 6347
1370 1482
6639 3521
2930 1882
1591 1273
6869 3465
7228 6702
1781 1131
5100 4574
2923 1970
1878 1083
5631 4362
1822 1124
5553 4191
3187 1909
1875 1108
5963 4258
1840 1152
5725 4061
3111 1977
1923 1132
5425 4905
1817 1203
5904 4180
3184 1979
1775 1291
6784 4387
1711 1375
4717 5562
3093 2048
1948 1249
6997 4340
1914 1275
6640 3960
3220 2026
1863 1334
7061 4403
2006 1345
6593 4237
3610 1954
1930 1417
7146 4481
1955 1411
7004 4435
3413 2071
2041 1374
6642 5262
1960 1420
7733 3898
3466 2073
2062 1392
5741 6034
1885 1497
6902 4925
3155 2235
2026 1430
7221 5128
2377 1262
7048 4915
3502 2113
1694 1694
7636 4904
1797 1596
6733 5385
3331 2311
2071 1438
6973 5742
2210 1397
6977 5631
2920 2670
2180 1478
6196 6526
2164 1486
7352 5512
3823 2329
2453 1361
6883 6330
2356 1404
7386 5558
3667 2459
2242 1473
6582 6746
2179 1523
6927 5898
3729 2496
2278 1487
7342 7781
2435 1422
7598 5640
3374 2889
2049 1688
2487 1475
7240 6083
3663 2668
2331 1565
2019 1806
7019 6492
3619 2981
2117 1725
2646 1495
6695 7552
3511 3102
2514 1531
2569 1520
7647 6434
3818 2897
2090 1817
3253 1367
7184 8256
3880 2920
2221 1789
2201 1834
3851 3063
2474 1641
2591 1608
4876 2428
2897 1517
2444 1674
3886 3124
2449 1678
2305 1802
4111 2952
2632 1650
2855 1590
3961 3127
2470 1747
2433 1805
4359 2789
2601 1715
2849 1624
4576 2769
2391 1878
2663 1720
4071 3221
2390 1901
2150 2160
4380 3025
2406 1890
2888 1640
4460 3087
3704 1435
2469 1874
4212 3361
2153 2218
2698 1758
4321 3309
3814 1459
2527 1956
3575 3963
2896 1734
2833 1788
4106 3591
2562 1997
2761 1861
4237 3548
3053 1736
2571 2049
4331 3501
2093 2514
2884 1843
4455 3468
2559 2082
3095 1752
4206 3748
2725 1980
2859 1891
4590 3597
2789 1955
3035 1807
5001 3435
3200 1765
3014 1898
5177 3336
2987 1945
2870 2096
4678 3685
3272 1886
2910 2094
4738 3665
3006 2056
2790 2197
4044 4190
2851 2158
3191 2019
5028 3593
3315 1976
2813 2251
5305 3470
3311 1990
3353 1999
5072 3659
3210 2095
3129 2138
5551 3377
2832 2293
3058 2171
5015 3717
3381 2031
2347 2811
4185 4558
3346 2058
3495 2014
4807 4039
3204 2209
3158 2228
4849 4030
2629 2600
3333 2188
5382 3799
3497 2120
3447 2152
4523 4466
3859 1950
3444 2179
4539 4566
3730 2047
3321 2253
7468 2963
3344 2247
3685 2086
5302 3958
3332 2258
2961 2530
5138 4102
3587 2182
3289 2348
5291 3967
4524 1824
3149 2448
5367 4147
3792 2167
2980 2696
3984 5947
2996 2690
2678 3122
6430 3673
3723 2233
3568 2350
5464 4356
4450 2015
3480 2424
6486 3782
3440 2468
3914 2226
6225 3988
3458 2525
3664 2380
5426 4655
3603 2433
4156 2175
5321 4796
3518 2540
3136 2915
6429 3940
3556 2516
3238 2816
5672 4754
5114 1931
4045 2287
6160 4520
3908 2372
3714 2513
5984 4764
4138 2294
3829 2480
6463 4549
3411 2876
3668 2620
5610 5327
3314 2999
3803 2558
6831 4348
4022 2412
3693 2671
5337 5637
4589 2254
4052 2492
6655 4464
4150 2500
3780 2809
6608 4546
3839 2840
4032 2685
6211 4946
4547 2421
4040 2717
5855 5266
4575 2417
4146 2641
7055 4368
3782 2997
3986 2806
6504 4879
3750 3068
4158 2705
7425 4398
3754 3118
3995 2906
6878 4801
3459 3492
4238 2731
5511 5917
4292 2713
3924 3045
6800 5060
3677 3311
4189 2854
6123 5530
4051 2992
4314 2782
6202 5564
3930 3160
4183 2934
6612 5300
4252 2993
4347 2935
5357 6608
4329 2971
4090 3164
5769 6044
4353 2996
4073 3226
6458 5642
6749 2130
3992 3340
6402 5726
4655 2847
3351 4017
6945 5505
4709 2873
4604 2944
7542 5207
4534 3010
4494 3046
7529 5281
4897 2803
4434 3131
6992 5641
4326 3203
5503 2510
6570 6066
4060 3422
4509 3136
6723 5954
4381 3233
3742 3780
7374 5559
4868 2960
4563 3165
6396 6586
4498 3248
5007 2946
6799 6859
4859 3039
5165 2861
7248 6402
4092 3578
4428 3358
7332 6431
4922 3061
4522 3305
6791 7112
4283 3495
4417 3406
7002 6921
4559 3363
5053 3070
6790 7373
4635 3356
4622 3383
7292 7114
4900 3218
4481 3476
6766 7811
4438 3508
4624 3445
7685 7656
5266 3060
5060 3198
4736 3408
5234 3105
4596 3493
4881 3367
4457 3641
4573 3581
5130 3260
4802 3464
4903 3424
4969 3385
5136 3297
4867 3458
5199 3268
4755 3532
5179 3293
4389 3777
6033 2830
4824 3544
4246 3926
4819 3594
4976 3514
3627 4941
4833 3618
4858 3631
5095 3541
4167 4182
5784 3156
4633 3861
4752 3800
4844 3754
5129 3601
4451 4014
4885 3756
4691 3870
4627 3911
4645 3913
4848 3796
4942 3773
5004 3742
5089 3709
6765 2922
5186 3702
4991 3887
5241 3775
5006 3937
5470 3666
5108 3902
4983 4023
6263 3355
5024 4069
5655 3650
5446 3803
5439 3830
4478 4727
5549 3791
5210 4043
5201 4077
5403 3923
6864 3312
4693 4627
5422 3956
5338 4054
5077 4262
5344 4062
6447 3503
4880 4523
5738 3824
5427 4059
3695 6368
5547 3964
4721 4789
6343 3610
7689 3091
5686 3945
5662 3985
6890 3530
5506 4213
5683 4108
5846 3970
5819 3998
5459 4298
5885 3980
6507 3743
5483 4315
5323 4547
5501 4396
5395 4550
5773 4183
5164 4845
5045 5021
6286 3929
4728 5414
6541 3867
5292 4855
5826 4264
6002 4176
5974 4210
5847 4395
6337 4116
6109 4257
5392 5037
5788 4630
5890 4619
6514 4205
6372 4282
6011 4564
7671 3725
6437 4281
6132 4502
6761 4137
5940 4719
4395 6682
5777 4911
6311 4510
6265 4577
5982 4827
6140 4700
6394 4538
5660 5231
5665 5239
6314 4757
5842 5134
6689 4474
6252 4830
6102 4983
6369 4824
7596 4056
6442 4776
5836 5289
7201 4285
6534 4783
7766 3711
5785 5425
5505 5724
6827 4689
5996 5331
5071 6483
6936 4644
6312 5161
5884 5483
6646 4933
6968 4723
6164 5324
6364 5212
6487 5174
6744 5001
6691 5050
7085 4770
7105 4766
6671 5081
7547 4442
6769 5038
6158 5456
7202 4772
7018 4903
7122 4829
6258 5480
7209 4820
5628 6100
7196 4906
7022 5070
6898 5157
7003 5102
7101 5033
7353 4869
6233 5616
6466 5478
7212 5005
7461 4854
7419 4907
7409 4988
6694 5521
6441 5680
7034 5353
6912 5419
6870 5450
7416 5115
6099 6057
7141 5342
6958 5452
6584 5671
5934 6314
7188 5351
7047 5427
6400 5893
6737 5660
6947 5567
6085 6304
7112 5502
6531 5865
6789 5689
7171 5545
7063 5620
6172 6478
6865 5822
7194 5601
7562 5411
7731 5099
7079 5739
6725 6025
7703 5274
6828 5989
7273 5704
5993 7010
7359 5659
7060 5869
6882 6040
7396 5670
7036 5979
7275 5841
7405 5729
7517 5662
6294 6959
6797 6389
7358 5945
6614 6753
7745 5431
7620 5735
7338 6053
7074 6390
6511 7186
7553 6041
7665 5911
6994 6690
6995 6744
7451 6269
7583 6060
7630 6243
6713 7357
7613 6276
6643 7634
6964 7286
7695 6309
7434 7241
7439 7283
7628 7143
7679 7056
7576 7433
7706 7288
7557 7757
7601 7804
7473 8111
7687 7967
19292366 1147732554
1
sift 125
62 104
487 1255
173 292
105 357
141 413
903 2165
279 675
256 501
247 546
923 2461
331 1002
394 494
380 833
1258 4551
389 984
385 1171
397 969
1758 3886
447 968
445 954
426 1041
2666 5118
464 1045
530 934
498 967
2196 7978
601 1225
652 1331
553 1468
2994 6566
696 1141
629 1471
617 1565
3618 6596
626 1661
709 1283
653 1512
677 1477
811 1783
813 1455
924 1424
898 1680
687 2342
851 1826
763 2316
1131 1670
1167 2449
1322 1762
1166 2231
1301 2140
1178 2407
1273 2206
1365 2639
1381 2141
1216 2874
1482 2931
1355 2522
1294 2882
1421 3150
1418 2587
1452 2699
1562 3227
2412 2035
1707 3898
1785 3973
1770 3827
1719 4078
1937 4713
1952 4087
1949 4349
1906 5672
2180 3840
2393 3446
1944 6003
2286 3764
2395 3924
2264 5266
2390 4181
2186 4964
2132 5864
2242 4743
2469 4358
2044 6571
2298 5002
2396 4818
2479 5996
2591 4571
3153 4001
2837 5156
2780 4763
3239 4521
2762 5686
3021 5502
3411 4839
2721 6516
2899 6559
3465 5429
3227 6240
3092 6164
3736 4904
3349 7187
3483 5445
3082 8048
3567 7007
3313 8130
3304 8334
5435 7774
4051 6972
3734 7924
6101 8266
4584 6090
4390 6489
4329 6622
4578 6828
4014 8146
4360 7542
4266 7777
4445 7650
4596 7544
4942 6966
5125 7955
5614 7040
5653 8327
6584 7182
7175 8232
19292366 1163718206
1
sift 2112
6 12
24 32
2 8
95 120
55 68
14 21
155 141
111 128
13 26
119 139
72 89
28 34
326 356
103 154
26 35
162 184
83 113
31 40
335 403
140 190
35 47
202 241
117 132
42 44
371 472
224 268
50 60
306 358
115 160
62 83
415 513
314 377
75 94
248 474
131 159
80 116
428 491
344 340
90 121
333 342
189 214
91 122
510 520
362 393
106 104
330 355
262 291
93 125
547 632
334 443
94 124
337 412
310 409
108 135
622 633
473 484
105 143
288 542
400 395
107 144
591 724
434 508
121 147
453 473
349 469
116 158
641 702
565 515
128 145
444 488
372 475
120 166
620 768
535 565
124 171
442 514
450 408
135 157
675 753
585 612
125 176
492 575
423 489
141 189
691 758
600 594
161 168
567 639
448 500
149 194
695 804
543 714
168 172
636 738
497 649
147 215
723 824
587 720
171 192
628 889
546 624
166 222
856 960
607 751
184 210
893 930
680 704
182 220
874 995
683 817
169 281
984 865
658 892
188 255
930 979
739 917
201 242
827 1158
748 842
216 234
937 1110
783 876
215 235
987 1056
847 877
225 239
889 1165
823 944
217 266
925 1129
846 942
211 276
1082 1078
808 1005
227 262
966 1230
852 940
228 277
1013 1217
870 976
271 244
1037 1270
888 1001
240 285
1087 1380
873 1021
247 280
1088 1289
912 1024
244 289
1179 1393
897 1064
237 312
1098 1348
902 1086
251 300
1210 1391
920 1075
268 298
1158 1263
976 1063
256 317
1069 1741
842 1260
253 319
1125 1347
968 1076
257 314
1249 1465
950 1124
255 330
1220 1437
824 1280
264 326
1260 1448
954 1157
293 315
1238 1472
971 1144
278 345
1356 1397
1076 1105
239 422
1514 1291
1010 1247
282 349
1394 1486
1085 1162
292 348
1451 1399
1068 1194
265 384
1388 1778
1099 1338
305 338
1252 1651
974 1339
298 347
1393 1906
1234 1206
284 373
1424 1517
1185 1167
261 398
1602 1724
1208 1495
313 329
1461 1896
1135 1413
315 337
1594 1818
1502 1183
266 400
1627 1713
1254 1340
297 383
1507 2076
1390 1379
309 379
1481 2200
1193 1483
258 446
1622 1948
1325 1589
303 396
1746 1815
1031 1928
296 424
1577 2257
1379 1577
321 390
1490 2284
1370 1382
325 404
1704 2006
1180 1947
311 438
1643 2102
1316 1627
358 388
1853 1940
1439 1622
361 413
1639 2133
1384 1707
322 497
1858 2060
1385 1709
357 441
1631 2238
1495 1599
399 405
1731 2341
1485 1760
394 406
1783 2242
1504 1642
391 418
1922 2097
1466 1820
331 502
1838 2215
1591 1641
390 432
1847 2212
1275 2185
347 487
1851 2281
1468 1822
374 456
1926 2273
1592 1726
380 451
2017 2113
1566 1776
376 465
1684 2845
1585 1790
385 463
2008 2231
1538 1861
433 416
2013 2348
1404 2114
383 490
1928 2355
1751 1664
393 481
2219 2187
1448 2259
406 476
2145 2278
1596 2059
369 503
2060 2436
1672 1932
360 512
1933 2587
1628 2072
411 480
2092 2517
1848 1921
389 498
1865 2935
1417 2847
377 511
1962 2773
1651 2297
466 445
1806 3226
1837 2000
397 525
2146 2605
1809 2047
404 528
2125 2661
1941 1934
407 530
2094 2745
1874 2089
419 510
2466 2374
1882 2024
527 410
2448 2408
2083 2032
431 518
2009 3094
2123 1903
410 584
2251 2770
1921 2216
463 505
2603 2386
2002 2162
443 535
2428 2617
1708 2696
430 554
2408 2682
1636 2897
447 534
2385 2741
2174 2099
468 529
2503 2615
1800 2502
426 571
2440 2689
2066 2328
445 545
2324 3028
2063 2332
465 543
2599 2704
1835 2676
478 544
2304 3190
2100 2310
454 591
2372 3060
2182 2421
459 593
2578 2893
2090 2347
581 477
2677 2814
2421 2228
461 628
2633 2895
2153 2411
531 523
2664 2899
2088 2626
481 610
2786 2801
2305 2288
483 617
2820 2932
2260 2670
487 627
2663 3066
2232 2394
538 550
2592 3216
2238 2718
496 635
2848 2903
2197 2806
469 687
2269 3768
2252 2758
498 640
2698 3085
2179 2931
520 615
2807 3050
2451 2521
590 526
2761 3062
2678 2361
523 643
2519 3685
2204 3038
551 603
2674 3228
2549 2591
530 636
3162 2999
2430 2717
544 631
2966 2920
2259 3032
511 699
3085 3295
2605 2562
647 552
3036 3047
2463 2752
553 679
2902 3725
2645 2695
500 775
3072 3018
2337 3128
572 661
3524 3145
2491 2909
540 721
2650 3522
2559 2914
555 708
2617 4124
2769 2753
592 655
3443 2783
2437 3191
596 654
2653 4081
2685 2887
609 645
2849 3369
2828 2764
559 725
2898 3776
2496 3224
615 648
2859 3379
2681 2924
494 867
2669 4173
2546 3193
605 698
3695 2631
2711 2902
601 703
3141 3635
2555 3238
602 713
2743 3804
2888 2756
604 712
3049 3809
2308 3615
563 759
3095 3568
2632 3124
629 693
3089 3914
2539 3279
633 691
3365 3333
3213 2622
566 762
3122 3969
2920 2857
574 791
3043 3875
2445 3420
562 828
3120 4023
2924 2939
653 722
3772 3250
2377 3620
631 763
3243 4026
2715 3261
558 924
3224 3782
3093 3046
689 718
3477 3785
2655 3575
648 756
3639 3396
3196 3129
617 813
3386 3945
2827 3588
619 815
3289 3751
3157 3197
652 781
3205 4244
2788 3660
599 891
3079 3959
2790 3611
626 888
3508 4034
3111 3326
564 1034
3042 4038
2947 3444
738 735
3211 4605
3155 3312
645 861
3321 3863
2930 3555
696 785
3635 4087
3502 3096
698 808
3457 3807
3006 3471
699 814
3981 3781
3230 3382
684 839
3563 3854
3058 3510
725 784
3355 4633
3467 3195
709 821
3548 3995
2913 3722
674 901
3652 4196
3405 3291
614 1046
3559 4108
3151 3523
715 843
3735 4197
3327 3387
960 688
3693 3956
3158 3528
702 918
3783 4296
3220 3525
890 734
3534 4156
3670 3090
687 981
3241 5309
3184 3601
761 882
3434 4409
3189 3597
822 829
3050 5666
3090 3746
821 832
3531 4257
2855 4065
770 911
4018 4187
3360 3628
784 909
3940 3822
3129 3815
805 885
3740 4668
2838 4271
803 898
3598 4210
3250 3728
862 830
3644 4947
3374 3679
844 863
3629 4340
2791 4270
818 905
3817 4738
3267 3840
651 1198
3762 4382
3333 3740
779 993
4270 4189
3413 3736
835 925
3730 4447
3544 3549
806 955
4113 4504
3619 3532
746 1059
4085 4007
3886 3345
765 1026
4554 4127
3127 4239
807 1000
4140 4041
3163 4090
812 1004
4015 5026
3237 4185
814 1007
3882 4455
3339 3937
868 941
4201 4899
3962 3457
792 1067
3914 4663
3238 4077
768 1096
3991 5276
3437 3984
854 987
3860 4777
3480 3835
943 915
4577 4685
3331 4093
825 1052
4032 4588
3353 4011
921 947
4339 4914
3984 3648
743 1181
3692 5230
3344 4028
851 1045
4193 5113
3533 4237
941 949
4444 4342
3785 3617
885 1014
4342 5176
3880 3922
791 1148
4073 4808
3613 3981
924 978
4424 5252
3729 4152
837 1093
4353 4570
3240 4516
908 1017
4700 5059
3573 4435
939 986
4336 4619
4072 3712
995 939
4717 5044
3610 4428
758 1226
4366 4645
3640 4144
817 1135
4262 5607
3667 4355
981 964
4838 4301
3803 4163
848 1100
4483 5406
3728 4266
795 1188
4167 4971
3415 4845
839 1119
4574 5477
3487 4747
903 1068
4481 4917
3780 4298
834 1130
4219 6533
3851 4443
1137 845
4713 4928
3820 4308
1001 1010
4197 6670
3710 4704
958 1051
4534 5107
3750 4457
1055 977
4972 5667
4185 4091
913 1111
4522 5160
3924 4284
949 1083
5117 5541
3747 4695
1081 974
4525 5381
3930 4563
789 1369
5070 5665
4173 4344
986 1080
4752 5207
4347 4125
875 1196
4782 6095
3363 5687
899 1177
4755 5220
3470 5393
1128 961
5063 5766
4044 4609
946 1136
4198 5878
4040 4542
944 1145
4479 6711
4380 4362
955 1175
4681 5374
3856 4835
998 1173
4878 6149
4359 4422
1063 1108
4498 5536
3986 4690
932 1257
4834 6215
4256 4543
935 1255
4773 5434
4222 4403
1039 1149
5055 5946
4237 4583
1079 1114
4816 5416
4004 4678
1170 1036
4662 6858
4398 4437
1021 1186
4858 5615
3562 5468
1102 1128
5227 5998
3575 5574
1100 1131
4946 5695
4116 4653
1023 1213
5100 6473
4078 4950
994 1252
4675 6094
4090 4699
956 1324
5252 6585
4206 4907
1107 1138
4929 5988
4183 4658
1042 1231
5348 6477
4321 4871
1006 1305
4896 6065
4283 4608
1060 1211
4702 7475
4071 5287
1046 1251
5241 5711
4305 4689
1062 1229
5552 6325
4106 5249
1066 1227
5097 5924
4081 4942
892 1569
5525 6594
4523 4838
999 1387
5715 5254
4468 4593
996 1405
5536 6831
4212 5217
1131 1189
5422 5863
4417 4705
1123 1207
5631 6779
4576 4887
1025 1428
5403 5994
4381 4973
1075 1345
5888 6537
4677 4840
1067 1361
6163 5775
3925 5685
1051 1403
6198 6207
4671 4931
1057 1395
6085 5877
4819 4665
1056 1410
5933 6549
3657 6590
1113 1323
6347 5809
4618 4872
1151 1285
5987 6577
4807 4978
1029 1526
5920 6234
4435 5151
1117 1375
6222 6356
4385 5514
1139 1332
6063 6098
4645 5006
1198 1249
5848 6816
4255 5676
1114 1424
5762 6454
4683 4997
1105 1441
6579 6128
3866 6441
1241 1228
5632 6793
4797 5033
1213 1278
6276 6722
5337 4674
1204 1317
5777 6681
3972 6248
1178 1371
6005 7057
4495 5465
1167 1402
5974 6911
4701 5298
1273 1299
6593 6746
4640 5359
1122 1561
5822 7091
4737 5266
1217 1400
6010 7443
4307 5964
1225 1390
5694 7360
5449 4634
849 2218
6816 6826
4449 5830
1145 1536
6096 6861
4548 5625
1322 1293
6738 7120
5289 5130
1226 1435
6011 7200
5628 4647
1321 1306
6902 7062
4849 5546
1422 1193
6174 7185
4802 5600
1233 1421
6733 7262
4590 6002
1329 1310
6746 6929
4655 5772
1141 1582
7019 7277
4876 5701
1212 1479
6798 7395
4565 5906
1340 1313
7089 7270
5321 5296
1189 1516
7180 7224
4867 5598
1246 1429
6928 7493
5015 5603
1359 1295
7030 7446
4881 5595
1332 1325
7380 7368
4738 6105
1104 1667
7473 7030
5163 5346
1274 1406
7231 7555
5680 5069
1215 1511
7517 7331
4352 6351
1301 1384
5367 5423
1400 1274
7486 7382
4918 5644
1383 1319
4809 6147
1229 1535
7212 7538
4976 5645
1292 1458
4820 6367
1369 1351
7703 7518
5095 5542
1035 1890
4661 6655
1419 1311
5105 5532
1392 1346
5269 5788
1263 1538
5004 5806
1584 1201
5305 5757
1279 1519
4822 6087
1106 1814
4539 6969
1259 1583
5208 5699
1305 1548
5237 5918
1216 1665
5167 5836
1312 1552
5464 5696
1381 1496
4514 7139
1470 1385
5138 6237
1270 1610
5186 6143
1335 1551
5302 6091
1255 1625
5427 5875
1472 1398
5043 6510
1386 1514
4887 6756
1342 1566
5382 6011
1304 1600
5165 6407
1418 1500
6612 5083
1442 1480
5504 5954
1302 1654
6123 5432
1355 1604
5339 6288
1432 1531
5219 6509
1256 1711
6215 5413
1290 1688
6603 5201
1408 1571
5184 6612
1294 1696
5291 6595
1330 1663
5514 6204
1365 1638
5317 6571
1319 1701
5672 6054
1336 1695
5510 6426
1621 1409
5660 6074
1455 1576
5984 5952
1320 1739
6229 5562
1435 1606
5787 6235
1428 1611
5549 6332
1203 1965
5418 7064
1775 1262
5662 6198
1338 1752
6065 6227
1604 1482
5847 6177
1534 1563
6379 5972
1633 1469
5294 7208
1510 1601
5538 6978
1406 1716
5769 6635
1827 1304
5498 7053
1463 1671
5685 6857
1413 1718
6504 6083
1629 1525
6365 6089
1500 1658
6064 6538
1464 1700
5996 6525
1467 1699
5906 6786
1452 1723
6099 6445
1201 2211
5855 6946
1457 1721
6002 6563
1499 1690
6105 6656
1434 1781
6286 6377
1421 1794
5719 7195
1571 1634
5890 6908
1477 1732
6141 6705
1362 1888
5885 6933
1473 1786
6800 6323
1553 1693
6434 6390
1679 1573
7054 6259
1781 1501
6466 6498
1349 2090
6356 7018
1586 1746
6797 6310
1685 1629
6225 7339
1562 1796
7072 6124
1511 1871
6208 7387
1575 1854
5940 7244
1497 1977
6723 6865
1415 2136
6648 6578
1522 2033
6960 6822
1523 2035
6959 6365
1533 2028
7032 6817
1855 1632
6314 7087
1979 1575
6799 7099
1547 2092
6570 7326
1606 1985
6791 7214
1450 2300
6828 7193
1695 1840
6486 7545
1675 1872
6865 7276
1624 1964
7061 7275
1640 1936
6901 7425
1764 1791
7477 6915
1488 2271
6815 7485
1786 1783
7332 7175
1650 1966
7248 7344
1694 1881
7470 7596
1615 2055
7074 7484
1811 1764
1951 1676
7393 7308
1916 1694
1568 2189
7735 7040
1718 1899
1977 1672
1789 1833
1776 1844
1737 1898
1656 2057
1667 2039
1626 2120
1526 2340
1824 1823
1688 2010
2021 1675
1658 2093
1797 1874
1552 2346
1705 2052
1798 1900
1777 1925
1964 1773
1780 1956
1711 2084
1729 2063
1913 1834
1762 2026
1614 2321
1709 2123
1860 1908
1857 1952
2020 1835
1668 2336
1749 2174
1726 2235
1741 2199
1755 2202
1909 2016
1770 2203
1758 2230
1817 2141
1537 2799
1955 1994
1820 2168
1944 2022
1792 2229
1794 2227
1785 2244
2085 1905
1637 2580
2037 1962
2073 1988
1757 2407
1952 2154
1907 2213
1960 2152
1813 2367
1866 2296
2026 2105
1911 2248
1849 2366
1923 2277
2041 2145
2071 2130
1769 2530
1756 2570
1844 2406
1867 2395
1987 2280
1937 2344
1989 2303
2000 2289
2136 2146
2320 1973
1889 2444
1773 2700
2001 2329
2181 2134
2151 2164
1878 2486
1990 2396
1876 2586
2328 2085
2062 2383
1796 2860
2004 2479
1925 2630
2049 2461
2095 2419
2127 2420
2176 2381
2262 2285
1872 2839
1931 2732
1772 3142
2272 2301
2129 2456
2077 2554
1918 2817
2015 2644
2072 2607
2048 2646
1906 2923
2143 2507
2036 2684
2030 2711
3056 1867
1969 2828
1949 2898
2427 2246
1986 2838
2044 2796
1958 2991
1954 3014
1994 2918
2023 2878
2236 2527
1996 2966
2245 2545
2052 2872
2102 2793
2165 2686
2164 2706
2046 2917
2639 2217
2163 2715
2276 2544
2735 2172
1890 3316
2185 2726
2132 2807
2065 2947
2180 2744
2242 2650
2119 2891
2210 2729
2157 2859
2103 2981
2286 2683
2423 2473
2170 2930
2255 2802
2235 2834
2053 3203
2417 2601
1897 3605
2268 2844
2265 2851
2274 2858
2264 2888
2483 2600
2393 2712
2867 2337
2331 2818
2569 2546
2351 2805
2294 2938
2199 3131
2280 2970
1896 3774
2572 2592
2293 2986
2680 2520
2160 3296
2248 3114
2604 2620
2462 2763
2338 2955
2412 2855
2373 2911
2298 3083
2597 2667
2567 2777
2474 2928
2288 3289
2316 3219
2246 3372
2666 2749
2595 2840
2479 2978
2487 3037
2709 2804
2443 3141
2987 2577
2514 3067
2591 3000
2396 3260
2334 3384
2384 3294
2390 3302
2469 3175
2360 3339
2387 3347
2550 3169
2551 3164
2718 2954
2344 3479
2613 3101
2808 2884
3018 2681
2997 2697
2553 3207
2759 2940
2453 3327
2713 3004
2568 3198
2528 3285
2279 3719
2395 3497
2771 3054
2822 3017
3412 2513
2641 3237
2836 3048
2854 3029
2342 3716
2691 3278
3015 2916
2646 3350
3083 2868
2851 3122
2837 3148
2904 3071
2921 3063
2773 3241
3254 2776
2996 2994
2813 3194
2198 4165
2757 3288
2832 3215
2970 3049
3073 2964
2541 3596
2780 3318
2803 3311
2492 3681
2692 3445
2506 3706
2887 3268
3291 2871
2748 3410
3061 3095
2819 3371
2809 3395
2602 3657
2416 3905
2925 3287
2903 3309
3263 2958
2627 3702
3124 3154
2776 3541
2825 3507
2980 3381
3346 3056
2927 3474
2721 3721
2577 3913
3177 3274
3195 3275
2638 3874
3000 3455
2865 3642
2933 3562
2630 3925
3152 3368
2919 3634
2762 3789
3092 3450
3577 2998
2895 3671
2882 3690
2392 4431
3140 3424
3214 3376
3102 3490
3021 3571
3249 3380
2994 3625
2969 3656
3084 3570
3351 3332
3376 3321
3126 3551
3091 3592
2509 4393
3077 3619
2899 3808
3493 3257
2967 3738
3239 3502
3503 3271
2945 3793
2733 4075
3067 3707
3301 3499
3191 3638
2991 3817
3023 3788
2915 3917
3298 3560
3276 3591
3266 3604
3204 3686
3498 3404
3272 3645
3311 3577
3359 3544
2862 4059
2962 3916
3070 3823
3150 3758
3937 3052
2889 4079
2730 4346
2985 3963
3468 3514
3649 3344
2616 4621
2839 4219
3066 3899
2886 4134
2502 4879
2649 4592
3054 3943
3411 3633
3858 3212
2722 4515
4145 2974
2843 4334
3440 3666
3948 3210
3201 3919
3227 3911
2950 4288
3094 4088
3514 3687
3688 3503
3475 3753
3349 3868
3398 3829
3607 3652
2932 4434
3277 3967
3332 3898
3280 3978
4187 3147
3304 3953
3402 3870
3685 3599
3171 4142
3627 3691
3026 4388
2658 5062
3461 3864
3320 4009
3082 4326
3518 3811
3565 3759
3228 4167
3035 4446
3435 3929
3786 3585
2896 4729
3916 3506
3225 4278
3315 4151
3133 4487
3810 3696
3717 3771
4182 3392
3568 3924
3290 4310
3377 4209
3273 4394
3444 4148
3726 3836
3614 3965
3231 4489
3310 4377
3336 4347
3458 4184
3746 3845
3427 4233
3465 4190
2981 4957
3529 4126
2834 5327
3705 3971
3381 4450
3595 4121
3370 4465
3951 3778
3833 3880
3567 4215
3313 4620
3325 4613
3424 4485
3541 4311
3660 4146
4425 3500
3725 4082
3656 4186
3611 4256
3483 4458
3545 4363
3342 4688
3447 4540
3317 4751
4874 3303
3921 3934
3852 4000
3932 3949
3630 4378
3842 4061
3522 4525
3431 4712
4365 3668
3603 4439
3244 5015
3615 4441
3967 3996
3839 4097
3721 4312
3714 4375
3801 4297
3556 4700
3879 4229
3739 4430
3745 4432
4614 3688
3668 4569
3429 4998
3341 5153
4031 4116
4060 4086
4357 3866
3900 4307
3969 4249
3555 4877
3922 4376
4194 4074
3476 5096
3933 4413
3579 4921
3328 5372
3673 4798
4712 3766
3980 4389
3605 4959
3926 4469
4129 4214
4063 4315
4474 3954
3734 4802
3987 4462
3917 4580
4248 4178
3870 4672
3698 4963
4098 4411
3808 4831
3736 4916
3995 4558
3107 6141
3910 4711
3955 4666
4079 4501
4323 4269
4224 4400
3791 4976
4441 4182
3883 4843
4204 4444
4076 4598
3645 5279
3965 4791
3881 4927
3902 4900
3945 4858
4051 4718
4047 4726
3975 4842
4052 4744
4235 4519
3799 5123
3954 4910
3618 5441
4396 4385
4264 4507
3844 5054
3523 5624
3959 4925
3864 5047
4506 4295
3821 5135
4815 4069
3831 5136
4159 4693
4252 4611
4266 4629
4612 4305
4360 4572
3983 5043
4453 4500
5140 3991
4054 4987
3690 5560
4162 4873
4094 4972
4584 4466
4997 4129
3571 5858
4091 5061
5259 4014
4014 5192
4022 5182
5195 4073
4691 4496
3890 5440
3299 6776
4281 4891
3997 5295
4436 4759
4588 4646
4609 4632
4131 5125
4448 4773
4269 4974
4378 4856
4676 4602
4286 4980
5380 4035
5155 4198
4419 4848
3609 6153
4172 5159
4308 5020
4122 5251
4563 4799
3936 5566
4605 4788
4048 5409
4205 5204
4593 4822
4061 5415
4134 5326
4679 4774
4969 4548
4941 4591
4438 5060
4382 5141
4596 4944
4983 4595
3828 5961
4209 5371
4319 5247
4641 4919
3865 5903
4376 5185
4532 5039
4475 5084
4326 5267
3874 5917
4457 5132
4301 5321
4993 4654
4405 5223
4509 5127
5139 4553
4303 5365
4178 5502
4387 5291
4006 5763
4869 4837
3584 6832
4428 5294
4130 5647
4742 4992
4000 5865
4912 4862
4491 5260
4578 5178
4552 5216
5013 4793
4298 5498
4575 5202
5598 4260
5385 4467
3992 6017
4345 5487
5094 4789
4297 5572
4511 5345
4638 5246
4034 6006
4515 5362
4845 5037
3837 6461
4451 5456
4320 5629
4389 5537
4630 5314
4221 5738
4315 5653
4186 5819
4827 5102
5234 4756
4524 5439
4955 5032
4478 5524
4586 5424
4021 6211
4414 5590
4942 5090
5347 4722
4328 5727
4598 5453
4070 6183
4705 5388
4689 5400
4928 5166
4099 6172
4626 5470
4885 5227
5179 4969
4635 5520
4826 5330
4407 5745
4765 5410
4806 5376
4688 5500
6033 4279
3907 6843
4559 5697
4402 5893
4377 5947
4709 5594
4916 5398
4906 5433
4403 5978
5102 5235
4739 5622
4693 5682
5222 5161
5411 5007
4500 5992
4792 5648
4848 5585
4749 5698
4466 6079
4486 6072
5125 5352
5019 5459
4833 5628
4699 5779
4494 6096
3977 7101
5299 5210
4561 6085
4123 6848
5093 5469
4558 6118
4875 5703
4581 6097
6707 4248
4888 5710
4356 6488
4859 5746
4824 5810
4624 6151
7556 3928
5614 5078
4945 5794
4537 6350
4962 5783
6850 4350
4890 5950
5640 5149
4367 6753
5210 5581
5329 5482
4870 6012
4109 7286
6583 4510
5217 5599
4648 6359
4259 6998
5728 5085
4732 6264
4996 5925
5964 4955
5595 5274
4416 6799
4987 5939
5324 5561
5435 5450
5164 5741
5693 5224
4871 6218
4482 6823
5686 5264
5018 6037
5131 5861
4508 6796
5064 6021
5144 5928
5397 5630
4840 6328
5455 5559
4882 6307
4658 6693
4521 6898
5266 5789
5089 6067
4390 7136
4585 6846
5245 5857
5158 5987
5134 6059
5037 6192
5007 6260
4450 7115
4886 6455
5453 5668
5079 6176
4988 6303
4818 6570
5265 5935
5083 6201
4787 6652
5006 6315
4964 6404
5143 6167
5292 5975
4978 6432
4879 6596
5129 6238
6618 4863
5413 5839
5156 6220
5789 5462
5201 6184
4958 6598
4863 6777
5398 5966
5359 6040
4754 6951
5395 6004
5261 6191
5420 5976
6913 4814
5277 6190
4894 6812
5459 5971
5088 6561
6313 5229
5843 5556
5415 6104
5172 6470
5444 6068
5229 6379
5255 6352
5182 6476
5392 6164
5591 5885
5160 6553
5068 6714
5665 5817
4872 7019
5090 6709
5524 6031
5443 6168
5328 6360
5355 6312
5081 6784
4760 7246
5545 6043
5304 6429
5050 6854
5406 6290
5137 6726
5371 6357
5263 6572
5988 5643
5036 6980
4922 7181
5649 6063
5868 5773
5547 6265
4954 7248
5352 6616
5759 6008
5424 6527
5970 5799
5624 6222
5123 7032
5605 6267
5451 6499
6233 5635
5935 5880
6316 5619
5639 6299
5955 5965
6037 5871
5664 6319
5644 6366
5901 6055
6246 5718
5876 6099
5692 6335
5497 6640
5369 6896
6625 5512
5697 6349
5442 6805
5438 6866
6058 6028
5507 6778
6538 5650
5377 7015
5703 6489
5590 6702
5307 7184
5629 6686
7115 5368
5428 7031
5764 6507
5576 6821
5200 7417
5788 6511
5557 6892
5873 6430
6501 5821
5506 7001
5743 6669
5958 6418
6008 6370
5550 7052
5752 6769
6022 6453
6727 5790
5748 6811
5567 7128
6503 6029
5729 6868
6112 6434
6281 6268
5985 6613
5681 7034
5983 6654
6223 6395
5522 7312
5653 7103
5683 7096
5806 6926
7462 5467
5792 6950
6284 6393
6094 6627
5761 7045
5902 6897
5723 7122
5448 7510
6856 5983
5691 7233
6312 6487
6390 6423
6184 6648
5574 7440
6079 6798
5836 7083
6090 6814
6169 6745
6492 6398
5942 7035
5969 7009
6164 6800
5480 7563
7591 5576
6373 6633
6551 6474
5709 7434
6588 6449
6416 6644
6159 6945
6004 7166
5820 7403
6155 7016
5918 7317
6404 6795
6464 6718
6259 6981
6656 6579
5949 7366
5910 7410
6025 7321
6600 6730
6929 6447
6489 6871
6147 7225
6842 6555
5859 7502
6751 6643
7482 5982
6134 7264
6735 6674
6821 6591
6351 7071
7041 6435
6299 7172
6457 7007
6754 6742
6399 7078
6439 7046
6483 7008
6326 7191
6170 7372
6514 7023
6441 7126
6311 7249
6770 6836
6553 7024
7028 6618
6755 6972
6574 7162
7127 6639
6177 7520
6694 7121
6265 7496
6566 7263
6369 7461
7429 6472
6541 7324
6203 7553
7289 6682
7475 6501
7565 6397
6580 7389
6916 7107
6739 7302
6783 7258
6660 7378
6840 7271
6624 7451
7051 7073
6544 7497
6401 7569
7040 7241
5947 7633
6949 7394
6995 7407
7309 7176
7443 7054
6568 7599
6805 7556
7171 7383
6876 7549
7060 7492
7210 7427
7616 6996
7175 7474
7202 7489
7301 7481
7085 7574
7279 7527
7621 7220
7286 7535
7601 7490
7714 7292
7684 7430
7692 7505
7764 7449
7704 7641
19292366 1223175561
1
sift 2175
11 6
24 24
12 10
78 56
49 40
14 12
82 61
21 26
26 23
133 100
103 74
36 39
281 236
55 45
43 34
384 331
132 111
50 42
335 261
111 101
72 47
387 366
236 187
75 52
371 287
224 198
83 68
470 308
334 182
86 66
415 311
287 216
91 70
427 381
304 246
93 65
428 380
314 263
99 71
584 477
319 278
115 77
507 375
345 290
107 84
827 555
414 260
114 90
547 442
344 320
117 107
829 782
543 420
146 91
510 481
434 318
141 104
841 796
600 596
135 121
591 470
506 438
169 94
930 749
816 560
149 113
622 502
565 406
174 109
937 798
739 615
162 133
637 541
473 493
183 118
1030 938
756 607
153 151
675 583
587 476
173 156
1161 981
842 564
184 157
876 660
585 528
180 163
1138 1033
861 582
185 169
874 726
517 650
210 155
1182 985
757 739
229 177
925 797
607 577
237 185
1317 982
1112 584
258 172
1037 753
683 532
225 210
1426 1104
912 793
248 199
965 844
666 548
216 224
1412 1170
1124 713
253 209
1082 978
680 628
251 213
1532 1125
957 871
240 230
1249 952
783 670
257 223
1512 1166
1228 784
327 204
1179 1011
808 733
269 225
1402 1276
1440 744
263 232
1393 958
873 727
265 231
1376 1321
1244 870
282 229
1210 1118
810 847
290 228
1595 1227
1423 839
291 244
1731 1242
954 759
293 241
1574 1395
1298 916
249 281
1714 1273
870 831
311 234
1602 1403
1076 1068
306 242
1678 1344
950 776
298 273
1666 1430
1530 942
325 247
1743 1343
914 890
333 243
1622 1466
1549 963
354 238
1700 1379
976 955
346 253
1690 1437
1291 1226
302 302
1704 1446
1099 928
310 292
1617 1546
1384 1151
377 240
1807 1404
1323 772
509 211
1854 1398
1651 1095
348 266
1847 1452
1085 971
372 279
1962 1427
1669 1094
357 286
2054 1368
1397 917
358 294
1730 1592
1390 1375
330 333
1851 1516
1208 1044
337 317
2460 1217
1585 1261
380 288
1746 1609
1234 1059
361 305
2120 1408
1610 1269
352 327
1888 1532
1324 1003
476 257
1853 1573
1649 1277
341 340
2092 1478
1348 1018
417 291
1858 1616
1672 1429
390 319
1514 2059
1275 1062
393 323
2269 1512
1724 1640
401 337
2008 1669
1379 1022
406 332
1754 1975
1877 1566
426 301
2060 1786
1261 1140
391 368
2158 1720
1874 1638
498 297
2125 1762
1486 1084
412 365
1978 1951
2177 1508
416 361
2013 1970
1385 1279
445 348
2472 1693
2032 1676
432 355
2251 1800
1344 1410
504 336
2094 2083
2108 1702
398 429
2219 1871
1485 1318
465 376
2440 1873
1941 1847
532 322
2240 1902
1592 1232
423 400
2352 1959
2182 1685
467 383
2372 1903
1439 1366
442 391
2963 1729
2002 1877
468 390
2669 1845
1628 1423
451 407
2622 2087
2213 1719
448 409
2385 2128
1567 1514
444 415
2531 2189
2205 1782
463 410
2986 1917
1966 1434
466 417
2755 2069
2088 1925
430 430
2633 2175
1835 1593
477 419
2466 2339
2260 1940
515 408
2911 1985
1921 1598
669 314
3050 1994
2701 1817
441 466
2750 2187
1502 2179
529 402
3285 1937
2496 1956
492 435
2802 2188
3167 1183
483 445
2599 2370
2704 1852
520 427
2807 2219
2066 1637
433 485
2898 2274
2547 2010
496 447
3049 2138
2063 1675
486 458
3676 1915
2491 2125
453 478
3085 2164
2100 1726
611 370
2455 2664
2654 2007
513 467
2603 2555
1848 2145
544 433
3156 2257
2621 2042
524 456
3065 2367
2451 1643
523 462
2786 2614
2742 1965
519 482
2941 2505
2110 1906
469 535
2902 2577
2252 2408
555 460
2677 2750
2463 1674
614 426
3193 2449
2923 2123
563 453
3211 2388
2083 2055
542 484
3160 2484
2971 2323
551 479
3241 2381
2337 1807
531 505
2831 2810
2956 2385
573 473
3474 2337
2700 1701
601 474
3355 2487
2992 2362
604 483
3122 2610
2949 1993
572 507
3103 2728
2605 2725
617 500
3740 2322
2539 2285
592 523
3086 2830
3350 2225
602 529
3162 2730
2788 2163
728 464
4562 2110
3184 2342
674 498
3243 2836
2936 2078
628 524
3582 2624
2801 2658
696 491
3386 2760
2685 2291
645 522
3463 2890
2826 2767
597 558
3644 2585
2827 2216
605 561
3652 2798
2828 2780
618 552
3718 2613
2838 2290
653 538
3408 3009
3220 2491
702 518
3166 3288
3267 2086
616 585
3338 3195
3179 2653
640 559
3383 3172
2930 2444
709 530
4241 2527
3172 2677
636 604
2770 3801
3031 2420
631 651
3543 3098
3111 2854
699 575
3715 2864
2955 2515
698 598
4018 2768
3303 2722
581 780
3494 3095
2769 2765
660 677
3675 3054
3331 2708
725 610
3477 3168
3093 2528
713 637
3809 2943
3564 2536
778 594
4195 2627
3710 2203
748 625
4278 2633
3420 2676
770 618
3775 3047
3155 2545
755 633
3700 3185
3002 3052
804 620
4625 2533
3502 2405
769 655
3309 3654
3836 2434
806 630
4227 2819
2920 3110
837 611
3817 3212
2948 3179
1035 545
3735 3271
3446 2741
812 657
3636 3439
3389 2801
836 636
3371 3758
2929 3260
711 740
3996 3176
3360 2860
824 664
3771 3435
3610 2755
918 613
3947 3292
3500 2857
807 695
4165 3072
3416 3012
818 702
3989 3278
3906 2626
991 600
4557 2840
3413 3018
834 696
4171 3125
3776 2733
844 694
4112 3154
3374 3106
885 674
3783 3507
3449 3050
1077 591
4564 2940
3460 3049
746 808
4007 3349
3533 2999
948 658
4529 2960
3944 2691
1007 654
3713 3616
3880 2779
805 778
4219 3203
3728 2919
1031 645
4015 3402
3667 3117
774 822
3869 3568
3196 3546
785 829
3258 4372
3823 3001
833 767
4662 3004
3619 3280
868 745
4193 3520
3795 3133
963 708
4410 3366
3405 3533
852 789
4702 3257
3998 2978
944 735
3991 3717
4254 2777
946 741
4201 3653
3511 3588
971 731
3554 4564
3663 3382
1025 722
5042 3258
3961 3190
901 826
4834 3443
3467 3612
967 768
5104 3302
3886 3315
1010 757
4424 3736
4306 3034
974 806
5039 3472
4173 3276
904 885
4229 3993
3669 3700
1029 794
4339 3930
4071 3445
921 888
4574 3770
4307 3268
926 900
4554 3839
3851 3626
966 867
4262 4009
4380 3236
781 1056
4260 4219
4359 3336
1046 820
4330 4022
5128 2911
1091 779
4611 3919
4639 3231
1011 849
4270 4151
4036 3631
1060 813
5679 3290
4077 3602
958 905
4551 3955
4455 3368
960 908
5350 3517
4830 3246
927 947
4067 4519
4672 3294
1075 840
5080 3661
4876 3272
1105 816
4814 3806
3854 3905
1125 807
5283 3604
4044 3852
1114 817
4114 4598
4449 3525
1088 846
5267 3658
5334 3066
1012 918
5810 3388
3657 4387
1058 878
4108 4859
4591 3553
1059 887
4823 4060
4671 3487
1050 909
5474 3650
4603 3564
1152 811
4577 4457
4111 3887
1066 897
3527 6353
4321 3774
1231 771
5069 4029
4771 3491
1189 802
4342 4959
4212 3874
1354 728
5055 4163
5001 3407
1063 914
6417 3454
4932 3503
988 964
5227 4034
4300 3798
1098 913
4727 4579
5286 3387
1020 970
5348 3945
4385 3787
1131 892
5063 4588
5260 3419
1236 815
4700 4627
4237 4065
984 1008
5496 4127
4185 4131
1117 925
4717 4914
5491 3329
1097 951
5493 4144
4766 3868
1226 868
5100 4626
3984 4625
1229 864
4966 4878
4590 4002
997 1048
5552 4240
4690 3860
1055 1041
5107 4777
5509 3497
1113 1032
4919 5024
4206 4441
1187 968
5978 4027
5968 3289
1121 1045
5215 4715
4576 4067
1151 1031
5684 4246
4331 4422
1185 997
5425 4561
4915 3904
1270 959
6178 3957
5041 3832
1215 984
5118 4930
4985 3880
1204 995
5623 4671
6288 3244
1269 966
5600 4523
5742 3474
1240 987
5032 5351
4849 4311
1199 1049
6563 4043
5237 3809
1220 1035
6197 4260
5362 3943
1052 1180
6010 4456
4661 4335
1290 983
5631 4893
5043 4440
1381 969
5848 4646
5291 3889
1316 1012
5553 5023
6385 3637
1304 1019
6499 4239
4460 4723
1315 1024
5963 4764
5498 4192
1552 923
5975 4784
5029 4132
1293 1058
5811 5106
5452 4267
1265 1073
5904 4875
5305 3938
1279 1079
6273 4807
4539 5254
1355 1051
5725 5128
5072 4118
1320 1069
5678 5286
5327 4472
1266 1102
5536 5374
5015 4243
1312 1080
5887 5102
5181 4697
1305 1082
5907 5054
4523 4845
1318 1085
6006 5060
5319 4554
1335 1078
6038 5147
5317 4056
1481 989
7015 4513
5367 4520
1292 1106
6166 5142
4398 5005
1284 1109
5858 5488
5551 4545
1391 1060
6075 5241
4807 4583
1488 1016
6443 5252
5656 4488
1447 1050
6480 5220
5020 4424
1321 1119
5741 5954
5941 4271
1973 834
5888 5676
5028 4575
1424 1096
6089 5627
6287 4066
1596 1029
5870 5906
5302 4338
1336 1157
6222 5647
4961 5308
1340 1159
6241 5582
5321 4717
1300 1200
6206 5679
5672 4643
1360 1181
7636 4749
5280 4759
1332 1213
6232 5814
4701 5760
1369 1175
5933 6181
5138 4970
1257 1288
6963 5406
5198 5257
1400 1148
6593 5653
5289 5130
1511 1108
6091 6585
5421 5182
1455 1124
7132 5409
5610 4852
1410 1155
6642 6022
5766 4950
1598 1076
7386 5323
5855 4842
1435 1143
5954 6821
5464 5277
1451 1138
6276 6231
5611 5192
1457 1135
6582 6120
6034 5013
1452 1156
6997 5763
5337 5502
1408 1201
6782 6074
6149 4961
1468 1173
5763 7229
6980 4278
1557 1122
7061 6096
6429 4780
1524 1165
6733 6098
5357 5670
1546 1149
7048 6162
6105 5083
1533 1171
7683 5367
6486 4830
1463 1229
7271 6016
6973 4592
1895 999
7312 5783
7666 4064
1352 1348
7172 6212
6024 5230
1383 1325
7464 5706
6225 5124
1420 1278
6816 6798
5685 5612
1597 1150
6199 7196
5426 5895
1425 1294
7733 5613
5922 5480
1471 1260
7160 6228
5965 5339
1496 1239
7221 6446
6146 5330
1540 1216
6955 6464
6123 5313
1523 1234
6976 6747
5911 5505
1411 1339
7478 6243
6504 5133
1670 1141
7082 6754
6209 5375
1538 1286
7240 6566
5621 5894
1522 1302
7441 6477
6137 5430
1417 1382
7019 6795
5736 5757
1526 1309
7352 6597
7407 4662
1510 1320
6688 7242
7526 4587
1604 1237
7375 6569
5585 6085
1422 1435
7021 6949
6107 5508
1631 1257
6985 7179
6160 5455
1504 1411
7089 6864
5769 5862
1589 1350
7625 6390
6925 5067
1650 1287
6977 7226
7374 4831
1529 1414
6836 7422
6072 5677
1761 1198
7579 6623
7337 4880
1472 1490
7647 6669
7477 4866
1643 1334
7159 7386
6460 5376
1822 1177
7624 6790
5787 6169
1500 1462
7011 7735
6831 5245
1591 1425
7381 7413
6463 5603
1370 1611
7669 6979
5984 5978
1705 1304
7447 7550
6202 5853
1626 1374
7545 7517
7400 4999
1632 1378
7598 7516
7523 5003
1494 1526
7467 5040
1571 1457
5485 7264
1536 1502
6262 5842
1709 1333
5830 6648
1580 1463
6430 5700
1784 1285
6726 5850
1760 1319
5510 6964
1744 1340
6458 6119
1857 1256
6356 5923
1918 1224
6570 6008
1675 1401
7084 5614
1798 1306
6065 6578
1794 1323
7243 5572
1781 1337
6992 5803
1639 1454
6878 5875
1716 1384
6762 6222
1614 1511
6590 6433
1756 1371
6945 6123
1418 1690
6402 6686
1740 1399
6509 6626
1427 1732
7503 5684
2133 1203
6626 6694
1796 1388
6211 7100
1812 1386
7529 5979
1824 1391
6379 6915
1890 1367
7444 6186
2018 1312
6396 7022
1821 1441
6790 7029
1811 1461
6603 6920
1711 1558
6832 7048
1755 1519
6051 7638
1838 1449
6883 6991
1873 1431
7347 6339
1919 1419
6884 7000
1551 1745
7032 6900
2037 1364
6802 7197
2198 1295
7542 6361
2065 1363
7002 7058
1878 1469
7298 6820
1840 1504
6800 7434
1775 1562
6791 7526
1769 1574
7426 6863
1875 1500
7362 7017
1843 1524
7291 7280
2147 1361
7499 7306
1725 1619
7228 7699
1737 1607
7055 7894
1817 1560
7332 7797
1950 1481
1866 1530
1925 1531
1923 1541
1777 1625
1776 1632
2046 1492
2070 1486
1930 1567
1996 1538
1694 1798
1621 1944
1797 1700
1885 1629
1914 1622
2036 1586
2079 1569
1884 1657
2282 1473
2246 1496
1790 1780
2191 1540
1909 1673
2159 1588
2311 1509
1900 1740
2055 1641
2210 1591
2214 1595
2399 1536
2584 1476
2026 1722
2674 1447
2071 1709
1969 1783
2041 1737
1882 1893
2051 1747
2102 1718
2180 1672
2291 1623
2129 1721
2141 1715
2077 1775
2047 1804
2075 1805
2095 1788
1994 1884
2019 1865
2356 1631
2033 1890
1944 1977
2336 1660
2280 1735
2072 1910
2569 1605
2275 1743
2049 1933
1957 2058
1786 2324
2179 1854
3198 1475
2160 1895
2288 1789
2185 1881
2334 1763
2164 1905
2237 1830
2293 1796
2377 1748
2248 1857
2090 2015
2278 1832
2139 1957
2577 1667
2062 2063
2109 2008
2194 1928
2834 1603
1960 2197
2117 2031
2242 1907
2150 2004
2217 1939
1964 2226
1913 2305
1951 2271
2203 1988
2153 2070
2140 2103
2435 1813
2390 1856
2518 1790
2331 1919
2453 1831
2445 1842
2096 2196
2548 1839
2630 1799
2505 1868
2201 2168
2305 2060
2285 2134
2374 2020
2591 1894
2785 1806
2444 2024
2474 2005
2449 2082
2646 1942
2469 2079
2470 2093
2433 2140
2562 2039
2514 2095
2419 2167
2487 2126
2509 2129
2791 1931
3479 1687
2818 1948
2761 2000
2741 2025
2991 1897
2767 2016
2886 1943
3201 1814
2819 2002
2882 1963
2406 2299
2897 1978
2527 2224
2532 2222
3000 1936
2568 2207
3317 1829
2867 2049
2888 2034
2559 2258
2663 2206
2896 2061
2748 2169
3727 1724
2855 2132
3055 1999
2969 2057
2698 2230
2691 2237
4021 1668
3253 1950
3054 2065
2660 2309
2550 2426
2346 2623
1916 3547
2725 2314
2843 2238
3139 2109
2789 2288
3133 2121
3113 2148
2825 2308
2813 2320
2859 2287
2884 2275
3325 2041
3008 2208
2833 2347
2437 2679
3228 2150
2985 2265
3013 2264
3275 2160
2681 2496
3056 2256
3394 2107
2629 2554
3242 2186
3415 2111
3135 2236
2771 2461
2865 2415
2870 2418
2601 2639
2590 2698
3070 2338
3009 2411
4464 1779
2799 2569
2860 2516
2961 2442
3095 2391
2980 2460
2803 2596
2851 2561
3006 2466
3014 2470
3290 2317
3308 2307
2794 2643
2832 2634
3704 2141
2628 2856
3647 2176
2790 2697
2987 2522
2849 2657
2666 2881
3001 2572
2945 2625
3342 2390
3559 2277
3035 2580
2887 2717
3249 2472
3066 2579
3140 2539
3104 2573
3158 2546
3151 2560
2678 3027
3058 2647
3311 2486
3346 2469
2762 2964
3381 2488
3191 2600
3204 2597
3814 2254
3129 2669
3083 2710
2837 2963
3402 2519
2604 3324
3239 2663
2841 3065
3272 2672
2836 3076
3428 2566
3045 2877
3073 2855
3353 2631
2808 3162
2696 3352
3079 2898
3289 2737
3266 2764
3332 2719
3491 2598
3541 2574
3321 2747
3333 2742
3368 2739
3344 2762
3292 2820
3277 2844
2538 3675
3632 2584
3646 2578
4710 2143
3465 2788
3545 2711
3534 2720
3149 3080
2966 3281
3157 3102
3251 3026
3440 2850
3314 2992
3434 2901
3401 2936
3173 3170
3730 2656
3320 3023
3603 2784
3136 3233
3224 3157
3124 3264
3536 2848
3457 2966
3300 3131
3306 3156
3238 3238
3367 3094
3595 2874
3714 2783
3568 2894
3227 3259
3411 3073
3072 3433
3574 2905
3611 2883
4012 2583
3988 2612
3514 3007
4524 2382
3645 2895
4132 2534
3480 3068
3531 2993
3447 3150
3798 2815
3339 3270
3914 2732
3656 2951
3859 2799
3698 2915
3587 3032
3459 3192
3711 2928
3937 2756
3544 3108
3677 2989
3598 3101
3556 3149
3668 3059
3938 2834
3673 3061
3664 3075
4291 2611
3820 2939
3738 3014
3921 2879
3351 3471
4785 2457
3810 3011
4224 2705
4328 2652
3864 2968
3591 3247
3843 2982
3526 3334
3803 3058
4923 2446
3615 3282
3468 3459
3693 3189
3861 3031
3900 3021
4045 2888
3630 3335
4450 2680
4815 2521
3828 3151
4334 2793
4115 2908
3942 3070
3754 3253
3483 3557
3152 3864
4217 2873
3927 3127
3917 3136
3839 3216
4107 2979
3750 3337
3834 3252
4202 2946
3980 3147
4155 2991
3970 3177
4054 3081
4014 3129
4061 3086
4486 2818
3790 3401
4150 3060
3780 3417
3824 3374
4310 2967
4123 3097
3792 3438
4461 2887
4022 3209
3649 3575
4386 2947
2997 4417
4028 3241
3882 3403
3498 3779
4138 3201
4134 3225
4004 3356
4378 3063
3742 3593
4092 3301
3924 3483
3856 3524
4072 3346
3999 3426
4052 3398
4081 3378
4145 3347
3995 3500
4592 3064
4172 3372
4308 3274
4261 3312
3986 3558
4051 3501
5003 2875
4314 3307
3627 3895
4032 3523
4286 3320
3708 3799
4511 3199
5030 2912
5711 2582
4183 3473
4575 3213
4399 3327
3296 4563
4537 3255
4116 3577
3992 3680
4669 3232
4252 3526
4073 3640
4530 3369
4796 3234
4281 3562
6191 2559
4079 3691
4726 3314
4435 3498
4090 3709
4325 3572
4189 3670
4235 3633
4353 3571
4683 3396
4872 3266
4585 3455
3639 4345
3930 3942
4918 3267
4040 3818
4589 3492
3695 4274
5597 2903
4345 3663
4347 3662
4292 3693
4390 3644
4387 3651
3975 4024
4742 3485
4709 3515
4873 3413
4494 3615
3685 4474
4548 3595
3535 4766
5037 3321
4851 3449
4382 3695
4060 3976
4466 3671
4416 3692
4122 3924
4030 4021
4760 3539
5121 3333
4559 3642
4957 3451
5114 3354
4305 3816
4047 4061
4969 3467
5047 3432
4246 3891
4438 3759
4379 3820
3801 4546
4283 3915
4699 3669
4534 3752
4417 3828
5877 2977
4563 3755
4162 4081
4655 3737
4906 3611
4467 3876
4922 3608
4301 4023
3965 4465
4129 4207
4434 3925
4541 3863
4481 3892
4522 3881
4968 3621
4381 3992
3948 4572
4389 3996
4581 3872
4803 3718
3940 4611
4167 4235
4896 3684
4791 3739
4629 3853
5582 3305
4525 3941
4627 3882
4868 3727
4451 4006
4824 3751
4502 3979
4329 4194
4739 3869
4604 3968
4689 3910
4573 4004
3877 4902
4870 3795
5090 3687
4085 4576
4274 4340
4622 4018
4755 3902
3835 5012
4392 4228
4428 4197
4751 3959
4833 3893
4681 4046
5794 3362
4593 4136
4457 4270
4140 4670
4816 3975
4578 4172
4205 4617
4453 4327
4436 4357
5049 3870
4804 4037
4478 4347
4645 4193
4327 4549
4586 4262
4736 4141
4859 4054
4491 4406
6370 3226
4802 4108
4827 4095
4596 4328
4929 4051
4867 4104
4517 4450
4693 4266
4565 4426
4819 4164
4844 4146
6194 3380
4858 4142
4125 4991
4633 4413
4976 4077
4885 4155
4752 4291
5123 3985
4320 4819
4691 4397
4598 4503
5007 4120
5000 4145
4601 4567
5255 3953
4903 4242
5130 4059
5676 3678
4986 4186
4942 4254
4588 4639
4728 4475
5095 4125
5060 4157
5165 4071
4616 4641
4475 4774
5359 3933
4730 4504
5134 4113
4397 4895
5699 3712
4745 4528
5051 4236
5266 4052
5136 4160
4747 4569
5053 4250
5083 4224
4881 4439
5004 4308
4773 4547
5158 4167
4983 4351
4335 5062
5019 4363
5199 4176
5437 3990
4498 4943
5097 4334
4880 4581
4680 4795
5179 4280
5521 3967
4787 4694
5088 4383
5089 4389
5860 3764
5108 4396
4898 4642
5186 4343
5006 4542
6031 3761
5082 4594
5079 4610
4841 4846
5446 4203
4991 4711
5371 4305
5695 4007
4624 5126
5294 4433
5397 4313
5192 4541
5330 4418
4395 5386
5013 4779
4874 4937
5045 4762
5077 4727
4848 4967
5024 4796
5501 4269
5522 4247
5241 4590
5163 4680
5263 4593
5639 4175
6749 3629
5689 4143
4946 4960
5306 4571
5210 4685
5513 4355
6212 3884
5507 4394
6760 3673
5335 4640
5129 4870
5234 4748
5201 4804
5208 4797
4336 5704
5075 4992
5974 4098
5764 4248
4226 5969
5338 4731
5549 4495
5139 4976
5406 4689
6220 4001
5866 4221
5492 4603
5279 4877
5958 4174
5131 5015
5346 4789
5687 4430
5662 4452
5420 4730
5734 4377
5105 5068
5422 4728
4822 5344
5349 4865
6124 4123
5056 5172
5762 4405
5653 4536
6043 4213
5655 4557
5862 4365
5403 4871
5831 4391
4894 5369
4866 5392
4776 5465
5427 4847
5605 4656
6153 4169
5086 5223
5738 4509
5788 4489
6138 4214
5640 4657
5323 5008
5673 4634
5547 4746
5395 4951
5864 4444
5545 4773
5424 4931
5686 4648
5915 4431
4892 5446
5164 5209
5180 5210
5344 5035
6404 4112
7556 3630
5514 4886
5444 4988
5470 4966
5910 4531
5328 5144
5691 4752
5944 4515
5716 4726
5292 5202
6147 4388
5981 4533
5789 4701
5645 4885
5681 4861
5918 4635
5456 5120
5392 5221
5693 4911
5439 5159
6267 4443
6033 4644
5901 4775
5526 5146
5217 5442
6907 4119
5523 5164
6213 4607
5506 5207
6699 4259
5785 4954
6489 4409
6190 4637
5819 4934
5982 4836
5971 4850
6561 4485
5071 5840
7143 4165
5846 5064
6053 4922
5195 5761
5683 5238
6820 4404
5546 5363
5473 5429
6333 4742
5969 5018
6327 4767
5826 5140
5962 5053
5857 5129
5644 5328
6311 4811
5942 5091
5847 5153
5312 5725
5800 5212
5777 5256
6301 4891
5497 5537
6493 4768
6002 5114
6787 4619
5873 5246
6574 4744
5299 5874
6109 5105
5665 5456
6364 4956
5929 5276
6246 5031
6343 4990
5885 5311
5850 5354
6506 4928
4838 6773
5535 5696
6624 4890
5890 5382
5931 5361
6825 4763
6557 4968
5588 5720
6247 5169
7617 4233
6541 4987
6395 5098
6605 4994
5836 5506
6420 5127
5940 5445
6551 5057
6337 5211
6320 5229
6140 5347
5816 5608
6569 5096
6439 5186
5650 5826
5155 6659
4953 7088
5660 5841
5842 5629
6054 5461
6067 5483
5717 5818
6942 4984
6376 5331
7325 4783
6440 5318
6792 5109
6647 5204
5784 5872
5726 5951
7028 5009
6391 5396
6158 5556
6656 5262
5996 5713
6920 5115
6849 5176
6265 5530
6736 5263
6312 5510
6135 5652
5812 6017
6252 5580
6293 5554
6101 5709
5884 5958
6263 5611
6512 5433
6369 5563
6094 5806
6244 5669
6233 5697
5914 6066
6514 5503
6477 5541
6442 5588
7413 5016
6372 5651
6014 6002
6229 5799
6085 5963
6613 5523
6874 5383
6099 5972
6697 5479
6126 5946
6164 5909
6552 5585
7270 5200
6475 5664
6529 5659
6464 5716
5983 6258
5928 6350
5993 6260
6471 5769
7191 5342
6643 5662
6673 5654
6466 5819
6441 5865
6258 6091
7108 5427
6769 5655
6132 6274
6691 5729
7239 5387
6088 6334
7203 5405
6650 5782
6630 5804
6028 6468
6046 6453
6936 5616
6864 5688
6520 5980
6689 5851
6990 5631
7170 5517
6084 6513
6543 6059
5594 7347
5632 7295
6944 5722
7085 5636
6487 6179
6032 6687
6172 6537
5934 6847
6854 5867
7018 5740
6646 6067
7053 5707
5579 7472
6671 6050
7689 5233
6585 6149
5747 7206
7652 5307
6243 6549
5920 7016
6285 6542
6725 6105
5702 7379
6234 6610
7022 5836
6898 5977
6912 5996
6102 6836
7182 5752
7302 5672
7130 5816
7303 5723
6127 6880
7233 5781
7212 5793
7045 5935
6896 6099
7577 5495
6610 6392
6694 6338
7101 5949
6416 6649
7211 5897
7063 6044
7743 5258
6828 6282
7171 5956
6968 6159
7372 5800
7133 6018
7049 6100
7194 6009
6947 6232
7354 5920
7524 5733
7070 6177
6594 6627
7417 5859
7421 5866
7330 6013
7209 6109
6904 6407
7003 6316
6384 6982
6704 6630
7390 5985
6815 6556
7105 6271
7596 5765
6573 6830
6550 6873
6865 6558
7141 6306
7514 5921
7047 6430
6946 6532
6964 6527
7457 6043
7112 6409
7037 6503
6908 6643
6842 6728
6533 7101
7079 6523
7102 6486
7506 6079
6566 7104
7122 6479
6870 6734
6713 6930
6303 7428
6923 6695
6889 6739
7301 6363
6797 6891
7479 6194
6952 6720
7644 5973
7060 6637
6511 7269
7419 6293
7353 6375
7396 6327
7080 6622
7173 6561
6360 7493
7149 6596
6995 6758
7034 6719
7749 5596
7459 6331
7655 6058
7684 5964
7461 6344
6744 7161
7188 6638
7757 5498
7405 6457
6882 7040
7263 6647
6750 7251
7250 6678
6614 7387
7759 5567
6044 7943
6326 7764
7676 6200
7275 6729
7415 6590
7671 6220
7273 6808
7036 7085
7629 6371
6539 7644
7560 6482
7338 6782
7348 6785
6958 7237
7516 6564
7073 7184
7201 7009
7449 6717
7315 6941
6765 7541
7180 7146
7675 6492
7764 5680
7433 6957
7621 6662
6826 7670
7113 7360
7645 6652
7358 7144
7673 6634
7074 7504
7547 6924
7628 6764
7517 6977
7635 6779
6810 7793
7439 7188
7580 6967
7320 7397
7429 7289
7731 6546
7665 6953
7622 7051
7603 7123
7486 7325
7308 7545
7620 7138
7559 7344
7278 7708
7582 7356
7711 7021
7575 7398
7127 7873
6901 7973
7601 7411
7696 7210
7539 7569
7557 7562
7041 7971
7573 7608
7649 7570
7304 7922
7576 7839
7451 7958
7553 7924
7706 7757
7606 7955
7687 7899
19292366 1418904103
1
sift 318
4 16
229 471
26 50
38 87
42 65
433 439
62 115
90 183
93 205
358 631
135 283
105 305
120 333
389 779
125 328
165 335
153 264
397 762
141 359
201 364
173 288
483 930
380 674
215 336
213 349
520 849
401 663
228 496
254 474
461 1077
377 868
256 480
247 524
511 1326
464 767
284 602
394 507
946 1713
447 796
331 747
411 601
1259 2781
426 853
374 730
407 797
1679 2083
546 721
445 857
498 851
2037 2375
551 814
481 956
487 951
1933 4336
605 760
530 919
596 800
1944 4417
602 860
559 1248
631 854
2604 3308
601 934
652 1100
696 903
3036 3434
689 1076
629 1184
699 1119
2699 4037
617 1344
677 1185
626 1347
3398 3409
653 1255
1079 844
709 1155
2009 6577
844 962
835 1144
684 1607
2666 4502
811 1645
813 1285
825 1252
2833 4554
1034 1526
761 1531
924 1222
2882 4924
986 1687
687 1853
792 1557
3940 3608
913 1947
766 1675
762 1704
2748 5380
1117 1848
779 1731
851 1602
3042 5219
1075 2013
993 1410
949 1493
3186 5080
1135 1887
898 1763
903 1782
3265 6450
1178 1943
1021 1631
923 1900
3426 6707
1166 2356
1131 1726
1151 1728
4601 5005
1335 2048
981 2237
1322 1570
4475 6370
1294 2418
994 2461
1301 1689
4493 6463
1457 2773
1167 1946
1273 1829
4752 6326
2007 2173
1302 1884
1051 2724
4535 6728
1533 3330
1189 2352
1381 2005
4906 6774
1937 2511
1355 2273
1499 2029
4773 7853
1817 2742
1216 2834
1418 2288
6538 6046
2090 3109
1421 2396
1452 2437
5640 7375
3252 2119
1413 2527
1363 2899
5920 7077
1761 4312
1586 2473
1575 2746
6237 7418
2186 4099
1797 2303
1913 2175
6922 7753
2469 3942
1688 2717
1795 2509
3263 3216
1563 3439
1709 3244
2790 3833
1758 3166
1706 3389
2479 4381
1785 3250
1668 3746
3948 2761
1729 3592
1770 3467
2514 4530
1960 3126
1917 3380
2528 4506
1726 4075
1958 3427
2552 4480
2071 3165
2049 3230
2692 4343
1949 3511
1952 4193
2837 4182
2015 4045
1906 4483
2888 4204
2370 3337
2272 3603
2762 4525
2286 3678
2180 3976
3124 4030
2242 3966
2265 3975
2906 4743
2412 3671
2393 3743
3158 4350
2374 4024
2044 5255
3006 4655
2132 4970
2203 4850
3135 4497
2298 4526
2396 4271
3129 4565
2505 4178
2591 4154
3333 4289
2641 4264
2899 3999
3092 4877
2542 4648
2052 6460
3238 4667
2780 4396
2490 5065
3227 5369
3152 3901
2395 5349
3054 5642
3239 4040
2980 4437
3738 4637
2721 5358
3171 4510
3565 4973
3021 4993
3277 4657
3480 5393
2994 5238
3082 5442
3353 5654
3618 4520
2895 5842
3594 5312
3411 5023
3402 5267
3856 4956
2969 6100
3465 5320
3304 6077
3349 5518
3023 6293
4434 4780
3458 5558
3518 5470
3297 7016
3721 5541
3568 5913
3927 5740
3660 5850
3595 6005
3986 6190
3439 6452
3917 5983
4248 6002
3549 7091
4105 5862
4252 6099
3630 7069
3864 6542
4037 7310
3734 7117
3945 6796
4014 7567
3881 7103
4266 6304
4377 6843
4360 6171
4010 6901
4573 6652
4309 6551
4578 6221
4916 6224
4387 6574
5299 5523
4797 6459
4673 6245
4989 5922
5901 5498
4584 6468
3745 7922
4446 7601
4676 6493
4374 7173
5653 6286
4345 7336
4269 7508
4867 7724
4563 7014
4596 7217
5324 7064
4885 6726
4552 7324
6229 6296
4303 7746
4605 7298
5524 7386
6037 5609
4586 7711
6949 6516
5435 6435
5442 7183
7041 7082
5473 7179
5420 7420
5614 7868
5764 7793
7427 7848
19292366 1425359813
1
sift 903
326 457
224 364
2 13
202 352
14 25
28 37
371 616
314 491
26 40
229 438
30 49
35 67
415 686
473 594
42 57
333 440
83 161
38 70
510 587
434 633
50 92
306 478
117 177
62 111
622 769
536 619
86 141
433 459
107 216
90 149
675 936
517 830
91 192
492 682
126 211
93 191
925 1535
680 737
108 204
483 758
131 207
105 223
1082 1335
565 1216
120 225
520 742
135 212
171 215
1037 1741
783 1110
115 255
636 956
153 232
168 244
1210 1666
870 1119
141 295
854 1319
189 249
149 299
1356 1501
873 1214
173 247
837 1454
180 277
165 307
1249 1799
914 1291
186 268
935 1360
237 502
160 361
1394 1793
976 1308
166 356
946 1419
265 559
201 337
1594 2267
1234 1149
215 321
1114 1922
266 595
216 333
1574 2347
1076 1347
218 341
1148 1983
372 560
225 330
1922 2029
1085 1368
211 355
1174 2118
349 639
271 313
1731 2972
1379 1958
228 394
1679 1677
448 577
247 413
2125 2656
1439 2090
254 405
1542 1876
424 735
256 429
2094 2743
1495 2062
279 462
1548 1910
551 715
313 441
2060 3065
1566 1978
253 534
1461 2069
602 775
315 468
2240 3205
1377 2383
303 517
1481 2585
605 776
284 541
2448 2928
1440 2261
321 486
2037 1879
597 824
312 509
2385 3225
1323 2639
297 546
2193 1865
653 809
311 601
2807 3497
1466 2349
394 474
1490 3207
631 917
361 508
2592 4243
1592 2235
357 540
1639 2746
696 841
331 668
2802 4231
1590 2436
374 564
1846 2579
689 878
380 562
3524 3551
1628 2359
376 570
1783 2788
699 978
411 525
3477 4313
1672 2327
466 488
1909 2807
709 1021
383 618
3243 4745
1921 2633
419 566
2004 2714
703 1186
390 651
3120 5095
1877 2839
389 666
2235 3170
844 1023
377 711
3386 4730
2066 2800
397 685
2997 2622
806 1211
407 709
4023 4169
2301 2521
513 548
2604 3236
885 1184
463 624
3122 5635
2063 3049
443 671
2009 4619
746 1484
478 648
3478 5628
2100 3571
447 700
2966 2898
811 1344
426 718
3991 5242
2260 3322
468 691
2848 3081
852 1252
445 722
3474 7181
2451 3062
465 738
2666 3315
986 1388
527 643
4577 5320
2463 3410
538 660
3072 3005
1185 1277
553 687
3644 7066
2685 3483
487 780
3036 3045
972 1669
496 793
4717 5713
3093 3055
530 781
2304 4177
1075 1581
596 730
4424 6335
3196 3052
633 710
2837 3472
1117 1638
555 832
4700 6214
2930 3569
572 794
2699 3755
1010 1845
629 748
4262 7657
3405 3235
601 802
2663 3883
1025 1882
574 862
5519 6370
3670 3394
540 1008
2479 4292
1254 1524
491 1295
5348 6982
2827 4407
604 947
2748 4037
1135 1724
568 1093
5227 7264
3220 3906
571 1152
2833 3970
1178 1663
652 975
6198 6914
3984 3452
794 782
2859 4000
1321 1536
617 1142
6845 6597
3031 4678
626 1138
3639 3416
1231 1668
677 1041
7380 6647
3413 4198
755 896
2882 4520
1370 1539
648 1231
6593 7613
3331 4325
684 1182
3042 4446
1335 1846
762 1159
6276 7818
3729 3849
835 1081
3289 4158
1294 1962
813 1140
3880 4190
825 1126
3940 3750
1468 1843
687 1422
3575 5230
818 1177
3321 4508
1320 2133
766 1322
3961 4819
792 1302
3279 4702
1571 1803
779 1323
3667 5608
848 1270
3228 5047
1437 2006
851 1267
3851 5350
924 1188
3534 4529
1591 1833
862 1259
3818 5467
939 1189
3693 4448
1751 1689
814 1411
4398 4898
728 1632
3629 5279
1457 2193
958 1197
4385 5326
1055 1172
4874 3943
1538 2279
949 1311
4671 5124
955 1327
3559 5684
1533 2371
1109 1169
4206 5955
903 1436
4032 5248
1605 2414
791 1792
4677 5496
922 1504
4074 5508
1694 2508
1079 1260
4460 5826
1123 1249
4054 5822
1837 2290
913 1597
4256 6204
993 1479
3860 6436
1937 2254
1021 1449
4807 5593
1023 1477
3799 7317
1522 3346
1060 1426
4212 6924
1195 1262
4525 5919
2090 2686
998 1628
4380 6640
1226 1336
4773 5742
2639 2196
944 1831
5289 5644
1198 1396
4475 6195
1757 3899
1131 1529
5321 5756
956 1926
4838 5704
2179 3308
1151 1603
5072 6072
1301 1402
4534 6168
2212 3238
1204 1578
5138 6222
1217 1563
4755 5885
2312 3143
1167 1642
5015 6590
1322 1444
4681 5998
2549 2884
994 2098
5028 6947
981 2183
4752 5951
1996 3932
1108 1856
5305 6836
1273 1577
5013 5820
2469 3627
1215 1687
4876 7634
1107 2040
5019 6131
2745 3366
1051 2205
5510 7423
1256 1755
4858 6306
2632 3718
1442 1549
6123 6589
1279 1728
4498 6923
2790 3584
1145 2024
5906 7219
1189 1911
4713 6739
2160 5090
1302 1771
6980 6264
1305 1788
4787 6646
2757 3733
1266 1852
5855 7633
1230 1949
4816 6594
2528 4073
1263 1901
6064 7591
1290 1914
4718 6857
2514 4115
1534 1648
6799 7169
1141 2433
5097 6276
2334 4607
1216 2275
6356 7695
1355 1980
4888 7038
2888 3726
1319 2129
1246 2318
5241 6797
3948 2735
1251 2292
1418 1947
5955 5979
2762 3967
1233 2364
1304 2188
5632 6466
2377 4772
1381 2044
1499 1890
4896 7691
3124 3711
1463 1991
1464 2021
5422 7137
3461 3518
1441 2052
1362 2228
6174 6194
3006 3969
1452 2076
1413 2141
5403 7393
2947 4029
1421 2134
1474 2073
6085 6707
3129 3918
1434 2148
1497 2091
5973 6889
3058 3999
1406 2297
1477 2169
5920 7427
3158 4030
1500 2156
1633 1938
6588 7265
3092 4156
1526 2322
1811 1855
7104 6898
3070 4449
1604 2250
1575 2360
7430 7094
3238 4288
1392 2799
1626 2402
3333 4265
1797 2077
1701 2264
2630 5536
1603 2482
1606 2549
3786 3767
1568 2675
1711 2375
3344 4554
1656 2488
1640 2510
2791 5767
1913 2065
1780 2310
3353 4805
1615 2672
1688 2523
3227 5040
1795 2373
1872 2251
3480 4713
1658 2737
1944 2259
4145 3934
1709 2678
1736 2721
3613 4869
1706 2813
1758 2682
3545 4984
1911 2471
1955 2451
3803 4636
1741 2833
1823 2652
3921 4579
1768 2792
1668 3116
3640 5067
1729 2912
1798 2775
3739 4908
1785 2836
1836 2710
3240 5849
2195 2262
1770 2896
4040 4524
1686 3245
1774 2901
4248 4403
1761 2944
2124 2395
3930 4878
1849 2990
2255 2405
3856 4982
1994 2738
1813 3224
4183 4528
1844 3129
2249 2496
3924 5042
2071 2765
1947 3008
3925 5127
2049 2812
2007 2941
4754 4321
2272 2566
1914 3206
4573 4522
1873 3338
1949 3164
3986 5312
1990 3070
1987 3112
4305 4970
2176 2805
2155 2873
4347 4926
2077 3021
1889 3516
3415 6585
2062 3132
2020 3246
4252 5222
2680 2394
2102 3156
5077 4428
2291 2838
2129 3171
3683 6236
2201 3046
2023 3448
4004 5659
1981 3586
2180 3198
4598 5010
2164 3259
2143 3339
4059 5933
2286 3128
2185 3399
4014 6302
3252 2332
2264 3375
4381 5811
2641 2821
2132 3707
4286 6028
1906 4311
2065 3893
4679 5589
2552 3009
2462 3109
4797 5513
2211 3741
2393 3360
4916 5510
1959 4426
2265 3639
4301 6592
2242 3705
2373 3432
4468 6296
2280 3657
2596 3191
4548 6342
2298 3761
2396 3703
4376 6809
2340 3832
2412 3779
4867 6167
2987 3147
2854 3350
4737 6529
2390 4013
2052 5130
4894 6362
2591 3776
2490 3941
4881 6628
2387 4143
2771 3634
5004 6542
2692 3747
2613 3881
4976 6580
2562 3954
2316 4513
5051 6490
2395 4296
2344 4443
6466 5132
2836 3672
2517 4118
4802 7051
2887 3629
2506 4276
4655 7392
3263 3351
2691 4014
4822 7134
3152 3505
2713 4005
4872 7097
2541 4422
2646 4317
4882 7162
2803 4110
3021 3889
5095 6853
2721 4394
2526 4855
4890 7373
3239 3760
3126 3878
6229 5874
2570 4799
3498 3564
5427 6958
2865 4381
3067 4105
5166 7447
2994 4277
3301 3968
5660 6645
3204 4130
3277 4041
5184 7514
3054 4355
3000 4441
5079 7669
2895 4696
2933 4686
5322 7422
3102 4472
3440 4015
5524 7176
2932 4813
3023 4677
5662 7130
3035 4681
2602 5595
5785 7173
2980 4825
3272 4445
5549 7521
3137 4852
2969 5159
5985 7229
3299 4662
3491 4377
5761 7668
3565 4250
3444 4511
5996 7495
3281 4817
3614 4310
6002 7578
3568 4353
3447 4573
7041 6620
3266 4896
3465 4604
6797 6997
3518 4584
3349 4897
6475 7561
3618 4497
3458 4826
7127 7564
3556 4715
3171 5453
7735 7506
4979 3461
3255 5361
3603 4769
3483 4997
3265 5406
3839 4481
2919 6232
3439 5284
3402 5400
3418 5388
3736 4838
3595 5097
3842 4673
3726 4888
2899 6625
3660 5152
3677 5223
3201 6154
3721 5191
3424 5707
4559 4185
3370 5830
3549 5537
3725 5260
3611 5578
4047 5170
3567 5988
3734 5688
3705 5747
4105 5175
3907 5469
4224 5043
3917 5485
4477 4787
3864 5671
4037 5441
3630 6319
4012 5568
4584 4958
4205 5384
3668 6340
4051 5629
4281 5357
3808 6077
3975 5928
3992 5959
3922 6171
3980 6113
4266 5678
4308 5685
4091 5995
5234 4913
4378 5725
3881 6730
4969 5220
4065 6327
4448 5743
4265 6019
4374 5899
4575 5693
4491 5784
4345 6007
4326 6086
4689 5653
4563 5766
4387 5987
4094 6530
4172 6410
5057 5373
4605 5839
4060 6778
5299 5211
4693 5812
3929 7234
3983 7122
4451 6205
4524 6119
4017 7088
4593 6120
4648 6045
4315 6557
4303 6670
4859 5827
4221 6837
4844 5941
4328 6786
4357 6768
4988 5838
4294 6894
4269 7009
4635 6376
4898 6043
4833 6144
4706 6326
4596 6532
4552 6717
4452 6872
5614 5403
5435 5571
4377 7062
4906 6330
4178 7592
4299 7410
5058 6218
4578 6961
5266 5948
4297 7560
5903 5383
4789 6769
4626 7068
4996 6460
4848 6709
4637 7104
5497 5799
4792 6902
4585 7311
4824 6989
4624 7362
5134 6541
4641 7387
5129 6633
5420 6201
5324 6352
6037 5560
4870 7160
5158 6799
4903 7291
5094 6979
5640 6220
5453 6519
5970 6084
5217 7206
5729 6511
4899 7759
5119 7569
5130 7602
5325 7397
5764 6638
5442 7309
5182 7677
5229 7661
5306 7710
5270 7752
7162 5918
6583 6517
6094 7400
6004 7647
6369 7549
6147 7725
6159 7721
6493 7615
7063 7526
19292366 1428487141
1
sift 252
1690 599
304 78
194 41
260 104
1807 664
543 111
467 194
585 205
1938 627
666 190
616 250
607 215
1859 968
757 336
974 227
818 308
2094 962
912 320
1028 372
756 422
2200 1060
1384 573
1279 409
1305 473
2622 1014
1385 733
1435 510
1121 647
2844 1059
1672 586
1604 502
1628 696
4424 1623
1921 634
1948 589
1420 897
4171 1906
2100 749
1510 869
1675 838
4193 2055
2182 844
1711 864
1811 885
3494 2462
2496 891
1918 856
2062 848
5104 1986
1874 1210
1900 961
1775 1086
5227 2077
2260 1229
2026 956
2691 785
4538 2388
3093 1078
2042 1043
2331 978
5100 3181
3123 1079
2487 1036
2444 1130
5631 3171
3413 1023
2449 1187
3381 963
4966 3696
2491 1356
3066 1138
2987 1228
7598 3232
2971 1326
2789 1370
2406 1555
7636 3543
3180 1296
2870 1387
3071 1313
7221 3818
3502 1325
2725 1491
3014 1393
6733 4160
3466 1344
3447 1317
3346 1402
6642 4283
3230 1465
4524 1235
3331 1517
7271 4335
2920 1658
3603 1485
4378 1292
6582 4886
3663 1515
3714 1464
2840 1791
5425 6198
3111 1698
3574 1524
3332 1606
6816 5711
4985 1263
3440 1672
3140 1902
7656 5105
3449 1852
3556 1746
3880 1817
7647 5481
3795 1971
4709 1740
4380 1886
6422 7183
4212 1998
5007 1728
3961 2174
4071 2155
4451 2051
4876 1972
4539 2090
4900 1990
4559 2116
4738 2252
3754 2483
4060 2427
5305 2067
4624 2267
4824 2210
4321 2411
4622 2409
4590 2332
3886 2723
5089 2396
5855 2157
4206 2818
4833 2574
5367 2387
5260 2441
6033 2201
4044 3313
5072 2701
4633 2872
4691 2918
6160 2408
5201 2704
5234 2756
4237 3477
4848 2984
4898 2961
6486 2418
4246 3436
4983 3012
4849 3273
5506 2770
5784 2652
6430 2638
4765 3384
6514 2524
5672 3080
3302 5404
5483 3192
5382 3325
5440 3241
5464 3312
6211 3021
5045 3672
5024 3767
6800 2911
5693 3295
5878 3196
6716 3285
6437 2924
6109 3449
6608 3387
6265 3418
5902 3612
6723 3351
6233 3479
5292 4077
5766 3872
7204 3121
6394 3471
6105 3707
6369 3516
7085 3416
6504 3688
6936 3540
6945 3499
6209 4061
5665 4334
7529 3512
7425 3593
7194 3726
6312 4141
6957 4188
7171 3810
5071 5571
6831 4286
6870 4004
6610 4117
7426 4227
6487 4180
7060 3957
6196 5293
6882 4237
6441 4508
7055 4668
6643 4410
6258 4692
6590 5063
5934 5004
7196 4156
6802 4977
6827 4364
7359 4138
6402 5411
6725 4512
7516 4093
7032 5201
6958 4435
7453 4297
7054 5431
7451 4420
7358 4555
7640 4938
5812 5857
7036 4863
7332 5755
7396 4608
6164 5594
6832 6799
7275 4729
7665 4423
7102 4878
7037 4958
7405 5060
7138 5323
7188 5291
5993 6517
7553 5382
7353 5639
6789 6137
7557 5900
7630 6282
6482 7735
6713 8188
7687 7680
7709 7666
19292366 1664374466
1
sift 97
1807 466
1672 401
467 116
1028 254
1938 446
2496 621
1740 572
1510 822
2622 881
3123 1021
2042 947
2331 815
2510 1388
3179 1041
3381 692
2789 1156
5975 1644
4985 964
2406 1422
3664 1016
7598 2412
3331 1374
3015 1261
3071 1284
4966 3511
3880 1579
3332 1218
3468 1520
5631 3144
3449 1792
3140 1914
6161 1382
4108 4858
4380 1772
3514 2315
3961 2178
7221 3247
5177 1829
3754 2866
5509 1926
7636 3425
4590 2250
6033 2063
4044 2785
6071 4316
4766 2796
5201 2570
4983 2686
6642 4352
5367 2674
4691 2896
4633 2930
5425 5779
6146 2731
4115 3504
4225 3462
7271 4495
5766 3877
4765 3515
5024 3489
7647 4766
6105 3706
6394 3082
6109 3271
7055 3374
5045 4187
5292 4085
6504 3666
6896 3248
6936 3240
6608 3694
7359 3250
6102 3920
7529 3531
5665 4426
7358 3677
6802 4223
7451 3763
6233 4410
6196 4577
7416 3894
6258 4606
7425 4182
6958 4579
7054 4428
7032 4818
7196 4678
7396 4595
7036 4920
6164 6019
5993 6270
6789 5945
7630 5441
7405 5811
7557 6038
6482 7515
6714 7947
