251449938 332492770
1
sift 394
221 133
49 27
27 9
32 15
339 138
65 40
75 45
91 60
666 367
111 55
139 87
179 100
1002 652
297 160
192 155
265 170
1825 1043
273 175
384 156
379 203
2108 978
291 301
432 216
419 231
2658 1107
500 249
461 268
633 215
4212 1368
557 315
550 284
527 298
3108 1959
653 303
563 294
476 349
4860 2224
645 353
549 334
462 414
3902 2717
488 496
555 386
646 405
5049 3367
675 455
618 433
638 429
6462 2944
843 430
900 428
793 492
6839 3385
1010 524
752 587
650 760
6928 3662
1055 610
945 644
1032 709
6913 4156
1241 641
1083 806
1440 633
6981 5042
1183 728
1349 707
1209 754
7948 4509
1128 822
1339 748
1150 841
7530 4876
1076 905
1145 929
1288 856
8093 4866
1347 828
1229 896
1289 876
8210 6691
1373 865
1411 871
1326 915
7835 7224
1857 743
1431 909
1505 910
8167 6874
1561 913
2102 740
1384 1033
1621 922
1486 989
1584 955
1429 1124
1497 1019
1564 1048
1470 1098
1483 1090
1676 998
1579 1047
1518 1087
1692 1016
1751 1051
1320 1333
1682 1100
2196 1115
1892 1028
1616 1176
2132 1175
1697 1120
1651 1160
2067 1256
2097 1002
1827 1156
2265 1332
1930 1142
1679 1346
1970 1519
1792 1278
2135 1166
2229 1360
1971 1254
1763 1397
2215 1386
1852 1370
2090 1277
2235 1376
2347 1171
2458 1167
1896 1586
2717 1260
2257 1393
2485 1287
2309 1494
2503 1307
2428 1381
1997 1667
2607 1433
2280 1620
2226 1721
2683 1469
3152 1357
2355 1647
3125 1366
2940 1429
3081 1400
2888 1505
3170 1459
2916 1538
2666 1679
3013 1608
2665 1693
2573 1738
2610 1834
3365 1544
2802 1688
3112 1657
2381 2029
2644 1852
3379 1826
2955 1748
2748 1901
3007 2038
3149 1758
2960 1841
3660 1808
3132 1785
2798 1980
3821 1767
3083 1878
2982 1933
3527 1993
2773 2067
3172 1916
3907 1842
2753 2131
4336 1625
4086 1771
3339 2004
3722 1867
3555 2026
3161 2174
3320 2126
2669 2399
3212 2227
2637 2500
3569 2115
3770 1991
3641 2132
2191 3441
4132 1883
3492 2239
3486 2252
5283 1677
3213 2346
3951 2089
4444 1912
2640 2748
3958 2100
4116 2129
3418 2374
4559 2050
4059 2165
3804 2287
4219 2275
4063 2236
4223 2191
3330 2835
4497 2104
4325 2237
3868 2477
3838 2478
4026 2394
4246 2416
3505 2772
4019 2442
5285 2269
3888 2587
4338 2350
4281 2591
3765 2694
3222 3194
4364 2545
4146 2567
4845 2371
4927 2450
3716 3310
4363 2693
4611 2599
4389 2766
4627 2609
3869 3162
3699 3373
4951 2568
4449 2787
4371 2856
3651 3496
5469 2584
4262 3009
4731 2757
4948 2777
4471 3013
4812 2862
4542 3064
5876 2459
5412 2716
5493 2809
4863 2990
3960 3823
5218 3051
3933 3898
5401 3084
4772 3437
5409 3133
4870 3396
5501 3063
5213 3251
5587 3024
6225 2776
4998 3474
5558 3172
5524 3329
6178 2947
6184 2958
5473 3631
5537 3343
4907 3685
6185 3247
5204 3578
5163 3604
5803 3654
6110 3244
5562 3640
5511 4091
6068 3388
6252 3409
6703 3512
5661 3749
7122 3237
6797 3509
6549 3443
5964 3698
7150 3563
6446 3513
5397 4120
6145 3946
6123 3704
5822 4104
6438 3824
5551 4401
7623 3401
8207 3243
6781 3696
5925 4227
6952 3752
7590 3546
5936 4340
8042 3476
6654 3887
6561 4030
7671 3633
8158 3460
6395 4189
6956 3917
6729 4017
6558 4168
6736 4201
6425 4281
6724 4123
7056 4051
6930 4137
6540 4337
6890 4188
7232 3990
5788 5061
7121 4143
7109 4119
6247 4675
7395 4035
6024 4912
8181 3739
7166 4252
6622 4537
7690 3954
7841 4103
6628 4534
6680 4538
7831 4184
7291 4261
6979 4438
7279 4660
6350 4893
6633 4772
7924 4355
7572 4249
7336 4524
6818 5026
6939 4885
8308 4006
7875 4494
6770 5029
6992 4933
6897 5146
7136 4862
7040 4930
7766 4641
6597 5243
7699 4585
7333 4907
6915 5172
4433 8367
7810 4807
7741 4691
7396 4974
7925 4751
7705 5020
6860 5475
6918 5445
8276 4629
8319 4586
7717 5130
8130 4873
6850 5684
6718 5920
7209 5588
7796 5236
8153 5227
7659 5438
7809 5339
7072 6037
7852 5416
7017 5994
6774 6609
8263 5254
8092 5453
7033 7404
7843 5735
7857 5737
6899 7623
8245 5787
8395 5498
8303 6032
7366 6958
7962 6328
8335 6506
8412 5393
8115 6583
8401 6539
8060 6987
8147 6955
8024 7255
8403 7346
251449938 748678880
1
sift 1069
83 98
233 261
18 15
34 37
78 86
24 21
310 305
290 364
30 18
53 49
77 102
29 29
846 1128
596 555
33 28
123 135
80 95
42 25
818 1495
679 1246
47 33
132 161
99 82
58 60
824 1533
1076 1527
59 62
144 241
88 101
62 73
1491 1454
1492 2205
74 58
201 177
149 196
75 68
2142 1963
1867 2026
66 85
175 234
154 336
81 81
2122 2573
1926 2350
98 90
163 263
184 296
101 104
2509 2480
2161 2567
105 125
171 266
228 287
97 157
2157 3115
2039 2842
112 146
225 286
208 342
133 130
2810 4248
2115 3375
119 193
209 434
382 458
130 211
2612 4822
2607 3784
170 180
257 350
364 621
150 221
2932 5672
2456 4233
178 170
247 419
403 563
153 233
4340 5870
3121 3737
158 252
313 335
404 595
156 268
5346 4697
3850 3035
165 288
315 412
456 614
167 308
5505 8588
3598 3866
183 277
492 686
522 676
231 225
6851 8768
3379 4161
229 229
530 722
551 794
176 340
6836 8977
2669 6555
202 301
568 842
588 893
218 326
6990 9030
3839 5209
239 290
562 854
560 1078
240 319
7294 9037
3731 5711
205 377
684 778
574 1067
277 330
8277 9050
3504 6319
248 399
755 1108
623 984
272 358
4036 5285
274 374
915 1213
906 978
287 360
4846 4667
259 406
1085 1466
706 1301
271 485
4364 5350
332 384
1215 1607
847 1093
301 459
4233 5889
314 453
1555 1340
1016 1118
298 504
4085 6309
383 397
1124 2458
804 1603
342 478
4508 5708
363 454
1393 1949
975 1244
366 469
3675 7385
345 501
1642 1858
982 1242
387 440
5045 5254
327 552
1665 2106
1202 1189
346 506
4982 5504
353 499
1800 1976
1001 1556
395 525
5640 4999
440 513
1638 2427
1267 1478
443 511
4203 7628
392 601
1684 2422
1179 1619
380 624
4559 7469
434 586
1757 2478
1415 1452
428 596
5806 6004
416 649
1794 2438
1205 1708
447 617
4845 7496
400 713
1735 2536
1057 2070
467 632
4621 8520
526 604
1814 2489
980 2571
503 663
4796 8257
501 666
1805 2497
1848 1361
535 647
5524 7419
411 1042
1767 2557
1557 1710
624 612
5466 8190
497 937
1826 2620
1431 1969
541 858
6540 7340
531 884
1977 2471
1449 1927
572 795
6001 8407
532 899
1869 2633
1299 2389
571 816
6478 8501
512 1004
2341 2150
1694 1790
565 874
6818 8304
564 875
1934 2825
1567 2207
647 837
6225 9126
580 963
1885 3283
1760 1882
659 879
6860 8726
673 939
1962 3408
1501 2365
633 1040
7072 8539
715 909
2256 2824
1671 2128
785 891
7056 8668
691 1076
1870 3759
1730 2169
619 1325
7150 8999
736 1070
2150 3800
1545 2656
637 1424
873 946
2334 3542
1640 2449
874 948
695 1191
2626 3366
1631 2470
857 999
814 1082
2401 3915
1605 2781
871 1029
757 1156
2199 4620
1598 2921
849 1099
911 1069
2513 4186
1809 2496
819 1155
774 1276
2539 4142
1811 2681
884 1204
983 1088
2877 3760
2276 2180
775 1445
936 1135
2667 4025
1672 3266
852 1287
891 1319
2375 4712
2248 2315
1088 1101
933 1317
2616 4300
2211 2380
978 1268
865 1542
2500 4806
2094 2530
928 1398
993 1403
2670 4398
2123 2546
976 1438
1089 1260
3552 3519
2206 2460
1192 1179
1005 1474
3327 3838
2002 2819
845 1897
1046 1406
2787 5031
1968 2950
974 1590
1104 1320
3350 4377
2106 2751
1074 1382
1065 1413
3113 5207
2249 2647
957 1724
968 1742
3202 5067
1796 3636
1291 1224
997 1694
3130 5283
1775 3781
1031 1683
1276 1285
3671 4456
2018 3165
1068 1623
1161 1496
3737 4492
2062 3105
1212 1457
990 1951
3340 5216
2097 3137
1165 1543
1316 1419
3501 5130
2182 2987
1148 1635
1184 1608
3465 5420
1921 3598
1319 1440
1079 1813
3530 5766
2259 2923
1279 1511
1486 1315
3700 5645
2110 3306
1187 1669
1238 1605
3810 5664
2140 3329
1173 1687
1352 1508
3611 6136
2565 2744
1313 1560
1341 1523
3990 5309
1991 3931
1096 1902
1292 1609
3678 6235
2269 3278
1129 1883
1248 1676
3596 6474
2440 2939
1102 1978
1143 1879
3759 6221
2338 3213
1017 2362
1105 2093
4242 5710
2844 2856
1252 1767
1388 1628
4450 5477
2295 3761
1136 2045
1287 1738
3584 7384
2600 3287
1278 1786
1305 1752
4250 6219
2668 3226
1073 2335
1358 1775
4350 6172
3762 2556
1379 1818
1323 1928
3979 6882
2827 3314
1320 1939
1224 2201
4399 6300
2255 4459
1266 2088
1554 1649
5077 5554
2403 4109
1297 2031
1522 1725
4596 6150
2416 4171
1459 1814
1260 2203
4577 6338
2699 3835
1361 2021
1444 1884
4162 7121
2917 3591
1497 1810
1452 1912
4941 5986
3514 3047
1381 2117
1542 1875
4600 6402
2735 3946
1474 1982
1402 2170
4667 6448
2361 4979
1471 2028
1439 2094
4292 7096
2705 4141
1505 1993
1464 2085
4618 6557
2963 3827
1311 2417
1462 2184
4439 6870
2861 3963
1277 2593
1571 2063
5317 5962
3134 4089
1413 2398
1479 2258
4517 7027
3222 4168
1983 1606
1696 1895
4712 6780
3663 3714
2234 1494
1583 2141
4570 7184
2989 4504
1325 2714
1422 2554
5001 6894
3773 3749
1314 2844
1617 2231
5797 5994
3160 4487
1630 2200
1650 2176
5215 6989
3027 4981
1526 2452
1628 2243
5222 7077
3047 4930
1590 2366
1414 2828
4592 8227
3179 4732
1687 2297
1692 2310
4900 8789
3325 4553
1803 2164
2085 1893
5854 7794
3055 5127
1793 2290
2008 2050
6503 6858
3155 4965
1532 2947
1715 2534
5472 8603
3332 4796
1709 2596
1859 2353
6170 7627
3102 5257
1746 2513
1818 2434
6474 7336
2790 6411
1964 2296
1706 2754
6342 7551
5211 3312
1674 2839
1606 3149
6281 8038
3829 4508
1799 2614
1718 2831
5864 8968
3638 5133
1790 2689
1932 2485
6472 8168
3088 6335
1713 2890
1732 2904
7051 8183
3696 5249
1893 2610
1801 2802
6585 8703
3684 5416
1828 2778
1865 2701
6765 9018
3649 5619
1900 2674
1971 2575
8075 8992
3992 4943
2168 2355
1587 3672
4008 4958
2193 2382
1797 2980
6113 3346
1548 3943
1816 2985
3438 6449
1833 2965
2770 1929
3217 6880
2011 2712
2141 2577
4344 4802
1877 3017
1892 3087
3818 5809
1950 3022
1668 3863
4327 5101
1736 3583
2508 2282
4058 5683
1939 3106
1862 3285
4175 6039
2034 3041
1995 3142
4315 5821
1915 3316
2103 2966
4215 6035
2010 3200
2134 2960
4296 5901
2155 2943
2030 3238
4259 5966
2086 3141
2021 3295
4414 5872
1740 4047
2053 3245
4377 6017
1945 3502
2181 3001
3793 7294
1871 3717
1781 4046
4010 6753
2139 3152
2339 2814
4490 6257
2121 3247
1925 3764
4016 7170
2125 3293
2014 3679
4038 7287
2109 3433
2953 2378
4548 6372
2381 2899
1782 4345
5136 5774
2264 3209
2879 2493
4794 6391
2137 3597
2179 3618
6243 4788
2188 3652
2568 2996
4453 6875
2209 3846
2138 4054
4909 6349
2078 4234
2681 3020
4167 7651
2512 3276
2326 3732
5533 6078
2507 3353
2171 4160
4871 6812
2679 3130
2098 4384
4782 6995
2262 3992
2671 3233
5154 6596
2340 3876
2311 4059
4743 7148
2872 3122
2270 4204
6865 4877
2391 3998
2282 4312
4868 7097
2292 4342
2490 3867
4896 7075
2066 5190
2194 4652
6719 5132
2591 3736
2483 4005
6735 5135
2595 3857
2944 3438
4984 7133
2708 3768
2748 3702
4806 7441
2639 3874
2960 3491
5072 7510
3812 2771
2737 3797
6582 5707
2606 4080
2832 3794
4933 7744
3116 3464
2722 3961
4924 7808
2477 4513
2798 3965
5330 7209
2345 4998
2745 4088
5171 7576
2759 4069
2900 3934
4520 8687
2783 4150
2599 4493
5955 6441
2821 4148
2284 5747
6921 5783
3070 3913
2903 4101
5028 8140
2934 4086
2937 4143
5927 6810
2971 4146
2892 4240
5321 7924
3035 4093
2723 4554
5342 7921
2726 4563
2579 4980
5963 6956
3002 4191
2848 4520
5604 7733
3118 4184
3396 3947
5618 7899
2800 4763
3049 4372
5971 7272
3213 4207
3347 4053
5532 8156
3149 4302
2958 4521
5448 8736
2831 4804
2910 4625
6070 7966
3128 4346
3103 4485
6011 8374
3073 4523
3245 4325
6256 8212
2930 4778
3019 4687
5929 8723
2924 4835
3246 4436
5848 8959
2979 4839
3193 4557
6071 9031
2847 5200
2645 5720
7526 7540
2858 5169
3158 4689
6412 8795
2676 5713
2807 5411
6832 8543
3456 4305
3423 4338
7125 8665
3184 4699
4323 3384
7553 8408
3271 4581
3284 4562
6219 9191
3239 4685
3308 4592
6460 9181
3268 4671
3563 4286
7910 8583
3289 4702
2974 5281
8281 8558
3324 4661
3048 5191
3305 4775
3888 4001
3420 4638
3109 5234
3258 4962
3105 5388
3575 4556
3448 4785
3318 5035
3315 5124
3316 5205
3561 4799
3197 5539
3756 4530
3071 5815
3114 5764
3446 5114
3550 4903
3450 5116
3813 4499
3084 5852
3135 5792
3794 4590
2954 6176
3531 5059
2823 6559
2641 7068
3571 5080
3719 4805
3454 5405
3786 4776
3601 5245
3900 4666
3499 5448
3594 5282
3311 5848
3636 5255
3554 5391
3481 5530
3455 5622
4311 4215
3639 5406
3425 5832
3253 6159
4077 4579
3338 6119
3679 5488
3358 6179
3994 4878
3082 6744
3525 5885
3738 5476
3916 5196
3752 5578
3942 5193
4217 4730
3984 5108
3933 5316
3615 6002
3914 5359
4096 4983
4201 4863
3859 5580
3898 5555
3533 6269
4063 5268
4102 5263
3433 6663
3852 5898
4055 5444
4116 5349
3873 5890
4072 5449
3585 6502
4239 5277
4524 4830
4427 4977
4272 5267
4022 5725
4426 5029
4064 5693
4514 4985
4177 5527
4466 5161
4312 5431
3707 6585
4106 5793
3645 6795
4118 5822
3061 8466
4120 5880
3310 7867
4062 6032
3870 6495
4037 6194
4084 6130
4641 5292
3479 7680
3825 6814
4157 6180
4042 6367
4535 5612
4629 5489
4985 5227
4178 6336
4716 5598
4297 6196
4276 6234
4255 6276
4518 5904
4274 6302
4132 6512
3935 7019
4735 5746
4057 6741
4388 6239
4088 6760
4140 6671
5173 5361
5802 4640
4913 5641
4295 6458
3435 8754
4189 6638
4419 6263
4248 6581
3908 7403
4454 6273
4422 6322
4471 6348
4593 6245
4802 6026
5241 5588
5002 5845
4783 6101
4999 5931
4073 7373
4515 6535
4604 6436
4431 6742
4497 6675
5139 5982
4065 7609
4979 6201
4828 6365
4048 7844
4516 6798
5050 6191
5102 6187
5112 6185
4127 7815
4306 7368
4433 7154
5365 6028
4752 6712
5236 6211
4539 7051
4987 6505
4485 7239
4320 7637
5137 6462
4614 7164
4832 6825
4966 6701
4686 7119
4801 6919
4310 8094
4572 7654
5151 6803
4643 7554
4778 7322
4417 8077
4787 7315
4273 8451
4261 8486
5402 6514
5141 7002
4898 7330
4139 8903
5210 7004
4820 7769
4451 8521
4681 8095
4784 7898
5205 7230
4736 8050
4844 7851
4830 7908
5623 6669
5032 7529
4807 8037
5100 7582
4851 8063
4468 8766
5261 7388
4798 8199
5358 7249
5552 6947
5121 7675
5060 7754
5250 7472
5607 6899
4869 8197
5438 7229
5333 7377
5398 7284
5299 7449
5569 7026
5062 7930
5065 7961
5421 7337
5707 6897
5896 6662
5135 7950
5719 6950
5111 8049
5097 8133
5308 7795
5057 8288
5146 8217
4935 8553
5439 7807
5627 7450
5914 7014
5292 8290
6248 6698
5482 7974
4888 8922
5340 8336
5276 8479
5727 7639
7473 5917
5172 8847
5937 7460
5630 8225
6512 6805
6335 7030
5143 9024
5066 9076
5354 8860
5738 8283
6101 7568
5850 8150
5187 9096
5318 9012
5880 8213
5827 8351
7644 6344
6044 7992
6031 8030
5959 8182
6102 8003
6410 7506
7161 6790
5598 8900
6386 7616
6549 7438
5361 9123
5932 8459
5574 9028
6043 8301
6119 8229
6061 8389
6578 7724
5995 8627
6110 8468
5858 8885
7031 7316
5935 8906
6262 8473
6985 7603
5969 8995
6098 8833
6861 7979
5902 9104
6695 8270
6228 8862
6834 8196
6607 8503
5645 9179
6787 8455
7414 7942
7109 8334
6163 9127
7049 8435
6591 8880
7704 7698
7082 8500
6353 9100
6623 9021
7460 8444
6773 9084
7679 8625
7684 8964
8108 8597
7693 9078
8183 8976
8331 8940
7895 9175
8381 9153
251449938 1162772251
1
sift 770
11 9
7 3
32 21
89 96
377 379
49 45
83 76
60 50
104 119
243 247
581 508
65 58
174 142
68 59
139 101
709 510
953 579
91 73
223 172
111 87
170 106
894 666
1364 1047
94 114
283 229
141 127
145 124
817 828
2067 1469
171 131
306 220
179 122
192 148
1271 633
2257 1539
161 136
339 221
233 187
235 155
1308 938
2485 1575
297 212
351 228
291 318
384 192
1107 1070
1960 2199
322 280
464 484
390 253
458 239
1419 1088
3013 2005
379 266
529 415
419 274
368 299
1575 1264
3398 1845
432 262
508 535
408 278
403 289
1660 1235
3660 3149
455 314
666 548
500 342
459 317
1780 1462
4219 2689
633 252
607 602
653 428
462 320
1614 2026
5223 2926
461 325
658 630
596 524
478 326
1770 1860
4575 3936
567 315
784 577
610 561
550 323
2026 2016
5558 3958
563 332
767 620
793 531
530 356
2672 2045
5803 4127
479 405
846 618
856 555
546 363
2464 2322
6304 3970
572 358
834 789
944 607
642 359
3261 3131
6969 3990
562 501
954 892
1235 521
762 432
4052 2859
6027 4853
684 538
1257 725
1128 571
917 436
5407 3871
7598 4826
780 511
1036 908
1010 627
943 490
5049 4199
7465 8192
906 609
1162 893
1004 676
883 615
6316 4941
1001 572
1512 973
1118 634
755 731
6462 5256
945 651
1603 1028
1032 720
973 684
5632 6126
848 841
1487 1090
1295 643
1185 662
6928 5697
1083 718
1442 1342
1168 722
1098 729
7065 5970
840 979
2077 1109
1289 738
1205 732
7016 6685
1145 765
1443 1716
1241 767
1390 721
8357 5518
1304 744
1741 1535
1177 816
1248 773
7167 7225
1028 943
2108 1349
1150 844
1326 777
7530 7997
1183 831
1825 1523
1076 970
1349 781
8318 7365
1332 801
1733 1982
1209 903
1279 840
1242 910
2342 1507
1440 861
1236 920
1337 924
1728 2100
1251 997
1605 810
1275 988
2157 1892
1370 968
1288 1009
1373 985
2427 1660
1347 1003
1384 978
1483 933
2502 1748
1513 1006
1523 917
1431 980
2658 1747
1564 996
1486 975
1301 1077
3095 2214
1429 1069
1584 936
1692 894
3591 2299
1470 1067
1629 923
2009 842
2994 2780
1676 1011
1267 1257
1662 1015
2810 3073
1533 1218
1671 1024
1393 1241
3549 2535
1961 1126
1497 1170
1982 955
2884 3097
1912 1173
1503 1194
1775 1037
3108 2968
1751 1339
1469 1271
1682 1110
3100 3674
1857 1363
2102 989
1651 1172
3206 3623
1926 1330
1827 1081
1536 1289
3657 3277
1867 1418
1738 1190
1930 1106
3902 3173
2132 1298
1968 1147
1762 1280
3337 3707
1895 1463
1640 1383
1971 1188
4696 3321
2091 1392
1991 1181
1794 1316
6111 2760
1908 1529
1809 1315
1684 1447
4222 3930
2161 1414
1910 1386
1767 1472
4509 3734
2229 1403
2097 1290
2448 1144
4318 4063
2235 1434
1826 1450
2458 1155
5263 3581
2280 1428
1814 1567
2400 1285
6491 3096
2432 1484
1932 1578
2230 1488
5611 4165
2127 1826
1805 1806
2036 1678
5576 4240
2607 1564
2370 1495
1800 1980
5505 4312
2683 1597
2381 1516
2002 1870
5500 4425
3152 1636
2600 1485
1977 1923
5201 5136
2983 1708
2717 1456
2220 1732
6761 3889
4002 1442
2513 1591
3081 1423
5722 4956
2610 1928
2440 1631
2441 1651
6389 4440
3140 1743
2167 1942
2438 1701
5614 5188
2940 1990
2916 1504
2334 1788
6216 4788
3951 1714
3078 1476
2665 1609
6477 4689
3379 2009
2573 1670
2666 1633
8126 3919
3504 1962
2355 1832
2802 1608
6104 5144
3007 2209
2455 1770
2250 2006
5942 5569
3031 2223
2798 1639
2894 1613
7094 4747
3137 2222
2445 1856
2773 1831
4897 7243
3492 2095
3407 1625
2211 2335
5862 5848
3449 2112
3178 1780
2808 1963
6839 5055
3820 1996
2753 2027
3125 1844
7205 4801
2976 2358
2982 1924
3161 1959
6973 5074
3486 2140
2827 2124
3160 1985
7200 5008
3170 2292
3215 1987
3339 1961
6948 5191
3267 2264
4336 1618
2812 2261
6140 5799
3312 2254
4145 1689
3087 2156
6058 6035
2640 2700
3556 1986
2679 2394
7697 5453
3555 2159
2748 2350
3113 2225
6821 6020
3685 2117
3738 1954
3500 2093
6795 6143
2637 2754
3726 1983
3088 2283
7160 6018
3547 2233
2960 2391
3456 2226
6409 6893
3330 2343
2667 2703
4008 1981
6747 6988
2863 2683
3340 2303
4375 1885
6913 6842
3204 2494
3888 2161
3463 2356
7099 7230
3220 2668
3320 2470
2877 2782
7948 6594
3731 2424
4444 2014
3882 2258
7640 7067
5610 1868
2779 2990
3716 2331
7229 7905
4559 2175
2785 3008
3804 2309
7835 7730
3960 2431
3530 2450
3638 2409
8289 7042
4085 2509
3646 2449
4011 2270
8252 7330
4364 2386
4194 2205
4735 2076
8365 7963
3869 2793
3933 2354
3765 2485
3868 2880
3505 2660
4325 2263
3915 2857
4223 2319
3510 2791
4611 2464
4058 2405
3684 2675
4460 2532
3106 3211
4497 2280
4026 2821
3817 2655
3651 2856
4036 2811
4309 2437
4515 2367
3797 3133
3864 2770
3501 3103
4927 2440
3699 2928
4040 2661
4329 2796
3671 2993
3939 2839
4363 2815
4262 2657
4338 2641
4287 2892
3976 2904
4472 2612
4841 2610
3918 3060
5276 2357
5216 2525
4625 2633
4101 2951
4233 3005
4114 2944
4975 2519
4951 2638
4245 2914
4501 2801
4423 2967
3990 3204
6273 2220
5184 2653
4527 2842
5202 2576
4448 3094
3906 3405
4801 2768
4627 2994
3930 3414
4475 2969
4281 3265
5071 2734
4347 3130
4845 3029
4012 3417
4250 3222
4948 3018
4812 2885
4471 3116
5501 2836
4377 3199
4292 3283
6139 2586
5908 2476
3810 3711
5478 2916
4580 3100
4175 3402
6184 2730
3700 3845
3774 3837
5587 3038
4399 3330
4278 3433
5237 3260
4600 3207
5212 2917
5126 3345
4327 3437
5021 3011
4374 3746
6004 2567
6131 2529
5493 3154
4517 3348
5662 2762
4938 3522
5804 2711
6655 2417
5013 3482
4142 3677
4266 3616
5473 3495
4469 3484
4898 3238
5417 3632
4452 3528
5947 2735
6204 3191
5708 2848
4520 3506
6225 3272
4447 3585
5412 3035
4982 4074
5979 2761
5401 3058
6052 3615
4570 3541
4415 3644
6185 3617
4350 3682
4691 3493
5470 4216
4215 3775
3327 5030
6890 3520
4907 3411
4618 3609
6145 3849
5332 3284
4018 4161
5830 4124
5163 3446
5550 3226
4846 5123
5562 3216
5852 3088
5925 4166
4722 3742
5204 3562
6558 3885
4746 3750
4607 3840
7190 3760
5321 3543
5472 3481
5133 5250
6053 3136
4667 3886
5788 4674
5474 3524
5568 3472
5946 4583
6264 3081
5853 3364
6837 4042
5951 3324
6110 3257
5753 4850
5262 3719
4998 3875
6703 4178
5206 3829
4367 4504
6818 4207
4773 4120
6077 3407
6001 4778
5419 3758
6460 3309
6598 4341
6102 3473
5001 4181
7279 4055
5661 3779
6011 3654
7264 4078
5713 3786
5314 4089
6438 4507
5342 4130
7367 3202
6956 4223
5026 4510
7000 3427
7150 4156
4900 4646
5317 4344
6062 4939
7122 3452
5793 4075
6952 4433
6549 3688
6552 3700
6189 4950
6049 3910
4121 5865
7146 4352
6123 3894
6221 3853
7056 4415
6178 3916
5936 4090
6696 4631
7412 3511
7471 3502
6736 4695
6654 3739
5822 4248
7395 4412
5207 4905
6290 3957
6774 4781
5077 5049
5638 4498
7166 4687
5701 4467
6014 4179
7121 4751
5561 4715
4941 5413
7775 4391
7109 3797
6495 4065
5806 5804
5539 4926
6170 4318
6892 4930
5678 4859
5964 4609
7333 4718
7590 3800
6914 4093
7124 4881
6713 4249
7213 4037
7778 4651
6318 4528
5865 4975
7130 5087
7011 4157
7741 3862
7810 4739
4631 6394
4148 7725
6897 5372
6198 4786
5995 5039
7831 4820
6342 4789
7018 4382
7204 5313
6915 4522
7232 4353
6918 5532
7579 4196
6340 4946
7974 4865
7770 4126
6444 4919
8056 4952
6623 4774
6770 4699
8042 4982
8012 4094
7700 4310
6718 5892
7411 4515
6633 4991
6932 5776
6765 4896
5956 5619
5680 7486
7268 4712
6032 5676
7072 6113
7572 4624
6282 5514
7033 6165
7298 4827
7104 4995
7233 6010
7153 4959
7780 4670
8123 5881
7177 5070
7543 4854
6860 7258
7650 4832
6949 5284
8222 6497
6986 5273
6930 5420
7478 7822
7615 4994
6377 5975
8303 6923
7648 5151
5857 6998
6844 8369
8347 4655
6256 6393
7933 7856
7796 5296
7425 5526
8335 7196
8273 4923
8274 5111
8328 7263
8130 5308
7843 5528
8278 7726
8263 5192
7809 5602
8401 7213
7851 5588
8346 5277
7038 6487
6953 6668
7910 5922
7945 5944
8352 5573
8395 5386
7419 6677
8024 6107
7629 6551
8032 6233
8100 6386
7755 6830
7804 6832
7923 6697
7389 7475
7789 7744
8286 7339
8264 7385
8403 6552
251449938 1242253086
1
sift 116
818 752
150 112
158 119
2810 2592
177 238
200 239
5090 5067
217 282
314 346
5505 6089
492 322
409 495
6836 9576
641 555
553 664
8277 9343
915 600
867 918
922 969
1085 1174
1215 1098
1286 1100
1277 1276
1159 1428
1638 1225
1551 1327
1469 1415
1754 1240
1225 1778
1794 1340
1805 1573
2061 1642
1826 1963
2036 2039
1875 2172
1947 2241
2539 1839
2616 2063
2513 2142
2311 2378
3530 1890
2667 2339
3462 2109
2500 2833
3045 2532
3202 2476
2426 3104
2908 3093
3327 3392
4012 2963
3306 3778
3381 3935
3230 4230
4242 3173
3383 4288
3864 3847
3929 3880
3679 4215
4137 3607
3854 4023
3939 3966
4712 3294
4722 3325
4498 3526
4570 3488
4618 3706
4292 4069
4690 3932
4667 3990
4375 4271
4469 4223
4457 4362
4122 4803
4382 4826
5638 4562
4533 5976
6281 4525
5560 5119
4821 6076
5077 5886
4852 6243
6858 4514
5146 6819
6765 5163
6377 5503
7037 5018
6565 5359
5259 7090
7051 5132
5957 6220
6472 5615
5307 7235
4435 8960
6342 6116
6480 6253
7162 5801
6524 6481
5442 8335
6261 7251
6440 7916
6311 8276
7011 7466
6923 8108
7419 7745
7335 7856
7262 8163
7629 7953
7467 8307
7670 8424
7899 8362
7250 9082
7379 8988
7466 8989
8170 8402
7826 8894
8052 8657
251449938 1472528885
1
sift 380
379 338
25 38
78 90
33 42
80 99
679 774
99 81
208 370
135 281
105 148
653 1158
153 205
810 617
156 384
165 262
1004 1159
202 274
560 1378
183 423
335 240
1076 1343
240 347
847 816
227 427
266 323
1347 1820
274 343
691 1083
205 526
301 439
1621 1742
287 451
883 979
259 638
384 396
1561 1965
270 665
706 1586
300 559
327 500
1908 1696
298 601
975 1156
363 593
443 438
1926 1878
387 614
979 1323
395 724
428 544
2024 1917
434 750
1848 933
467 731
564 906
2640 1895
392 960
1205 1454
532 1293
580 1066
2116 2877
571 1145
1079 1993
659 1355
849 879
2456 3736
871 862
1179 1834
673 1373
819 1310
3675 5160
619 1782
1879 1376
814 1169
1065 1030
5185 4430
933 1191
1557 1685
757 1951
775 1550
6189 4498
891 1433
1671 1620
873 1969
951 1328
4621 8228
1123 1136
2276 1263
865 2309
1068 1209
6001 7370
1046 1254
1415 2337
1005 1978
1017 1372
6620 8745
928 1658
1598 2116
997 2030
1161 1307
7326 8757
1104 1415
1894 1798
1192 1778
1089 1500
1184 1385
1502 2562
957 2516
1554 1152
1313 1871
2094 1881
1187 2259
1427 1758
1223 2215
2062 1980
1165 2458
1439 1847
1173 2462
2249 1832
1129 2632
1542 1775
1462 1948
2211 1960
1073 3343
1809 1757
1136 3033
1698 2714
1276 2566
1630 1987
1143 3092
1972 2565
1402 2352
1790 1805
1444 2422
2338 2201
1537 2319
1706 1950
1452 2484
2097 2745
1474 2497
2234 1626
1325 3018
3133 1930
1471 2629
2168 1677
1563 2498
2440 2394
1285 3763
1628 2469
1451 3208
2053 2991
1570 3191
2034 2060
2508 1743
2140 3100
1571 3363
2879 1657
2219 2069
2018 3715
1740 2922
1590 3472
1715 3136
2286 3316
1824 3159
1990 2799
1818 3404
2416 3719
1637 4099
1815 3750
1799 3578
3608 2506
1951 3247
2684 2298
1983 3211
3160 3495
1587 4661
2138 3206
2069 3215
2699 3997
1674 4334
2086 3419
1906 3690
2748 4023
1803 4050
2137 3644
1901 3913
3134 3694
1709 4818
2467 3108
1668 5188
2691 4310
1801 4644
2490 3194
2030 4057
6113 2121
2134 4101
2477 3845
1945 4873
3829 3166
2121 4392
2737 3840
2075 4662
2735 4896
2010 5044
3103 3917
2483 3811
3179 4326
2125 4756
3638 3449
2275 4640
3105 4974
2188 5095
2831 4580
2246 4941
3307 5325
2599 4198
3444 3987
2944 3854
3141 5762
2484 4689
3088 4695
2934 4190
3456 5242
2066 7094
3684 4268
3407 3895
3081 6588
2681 5285
3560 5507
2786 5090
5953 3356
2721 5418
4178 4462
2745 5741
3696 5674
3236 4931
4450 4535
3193 5010
4315 4971
3002 5535
4520 4639
2759 6043
4277 5048
3738 4455
3525 6408
3253 5352
4215 5511
3171 5527
3120 7856
2783 6295
6921 3679
3396 5200
4385 5248
3197 5585
4794 5157
2847 6284
4230 5582
3158 6046
5534 4750
2848 6768
5219 4505
3049 6528
4453 6125
3246 6215
5138 4697
3495 5822
5211 5461
3472 5903
5342 4610
3781 5380
5206 5473
3571 6193
4626 5406
3550 6243
4778 6277
3239 7118
4140 6286
3406 6674
4415 6755
3566 6565
3373 8507
3446 6888
4167 7500
3316 7353
4065 6719
3601 6664
4743 6462
3233 7900
4485 6135
3450 7242
5618 5690
3794 6481
5141 5628
3378 7631
4898 6598
3984 6171
5032 5702
3825 6710
4516 7574
3287 8335
4306 7240
3787 6859
5927 5731
3805 6994
4349 7379
3425 8532
5550 6387
4073 6623
5779 5704
4188 6489
5675 6279
4051 7056
5110 6581
4466 6330
5322 6790
4641 6166
4820 7329
4456 6610
5330 7592
4062 7550
6512 5366
4177 7276
5474 7529
4157 7539
4876 7351
3968 8120
6011 6797
3942 8417
4807 7790
4106 8154
6009 6927
4854 6613
4963 7512
4913 6685
6690 6451
4022 8561
5097 7400
4312 7923
6290 7360
4980 6763
4721 8095
4802 7133
6723 7030
5365 7000
5151 7428
5142 7503
7910 6773
5173 7702
4830 8038
5065 7858
7114 7650
5062 8231
4451 8734
5935 6492
6832 7972
5137 8287
4869 8304
5167 7853
6296 8777
5390 8609
5179 7850
5073 8067
8407 8406
5061 8795
5012 8214
5932 6807
5778 8792
5121 8315
5057 8424
6196 8742
5569 7889
6221 6864
7152 8761
6506 6805
5937 8060
7349 6453
7861 7042
7842 7342
6404 8716
6465 8718
251449938 1646429863
1
sift 55
6462 1782
273 132
555 293
618 387
1470 661
780 363
1411 691
1429 1014
1930 828
1629 998
2503 951
2347 809
2428 1046
2610 1289
2458 1210
2435 1233
3951 1399
2665 1188
2666 1207
3449 1555
2574 1291
2982 1373
4219 1422
3339 1366
3321 1409
3492 1720
3161 1479
4059 1475
4951 1529
4309 1439
4812 1547
4026 1809
4527 1708
5876 1558
5753 1890
4371 1850
3699 2327
5925 2678
4731 2162
4998 2559
6897 3064
6680 2872
6781 3049
8042 2795
6992 3067
7279 3414
6932 3547
7852 3268
6027 3991
7033 4040
7705 3473
7809 3584
7209 3882
7962 4412
7366 5177
251449938 1693986903
1
sift 862
310 299
18 5
21 10
606 857
53 20
59 29
846 935
58 47
62 60
834 1016
80 37
95 97
824 1045
97 100
123 76
954 1347
124 96
113 124
1036 1324
145 98
153 103
1491 1289
152 110
154 116
1214 1580
132 154
184 106
1410 1558
163 126
171 129
1437 1660
119 198
178 130
1680 1446
128 211
150 179
1944 1579
165 166
176 195
1603 1977
158 241
175 204
1611 2484
244 159
269 178
1969 2012
225 249
177 361
1733 2425
246 270
200 363
1795 2369
302 228
231 326
2157 2193
218 366
247 325
1777 2786
217 391
335 226
2077 2536
248 352
402 222
2398 2427
266 374
254 470
2359 2650
307 419
285 462
2427 2591
346 390
420 337
3039 2326
376 381
314 478
2307 3233
329 461
391 433
3099 2992
489 360
404 472
2792 3952
340 616
443 439
2810 4068
429 489
436 513
2650 4334
497 465
410 674
2994 4341
418 697
492 582
4061 3279
539 519
450 686
3595 3918
530 608
632 508
3206 4403
416 795
631 525
3074 5309
567 601
591 595
4403 4469
588 656
545 754
4340 4608
516 803
634 693
4638 5276
641 703
531 830
5346 4658
639 727
663 773
4234 6235
671 785
541 1087
4875 5505
868 677
906 712
5385 5640
629 1043
785 776
4461 6890
939 700
725 834
5124 6528
750 827
848 789
6058 6836
655 1101
714 1012
5942 7140
1001 771
884 905
5614 7882
768 1057
737 1103
6389 6993
805 1066
779 1096
6408 7044
849 1064
933 993
4897 9441
962 974
980 947
6990 6726
1202 828
1006 1040
5589 8944
867 1292
862 1339
5505 9120
870 1326
988 1159
6230 7842
1065 1075
1086 1059
6747 7529
1088 1071
1301 930
7241 8258
911 1418
1337 980
7238 8293
1112 1143
1031 1282
6851 8914
922 1511
990 1376
7448 8513
1105 1197
1046 1320
7413 8575
835 1815
880 1702
7680 8365
1037 1403
996 1554
7065 9046
1074 1400
1134 1321
7027 9211
1203 1268
1035 1515
7206 9023
1245 1226
1138 1374
6759 9418
1396 1168
1210 1360
7517 9107
1640 1078
1462 1204
8126 9336
1449 1218
1159 1532
1024 1814
1215 1487
1694 1131
1124 1680
1222 1565
1602 1206
1382 1389
1249 1545
1490 1305
1393 1393
1264 1569
1333 1498
1523 1323
1195 1701
1220 1671
1275 1608
1182 1723
1258 1633
1525 1364
1455 1480
1648 1306
1221 1750
1225 1774
1153 1896
1266 1744
1500 1505
2032 1177
1156 2058
1565 1507
1286 1844
1277 1875
1421 1698
1684 1451
1811 1408
1884 1371
1638 1647
1283 2136
1460 1837
1554 1735
1551 1740
1581 1714
1916 1456
1749 1594
1344 2161
1433 2008
1478 1935
1688 1673
1236 2424
2094 1396
1273 2327
1536 1877
1469 1993
1388 2219
1790 1667
1555 1961
1361 2341
2055 1514
1425 2222
2140 1489
1548 2056
1809 1709
2182 1488
1503 2144
1814 1746
1574 2086
1889 1692
1254 2784
1988 1657
2034 1648
1781 1809
1991 1663
1784 1810
1767 1841
1392 2605
1599 2172
1757 1912
1479 2433
1775 1928
1805 1927
1665 2207
1864 1925
2335 1622
2088 1761
2002 1851
2063 1813
1812 2093
1995 1897
1794 2127
1845 2080
1772 2187
2012 1920
1796 2196
1634 2481
1510 2829
1946 2070
2071 1956
1592 2685
1921 2143
1756 2388
2084 2045
1731 2497
2416 1768
1994 2173
2150 2044
2337 1872
2402 1819
1800 2493
2061 2236
1476 3572
1642 2947
1963 2363
1990 2337
1917 2471
1806 2669
1962 2448
2092 2311
1871 2612
1776 2788
2256 2221
1885 2683
1706 3131
2228 2301
1919 2708
2440 2091
1745 3108
2539 2057
2352 2237
2668 1983
1869 2928
2167 2524
2159 2551
1934 2888
2334 2334
2046 2719
2005 2835
2634 2139
2263 2535
2172 2662
1873 3171
2684 2147
3097 1975
2186 2754
1878 3545
1928 3470
2710 2336
2747 2315
1875 3683
2842 2281
2168 3042
2279 2887
1973 3518
2383 2750
2047 3444
2915 2323
2036 3541
2670 2525
2454 2733
2704 2518
2879 2417
2401 2884
1947 3988
2199 3361
2914 2491
2190 3428
2591 2743
2787 2602
2313 3211
2616 2771
2878 2578
2332 3206
2508 2979
2351 3251
2708 2819
2513 3046
2712 2823
2716 2859
2736 2866
2412 3341
2577 3085
3160 2651
2490 3292
3113 2687
2065 4429
2375 3608
3181 2690
2477 3460
2926 2905
2057 4618
2311 3980
2308 4003
2824 3096
2500 3693
3151 2921
3474 2696
2923 3087
2779 3302
3386 2818
2922 3168
2608 3613
2828 3371
2241 4713
3567 2820
3015 3284
3423 2952
2967 3463
3340 3132
2876 3698
2877 3740
2578 4316
3906 2824
3737 2993
2358 5011
3671 3081
4315 2646
3046 3840
3611 3238
3635 3216
2836 4190
3405 3490
2829 4232
2586 4628
3618 3304
2972 4056
3464 3476
3103 3979
2910 4182
3116 3977
2426 5278
3586 3469
2659 4652
3345 3774
2813 4428
3148 4022
3050 4130
3684 3390
3147 4045
3638 3461
2667 4703
2520 5114
3882 3237
3976 3128
3898 3244
3164 4111
3388 3891
4045 3152
3501 3815
4372 2968
2720 4900
3934 3347
3462 3926
3417 4004
2632 5204
3646 3826
3758 3676
3509 3987
3165 4417
2706 5233
3276 4332
3327 4286
3859 3644
3577 4018
3992 3483
3692 3916
4215 3305
2908 4914
4136 3407
3389 4354
3299 4447
3779 3878
3554 4217
2854 5240
3383 4441
3045 4911
3905 3848
3818 3981
3559 4323
3530 4363
3525 4381
4278 3539
3263 4852
3216 4969
3678 4407
3627 4491
5195 3098
4490 3531
4992 3225
3203 5226
4175 3869
3490 4789
3533 4731
3306 5116
3481 4828
3381 5044
2921 5958
4678 3513
4894 3381
4378 3821
4327 3886
3597 4809
3373 5184
4230 4028
3129 5803
3350 5432
4580 3776
4263 4085
5154 3451
3433 5389
4475 3962
5368 3345
4820 3753
3812 4812
3539 5293
4074 4430
3471 5483
4415 4136
4984 3709
3584 5331
4439 4128
3930 4805
4350 4313
3978 4725
4172 4533
4331 4383
3801 5252
5136 3841
3701 5442
4250 4557
4773 4123
3746 5435
4399 4413
4915 4033
4020 4883
3302 6508
3921 5219
5026 4053
4805 4214
4049 5019
4596 4419
4269 4779
3877 5517
3596 6167
4162 4952
4639 4424
4181 4998
3402 6689
4746 4529
4042 5437
5067 4330
5148 4314
4615 4720
3854 6020
3258 7327
4465 4878
4600 4777
3700 6435
3679 6526
4730 4702
3778 6343
4722 4735
5772 3986
5110 4476
4058 5734
5088 4508
5273 4421
4347 5368
3512 7110
4625 5007
4341 5434
5423 4377
5071 4635
4292 5576
4517 5220
4268 5649
3329 7869
4382 5453
4495 5286
5181 4629
4393 5495
3939 6467
5001 4818
4514 5341
5141 4745
3542 7445
4142 6106
4617 5314
4384 5668
4546 5443
4284 5905
4691 5316
4498 5644
4941 5152
4618 5690
5006 5234
4060 6644
5215 5091
5618 4688
5037 5279
5848 4514
5917 4453
4485 6044
4291 6410
5766 4615
5750 4633
5438 4932
5456 4923
4763 5712
4178 6655
6219 4335
4242 6599
4667 6001
5692 4845
4170 6832
4842 5821
4354 6554
4137 6971
4844 5912
5654 4995
4963 5817
5172 5651
4122 7139
5342 5457
4838 6076
5756 4973
4840 6107
4450 6636
4129 7216
5060 5850
6048 4732
5444 5441
5194 5766
3943 8030
4457 6739
6045 4820
4342 7021
6444 4574
4585 6654
4488 6793
5219 5955
5351 5757
5472 5623
3713 8980
5370 5763
5336 5824
5316 5853
4204 7548
5810 5289
4704 6683
4578 6901
4186 7697
5671 5547
4323 7418
5363 6006
6688 4644
4592 6975
5082 6438
5897 5385
5635 5744
6198 5056
5779 5571
4087 8302
6034 5270
5032 6639
4821 6937
5432 6264
4412 7718
4715 7215
6011 5582
6318 5263
6217 5346
4435 7840
6004 5608
4528 7624
5159 6762
5544 6321
4710 7399
4935 7122
5932 5929
5476 6547
4745 7545
4469 8244
6735 5193
4624 7884
4533 8138
4749 7644
4273 8777
6221 5665
6307 5628
4828 7599
6290 5727
7178 5047
5018 7389
5510 6767
6059 6050
5257 7141
5591 6705
6338 5776
7477 4979
6503 5685
5458 6987
6376 5851
5710 6666
6273 5993
5955 6434
5081 7692
5299 7354
5663 6843
4876 8156
5375 7267
4692 8556
6645 5752
5960 6502
5434 7271
4395 9226
6107 6398
5569 7146
4791 8602
5805 6866
5314 7638
4442 9781
6963 5728
5254 8058
5594 7371
7306 5597
5105 8596
6467 6454
5672 7454
5561 7669
6255 6660
5259 8351
5318 8305
5853 7240
5200 8610
5883 7252
5840 7359
5332 8439
6112 6972
5647 7805
5683 7723
4964 9086
5422 8350
5112 8934
6330 6888
7349 6115
5143 9041
6295 7119
5492 8643
5568 8514
5823 8001
5808 8032
6506 6960
5775 8155
5056 9885
5005 9962
6170 7462
7376 6417
6317 7360
6088 7854
5441 9150
6765 7053
5221 9989
6533 7285
6392 7473
6222 7738
6377 7512
5228 9998
5931 8413
8274 5919
5935 8504
6465 7757
6650 7514
6322 8081
6342 8100
7161 7197
5793 9149
8111 6430
6474 8080
7120 7358
7036 7453
7114 7379
6370 8375
5957 8985
6328 8552
7288 7332
7624 7050
8154 6603
7506 7158
7513 7148
7819 6943
5877 9839
8157 6712
6986 8086
7074 8094
6333 9078
6538 8829
7308 7908
6858 8490
6909 8469
6261 9247
7331 7970
8227 6976
7696 7532
6436 9059
6098 9398
7824 7490
7290 8297
7800 7648
7580 7929
8141 7305
6524 9237
7776 7826
6025 9505
7945 7608
7489 8236
6271 9446
6958 8868
8031 7562
6489 9875
6472 9365
6820 9063
6541 9342
7037 8878
7305 8634
6675 9304
7075 8958
7508 8554
6585 9404
7172 8993
8013 8056
7845 8415
7523 8815
6744 9431
7322 9751
7340 9265
8407 7177
7545 9089
7860 8846
7031 9478
7575 9205
7803 8976
7361 9900
7412 9354
7493 9324
7764 9074
7662 9192
7975 8853
8220 8515
8270 8476
8250 8561
7785 9189
7455 9429
7818 9249
8186 8866
7589 9421
8194 8929
7790 9884
7956 9276
8191 8977
8100 9333
7930 9483
7457 9538
8104 9525
251449938 1724217577
1
sift 2439
8 9
60 68
5 4
70 69
14 23
18 24
83 85
126 135
24 30
104 94
73 77
30 27
191 208
140 160
26 35
123 134
81 91
33 38
263 179
161 181
34 41
149 169
99 93
42 37
223 295
179 265
47 47
144 190
84 142
45 50
226 357
203 297
53 53
163 221
228 274
58 59
310 302
233 275
61 56
154 253
195 322
59 66
283 366
252 328
62 62
184 267
249 314
66 78
322 359
279 317
74 75
209 323
291 353
78 80
349 364
290 368
80 86
258 301
296 375
85 84
350 384
337 438
88 88
313 327
289 430
96 100
378 414
379 393
98 104
315 349
355 446
97 107
435 451
408 473
100 114
370 403
396 432
101 116
422 479
419 484
103 117
431 363
384 492
105 120
464 553
454 573
112 141
492 537
461 530
113 145
529 611
500 519
119 151
522 563
424 618
133 138
508 645
596 524
132 148
661 518
448 635
135 172
606 658
610 559
131 189
540 673
524 650
150 182
666 692
651 641
128 247
682 691
572 684
153 201
658 749
653 781
158 207
591 817
680 700
178 184
718 872
703 727
151 235
684 731
633 844
170 202
817 800
686 824
156 237
810 769
589 1080
175 206
767 851
730 890
165 228
669 1018
700 876
171 217
784 865
793 871
167 260
834 895
881 859
176 255
824 953
856 907
192 224
846 926
679 1145
177 257
876 919
1004 1180
183 266
923 852
975 830
200 252
811 1078
1100 1119
231 214
833 968
973 979
193 278
894 1026
1189 1077
202 279
755 1207
979 1173
224 259
1036 990
1069 1227
218 271
1019 905
1028 1263
215 276
909 1147
1190 1267
229 263
1086 998
1166 1331
205 299
954 1140
1118 1403
208 307
989 1137
1465 1091
255 256
1022 1194
1235 1303
217 313
1001 1179
1405 1170
227 308
949 1320
1241 1454
240 305
1035 1169
1213 1369
246 306
1120 1153
1373 1392
254 300
1106 1166
1279 1430
248 316
1162 1284
1377 1389
247 329
1215 1159
1212 1556
244 332
1214 1325
1109 1855
269 315
1138 1300
1194 1733
277 309
1271 1397
1492 1344
274 330
1205 1326
1307 1623
262 351
1443 1274
1345 1579
272 341
1491 1254
1347 1644
259 367
1453 1359
1513 1487
285 337
1456 1365
1415 1565
260 388
1257 1586
1295 1769
280 361
1466 1431
1431 1588
335 326
1437 1504
1440 1672
270 406
1549 1445
1288 1750
317 369
1664 1363
1499 1624
271 439
1487 1613
1600 1427
314 392
1562 1558
1564 1776
302 416
1754 1356
1497 1597
298 420
1733 1422
1621 1823
307 425
2032 1231
1294 1915
319 419
2077 1302
1632 1850
346 385
1648 1583
1486 1643
332 402
1741 1549
1561 2047
330 411
1512 1862
1475 1658
336 426
1680 1688
1857 1761
340 436
1602 1740
1567 1681
345 441
1660 1737
1952 1787
329 469
1525 1978
1671 1696
363 437
1611 1898
1908 1931
342 472
1735 1660
1584 1967
383 412
1625 1911
1926 2095
364 464
1800 1651
1879 1616
373 450
1770 1817
1874 2193
324 509
1684 1796
1650 1909
382 442
1914 1702
2024 2175
366 468
1749 1757
1739 1775
399 427
1795 1841
1714 2614
391 443
1784 1777
1608 2066
353 489
1603 2230
2161 2218
389 456
1825 1819
1605 2140
409 435
1944 1712
2091 2371
387 475
1728 2017
1672 2225
395 476
1802 1949
2039 2455
443 471
1665 2161
1894 2055
360 576
1655 2475
1941 2701
406 500
1805 2002
2206 1767
380 547
2101 1926
2215 2368
416 498
1977 1814
1931 2113
392 529
2142 2005
2132 2486
393 543
2002 1859
1971 2220
412 516
2122 2071
1808 3202
411 521
1869 2022
1968 2280
453 485
2064 2270
2235 2554
404 539
1885 2117
2212 2065
456 493
2143 2196
2280 2516
430 520
1757 2405
2259 2118
421 531
2157 2345
2044 3028
428 522
2276 1994
2964 1635
385 601
2195 2361
2315 2747
497 478
2341 1914
1982 2419
458 542
2509 2281
2640 2418
467 569
1988 2422
2097 2357
447 607
2672 2186
2376 2768
418 669
2061 2531
2211 2316
503 544
1978 3057
2456 2674
450 638
2249 2358
1890 2926
484 588
2306 2557
2494 2806
463 655
2050 2641
2009 2765
565 534
2409 2548
2637 2659
526 583
2062 2639
2269 2483
501 619
2427 2568
2549 2804
487 661
2713 2046
2238 2623
517 621
2268 2964
2420 3149
530 608
2150 2630
2381 2517
480 697
2398 2832
2904 2665
535 613
3133 2078
2685 2304
520 634
2611 2910
2863 2771
521 637
2375 3015
2264 2725
551 615
3099 2542
2607 3110
510 663
2352 3192
2144 3004
523 660
2506 3199
2673 3108
569 598
2668 2741
2600 2592
600 582
3261 2564
3059 2769
531 679
2586 2845
2534 2798
641 600
2657 3080
2875 3097
567 675
3247 2601
2370 3123
624 633
2810 3158
3269 2915
564 693
2616 3193
2445 2980
532 741
2764 3329
2495 3956
632 646
2889 3021
2671 2730
541 780
3108 3128
3053 3333
571 758
3327 2687
2896 2569
580 752
3016 3367
2551 3980
772 580
2670 3379
2458 3191
588 748
3072 3569
3204 3256
582 760
2662 3433
2679 2890
635 725
2994 3660
3145 3309
560 818
3652 2603
3325 2463
601 776
3094 3587
3031 3480
615 772
3113 3260
2696 2968
598 788
3496 3374
3121 3484
623 783
3785 2708
2400 3485
647 759
3298 3584
3850 2888
676 717
3730 2816
2705 2998
777 640
3828 3102
3312 3421
660 761
2989 3513
2295 3763
659 778
2738 4251
3198 3550
674 775
2787 3765
2827 2946
705 746
3206 3829
3267 3511
619 881
3762 2925
2773 3127
673 801
3549 3524
3279 3503
642 870
3655 3092
2802 3115
663 853
3591 3544
3685 3184
741 803
3202 3564
2748 3437
691 874
3657 3635
3598 3300
737 831
3389 3457
2800 3390
695 904
3008 4762
2669 4583
867 756
4206 3167
2723 3499
786 840
3796 3797
2975 4090
807 835
3332 4034
2917 3271
721 936
3637 4138
3152 3941
689 1013
3340 4075
2861 3346
637 1141
3832 3950
3486 3671
733 1001
3170 4320
2797 3460
790 932
3831 3960
3379 3970
922 821
4269 3217
2963 3299
773 958
4080 3810
3221 4474
831 899
3773 3759
2754 3595
757 981
3814 4180
3547 4099
779 963
3671 3871
3136 3370
871 873
3453 5058
3555 4115
774 997
3737 3881
2960 3555
662 1215
3937 4866
3675 4052
868 892
4020 3887
3384 3177
911 864
4160 4597
3952 3835
855 911
3678 4330
3289 3259
847 928
4403 4303
3763 4132
962 829
3465 4666
3105 3509
770 1036
4234 4520
5128 3116
906 894
3604 4534
3514 3274
849 962
4340 4459
3731 4755
874 925
3688 4420
2709 4164
775 1050
4554 4242
3958 4375
736 1096
3829 4223
3215 3621
819 1017
4897 4018
3504 5297
915 920
3990 4000
3005 3842
873 969
4318 4818
3314 5744
862 982
3758 4363
3179 3698
884 970
4696 4430
4288 4092
857 1006
3567 4810
2439 5152
883 991
4407 5003
3797 4862
907 974
3775 4584
3995 3074
936 933
4875 4486
4236 4186
852 1046
4278 3951
2858 4531
889 1011
4509 5146
3869 4880
804 1092
4742 3637
3429 3999
939 942
4861 4789
4036 4623
814 1079
4894 3740
3550 3998
841 1074
4803 5002
4846 3859
882 1033
4079 4492
3456 4129
899 1045
5124 4726
4492 4126
942 1007
4137 4431
4698 3042
891 1093
4945 4938
4152 4807
933 1059
3939 4858
4265 3359
865 1146
4054 6271
4374 4502
1016 1000
4018 5008
3911 3732
901 1129
4914 5272
4364 4646
991 1037
4298 4713
3081 4835
851 1235
5346 4845
4002 5265
1085 955
4350 4690
3395 4331
1015 1028
5496 5037
4085 5206
893 1171
4668 4376
3407 4314
982 1072
4355 6300
4203 5022
880 1216
4331 4863
4480 3257
928 1123
4986 5874
4075 5381
912 1184
4367 4827
3505 4291
845 1290
5269 5798
4960 4402
965 1098
4469 4734
3454 4351
972 1154
4954 6100
4346 5196
1087 1054
4439 4890
3917 3944
976 1186
5614 5569
4423 5284
1110 1049
4242 5238
4148 3734
1074 1084
5049 6138
4559 5224
925 1305
4475 4856
3410 5393
957 1281
4765 6566
4870 4841
1064 1121
5026 4374
3680 5056
980 1273
5942 5437
5045 4747
993 1265
4377 5179
3933 4600
940 1358
6058 5403
4951 4904
1017 1246
4649 4830
4114 4494
1050 1187
5303 6198
5133 4924
1105 1109
4383 5281
3922 4998
1134 1085
6785 4867
4627 5481
997 1278
4347 5455
4296 4355
1091 1133
4432 7875
4622 5559
968 1345
4577 5129
4010 5067
1005 1286
5576 6130
4645 5686
1135 1106
4488 5419
4038 5237
974 1377
5611 6264
4982 5343
1104 1168
4746 5159
4337 4763
994 1340
5828 6089
5039 5355
1031 1294
6188 3927
4245 4929
1159 1127
5400 6687
4780 5651
1068 1247
4697 5576
4259 5030
1046 1287
5559 6550
5184 5295
1202 1122
5215 5038
4252 5051
1237 1108
5862 6344
5669 4783
983 1463
5363 4901
4548 4644
1130 1240
4638 8263
4948 5797
1052 1368
5317 5185
4262 5209
990 1483
7703 4980
4845 5908
1139 1257
5953 4441
4309 5171
1089 1327
6111 6076
5417 5603
1250 1174
4931 5610
4194 5426
1057 1423
5632 6787
4168 7448
1192 1293
5211 5446
4642 4809
1382 1142
6313 6037
4917 6170
1034 1564
4852 5796
4192 5531
1184 1318
5871 6607
5639 5503
1249 1261
5071 5619
4223 5555
1179 1352
6389 6046
5216 5967
1238 1291
5181 5543
4502 5201
1165 1388
5440 7754
5493 5782
1148 1402
5594 5150
5420 4352
1203 1354
6408 6334
5634 5665
1143 1455
5897 4992
5041 4772
1264 1323
6140 6943
5556 5808
1124 1520
6113 4886
4777 5169
1220 1409
6491 6564
4771 6819
1136 1507
4991 6324
4472 5549
1292 1339
6990 6293
4836 6766
1102 1608
5697 5638
4433 5635
1156 1516
6230 7077
6476 5135
1225 1444
4617 7002
4471 5614
1258 1404
7211 6270
5524 6120
1316 1362
5684 5740
4631 5570
1157 1560
6216 7369
5469 6279
1217 1462
5654 5876
5289 5017
1404 1306
6747 6850
4796 7484
1255 1443
5560 6053
4826 5587
1344 1372
6355 7392
6063 5847
1358 1367
5678 6056
5131 5402
1320 1401
7046 6716
4654 7881
1248 1472
4738 7451
5204 5357
1210 1537
6653 7349
6272 5734
1361 1386
5334 6660
4898 5767
1075 1801
6759 7329
5806 6172
1276 1458
5864 6109
4516 6140
1388 1379
7027 7375
5473 6679
1340 1421
6719 5507
4959 5745
1496 1289
6906 7598
5788 6345
1551 1250
5808 6410
5374 5468
1266 1500
6627 7892
5924 6193
1591 1234
6582 5725
4310 6769
1224 1587
6218 8360
5127 7662
1252 1539
6503 5781
4868 5993
1427 1382
7813 6817
6615 5842
1256 1550
6735 5729
6060 4802
1319 1460
6679 7982
6189 6211
1129 1773
5472 7307
5675 5322
1413 1424
6421 8366
5170 7979
1277 1570
6472 5959
4792 6331
1444 1396
7094 7865
5312 7777
1555 1309
6922 5800
5533 5685
1305 1572
6933 8234
6138 6436
1331 1536
6645 6135
5321 6015
1228 1700
7241 8026
5585 7513
1381 1540
6092 6784
5550 5853
1391 1527
7294 7986
6052 6911
1379 1555
6825 6335
5238 6235
1554 1376
7549 7776
5863 7355
1299 1646
6493 6680
5182 6405
1393 1542
7350 7965
5613 8034
1428 1532
7059 6303
5206 6513
1542 1426
7435 7991
6145 7265
1363 1611
6338 7303
5085 6671
1259 1781
7697 7805
6540 7155
1464 1546
6442 7397
5989 5753
1286 1760
7015 8400
6225 7640
1452 1576
6538 7471
6243 5509
1521 1508
7773 7812
6818 7028
1462 1596
7812 6273
5140 6765
1399 1693
7835 7819
6890 6986
1372 1724
6983 7084
5927 5806
1474 1599
8022 7706
6438 7648
1439 1659
6634 7758
5428 6496
1503 1607
7948 7837
6449 7644
1634 1447
7104 7461
5448 6573
1297 1920
7640 8134
6162 7980
1314 1916
6765 7814
5963 6022
1441 1710
7680 8440
6740 7373
1254 2101
6854 7813
5562 6581
1583 1581
8167 8233
6661 7688
1522 1667
7472 7241
5820 6364
1458 1731
7525 6932
1574 1609
7288 7551
5785 6460
1479 1714
7056 7480
1285 2084
6730 8150
5579 6886
1471 1742
6220 8309
1397 1892
7603 7744
6256 6136
1387 1932
6829 7698
1505 1715
7818 7655
5662 7013
1422 1857
6844 7816
1401 1939
8044 7580
5971 6589
1493 1778
7609 7182
1884 1395
7533 8230
6102 6419
1311 2180
6848 8015
1463 1880
8208 8020
5829 6984
1490 1833
6736 8127
1563 1738
8194 8356
6070 6600
1501 1854
6816 8145
1537 1795
5816 7121
1585 1734
7716 7356
1640 1663
6183 6572
1694 1621
7150 7920
1546 1848
5712 7426
1263 2387
7130 8046
1523 1906
6073 7006
1510 1951
7072 8132
1451 2056
6552 6480
1417 2153
7264 8252
1568 1840
6971 6154
1717 1670
7326 8444
2015 1446
6110 7024
1386 2278
7831 8278
1696 1708
5936 7406
1511 2052
8267 8394
1630 1821
5464 8267
1514 2087
1425 2273
7127 6262
1607 1894
1416 2291
5951 8098
1619 1887
1571 1986
6257 7788
1747 1697
1570 2007
7454 6576
1534 2081
1638 1869
6690 7490
1545 2080
1610 1953
6292 7988
1708 1772
1661 1842
5908 8428
1628 1929
1889 1684
6812 7708
2063 1563
1706 1980
6539 8136
1756 1879
1916 1705
6623 8274
1582 2237
1636 2112
6953 8172
1689 2031
1713 2006
7125 8108
1790 1877
1745 1950
7076 8209
1715 2024
1811 1876
7856 7501
1604 2266
1799 1891
7739 7659
1687 2082
1738 1990
7268 8270
2085 1653
1692 2099
8043 7587
1858 1851
1793 1954
7650 8080
1698 2114
1794 1975
8418 8468
1814 1974
1631 2283
1565 2400
1809 1991
1674 2233
1947 1831
1919 1872
2006 1783
2012 1799
1759 2126
1709 2254
1767 2154
1804 2143
1954 1958
1587 2529
2073 1826
1773 2245
1748 2276
1627 2499
1731 2326
2028 1985
1746 2334
1950 2123
1928 2169
1723 2406
1781 2337
1552 2886
2008 2106
1828 2327
1816 2375
1964 2240
1871 2322
1663 2683
2094 2089
1801 2411
2022 2189
1700 2638
2272 1934
1932 2308
1888 2336
1806 2433
1775 2503
1667 2756
2053 2226
1990 2282
1900 2364
1736 2605
1797 2501
1796 2509
2079 2209
1862 2425
2011 2295
1654 2894
1833 2484
1994 2330
1865 2457
1995 2340
2382 1922
2168 2183
1921 2431
2056 2315
1946 2417
1815 2619
1962 2409
2953 1636
2135 2260
2014 2385
2003 2397
2219 2201
2069 2351
2205 2267
1923 2572
1845 2733
1877 2690
2068 2429
2158 2353
2030 2487
2190 2331
1861 2760
2182 2365
1915 2715
2591 1989
2018 2579
1945 2696
2372 2207
2914 1798
2134 2450
1838 2938
1883 2835
2045 2595
2103 2532
1991 2700
2192 2423
2337 2303
2324 2319
2125 2538
2155 2502
1892 2943
2256 2413
2110 2589
2508 2198
2075 2652
2149 2547
2172 2513
2000 2766
2255 2427
2301 2389
2275 2420
1669 3687
2121 2620
2057 2714
2096 2664
2088 2671
2109 2668
1787 3363
1992 2901
2520 2307
2270 2573
2181 2732
2093 2866
2137 2795
1670 4019
2042 3046
2308 2602
2302 2609
2582 2343
2286 2673
2188 2841
2146 2930
2246 2779
2879 2231
2281 2802
2475 2528
2262 2854
2339 2724
2218 2963
1758 4095
3383 2061
2232 2955
2066 3320
2320 2812
2311 2836
2047 3426
2298 2928
2384 2750
2082 3364
2418 2713
2194 3173
2209 3153
2065 3447
2565 2575
2334 2895
2412 2763
2401 2813
2326 2976
2684 2505
2118 3428
2098 3492
2345 2997
2507 2778
2440 2872
2171 3466
2500 2817
2441 2897
2245 3341
2575 2757
2416 2982
1878 4260
2490 2913
2292 3332
2736 2657
2340 3275
2539 2917
2364 3244
2814 2663
2477 3072
2260 3535
2282 3470
2513 3023
2554 2960
2799 2707
2511 3052
2844 2678
2361 3349
2394 3304
2562 3040
2771 2777
2716 2831
2521 3121
2422 3291
2266 3664
2483 3219
2216 3801
2624 3044
2784 2849
2484 3290
2628 3075
2327 3623
2693 2967
2599 3133
2667 3068
2708 3011
2731 2973
2659 3142
2570 3284
2761 3049
3040 2773
2579 3323
2698 3166
3285 2662
2812 3070
2967 2909
2946 2939
2737 3196
2872 3048
3181 2801
2691 3293
3201 2783
2747 3250
2568 3512
2625 3424
3046 2962
2893 3145
2718 3353
2887 3189
2735 3339
2606 3556
3294 2846
2944 3168
3165 2970
2351 4084
2878 3280
2623 3609
2900 3266
2585 3707
3189 3017
2644 3617
2910 3298
3063 3181
3208 3058
2759 3526
3388 2906
2832 3432
2923 3322
2854 3427
2726 3622
2921 3373
2721 3647
3002 3314
3304 3073
3032 3310
2821 3592
3360 3078
2934 3441
2645 3845
2866 3568
2284 4796
2183 5250
3306 3159
2753 3737
2638 3896
3087 3398
3134 3360
2783 3753
3430 3113
2831 3704
3278 3254
2692 3869
3057 3473
3316 3248
3840 2767
2848 3723
2461 4347
3474 3130
2755 3862
2892 3721
3887 2791
3116 3523
2916 3711
3117 3537
3290 3357
3251 3394
3160 3510
3035 3641
3704 2988
3503 3216
2907 3789
2936 3761
3070 3655
2641 4172
2908 3802
2745 4004
2971 3756
2974 3751
3047 3693
3177 3580
3103 3661
3049 3726
2958 3823
3027 3770
3055 3745
2703 4154
3019 3794
2742 4105
2997 3809
3667 3198
2590 4416
3576 3279
2984 3832
2706 4193
2765 4137
2883 3974
4081 2805
3523 3343
3297 3596
3158 3743
2837 4109
3308 3616
3213 3731
3052 3888
3358 3612
3472 3486
3375 3618
3258 3729
3239 3780
2930 4064
3149 3875
3448 3583
3402 3639
3144 3911
3271 3796
3101 3957
3417 3650
3305 3772
3154 3930
3481 3605
3236 3863
2772 4425
2979 4128
2790 4412
3423 3697
2968 4151
3265 3847
3396 3728
3462 3656
3524 3601
3172 3967
3061 4118
2630 4953
3073 4120
2823 4506
3650 3571
3193 4008
3663 3575
3184 4037
3347 3893
3380 3867
3444 3803
3473 3768
2824 4585
3245 3992
3128 4134
3718 3528
2807 4648
3545 3722
3501 3790
3536 3773
3287 4029
3254 4080
3513 3825
3338 4016
2876 4665
3050 4366
3197 4181
2847 4775
2992 4468
3096 4381
3098 4391
3284 4161
3490 3962
3446 4011
3342 4146
3276 4215
3318 4191
3045 4609
3078 4562
2954 4806
3619 3924
3612 3949
3302 4285
3559 4005
3378 4237
3352 4280
3835 3744
3433 4174
2775 5375
3427 4211
3256 4453
4372 3278
3419 4248
3512 4142
3826 3814
3424 4261
3638 4028
3554 4113
3630 4048
3219 4610
3530 4152
3180 4700
2828 5432
3082 4991
3533 4220
3307 4549
3838 3894
3065 5034
3406 4399
3561 4208
3584 4178
3531 4247
3571 4241
3263 4701
4850 3122
3679 4119
3593 4254
3888 3912
3412 4501
3801 3997
3311 4697
3726 4086
2972 5382
3425 4528
3233 4935
3684 4183
4025 3811
3742 4131
3217 5000
3471 4484
3437 4619
3700 4232
3502 4512
3859 4049
3646 4334
3587 4419
3120 5301
3645 4350
3525 4503
3615 4406
3467 4677
3780 4210
3088 5433
3268 5115
3703 4321
3794 4221
2543 6727
3203 5286
3636 4491
4023 3954
3611 4557
3435 4875
3756 4322
3499 4757
3575 4652
3455 4877
3787 4317
3187 5416
3813 4289
3749 4378
3757 4368
3350 5187
3778 4386
4264 3837
3209 5488
4268 3852
3599 4773
3596 4797
3786 4429
3529 4915
3818 4403
4541 3680
4122 4006
4076 4058
3791 4480
3601 4885
3805 4483
3608 4940
3609 4939
4435 3805
3585 4972
3976 4233
4046 4155
3873 4445
3401 5390
3735 4712
3651 4947
3854 4522
3698 4826
3214 5771
3934 4413
3648 4987
3748 4766
4510 3834
3696 4910
3701 4920
3877 4596
3991 4364
3115 6012
4103 4266
4243 4145
3770 4902
4311 4073
3656 5154
3942 4565
3916 4632
3702 5075
3507 5473
3879 4784
3707 5116
4037 4489
3597 5447
3898 4842
3987 4617
3984 4628
4292 4273
3788 5157
3495 5719
3861 5035
4130 4477
3928 4905
4006 4699
3752 5299
4204 4414
3962 4871
4356 4277
4072 4629
3310 6069
4119 4569
3450 5860
3900 5063
4060 4682
3994 4832
3872 5132
3866 5173
3760 5397
4317 4421
4563 4170
4048 4860
4507 4252
4087 4815
4042 4945
3878 5330
4051 4932
3639 5779
4450 4338
4055 4949
4175 4723
4327 4510
4031 5025
4207 4718
4344 4505
3959 5213
3825 5482
3943 5271
3784 5577
4315 4595
4106 4923
4239 4709
4162 4851
4062 5047
4127 4941
3373 6360
4063 5070
4118 5013
4302 4744
4094 5095
4068 5128
4190 4956
4230 4903
4215 4933
4685 4327
3852 5643
4442 4608
4177 5073
4272 4930
3905 5611
4520 4539
4524 4530
4146 5131
4749 4339
4323 4881
3993 5438
4250 5015
4073 5312
4871 4272
4257 5044
4408 4788
3914 5701
5195 4096
4170 5212
4447 4758
4165 5234
4284 5042
3368 6780
4410 4831
4490 4720
4466 4778
4528 4693
4426 4847
4064 5439
4107 5387
3909 5778
3390 6833
4514 4752
4354 5020
4822 4415
4217 5252
4295 5119
4495 4822
3895 5846
4712 4599
4189 5374
4430 5004
4157 5440
4273 5279
4140 5465
4201 5411
4132 5506
4255 5328
4361 5198
4399 5127
4388 5170
4692 4746
4032 5738
4604 4861
4116 5613
4306 5348
5093 4393
4722 4765
4485 5089
4019 5802
3935 5978
4358 5318
4297 5421
4710 4840
4248 5493
4498 5139
4570 5072
4096 5786
4703 4958
4735 4914
4139 5750
4580 5120
4143 5758
4274 5586
4276 5588
4533 5214
4618 5109
5149 4560
4320 5579
4773 4990
4156 5817
4596 5222
4667 5124
4794 4988
5240 4525
3968 6142
5109 4698
4182 5851
4133 5930
4099 5986
4349 5657
4787 5105
4671 5266
4600 5379
4932 5011
4629 5365
4691 5316
4626 5395
4422 5641
5730 4255
3957 6408
4431 5653
4614 5435
4517 5563
4418 5709
4313 5854
4798 5278
5153 4926
5221 4849
4342 5857
4429 5772
4267 5982
4855 5285
4909 5240
5268 4883
4443 5793
3767 7199
4791 5414
4745 5470
4593 5680
4519 5755
5241 5010
5077 5182
4587 5727
5136 5141
4979 5305
4761 5551
5336 4937
4941 5370
4497 5828
4221 6196
4384 5976
5647 4588
4088 6448
4412 5960
4985 5373
4820 5542
4984 5383
4535 5835
4277 6174
4598 5799
5148 5245
5172 5233
4807 5595
5332 5069
4405 6029
5112 5331
4195 6398
4928 5519
5145 5334
5273 5192
4167 6526
4539 5953
4844 5649
4840 5660
6231 4219
4865 5633
3955 7123
5219 5347
5088 5460
4900 5658
4345 6274
4730 5819
4689 5861
4782 5785
5343 5235
5072 5544
4660 5946
5771 4751
5032 5612
4778 5862
4451 6226
5430 5227
4721 5933
4801 5855
5802 4791
4802 5866
4743 5941
5281 5425
5337 5386
4966 5742
4913 5794
5001 5733
4592 6116
4759 5954
5066 5710
4769 5977
5050 5723
4341 6571
5159 5661
4736 6042
5313 5541
5069 5776
4688 6111
4303 6724
5139 5741
4643 6163
4624 6203
5012 5829
5960 4811
5572 5327
5060 5825
4058 7455
5173 5777
5141 5803
4312 6861
6165 4642
5418 5550
4326 6902
5716 5244
4673 6313
5058 5920
4454 6662
4724 6250
5291 5754
4854 6119
4686 6353
5142 5919
4869 6145
5401 5690
4832 6184
5028 6009
6500 4514
5100 6000
5439 5732
5146 5996
4531 6729
5079 6049
4748 6430
4353 7167
5510 5705
4750 6497
4888 6322
5316 5914
4933 6282
5605 5645
5065 6151
5137 6099
4987 6247
6317 4895
5134 6131
5692 5593
5375 5899
4417 7202
5301 5990
5210 6114
5302 6020
4886 6483
5121 6243
5081 6280
4830 6602
5097 6304
4784 6691
5783 5615
6919 4575
5057 6369
4739 6815
4515 7239
5299 6106
5117 6319
5492 5942
4952 6533
5555 5878
4806 6726
5710 5751
5202 6265
4657 7015
5257 6210
5006 6503
4999 6543
5171 6379
5143 6412
5102 6449
5277 6267
5365 6165
5330 6220
5236 6373
5297 6297
5119 6547
4414 7713
5135 6529
5061 6612
5111 6583
5421 6161
5670 5925
5274 6437
5073 6692
5029 6733
5034 6756
5961 5726
4375 7997
4589 7642
5062 6820
4713 7398
5020 6862
5779 5935
5965 5757
4393 7995
5438 6321
5276 6552
5217 6638
5167 6705
5665 6064
4946 7063
5318 6541
4585 7737
5896 5875
4123 8465
5756 6066
5248 6800
5168 6927
5138 7008
5308 6770
5345 6694
5095 7127
5358 6684
5991 5913
5523 6464
5721 6217
5320 6810
4851 7616
5552 6495
5623 6409
4715 7861
5397 6798
5357 6880
5837 6200
5630 6500
5372 6910
5882 6171
5250 7183
5189 7311
5618 6569
5992 6074
6125 5971
4902 7773
5581 6675
5775 6404
5444 6920
5293 7201
5381 7030
6522 5712
6639 5624
5857 6317
5744 6476
5205 7421
5590 6717
6042 6088
6284 5900
6170 5998
6041 6101
6652 5668
5067 7649
6283 5924
5423 7053
5789 6462
5340 7250
5914 6306
5354 7245
5405 7138
6461 5818
5382 7219
5053 7735
4828 8061
5390 7254
5553 6935
5738 6652
5627 6856
6031 6269
5719 6720
5809 6599
5879 6512
5877 6536
5568 7057
6044 6284
5591 7019
5598 7031
5793 6776
5348 7607
4819 8317
5850 6737
5532 7339
5150 7961
6011 6519
6198 6285
5076 8082
5441 7560
5931 6677
6213 6326
5853 6898
5907 6788
6177 6424
5891 6843
5778 7029
5471 7626
5636 7340
5805 6999
5727 7187
5527 7557
5333 7864
6128 6537
5637 7408
6032 6681
6080 6616
6756 6010
5852 7026
6048 6667
5827 7096
6697 6055
6705 6062
6122 6641
6163 6592
6026 6797
6357 6416
6180 6605
5886 7085
5952 6996
5929 7052
6120 6725
6281 6560
5267 8205
6377 6465
5968 7054
5404 8025
5906 7188
5569 7800
6474 6415
5917 7180
6269 6646
5761 7516
6342 6613
6124 6883
5679 7689
6004 7092
5607 7836
6980 6105
5993 7177
6744 6258
6107 6963
5819 7532
6248 6812
5839 7521
5995 7232
5759 7674
6339 6723
5515 8090
6008 7276
6441 6631
5482 8155
5484 8149
6108 7089
5848 7599
6468 6642
6335 6840
7378 5988
6376 6794
7473 5948
5766 7795
6382 6809
6326 6892
6290 6945
7250 6084
5847 7725
5932 7576
6168 7156
6167 7163
5937 7600
7161 6202
6061 7387
6710 6565
7137 6234
6414 6913
6051 7438
6855 6485
5858 7806
5376 8429
6250 7178
6196 7267
5483 8368
6021 7641
6071 7550
6480 6958
6112 7493
6228 7343
6068 7615
7644 6030
6119 7543
5450 8452
6098 7624
5959 7874
6548 7075
6252 7507
5718 8304
6123 7696
6363 7385
6506 7216
6695 6985
5919 8088
6603 7145
5732 8349
6779 6951
6524 7289
6127 7797
7513 6337
6494 7352
7051 6825
6617 7305
6508 7427
6101 7943
5782 8376
6221 7854
6467 7608
6915 7137
7540 6530
6578 7530
5686 8483
5725 8470
7627 6466
6045 8194
6088 8137
7207 6871
6404 7775
6412 7770
6675 7495
6351 7856
7236 6893
6219 8036
6868 7332
6267 7996
6148 8141
6097 8212
5967 8377
6370 7931
6273 8074
7400 6848
6380 7956
6607 7715
6332 8037
7243 7074
7110 7264
6037 8378
6796 7625
6262 8199
7031 7400
7248 7151
7254 7191
6365 8147
6787 7693
6591 7911
7129 7395
7037 7523
7164 7391
6072 8430
6144 8404
6311 8302
7109 7541
6401 8216
5980 8489
6465 8171
6937 7741
6481 8201
6658 8051
8051 6647
7287 7508
7557 7230
6804 7974
6966 7847
7432 7389
7227 7611
6894 7942
7553 7297
6881 8030
6858 8069
6923 8035
6724 8213
6567 8385
7328 7753
6694 8306
7547 7567
7889 7229
7631 7511
6986 8144
6595 8425
7803 7445
7192 8087
6901 8313
6642 8433
7417 7924
7308 8019
7994 7364
7683 7757
7325 8116
7860 7633
7285 8166
7349 8130
7975 7566
7967 7582
7819 7732
6853 8450
7341 8182
7370 8167
7840 7746
7590 7976
7348 8195
8270 7240
7361 8283
6561 8518
7455 8227
6880 8487
7445 8255
7800 7937
8061 7681
8025 7748
6786 8501
7556 8235
7194 8435
7607 8246
7923 7981
8104 7798
7659 8238
8075 7853
7025 8495
7587 8312
7802 8187
8229 7723
7558 8365
8003 8016
7691 8316
7816 8260
7750 8337
7842 8277
7731 8369
8062 8120
7790 8350
7859 8321
7488 8476
7838 8442
8141 8310
8286 8300
8052 8474
8331 8482
8275 8534
251449938 1735922398
1
sift 2209
8 11
4 1
5 3
89 88
54 45
11 12
83 77
49 50
14 14
143 114
68 65
24 20
191 102
65 62
27 23
142 190
111 96
43 26
174 151
94 104
66 58
189 195
253 200
67 57
223 173
126 125
73 67
221 188
273 237
78 70
243 208
140 141
80 66
305 246
390 303
81 78
283 218
161 157
101 92
292 259
427 316
103 94
264 297
179 158
104 105
401 238
454 411
120 95
339 243
233 196
144 115
325 325
472 456
153 113
350 267
297 239
145 121
349 315
488 448
139 129
322 296
337 219
152 126
377 342
557 445
163 136
422 328
290 260
171 132
509 397
554 460
182 137
481 313
379 304
184 148
529 424
537 472
198 143
464 409
419 339
193 153
508 462
581 523
208 149
669 414
408 352
175 177
658 612
605 536
201 181
606 556
500 381
247 165
767 591
610 548
192 189
666 522
524 369
227 175
811 581
630 586
244 182
784 553
679 477
235 198
748 720
675 558
262 185
846 705
596 549
228 207
866 654
730 596
239 224
879 686
653 527
261 203
894 704
781 665
249 217
1023 617
751 532
260 210
738 854
854 631
265 221
989 657
645 651
275 216
909 730
878 655
271 227
971 696
793 695
307 204
924 750
953 711
269 235
817 848
1008 579
272 232
850 838
1150 615
317 206
954 798
856 733
302 211
1002 971
930 772
281 234
956 1009
858 810
284 251
981 1021
919 799
277 265
1204 817
944 801
319 233
1078 910
1010 823
355 242
1040 942
1004 773
321 273
1200 849
1032 845
364 252
1271 842
959 858
256 359
1257 988
1177 869
353 270
1120 993
1109 743
316 300
1107 1103
1265 835
332 283
1162 999
935 933
342 279
1308 1003
1168 903
313 323
1394 872
1128 811
358 287
1419 1114
1189 915
384 271
1282 954
1043 883
392 282
1487 1181
1241 1008
395 290
1625 1097
1235 797
368 312
1601 1123
1251 1011
335 346
1512 1188
1076 991
406 294
1442 1244
1246 1027
393 307
1437 1247
1092 1054
404 302
1280 1550
1080 1213
448 278
1611 1225
1367 876
352 365
1703 1178
1321 1044
430 330
1443 1405
1190 1010
399 363
1456 1440
1242 1126
432 343
1603 1258
1295 912
453 340
1498 1452
1240 1134
467 329
1614 1401
1289 1039
396 407
1575 1488
1183 1206
457 354
1660 1449
1166 1171
478 336
1653 1472
1336 1089
443 370
1802 1352
1364 1111
446 366
1832 1366
1343 1141
463 387
1741 1431
1440 1082
447 402
2043 1279
1813 900
461 400
1491 1802
1761 923
492 367
1825 1495
1270 1217
484 379
2077 1420
1377 1144
462 410
1795 1634
1290 1259
459 419
1733 1724
1347 1173
490 390
2169 1525
1675 1030
515 371
1664 1875
1492 1116
476 428
2267 1503
1429 1272
479 438
2026 1752
1513 1142
527 399
2316 1584
1579 1195
522 403
1681 2151
1373 1281
502 421
1974 1914
1470 1316
551 380
2359 1574
1370 1290
543 395
2101 1915
1564 1334
525 417
2306 1663
1561 1146
530 418
1985 2086
1533 1376
526 439
2156 1951
1912 1168
528 437
1960 2153
1807 1231
574 426
2020 2108
1751 1306
550 452
2225 1937
1996 1275
601 431
1944 2254
1676 1433
563 459
2314 1919
2117 1391
633 427
2464 1867
1926 1368
549 464
2113 2240
2446 1361
555 466
2427 1928
1857 1516
569 475
2474 2023
2147 1601
567 491
2342 2058
1867 1594
572 505
2611 1923
2368 1530
670 454
2463 1975
1961 1554
594 492
2689 1926
2067 1810
625 494
2437 2041
1941 1723
639 483
3111 1912
2105 1773
662 469
2509 2094
1908 1757
646 480
2447 2319
1896 1966
638 490
2826 2016
2039 1684
632 501
3243 1997
2120 1807
618 517
3292 2067
1729 2033
566 546
3072 2267
2132 1800
539 582
3039 2181
2091 1703
588 533
3094 2307
1956 1973
700 467
3009 2572
2161 1790
642 531
3011 2953
2100 1832
637 537
3108 2512
2115 1840
707 488
2985 3091
1970 1991
647 544
3824 2471
2235 1941
648 600
3637 2728
2257 1917
808 504
4212 2321
2229 1943
779 516
3336 2972
2432 1872
804 511
3100 3095
2280 1962
657 598
2957 3616
2485 1873
684 569
3549 2771
2197 2140
837 513
3225 3491
2559 1858
660 628
3657 2765
2315 2091
573 774
4765 2616
2428 1985
742 587
3591 2983
2503 2007
820 551
4790 2685
2379 2155
762 588
2994 3633
2376 2126
832 554
3837 3422
2399 2341
769 606
3469 3252
2369 2161
773 604
4583 2838
3124 1955
801 599
3832 3110
2420 2113
814 594
3902 3485
2840 2270
736 649
3912 3092
2549 2089
739 671
3374 4026
2888 2243
780 660
4160 2949
3341 1877
728 687
4052 3490
2663 2419
897 605
4638 2688
2607 2237
868 620
4903 3228
2874 2381
796 675
4222 3876
2640 2475
699 763
5042 3342
3076 2374
892 629
5294 3326
2637 2508
902 634
4304 3920
3013 2404
1195 520
5264 3407
3314 2253
943 607
4986 3798
3112 2523
680 831
4318 4010
3440 2245
755 748
5632 3487
2857 2800
882 662
4509 3903
3170 2384
831 693
4234 4537
3227 2596
847 682
4340 4452
3152 2405
1095 550
5496 3945
3007 2908
840 758
6492 3216
3031 2480
1037 648
5407 4036
3267 2739
990 680
4860 4297
2975 2551
973 694
4770 4505
3269 2814
777 895
5124 4122
2673 2822
906 771
5049 4395
3685 2527
1001 702
4897 4386
3086 2507
855 821
6369 3636
3418 2795
1298 575
4403 4890
3220 2581
810 880
5563 4542
3492 2860
1014 723
5400 4191
3198 2640
974 752
5611 4871
3960 2495
1075 684
5156 4411
3379 2623
945 782
4446 6170
3569 2935
812 930
5394 4223
3204 2842
916 840
5862 5396
3330 3155
788 1000
4914 4696
3764 2525
833 960
5871 5452
3721 2809
1057 734
4017 5990
3312 2883
997 779
8129 4025
3486 3043
994 792
5201 4628
4796 2144
898 934
6316 5271
3137 3418
1124 753
5385 4570
3915 2476
982 859
6973 4947
3449 3162
942 911
6111 4093
4002 2456
1015 852
6140 5575
3660 2978
1247 718
4696 5594
3555 2889
1108 793
6653 5240
3605 3085
965 940
5722 4614
3504 2931
1082 832
6907 5194
3868 3073
1126 808
4355 6224
3820 2682
1228 768
6928 5189
3951 2986
1103 855
6739 4050
3547 2927
1070 916
7205 5020
3869 3441
1065 937
5824 4741
3598 2934
1294 787
6431 5496
4026 3272
1151 861
4945 5817
3731 3286
1146 868
6216 5803
4602 2849
1138 901
6058 4761
3897 3353
1074 976
6462 5695
4228 3132
1179 882
6962 4338
4085 3146
1097 969
6393 5795
4300 3109
1157 924
5440 5627
4460 3001
1205 896
6942 5686
4220 3435
1187 907
5942 5165
4029 3404
1139 965
5764 7330
4246 3493
1081 1031
6218 5520
4654 3027
1185 932
6981 6075
4611 3374
1259 889
6389 5546
4236 3331
1276 879
7196 6023
4492 3473
1192 943
6708 5429
4233 3371
1272 892
6313 6938
4862 3315
1243 931
6355 5722
4364 3424
1520 807
6913 6422
4287 3751
1277 922
5608 6713
4374 3428
1297 918
6933 6436
4927 3498
1371 894
7549 5171
4559 3299
1484 841
6785 6893
5285 3472
1286 955
7027 5485
4036 3781
1266 972
7337 6643
4286 4067
1279 990
6839 5601
4423 3501
1275 995
7640 6370
4951 3778
1148 1070
6408 5972
4645 3436
1145 1080
7201 6913
3952 4842
1283 1001
5696 7051
6609 2553
1248 1036
8026 6186
4948 3858
1358 966
6990 5670
3850 4263
1292 1004
7697 6557
4938 4190
1278 1015
8126 5107
4771 3514
1446 908
7661 6597
4962 4173
1262 1038
6747 6096
4621 3617
1144 1107
7948 6372
4440 4638
1414 941
8086 5297
4363 3789
1318 1012
8093 6339
5571 3816
1252 1065
7160 5899
5127 3505
1332 1037
7440 7028
5610 3793
1387 1020
7241 5834
4845 3684
1182 1143
7113 7463
5478 3950
1399 1026
7029 6031
4401 4004
1325 1053
7393 7219
5501 3979
1223 1135
6022 7189
5495 3466
1323 1062
8357 6140
5177 4305
1238 1124
7206 5926
4627 4007
1312 1072
7225 7688
5013 4497
1451 1013
6759 6346
5125 3827
1337 1075
7835 7363
5017 4669
1386 1064
7401 5908
5216 3819
1490 1025
8210 7372
4683 5036
1305 1122
5648 8032
5863 3644
1122 1300
8097 8025
5237 4533
1349 1095
6948 6805
5184 4057
1411 1084
8365 7781
4841 4933
1159 1321
7517 6375
4846 4398
1567 1035
5803 4137
1514 1057
7350 6538
4281 5058
1301 1170
4254 5671
1384 1145
7977 5999
4837 4575
1352 1182
5613 4341
1326 1210
7898 6151
5493 4230
1288 1245
5558 4509
1452 1133
7774 6274
4982 4697
1509 1098
5790 4307
1428 1163
8132 6723
4622 5091
1331 1227
5415 4789
1368 1211
8235 6632
4917 4860
1631 1051
6138 4196
1493 1140
7681 7443
5039 4787
1416 1185
5473 4911
1112 1502
8252 7036
4960 4877
1639 1056
5191 5247
1475 1154
8120 7295
5045 4797
1374 1252
5644 4986
1320 1296
8167 8038
6162 3963
1522 1151
5740 4885
1523 1157
5470 4765
1449 1204
5511 5236
1237 1423
5417 4894
1459 1218
5436 5409
1637 1104
5524 4935
1618 1131
6185 4654
1431 1274
6415 4242
1339 1360
6202 4691
1393 1313
5806 4817
1474 1241
5830 5088
1517 1215
6052 4582
1502 1238
5946 5068
1605 1164
6558 4389
1505 1253
6303 4782
1525 1234
6225 4677
1503 1262
6574 4737
1483 1283
5918 4991
1752 1101
6027 5301
1783 1091
5556 5438
1293 1485
6184 5213
1536 1277
6646 4516
1563 1255
5631 5911
1212 1600
6272 4869
2000 1043
7143 4849
1556 1270
5669 5547
1497 1331
6707 5260
1482 1339
7525 4232
1469 1353
7230 5069
1886 1079
5788 5478
1486 1351
6829 5596
1504 1356
6837 4711
1546 1320
7598 5183
1400 1482
6145 5544
1570 1326
6308 6042
1688 1220
6661 5201
1817 1155
5753 6876
1602 1310
7909 4491
1584 1330
6956 5602
1672 1254
6890 5312
1415 1509
7264 5474
1600 1337
5925 6147
1610 1345
6736 5766
1671 1303
6703 5502
1607 1412
6892 5825
1661 1349
7056 5335
2028 1149
6732 6040
1971 1172
6540 5679
1684 1357
5680 7536
1858 1230
6063 6135
1775 1291
6918 6017
1638 1426
7735 5172
1616 1466
6952 6142
1686 1403
7150 5530
1692 1409
7671 5647
1739 1364
7279 5481
1598 1496
7121 6052
2057 1192
6899 5823
1762 1374
6774 6405
1651 1508
6478 6267
2227 1166
6718 6527
1845 1363
6818 5969
1696 1469
7765 5723
1682 1484
6189 6621
1723 1454
7166 6369
1566 1602
6416 6477
1790 1415
7124 6577
1796 1413
7190 5998
1531 1648
7272 6485
1818 1400
7326 6229
1852 1378
7204 6565
1804 1414
7278 6304
1934 1333
7499 6385
1585 1599
7395 6228
1979 1315
7333 6605
1982 1328
7233 6374
2066 1293
6993 7067
1385 1945
7609 6118
1759 1501
7527 6628
1679 1564
7830 5994
2022 1354
6897 7397
1794 1499
7130 6625
1709 1587
7915 6509
1814 1506
7258 6506
2279 1257
8198 6466
2352 1223
7053 6727
1797 1553
8042 6733
1800 1549
7841 6120
1738 1614
7720 7139
1648 1729
6974 6918
1822 1565
8090 6910
1949 1497
6932 7188
1809 1593
7734 7787
1749 1631
6001 8106
1746 1641
8123 7473
1753 1642
7072 7183
1991 1491
7033 8157
1989 1492
7925 6415
1869 1559
8342 7377
1767 1644
6615 7839
1988 1500
8047 7894
2092 1442
6844 7676
1892 1555
8232 7980
2102 1455
8143 6554
2252 1386
8303 8026
1785 1651
8021 7091
1900 1563
1799 1646
7478 7739
1930 1561
1906 1583
8066 7155
1792 1679
1793 1681
8222 7145
1885 1609
2061 1515
8278 7235
1995 1546
2264 1418
7974 7715
1826 1673
1827 1677
8328 7309
1923 1616
2082 1526
8335 7275
1828 1690
2018 1567
7165 8169
1954 1615
1805 1736
8267 7820
2110 1527
1841 1701
8401 7789
2088 1560
1915 1674
2030 1607
2094 1569
1973 1656
2182 1535
1937 1685
1925 1697
1931 1707
1910 1735
2824 1297
1955 1709
1897 1763
1758 1896
2097 1618
2269 1528
2245 1538
2124 1625
2380 1487
2148 1624
2103 1658
2068 1683
2009 1737
2021 1739
2090 1687
1811 1949
2098 1688
2150 1666
2134 1676
2036 1761
1997 1805
1889 1891
1863 1978
2284 1639
2207 1695
1977 1874
2017 1862
2248 1689
3304 1332
2135 1798
2165 1784
2448 1595
2217 1770
1932 2038
1962 2036
2008 1992
2458 1636
3000 1471
2131 1910
2320 1781
2712 1575
2179 1898
2259 1842
2347 1772
2158 1963
2228 1882
2202 1918
2326 1828
2055 2114
2302 1855
2192 1990
2422 1785
2311 1890
2167 2047
2220 2001
2336 1883
2226 2013
2754 1659
2585 1742
2249 2014
1958 2312
2154 2125
2238 2049
2400 1880
2416 1861
2381 1904
2590 1776
2289 2048
2370 1961
2441 1905
2765 1744
2263 2120
2401 1987
2351 2028
2256 2133
2570 1849
2283 2119
2211 2182
2513 1909
2728 1794
2334 2093
2944 1741
2239 2202
1879 2636
2967 1747
2984 1749
2230 2257
2333 2184
2696 1906
2276 2261
2557 2024
2548 2031
2344 2200
2539 2072
2435 2147
2691 1974
2735 1942
2625 2027
2337 2265
3617 1669
2718 2044
2853 1977
2934 1960
2562 2175
2814 2040
2717 2102
2644 2157
2923 2003
2807 2082
3098 1940
3114 1933
2324 2426
3249 1878
3285 1868
2842 2088
2600 2222
2624 2224
2731 2164
3055 2009
2812 2142
2667 2232
2955 2092
2040 3055
2599 2314
2634 2287
2748 2214
2355 2528
2573 2348
3154 2060
3590 1869
3101 2106
2700 2298
2666 2336
2500 2435
2605 2367
2705 2323
2906 2190
2802 2273
2440 2506
3096 2137
2777 2296
3071 2152
3494 1971
2882 2231
3073 2158
2766 2327
3088 2168
2997 2191
3113 2171
2823 2317
3002 2211
2375 2698
3035 2207
3758 1901
2894 2302
2936 2292
2454 2642
3042 2246
3083 2236
2916 2334
3187 2212
3197 2233
2773 2421
2443 2760
2753 2438
3027 2326
3311 2197
3596 2099
3283 2216
2684 2524
3351 2205
2827 2433
3568 2141
2958 2387
2703 2574
3406 2241
2861 2464
2785 2549
3680 2134
3365 2310
2968 2452
3087 2417
2679 2735
2960 2484
2917 2539
2903 2561
3125 2448
3586 2262
3578 2277
3052 2510
3149 2457
3172 2450
3078 2521
4213 2030
3777 2219
2877 2702
2900 2673
2969 2637
3132 2535
3407 2395
3462 2376
3245 2488
3178 2545
3305 2455
3352 2443
3506 2368
3318 2453
3499 2380
2676 3005
3182 2569
3208 2547
2872 2817
3235 2559
3323 2516
3202 2621
3179 2649
3106 2726
3533 2430
3018 2784
3601 2418
2982 2821
3340 2591
2897 2923
3289 2632
3264 2658
2843 3025
3308 2645
2736 3156
3194 2751
3213 2740
3222 2743
3057 2874
3325 2666
2671 3288
2730 3202
3332 2665
3339 2668
3347 2672
3081 2888
3294 2725
3161 2815
3139 2870
2963 3017
3522 2585
3981 2344
3091 2955
3530 2614
2879 3149
3417 2701
4341 2226
3619 2588
2800 3294
4191 2289
3508 2662
3864 2431
3501 2681
3692 2546
3645 2598
4139 2333
3473 2744
3852 2469
4435 2244
3531 2750
3895 2483
3615 2720
3767 2608
3277 2998
3722 2630
3192 3090
3649 2710
3456 2851
3467 2836
3410 2902
3505 2832
3397 2939
3444 2932
3588 2820
3696 2738
3955 2542
3513 2894
3500 2906
3510 2911
3575 2853
3646 2806
3690 2792
3442 3010
3963 2577
4260 2413
3162 3303
3638 2879
3738 2780
3320 3170
3752 2808
3609 2967
3461 3099
3563 3006
4337 2445
3726 2872
3593 3008
3788 2829
3566 3048
3464 3148
3369 3276
3817 2844
3684 2968
3468 3165
3652 3018
4144 2602
4167 2600
3190 3481
3584 3108
3854 2863
3671 3074
3097 3596
4352 2541
3537 3200
3688 3088
3757 3019
3873 2926
3502 3279
3384 3413
4224 2652
3781 3034
4507 2504
3794 3031
3571 3264
2787 4009
3804 3039
3641 3222
3707 3142
4008 2858
3663 3226
3561 3336
3643 3281
4031 2893
3898 3032
3625 3319
4343 2683
3677 3282
3416 3529
3611 3375
4685 2544
3749 3241
3959 3024
3838 3134
3128 3802
3984 2977
3770 3238
4089 2905
4159 2866
3146 3811
4195 2835
4099 2916
4118 2903
3700 3321
4068 2941
3756 3302
4133 2933
3093 3922
3933 3141
3728 3357
4289 2846
4475 2742
3737 3381
4011 3100
3792 3340
4055 3064
4660 2670
4201 2950
4058 3070
4119 3021
3648 3511
3526 3612
3882 3298
4422 2812
4489 2797
3976 3175
4188 3009
4019 3150
3888 3328
4347 2913
4953 2612
3990 3211
3974 3235
4101 3125
4255 3030
4051 3209
4252 3054
3765 3522
4552 2839
4430 2930
4132 3151
4116 3166
5307 2543
4194 3122
3618 3703
3940 3392
4127 3204
4200 3143
3906 3460
4230 3135
4405 3012
4063 3293
4182 3193
2966 4448
3654 3736
4165 3249
3905 3499
4012 3390
4040 3382
4587 2966
3603 3849
3597 3860
4292 3224
4276 3245
4189 3306
4443 3106
4534 3047
4114 3394
3918 3590
4162 3369
4177 3377
4179 3372
4064 3482
4215 3361
4325 3289
5085 2833
4142 3450
3608 3980
4146 3470
4464 3234
4510 3195
4197 3476
3514 4133
4643 3140
4223 3465
3773 3886
4949 3002
4456 3311
4309 3434
5267 2895
4371 3433
4245 3521
4082 3654
4262 3523
4175 3600
5548 2794
4433 3420
4249 3548
4250 3549
4327 3502
4490 3400
4625 3312
4992 3103
4743 3255
3829 3967
3810 4002
3827 3986
3826 3987
3600 4290
4472 3459
4426 3488
3957 3871
4358 3547
4315 3568
4512 3437
5182 3075
4598 3399
5756 2766
4024 3812
4497 3478
4207 3685
4910 3248
4686 3380
4217 3731
4071 3822
4399 3584
4239 3723
4629 3451
4339 3641
4419 3575
4388 3607
3699 4311
4338 3668
4414 3604
4851 3351
4868 3347
4429 3606
4272 3761
4092 3883
4961 3346
4599 3545
4560 3576
4768 3479
4930 3398
4600 3579
4377 3741
4924 3412
4802 3484
4517 3642
4633 3572
4580 3623
4570 3625
5572 3084
4759 3543
3376 5132
4077 4043
5071 3414
3786 4449
4018 4119
4032 4107
3785 4488
4439 3784
3978 4201
4577 3718
3762 4615
4278 3951
4716 3697
4618 3763
5532 3274
4657 3749
5072 3534
4690 3754
4269 4048
4242 4070
5131 3540
4806 3717
4913 3650
4984 3620
5194 3530
4735 3776
3730 4851
3576 5144
4500 3907
5088 3592
4593 3854
5733 3251
4987 3657
4704 3808
4888 3745
4070 4384
4477 3977
4702 3837
5239 3570
4527 3947
5276 3564
5178 3632
4907 3769
4933 3757
4148 4351
4688 3877
4746 3862
6857 2826
5988 3190
4528 4016
4390 4144
4798 3850
4756 3887
5293 3627
4081 4517
4781 3888
5621 3461
5448 3559
4667 3996
3995 4716
4722 3952
4761 3944
5029 3800
5171 3768
6292 3129
6088 3253
4596 4098
4672 4047
4495 4185
6004 3320
4812 3965
4344 4376
4471 4243
5028 3861
5372 3720
4415 4337
5317 3775
6656 3082
5438 3716
4915 3969
4524 4267
6131 3341
4854 4044
4206 4676
4801 4078
5707 3581
4576 4269
6273 3301
5308 3836
4673 4248
6463 3244
5135 3943
4906 4082
5062 4008
5100 3998
5428 3807
4466 4471
7622 2876
5598 3744
4773 4229
4929 4105
4898 4138
5330 3894
6005 3526
4592 4433
5058 4073
4563 4483
5240 4013
4642 4437
4548 4531
4483 4608
5432 3913
4310 4868
4999 4194
4794 4358
5221 4064
4912 4301
5321 4061
5023 4270
5894 3753
5001 4319
5206 4204
5074 4275
5204 4208
4503 4792
5052 4293
5579 3938
5660 3889
5662 3897
4265 5166
4782 4562
5117 4309
5754 3875
5332 4176
3543 6651
5077 4379
4504 4950
5409 4172
6328 3653
5207 4367
4537 5013
4610 4940
5366 4304
5154 4474
6045 3829
5421 4273
5856 3954
5411 4295
5491 4239
5343 4377
5591 4183
5637 4164
5050 4645
5141 4584
5250 4510
5441 4353
5793 4066
4998 4724
5472 4342
5550 4280
5636 4225
5342 4458
5181 4643
5244 4601
5804 4125
5502 4382
4783 5046
5746 4197
5457 4431
5618 4289
5217 4661
5721 4216
5785 4165
4990 4850
4886 4957
5562 4365
6746 3721
5163 4810
5594 4422
5718 4333
5833 4250
5839 4253
5568 4500
5198 4861
5553 4511
5604 4466
5355 4715
5738 4371
4865 5212
6221 4022
6257 4019
5401 4721
6040 4152
6336 3997
5173 4995
7162 3711
4871 5252
5565 4593
5533 4633
5168 5022
5908 4300
5630 4557
6412 3991
5286 4990
6902 3842
5778 4482
6814 3869
5139 5142
5297 5010
5853 4451
5719 4620
5433 4972
5975 4435
5539 4876
6654 4021
5420 5001
5063 5378
5957 4468
5609 4832
5040 5419
6490 4140
5376 5118
5702 4791
6155 4363
5255 5295
6122 4399
5708 4801
5995 4530
5545 5031
5273 5307
5800 4734
5211 5388
5607 4960
6011 4538
5876 4679
6069 4493
5731 4844
5692 4897
5423 5203
5773 4840
5638 5024
5898 4749
5627 5054
5419 5265
6171 4507
6264 4454
5430 5330
5883 4866
6102 4639
6179 4576
5973 4779
4941 5790
7412 3956
5848 4955
5979 4803
6311 4549
6110 4709
6127 4707
5961 4886
5080 5764
5712 5174
6148 4708
6335 4580
5661 5245
4742 6195
6749 4328
4909 5997
6125 4758
5383 5529
6372 4578
6468 4504
5289 5633
7351 4085
5784 5143
5484 5465
6290 4664
6198 4733
5939 5004
6134 4796
6949 4294
6281 4719
5555 5442
5932 5093
6034 5005
5710 5374
5879 5184
6781 4450
6170 4914
6507 4663
6047 5052
6092 5009
6071 5051
6971 4438
6020 5127
6031 5124
6137 5035
7067 4419
6068 5098
6090 5077
6880 4521
6655 4665
5927 5282
6509 4784
5936 5319
6330 4981
6350 4974
6014 5272
6705 4740
6548 4862
6153 5198
6688 4806
6832 4723
5951 5423
6591 4917
6446 5034
6343 5112
6552 4953
6675 4891
6261 5215
6724 4841
5963 5472
6886 4769
6006 5457
6226 5267
6401 5133
6950 4772
6385 5177
6318 5242
7110 4702
6178 5358
6436 5148
5822 5701
6252 5323
5016 6795
6123 5449
6524 5146
6394 5257
5623 6019
6023 5578
6319 5379
7248 4739
5765 5882
6203 5444
6769 5055
6729 5087
6366 5372
6224 5467
7506 4632
7613 4588
5503 6353
7764 4529
6351 5428
6567 5289
5356 6617
6603 5276
7127 4948
5870 5886
7075 4989
6730 5199
6914 5101
5672 6201
6395 5479
6377 5494
6269 5583
6117 5707
6986 5131
6692 5331
5769 6183
7328 4942
6347 5580
6765 5290
8104 4464
6024 5877
6353 5604
7108 5137
7305 5019
7309 5014
6032 5900
6858 5359
7159 5159
5834 6244
6550 5534
6487 5587
7122 5243
6245 5798
7732 4873
6042 6063
7562 5002
6424 5740
6564 5659
7138 5349
7153 5369
6628 5642
6607 5693
6256 6033
6340 5929
7824 5003
6488 5802
7415 5274
7497 5238
7624 5155
6834 5631
7555 5234
6219 6148
6905 5621
6773 5683
7102 5511
7370 5401
7359 5413
6442 6025
6909 5690
7316 5455
6719 5818
6248 6310
8015 5094
8170 4973
7363 5506
6787 5846
6060 6633
7411 5497
7709 5345
6338 6313
7026 5738
7741 5338
6209 6480
5976 6838
7667 5414
7900 5264
6397 6305
6578 6139
7038 5800
6623 6133
6767 6005
6930 5887
7109 5770
7090 5776
6107 6734
6386 6395
6244 6589
8202 5111
7878 5391
6999 5892
7133 5815
7331 5694
6992 5955
8051 5300
6882 6072
5771 7510
7839 5462
6506 6429
7213 5840
6693 6270
7752 5540
7626 5613
8270 5151
6633 6373
7232 5896
6418 6653
7920 5490
7705 5614
7504 5733
7398 5791
7377 5812
7172 5974
6360 6762
7628 5684
6337 6861
8044 5482
8227 5404
7336 6010
7866 5645
7560 5828
6713 6541
7674 5763
7797 5688
7663 5771
7012 6301
7864 5655
6073 7370
8244 5408
6465 6832
7595 5855
6663 6669
7603 5849
5953 7620
7620 5857
7125 6284
7017 6384
7923 5711
6800 6614
7533 5992
7276 6205
7441 6085
7339 6155
7455 6088
7175 6330
7960 5717
7373 6171
7268 6263
6915 6579
7061 6468
7558 6067
7136 6469
7981 5772
7690 6016
7650 6053
8221 5617
7171 6493
8059 5750
7290 6407
7209 6479
7389 6333
7177 6535
6850 6837
8158 5714
7414 6340
6828 6875
7366 6390
7538 6315
8036 5904
8091 5861
8209 5765
7796 6173
7051 6882
8037 5978
6525 7464
7406 6587
6810 7216
7629 6472
7567 6519
7579 6512
7883 6280
7419 6720
7318 6807
7597 6549
7240 6894
7553 6598
6638 7562
7532 6684
7689 6544
8347 5761
7871 6399
8274 5934
6582 7711
7803 6504
7728 6581
7659 6671
7945 6400
7547 6788
8273 6065
8253 6145
7457 7015
7856 6630
6958 7580
7679 6873
7966 6604
7842 6729
8048 6521
7425 7200
7623 7039
8186 6441
7700 6975
7615 7078
8000 6718
7809 6909
7074 7682
8067 6683
7729 7043
7699 7098
8115 6680
7991 6834
7760 7084
7882 6981
7400 7489
7683 7252
8136 6750
6983 7920
8216 6662
7812 7148
6704 8068
7693 7308
8092 6846
8063 6892
7954 7049
7780 7250
8276 6611
8169 6804
8250 6714
8099 6983
7843 7327
8130 6963
7874 7311
7446 7719
7403 7745
8147 6949
8111 7034
7768 7471
7931 7326
7851 7407
7827 7440
7795 7474
8308 6770
7829 7537
7913 7480
8019 7387
8135 7224
7789 7639
8194 7150
8263 7003
8346 6858
8213 7263
8272 7186
8230 7315
7987 7673
8305 7193
8159 7519
8032 7696
8326 7281
8395 6739
8208 7710
8025 7967
8121 8110
8355 7814
8354 7856
8108 8151
8403 8176
251449938 1923562747
1
sift 155
221 127
273 151
249 123
265 146
1825 999
645 316
352 208
460 280
3292 1147
793 436
563 225
638 358
7530 2565
1241 576
618 412
797 612
1032 669
1349 620
1183 691
1150 854
1411 797
1118 959
1470 931
1384 920
1682 936
1564 1024
1827 1038
1429 1100
2503 1151
1930 1028
2135 990
2428 1184
2347 1010
2090 1106
2257 1293
2717 1058
2683 1139
2888 1287
2458 1347
2916 1308
2940 1393
2435 1570
2644 1503
2610 1525
2666 1543
3112 1400
3007 1686
2573 1588
2665 1549
3555 1726
2226 1779
2798 1580
3449 2082
2960 1534
3132 1546
3527 2049
2982 1597
3083 1601
3660 2010
2802 1704
3320 1647
3492 2092
2773 1846
3500 1690
3951 1912
3339 1743
3161 1934
4219 1889
3848 1762
3641 1872
4246 1973
3804 1941
4338 1792
3330 2388
4059 1898
4309 1844
4582 1942
3838 2061
4019 2050
4473 2004
4371 1995
4223 2067
5285 1921
3699 2425
4363 2186
4026 2340
4527 2169
4961 2125
4627 2218
4146 2386
4951 2162
3944 2537
4812 2236
4262 2412
4948 2282
4389 2534
4471 2536
4449 2642
5876 2200
5558 2342
5753 2410
4249 2777
5417 2787
5587 2953
4998 2984
5204 3105
5237 3236
5661 2882
6232 2758
6932 3018
5419 3504
6145 3308
5925 3446
5936 3572
6890 3405
6736 3555
7040 3484
7623 3307
7395 3432
6729 3817
8042 3260
7056 3656
6781 3909
7831 3497
5788 4468
7366 3751
7264 3727
8267 3406
6628 4043
7700 3676
7279 4710
6247 4515
6992 4190
8303 4114
7171 4124
7136 4215
6897 5143
6633 4514
6915 4529
7333 4863
7780 4140
7705 4188
7072 5663
7209 4587
6925 5028
7659 4540
7851 4492
7189 4965
8263 4230
7017 5255
7857 4837
8245 4836
8115 5021
7962 5626
8080 5613
