289351068 626637720
1
sift 1098
55 39
39 24
35 22
348 161
54 38
45 26
57 42
79 64
50 33
372 201
125 72
52 37
389 213
198 109
65 49
401 229
276 158
84 59
534 320
249 108
97 57
573 306
296 159
90 60
715 290
288 119
118 61
609 339
358 220
115 66
692 403
422 209
107 69
783 377
450 230
148 88
705 433
519 187
179 86
834 393
410 332
143 98
754 417
509 335
168 93
752 450
570 323
186 87
896 443
685 292
209 100
1019 447
542 348
183 113
854 595
836 289
201 112
1171 512
790 308
211 115
1265 575
591 414
220 117
1063 608
956 370
229 140
1017 873
1165 408
258 136
1432 685
1069 481
273 145
1412 715
1208 478
282 153
2100 568
1086 513
283 152
1331 863
947 597
310 170
1498 933
844 723
349 164
1649 905
1220 525
290 194
1517 1054
1097 582
363 162
1709 955
988 646
330 175
1661 1011
1404 496
332 178
1943 995
1022 648
302 199
1798 1073
1192 780
336 183
1810 1108
969 918
355 176
1787 1113
1325 757
308 208
1971 1052
1344 807
339 192
1851 1145
1766 644
314 216
1721 1256
1699 686
359 191
2104 1096
1450 778
378 182
2476 919
1731 801
371 197
1864 1329
1425 858
369 212
1854 1441
1422 916
388 205
2119 1446
1382 945
374 237
2156 1435
1841 791
394 241
2295 1437
1393 958
415 238
2223 1542
2136 739
455 215
2462 1428
1173 1231
399 274
2688 1369
1653 1026
472 233
2727 1474
1708 1167
513 211
2414 1610
1997 1020
411 287
2377 1647
1703 1202
435 271
3036 1431
1936 1115
491 266
2825 1521
1890 1154
484 276
2656 1606
1791 1229
477 284
2868 1587
1462 1455
500 269
2716 1688
2069 1134
662 226
2824 1693
1734 1459
563 264
2751 1736
2057 1189
501 298
2922 1678
2666 1068
487 315
3374 1539
2387 1420
733 240
2880 1764
2130 1663
735 245
2788 1862
2875 1260
517 316
2787 2042
2332 1570
452 374
2756 2098
3066 1233
524 326
2973 1965
2552 1485
529 334
2621 2183
3504 1121
567 343
3167 1887
3361 1331
537 363
3921 1676
2528 1468
651 331
2805 2255
2510 1618
634 338
3772 1787
2759 1528
599 344
4346 1898
2807 1607
581 361
3923 2113
2379 1960
608 364
3844 2271
2649 1783
594 368
3403 2622
3104 1592
660 350
3773 2466
2846 1719
587 378
4200 2440
2416 2019
612 373
3720 2718
2627 1874
553 422
4034 2554
3350 1573
744 349
3502 2986
2861 1837
641 395
4137 2631
2972 1773
635 404
5223 2257
2845 1944
769 355
4374 2617
3013 1779
671 410
4337 2691
3589 1593
700 402
3789 3057
3327 1759
588 451
3886 3054
3181 1856
678 419
4639 2855
3059 2089
751 389
4270 2997
3109 2083
884 359
4997 2884
3180 2132
521 532
4880 3186
3263 2196
791 409
7122 2329
3927 1868
865 420
4623 3330
3909 1998
779 454
6770 2646
4280 1795
991 382
5422 3158
3691 2143
719 484
5033 3399
3418 2243
806 472
5360 3591
3090 2574
980 415
5207 3707
3784 2193
820 476
5568 3542
3447 2403
949 445
5706 3526
4076 2176
998 432
6141 3420
3443 2568
908 456
5328 3900
4070 2203
636 630
6873 3282
3733 2442
767 536
5781 3622
3738 2372
818 503
5867 3610
3613 2537
773 545
5225 4245
4214 2304
889 480
4919 4542
3381 2923
872 487
5424 4081
4615 2278
1400 372
5695 3887
4187 2550
954 464
5792 3923
3994 2608
848 517
4769 4875
3781 2809
876 508
6329 3764
3989 2781
1004 468
6199 3939
4128 2709
913 493
5712 4237
4272 2735
911 501
6310 3949
4651 2637
869 551
5825 4356
4247 2797
968 500
6512 4085
5378 2397
1188 461
5449 4753
5009 2527
870 560
7215 3731
3050 4039
1296 439
6443 4307
4738 2685
860 569
6644 4385
4055 3212
887 563
6801 4398
5018 2564
1054 505
6746 4961
4195 3131
1203 483
6258 5263
4984 2653
943 591
7431 5219
5837 2407
725 809
7443 4422
5393 2484
909 620
7458 5998
4151 3240
1033 570
5961 2553
1001 581
4708 3157
1123 543
4967 3002
958 612
4692 3208
1025 585
5215 2972
1130 554
4897 3187
1066 592
5177 3005
977 641
4952 3255
1018 615
6241 2711
1363 504
5276 3118
993 647
4950 3334
1199 577
4714 3464
1021 658
5111 3298
1122 610
5123 3309
921 742
5741 3066
1007 713
5256 3302
1152 645
5629 3180
1236 601
4215 4270
1048 706
5661 3277
1150 671
5094 3554
1328 580
4843 4025
1464 539
5230 3865
1112 718
6276 3285
1074 784
4539 4602
1206 736
6021 3416
1225 740
5379 3792
1302 683
6187 3581
1295 688
6078 3784
2454 469
5602 4032
1376 693
5735 3997
1516 651
5419 4296
1334 750
6168 3790
1513 661
6271 3741
1262 794
7063 3474
1102 871
5730 4212
1923 594
6431 3796
1256 832
6194 3918
1489 758
6905 3606
1645 707
6160 3989
1988 634
5128 4870
1338 831
6304 3922
1251 886
6562 3857
1578 745
6493 3898
1308 853
6641 3864
1401 816
5969 4310
1475 793
6469 3962
1284 891
6713 3907
1991 694
6359 4170
984 1258
7225 3813
1361 892
6521 4492
1652 790
6953 4026
1718 782
6906 4410
1507 836
5581 5328
1258 1017
6777 4830
1863 760
7478 4442
1370 923
7257 5936
1446 901
7072 6230
1530 859
6687 6951
1527 866
7450 6312
1572 856
1526 878
1984 766
1717 825
1834 812
2167 741
2154 753
1915 815
1757 851
1315 1124
1556 921
1255 1203
1504 954
1419 1038
1505 983
1547 959
1774 881
1606 928
1521 996
1704 906
1466 1051
1485 1055
1571 994
1443 1101
2035 837
1564 1015
1894 887
1632 981
1601 997
1651 978
1950 883
1591 1029
1537 1076
1666 1002
1549 1097
1503 1132
1654 1030
1705 1014
1681 1043
1883 961
1918 947
1795 1005
2279 834
1995 944
1868 1032
2271 868
1853 1072
2046 980
2124 939
1838 1104
1764 1158
2198 943
1794 1166
1908 1129
1473 1395
1924 1127
1818 1186
2084 1046
2531 876
1539 1360
2037 1117
2482 903
1876 1211
1939 1182
2080 1116
2039 1133
1849 1277
2016 1183
1978 1206
1861 1289
2247 1067
2349 1050
2567 964
1697 1440
2059 1276
2923 910
1878 1376
2248 1159
2113 1274
2132 1262
1394 1827
2770 992
2074 1315
2398 1150
2319 1216
2317 1223
2216 1301
2266 1290
2557 1152
2048 1421
2603 1135
2434 1207
2143 1384
2498 1245
1907 1575
2456 1267
2081 1475
2315 1370
2269 1404
2193 1453
2277 1405
2942 1153
2635 1261
3206 1099
2169 1495
2226 1467
2318 1433
2889 1224
2766 1279
2817 1280
3102 1227
3276 1180
3284 1178
2818 1326
2352 1512
2363 1501
2342 1520
2753 1366
2261 1585
2506 1461
2536 1456
3174 1265
3048 1306
2533 1471
2804 1386
2263 1629
2444 1524
2432 1529
2213 1694
3297 1270
2950 1362
2257 1672
3377 1251
2392 1583
2823 1427
2961 1391
2339 1661
2993 1412
2594 1559
2537 1582
2731 1523
2678 1554
2989 1444
3004 1454
2874 1486
2480 1685
2584 1640
2589 1645
2518 1695
2556 1681
2484 1738
2669 1646
2372 1839
2689 1658
2660 1675
2581 1750
2892 1595
2913 1602
2561 1800
2699 1718
2995 1586
2595 1782
2919 1613
2396 1945
2755 1712
3069 1576
3138 1571
2947 1642
3250 1541
2724 1761
2844 1703
3431 1484
2789 1733
3766 1400
2860 1716
3727 1424
3531 1481
2944 1705
2897 1717
4154 1356
3168 1644
3342 1577
2780 1845
2499 2041
2763 1882
2602 1990
2937 1790
2969 1774
2910 1825
3053 1769
2936 1849
2924 1879
3452 1639
3128 1803
3122 1808
3096 1819
2878 1939
3155 1815
3006 1909
2220 2465
2637 2135
3139 1867
3142 1871
3041 1924
2934 1994
3256 1836
3305 1813
2792 2104
3895 1596
3023 2021
4173 1545
3156 1983
2857 2144
2988 2077
3182 1999
3091 2051
3264 1971
3393 1907
3225 2016
3083 2078
3856 1698
2638 2321
3114 2081
3664 1781
3171 2063
3293 2024
4360 1599
3338 2018
3672 1835
3131 2136
3646 1852
3529 1958
3440 2026
4079 1739
3775 1851
3986 1776
3491 2025
4659 1601
3454 2061
3207 2186
3409 2086
4926 1565
3555 2029
3590 2015
4511 1687
3230 2221
2489 2744
3383 2160
3408 2165
3120 2311
4403 1806
3351 2272
3099 2448
3942 2070
3974 2064
4144 2017
3246 2406
3735 2198
4056 2094
3731 2213
3701 2247
4091 2124
3438 2392
3759 2246
4809 1899
4052 2169
3507 2415
3509 2433
3458 2476
5306 1810
3674 2379
3636 2402
3087 2851
4088 2254
3516 2544
4698 2090
3851 2358
3924 2330
4203 2252
4473 2187
3998 2352
4460 2214
3866 2422
3629 2569
4105 2346
3478 2701
3941 2423
4036 2398
3991 2430
3940 2441
4131 2378
4671 2217
4209 2354
4601 2240
4669 2223
3816 2524
3649 2639
3997 2445
3857 2519
4413 2323
3343 2943
3849 2571
5158 2110
3894 2558
4150 2437
4803 2234
4559 2308
3628 2774
4631 2312
4138 2500
4018 2583
4205 2498
4045 2593
4523 2389
4189 2518
3965 2635
4192 2538
4569 2394
4014 2649
4936 2283
4206 2580
3880 2736
4002 2706
4051 2719
3839 2843
4686 2463
4521 2545
4450 2605
4028 2816
5919 2128
4805 2458
4245 2717
4454 2623
4258 2726
4849 2467
3717 3062
4509 2641
4680 2582
4320 2739
4913 2478
4242 2795
4580 2632
4114 2870
4850 2514
4239 2826
4643 2643
4323 2803
4024 2995
3625 3261
4501 2766
4464 2792
4584 2725
5377 2369
4517 2776
4142 2953
5187 2460
5395 2376
4830 2628
4981 2565
4696 2722
4084 3056
4481 2844
4482 2872
4122 3080
4720 2787
4062 3117
4251 3027
4840 2770
5262 2562
4417 3007
5421 2504
4526 2962
4596 2937
4483 3004
4532 3011
4782 2875
5157 2707
4640 2984
4865 2886
4890 2880
4634 3049
5530 2591
4358 3201
5244 2723
4860 2930
4956 2908
5824 2536
4707 3079
4468 3237
5585 2665
4874 3047
5168 2895
4721 3174
4166 3438
4627 3230
4519 3293
5149 2974
5466 2817
4717 3251
3947 3670
4968 3170
5881 2737
4610 3393
4948 3234
4535 3475
5046 3247
5025 3270
5725 2911
5491 3042
4737 3433
5607 2999
5537 3048
4753 3436
4866 3454
7145 2592
5121 3365
5073 3410
5250 3326
6197 2917
5495 3231
4999 3470
5729 3129
6044 3025
4790 3595
4991 3495
5031 3480
5134 3458
5615 3271
5293 3418
4677 3826
6108 3112
5450 3372
7414 2663
5200 3525
5334 3448
5808 3276
5302 3494
5897 3267
5538 3422
6936 2942
5566 3427
5013 3745
5515 3501
5245 3645
3656 5302
5696 3484
5832 3450
5288 3750
5605 3558
7129 3065
6990 3142
5613 3593
5702 3586
5593 3641
7164 3149
5646 3674
5606 3697
5447 3799
5779 3608
5522 3787
5199 4101
5442 3883
6352 3457
5699 3735
6204 3522
5636 3798
5932 3649
6231 3540
5618 3867
5389 4110
7434 3178
6274 3590
5704 3878
5791 3833
5736 3868
5863 3827
5163 4450
6005 3789
6045 3775
7130 3398
5888 3874
6631 3562
5117 4625
5851 3933
5850 3968
5598 4207
6009 3891
6580 3660
6288 3819
5603 4321
6508 3740
6040 3979
5893 4100
5910 4105
6553 3756
7432 3388
5990 4077
5441 4521
6766 3692
6227 3924
4741 5238
6834 3665
5901 4214
6735 3746
6762 3747
7098 3594
5690 4411
6956 3687
5799 4382
5653 4520
6471 3961
5474 4690
6309 4078
5764 4493
6225 4197
6001 4350
6138 4273
5957 4403
6502 4043
6682 3967
6583 4046
6712 4013
7404 3631
7121 3825
5936 4557
6725 4096
6796 4045
6655 4140
7285 3757
5862 4643
7325 3728
5723 4745
7071 3902
7180 3884
6800 4209
6840 4176
7347 3824
6036 4691
7341 3871
7149 4028
7066 4157
6921 4269
6972 4262
7139 4132
7046 4266
7035 4299
6568 4599
5656 5154
6175 4827
7282 4153
6383 4727
6783 4519
6462 4709
7245 4233
6522 4697
6731 4620
7388 4136
6265 4887
6971 4533
7077 4459
6948 4580
7308 4374
7410 4281
6693 4819
7327 4440
5879 5385
6914 4808
7173 4657
6743 4928
6946 4812
5676 5711
7323 4572
6229 5274
7312 4652
6818 5009
7047 4883
5971 5615
6567 5185
6413 5316
7197 4865
6985 5029
7234 4879
6803 5217
7334 4867
6596 5447
5212 7046
7447 4854
6964 5360
7311 5188
6565 6059
6810 5939
6370 6326
7397 5386
6994 5908
6998 5920
6989 5958
7480 5175
7497 5323
7330 6189
7356 6425
7157 6968
7476 6639
7383 7097
289351068 672853355
1
sift 81
956 71
45 3
988 149
1208 109
349 30
3066 81
513 58
1571 198
1371 113
955 100
1022 181
1464 124
2627 433
1018 153
1505 142
1325 207
1650 140
2584 448
1766 143
1562 174
4070 175
1293 191
5419 383
1097 216
2993 196
1729 311
1564 263
2534 503
2961 327
1527 271
2149 325
1853 301
3965 504
1874 422
2347 293
2510 404
3866 251
5288 705
2595 438
2763 319
2649 453
2844 352
4753 752
3295 467
2937 409
4651 595
2669 439
5230 789
1645 635
2484 447
4128 660
3636 452
6229 742
3393 532
3270 466
4950 679
3526 459
5770 830
4045 588
4601 474
5123 781
3646 538
6735 1029
5094 799
4306 501
6905 922
4206 535
6465 1053
4520 602
7072 935
5025 622
6059 1328
4417 682
7257 1300
6956 596
7450 1334
5257 747
6840 785
6948 788
7046 815
6810 902
289351068 769617110
1
sift 106
1874 297
45 4
342 45
913 126
52 7
2845 427
211 21
870 127
1097 141
273 26
3691 409
302 35
1401 112
2534 298
349 36
5230 628
299 41
1131 151
2627 338
513 63
5761 1977
635 60
1251 168
2584 351
500 86
818 102
1262 243
3965 418
876 101
848 110
2195 218
4045 426
806 116
1018 147
3023 321
5155 601
1650 170
1505 173
2988 331
5288 603
1564 215
2993 178
3128 387
4753 680
1853 250
2346 239
4013 432
5910 711
2208 245
3206 229
4483 430
7046 681
2753 241
2942 237
4648 434
2101 2899
2561 257
3910 236
4865 445
7063 1418
2506 282
2689 288
4258 517
2961 286
3866 271
4829 521
2581 302
2313 317
4934 520
3731 274
2498 309
6553 518
3136 295
2763 323
4122 686
3531 303
2937 327
5770 675
3182 355
3270 384
5656 788
3636 381
4144 367
7463 794
4028 401
5157 424
5936 922
4850 448
4519 470
4367 2792
4206 494
6166 502
6956 491
4239 581
5025 564
5245 568
7149 530
6766 620
6840 643
6471 661
7141 645
5257 733
6972 700
6948 701
6810 886
7383 901
289351068 1159754689
1
sift 2065
48 46
24 35
12 15
55 82
54 80
11 19
58 87
71 98
20 23
145 202
79 101
19 28
172 232
77 102
35 47
267 338
123 145
43 51
246 381
125 186
45 63
284 348
159 191
47 64
245 429
198 228
50 70
389 426
195 238
52 73
348 511
240 265
51 78
404 571
255 283
53 77
434 572
249 332
65 89
593 687
276 335
64 104
573 737
296 341
75 113
541 916
335 422
80 106
754 682
288 363
82 112
609 812
410 355
73 133
544 921
358 405
76 141
705 779
433 455
84 120
758 790
450 470
89 125
692 954
400 581
87 129
639 1098
422 601
90 123
715 1000
442 639
91 132
792 995
520 654
97 131
1017 811
495 756
95 142
854 996
547 684
107 143
905 943
542 732
106 151
1105 1056
551 693
104 154
1039 1286
591 665
108 152
898 1465
568 706
144 130
896 1570
632 652
115 157
995 1376
460 1043
119 165
1149 1804
604 721
127 161
1019 1560
519 856
129 160
1215 1858
570 786
99 217
1265 1752
723 679
131 169
1346 1613
683 793
150 159
1283 1726
648 878
118 208
1233 2105
685 964
140 172
1709 1442
879 830
121 205
1358 1970
765 1017
147 178
1336 1981
774 1008
157 174
1412 1903
808 985
153 180
1331 2080
844 988
148 190
2462 1162
790 1088
180 173
1714 1888
910 1028
152 212
1477 2931
935 1100
139 221
1797 2368
915 1149
164 197
1649 2581
821 1354
197 192
1943 2210
836 1343
182 218
1864 2377
861 1317
183 216
1971 2258
988 1155
176 229
2458 1944
947 1232
186 237
2156 2390
959 1245
181 267
1955 2851
987 1250
179 292
1823 3114
974 1295
211 250
2295 2365
975 1309
217 242
1854 3399
1088 1249
205 257
2223 2961
877 1565
188 278
1852 4190
1009 1326
209 259
2336 3126
956 1433
212 268
3020 2412
1087 1288
218 261
2835 2590
1173 1248
219 282
2824 2747
1022 1404
235 254
2716 3189
1207 1255
232 273
2452 3140
1069 1419
236 290
2688 3295
1075 1427
258 314
2656 3176
1208 1510
239 344
2726 3547
1223 1495
273 319
2558 3527
1393 1303
274 321
2922 3294
1174 1624
268 330
2880 3242
1409 1322
282 325
2932 3379
1237 1576
283 340
2868 3559
1166 1714
270 377
3095 3415
1213 1658
290 349
2806 3873
1239 1667
264 443
2781 4329
1353 1488
307 356
2787 4461
1325 1668
312 359
3042 4082
1282 1783
316 354
3036 4236
1128 2089
305 371
3923 3159
1341 1792
302 378
4498 2904
1344 1830
303 388
3707 3500
1421 1694
320 374
3167 4610
1382 1776
322 379
3369 4421
1497 1649
339 358
3544 4210
1371 1834
319 394
4271 3478
1404 1808
327 390
3789 3990
1467 1778
314 412
3741 4187
1416 1859
332 391
4137 4186
1514 1813
330 404
3603 4877
1436 2014
336 410
4073 4481
1559 1868
349 408
3886 4890
1476 1964
364 392
3844 4953
1874 1606
346 432
4595 4266
1729 1753
392 383
5207 3669
1599 1876
359 446
4548 4388
1699 1826
371 440
4263 4810
1952 1675
374 450
4034 5061
1582 2013
418 403
4639 4836
1618 2035
376 456
4244 5246
1913 1839
363 483
4617 4913
1912 1855
388 452
3999 5680
1609 2144
383 473
5424 4081
1942 1880
452 395
4884 5086
1734 2036
369 492
4327 5956
1881 1994
435 421
4665 6181
1708 2139
411 461
5112 6295
1791 2114
413 471
4902 6802
1821 2145
402 482
5154 6695
1890 2102
415 476
6158 5728
1744 2295
378 518
5225 7017
1573 2501
394 514
6200 6220
1836 2281
426 504
5695 6773
1732 2308
396 556
5556 6942
1698 2469
391 569
6277 6441
1745 2413
444 495
6258 6862
1815 2359
424 544
1935 2229
399 594
1763 2585
370 655
1703 2670
453 508
2066 2282
486 479
2120 2223
448 542
1983 2453
521 444
1987 2461
470 524
2069 2418
386 686
1997 2701
468 559
2018 2550
446 606
2225 2387
472 554
2129 2546
483 570
2057 2711
489 566
2128 2644
455 631
2380 2357
441 674
2241 2601
487 583
2170 2746
478 624
2447 2346
526 551
2244 2633
484 636
2247 2630
503 585
2332 2608
480 659
2436 2543
462 705
2312 2761
528 568
2323 2764
500 642
1805 4181
501 650
2383 2895
491 669
3090 2289
513 634
2324 3205
517 649
2666 2832
532 627
2611 2898
449 818
2528 3028
506 680
2565 3045
540 653
2470 3117
524 673
2552 3097
504 759
2551 3162
533 710
2466 3299
587 640
2649 3128
529 728
2665 3174
553 676
2759 3133
645 618
3050 2944
559 689
2604 3407
563 699
2841 3272
667 630
2654 3565
581 708
3150 3078
590 696
2736 3506
584 713
2846 3366
545 763
2236 4703
510 817
3312 2967
608 711
2929 3342
588 746
2429 4372
599 740
3309 3106
536 822
2735 3739
543 815
2972 3423
546 808
2855 3592
628 742
2614 4043
636 762
2994 3465
660 750
2767 3785
569 821
2906 3600
641 777
2639 4118
602 804
2875 3733
714 729
3030 3561
651 796
3149 3426
564 882
3013 3583
612 824
3014 3594
596 836
2862 3876
729 764
3144 3654
678 794
3137 3650
603 897
3191 3620
635 873
3415 3353
659 858
3188 3676
626 902
3109 3762
666 843
3110 3843
629 904
3475 3406
719 803
3806 3121
669 861
3057 4034
595 974
3035 4090
681 864
3381 3587
661 899
3019 4176
713 837
2807 4606
653 933
3254 3810
610 1001
3287 3829
634 955
3002 4273
728 838
3027 4278
744 828
3327 3919
630 989
3066 4262
690 895
3093 4386
647 973
3181 4226
832 769
3781 3349
722 889
3469 3859
700 920
3612 3617
773 833
3159 4413
670 987
3447 3951
606 1091
3443 3968
708 944
3445 3999
684 1026
3596 3714
759 914
3760 3544
767 906
3692 3641
1191 638
3643 3702
779 900
3574 3869
733 975
3273 4502
751 952
3963 3531
872 809
3732 3882
725 1019
3372 4523
768 949
3736 3890
735 1003
3556 4243
707 1055
3700 4017
727 1032
3567 4393
804 934
3660 4238
748 1053
3528 4504
576 1388
3755 4138
813 932
3702 4259
847 909
3610 4511
796 1009
3361 4943
806 980
3613 4592
901 870
3350 5081
793 1047
4663 3580
662 1312
3631 4717
819 1016
3902 4353
1030 819
3180 5556
680 1307
4003 4320
787 1109
4187 4159
837 1030
3477 5111
799 1095
3864 4582
818 1062
3239 5646
860 1022
3989 4462
875 1011
3466 5183
876 1034
3657 4868
869 1054
3292 5616
835 1089
3658 5003
777 1233
4149 4472
887 1039
4570 4027
899 1042
3915 4800
848 1101
4128 4623
825 1144
3623 5230
1013 931
3937 4838
696 1472
4076 4733
867 1133
3927 4917
871 1138
4256 4559
907 1083
4005 4856
862 1185
3505 5679
908 1114
4201 4745
916 1121
4605 4401
889 1172
4069 4960
882 1192
4338 4742
897 1169
4900 4153
1000 1050
3901 5236
929 1137
4564 4649
1104 978
3909 5305
913 1171
4615 4650
918 1166
3898 5405
1023 1061
5272 3991
911 1187
3790 5645
1121 979
3733 5791
950 1142
3992 5390
885 1252
4747 4660
941 1145
4339 5005
984 1105
4272 5116
763 1573
4397 5084
811 1431
5294 4177
920 1230
4276 5370
968 1153
5231 4411
925 1229
4110 5623
810 1453
4224 5515
1031 1096
4302 5430
1117 1040
4539 5214
1008 1125
4762 4990
1011 1129
3737 6457
942 1216
3589 6827
1063 1094
4606 5215
972 1181
4286 5596
776 1623
3939 6200
954 1226
4466 5509
884 1340
4882 5100
928 1279
4800 5326
1143 1075
4522 5687
1059 1147
4267 6027
1058 1174
4247 6063
999 1240
4825 5322
921 1342
4651 5611
826 1558
4419 5941
1071 1210
4505 5838
827 1614
4530 5808
993 1292
4607 5814
1135 1161
4731 5730
1132 1164
5129 5229
1052 1266
4479 6113
1199 1132
4280 6423
955 1359
4503 6184
1089 1222
5230 5157
893 1499
5645 4812
1025 1291
4508 6201
1218 1116
5246 5192
1003 1318
5493 4956
973 1352
5478 4979
1018 1311
5123 5452
1066 1283
4778 5925
1054 1294
5018 5630
960 1393
4925 5816
834 1735
5128 5574
998 1344
4774 6084
1057 1308
4692 6260
934 1478
4950 5849
1221 1190
5629 5140
1048 1349
4704 6486
1193 1228
4565 6757
1111 1293
5076 5955
1073 1332
5111 5982
1116 1305
4984 6351
1518 962
5042 6250
1225 1225
4711 6841
1046 1401
5100 6274
1074 1367
5193 6190
1043 1422
5057 6396
1082 1371
5094 6340
1229 1276
5710 5539
1131 1351
6107 5213
1049 1479
5053 6582
1170 1339
4952 6772
1097 1430
4897 6963
1214 1320
5093 6742
1084 1459
5124 6724
1060 1516
5276 6470
1168 1414
5983 5653
991 1648
5397 6454
1098 1486
5270 6658
1130 1468
5062 7032
1212 1385
5419 6452
1187 1418
6063 5788
1152 1470
5392 6616
1206 1412
5565 6406
1151 1474
6205 5782
1216 1402
5408 6741
1113 1523
5177 7050
1123 1507
5332 6865
1021 1683
5415 6814
1094 1569
5304 6959
1242 1373
6194 5995
1267 1338
5379 6972
1244 1366
5400 6928
1114 1552
5562 6817
1081 1615
6323 5979
1222 1444
5378 7065
1155 1542
6296 6196
990 1810
5232 7134
1259 1396
5871 6672
1294 1335
5921 6677
1146 1589
6646 6062
1270 1407
6481 6283
1198 1557
6431 6363
1262 1449
6407 6952
1317 1361
6057 7113
1256 1476
6493 7009
1306 1405
6094 7141
1203 1608
6398 7108
1478 1254
6455 7105
1247 1524
7004 6892
1103 1770
6672 7096
1251 1553
7147 6855
1268 1511
7034 7066
1182 1672
7025 7155
1303 1458
1395 1347
1334 1437
1205 1682
1162 1744
1274 1528
1246 1601
1201 1692
1291 1506
1276 1530
1305 1501
1195 1739
1615 1235
1302 1547
1286 1579
1394 1429
1277 1603
1502 1334
1485 1358
1351 1536
1411 1440
1443 1421
1315 1610
1293 1637
1257 1721
1361 1534
1337 1591
1329 1604
1431 1475
1190 1915
1553 1348
1321 1685
1338 1690
1414 1563
1557 1423
1401 1609
1171 2078
1389 1665
1480 1543
1266 1920
1419 1639
1236 1988
1359 1796
1345 1836
1249 2020
1400 1736
1489 1625
1363 1825
1328 1892
1330 1891
1428 1724
1387 1823
1475 1693
1369 1879
1959 1333
1381 1872
1446 1784
1366 1917
1556 1653
1370 1934
1457 1811
1486 1774
1403 1905
1579 1644
1624 1611
1702 1584
1507 1781
1757 1575
1562 1737
1572 1722
1451 1907
1804 1568
1504 1851
1472 1897
1527 1828
1549 1793
1372 2038
1490 1883
1503 1860
1564 1787
1537 1848
1591 1758
1541 1862
1770 1643
1397 2049
1571 1835
1530 1894
1407 2061
1479 1967
1737 1701
1464 1993
1511 1945
1638 1785
2037 1493
1375 2175
1255 2555
1565 1911
1645 1818
1906 1633
1866 1652
1445 2086
1539 1949
1697 1809
1760 1756
1547 1960
1516 2002
1513 2007
1769 1764
1620 1899
1637 1885
1505 2042
1705 1856
1664 1893
1575 1968
1616 1954
1675 1921
1578 2000
1526 2088
1727 1912
1666 1951
1606 1998
2032 1664
1461 2268
1718 1931
1596 2017
1651 2004
1674 1996
1717 1966
1629 2028
1519 2209
1802 1927
1534 2192
1595 2087
1759 1956
1546 2186
1811 1929
1809 1942
2087 1710
1550 2207
1388 2632
1528 2277
1601 2150
1441 2511
1594 2171
1795 1989
1849 1958
1586 2197
1838 1974
1458 2499
1834 1986
1720 2081
1750 2060
1863 1983
1784 2041
1410 2707
1508 2467
1635 2224
1632 2232
1871 2029
1696 2201
1644 2263
1867 2044
1774 2135
1908 2023
1681 2245
1764 2176
1883 2064
1617 2361
1818 2146
1907 2075
2248 1802
1739 2314
1748 2311
1766 2296
1786 2279
1688 2398
1876 2184
1693 2406
1892 2179
1868 2200
1747 2354
1861 2244
1839 2286
2006 2091
1873 2255
1668 2491
1872 2259
1924 2194
1843 2303
1879 2266
2045 2070
1893 2273
1995 2132
1898 2294
1640 2628
1742 2496
1643 2658
1884 2358
1978 2276
1835 2490
1794 2556
1992 2293
2056 2215
2039 2238
1903 2440
2047 2243
2094 2236
2113 2214
2074 2290
2016 2385
2117 2271
2078 2336
1878 2677
1921 2609
2119 2320
2061 2426
2035 2457
2046 2438
2127 2344
1974 2598
1996 2587
1985 2596
1847 2815
1813 2860
2133 2394
2020 2595
2096 2475
2224 2278
2135 2407
1945 2719
2179 2356
2148 2423
1917 2796
2277 2253
2173 2414
1941 2780
1781 3029
2146 2470
2486 2057
2059 2653
2147 2494
1989 2759
2065 2661
2132 2528
1712 3177
2141 2525
2088 2634
1623 3322
2227 2401
2110 2622
2168 2516
1990 2808
2153 2565
2105 2648
2137 2588
2329 2298
2076 2717
2099 2686
2098 2696
2193 2562
2261 2431
2062 2773
2344 2353
2053 2826
1976 2966
2257 2480
2252 2484
2143 2723
2243 2568
2233 2606
2346 2513
2307 2576
2318 2575
2237 2689
2154 2843
2220 2750
2315 2599
2158 2867
2198 2834
2335 2627
2140 2973
2216 2859
2213 2874
2396 2593
2367 2641
2250 2849
2514 2506
2095 3178
2124 3131
2280 2841
2254 2876
2077 3226
2180 3066
2186 3071
2342 2798
2354 2775
2775 2347
2199 3064
2583 2527
2339 2835
2400 2734
2358 2817
2496 2675
2293 2997
2401 2824
2403 2823
2162 3260
2537 2697
2330 2974
2384 2858
2738 2503
2434 2852
2278 3141
2204 3280
2319 3103
2533 2801
2660 2684
2498 2850
2432 2938
2255 3225
2234 3282
2561 2811
2378 3027
2296 3195
2606 2767
2321 3163
2360 3124
2417 3043
2266 3285
2474 2978
2455 3002
2480 2981
2526 2933
2512 2963
2451 3035
2423 3086
2536 2962
2506 3004
2584 2921
2448 3085
2625 2878
3112 2471
2370 3244
2619 2946
2644 2912
2732 2853
2647 2940
2249 3530
2420 3206
2691 2929
2577 3065
2662 2976
2704 2937
2585 3058
2769 2869
2778 2872
2699 2980
2263 3605
2615 3062
2595 3088
2603 3083
2602 3084
2306 3517
2484 3215
2518 3193
2556 3165
2702 3057
2710 3061
2844 2918
2744 3038
2686 3098
2587 3199
2877 2897
2689 3116
2453 3376
2635 3181
2500 3346
2609 3236
2590 3267
2413 3538
3211 2710
2730 3151
2527 3381
2449 3513
3626 2381
2390 3628
2599 3318
2317 3880
2531 3416
2508 3456
2881 3039
2779 3160
2628 3304
2712 3234
2696 3254
2309 3952
3250 2756
2854 3105
2554 3429
2457 3582
2539 3466
2812 3161
2678 3292
2829 3143
2557 3454
3177 2838
2786 3204
2801 3201
2637 3368
2598 3437
2869 3152
3015 3025
2501 3618
2764 3274
2789 3252
2713 3354
2792 3284
2444 3770
2580 3562
2770 3305
2733 3363
2707 3413
2397 3975
2388 4010
2878 3216
3128 3026
3068 3077
2718 3425
2857 3258
2633 3550
2454 3874
2673 3523
2755 3424
2904 3243
3069 3130
2638 3607
2973 3200
2783 3420
2818 3380
2571 3744
2934 3266
2937 3264
2995 3211
2798 3487
2774 3516
3356 2955
2529 3985
2697 3684
3215 3125
2772 3589
3173 3167
3006 3313
3804 2638
2765 3651
3157 3220
3046 3314
2919 3463
2780 3721
2942 3509
3021 3398
2936 3512
2887 3577
3071 3355
2957 3514
2567 4216
2949 3537
3083 3384
2409 4622
2731 3922
2898 3624
3091 3440
2924 3636
2984 3570
3174 3356
2892 3679
2969 3615
2754 4007
3033 3558
3039 3572
3114 3504
3047 3579
3306 3302
2888 3797
3281 3343
3143 3529
2993 3673
3207 3445
2711 4263
3139 3568
3800 2947
3375 3307
3171 3551
2961 3827
3232 3497
3096 3655
3044 3717
2974 3820
2988 3808
3395 3317
2574 4668
3041 3766
2817 4188
2926 3980
3243 3540
3206 3599
2837 4192
3256 3557
3344 3427
2721 4477
3270 3560
2923 4050
3196 3646
3404 3371
3016 3935
3081 3844
3423 3385
3064 3878
3048 3918
3168 3740
2897 4174
3124 3836
2651 4705
2874 4249
2860 4294
3136 3857
3230 3695
3075 3950
3155 3833
3029 4044
3022 4076
2944 4221
3089 4001
3001 4157
3259 3747
3335 3637
3209 3847
3549 3357
3716 3218
3012 4175
3284 3737
3220 3863
3122 4039
3008 4230
3134 4065
3141 4062
3172 4012
2909 4428
3000 4314
3438 3635
2903 4519
3342 3793
2979 4408
3373 3745
3199 4077
3408 3710
3203 4110
3316 3924
3293 3988
3225 4115
3389 3805
3070 4365
3454 3719
3231 4129
3637 3477
3552 3590
3320 3994
2986 4568
3349 3967
3367 3930
3023 4532
3283 4096
3131 4377
3200 4246
3440 3815
2382 5913
3451 3812
3399 3904
3034 4550
3400 3914
3419 3883
3087 4488
3391 3956
3192 4313
3378 3973
3296 4151
3343 4066
3125 4484
3486 3846
3384 4024
3491 3849
3434 3959
3222 4344
3579 3696
3007 4715
3247 4324
3429 4011
3297 4295
3164 4548
3531 3875
3766 3578
3251 4429
3816 3532
3646 3728
3482 4029
3201 4543
3396 4185
3246 4495
3551 3907
3611 3823
3365 4271
3409 4204
3377 4254
3397 4231
3371 4274
3472 4122
3465 4142
3426 4206
3120 4764
3421 4227
3433 4213
3242 4614
4119 3390
3507 4143
3310 4514
3526 4113
3362 4424
3774 3752
3401 4381
3550 4101
3527 4172
3568 4126
3340 4590
3420 4483
3432 4471
3641 4085
3649 4086
3478 4432
3739 3986
3745 3979
3563 4275
3249 4851
3735 4030
3876 3868
3515 4438
3650 4193
3636 4212
3731 4095
3656 4208
3811 3992
3536 4435
3319 4822
3629 4257
3458 4612
3509 4503
3965 3866
3468 4662
4094 3754
3587 4405
3386 4776
4101 3772
3913 3982
4409 3534
3682 4301
3642 4379
3986 3943
3838 4108
3701 4312
4030 3917
4116 3814
3439 4825
3718 4355
3850 4179
3336 5013
3437 4878
3751 4363
3998 4091
3565 4709
3826 4289
3958 4170
3918 4202
3851 4292
3978 4164
3940 4199
3671 4574
3857 4302
4023 4137
3547 4803
3779 4445
2866 6155
3980 4207
3869 4336
3910 4300
4672 3567
3727 4577
3753 4531
4086 4147
3676 4654
3847 4399
4099 4161
3516 4921
4246 3989
3617 4767
3765 4597
3712 4677
3894 4460
3880 4501
3824 4562
3672 4762
3759 4681
3768 4678
4056 4343
3936 4493
3555 4978
4045 4368
3982 4448
3943 4500
4160 4244
4036 4403
3584 4957
4353 4051
3398 5331
4147 4293
4044 4446
4014 4510
3881 4702
4144 4415
3227 5897
3849 4769
3856 4775
4104 4529
3290 5793
4203 4444
3621 5152
3616 5172
4305 4395
3710 5051
3714 5064
4798 3906
3740 5045
4384 4376
4344 4407
3625 5266
4242 4572
4052 4782
4380 4451
4192 4673
3912 4925
4310 4534
3663 5254
3831 5012
4250 4608
3762 5113
4028 4843
3673 5258
4089 4797
3882 5015
4197 4722
4091 4834
4050 4875
4251 4679
4105 4846
3704 5309
3628 5456
4026 4934
4855 4072
3961 4992
4331 4675
4223 4790
4769 4250
3647 5552
4002 5047
4601 4499
4326 4749
4366 4720
4150 4929
4306 4791
4084 5020
4025 5077
3539 5856
3593 5737
4437 4718
4040 5099
4047 5089
3941 5220
4597 4598
4131 5022
3578 5835
4621 4584
3924 5257
5081 4075
4492 4729
4323 4869
4289 4909
3867 5426
4162 5058
4532 4737
5346 3828
4320 4949
3644 5884
3897 5470
4298 4976
4447 4865
4079 5251
4490 4839
4189 5119
4139 5190
4703 4694
4417 4944
4410 4966
4756 4685
4464 4954
4082 5397
4232 5175
4018 5481
4024 5485
4153 5303
4701 4787
3815 5773
3974 5553
4265 5171
4656 4831
3645 6157
4591 4894
4509 4974
4584 4932
4483 5019
4218 5324
4238 5282
3791 5954
4413 5112
4427 5132
4932 4642
4088 5565
4324 5242
4461 5103
4596 4986
4138 5517
4482 5104
4367 5240
4270 5349
4336 5279
4494 5121
4510 5107
4613 5016
4209 5479
5911 3760
4239 5454
4535 5109
3991 5784
4372 5292
4361 5312
4805 4857
4055 5719
4259 5436
4879 4820
4488 5199
3971 5870
4322 5422
3833 6134
3900 6031
3948 5990
3837 6173
4592 5155
3866 6169
3905 6095
4421 5367
4721 5054
4655 5130
4313 5522
4612 5181
4395 5446
4363 5489
4631 5179
4450 5424
4386 5495
4937 4876
4325 5560
4373 5534
4358 5579
4295 5686
4935 4947
4582 5373
4033 6175
4633 5338
4549 5463
4406 5638
4485 5545
3942 6361
4350 5718
3891 6477
4866 5123
4478 5600
4173 6088
3966 6482
4848 5222
4262 5987
4795 5293
4610 5547
4830 5250
4827 5270
4664 5533
5044 5056
4438 5843
4401 5899
4745 5480
4727 5531
4575 5708
4226 6216
4696 5566
4779 5466
4567 5731
4686 5625
5190 5023
4643 5703
4860 5435
4383 6115
4442 6041
4913 5415
4481 6024
4954 5391
4991 5346
5157 5160
5178 5147
5271 5027
4580 5938
4318 6348
4718 5770
4087 6801
5501 4903
5158 5252
4809 5694
4448 6242
4258 6537
4804 5733
4717 5891
4519 6202
4791 5800
4865 5724
5189 5332
5149 5393
4729 6002
4921 5709
5117 5502
4444 6518
4739 6074
4757 6030
4782 6001
5544 5038
4801 5984
4473 6519
4753 6066
4742 6101
5291 5299
4893 5826
5036 5637
4428 6588
5367 5224
4571 6424
5095 5595
4873 5943
4614 6375
5596 5042
5041 5690
4754 6209
5438 5248
5385 5334
4968 5923
4669 6488
4977 5967
4667 6531
5092 5818
4736 6440
4862 6219
4287 7004
5380 5448
4971 6014
5226 5683
5118 5825
5020 5971
5067 5908
4759 6419
4707 6542
5261 5636
4948 6100
4959 6091
4916 6212
5263 5675
4690 6627
4909 6252
4737 6570
5163 5874
4972 6197
5219 5821
4931 6256
5031 6112
4924 6322
5030 6174
5155 6000
5394 5627
4343 7101
5056 6182
5701 5340
5628 5444
5104 6147
4870 6562
5669 5419
5063 6232
5293 5860
5258 5952
5903 5235
5439 5698
5148 6178
5120 6226
5389 5771
5241 6013
5396 5777
5763 5442
5251 6068
4460 7118
4646 7016
5222 6193
5134 6338
5217 6218
4976 6584
5538 5734
5650 5606
5363 5962
5699 5571
5299 6077
5725 5568
5199 6307
4430 7130
5471 5877
5547 5785
5308 6120
6147 5234
5305 6170
5606 5752
5372 6070
5224 6360
5179 6439
5334 6131
5040 6645
5200 6426
5626 5778
5462 5992
5245 6425
5121 6633
5423 6128
5321 6329
5355 6276
5586 5983
5147 6678
5690 5858
4783 7099
5072 6829
5283 6504
5461 6228
5384 6343
5738 5879
5244 6592
5411 6326
6043 5624
6031 5644
5443 6314
5770 5905
6552 5272
4989 6998
5310 6580
6133 5618
5116 6940
5156 6910
5879 5924
5557 6349
5864 5966
5713 6135
6196 5661
5615 6302
5832 6011
6004 5842
5618 6315
5643 6285
5410 6590
5603 6331
5549 6422
6110 5781
5450 6583
5566 6461
5866 6081
5459 6597
5485 6619
5904 6103
5506 6609
5772 6262
5607 6498
5598 6514
5543 6617
5530 6708
5338 6922
5600 6635
5494 6776
5696 6524
5412 6877
6378 5840
6202 6032
5686 6607
5464 6878
5723 6574
6457 5815
5466 6896
5610 6737
5762 6606
5535 6881
5605 6821
5646 6796
5447 6990
5260 7123
5950 6565
5653 6906
5716 6840
6039 6512
5736 6823
5776 6780
6371 6217
6938 5726
5680 6931
5625 6984
5818 6839
6236 6414
5932 6734
6284 6473
5682 7021
5848 6895
6261 6525
5759 7010
5957 6857
5569 7114
6067 6765
5956 6869
6201 6647
6045 6808
6434 6437
6048 6815
7307 5608
6126 6798
6032 6880
6288 6661
6491 6493
6435 6564
5888 7030
6791 6280
5990 6970
5920 7029
5826 7092
6962 6205
5808 7115
6003 7047
6079 7040
6037 7081
6542 6755
6621 6691
6403 6856
6295 6930
6198 7011
6436 6859
6920 6520
6921 6572
6315 7018
6514 6965
6585 6937
6720 6868
6471 7013
6300 7102
6060 7132
7063 6726
7067 6732
6995 6872
6896 6956
7017 6883
7048 6913
7031 6948
7445 6410
6863 7087
7383 6600
7347 6713
6975 7068
7090 7070
6979 7110
7404 6767
7086 7117
7441 6807
7489 7160
289351068 1429073379
1
sift 1756
58 56
18 11
0 0
245 357
24 19
19 14
145 112
39 33
23 24
404 397
54 51
45 35
434 433
71 65
47 37
432 448
77 61
50 42
341 635
79 86
52 44
541 615
103 96
56 54
754 451
125 122
65 57
705 626
159 141
73 59
573 563
198 184
64 79
758 642
249 214
80 73
715 540
247 247
82 75
639 759
276 260
87 89
692 756
255 254
91 94
816 826
296 259
92 105
792 694
288 237
104 107
948 964
240 333
115 99
783 985
294 277
107 111
995 1116
329 253
121 98
898 1166
358 318
148 130
896 1299
450 364
147 142
891 1190
410 421
136 152
1105 1078
422 423
176 154
1149 1139
442 503
168 160
1039 1242
520 521
183 168
1019 1288
570 501
182 197
1215 1159
542 547
209 175
1331 1250
568 560
218 171
1346 1245
591 621
211 198
1233 1409
685 614
191 235
1283 1382
790 629
228 208
1336 1421
861 580
217 229
1358 1616
836 647
264 200
1665 1400
683 798
219 242
1714 1541
1075 679
236 226
1412 1947
974 604
261 228
1971 1613
1010 718
258 246
1689 1834
844 925
273 250
1649 1909
910 862
274 252
1943 1826
914 855
304 236
1852 2290
947 865
298 244
2223 1757
1069 819
346 223
2295 1929
883 961
283 276
2431 1944
959 897
282 280
2336 2233
935 959
290 283
2452 2502
978 986
319 256
3020 2125
1208 924
312 278
2824 2241
975 1006
305 295
2458 2540
1022 1081
302 311
2509 2516
1088 994
349 271
2726 2421
969 1147
310 316
2656 2618
988 1092
330 308
2819 2479
1087 1064
327 312
2558 2795
1220 971
332 305
2624 2871
987 1337
391 261
2806 2745
1165 1053
336 326
3095 2977
1393 1035
339 331
2787 3015
1409 906
376 315
2831 3579
1404 1028
363 360
2886 2982
1371 956
452 301
3167 3393
1174 1272
371 359
2932 2986
1223 1273
386 343
2781 3864
1197 1327
373 375
2922 3371
1325 1222
369 381
2719 3978
1476 1131
388 363
3923 2799
1353 1240
359 393
4244 2979
1436 1243
383 384
3369 3465
1344 1384
415 351
3741 3362
1239 1512
374 402
3544 3494
1421 1362
378 404
3789 3444
1841 1229
426 372
3160 4336
1297 1634
521 340
3602 3744
1467 1437
472 399
3707 3684
1738 1301
394 478
3688 3812
1382 1595
503 378
3886 3755
1559 1419
398 488
4548 3453
1699 1348
513 386
4884 3180
1545 1455
475 432
4034 4113
1836 1432
470 445
3449 4870
1731 1430
487 440
4073 4143
1983 1374
563 392
4498 3877
2120 1286
489 455
4857 3617
1582 1601
528 416
4263 4313
1555 1656
645 387
4374 4393
1997 1407
500 476
3502 5361
1474 1851
569 427
4665 4466
1881 1497
518 481
4639 4310
1600 1690
501 496
5033 4174
1745 1644
599 453
4327 4741
1462 1923
455 596
4902 4848
1708 1673
506 518
5328 4357
1744 1701
540 507
5867 5446
1821 1705
524 526
6172 4653
1763 1762
581 499
5695 5650
1890 1699
587 512
4880 6815
2066 1546
602 508
6277 5310
1698 1883
796 450
5792 5788
1703 1881
651 513
6199 5534
1935 1716
608 536
6135 5672
1857 1794
553 577
6443 5476
1938 1879
584 553
6158 5697
1815 2080
727 494
6917 5347
2057 1897
595 569
7095 5096
1729 2171
558 608
6141 6192
2429 1620
543 643
6421 5989
2129 1916
596 584
5825 7059
2735 1524
564 631
6310 6102
2241 1969
574 625
6988 6210
2380 1872
629 578
7127 6079
2149 2108
735 524
6782 6758
1734 2568
561 664
6329 6875
2383 1981
733 531
2323 2083
590 646
6644 6648
2312 2145
641 601
2332 2239
550 695
2239 2388
626 622
2552 2325
588 674
2906 2066
757 555
2604 2299
678 620
2436 2473
696 606
2759 2252
635 676
2470 2444
630 687
2972 2172
612 714
2510 2494
768 593
2649 2438
716 653
2855 2294
707 663
2749 2394
669 711
2768 2409
751 634
2551 2724
681 710
3027 2396
847 559
3104 2381
606 806
3327 2242
636 776
3030 2481
610 820
2324 3334
773 661
2846 2729
660 788
2736 2911
634 814
2994 2651
726 744
3090 2617
722 768
2639 3102
779 741
3013 2673
806 749
2654 3210
827 721
3066 2645
749 824
2845 3014
832 736
3057 2700
882 699
3059 2927
884 701
3361 2565
885 709
3019 3030
819 775
3144 2919
739 877
3654 2589
794 821
3150 3140
767 868
3574 2777
918 730
3612 2733
804 860
3263 3146
876 796
3445 2947
908 757
3146 3307
818 837
3963 2596
1023 683
3687 2814
837 843
3381 3144
893 803
3596 2993
862 840
3418 3221
955 765
3350 3313
869 879
3658 2973
848 900
3781 2890
980 787
2930 3791
913 841
3692 3063
809 965
3109 3621
719 1155
3181 3559
943 849
3627 3160
1000 811
3447 3356
1400 624
3643 3186
870 945
3475 3382
1003 847
3589 3308
941 896
3733 3254
1063 839
3806 3184
909 948
2807 4388
889 990
3864 3191
981 890
3736 3352
853 1041
3937 3206
942 928
3909 3257
887 1017
3916 3237
911 996
3898 3285
968 938
3700 3430
1060 893
4479 3004
1043 903
3470 3762
1199 833
3927 3407
1008 931
3659 3598
1046 919
4376 3200
1068 921
4280 3322
1025 941
3784 3618
1078 912
3443 4140
1029 947
3613 3924
950 1014
4076 3634
993 978
4267 3546
1054 944
4003 3696
977 995
4128 3844
1357 781
3995 3701
958 1030
4272 3872
1018 1004
3631 4102
1478 748
4005 4225
1097 977
3737 4055
1151 951
3960 4324
986 1080
3989 3949
1146 968
5159 3408
1092 1001
4224 3775
1033 1061
4286 4104
1638 719
4247 3933
991 1103
4397 4021
1130 998
4070 4209
1066 1071
4738 3827
1083 1045
4651 3944
934 1226
4508 4315
1117 1023
4522 4369
1203 980
4731 4208
1144 1025
5228 3787
1229 970
4290 4645
1143 1051
4607 4395
1073 1134
5100 3951
1188 1036
4708 4325
907 1318
4371 4684
1123 1093
4825 4277
1048 1195
4925 4175
1098 1138
4466 4599
921 1333
4110 5003
1214 1048
4984 4132
1296 989
4615 4608
1219 1086
5123 4211
1225 1084
4711 4704
1169 1144
5837 3751
1222 1100
5378 4099
1291 1010
4950 4511
1124 1200
5415 4108
1212 1141
4995 4535
1172 1176
5247 4312
1187 1171
4565 4966
1103 1236
4441 5125
1114 1234
6116 3818
1230 1156
5493 4301
1262 1105
5177 4548
899 1505
4952 4786
1369 1007
5562 4220
1273 1102
5749 4155
1074 1304
4503 5319
1370 1020
4214 5706
1135 1260
5042 4782
1111 1278
5057 4827
1645 901
4505 5393
1193 1254
5124 4802
1256 1214
5983 4134
1268 1198
6107 4065
1341 1132
5939 4197
1152 1321
5397 4761
1361 1129
4967 5113
1277 1219
5111 5118
1302 1218
5215 4949
1383 1149
5645 4640
1464 1073
4831 5502
1170 1377
5961 4474
1450 1113
6065 4456
1259 1294
4714 5723
1248 1307
5629 4833
1156 1416
5276 5203
1459 1121
5246 5247
1428 1152
6398 4419
1319 1265
5393 5130
1479 1142
6296 4516
1485 1146
5567 5011
1286 1335
5627 5027
984 1741
6057 4672
1340 1290
5661 5035
1292 1350
5478 5126
1351 1297
5831 4968
1475 1208
5565 5204
1403 1263
4085 7192
1276 1390
4897 6090
1349 1322
5193 5762
1391 1283
6275 4853
1580 1145
6431 4792
1455 1235
5741 5259
1431 1247
5128 6004
1330 1359
5890 5173
1396 1285
6213 5001
1294 1397
6186 5036
1389 1312
5921 5216
1251 1467
5947 5215
1451 1275
5138 6147
1804 1089
5317 5871
1516 1239
6090 5157
1443 1310
5735 5457
1608 1203
5516 5687
1507 1266
5332 5970
1414 1349
6049 5399
1461 1313
6194 5344
1031 1936
5581 5924
1624 1227
6493 5230
1551 1271
6078 5605
1236 1640
6241 5552
1359 1446
6407 5481
1329 1495
6271 5595
1550 1320
6547 5416
1594 1292
5902 5939
1489 1399
6304 5670
1562 1361
6312 5695
1446 1448
5435 6726
2167 1090
5500 6618
1636 1317
6291 5956
1355 1567
6875 5472
2023 1170
6641 5773
1572 1373
5969 6369
1338 1624
6168 6462
1527 1402
6758 5873
1466 1440
6905 5978
1591 1365
6363 6355
1991 1205
6713 6164
1571 1392
6950 5859
1537 1417
7025 6055
1766 1298
6254 6681
1717 1324
6521 6529
1416 1536
6716 6272
1702 1336
7257 6112
1419 1581
7225 5876
1578 1431
6906 6581
1757 1364
7004 6191
1879 1311
7391 6224
1505 1520
7040 6307
1504 1523
7073 7154
1843 1354
6756 7242
1696 1411
1652 1438
1641 1444
1556 1515
1564 1525
1894 1383
1606 1502
1586 1533
1637 1494
1549 1594
1668 1485
1381 1858
1984 1369
1826 1435
1651 1528
1472 1750
1617 1566
1534 1674
1718 1509
1394 1895
1613 1603
1784 1481
1497 1760
1453 1831
1838 1475
1720 1552
1664 1597
1681 1577
1809 1500
1547 1730
1868 1489
1748 1563
1919 1463
1747 1576
1705 1622
1914 1492
1679 1676
2248 1347
1906 1549
2048 1447
1818 1626
1995 1488
1769 1661
1700 1726
2365 1309
1774 1687
2098 1453
1794 1691
1918 1608
1526 1958
1764 1746
1644 1855
1853 1729
1904 1688
1510 2051
1883 1728
1614 1934
1898 1736
1750 1848
2179 1499
1727 1868
1876 1776
1706 1911
1768 1867
2154 1550
1921 1756
2105 1610
2119 1585
2159 1554
2046 1658
1924 1789
1848 1850
1927 1796
2095 1660
1430 2318
2079 1672
2089 1667
2061 1707
2015 1775
2027 1764
2396 1454
2039 1770
2035 1778
1859 1922
2146 1668
2034 1785
2016 1809
2370 1484
1992 1845
2008 1841
1941 1896
1939 1900
2303 1565
1697 2088
2110 1758
1884 1950
1978 1882
1985 1875
2056 1829
1849 1992
2099 1806
2198 1700
2088 1827
1816 2044
2271 1645
1996 1912
1907 1997
1977 1945
1951 1970
2074 1869
2006 1933
1819 2098
1945 2009
2200 1784
2412 1655
2134 1908
2193 1853
2279 1804
2524 1641
2180 1926
2216 1887
2176 1932
1694 2386
2113 1998
2060 2059
2338 1822
2296 1860
2249 1898
2335 1842
2132 2020
1861 2274
1901 2260
2798 1580
2199 2006
2300 1940
2141 2099
2315 1952
2143 2120
2277 1983
2266 1996
2227 2060
2224 2065
2207 2086
2310 2012
2434 1919
2261 2069
2408 1956
2032 2333
2318 2053
2081 2304
2453 1953
2508 1927
2190 2189
2428 1979
1893 2603
2247 2141
2529 1938
2293 2111
2321 2093
2942 1738
2319 2103
2288 2152
2363 2081
2401 2049
2557 1963
2169 2316
2269 2199
2536 2018
2405 2095
2474 2045
2606 1968
2432 2077
2352 2154
2818 1878
2208 2317
3002 1815
1892 2849
2342 2225
2531 2084
2697 1988
2707 1989
2651 2048
2444 2188
2603 2096
2373 2251
2235 2454
2770 2028
2400 2259
2433 2230
2403 2257
2598 2137
2456 2228
2160 2643
2537 2194
2485 2220
2570 2179
2346 2383
3206 1873
2625 2150
2562 2192
3053 1949
2364 2368
2704 2138
2687 2156
2257 2550
3332 1864
2923 2038
2993 2001
2733 2151
2484 2329
2635 2226
2317 2561
2506 2340
2153 2872
2663 2229
2801 2162
2753 2184
2590 2289
2372 2498
2585 2315
3048 2061
2833 2170
2518 2390
2254 2780
2627 2322
2811 2209
2817 2216
2950 2144
2766 2253
2871 2203
2398 2612
2650 2356
2747 2301
2662 2379
2686 2360
2220 2988
2725 2351
2722 2365
3416 1986
2949 2214
2438 2641
2595 2482
2556 2529
2888 2254
2480 2621
2390 2757
2823 2334
2945 2261
2732 2443
2647 2508
3029 2235
2577 2602
2594 2582
2761 2452
2660 2533
2418 2838
2678 2538
2676 2559
2778 2484
2774 2486
3508 2055
2657 2604
2354 3047
2420 2917
2973 2359
2744 2557
3065 2323
2789 2523
2746 2572
3284 2206
2844 2489
3069 2332
3389 2164
2699 2659
3138 2303
3044 2375
2652 2738
2763 2637
3531 2127
3021 2434
3714 2054
2545 2915
3201 2331
2659 2803
2944 2501
2561 2905
3135 2389
2715 2752
2731 2746
2527 2980
2874 2586
3272 2335
2878 2628
2645 2876
3329 2321
2583 3003
2755 2827
3297 2373
2854 2730
2617 2995
2466 3195
2937 2661
3274 2432
2754 2897
3128 2549
3080 2584
2961 2718
2917 2769
3200 2528
2775 2930
2637 3092
2995 2722
2934 2815
2584 3212
2792 2972
3226 2554
2669 3112
3391 2440
3033 2728
3016 2753
2786 3012
3171 2638
3891 2181
2924 2886
2957 2865
3256 2606
3022 2832
3004 2841
3299 2585
3091 2800
3800 2238
3126 2774
3547 2403
3143 2754
2910 2945
3122 2806
3249 2684
2969 2934
3252 2699
2860 3068
3096 2851
3139 2842
3119 2882
3047 2955
3432 2608
2984 3036
3433 2623
2990 3054
3408 2653
3373 2705
3174 2916
2602 3489
3605 2515
3168 2936
2986 3156
3451 2720
2919 3253
2796 3391
3012 3181
3182 3013
3023 3176
3404 2819
3647 2577
3393 2839
3041 3207
3136 3137
3524 2731
3199 3069
3114 3165
3250 3037
3295 2990
3664 2624
3304 2996
3118 3194
3157 3157
3270 3055
3727 2599
3207 3117
3131 3209
3222 3113
3165 3202
3642 2743
3399 2999
3409 3025
3099 3351
3173 3299
3712 2796
3039 3440
3958 2615
4083 2547
3711 2811
3440 3073
3134 3398
3464 3096
4159 2551
3155 3397
3000 3511
3646 2908
3193 3375
3468 3168
2559 4295
3454 3214
4401 2519
3478 3216
3472 3224
4153 2669
3225 3472
3227 3473
3324 3385
3306 3417
3851 2900
2952 3778
3384 3367
3888 2907
3811 2963
3362 3389
3550 3230
3242 3516
3426 3359
3121 3673
3587 3235
3579 3246
3731 3111
3243 3609
3856 3072
3752 3151
3342 3523
4862 2488
3622 3282
3366 3541
3349 3565
3636 3326
2858 4263
3835 3178
3672 3310
4025 3076
3649 3353
3919 3149
3438 3531
3396 3584
4535 2813
3775 3305
3614 3437
4511 2852
4926 2597
4510 2873
3001 4235
3555 3528
4160 3115
3701 3433
3507 3601
3735 3405
3978 3258
3536 3620
4245 3135
3516 3670
3849 3403
4056 3300
3847 3406
3816 3439
4360 3110
4929 2770
3611 3614
3427 3878
4324 3170
4659 2989
3343 4022
3924 3423
4090 3344
3607 3663
3940 3420
4173 3329
3685 3629
3641 3714
4524 3163
4406 3244
3695 3691
3621 3774
3965 3493
3759 3667
3420 4121
4028 3495
3861 3605
4189 3434
4067 3496
3913 3592
3246 4501
3840 3662
3600 3942
3867 3664
4293 3415
4048 3554
4045 3588
4002 3627
4026 3643
4134 3563
3997 3707
4052 3672
4041 3700
4150 3612
5180 3020
4212 3578
3880 3862
3974 3769
3866 3904
3967 3808
4879 3260
3943 3838
4059 3732
4805 3304
4036 3785
4050 3773
4432 3517
4427 3525
4014 3834
4464 3513
4184 3705
4265 3626
4292 3628
4473 3535
4040 3879
3894 3998
4794 3386
4030 3919
4033 3923
4345 3661
3637 4352
3883 4086
3949 4016
4237 3789
3473 4719
4206 3890
4830 3467
3986 4097
4501 3666
3762 4346
4591 3613
4303 3822
3991 4120
4460 3731
4258 3897
4976 3419
4322 3865
4413 3840
4099 4163
4343 3931
4433 3866
4251 4013
4450 3867
4412 3921
4556 3786
4018 4283
4084 4255
3953 4373
4203 4165
4569 3850
4325 4076
4523 3945
4592 3907
4417 4041
4239 4217
4596 3925
4685 3861
4643 3894
4428 4059
4655 3910
5049 3604
4614 3965
4447 4153
4559 4032
4850 3801
4088 4503
4382 4223
4640 4012
5025 3694
4633 4033
4532 4146
4509 4178
4631 4084
4575 4150
3754 4918
4318 4364
5339 3527
4444 4320
5080 3759
4483 4302
4629 4186
3693 5114
5102 3767
4860 3984
4489 4345
4757 4101
4962 3922
4366 4477
3853 4950
4720 4177
4645 4240
4717 4180
4122 4706
3818 5015
4584 4326
4192 4688
4044 4832
4667 4299
5062 3930
4482 4481
4567 4417
4763 4241
5271 3764
4446 4533
5243 3816
4792 4229
4209 4773
4927 4126
5303 3804
4870 4215
3629 5541
4991 4087
4827 4266
5293 3841
4848 4264
5777 3534
4756 4367
5029 4095
4912 4219
4481 4629
4968 4195
4610 4551
4589 4578
4878 4316
4782 4412
5824 3568
4795 4416
5545 3738
5157 4064
4668 4540
5040 4179
4109 5100
4679 4571
4519 4708
4572 4670
4790 4484
4549 4701
5036 4272
5637 3768
4469 4821
5020 4305
4885 4458
5966 3610
5579 3851
4972 4385
4690 4665
4773 4583
4323 5017
4378 4996
4055 5365
4853 4562
5067 4362
4954 4471
5421 4046
4696 4758
4890 4555
4865 4584
4167 5278
5117 4379
3778 5843
4142 5350
5118 4413
5150 4386
5530 4053
4721 4845
4844 4720
5943 3853
4739 4863
5028 4581
6274 3688
4866 4775
5244 4451
5930 3917
4936 4716
4029 5736
4937 4759
5739 4066
5370 4356
4958 4743
4670 5088
5772 4080
4627 5140
5046 4717
4394 5460
4707 5133
6225 3896
4916 4922
5217 4659
4921 4940
5489 4439
5013 4859
5942 4152
6197 3985
3656 6836
4931 5000
5039 4897
4632 5385
5808 4286
5031 4987
5167 4857
6267 4069
4715 5412
5753 4443
5299 4805
5725 4480
5274 4841
4442 5852
5384 4756
6245 4181
5226 4930
5148 5020
5906 4441
5690 4577
5466 4771
5863 4509
5041 5219
5310 4978
5779 4595
5190 5132
5288 5038
5630 4762
5439 4912
5615 4809
5179 5229
5210 5207
5538 4868
4924 5554
6040 4553
5450 4982
5729 4764
5121 5356
5273 5160
5874 4682
5390 5065
5618 4873
5897 4693
5200 5326
6814 4198
6031 4632
5199 5371
5537 5014
6307 4508
5670 4907
4798 5914
6389 4479
6371 4489
5104 5519
5510 5075
5222 5390
5932 4748
5626 4981
6300 4538
5497 5095
5251 5404
5575 5072
5234 5458
5647 5041
5350 5314
5658 5040
4971 5816
4677 6322
5809 4931
6202 4696
5267 5462
5917 4889
5441 5301
6369 4639
5978 4888
6453 4658
5245 5634
5597 5244
6044 4945
5866 5083
5607 5304
5308 5643
5606 5346
5260 5720
5691 5264
5862 5131
5984 5052
5603 5396
6227 4933
5770 5279
5854 5212
5178 6012
5593 5467
5682 5410
5389 5715
5333 5798
5736 5369
6035 5169
5847 5311
6956 4635
5636 5530
5646 5525
5616 5574
6440 4932
7058 4593
5598 5590
5650 5582
5832 5414
6236 5149
5471 5836
6514 5004
5852 5493
5851 5497
5363 6017
5759 5602
6214 5226
5605 5774
6639 4994
5394 6046
6231 5255
7024 4814
5187 6479
5474 6024
6080 5444
5764 5737
7410 4557
5376 6219
6103 5485
5475 6128
5437 6182
6632 5186
6340 5368
7164 4850
5447 6245
6735 5144
6473 5294
5495 6196
5660 5991
5887 5780
6507 5305
5791 5907
6881 5097
6448 5376
6696 5234
5515 6266
7414 4699
5888 5865
6936 5103
6354 5489
6979 5087
6009 5803
5971 5889
6845 5253
6034 5883
6900 5243
6246 5690
5723 6203
6779 5355
6957 5222
5826 6118
5811 6136
6844 5322
5818 6158
6416 5653
6816 5382
5987 6039
5653 6459
6165 5937
6209 5910
6824 5453
6409 5782
5418 6850
6864 5455
6203 5993
5640 6643
6272 5964
6754 5624
6043 6205
6261 5998
5992 6267
5432 6941
6048 6241
6041 6263
6523 5881
7276 5292
5632 6798
6631 5839
6288 6113
6306 6126
5635 6871
6475 6054
6508 6036
6901 5749
5904 6651
5883 6706
6346 6231
7144 5587
6752 5928
7324 5408
6519 6110
6895 5821
5865 6789
6517 6141
7017 5754
7434 5280
5656 7034
5848 6830
6826 5950
7156 5649
5956 6807
7076 5778
7066 5797
7245 5632
6682 6174
5870 6925
6638 6232
6486 6413
6655 6283
6527 6392
5699 7143
6943 6043
7229 5801
6853 6165
6341 6640
7201 5854
7397 5627
7021 6073
7317 5751
6863 6229
5850 7120
6969 6152
6352 6739
6899 6244
6571 6532
6109 6947
6558 6607
6743 6452
6413 6766
7432 5685
7035 6242
7226 6028
6766 6502
6783 6498
7046 6265
6383 6879
6971 6368
6731 6603
6818 6512
7141 6208
6902 6472
7313 5999
6972 6443
6173 7102
7018 6430
6896 6536
7282 6121
6797 6674
7096 6362
7312 6104
6948 6592
7464 5796
6811 6746
7489 5621
7048 6612
6295 7175
6781 6890
7286 6382
7300 6410
6827 6994
6803 7020
7139 6775
7252 6662
7279 6644
6946 7000
7093 6899
7403 6517
6961 7108
7217 6916
7447 6637
7197 7136
6998 7234
7253 7149
7416 6986
7296 7188
7015 7253
7388 7138
7487 6702
7078 7257
7195 7260
7482 7125
289351068 1475597139
1
sift 452
145 423
77 240
19 65
98 270
35 104
284 779
125 485
34 123
159 380
45 126
1880 5573
240 551
47 139
255 587
52 159
2336 5852
247 843
51 177
276 807
53 175
2880 5325
296 738
82 241
298 961
89 226
249 1014
84 271
433 688
97 277
335 1090
91 299
591 1048
108 287
358 970
95 358
542 1384
107 309
410 914
115 375
568 1418
144 318
551 1443
148 319
604 1411
127 390
570 1583
153 341
808 1661
140 383
519 2465
183 429
696 2413
186 448
685 2739
176 538
969 1733
209 685
910 2067
235 567
974 1939
232 623
935 2114
237 664
914 2255
229 796
1005 2086
258 774
790 3651
273 730
988 2386
274 792
1087 2115
283 840
1207 2111
268 902
1075 3545
320 754
1069 2899
392 559
1393 2477
302 831
956 3759
305 818
1325 2935
334 729
1010 3720
312 812
1409 2717
307 832
1208 3582
290 1051
1192 3909
350 760
1942 1991
310 1020
1382 3424
330 929
1344 3325
332 918
1467 3256
313 1056
1462 3315
336 922
1559 3667
376 837
1421 3734
349 1013
1404 4309
353 996
1618 3744
371 960
1582 4068
369 997
1729 3586
374 1025
1734 3829
383 1063
1763 4058
402 975
1461 4821
388 1039
1890 3858
444 968
1678 4391
359 1320
1952 3754
470 987
1821 4120
394 1295
1744 4284
415 1311
1708 4453
489 1060
1738 4332
475 1185
1791 4285
391 1549
1573 5025
435 1341
1983 4248
472 1244
1935 4534
468 1277
1879 5461
488 1230
1836 5490
396 1657
2323 4018
553 1202
2129 4900
501 1421
2093 5089
563 1253
2542 3912
540 1338
3150 3136
513 1452
1987 5727
524 1513
2332 4733
529 1529
2259 4878
587 1354
3090 3793
506 1715
2551 4852
556 1558
2649 5052
628 1448
2749 4864
641 1485
2759 5569
651 1588
2841 5113
661 1571
3263 5955
603 1717
2861 5629
588 1846
635 1788
2930 5686
612 2022
653 1914
3692 5866
626 2117
566 2565
671 2080
708 1959
779 1849
662 2501
719 2220
565 3198
768 2006
751 2129
707 2399
819 1833
806 1941
847 1847
793 2100
725 2529
735 2633
733 2698
818 2146
832 2197
876 2054
1135 1587
848 2208
908 1958
943 1904
887 2140
897 2143
837 2520
870 2384
913 2228
1023 1884
918 2450
950 2375
776 3506
889 2704
955 2439
863 2900
1043 2242
968 2498
1021 2330
1018 2443
977 2544
1020 2452
1058 2391
993 2542
998 2545
1066 2459
999 2606
1168 2185
1033 2558
1074 2496
1071 2521
1478 1682
1054 2679
1170 2352
911 3223
1078 2625
1351 1943
921 3355
925 3440
1400 1893
1082 2818
1212 2562
984 3330
1262 2449
1130 2842
1097 2934
1029 3252
1143 2943
1117 2999
1187 2855
1152 3003
1198 2915
1124 3157
1123 3197
892 4665
1103 3523
1268 2877
1292 2824
1411 2539
1257 3142
1204 3499
1394 2706
1329 2906
1242 3304
1291 3046
1513 2474
1146 4095
1443 2841
1484 2834
1611 2614
1508 2953
1645 2715
1381 3513
1543 2940
1446 3320
1338 3862
1804 2609
1511 3260
1546 3241
1472 3559
1675 2961
1549 3335
1507 3514
1564 3312
1863 2780
1834 2835
1505 3562
1591 3230
1571 3344
1156 5862
1565 3431
1369 4276
1636 3255
1363 4322
1621 3310
1668 3239
1638 3301
1556 3677
1370 4442
1594 3525
1606 3530
1664 3518
1681 3477
1372 4909
1464 4506
1407 4891
1764 3644
1802 3566
1475 4530
2048 3024
1705 3792
1849 3554
1704 3826
1652 3945
1908 3417
1489 4621
1893 3482
1710 3944
1818 3737
1516 4658
1883 3707
1624 4346
1876 3817
1547 4750
1526 4965
1835 4040
1562 4885
2058 3555
1924 3970
1586 4924
2017 3824
1873 4183
1921 4125
1578 5209
1978 4074
2078 3852
1966 4235
1848 4648
1720 5005
1627 5371
1766 4975
1861 4709
2081 4096
1629 5476
2074 4212
1995 4424
2224 3809
2280 3711
2153 4119
1892 5033
2261 3918
1884 5263
2110 4512
2117 4532
2060 4758
2194 4368
2272 4157
2220 4350
2718 3376
2250 4261
2035 5044
2335 4075
1878 5721
2146 4698
2494 3776
2257 4321
2583 3659
2342 4178
2094 5031
2269 4387
2233 4568
2143 4979
1992 5663
2169 4984
2315 4467
2663 3975
2372 4547
2504 4286
2533 4356
2198 5446
2252 5194
2536 4438
2293 5252
2451 4749
2306 5337
2243 5636
2433 4948
2537 4777
2519 4823
2403 5112
2581 4684
2434 5115
2679 4573
2480 5120
2266 5851
2590 5054
2660 4904
2689 4860
2595 5100
2818 4786
2732 4986
2878 4642
2561 5435
2712 5079
2484 5657
2763 5021
2400 5927
3173 4462
2635 5582
2753 5359
2829 5169
2557 5838
2704 5694
2844 5387
2854 5349
2506 5970
3069 5075
2924 5502
3306 4847
2993 5455
2937 5633
3626 4330
2936 5684
3258 5068
3024 5537
3058 5499
3089 5450
3114 5599
3647 4529
3766 4376
3012 5844
3667 4589
3071 5799
3256 5607
2792 5993
3250 5734
3638 5035
3334 5788
3587 5360
3491 5628
3408 5841
3356 5931
3817 5426
4147 5326
3926 5659
3986 5688
5438 5666
289351068 1503000354
1
sift 623
145 343
39 100
19 50
573 1361
77 193
35 81
224 837
125 346
34 102
715 2250
159 299
45 109
284 568
240 420
47 115
1662 3965
255 464
52 130
434 1176
276 552
53 132
1880 3878
296 575
51 141
544 1774
249 753
64 170
2223 5471
410 601
82 195
758 1390
335 808
89 194
2932 5724
591 811
84 200
792 1901
542 1171
90 203
4884 6264
568 1200
97 212
1019 2665
723 953
95 277
604 1173
107 246
1336 3549
570 1315
108 259
696 1743
144 227
1649 4115
683 1197
115 293
832 1441
127 286
1715 4151
519 1817
140 271
808 1603
148 269
2880 4868
844 1402
147 280
910 1507
153 278
4137 5777
935 1717
183 332
1121 1388
186 345
914 1772
217 357
790 2498
211 410
947 2002
235 413
974 1931
237 488
975 2038
232 520
1087 1885
258 529
988 2045
273 550
911 2578
282 545
956 2841
263 629
1117 2514
274 595
1069 2628
268 632
1223 2302
283 617
1009 2919
290 666
1353 2149
312 584
1075 2980
392 452
1204 2746
307 614
1325 2328
305 652
1393 2239
320 618
1344 2394
334 579
1382 2834
350 559
1208 3087
302 721
1467 2728
330 695
1942 1809
313 741
1559 2735
339 636
1421 2584
332 694
1404 3804
336 729
1462 2924
376 699
1703 2902
371 746
1371 3671
349 836
1582 3170
388 774
1729 2705
369 807
1297 4672
359 868
1881 2849
374 843
1461 3873
353 956
1323 4586
415 795
1596 3336
444 735
1698 3183
399 891
1952 2828
394 976
1708 3258
470 834
1791 3133
448 945
1744 3233
426 1030
1890 3076
475 889
1738 3726
468 943
1526 4173
386 1284
1983 3256
472 990
2380 2640
488 939
1573 4490
645 744
1734 4105
501 1087
1815 3984
540 1007
2129 3417
513 1106
1935 3909
553 1039
2093 3948
563 1063
1763 4486
524 1216
2067 4405
608 1041
2057 4193
506 1317
2323 3819
587 1165
1836 4907
556 1227
2551 4107
610 1237
1987 4847
628 1225
3150 3653
641 1262
2259 4419
588 1364
2649 4456
545 1489
2236 4522
651 1300
3090 3870
566 1502
1997 5829
661 1322
2324 5760
773 1161
2511 4261
599 1452
2759 4681
635 1403
2470 4853
612 1462
3654 3454
626 1475
2552 5486
603 1563
2466 6106
629 1607
3415 4167
700 1425
2888 5621
653 1679
3104 4740
708 1551
2846 5887
564 2064
2841 5310
714 1622
2972 5578
751 1495
3019 5246
779 1446
3144 5627
744 1548
3013 5567
719 1636
3263 5579
707 1791
3109 5387
847 1413
3643 5003
806 1525
2876 6120
768 1655
3659 5027
813 1543
3014 5927
819 1553
3589 5184
793 1697
3137 5802
767 1799
3447 5933
876 1538
3057 6062
818 1675
3736 5971
733 2032
3469 5539
725 2099
4558 5624
735 2056
3692 5318
681 2336
4128 6240
848 1742
862 1736
727 2351
908 1666
1135 1345
943 1615
1063 1453
897 1796
984 1643
993 1663
868 2011
887 1951
942 1785
921 1892
913 1906
1225 1436
875 2100
889 2067
968 1859
955 1932
999 1934
865 2490
1058 1874
1054 1896
958 2124
1033 1958
1111 1824
1018 2013
1023 2076
1066 2031
1043 2142
998 2248
1285 1684
1071 2171
1170 1971
1082 2210
925 2765
1029 2387
1270 1843
1168 2153
1081 2323
1131 2208
1187 2128
973 2717
1074 2429
1130 2260
1097 2395
1124 2339
1123 2347
1256 2020
1212 2198
1351 1894
1152 2446
1104 2576
1114 2615
1268 2174
1198 2416
1003 2961
1262 2245
1291 2178
1103 2754
1411 1930
1293 2232
1252 2424
1257 2444
1251 2467
1329 2233
1638 1733
1394 2109
1428 2081
892 4326
1305 2440
1328 2402
1455 2073
1274 2681
1286 2668
1433 2277
1292 2758
1527 2165
1345 2662
1242 2985
1307 2774
1401 2515
1338 2783
1400 2620
1556 2282
1084 4002
1624 2196
1484 2534
1475 2674
1546 2489
1543 2547
1281 3315
1572 2474
1565 2561
1675 2363
1511 2708
1693 2353
1571 2580
1668 2435
1451 2877
1645 2465
1447 2930
1505 2781
1750 2397
1804 2324
1636 2555
1549 2760
1564 2730
1472 2958
1575 2731
1591 2767
1363 3508
1664 2720
1606 2843
1835 2661
1679 2896
1396 3824
1635 2969
1834 2741
1407 3789
1651 2994
1870 2738
1705 2939
1802 2865
1464 3774
1863 2823
1710 3155
1717 3147
1883 2950
1539 3799
1547 3795
1652 3418
1924 2955
1873 3065
1849 3112
1595 3672
1648 3511
1764 3282
1818 3202
1516 4050
1872 3149
1562 3946
1876 3221
1939 3119
2058 2933
1697 3703
1586 4102
1995 3166
2074 3040
1489 4654
1629 4104
2039 3199
2078 3145
2079 3159
1978 3389
1908 3635
2047 3329
1861 3849
1992 3536
2224 3011
2016 3524
1884 3931
2216 3100
1892 4015
1766 4273
2084 3531
2081 3588
2153 3412
2094 3732
2117 3739
2193 3519
2173 3591
1578 5422
2048 3979
2344 3263
2280 3394
1878 4506
2060 4066
2252 3480
2277 3433
2178 3777
2220 3667
2143 3975
2146 4052
1996 4453
2096 4204
2209 3927
2199 3998
2347 3620
2372 3517
2257 3882
2315 3738
1966 5047
2339 3889
2335 3926
2254 4118
2163 4439
2261 4228
2320 4114
2536 3674
2537 3687
2606 3573
2465 3872
2718 3473
2198 4644
2744 3555
2218 4704
2660 3735
2533 3973
2247 4664
2403 4264
2725 3751
2342 4498
2561 4070
2769 3787
2518 4176
2556 4190
2504 4270
2434 4400
2732 4030
2595 4229
2494 4473
2378 4789
2887 3859
2400 4769
2266 5302
2577 4406
2480 4600
2792 4088
2498 4557
2689 4230
2704 4237
2678 4280
2590 4441
2779 4181
2829 4134
2484 4766
2904 4096
2489 4986
2602 4754
2763 4428
2878 4323
3069 4130
2524 5220
3173 4017
2681 4871
2818 4590
2993 4294
2635 5042
2557 5276
3128 4177
2934 4424
3177 4125
2898 4512
2570 5386
2702 5113
2680 5153
2527 5681
2844 4980
3281 4224
2798 5125
2854 4969
3258 4296
2778 5325
2637 5722
2935 4964
3012 4848
3926 3553
3114 4705
3157 4676
2985 5025
3001 4992
3136 4770
2803 5529
3091 4891
3171 4745
2937 5321
3071 5053
3431 4368
2902 5492
3207 4959
2755 6073
3587 4342
3139 5340
2910 5833
3197 5191
3259 5099
2942 5823
2949 5809
3256 5130
3454 4715
3089 5560
3047 5737
3427 4916
3408 4977
3393 5016
3182 5523
3168 5572
3196 5514
3225 5475
3306 5308
3465 4973
3766 4417
3876 4330
3400 5204
3491 5090
3426 5230
3342 5570
3349 5554
3206 5957
3016 6207
3174 6038
3434 5460
3918 4543
3642 4998
3293 5960
3647 5094
3246 6111
3611 5262
3419 5814
3552 5494
3478 5762
3048 6279
3433 5919
3421 5951
3751 5163
3649 5368
3850 5141
3656 5603
4116 4885
3636 5707
3753 5552
3526 6056
3849 5398
3507 6122
3516 6140
3682 5877
3701 5853
4015 5583
3974 5682
3869 5864
4147 5448
3943 5839
3838 6087
3880 6109
4464 5338
4216 5875
4929 4860
4245 5900
4033 6181
4344 5847
4028 6234
4597 5923
4860 6055
4450 6274
4954 6175
5293 6094
4721 6295
5372 6131
289351068 1537327672
1
sift 517
55 20
39 11
45 14
544 175
79 37
52 17
715 225
125 42
95 13
501 205
276 87
89 27
1498 414
358 137
84 33
594 213
410 241
115 29
1721 413
685 158
90 41
947 442
551 180
119 40
1854 460
542 251
107 46
1425 605
955 285
211 66
2825 484
1371 263
399 56
2223 882
1161 300
258 71
3422 707
1208 294
283 68
2480 896
1069 319
310 76
2806 1121
1220 372
273 89
2638 1088
887 380
282 103
3537 1446
988 470
347 91
2818 1231
1018 384
313 101
4907 1305
1699 397
302 107
4639 1472
1097 382
349 96
4997 1562
1393 461
290 116
4896 1676
1074 454
330 113
6258 1519
1841 590
332 118
4551 1796
1503 628
447 102
3493 2121
1462 827
369 133
5511 1667
1708 754
371 134
6512 1791
1703 825
388 140
5605 1784
1853 730
415 143
5328 2351
2862 733
374 157
5697 2017
3174 818
513 125
6644 2209
2846 867
435 148
5690 2251
2332 996
612 159
6329 2273
3019 906
488 192
5844 2242
3584 836
489 199
7315 2500
3180 904
500 198
6001 2265
3137 925
484 210
5449 3049
2649 1124
524 208
6668 2347
2961 991
587 202
5825 2963
2861 1173
563 219
7335 2503
2595 1082
517 230
2845 1248
660 200
6561 2907
3159 1270
651 207
3109 1296
629 224
7480 3399
3575 1193
635 228
3692 1350
767 211
7489 3440
3393 1292
608 275
4339 1258
641 269
3263 1496
553 298
6241 1115
700 282
4055 1397
980 243
4187 1588
908 284
4045 1559
779 313
4128 1662
537 386
4206 1533
806 315
4651 1592
921 289
5155 1696
818 322
4950 1895
876 327
6168 1683
819 347
5123 1898
848 349
5288 1842
1123 318
5379 1843
913 352
5419 1858
1054 333
5230 2040
1214 325
6078 2028
889 366
5969 2092
1102 345
6271 2049
869 383
5665 2207
1152 356
6847 2075
909 406
6160 2240
1048 395
6059 2461
1066 409
6465 2428
1033 420
7063 2241
1150 411
7072 2486
1302 402
5910 2607
1251 425
6905 2571
2154 337
5256 3043
1225 452
7257 2768
1131 486
6370 3300
1478 408
7450 3224
1338 449
7437 3302
1364 446
1489 434
1991 391
1401 479
865 665
984 609
1286 525
1652 477
1334 546
1611 492
1284 582
1262 595
1505 532
1556 547
1475 566
2567 435
1539 565
2271 473
1835 552
1651 587
1606 603
1527 622
1633 601
1645 611
1591 651
2198 560
1861 618
2046 594
1564 678
1485 698
1863 634
1883 637
1838 650
1705 673
1878 653
1419 810
2094 646
2218 643
1894 726
1868 740
2755 597
2016 718
1697 789
1764 776
2557 631
1681 821
1908 773
2637 633
1849 794
2603 644
2434 666
2213 703
1667 857
1876 830
2589 684
2039 820
2143 799
2635 695
3377 635
2059 851
2942 699
2363 816
2874 727
2897 751
1953 938
2602 792
2048 922
2536 814
2074 923
2346 866
2339 870
2209 894
3206 739
3087 768
2993 781
2699 847
2343 919
2678 869
2753 868
2995 839
2352 946
2537 921
2433 935
3166 846
2498 943
2506 978
2216 1118
2533 1008
3168 927
2660 1010
3256 928
4659 791
2556 1071
2581 1064
1834 1375
3156 971
2689 1060
2561 1097
3531 933
2584 1112
3550 936
2518 1139
3139 1003
2763 1098
3225 1009
2910 1072
3526 964
3124 1056
2947 1094
3099 1062
3069 1078
2937 1109
3122 1076
2669 1225
2934 1162
3114 1170
3735 1030
2988 1213
2878 1264
3249 1191
3128 1226
3759 1079
3023 1252
3910 1075
4203 1058
3207 1277
3270 1263
3083 1311
3636 1198
3646 1199
4265 1101
3800 1209
3509 1274
4091 1179
3628 1260
4283 1165
3354 1326
3731 1268
3454 1349
3766 1294
4929 1133
3489 1361
3701 1315
5158 1102
3965 1302
3816 1324
5491 1093
4631 1229
3866 1325
3507 1409
4849 1211
3851 1347
4084 1318
4948 1208
4923 1215
4413 1313
4146 1418
4036 1443
4913 1332
3516 1581
4450 1404
4782 1360
4177 1469
4511 1424
3940 1516
4144 1490
4483 1463
3974 1544
3343 1769
3880 1597
3943 1601
3408 1793
4002 1611
3351 1824
4634 1507
3717 1717
2740 2093
4239 1607
4237 1628
5244 1451
3839 1727
4051 1684
4454 1589
4028 1691
4850 1524
4464 1602
4803 1530
4648 1568
4865 1527
4258 1681
6044 1392
4062 1754
4192 1745
4251 1737
5421 1505
4018 1812
4962 1594
4999 1595
5824 1470
4453 1742
3649 1954
4014 1861
4468 1762
5157 1610
4417 1787
4532 1773
4643 1752
7414 1345
4166 1904
4829 1777
4526 1853
5740 1586
4619 1901
7410 1448
5102 1801
4991 1823
4519 1945
4721 1917
5046 1847
5025 1855
6229 1636
5441 1763
5682 1740
5729 1732
5121 1865
5530 1779
6303 1690
5405 1844
6803 1660
4677 2051
4306 2140
5149 1963
5656 1877
6508 1753
6288 1806
4931 2103
3947 2493
5832 1976
5245 2114
5199 2146
5791 2047
5560 2095
5888 2045
5851 2069
5613 2131
5606 2136
6956 1946
5764 2122
5474 2260
5808 2204
3656 3113
6553 2089
6900 2079
6655 2164
5522 2436
5799 2362
5936 2333
5736 2387
7149 2090
7404 2044
6743 2187
5614 2470
5447 2538
6840 2189
6471 2280
6005 2409
5971 2417
5212 2700
6461 2330
6265 2377
5704 2534
6274 2395
5770 2537
7317 2191
5990 2519
6462 2396
6225 2453
6735 2376
4675 3082
7183 2290
6818 2397
6948 2425
7347 2334
6972 2442
5973 2714
6824 2520
7046 2506
6766 2581
6727 2598
7035 2542
6631 2651
7300 2457
6810 2613
7141 2550
6945 2617
6994 2659
7311 2628
6783 2782
7417 2612
6971 2780
5897 3046
7312 2686
6731 2870
5603 3417
7217 2871
6197 3327
7133 3076
6998 3270
7088 3273
7497 2926
7356 3226
7463 3105
7308 3638
7397 3655
7383 3700
289351068 1615100174
1
sift 1081
48 57
39 71
2 4
58 121
54 100
12 24
55 101
79 118
19 41
145 306
77 143
34 65
172 244
125 307
35 67
246 541
159 252
45 80
267 493
198 310
47 84
284 479
209 343
50 88
245 704
240 313
52 93
348 606
247 355
51 114
404 718
255 364
53 116
401 757
233 424
65 105
434 760
276 442
64 145
593 834
296 466
82 146
573 991
249 540
73 201
754 817
442 835
89 167
705 990
335 555
84 174
715 1616
422 888
90 175
692 1446
358 646
97 180
854 1345
591 706
91 191
792 1356
551 851
107 193
947 1427
542 877
95 222
1039 1626
568 878
119 215
1149 2464
723 766
104 245
995 1986
604 886
115 237
1346 2189
570 1042
127 231
1215 1691
519 1328
144 216
1714 2595
685 1146
153 219
1019 2138
821 1053
140 229
1854 2509
696 1247
147 233
1265 2325
844 1127
118 288
1880 2792
832 1132
148 234
2100 1784
790 1716
164 286
2156 3374
750 1811
183 274
1709 2571
910 1389
176 319
2336 3182
935 1368
186 316
1649 3132
914 1413
217 278
2322 3701
911 1742
211 323
1943 2811
988 1449
219 376
2223 4423
975 1589
237 383
1971 3066
974 1623
229 438
2835 3317
1087 1612
231 452
2295 3552
1223 1464
258 397
2458 4040
1117 1847
239 430
2656 3745
1086 1657
273 429
2827 3889
1174 1772
274 443
2452 4497
1069 1935
282 437
2716 4332
956 2365
268 472
2806 3949
1344 1688
283 462
2932 4644
1060 2279
312 457
2880 4009
1075 2347
314 473
3449 4637
1203 2047
350 422
2922 4208
1393 1651
320 484
3095 5407
1353 1733
305 501
2558 5270
1239 2013
334 475
3036 6351
1010 2766
339 464
2781 5559
1166 2403
392 399
3741 4798
1146 2460
330 495
3537 5196
1208 2354
302 558
3886 5075
1381 2094
332 518
3789 5147
1220 2689
336 531
3662 6084
1421 2016
359 574
3845 5645
1382 2207
349 607
4595 4774
1410 2137
376 549
4244 5522
1467 2095
371 568
4263 5929
1514 2119
374 583
4010 6593
1462 2278
369 588
4588 5763
1559 2077
380 580
4884 5380
1323 2760
388 579
4639 6089
1297 2973
383 596
4617 6275
1582 2260
353 703
4896 6135
1952 1915
346 740
6091 5699
1371 2887
363 670
4857 6729
1596 2433
372 658
6172 5918
1404 2977
402 597
1791 2199
378 659
1698 2505
415 598
1461 2924
394 661
1699 2536
444 594
1767 2386
411 700
1703 2516
426 673
1956 2179
435 656
1653 2644
446 688
1708 2630
470 634
1983 2247
448 694
1526 3016
484 631
1881 2488
447 726
1890 2669
475 680
1744 2871
399 856
1609 3065
468 709
1738 2950
386 900
2129 2698
489 681
1573 3543
391 917
1935 3043
472 736
1815 3508
477 737
2312 2662
488 750
2244 2748
441 879
1700 3869
528 738
1836 3586
553 711
2380 2565
501 822
1731 3848
517 794
2120 3178
668 642
2057 3231
513 857
2093 3284
540 825
2067 3529
524 866
2241 3270
529 852
1987 3771
503 919
2323 3170
645 753
2239 3335
590 807
3090 2430
550 860
2170 3666
506 1007
1997 4292
581 845
2324 3905
608 841
2551 3512
636 847
2565 3791
594 957
2466 4330
588 972
2259 4573
545 1071
2552 4206
587 1027
2470 4276
714 854
3104 3381
661 910
2611 4209
641 954
3150 3484
610 1046
2841 4029
612 1048
2605 4458
629 1043
2861 4137
563 1142
2759 4400
536 1250
3109 3904
635 1047
3312 3663
651 1044
2846 4468
678 1006
2972 4365
510 1456
3013 4288
603 1220
3381 3785
602 1222
3781 3340
564 1307
3654 3491
659 1143
3144 4318
719 1070
2888 4623
634 1201
2544 5841
669 1145
2639 5550
773 1005
3181 4508
708 1130
4215 3303
569 1460
3014 4820
666 1257
2875 5127
630 1343
3159 4787
804 1068
3149 4844
653 1340
3137 4888
751 1148
3447 4568
872 1002
2735 5905
596 1540
3475 4593
700 1265
3110 5036
779 1136
3263 5088
744 1211
2862 5952
767 1195
2807 6266
681 1360
3322 5093
662 1441
3691 4557
813 1134
3057 5786
670 1506
3643 4653
707 1426
3287 5296
806 1218
3575 4909
733 1380
3066 6265
799 1262
3659 5023
818 1245
3254 6350
819 1242
3265 6170
908 1135
3736 5498
825 1284
4747 4414
735 1578
3994 5211
847 1282
4190 5260
725 1628
3631 5932
837 1320
4052 5567
1135 1012
3989 5311
848 1314
4558 4981
727 1697
3528 6335
876 1286
4272 5419
862 1338
3806 6142
909 1302
4651 5319
887 1357
3937 6485
921 1304
4615 5469
943 1290
3865 6670
827 1552
4217 6377
801 1708
3898 6673
918 1378
4005 6638
885 1478
5246 4887
929 1385
4882 5493
958 1336
5256 5000
907 1431
4564 6312
1025 1271
5230 5239
957 1355
4900 5907
897 1519
4522 6524
1063 1259
5478 5146
913 1455
6107 4878
889 1537
4950 6465
993 1332
5053 6372
950 1450
5645 6386
942 1463
5042 6688
811 1910
5921 6303
968 1471
1193 1236
999 1444
984 1473
776 2187
1058 1454
1043 1510
925 1759
934 1775
919 1815
1111 1530
1294 1277
1206 1432
1081 1586
1170 1494
1188 1468
1066 1633
980 1821
1225 1482
1168 1580
973 1913
998 1892
1023 1882
1270 1479
892 2358
1285 1472
1151 1712
1054 1909
1247 1575
1251 1572
1212 1654
1116 1795
1131 1780
1003 2002
1030 1988
1114 1833
1152 1797
1256 1627
1098 1937
1097 1949
1229 1740
1291 1599
1268 1638
1478 1370
1187 1877
1143 1948
1351 1574
1130 1965
1113 2004
1123 2017
977 2470
1214 1921
1102 2146
1305 1709
1411 1569
1104 2210
1198 2115
1242 1991
1262 1960
1338 1828
1329 1854
1286 1922
1359 1807
1443 1703
1257 2072
1094 2599
1266 2175
1428 1865
1084 2888
1292 2228
1556 1741
1221 2579
1543 1778
1389 2033
1508 1864
1244 2568
1401 2087
990 3536
1457 2011
1274 2588
1425 2129
1484 2045
1513 1983
1511 2040
1430 2226
1804 1754
1565 1979
1450 2217
1527 2067
1620 1930
1402 2387
1507 2155
1564 2053
1505 2182
1472 2256
1475 2254
1447 2348
1572 2068
1549 2120
1451 2327
1403 2547
1660 1996
1363 2701
1539 2220
1399 2586
1504 2292
1369 2742
1571 2198
1431 2589
1489 2432
1541 2299
1591 2195
1397 2725
1530 2336
1546 2318
1537 2369
1561 2329
1668 2144
1366 2918
1236 3510
1595 2315
1575 2379
1601 2319
1727 2174
1645 2289
1606 2391
1664 2314
1629 2371
1907 2096
1717 2316
2037 1955
1688 2373
1651 2419
1809 2235
1619 2491
1692 2412
1636 2502
1752 2333
1705 2407
1697 2443
1883 2216
1802 2304
1870 2284
1893 2286
1654 2642
1613 2741
1547 2891
1795 2482
1479 3085
1637 2749
1675 2714
1407 3365
1652 2757
1516 3032
1644 2767
1464 3192
1487 3138
1768 2609
1849 2503
1927 2382
1711 2730
1835 2557
1818 2573
1859 2546
1861 2614
1872 2601
1764 2802
1863 2655
1704 2889
2119 2267
1750 2855
1868 2732
1876 2735
2224 2164
1924 2688
1878 2780
1873 2786
2079 2465
1696 3056
1834 2886
1774 2965
1966 2703
2087 2498
1638 3172
2048 2604
1848 2946
1978 2773
1995 2784
2074 2657
2167 2507
2016 2824
1939 2942
2039 2826
2099 2743
2147 2654
1884 3142
1892 3191
2081 2876
2117 2859
2047 2966
2045 2991
2113 2921
1811 3445
1996 3131
1792 3525
1766 3619
1794 3584
2046 3095
2173 2917
2738 2188
2178 2927
2168 2957
1941 3377
2216 2908
2096 3154
1945 3488
2056 3255
2196 3008
2060 3345
2307 2874
2444 2671
2354 2830
2277 2952
2146 3210
2335 2901
2220 3078
2184 3176
2261 3020
2233 3080
2193 3195
1974 3734
2311 2989
2143 3336
2088 3514
1623 4667
2583 2718
2250 3161
2065 3637
2339 3044
2315 3109
2744 2653
2319 3153
2318 3155
2263 3261
2536 2982
2035 4056
2020 4119
2252 3441
2293 3559
2342 3465
2792 2885
2254 3676
2198 3884
2403 3357
2218 3861
2154 4104
2530 3259
2769 3002
1976 4706
2498 3383
2423 3547
2518 3390
2537 3369
2504 3433
2243 4156
2533 3506
2662 3332
2602 3444
2678 3388
2433 3789
2434 3797
2689 3394
2400 3901
2595 3566
2396 3965
2417 3960
2620 3588
2590 3632
2360 4171
2556 3776
2230 4582
2279 4451
3836 2477
2432 4026
2829 3397
2420 4091
2512 3913
2725 3601
2993 3248
2904 3354
2660 3752
2506 4011
2589 3939
2753 3693
2449 4255
2704 3813
2681 3870
2763 3732
3068 3341
2789 3765
2718 3900
2696 3953
3349 3107
2635 4058
2779 3855
2584 4219
3173 3360
2973 3594
2448 4585
2897 3784
2625 4308
2413 4734
2603 4377
2557 4474
2527 4555
2934 3888
3069 3707
3083 3692
2844 4048
2628 4422
2585 4511
3023 3794
2638 4470
2937 3964
3171 3639
2780 4291
2878 4089
2860 4151
2370 5342
2793 4373
3091 3903
3156 3845
3048 3988
2936 4187
3626 3244
3114 3962
3918 3034
3599 3302
2798 4507
3143 3993
3071 4093
2920 4325
2524 5159
2969 4282
3031 4194
2902 4383
3025 4224
2984 4298
2892 4428
2869 4520
2594 5096
3058 4286
2637 5009
3128 4196
2885 4527
2854 4586
2818 4691
2772 4806
3096 4321
3177 4188
3139 4283
3256 4098
3157 4260
3429 3853
3356 3951
3041 4459
2926 4600
2783 4956
3089 4435
3281 4164
2731 5131
2942 4651
3064 4492
2673 5350
2857 4897
3250 4335
2817 5050
3001 4655
2500 5982
2391 6423
3168 4484
3215 4419
2713 5490
3230 4472
2770 5357
2508 6116
3342 4301
2697 5591
2961 4884
3196 4533
3134 4627
3131 4647
3225 4517
3047 4770
3207 4554
2728 5588
3405 4246
3371 4339
3243 4545
2765 5511
3587 4007
2567 6225
3315 4514
3431 4343
3656 3967
3400 4404
3611 4052
3016 5055
3647 4013
3433 4426
3021 5201
2949 5412
2874 5592
2606 6427
3432 4499
3231 4838
2711 6229
3646 4207
3222 4911
3087 5235
3155 5089
3343 4717
3490 4510
2837 6018
3384 4720
3629 4381
3426 4683
3438 4664
3434 4677
3221 5186
3012 5703
3850 4158
3174 5339
3201 5294
2935 5921
3206 5337
3166 5467
3122 5639
3389 4999
3008 5939
2703 6662
3465 4876
3642 4569
4258 3893
3876 4314
3393 5079
3419 5053
3366 5208
3451 5038
4798 3556
4047 4261
3408 5253
3531 5001
3209 5925
3958 4479
3641 4881
3399 5485
3676 4847
3682 4839
3421 5507
3375 5627
3526 5240
3766 4766
3306 5857
3507 5362
3299 5936
3926 4614
3478 5509
3649 5078
3468 5638
3965 4665
3423 5793
3636 5247
3524 5589
3943 4771
3914 4818
3284 6307
3509 5717
4008 4750
3277 6382
3701 5281
3752 5185
4040 4792
3847 5062
3779 5246
3869 5140
3440 6114
4044 4886
3894 5120
3672 5541
3851 5206
3765 5384
3880 5161
3857 5226
3735 5472
3838 5326
3759 5614
3978 5266
4014 5219
3840 5555
4232 4940
4045 5295
3940 5446
3910 5557
3731 5909
3768 5880
4028 5428
4002 5534
3964 5616
4251 5156
4239 5199
4024 5594
3547 6562
4380 5076
4242 5264
3653 6359
4249 5255
4015 5688
3621 6453
4029 5712
4050 5713
4759 4716
4036 5791
4358 5286
3974 5893
3824 6165
3924 6002
4059 5828
4189 5653
4721 4894
4006 6046
3866 6400
4325 5621
4147 5946
4105 6045
4531 5378
5438 4334
4084 6143
3723 6661
4203 6015
4122 6155
4336 5813
4166 6092
4526 5640
4422 5794
4450 5765
4619 5506
4138 6295
4675 5462
4026 6487
4192 6255
4131 6347
4209 6219
4556 5705
4270 6153
4532 5789
4478 5873
4703 5573
5117 4941
4631 5709
3837 6689
4427 6072
4413 6094
4139 6522
4150 6541
4023 6658
4527 6029
4289 6445
4313 6418
4229 6544
4350 6450
4482 6272
4954 5473
4597 6095
4417 6387
4591 6102
4717 5927
4575 6186
4991 5504
4866 5744
4720 6016
4932 5667
4794 5937
4610 6273
4643 6206
4335 6620
4844 5903
5372 5107
4549 6442
5055 5624
4921 5895
4655 6390
4596 6473
4879 6195
4848 6371
4752 6614
5271 5843
4890 6481
5171 6190
5243 6079
5288 6043
5031 6507
5363 5963
5149 6392
5770 5515
5690 5829
6553 5015
5334 6500
5570 6338
6004 6115
5501 6643
6791 5537
5725 6573
5699 6654
5423 6709
6995 5823
5942 6665
6126 6640
7252 6629
289351068 1750469169
1
sift 2118
58 62
15 12
5 4
166 191
24 24
6 8
224 268
39 36
9 6
277 349
54 58
19 18
246 365
77 67
23 26
404 446
71 79
45 39
401 470
79 91
44 48
434 469
103 110
47 49
541 531
125 121
49 53
564 696
159 160
65 65
572 560
184 197
66 78
609 689
198 195
73 73
754 496
215 227
64 87
705 636
249 235
75 84
715 526
255 273
80 81
639 831
276 282
82 86
783 753
296 293
84 97
758 771
358 372
87 99
792 821
422 434
97 88
816 1105
410 474
90 90
891 1253
400 507
91 103
995 1190
519 483
92 111
1149 1083
495 576
115 109
896 1358
520 584
107 120
1215 1154
604 512
104 123
948 1417
542 557
121 115
1039 1334
551 551
106 124
1019 1392
570 566
127 140
1346 1305
568 628
132 139
1283 1497
591 632
139 135
1331 1461
685 639
148 132
1336 1533
790 642
140 137
1233 1795
861 592
147 144
1265 1780
836 644
118 169
1412 1590
683 845
157 153
1358 1779
910 807
153 156
2100 1369
956 776
164 166
1714 1628
765 975
168 172
1689 1725
1161 701
181 173
1649 2004
879 921
188 164
1733 2202
914 890
183 183
1943 2368
686 1265
208 175
2295 2021
1075 813
204 205
2336 2065
959 875
212 210
2322 2102
844 1006
211 213
1852 3039
1010 880
228 184
2223 2400
947 929
218 201
2377 2288
1069 854
180 261
2458 2473
935 968
191 254
2452 2544
1097 949
239 217
2376 2568
978 953
217 244
2824 2246
1022 1063
264 224
2726 2490
1208 945
219 270
2558 2676
1165 1003
232 252
2688 2673
988 1165
270 229
2509 2893
1087 1120
236 256
2880 2545
987 1247
268 246
2656 2849
1220 1060
261 258
2932 2667
1088 1201
251 272
2886 2921
1371 958
254 285
2806 3106
1192 1157
258 284
2624 3384
1404 990
274 276
2922 3036
1393 1101
273 283
2868 3348
1325 1229
282 279
2825 3466
1174 1419
321 266
3095 3383
1476 1148
291 299
3167 3381
1239 1374
307 281
2831 3855
1353 1292
370 240
3036 3708
1514 1180
283 325
2787 4152
1436 1283
312 309
3042 3862
1409 1301
305 321
3923 3123
1197 1559
310 330
3707 3327
1223 1607
290 352
2838 4467
1385 1408
330 326
3369 3698
1297 1523
334 319
3688 3495
1421 1402
349 315
3741 3750
1344 1504
332 342
3789 3734
1874 1204
339 337
5207 3188
1559 1395
336 347
3695 3974
1425 1434
302 419
3603 4462
1467 1473
391 341
4073 4070
1766 1304
381 350
4499 3709
1382 1619
351 371
4057 4522
1545 1508
364 364
3544 4758
1582 1571
403 351
4244 4521
1699 1485
388 367
4263 4400
1555 1690
363 385
4034 4752
1744 1605
359 416
4884 3901
1599 1640
371 393
3502 5956
1731 1633
369 396
4639 4496
1462 2026
384 380
4271 4951
1708 1758
383 397
3449 6341
1997 1550
355 439
4919 4436
1881 1672
406 376
4928 4528
1703 1855
374 418
4548 4908
2120 1537
386 426
4374 5070
2082 1563
413 406
4327 5454
1890 1811
426 390
4857 5134
1987 1665
415 413
4818 5576
1815 1982
378 463
4997 5512
1983 1829
420 429
5695 5441
1935 1943
447 404
5859 5330
2073 1871
398 461
6277 5101
1841 2109
448 452
5449 5858
1738 2153
444 458
5060 6548
1938 2069
392 503
6158 5334
2066 1940
476 430
5867 5591
1791 2268
472 448
6199 5771
1729 2467
470 455
5792 6285
2611 1637
513 399
6329 5879
2429 1827
465 468
5781 6823
1745 2657
412 522
6310 6611
2735 1683
487 476
5908 7010
1734 2727
468 491
5712 7151
2129 2344
645 369
7315 5766
2130 2394
505 462
6823 6310
2383 2087
563 437
6421 6713
2128 2416
441 638
7287 7016
2239 2254
506 535
2332 2178
501 559
7122 7206
2323 2253
486 610
1805 3088
517 545
2359 2199
796 423
2170 2614
533 552
2142 2725
599 497
2312 2474
524 574
2542 2375
540 556
2759 2297
529 587
2552 2491
602 523
2604 2454
581 553
2379 2707
553 580
2855 2283
608 546
2929 2235
558 598
2749 2505
584 620
2470 2880
596 602
2649 2683
594 623
3312 2175
672 562
2972 2410
651 583
2665 2705
574 661
2551 2895
543 713
2768 2638
613 648
2906 2526
587 668
3027 2524
660 619
3104 2502
588 688
2846 2819
629 660
2324 3509
641 656
3066 2711
727 594
3415 2434
626 677
2845 2956
532 802
2639 3176
630 675
3059 2757
659 658
3504 2384
590 725
3018 2829
653 674
3327 2644
777 578
3093 2844
684 662
3030 2922
678 667
2841 3126
662 683
3057 2901
612 741
3013 2963
635 732
3191 2947
735 652
2994 3130
780 630
3144 3133
733 666
3288 2986
696 705
3109 3237
670 742
2736 3612
606 811
3146 3234
717 707
3014 3310
773 663
3361 2982
768 672
3110 3307
707 748
3654 2762
744 729
3445 2973
759 717
3627 2871
751 722
3350 3183
847 647
3159 3440
634 857
2807 3856
708 796
3612 3125
743 761
3263 3505
681 848
4338 2679
722 812
3963 2943
779 758
3691 3162
767 829
3643 3231
806 790
3447 3439
749 855
3781 3117
885 721
3180 3735
827 766
3090 3861
872 738
3596 3340
819 801
3658 3349
851 786
3687 3338
719 954
3623 3467
813 828
3736 3424
794 886
3733 3469
1191 634
3865 3394
865 809
3467 3758
1062 686
3443 3867
714 1007
3916 3335
818 858
3898 3438
837 852
3574 3714
809 906
3469 3873
826 873
3700 3652
937 789
3475 3989
882 849
3806 3625
908 823
3784 3664
941 798
3610 3863
918 825
3909 3591
1171 697
4003 3658
1000 777
3613 4120
874 891
4479 3477
913 847
4194 3775
884 879
3737 4222
848 919
4070 3928
876 904
3937 4080
877 905
3589 4573
892 898
4280 3798
804 1017
3960 4149
862 942
3631 4547
1081 795
3927 4185
907 914
4339 3847
887 941
4128 4019
897 947
3994 4137
925 915
4019 4180
1060 832
3050 5574
980 899
3989 4260
799 1164
4484 3870
909 959
4224 4086
1109 836
4005 4363
940 940
4247 4144
870 1059
3902 4509
973 925
4747 3805
916 980
4397 4131
889 1033
4151 4364
911 999
4508 4270
1003 923
4272 4508
1400 712
4872 3980
981 938
4615 4263
955 961
4286 4569
998 952
4651 4248
936 1021
4076 4822
1052 950
4585 4340
950 1034
4267 4710
989 989
4738 4271
1225 856
4565 4500
1029 978
4714 4420
1155 916
5431 3801
942 1092
4187 4984
832 1274
5129 4116
1073 973
4522 4718
1025 1012
4950 4291
1020 1023
5435 3959
928 1153
5176 4169
901 1202
4825 4531
1042 1028
4607 4799
1008 1062
5159 4255
1018 1057
3901 5501
1078 995
3634 6041
1206 935
4708 4788
1068 1036
4925 4551
1046 1072
4505 4960
1074 1049
4195 5317
1066 1078
4984 4516
993 1133
4371 5166
977 1156
4731 4860
1130 1005
5898 3872
1133 1011
5100 4479
1033 1112
5247 4361
960 1194
5115 4495
1063 1098
4110 5568
1160 1015
5196 4426
1478 820
4711 4963
1120 1061
5042 4679
1054 1138
5590 4147
1021 1163
5415 4330
1123 1069
4605 5133
1151 1064
4800 4971
1117 1089
5123 4714
1098 1111
5393 4412
1168 1065
5228 4622
999 1209
5378 4499
1058 1177
5493 4435
1094 1131
5124 4949
1059 1186
5057 5031
1125 1115
4503 5667
1071 1179
5645 4538
1216 1056
4952 5170
1083 1160
5053 5083
1116 1141
5629 4732
1146 1127
5111 5182
1141 1137
5562 4789
1172 1121
5094 5205
1232 1107
4466 6018
1169 1169
5527 4862
1044 1282
5627 4868
1111 1226
4831 5742
1085 1245
5215 5320
1267 1082
6059 4665
1219 1155
5837 4804
1203 1175
5961 4725
1187 1192
5276 5287
1212 1173
6213 4614
1222 1172
4776 5973
1214 1178
5193 5470
1296 1077
6063 4756
1334 1045
5939 4846
1229 1166
4967 5803
1031 1348
5516 5179
1186 1234
6154 4776
1340 1085
5397 5328
1256 1183
4897 5971
1103 1314
5230 5533
1114 1320
5317 5502
1262 1199
6057 4910
1135 1321
5741 5156
1242 1237
5983 5005
1291 1187
5392 5499
1610 939
5565 5373
1345 1151
6107 4970
997 1464
5246 5761
1328 1167
5749 5268
1370 1146
6113 5110
1170 1346
5478 5650
1156 1360
5921 5335
1273 1262
5567 5635
1230 1315
4278 7241
1311 1228
6065 5245
1428 1123
5972 5333
1124 1400
6547 4974
1443 1119
6641 4933
1152 1404
5661 5654
1361 1218
5559 5791
1319 1256
5332 6057
1383 1205
5314 6116
1369 1219
5831 5642
1464 1134
6398 5236
1638 1010
6677 5113
991 1655
7065 4973
900 1956
6646 5286
1387 1225
6241 5564
1302 1293
5819 5991
1259 1351
6194 5679
1349 1279
5581 6380
1268 1339
5730 6243
1341 1286
6078 5919
1475 1212
6275 5732
1270 1375
5419 6738
1337 1331
6296 5815
1435 1258
6876 5416
1286 1388
5379 6893
1294 1379
6271 5907
1645 1126
6168 6004
1321 1371
6407 5836
1292 1406
6291 6174
1366 1343
6304 6165
1450 1281
5969 6539
1461 1278
6713 5920
984 1944
6493 6148
1403 1326
6312 6432
1431 1308
6680 6305
1351 1372
6363 6522
1826 1117
5947 6985
1329 1421
6235 6748
1251 1548
7040 6020
1615 1236
6090 6930
1305 1474
6254 6816
1236 1645
6431 6706
1813 1200
7025 6168
1636 1267
6905 6396
1414 1409
6906 6440
1808 1203
7079 6303
1516 1344
6716 6756
1389 1444
7004 6474
1451 1387
6777 6793
1675 1266
6521 7110
1307 1600
7225 6632
1479 1403
6950 6803
1507 1389
7391 6395
1446 1443
6758 7065
1591 1350
7062 7041
1466 1466
7246 6956
1221 1960
7171 7091
1424 1535
1527 1427
1596 1381
1543 1432
1609 1397
1397 1622
1550 1441
1843 1325
1505 1486
1572 1440
1534 1476
1338 1824
1519 1501
1718 1384
1537 1493
1469 1573
1625 1424
1804 1356
1578 1459
1419 1681
1433 1673
1454 1641
1594 1457
1416 1716
1624 1446
1355 1850
1274 2008
1556 1530
1629 1458
1786 1399
1702 1431
1504 1618
1330 1931
1580 1525
1376 1865
1576 1543
1619 1492
1668 1472
1411 1809
1660 1481
1564 1587
1547 1623
1497 1692
1717 1463
1634 1503
1757 1445
1571 1576
1549 1630
1652 1499
1613 1549
1811 1436
1614 1558
1472 1790
1511 1735
1704 1505
1696 1532
1579 1651
1664 1567
1606 1650
1622 1653
1802 1516
1705 1680
1565 1836
1441 2040
1748 1659
1747 1670
1720 1691
1650 1751
1688 1721
1586 1828
1756 1684
1991 1480
1915 1553
1700 1761
1774 1695
1918 1580
1818 1686
1410 2139
1984 1538
1809 1697
1879 1657
1750 1778
1663 1840
2048 1540
1784 1784
1684 1870
1927 1671
1883 1714
1853 1765
2023 1608
1867 1768
1924 1711
1859 1783
1906 1767
1643 1979
1290 2712
2033 1644
1727 1918
1990 1696
1794 1872
1595 2055
1764 1913
2027 1689
1995 1706
1739 1972
1769 1945
1876 1858
2015 1724
1849 1892
1907 1876
2017 1782
1873 1901
2065 1764
1848 1974
1973 1844
1947 1884
2046 1815
2159 1698
1939 1925
2095 1796
1992 1883
1518 2401
2099 1799
1872 2010
1916 1980
2179 1709
2154 1736
2148 1747
2039 1860
2110 1814
2020 1897
2079 1846
2088 1841
2118 1822
1996 1954
1898 2054
1908 2056
2146 1826
1978 2003
2198 1788
2047 1935
2038 1962
2008 1998
2094 1912
2074 1933
2164 1845
2006 2013
2539 1514
2271 1732
2054 1973
2227 1819
2113 1949
2524 1560
1839 2242
2119 1968
2310 1773
2081 2039
2132 1984
2327 1803
2194 1937
2216 1916
2370 1771
1945 2217
1735 2459
2444 1757
2032 2157
2266 1934
2218 2011
1884 2382
2261 1961
1819 2472
2364 1862
2307 1924
2059 2174
2279 1988
2340 1969
2396 1906
2669 1738
2482 1868
2078 2276
2098 2259
2503 1861
2141 2215
2163 2181
2303 2061
2320 2053
2247 2114
1893 2646
2412 1993
2199 2193
2296 2098
2321 2095
2677 1848
2143 2328
2235 2184
2211 2251
2293 2150
2531 1985
2580 1959
2401 2077
1892 2817
1948 2731
2318 2186
1977 2738
1861 2946
2315 2229
2520 2058
2448 2096
2713 1964
2257 2314
2300 2289
2250 2386
2818 1958
2220 2471
2432 2176
2533 2116
2342 2317
2269 2408
2319 2372
2798 2023
2833 2005
2096 2815
2267 2483
2367 2358
2352 2388
2567 2163
2363 2377
2373 2360
2254 2529
2434 2298
2317 2457
2433 2316
2366 2398
2344 2452
2633 2145
2455 2327
2372 2424
2570 2255
2598 2222
2659 2168
2403 2430
2160 2872
2557 2326
2583 2309
2905 2083
2744 2179
2871 2106
2512 2379
2537 2378
2217 2840
2770 2197
2495 2429
2712 2267
2339 2665
2753 2243
2536 2428
2662 2321
2409 2577
2585 2392
3178 2028
2506 2481
2590 2399
2407 2608
2813 2247
2400 2629
2697 2354
2405 2641
3226 2044
2562 2477
2553 2485
2603 2443
2518 2534
2556 2518
2418 2684
2644 2436
2420 2688
2923 2226
2508 2590
3002 2166
2484 2625
2663 2446
2564 2541
2647 2487
2710 2445
2561 2582
2817 2356
2733 2438
3215 2111
2498 2686
2595 2585
2660 2522
2686 2507
2635 2546
2957 2300
2942 2320
2378 2919
2504 2760
2945 2350
2584 2677
2696 2586
2610 2661
2725 2553
2526 2779
2738 2558
2581 2748
2263 3244
2766 2549
2747 2592
2629 2699
2689 2652
2950 2426
2637 2724
2678 2702
2844 2532
2652 2729
2742 2649
2704 2697
2620 2764
2737 2663
2812 2600
2832 2570
2625 2782
3250 2275
3048 2409
2627 2783
2715 2718
3008 2449
2938 2510
3236 2305
2573 2944
2904 2578
2924 2569
2667 2861
3088 2475
2709 2836
3053 2509
2823 2715
2783 2763
2606 2968
2809 2753
2471 3137
2578 3014
2529 3095
3230 2418
2949 2651
3512 2240
3029 2606
3220 2456
2718 2931
2676 2976
2887 2740
3044 2623
2793 2859
2480 3235
2763 2882
3058 2616
3766 2112
3340 2385
2979 2671
2902 2755
2636 3063
2990 2704
2878 2806
2898 2775
2732 3028
3021 2737
2594 3207
2457 3358
3218 2588
2954 2810
2786 2991
2973 2796
2995 2766
2499 3334
2801 2989
2375 3518
3069 2728
2944 2843
2587 3266
2778 3022
2888 2907
2953 2865
2874 2949
3332 2537
3284 2597
3673 2280
2690 3184
2913 2935
2934 2927
3043 2837
2645 3269
3143 2759
3126 2781
2390 3603
2638 3294
2937 2961
2984 2899
3174 2742
2834 3071
2650 3298
3089 2833
2892 2993
2699 3280
3389 2581
3162 2802
2917 3018
2933 3010
3112 2868
3524 2497
3377 2632
2857 3131
3297 2720
2936 3041
2993 2983
3135 2905
3714 2391
2920 3100
3022 3011
3423 2655
2792 3302
2848 3250
2897 3156
3965 2299
3299 2797
3171 2916
3016 3064
3274 2842
3404 2716
2577 3576
2969 3149
2961 3157
3429 2723
2931 3213
3080 3069
3200 2966
3006 3144
2974 3170
2789 3378
3440 2747
3070 3110
3047 3134
3272 2938
3139 3058
3439 2777
3189 3030
3128 3121
3474 2768
3391 2858
3083 3172
3122 3152
3091 3193
3373 2896
2860 3434
3212 3097
3207 3101
2559 3822
2545 3857
3432 2891
3409 2917
3531 2792
3096 3274
3646 2708
3154 3218
3835 2591
2884 3488
2952 3429
3201 3197
3182 3216
3157 3260
2755 3650
3328 3077
3599 2803
3617 2786
3102 3323
3252 3202
3579 2850
2999 3443
3547 2884
3393 3050
3281 3209
3316 3164
3134 3343
3412 3055
3222 3282
3114 3370
3196 3330
3012 3514
3068 3476
3451 3094
3270 3299
3164 3374
3491 3044
2530 4198
3131 3471
3118 3478
3033 3538
3526 3034
3099 3499
3399 3215
3330 3303
3041 3577
3464 3165
3468 3167
3891 2824
2908 3756
3566 3104
3304 3376
3173 3521
3642 3054
3727 2987
3986 2839
3419 3332
3342 3437
4124 2769
3155 3623
3555 3223
3396 3367
3948 2904
3039 3780
3120 3712
3858 2985
3257 3587
3478 3386
3225 3677
2986 3934
3243 3673
3306 3594
3527 3353
3885 3052
3855 3085
3401 3522
3349 3578
3151 3840
3000 4012
3862 3136
3266 3728
3438 3539
3197 3817
3433 3545
3516 3479
3454 3532
3362 3622
3811 3232
3598 3416
3636 3388
3348 3732
3685 3368
3296 3845
4159 3078
3747 3357
3888 3286
3616 3490
4056 3161
3203 3981
3426 3722
3507 3631
3718 3442
3731 3446
3745 3432
3365 3866
3919 3318
5180 2583
3856 3389
3637 3562
3647 3559
3193 4133
3056 4338
3672 3546
3851 3444
3710 3551
3605 3662
3664 3611
3550 3744
3242 4177
3682 3610
4173 3290
3775 3548
3930 3464
4312 3227
3621 3721
3587 3777
3649 3723
4497 3142
3910 3530
4153 3380
4011 3492
3199 4427
3826 3663
3536 3993
3849 3665
3816 3694
3896 3637
4803 3103
3641 3924
3600 3978
3472 4199
3756 3842
4036 3635
3650 3986
2991 4939
3611 4030
3676 3964
3997 3704
4736 3264
4090 3644
4862 3160
4245 3529
3751 3914
3924 3764
3735 3955
4310 3534
3978 3796
4469 3489
3712 4065
3958 3834
3857 3927
4006 3809
4144 3719
4094 3762
3701 4127
3876 3954
4367 3581
4045 3827
3906 3946
3509 4432
4926 3279
4059 3841
4050 3858
4401 3601
4197 3748
4432 3592
3880 4024
3993 3929
4854 3363
4264 3743
4150 3846
4043 3931
3861 4089
3779 4178
4326 3736
3974 4014
4879 3420
4582 3605
4018 4020
3894 4128
3246 5085
3833 4210
4002 4067
4212 3906
4350 3811
4360 3813
4265 3899
3840 4264
4131 4003
3227 5202
3866 4279
3759 4399
4292 3911
4378 3860
4618 3695
4446 3814
4258 3940
4030 4155
4026 4158
4223 3979
4237 3975
3765 4433
4189 4042
4044 4171
3473 4903
4028 4194
4099 4166
4957 3526
4162 4123
4206 4092
4382 3969
3847 4456
4138 4183
4282 4060
4322 4021
4242 4095
4184 4160
4084 4282
4809 3701
4372 4041
4447 3992
4563 3922
3824 4616
4361 4091
4047 4371
4591 3917
3991 4446
4524 3984
3949 4501
4363 4111
4460 4040
4450 4051
3818 4675
4052 4415
3754 4764
4192 4308
4001 4530
4656 3949
3940 4643
4683 3973
4431 4168
4850 3838
4251 4323
3883 4727
4303 4292
4309 4293
4757 3951
4433 4226
4320 4319
4355 4299
4932 3829
4488 4224
4425 4277
4239 4452
3931 4777
4777 3996
4671 4102
4523 4231
4359 4357
4464 4275
4324 4389
4427 4314
4675 4126
3804 4934
4614 4186
4313 4441
4473 4347
4516 4302
3652 5219
4325 4505
4532 4322
3838 4979
4229 4653
4108 4780
4481 4409
3693 5229
4790 4135
4599 4333
4592 4339
4323 4604
4554 4387
4521 4423
4567 4381
4343 4628
4611 4362
4662 4327
4685 4316
5083 3957
4655 4349
4808 4212
3947 5015
4482 4554
4336 4700
3656 5458
4041 4962
5157 3956
4483 4575
5291 3852
5752 3570
4596 4511
4824 4289
4549 4595
6103 3475
4752 4396
4040 5100
4972 4217
4877 4306
4796 4390
4794 4395
4575 4642
4033 5138
4569 4666
4417 4797
4436 4772
4860 4353
4717 4527
3629 5739
5142 4139
4667 4663
4418 4865
5092 4219
4724 4591
4519 4794
4526 4790
5243 4097
4720 4627
3962 5357
4448 4884
4610 4759
4055 5298
4802 4582
4813 4576
4805 4586
4631 4806
4428 4958
4827 4612
4865 4579
4587 4851
4878 4580
5049 4391
4953 4494
5062 4392
4038 5433
4209 5233
5011 4458
4442 5017
4912 4598
4696 4828
5412 4119
4848 4697
4715 4829
4679 4883
4721 4856
3918 5675
4386 5169
3683 6135
5726 3970
4804 4813
4226 5383
5135 4518
4936 4711
4779 4869
4937 4722
4444 5220
4739 4942
4589 5096
5530 4207
4318 5380
4029 5782
4977 4757
4870 4879
5704 4109
4142 5621
4580 5176
4783 4966
4645 5128
5102 4704
4166 5633
5118 4701
4916 4890
5324 4489
6537 3766
4844 4978
5020 4833
5012 4845
5117 4770
5036 4872
5930 4125
5244 4699
5372 4549
5067 4870
5149 4826
4866 5090
4707 5276
4921 5016
4976 4972
5942 4188
4501 5518
4782 5228
5071 4944
5443 4621
5121 4915
5363 4709
5421 4684
4958 5092
4633 5490
5677 4487
6375 4064
5026 5071
5893 4350
4394 5837
5507 4691
5257 4891
5628 4581
5046 5107
4691 5515
6305 4153
5497 4741
4991 5200
5739 4546
5339 4898
5013 5244
5707 4658
5355 4912
4915 5395
4924 5378
5031 5273
4353 6153
5236 5074
4669 5743
5510 4875
5025 5341
5808 4668
4383 6229
5897 4630
4998 5411
5299 5069
5003 5413
5254 5117
5245 5157
4847 5600
5198 5224
5417 4975
5384 5007
4834 5636
5607 4880
5966 4644
5410 5009
5669 4838
4467 6244
5288 5165
5258 5189
4744 5844
5777 4785
4989 5507
5545 4950
5343 5136
5450 5047
4748 5909
4968 5573
4632 6154
5104 5492
5459 5109
5063 5538
5701 4918
5217 5401
5156 5474
4755 6021
5647 4982
5222 5437
6236 4648
5686 4965
4682 6208
5439 5191
5779 4927
5680 5000
5367 5291
5260 5446
5670 5048
5409 5295
5791 4961
5537 5185
5538 5193
4677 6358
5725 5032
5029 5822
4698 6378
5636 5158
4893 6036
6371 4708
5370 5419
4971 5952
5729 5102
5389 5409
4799 6262
5984 4938
5824 5049
5577 5256
5148 5768
5200 5697
5809 5082
5724 5150
5963 4977
6639 4637
5155 5787
5267 5598
5573 5307
5599 5281
4640 6642
6779 4599
5560 5370
6218 4906
5350 5586
5476 5478
5387 5552
5763 5230
5606 5381
5847 5178
6227 4917
5798 5212
5618 5406
5736 5310
6005 5105
5442 5570
5390 5638
5658 5407
5743 5345
6234 4994
6202 5022
5475 5601
5169 6073
5447 5670
5310 5873
6267 5019
5466 5678
6196 5084
6080 5167
5116 6220
4816 6736
5917 5305
4283 7230
5273 5981
5515 5684
6040 5250
5308 5969
6524 4955
6161 5180
5580 5662
5696 5554
5234 6205
5522 5792
5886 5447
5958 5386
5550 5783
5494 5857
5979 5403
5303 6123
5423 5954
6389 5119
5700 5641
5603 5774
5758 5607
5682 5696
5437 5983
5874 5528
6734 5004
7143 4782
6300 5266
6129 5394
5470 6033
5971 5551
6516 5186
5264 6434
5505 6098
5402 6255
5605 5999
5826 5752
5755 5838
5637 5976
5593 6025
5646 6006
5394 6359
5832 5826
5319 6512
6514 5321
4597 7246
6936 5079
6814 5153
5597 6144
6079 5683
5333 6599
6038 5736
6048 5738
6833 5215
5480 6426
6446 5466
6193 5655
6675 5363
5904 5960
5892 5972
5616 6325
5723 6183
5265 6850
6039 5893
6198 5797
6217 5785
5932 6038
6303 5728
6272 5751
6123 5906
5935 6085
6203 5864
5592 6576
7024 5309
6232 5882
6000 6106
5764 6387
6578 5618
5870 6281
5992 6142
5699 6500
6121 6026
6460 5737
6035 6162
6453 5798
5814 6443
5302 7112
6340 5947
7213 5289
6403 5891
6610 5734
5987 6313
5975 6330
6260 6028
5660 6758
5570 6876
5854 6563
6031 6366
6754 5722
5438 7062
5888 6553
6735 5758
6138 6302
6929 5605
7276 5344
6354 6089
6165 6300
6419 6035
5982 6507
6536 5967
6437 6051
5780 6749
5910 6625
6877 5749
6120 6436
6417 6132
6175 6402
6041 6560
6653 5986
6045 6600
6957 5750
7164 5558
6560 6092
6743 5965
6301 6375
5848 6858
6288 6408
6309 6385
7414 5354
6473 6246
7434 5355
6985 5849
5653 7134
6191 6665
5855 6986
5650 7146
6628 6252
5767 7070
6490 6357
7324 5588
6718 6226
6072 6838
6517 6413
7046 5939
6261 6685
7410 5513
6508 6456
6765 6247
6631 6364
6409 6569
6429 6570
6857 6179
6655 6392
5818 7127
7377 5625
7422 5535
6369 6695
6881 6231
6573 6529
6527 6601
6383 6733
6752 6417
6864 6316
6463 6703
7017 6185
6608 6590
6896 6326
6783 6455
6108 7044
6531 6701
6979 6322
6969 6338
6595 6699
6948 6428
6366 6948
6747 6680
7254 6131
6899 6544
6972 6464
6495 6892
6523 6886
6681 6771
6486 6924
6811 6666
6902 6623
7313 6112
7229 6272
7226 6277
7397 6016
6812 6757
6971 6667
7238 6355
6840 6784
7121 6540
7151 6511
7098 6612
6863 6844
6816 6903
7217 6535
7112 6690
6870 6914
7312 6433
7279 6524
6845 6982
6994 6853
6825 7015
7035 6822
7245 6615
6766 7076
6731 7093
6742 7102
7489 5820
6943 7020
6818 7111
7286 6722
7183 6836
7165 6862
7048 6992
7280 6769
7317 6743
7096 7013
7432 6531
7296 6806
6380 7247
7381 6717
7139 7034
7394 6711
7490 6109
7047 7118
7078 7119
7300 6953
6563 7254
7388 6931
7372 7048
7322 7145
7447 6984
7329 7201
7416 7148
289351068 1928484021
1
sift 163
7315 1235
358 73
45 8
84 21
887 202
52 10
551 86
115 16
415 94
1069 182
90 23
1161 127
273 45
501 111
1097 223
349 51
988 287
302 59
1033 233
860 252
342 54
1462 397
330 62
1503 359
1018 256
369 69
3137 431
513 87
1571 430
3174 345
524 109
2511 541
500 128
2638 432
3526 338
651 106
3109 644
700 148
2818 479
1645 542
1054 141
3691 631
818 169
2584 572
2961 447
563 207
4187 740
876 173
4829 817
2534 506
779 185
6059 906
848 181
5844 1003
2595 597
806 188
5230 1037
870 200
6370 1130
3393 607
913 205
1339 175
7250 1208
3965 656
1401 219
1251 228
4045 666
1058 245
1131 246
4146 773
1505 260
1293 288
4237 824
1489 267
1650 277
5288 910
1606 321
1262 395
5150 1007
1564 365
1475 379
5530 1077
1527 380
2143 348
5910 1100
2016 386
1853 401
5522 1170
1868 425
3206 368
2346 406
2316 408
2753 396
2942 392
2039 451
2343 429
2498 466
2433 482
2506 488
2561 496
2660 503
2689 510
3759 463
3259 531
2988 558
2937 570
3731 534
3866 539
2936 586
3024 591
3646 580
3182 637
3136 651
3128 655
3270 654
3636 622
3168 668
3701 646
4203 621
4781 634
4014 683
4450 692
4483 703
4028 721
4648 702
5157 673
3626 757
4206 730
4850 714
4865 715
4258 793
4519 790
4239 807
4144 851
4929 836
7121 751
5025 844
4251 941
5257 879
6553 812
6956 800
5245 928
5810 958
4677 1066
4644 1103
6840 971
6036 1026
6311 1027
6766 1006
6229 1058
7317 1020
6948 1085
7046 1087
5776 1200
6727 1119
5122 1364
7141 1151
6972 1176
7497 1082
5656 1431
5212 1678
7441 1525
7383 1851
