413499319 507090750
1
sift 710
292 287
3 9
17 30
429 502
35 50
43 73
723 667
52 63
58 80
816 771
84 110
103 99
763 856
72 135
107 129
952 969
136 117
116 128
1073 1005
130 153
92 222
1031 1193
151 175
186 177
1103 1272
188 183
216 186
1244 1329
194 237
243 235
1094 1543
259 230
208 276
1362 1310
221 335
295 275
1373 1546
267 309
301 303
1463 1549
298 329
261 398
1576 1418
398 280
296 382
1965 1469
347 338
290 392
1671 1832
302 407
368 361
2064 1668
300 432
403 357
2168 1906
376 427
436 386
2032 2070
488 366
372 468
2378 2676
384 457
492 391
3017 2482
443 423
452 418
3257 2575
426 471
503 413
2913 3023
524 486
457 556
3026 3072
510 498
456 605
2738 3451
489 580
505 558
2968 3197
682 431
462 622
3143 3521
576 522
512 617
3357 3489
674 495
600 587
3274 3641
735 500
593 610
3021 4248
549 690
673 568
3647 3624
577 664
734 614
2951 4471
564 819
608 849
3433 3898
650 796
764 674
3380 4153
686 845
835 743
3475 4079
824 757
714 930
3754 3987
826 835
880 787
4626 3549
846 841
903 803
4127 3879
965 758
758 981
4105 4175
964 766
972 769
4129 4204
860 901
900 866
3520 5131
1058 795
924 931
4599 4445
944 918
943 928
4875 4383
822 1059
931 960
4144 5291
883 1015
892 1036
4200 5396
849 1116
1164 837
4581 5162
1179 828
981 970
5580 4386
838 1273
941 1086
4847 5240
1008 1010
977 1069
5469 4799
1022 1024
1169 945
5630 5034
1134 980
1261 929
4603 6074
1087 1075
1121 1076
5279 5997
1241 1022
1274 1023
5964 5738
1136 1139
1260 1050
6406 5622
1109 1248
1314 1041
5957 5996
1030 1390
1047 1444
6196 5982
1142 1330
1364 1088
5537 6585
1209 1302
1582 996
5922 6210
1285 1231
1269 1296
5844 6363
1319 1243
1254 1336
6816 5755
1155 1482
1349 1281
6624 5930
1279 1369
1404 1321
6701 5920
1290 1436
1126 1671
5395 7313
1158 1614
1288 1485
6322 6680
1400 1398
1466 1342
6358 7036
1259 1567
1194 1656
7422 7258
1489 1333
1353 1475
7313 7664
1498 1384
1523 1377
7717 7299
1335 1597
1422 1545
1284 1700
1410 1564
1684 1344
1213 1884
1560 1458
1441 1618
1648 1431
1280 1854
1610 1484
1532 1558
1227 2005
1535 1600
1531 1615
1455 1816
1509 1753
1737 1575
1712 1634
1649 1695
2084 1403
1434 2027
1479 1942
1774 1605
1578 1812
1995 1496
1652 1772
1817 1643
1699 1761
1596 1941
1575 1974
1579 2004
1568 2042
1824 1751
1984 1694
2066 1628
1959 1746
2063 1685
1633 2140
1768 1937
2047 1705
1982 1759
1594 2244
1871 1849
1599 2251
1510 2424
1634 2219
1779 2013
1994 1840
1977 1873
2137 1750
2089 1813
1951 1960
2728 1515
1742 2281
1981 2024
1920 2114
2070 1955
2315 1742
1766 2347
1952 2132
2148 1927
2149 1930
1631 2670
2254 1867
2322 1810
2133 1996
2337 1866
2240 1982
2631 1730
2172 2077
1680 2782
1893 2530
2042 2381
2326 2069
2205 2257
1850 2720
1904 2683
2291 2188
2388 2166
2407 2162
2324 2239
2483 2163
2053 2675
2526 2151
2019 2796
2608 2142
2051 2884
2795 2176
2365 2508
2242 2737
2313 2585
2572 2360
2446 2499
2475 2470
2147 2978
2404 2576
3105 2091
2262 2924
2289 2844
2578 2544
2604 2543
2810 2392
2871 2369
2441 2775
2457 2772
2436 2814
2745 2528
2294 3120
2138 3556
2354 3060
2360 3057
3470 2170
2374 3119
2320 3236
2318 3357
2538 3015
2870 2697
2159 3874
2660 3034
2717 2937
2818 2806
2696 2994
2488 3318
2793 2875
2498 3328
2393 3543
3182 2622
2889 2867
3077 2721
2664 3254
2852 2997
2747 3196
3190 2718
2708 3277
2811 3131
2522 3568
5048 1949
2926 3041
3359 2665
2624 3545
3255 2797
2637 3582
2837 3296
2970 3150
3172 2973
3118 3082
2894 3359
2973 3289
2335 4249
3220 3069
2918 3399
2836 3570
3382 2951
3679 2674
2901 3533
3291 3100
2477 4224
3497 2975
3388 3170
2590 4172
3273 3352
3759 2789
2945 3710
3546 3062
3818 2792
3345 3327
3237 3462
3195 3530
3046 3697
3068 3708
3055 3733
3058 3740
3571 3160
3567 3226
2859 4014
3054 3823
2950 3919
2866 4081
3074 3856
3204 3802
3963 2999
3208 3866
3528 3525
3282 3813
3418 3670
3387 3737
3261 3890
3369 3795
2883 4432
2917 4385
3863 3299
2963 4349
3015 4275
3350 3900
3784 3468
4046 3292
4163 3227
3267 4113
2387 5978
3500 3859
3943 3444
3061 4521
3957 3464
3887 3540
3093 4527
3364 4136
3565 3886
3517 3944
3949 3557
3848 3659
3967 3613
3987 3603
3325 4327
3285 4435
4392 3336
4073 3580
3280 4494
3906 3717
4688 3246
4087 3632
3752 3877
2965 5188
3489 4258
3698 3955
3051 5064
4245 3594
3560 4179
5244 2986
3670 4103
4619 3466
4270 3712
3764 4089
4433 3647
3459 4653
4074 3872
3337 4938
3592 4443
3723 4236
4951 3414
4837 3523
3402 4957
3816 4242
3991 4050
3847 4200
3314 5222
3793 4336
4176 3997
4462 3862
4160 4068
4514 3860
3780 4532
3424 5242
4166 4142
4976 3662
4056 4252
3865 4468
4606 3906
4317 4144
4006 4464
4005 4522
3849 4771
4107 4446
4155 4421
3573 5289
5006 3822
3372 5718
4526 4150
4269 4374
3755 5077
4324 4384
3593 5421
4101 4676
4653 4226
4389 4447
4504 4393
4184 4725
4935 4059
4279 4679
5400 3806
3595 5681
4722 4289
4110 4949
5088 4087
4799 4367
4856 4317
5173 4094
4983 4332
4629 4694
3506 6249
4347 5037
4067 5406
4521 4940
5644 3962
4436 5031
4316 5155
4752 4705
4548 4944
5499 4078
4823 4700
6072 3848
4274 5345
5002 4590
4258 5376
4483 5239
4214 5527
4844 4933
4539 5330
5575 4293
4070 5846
5605 4294
5187 4723
4334 5592
4376 5539
4097 5851
4452 5538
5646 4423
4394 5677
3893 6252
6110 4157
3897 6287
5028 5093
4220 5906
5368 4750
4840 5340
4768 5420
4821 5456
5399 4842
4701 5587
5322 5005
4686 5680
4458 5902
5601 4760
4691 5694
5158 5247
4370 6004
4735 5667
5846 4615
5838 4627
4036 6604
4450 6149
4407 6188
5054 5572
5570 5089
5086 5599
4251 6516
5227 5472
5270 5443
5153 5580
5459 5264
5670 5210
5090 5784
6064 4942
5571 5418
5702 5347
4252 7050
5334 5663
4239 7116
4739 6301
4123 7363
5133 5911
6250 5008
5471 5594
6355 5000
7049 4661
6170 5150
4883 6306
5877 5379
6146 5205
5815 5455
5503 5706
4961 6430
6858 4969
4857 6635
5918 5543
6625 5130
4387 7533
5908 5593
5238 6180
5351 6060
6129 5458
5497 5946
6105 5556
4867 6880
5136 6507
5597 5958
4642 7418
6094 5642
4786 7210
6644 5389
5585 6099
4911 7117
5960 5854
5284 6514
7027 5262
5849 5929
4839 7332
5326 6448
5871 5926
4684 7659
5444 6337
5104 6958
5911 5971
3870 8526
5940 6013
5077 7177
5765 6230
5603 6425
6314 5895
5741 6336
6006 6081
5530 6613
6424 5913
6287 5991
7584 5286
6392 5983
5392 7075
5474 6987
6967 5807
6552 6039
5761 6752
6221 6300
6111 6400
6753 5979
6343 6255
5987 6600
5565 7191
5903 6745
6620 6157
5950 6716
6352 6374
5332 7716
6450 6362
6516 6384
5039 8297
5850 7063
6849 6192
6576 6415
6673 6351
6612 6426
6102 6889
5666 7545
5813 7364
6525 6572
6583 6513
6389 6733
6680 6492
5913 7321
6014 7206
6462 6781
5888 7448
5778 7668
6266 7115
5578 8004
5767 7771
6530 6961
6195 7341
6562 6939
6536 6998
5590 8121
6054 7542
6060 7650
7702 6078
5842 7987
7775 5967
6893 6967
7358 6573
7020 7028
6238 7846
6721 7397
6031 8142
7754 6310
5641 8461
7017 7399
7046 7419
7154 7440
6715 7886
7029 7587
5887 8469
7497 7071
7348 7279
7378 7242
5808 8498
5794 8503
6780 7969
7287 7464
6870 7912
6510 8245
7390 7493
7450 7435
6178 8480
7471 7662
7572 7596
7392 7849
7544 7700
7759 7284
7659 7555
6908 8349
7190 8203
7362 8043
7481 8129
7415 8256
7725 7862
7236 8385
7806 7834
413499319 850672740
1
sift 975
248 211
17 28
31 43
233 306
34 49
40 46
249 304
35 57
43 84
291 347
52 75
58 92
362 396
84 125
99 110
584 695
72 153
103 112
723 682
110 120
123 111
738 840
127 118
107 142
791 893
116 160
130 186
816 926
149 172
172 166
808 1120
151 204
171 201
1131 910
186 205
188 218
1023 1229
216 226
231 212
1073 1164
288 232
259 268
1125 1146
243 280
221 365
1085 1207
270 309
294 285
1193 1085
286 294
267 340
1031 1352
309 327
295 343
952 1501
320 335
301 356
1245 1159
373 295
298 368
1103 1441
363 323
261 435
1094 1504
302 402
290 418
1502 1157
338 380
398 325
1244 1723
297 431
296 444
1362 1621
347 393
300 471
1463 1655
368 414
336 463
1664 1572
499 361
439 407
1373 1893
436 434
376 514
1576 1671
372 544
384 525
1534 1881
443 459
492 451
2064 1808
452 484
488 479
2007 1845
506 481
457 532
1949 1903
571 465
503 536
2209 1915
426 654
501 587
2032 2351
524 569
456 655
2219 2293
671 477
597 526
2168 2482
489 674
505 661
2835 2282
665 512
539 638
2378 2739
688 511
576 607
2583 2713
703 520
682 537
2462 2933
512 698
660 615
2288 3530
674 621
557 728
3017 2702
684 633
686 637
2924 2838
734 610
564 767
3129 2687
725 630
549 857
3254 2621
804 602
735 660
2782 3158
600 831
658 741
3438 2697
636 780
749 663
3274 2931
869 609
709 706
2600 3815
631 842
790 707
2968 3756
650 932
673 920
3251 3537
764 821
847 724
3143 3857
736 871
824 761
2913 4309
732 897
835 850
3021 4270
907 778
714 1030
3754 3556
930 763
823 904
3458 4047
947 797
826 935
3150 4710
880 887
903 906
2951 5134
846 956
758 1099
3520 4427
1043 792
975 862
3853 4361
860 1017
927 969
4871 3744
972 914
1034 888
3997 4318
900 1052
1096 876
3965 4416
822 1206
1091 886
3475 5578
924 1060
883 1119
4129 4601
964 1044
1058 963
4382 4546
828 1329
965 1061
4430 4735
1057 985
943 1121
4602 4599
1164 943
944 1154
4687 4588
892 1293
931 1223
4198 5311
838 1423
1145 974
5150 4344
1179 996
981 1185
4875 4700
977 1222
1310 931
4765 4879
963 1263
849 1517
4995 4698
1258 980
1184 1023
4782 4916
941 1414
1169 1072
4144 5769
1022 1257
1303 1010
4798 5287
1087 1220
1134 1172
4896 5225
1233 1105
1261 1124
5264 4796
1030 1482
1136 1331
4579 5888
1121 1360
1138 1340
4771 5730
1241 1241
1192 1299
4393 6198
1155 1369
1109 1437
5630 5206
1260 1255
1274 1276
5482 5552
1027 1633
1413 1181
4550 6840
1142 1533
1477 1165
4599 6935
1364 1295
1269 1399
5469 5840
1313 1367
1528 1142
7242 4663
1674 1064
1047 1719
4697 6813
1290 1431
1285 1465
5209 6217
1319 1470
1209 1597
4847 6899
1643 1191
1582 1252
5405 6714
1254 1603
1513 1351
5538 6679
1259 1625
1279 1615
6406 6006
1194 1724
1495 1408
5580 6860
1400 1512
1710 1247
5199 7882
1404 1531
1004 2262
5279 7926
1541 1400
1288 1656
5857 7111
1281 1715
1840 1187
6919 6215
1466 1543
1679 1377
7394 5984
1158 2010
1353 1692
5704 7744
1280 1802
1523 1576
6624 6867
1199 2044
1641 1505
5957 7611
1669 1494
1297 1895
6196 7387
1286 1924
1560 1636
5922 8117
1479 1761
1256 2181
6701 7518
1498 1753
1434 1841
6322 7899
1532 1736
1610 1686
7470 6940
1684 1627
1335 2176
6459 8027
2079 1396
1531 1803
7321 7804
1578 1762
1455 2065
7487 8162
1535 1877
1730 1703
7328 8556
1984 1542
1838 1647
1568 1922
1948 1610
2100 1532
1489 2160
1554 2000
1817 1742
2125 1565
2011 1628
1410 2432
1867 1748
1596 2110
1699 1946
1774 1861
1649 2093
1704 2047
1871 1868
1727 2104
1824 1931
1712 2165
1816 1988
1634 2316
2131 1749
2268 1684
1897 1999
1779 2179
2281 1743
1982 2068
1986 2097
1977 2137
1766 2368
2040 2046
1831 2299
1796 2367
1652 2583
2063 2094
2021 2171
2045 2144
1631 2677
1994 2233
1951 2283
2066 2187
2089 2175
2149 2098
2328 1871
2137 2129
2239 1994
2047 2240
2084 2202
1633 2843
1981 2332
1742 2585
1995 2381
1920 2460
2240 2201
2254 2184
1599 3237
2337 2085
1680 3087
2339 2142
1441 4003
2169 2346
1952 2596
2133 2410
1904 2730
2873 1854
2651 1998
2683 1996
2558 2118
3066 1817
1733 3290
2148 2513
2691 2034
2322 2350
1941 2868
1960 2904
2610 2220
2628 2215
2728 2154
2070 2790
2825 2096
2205 2620
1969 3048
2071 2846
2367 2461
2114 2779
2324 2503
2807 2205
2457 2462
2669 2324
2895 2199
2242 2774
2613 2424
2667 2404
2051 3245
2388 2633
2604 2476
2863 2307
2053 3382
3105 2227
3769 1858
2291 2865
2664 2498
2147 3330
2608 2589
2572 2641
2138 3428
2436 2829
2289 3076
2404 2924
2446 2873
2313 3095
2483 2879
3238 2340
2829 2556
2614 2793
2360 3195
2262 3498
2553 2926
2326 3343
2365 3315
3341 2406
2526 3029
2786 2740
3275 2450
3095 2533
2411 3328
2810 2753
3321 2442
2657 2962
2294 3574
2318 3611
3485 2411
2498 3319
2522 3298
2320 3704
3152 2639
2871 2891
2793 3020
2717 3138
2537 3445
2405 3701
3452 2527
2578 3457
3284 2652
2842 3084
2696 3316
3302 2689
2919 3089
3186 2837
3111 2903
2477 3791
2823 3283
2948 3096
2374 3985
3010 3116
2818 3384
3428 2754
2945 3284
2506 3915
2393 4143
3470 2815
3220 3120
2767 3728
2889 3559
2836 3630
2488 4105
2431 4241
2590 3973
2335 4458
3077 3397
2856 3673
3119 3390
3190 3325
3172 3350
3315 3186
2708 3920
3474 3008
3291 3258
3029 3546
2817 3836
3505 3028
2866 3781
2624 4162
3359 3300
2901 3832
2837 3914
2811 3971
3995 2726
3704 2981
3270 3622
2918 3962
3546 3364
3820 3054
3297 3682
3074 3896
3832 3090
3255 3794
2678 4551
3144 3895
3615 3370
3486 3553
3360 3706
3497 3569
3759 3270
3092 3998
3862 3171
3963 3086
3418 3710
3842 3242
3639 3479
3814 3303
4249 2953
3055 4140
3208 4009
3691 3484
2812 4591
3369 3860
3205 4041
3556 3683
3282 3977
3148 4135
3237 4045
3382 3910
3387 3943
3388 3967
3345 4034
2970 4532
2963 4576
2950 4610
2883 4750
3825 3575
3925 3497
3902 3514
2670 5376
3419 4046
4435 3218
3957 3560
3015 4690
4029 3535
3273 4384
3693 3852
3058 4738
3061 4727
3350 4311
3267 4440
3364 4295
3068 4770
4787 3166
3565 4069
3848 3809
3991 3711
2917 5292
3517 4187
2965 5262
3906 3867
2387 7024
3863 3929
4372 3615
3987 3856
3571 4265
3415 4581
4573 3564
3372 4693
3489 4541
3560 4424
3425 4697
3750 4165
5296 3179
3818 4115
4245 3823
3563 4480
5517 3046
3402 4816
4133 3918
4024 3993
4087 3953
4590 3731
3887 4148
4975 3492
4077 4016
4157 3996
3765 4377
3500 4893
3698 4517
4073 4112
4387 3921
4421 3957
3054 5968
3595 4848
4184 4134
4046 4286
3869 4467
4007 4347
3817 4598
4191 4191
2914 6331
3977 4425
4703 3916
4178 4288
4371 4117
4490 4074
4281 4250
3592 5237
4074 4489
3723 4984
3793 4856
4951 3877
4107 4506
3506 5539
4317 4358
4006 4746
3865 4974
4433 4356
4491 4341
3593 5582
3967 4971
4695 4243
3729 5363
4619 4368
4056 4930
4837 4206
4773 4261
4005 5080
3952 5164
5126 4054
3804 5408
4583 4481
4355 4696
5587 3840
4627 4510
5068 4149
5286 4064
3849 5548
5707 3874
4976 4326
4344 4924
4983 4335
4653 4630
4166 5199
4445 4854
4409 4889
5881 3837
4467 4844
4527 4777
4109 5314
4239 5177
4489 4885
5009 4411
4504 4900
4549 4850
4720 4694
4483 4972
4176 5350
4753 4678
4274 5271
4530 5004
4615 4912
5088 4444
4521 5094
5454 4185
4856 4725
4324 5352
4155 5555
3847 5952
4811 4781
5086 4548
4101 5680
4152 5658
4462 5338
4251 5556
4269 5541
5378 4386
4722 5143
4452 5458
5621 4316
5289 4593
4347 5645
4258 5767
4799 5194
5090 4851
4605 5453
4123 5981
5521 4492
4497 5634
5400 4609
3337 7987
4558 5603
4739 5371
5028 5132
5082 5096
4691 5516
5270 4868
4844 5368
5069 5125
5640 4539
4823 5463
4629 5685
6401 4175
4707 5631
5926 4449
4220 6166
5205 5192
4076 6398
6760 4122
4346 6104
5180 5261
5490 4894
5006 5498
5041 5461
5497 4941
5644 4813
5665 4815
5434 5043
5228 5316
4883 5696
4214 6423
6061 4574
5054 5524
4036 6711
5190 5439
5173 5471
6012 4674
5551 5086
5316 5358
4684 6030
5187 5569
4857 5932
4476 6327
5351 5388
5984 4847
4436 6475
4533 6340
4539 6337
4252 6745
5050 5812
5499 5366
6021 4956
5878 5116
5575 5361
5930 5081
4840 6149
4807 6202
4450 6698
4821 6208
5897 5274
6025 5188
5002 6157
5153 6015
6064 5171
4370 7061
6032 5213
4701 6549
5459 5774
5503 5749
5876 5454
5334 5929
6109 5321
6841 4832
5856 5540
6211 5299
5846 5558
5475 5857
4961 6419
5646 5724
4298 7599
5898 5547
5995 5465
6546 5170
5136 6299
5950 5571
7140 4782
6016 5527
6176 5433
6263 5392
6116 5544
4267 7914
4206 8082
5399 6165
5887 5781
4407 7796
6241 5563
4398 7906
4768 7263
5702 6062
6688 5417
5332 6431
4458 8030
6605 5564
6094 5869
6339 5732
6750 5499
5547 6285
5603 6257
6911 5446
5600 6273
6381 5764
4930 7396
4839 7764
5565 6512
5791 6309
5238 7125
5444 6705
7240 5450
5960 6199
5597 6547
5471 6700
5577 6574
5918 6261
3959 8580
5585 6601
6525 5936
7055 5678
7068 5669
5261 7310
4735 8186
6445 6038
5724 6600
5765 6561
5908 6505
5940 6502
7112 5779
4719 8371
6858 5963
6246 6310
5184 7751
6788 6008
6105 6457
6343 6288
5326 7575
5530 7221
6792 6058
6068 6539
5802 6876
6266 6399
4911 8264
7613 5616
7049 5996
7317 5831
5847 6918
6753 6178
5903 6874
5741 7155
7262 5923
6253 6556
5913 6975
5793 7186
5605 7495
6516 6488
5174 8211
6450 6553
5849 7215
5899 7160
7640 5793
6967 6287
6392 6754
7752 5718
5990 7194
7775 5666
5987 7217
7281 6137
6530 6671
5815 7544
7129 6263
7705 5892
6212 7068
6111 7216
6741 6609
6424 6910
6004 7360
7416 6159
6314 7063
6521 6843
6620 6782
6562 6951
5767 7928
6769 6819
7679 6106
6102 7569
5666 8146
6583 7150
6751 6966
6054 7703
6407 7358
6761 6993
6164 7652
7700 6209
7027 6866
5779 8223
6520 7465
5641 8395
7163 6845
7557 6480
5694 8387
5888 8215
6014 8102
7044 7168
7376 6834
6060 8152
7010 7286
6462 7809
7017 7340
7091 7291
6238 8097
6870 7513
6985 7401
7471 6877
7584 6755
6303 8155
7074 7489
6687 7850
6808 7789
6670 7932
7217 7416
6864 7815
7496 7180
7358 7365
7573 7181
7754 6908
7795 6748
7287 7874
7154 8026
6662 8419
7020 8281
7506 7837
7513 7971
6908 8459
7578 7958
7392 8156
7683 7867
6780 8530
7702 7966
7450 8356
7481 8358
7600 8357
6986 8569
7759 8408
413499319 1183258497
1
sift 1034
44 53
19 30
117 151
118 154
37 82
161 130
67 99
170 178
112 171
70 103
247 279
75 113
272 289
91 211
88 182
406 304
168 125
277 321
165 218
244 260
374 338
232 285
344 372
223 298
350 261
381 349
224 318
397 378
201 389
276 323
430 365
337 284
361 422
265 386
283 334
485 459
250 395
325 514
348 435
367 293
553 431
330 336
590 480
469 582
327 373
514 560
269 446
639 481
522 564
354 366
693 626
341 384
729 673
491 658
351 375
986 616
229 584
700 757
523 649
345 402
909 683
358 398
784 810
461 788
308 456
879 709
305 462
980 674
467 1025
235 624
979 760
438 333
989 713
745 635
285 527
913 862
409 388
862 913
670 727
371 453
1064 854
432 390
888 953
652 844
400 440
1041 1059
405 474
934 1015
663 828
310 662
1157 994
498 418
1032 957
655 1064
518 406
1171 1008
390 547
991 1087
915 873
416 513
1204 1062
490 465
1048 1079
771 1047
544 441
1391 1037
407 578
1033 1157
752 1143
446 568
1342 1077
640 430
1084 1150
796 1091
578 467
1363 1302
453 603
1078 1319
884 1076
402 699
1324 1347
380 803
1538 1175
911 1372
588 494
1371 1335
517 569
1590 1195
954 1299
393 857
1561 1345
599 536
1390 1440
948 1308
559 615
1545 1425
541 736
1370 1595
998 1293
414 1051
1672 1378
454 961
1585 1451
946 1437
669 612
1611 1488
797 554
1678 1450
1046 1312
643 763
1749 1454
657 752
1659 1579
1095 1326
772 664
1794 1491
632 865
1530 1766
988 1486
775 741
1632 1821
742 775
2136 1427
1183 1387
697 870
1901 1770
483 1379
1752 1807
1128 1533
740 834
2015 1687
761 840
1735 1898
1141 1603
560 1291
1895 1824
923 770
1973 1866
1029 1870
666 1104
2282 1703
974 712
1915 1987
1272 1456
645 1177
2091 1948
1173 681
1913 2027
1429 1416
896 936
2179 1881
889 974
1997 1952
1426 1544
851 1021
1724 2403
705 1289
1834 2103
1267 1852
867 1029
2552 1668
607 1532
1978 2019
1375 1670
1176 764
2480 1831
1203 773
1993 2214
1471 1605
852 1124
2826 1765
990 976
2003 2384
1469 1622
1217 861
2384 2056
809 1316
2602 1911
1392 1835
1231 880
2819 1798
933 1161
2510 2009
1317 1974
878 1260
2497 2154
1243 938
2257 2259
1478 1709
1293 899
2619 2213
1021 1126
2298 2614
1418 1828
1180 1026
2929 2101
1419 892
2442 2454
1425 1832
756 1806
3134 2042
1222 1045
2586 2400
1416 1956
1301 1014
2491 2498
1235 1061
2744 2415
1557 1721
921 1442
3179 2303
1001 1310
2513 2707
1496 1965
1716 839
2985 2453
864 1671
2591 2669
1486 2028
887 1666
3086 2457
1232 1168
2612 2963
1490 2137
1181 1233
2896 2685
1042 1423
2665 2889
1449 2234
1130 1331
2916 2719
873 1859
2981 2732
1635 2175
1686 1002
3401 2422
1278 1246
3240 2654
1555 2341
1345 1214
3927 2266
1248 1363
3514 2508
1607 2502
1616 1092
3213 2912
1081 1631
3028 3068
1581 2608
1559 1155
3507 2668
1239 1439
3551 2684
2069 1994
1044 1773
3136 3222
1206 1512
3286 2990
1798 2263
1076 1823
4224 2360
976 2092
2879 3429
1764 2325
1098 1827
4473 2424
1097 1839
3125 3347
2095 2088
1424 1405
3194 3610
1366 1463
3587 3269
1849 2742
1178 1758
3361 3531
1104 1933
3541 3360
2016 2491
1340 1571
3552 3455
1014 2282
3140 3818
1872 3227
1709 1330
3492 3569
1417 1580
3222 3748
2204 2579
1651 1386
4204 3124
1547 1467
3830 3439
2445 2272
1127 2165
3367 4048
1247 1935
3495 3824
2127 2844
1396 1710
3911 3482
1493 1576
3479 3854
1968 3247
1681 1444
3685 3761
1714 1432
3577 3928
2238 2704
1853 1370
4237 3418
1501 1693
4383 3331
1962 3428
1144 2372
5213 2885
1563 1628
4054 3526
2126 3081
1315 2041
3578 4027
1732 1481
4086 3533
2197 3211
1223 2211
4287 3458
1497 1803
4044 3588
2569 2982
1790 1483
3983 3783
1683 1570
3836 3781
2264 3479
1389 2076
4705 3396
1506 1902
4906 3288
2493 3191
1283 2293
3747 4079
1609 1784
4592 3559
2485 3282
1383 2147
5161 3474
1642 1787
3934 4408
2278 3726
1224 2582
4721 3755
1467 2149
4130 4243
3104 2705
1757 1738
4869 3710
1639 1899
4532 3966
2725 3236
1402 2273
4331 4237
1876 1635
4051 4446
2527 3524
1695 1843
3686 5103
1788 1750
3866 4827
2453 3693
1542 2193
5092 3732
2222 1516
4859 4063
2800 3265
1618 2115
4922 4036
2130 1610
4625 4308
2689 3437
1894 1855
5317 3788
1529 2371
5049 3995
2375 3938
1702 2123
3919 5142
1953 1892
5123 4017
2563 3582
1731 2199
4877 4242
1504 2716
4515 4594
2638 3544
1809 2156
5611 3875
2106 1893
4543 4602
2777 3491
2027 2070
5024 4465
1741 2392
4845 4398
2702 3575
1882 2231
4778 4773
2247 1913
4644 4938
2976 3457
1667 2647
5063 4794
2043 2107
5057 4591
2662 3874
1818 2357
5697 4232
1852 2326
4690 5034
3249 3253
1687 2680
5266 4656
1580 3030
4021 5908
2820 3798
2174 2058
5369 4712
2022 2204
4563 5416
3008 3607
2542 1780
6457 4131
2755 1689
4981 5098
3050 3581
2472 1930
6075 4344
1814 2695
5139 5126
2768 4001
1650 3223
6277 4474
1823 2753
4900 5327
2802 3976
2751 1858
6272 4501
2316 2167
5155 5170
2867 3902
1395 4640
5751 4866
2458 2113
4885 5435
2853 4010
2145 2443
5863 4792
1862 2967
4132 6731
2724 4318
1903 2941
6419 4580
2733 1988
5329 5110
2646 4759
2920 1880
5502 5227
2984 1860
5522 4927
3064 4040
2492 2142
6873 4414
2090 2642
5323 5161
2977 4185
2218 2446
5164 5722
1887 3192
6431 4800
3221 3900
2568 2178
6346 4903
1482 4692
5396 5503
2377 5655
2464 2268
6560 4914
2299 2465
5283 5790
2625 5152
2000 3107
6208 5111
2809 2089
5415 5684
2644 5238
2164 2775
6997 4710
2908 2075
5202 6093
3112 4370
1536 4659
6053 5224
2680 2289
5291 5974
2556 5785
2292 2714
6202 5296
2275 2796
5488 5755
3108 4756
3398 1998
6958 4967
2346 2786
5883 5448
2930 5027
2255 3045
6365 5273
2471 2652
5402 6009
3478 4253
2909 2254
5836 5656
2515 2691
6566 5219
3178 4897
2530 2791
5506 6095
2199 3432
5747 5960
3570 4348
1931 4034
6045 5761
2692 2679
4769 7618
3891 3946
3097 2376
6409 5507
2470 3089
5391 6564
3446 4861
2607 2897
5816 6290
2274 3497
7082 5340
3982 4166
3094 2478
7478 5189
2494 3197
6282 5996
3335 5614
2201 3792
6499 6063
2517 3243
5718 6868
4161 4415
3407 2413
5812 6937
2580 3273
6535 5932
3802 4892
3324 2509
6090 6553
2815 3043
6580 5894
3745 5121
2758 3128
6823 5883
2350 3629
6479 6378
3457 5879
2849 3000
7805 5014
2656 3263
5566 7490
3781 5237
2531 3463
7259 6033
2611 3422
6496 6725
3352 6408
2343 3772
6694 6659
2844 3121
6755 6765
4083 4932
2398 3700
7495 6169
2915 3056
6393 7132
3177 7048
3262 2736
7585 6080
3873 2262
6685 6871
3534 5986
2417 3767
7202 6648
3160 2948
6834 7194
4058 5156
3244 2870
5494 7897
2843 3270
7156 7037
3629 6223
2998 3139
7751 6198
3162 3008
6784 7406
4078 5387
3330 2845
7791 6071
2886 3343
7375 6928
4365 5155
2988 3240
7605 6927
3184 3101
7087 7391
4145 5375
3185 3113
7622 6948
3472 2806
7418 7054
3123 7869
3139 3195
7631 6995
2839 3478
7464 7297
4173 5482
2550 3888
7246 7792
2748 3665
7364 7735
4277 5389
2370 4462
7810 7354
3561 2868
7685 7732
4378 5325
2309 4629
3588 2833
3889 6096
2764 3698
3048 3410
3930 6207
2958 3530
3363 3199
4352 5525
3353 3255
3146 3465
4732 5304
3501 3142
3504 3141
4965 5174
2715 4056
3301 3401
4468 5720
3946 2829
3038 3686
4323 5934
3648 3119
4112 2761
4817 5381
2395 5093
3389 3460
4179 6310
2673 4500
3379 3502
4338 6122
3331 3562
3451 3481
4974 5333
2528 4980
3405 3554
4631 6005
3236 3760
2533 5056
4233 6780
2991 4110
3327 3730
4118 7087
3471 3601
2685 4876
4301 6786
3234 3932
3336 3784
4650 6292
2674 4955
3483 3631
4758 6100
3767 3376
3003 4319
4927 5882
3235 4020
3989 3267
4424 6785
3536 3642
3833 3447
4510 6720
3608 3690
4150 3316
4253 7161
3653 3743
2857 5051
5125 5859
3376 4154
3697 3720
5455 5587
2898 5107
3463 4148
4959 6475
3020 4905
3420 4218
5231 6053
4851 3153
3683 3909
5043 6625
4971 3110
4223 3501
5005 6840
3999 3640
3585 4114
4991 7094
5114 3115
3837 3845
5300 6523
3675 4086
5144 3145
5382 6338
3921 3814
3539 4320
5458 6213
5419 2978
3669 4151
5426 6279
3460 4567
3310 4835
5554 6186
3785 4019
3455 4681
6213 5618
3681 4291
3800 4169
4977 7484
4326 3716
4031 3970
5208 7619
4219 3839
4340 3790
5354 7663
3667 4531
4601 3660
5389 7688
4321 3849
3898 4214
6024 6914
3498 5020
3798 4520
6226 7109
3926 4355
4639 3777
6809 6653
3303 5470
3511 5108
6218 7471
3630 4894
5265 3470
7076 6768
4516 4007
3596 5137
6249 7583
4259 4284
4089 4542
6380 7517
3564 5352
4257 4452
6254 7634
3920 4844
4043 4699
6390 7590
4247 4526
4586 4244
6328 7759
3558 5700
3705 5461
6926 7652
3239 6950
4403 4664
7239 7623
3841 5284
5108 4053
5635 3685
3861 5265
4547 4593
4284 4836
4420 4755
4564 4686
4283 4950
3436 6636
3533 6306
3019 7817
4770 4534
3429 6739
4366 4965
4503 4884
4416 4963
4870 4623
4153 5318
4017 5543
4065 5533
3840 6104
5117 4665
3970 6004
5314 4540
4479 5351
4545 5291
6563 3808
4582 5256
4014 5991
4852 5022
3992 6042
6678 3773
6002 4070
4472 5421
5311 4643
4208 5909
3912 6489
5760 4351
4114 6222
5263 4925
4759 5403
4011 6618
4725 5493
4810 5424
4704 5621
5031 5269
3829 7285
3821 7349
5608 4781
6033 4503
4288 6420
3720 7683
6631 4245
6257 4472
5384 5113
4855 5671
4151 6879
5627 4945
4529 6288
6388 4512
4850 5848
4117 7236
4230 7066
4464 6689
5914 4913
6299 4703
7118 4305
7120 4303
6572 4620
4841 6173
4887 6119
4492 6901
5797 5148
5252 5635
6519 4728
7771 3936
4794 6415
4282 7344
5628 5324
7441 4263
4212 7551
5142 5968
6153 5021
3944 7844
5573 5415
5347 5675
5234 5866
5858 5222
4636 6940
5096 6089
6569 4847
5555 5459
4767 6851
5130 6214
6482 4987
6427 5058
5825 5407
5132 6384
5242 6221
5766 5539
4973 6732
5241 6251
5725 5601
6063 5334
5034 6707
7399 4651
4865 7043
5771 5670
5147 6606
7368 4751
6653 5140
6857 5053
5758 5765
5892 5690
6441 5329
6640 5220
6305 5446
5896 5798
4652 7741
5553 6203
5719 6065
5377 6560
5022 7352
6233 5681
6312 5694
5662 6389
6765 5427
5255 7168
6138 5922
5814 6299
6924 5383
7178 5260
6235 5955
7473 5153
5722 6657
5204 7501
6867 5554
7095 5449
5841 6544
6881 5602
5579 7012
6201 6246
5372 7394
6026 6529
6943 5725
6049 6614
6587 6147
5374 7638
5447 7588
6708 6184
6403 6512
6373 6595
6705 6311
6892 6161
6269 6829
5934 7198
6020 7101
6041 7092
6468 6729
7370 5878
5861 7458
7208 6088
7037 6327
6117 7335
7226 6261
6988 6543
6228 7288
7569 6010
7251 6379
6210 7453
7141 6579
7588 6091
7407 6317
6252 7508
7338 6421
7195 6631
6844 7007
6869 7022
6932 7014
6408 7525
6356 7578
6768 7217
7816 5440
6456 7547
6192 7739
6411 7601
7229 6877
7398 6705
7296 6900
6385 7716
7318 6941
6719 7534
7684 6592
6617 7727
7212 7250
7443 7119
7457 7153
7430 7207
7008 7783
7193 7691
7435 7555
7509 7529
7437 7755
7786 7410
413499319 1188846234
1
sift 2082
44 43
5 10
117 141
11 22
7 12
247 243
12 15
158 154
109 135
37 72
381 265
48 60
170 149
118 142
67 65
374 310
78 63
272 252
157 197
75 83
379 372
56 105
277 293
165 195
80 104
397 381
86 100
325 329
232 250
96 92
430 351
79 113
344 353
223 272
88 112
485 408
77 136
361 349
224 299
114 97
406 521
98 103
382 412
201 339
141 96
514 491
105 132
509 519
265 370
94 157
590 450
120 145
639 449
348 400
168 130
693 523
140 146
729 683
491 676
143 144
917 590
175 134
700 709
523 694
128 165
909 636
173 140
784 701
448 836
121 204
853 700
152 169
879 688
670 697
163 161
986 633
146 183
913 775
675 747
174 167
980 712
252 137
979 737
663 774
164 224
1041 946
202 196
862 868
652 831
222 198
1157 907
203 235
934 943
771 783
218 229
1111 981
244 218
888 1108
799 760
266 205
1171 957
260 227
991 1016
655 1008
239 256
1153 982
197 325
1033 993
644 1024
335 210
1204 1081
276 247
1032 1013
796 911
241 298
1391 1054
235 319
1078 1175
948 1158
250 307
1336 1117
329 260
1175 1215
925 1223
318 286
1371 1101
367 259
1324 1220
1048 1038
311 305
1488 1135
305 315
1538 1149
954 1159
350 276
1363 1365
262 388
1590 1197
946 1305
351 287
1585 1235
356 301
1561 1290
1046 1166
353 303
1545 1327
269 411
1662 1278
998 1286
334 340
1678 1275
342 334
1740 1237
1095 1206
327 371
1611 1369
378 318
1672 1340
1029 1542
345 376
1749 1281
409 306
1530 1478
1183 1351
352 379
2014 1169
377 344
1794 1318
1128 1482
341 391
1659 1453
358 385
2136 1199
1272 1381
299 457
1772 1560
287 485
2003 1388
1141 1633
396 347
1549 1938
415 324
1895 1655
1390 1404
400 363
1901 1829
308 489
1735 1836
1411 1395
432 348
1724 2109
371 418
1834 1923
1469 1373
438 360
2015 1824
390 410
1973 1828
1429 1445
360 459
2091 1769
349 490
1913 1945
1471 1428
486 369
2179 1819
500 361
1997 1914
1375 1506
420 409
2552 1656
446 398
1955 1990
1352 1589
408 434
2282 1896
405 441
2480 1746
1426 1581
459 397
2602 1715
493 386
2285 1964
1317 1740
518 367
2437 1845
433 423
2510 1810
1416 1732
519 375
2384 2017
573 338
1993 2394
1478 1751
407 467
2497 2076
471 414
2513 1905
1557 1629
394 499
2351 2191
380 533
2413 2197
1496 1755
470 438
2491 2240
575 368
2364 2278
1267 2193
427 479
2929 2002
401 514
2298 2439
1449 1966
490 452
2854 2079
464 475
2456 2440
1392 2180
588 390
3521 1808
393 556
2987 2069
1607 1885
365 615
2619 2330
544 433
2582 2343
1915 1702
558 426
2730 2260
440 532
2442 2543
2157 1527
527 466
2744 2318
517 484
2459 2694
1555 2222
542 461
2699 2522
399 617
3179 2203
1581 2301
412 582
2861 2415
463 539
2586 2671
1635 2302
540 480
2916 2459
469 543
2665 2635
2348 1660
453 558
3417 2192
641 424
3193 2336
1798 2420
621 440
2896 2544
568 481
3587 2217
1975 2445
559 510
3086 2425
454 657
3401 2362
2095 2389
482 628
3408 2361
511 613
3507 2542
2238 2357
640 520
2986 3073
691 518
3028 2977
2126 2505
669 527
3411 2722
552 660
2879 3197
1962 2859
782 495
3551 2612
541 703
3286 2855
1971 2845
535 726
3361 2991
586 647
3125 3056
1872 3159
643 592
3347 3018
657 586
3240 3097
2180 2641
582 666
2997 3426
646 596
3222 3335
2204 2630
839 503
4473 2450
632 667
3479 3071
1958 3167
690 645
3826 2836
829 559
3797 2903
2445 2684
889 541
4224 2739
555 873
3304 3417
2493 2801
754 620
3662 3233
629 751
3541 3225
2638 2654
905 547
3552 3359
772 626
3578 3401
2264 3305
721 689
3685 3287
630 802
4204 2948
2485 3319
742 674
3830 3316
775 663
4086 3146
2505 3323
833 612
3747 3408
579 895
3935 3416
2554 3296
800 668
4661 2999
953 565
3577 3720
2527 3350
730 736
3911 3540
928 599
3983 3587
2503 3433
612 954
4592 3211
830 705
4044 3583
2800 3100
740 796
5213 2960
761 782
4705 3241
2453 3611
766 771
4383 3478
807 731
3495 4457
3104 2851
855 704
4672 3444
814 752
4496 3597
2563 3643
845 722
4906 3459
681 923
4331 3844
2541 3930
926 684
4054 4085
645 987
5161 3440
2768 3628
712 908
4625 3716
863 733
5049 3491
2976 3445
787 824
4869 3623
990 641
3866 4361
2569 4101
705 925
4859 3644
769 854
4721 3723
2820 3680
918 721
5581 3298
851 800
4051 4269
2724 3870
1160 595
3919 4436
874 789
3934 4617
2729 3874
802 882
4828 3854
744 927
5123 3667
2556 4220
767 910
4996 3786
933 755
4294 4348
3050 3612
768 928
5024 3798
748 970
4922 3947
2644 4291
867 852
4532 4326
897 837
4845 4044
3008 3686
885 866
4673 4273
810 994
6431 3351
2389 5034
1026 772
6419 3360
852 944
5611 3613
2853 4000
1028 799
5074 4203
895 919
4969 4353
2794 4151
820 1012
4877 4607
1000 835
4132 5271
2646 4587
756 1104
4778 4766
884 941
4644 4795
2977 4119
956 890
5832 3984
923 963
5057 4520
3064 4096
1176 757
5863 4027
793 1133
4769 4939
2867 4415
1089 843
5697 4356
798 1155
4981 4837
3221 3978
836 1105
6186 4121
887 1042
5329 4738
3570 3586
1222 812
5266 4830
1255 793
5063 5082
2625 5324
1173 862
6075 4265
910 1099
4861 5443
3308 3989
1275 808
5317 4917
878 1162
6346 4225
3178 4276
1293 817
5812 4626
1332 813
5225 5244
3101 4547
864 1236
6457 4331
1069 983
5155 5348
3249 4341
891 1204
6045 4583
1009 1034
5323 5188
3002 4901
922 1173
5502 5126
1246 888
5522 5007
2731 5501
854 1309
6277 4624
1129 956
6958 4270
3108 4909
1320 853
6208 4883
1355 842
5139 5558
3478 4313
1465 797
6997 4508
1266 891
5396 5340
3181 4912
1012 1077
5506 5467
1180 949
5402 5406
3265 4781
1016 1090
5816 5256
873 1358
6539 4650
3783 3944
970 1153
5781 5438
1514 803
5283 5882
3128 5156
921 1301
6078 5240
1301 914
5415 5732
3624 4229
1243 962
5836 5515
960 1246
5883 5335
3445 4728
1415 884
7145 4763
1181 1005
5291 5998
4979 3374
1203 1001
6886 4938
1345 917
5450 5832
3982 3996
969 1247
6365 5260
1077 1106
5487 6036
3335 5043
1099 1084
5751 5930
1014 1186
5672 6025
4277 3801
1001 1245
7561 4814
1197 1029
5747 5967
3457 5094
1344 951
6560 5436
868 1524
5391 6940
3352 5508
1331 965
7167 5328
1366 953
5718 6602
4058 4410
1217 1037
6954 5522
1038 1252
7082 5435
3948 4577
1021 1285
6053 6339
1312 1014
6282 6079
3745 4863
942 1468
7478 5359
1248 1060
6535 6005
3619 5109
949 1462
7259 5605
1278 1059
6479 6094
4078 4470
1292 1057
6819 6307
1161 1170
7132 5894
3901 4821
1112 1230
6784 6377
1044 1363
7762 5405
4083 4790
1385 1025
6694 6639
1191 1172
6713 6610
3942 4974
999 1460
6774 6589
1154 1219
6755 6578
4161 4756
1340 1068
7585 5864
1177 1201
6496 6899
3990 5195
1042 1396
7353 6340
1480 998
6393 7026
4233 5069
1205 1195
6836 7006
1206 1202
6846 6682
4817 4492
1693 916
6499 7622
1081 1389
6834 6762
3889 5546
1149 1296
7156 7121
1564 973
7090 6981
4402 4965
1239 1207
7622 6738
1097 1402
7428 6666
3529 6715
1592 988
7791 6222
1494 1046
7019 7314
3629 6437
958 1686
7495 6975
984 1654
7375 7248
4506 5072
976 1669
7364 7262
1786 924
7418 7216
4118 5830
1562 1028
7805 6328
1522 1056
7333 7969
3930 6191
1098 1473
7810 7078
1454 1115
7751 7699
4900 4981
1137 1443
1333 1226
4471 5442
1151 1432
1424 1156
4955 4964
1396 1184
1251 1335
4173 5914
1327 1265
1406 1191
4885 5080
1276 1323
1252 1362
4493 5631
1056 1625
1232 1390
4650 5455
1378 1240
1253 1375
4119 6295
1162 1484
1247 1401
4732 5463
1187 1474
1076 1652
4338 6011
1387 1272
1065 1698
4253 6231
1559 1127
1464 1231
5125 5179
1289 1397
1553 1147
4365 6434
1448 1258
1376 1311
4413 6420
1104 1634
1591 1124
4631 6050
1747 1041
1124 1620
4974 5590
1720 1096
1640 1152
4758 5900
1491 1277
1506 1267
4301 6770
1117 1761
1483 1313
4510 6423
1512 1288
1343 1472
6328 4518
1283 1533
1544 1276
4628 6349
1460 1392
1223 1657
5239 5579
1436 1438
1799 1123
4254 7388
1547 1303
1270 1595
5043 5999
1370 1496
1462 1439
5202 5821
1683 1234
1673 1254
5277 5775
1468 1455
1147 1899
5231 5963
1306 1614
1686 1253
4927 6591
1501 1413
1393 1519
4424 7576
1484 1451
1360 1579
4743 6954
1692 1284
1736 1266
4618 7478
1732 1271
1224 1841
5566 5905
1068 2204
1681 1325
5282 6402
1658 1353
1516 1471
5554 6098
1295 1754
1389 1640
5458 6284
1473 1553
1123 2123
5297 6869
1616 1420
1403 1628
6213 5728
1315 1791
1608 1441
4449 8085
1503 1547
1709 1379
5738 6457
1558 1492
1550 1521
5382 7205
1800 1338
1885 1279
5410 7208
1791 1357
1566 1520
5208 7782
1691 1450
1144 2261
5853 6776
1889 1293
1339 1878
5461 7373
1439 1719
1932 1287
5389 7706
1656 1504
1444 1785
6963 5933
1487 1701
1190 2236
5757 7644
1337 1965
2104 1241
6069 7254
1459 1793
1714 1497
6035 7500
1875 1376
1556 1622
6249 7331
1401 1895
1428 1857
6577 7017
1497 1745
1642 1569
6706 7027
2221 1214
1438 1873
6390 7455
1841 1437
1311 2108
6226 7654
1700 1557
1490 1837
6348 7568
1374 2049
1395 2047
6380 7611
1565 1743
1625 1713
6237 7937
1620 1720
1760 1573
7464 6839
1876 1508
1563 1816
6851 7546
2004 1447
1639 1729
7076 7625
1609 1773
1695 1676
7239 7659
1518 1920
1580 1818
7277 7634
1792 1600
1486 2034
6926 7999
1539 1925
1467 2172
7102 7949
1383 2341
1943 1585
7117 7985
1536 2077
1808 1738
1655 1944
1852 1709
1891 1695
1917 1703
2078 1575
2024 1618
1773 1852
2434 1416
1450 2469
1921 1759
1605 2161
1789 1910
2036 1689
2043 1693
1754 1973
1809 1916
1731 2038
2308 1514
1397 2718
2018 1739
2134 1650
2421 1485
1435 2663
1667 2150
2000 1784
1687 2130
1953 1839
2106 1707
1637 2228
1882 1918
2246 1602
2686 1410
2077 1764
1942 1904
1820 2026
1898 1956
1902 1959
2293 1587
2869 1368
1847 2033
1890 1991
1881 2011
1739 2176
2129 1796
2677 1501
2420 1617
1601 2554
1954 2046
1833 2170
2017 2009
2101 1917
2174 1871
2316 1733
1504 2984
1859 2202
1703 2463
2472 1666
1818 2287
1725 2441
1650 2605
2247 1864
2566 1638
1723 2526
2622 1636
2001 2128
2183 1987
2141 2045
2373 1825
1900 2322
2495 1758
2304 1906
1854 2384
2792 1611
2397 1846
1745 2600
2086 2133
2072 2152
2525 1766
1741 2655
1887 2407
2448 1859
2257 2048
2250 2055
2598 1794
2568 1806
2396 1949
1931 2489
1865 2583
2241 2116
1862 2623
2145 2233
1968 2468
1797 2759
1869 2619
2275 2100
2181 2210
2255 2143
2164 2232
2838 1742
3001 1678
2530 1930
2661 1874
2020 2475
2292 2146
2464 2042
2884 1779
2707 1882
2123 2373
2458 2060
1945 2686
2093 2433
2358 2129
2754 1868
1814 2930
2763 1887
2098 2480
2809 1866
2271 2267
1757 3149
2648 1989
1927 2837
2909 1830
2006 2702
1855 2985
1903 2921
2321 2253
2427 2175
2031 2717
2274 2374
2521 2132
2034 2768
1970 2908
2400 2289
2908 1937
1944 3050
2258 2473
3331 1789
2309 2412
2270 2514
2376 2367
2849 2030
2362 2377
2492 2279
2119 2767
2581 2205
2023 3007
2936 1998
2972 1986
3137 1919
2295 2507
2984 1999
3079 1970
2980 2020
2173 2769
2607 2284
2191 2782
2139 2895
3398 1847
2197 2807
2121 2961
2363 2549
2347 2564
2605 2323
2352 2566
2775 2206
2229 2824
3403 1901
2444 2532
1988 3379
2995 2144
1956 3514
2277 2861
2171 3094
2102 3243
3045 2134
2398 2706
2844 2271
2035 3439
2921 2237
2751 2376
2422 2734
3097 2167
3094 2182
2198 3232
2334 2915
2703 2477
2749 2436
2350 2909
2573 2618
2323 2968
2075 3524
2528 2710
2494 2762
2516 2726
2899 2368
2580 2667
2742 2520
3356 2126
2824 2438
2596 2709
2162 3447
3306 2179
2501 2838
2576 2753
2653 2701
2715 2636
2659 2712
2394 3090
3166 2309
2620 2780
2974 2411
2212 3466
2303 3258
2758 2649
2447 3062
3244 2310
2740 2700
2935 2495
2953 2487
3158 2370
3913 1974
2862 2576
2718 2749
2803 2666
2338 3331
3048 2492
2868 2642
2897 2616
2693 2841
3082 2474
2759 2795
2570 3059
2839 2723
2201 3708
3324 2365
2634 3019
3081 2555
2815 2783
2855 2743
3381 2356
3330 2388
3246 2457
2822 2812
2342 3492
3389 2375
3038 2648
2523 3261
2265 3690
2673 3115
3160 2628
2300 3642
3256 2565
2550 3310
3145 2660
3057 2724
3319 2527
3555 2349
2706 3154
2885 2914
2858 2958
2799 3065
3162 2683
2504 3425
2843 2987
3721 2294
3146 2719
3407 2500
3139 2745
3514 2421
3326 2606
2370 3712
3198 2737
2685 3297
3262 2704
2687 3303
2349 3790
3000 2934
2877 3095
3313 2664
2588 3463
2886 3107
2880 3112
2991 2988
2545 3521
2748 3334
2764 3328
3504 2569
2414 3818
3394 2691
3561 2560
2881 3205
3301 2796
3689 2461
2593 3585
2380 3969
2959 3185
3623 2568
3353 2817
3132 3089
2470 3924
2509 3825
3020 3203
3377 2868
4003 2398
3206 3102
3873 2466
3235 3072
2343 4290
2937 3357
2735 3582
3233 3120
3472 2850
2512 3956
3363 2969
2561 3866
2629 3810
2988 3364
3338 3025
3664 2707
3294 3109
2954 3436
3451 2956
4181 2442
2771 3685
3535 2918
3406 3083
3653 2811
3409 3085
2833 3633
3180 3352
3467 3060
3185 3358
2989 3519
2465 4408
3711 2800
3266 3307
2958 3563
4012 2622
3767 2789
3396 3180
3239 3373
3648 2913
3753 2809
3184 3420
4238 2546
3483 3124
3501 3111
3946 2692
3790 2797
4122 2607
3621 2974
3705 2888
2765 3936
4216 2581
3405 3244
3332 3332
3717 2904
3420 3237
4348 2545
3320 3367
2797 3946
3379 3353
4050 2729
2814 3991
3336 3423
3681 3079
3328 3470
3041 3762
3588 3201
2654 4445
3858 2986
3979 2894
3460 3404
3833 3031
2762 4286
3117 3751
3589 3268
2698 4424
3413 3471
3003 3910
4131 2842
4112 2856
3199 3687
3466 3456
3399 3511
3511 3410
3035 3926
3245 3677
3390 3530
3234 3703
2946 4083
3376 3595
4045 3006
3214 3832
4111 2997
3141 3951
4115 3023
3884 3168
3683 3371
3480 3553
3161 3980
3585 3473
4418 2891
4223 3022
3539 3543
4099 3121
3450 3672
3232 3987
3383 3773
3022 4266
3960 3229
3049 4251
3449 3711
4340 3027
3956 3262
3329 3891
2983 4393
4358 3029
3630 3537
3999 3282
3096 4283
4412 3051
4529 2998
3785 3476
3659 3581
3606 3636
3903 3396
3116 4345
3183 4293
3443 3923
3622 3671
5803 2470
3212 4294
4121 3324
4328 3186
2481 6003
4432 3156
3574 3765
3581 3757
3471 3939
3533 3836
3667 3660
4064 3382
4488 3153
2892 4919
3918 3479
3981 3448
3034 4676
4649 3105
4972 2892
4125 3384
3203 4428
4879 2967
3327 4231
3654 3766
3564 3885
3464 4053
2922 4956
3690 3714
4566 3183
4219 3392
3637 3846
5114 2907
3672 3827
5032 2966
3921 3577
3538 4021
3287 4455
4296 3409
5207 2900
3669 3880
3491 4173
3798 3763
3666 3921
3558 4108
2930 5182
3019 5036
4100 3542
3836 3745
3608 4120
3155 4963
4229 3545
4174 3575
3678 4049
3157 5008
5152 3110
4714 3339
3920 3805
3613 4169
3455 4515
4030 3727
4326 3560
3241 4984
4624 3446
3660 4179
3800 4004
4693 3419
4246 3652
4749 3418
5200 3184
3926 3975
5265 3179
5018 3313
4342 3657
4026 3899
5171 3269
3303 5055
4089 3941
4321 3802
4396 3738
4423 3718
4124 3963
4607 3645
4601 3647
4704 3580
5192 3365
3596 4691
4156 3970
4217 3925
3727 4431
3841 4302
5066 3453
4860 3541
3371 5202
4939 3523
4369 3881
4689 3678
4564 3793
4547 3821
3749 4599
3429 5227
3582 4921
4350 3973
4889 3616
3824 4561
4288 4057
4068 4253
4048 4275
4403 3981
3840 4562
3975 4395
5648 3295
3177 5948
4507 3965
3436 5368
5016 3629
4736 3822
5272 3507
4171 4271
3777 4822
3961 4544
4772 3833
5635 3395
3821 4807
4508 4079
4153 4371
4766 3869
4190 4349
5437 3488
4484 4124
4366 4210
5449 3490
5023 3719
3098 6570
4480 4150
4651 4016
4784 3929
4019 4623
4420 4215
4479 4186
3703 5088
4851 3901
5013 3799
5623 3469
4708 4010
4017 4684
5508 3518
3931 4824
4658 4116
4728 4054
4257 4448
3502 5599
4247 4489
3601 5389
4278 4459
4275 4465
4042 4743
4284 4509
4567 4289
7619 2884
4571 4312
3715 5316
4043 4860
3649 5453
4312 4571
5101 3897
4928 4039
5100 3912
4593 4329
4065 4889
4988 4017
4770 4191
5941 3496
4201 4782
5026 4022
4893 4130
4272 4736
4944 4097
4948 4106
4308 4706
4175 4857
5154 3977
4464 4594
3813 5349
4151 4930
4375 4678
4588 4481
4265 4829
3534 6021
4167 4937
5170 4006
5643 3673
4725 4362
4760 4340
4586 4551
4667 4453
5037 4131
5776 3649
5864 3605
3973 5238
4114 5060
4664 4504
4106 5083
3547 6149
4325 4868
4622 4608
4639 4597
4985 4244
5608 3796
4268 4988
5311 4008
5267 4076
4709 4579
5314 4036
3744 5763
4576 4749
4582 4750
4665 4662
4293 5020
5027 4318
5914 3697
5061 4306
4887 4463
4841 4526
5275 4148
4492 4908
3644 6164
3701 5994
4775 4618
4864 4585
4652 4818
5610 3961
4356 5112
3498 6912
3944 5638
5059 4449
4243 5339
4426 5134
4117 5485
5298 4304
3809 6120
5616 4087
5680 4062
5598 4102
4870 4775
3888 5952
4503 5173
4040 5704
4187 5513
3992 5828
4062 5698
4855 4843
5725 4095
4852 4882
4850 4892
5650 4145
4776 4951
3912 6020
4011 5881
4892 4865
5263 4494
5789 4090
4513 5276
4499 5301
5910 4025
3880 6166
5355 4418
5076 4732
5505 4300
3968 6033
6388 3845
5241 4635
5257 4632
3716 6817
4008 6067
5959 4092
5771 4200
5629 4301
4307 5622
4737 5163
3634 7195
5031 4906
6824 3753
4143 5961
5579 4382
5419 4521
5374 4593
3645 7246
4866 5115
6291 4020
4843 5171
4793 5237
4500 5551
5974 4182
4706 5336
6155 4109
3996 6398
4035 6309
6630 3914
5819 4327
5045 5026
6002 4213
4197 6082
4377 5801
5777 4381
4925 5176
4517 5652
5096 5024
5573 4560
5633 4540
3970 6625
4208 6179
5234 4934
4472 5802
5048 5111
6299 4153
6302 4160
5397 4778
6524 4073
5553 4671
5022 5211
5834 4474
6231 4239
6257 4222
5708 4609
6227 4249
5928 4425
5129 5146
5792 4605
4745 5610
4931 5429
4283 6376
4824 5557
4010 6959
5116 5278
6200 4367
6466 4243
4711 5751
5612 4800
5742 4723
7081 3993
5421 4954
4444 6200
5591 4875
5664 4825
5285 5207
5106 5381
4212 6779
4794 5791
5528 4968
4511 6238
5183 5341
3829 7684
4404 6446
6136 4552
7061 4115
6255 4479
4417 6487
6444 4414
4780 5908
6678 4308
5084 5540
5000 5660
4966 5742
4685 6183
5014 5671
6427 4506
5420 5226
5428 5220
4636 6301
5766 4955
6814 4316
3984 7584
4759 6096
6033 4789
4560 6508
5627 5078
6632 4437
4386 6832
6307 4660
4742 6210
4810 6157
6569 4569
5820 5028
4699 6404
5166 5713
5854 5031
5817 5059
5146 5764
4941 6030
6153 4850
5142 5784
5245 5627
6478 4683
4551 6826
6086 4914
4937 6069
5858 5068
4656 6646
7371 4232
6215 4911
5380 5541
4546 6971
5953 5074
5614 5346
5929 5102
5526 5408
4902 6311
6742 4652
5796 5248
5988 5075
5340 5670
7399 4299
4973 6256
5978 5110
4470 7225
5132 6016
4952 6390
4391 7431
5464 5597
7636 4205
6312 5000
5507 5596
5439 5680
4186 7895
5377 5796
5381 5800
4682 7025
5447 5747
5047 6392
4518 7404
5255 6064
5673 5537
5348 5932
6182 5174
6156 5215
5318 6022
4574 7427
5201 6246
6270 5166
6519 5032
6730 4931
5280 6249
6138 5325
6578 5070
5892 5514
7191 4771
5555 5872
6821 4966
5212 6444
6748 5005
5363 6159
7118 4823
6547 5132
6451 5187
4657 7534
5143 6601
5758 5696
5924 5549
7229 4805
5721 5813
4374 7981
5172 6702
5583 5985
4469 7942
5406 6236
7574 4629
6876 5039
5313 6433
4899 7212
6148 5454
6331 5354
5356 6373
5385 6305
6126 5482
5518 6092
7441 4759
6236 5448
7080 4990
5825 5825
6311 5426
6289 5447
5828 5869
6134 5560
6526 5343
6869 5140
5719 6013
6976 5125
5896 5852
5303 6684
6041 5709
4746 7740
5679 6110
5168 7011
5734 6049
6018 5767
6429 5458
5479 6456
5242 6935
5350 6719
6087 5773
7475 4903
7735 4681
7581 4835
5237 7000
6867 5286
5625 6320
6305 5617
5797 6123
5859 6054
5784 6167
7095 5200
5951 5987
7008 5263
5683 6351
5271 7059
6566 5521
6232 5787
7097 5241
6705 5457
6023 5993
6672 5492
7248 5168
5204 7274
6439 5661
6468 5665
5861 6242
7012 5350
6844 5437
6790 5472
5700 6526
5662 6571
5619 6620
6640 5587
6765 5519
5841 6363
7234 5273
5753 6519
5243 7367
5994 6178
5901 6299
6372 5858
5433 6960
5424 7015
5804 6495
6251 5981
6943 5475
6489 5806
5252 7417
7427 5175
6571 5757
5486 6963
7037 5449
6127 6136
6623 5756
6475 5873
5307 7433
5968 6424
5981 6401
5814 6651
5224 7668
5722 6836
7254 5419
6602 5911
6754 5793
6575 5929
7454 5308
5727 6896
5943 6574
5372 7448
6026 6479
6554 5986
6881 5737
5937 6614
5349 7538
6587 5972
6206 6318
7359 5424
6252 6333
7368 5440
7212 5575
5344 7674
6594 6085
5604 7259
6193 6511
7282 5616
7195 5693
6222 6590
6259 6548
6674 6165
5678 7340
7265 5725
6290 6603
6070 6847
5529 7630
5840 7190
6084 6851
7408 5620
6073 6893
6276 6679
7193 5849
5647 7511
7473 5589
6408 6566
5884 7182
6107 6909
6456 6544
6405 6611
6209 6828
5312 7978
5907 7200
6183 6882
6403 6658
6527 6543
6049 7055
7039 6077
5341 7990
5618 7704
6601 6546
7509 5703
7279 5922
6580 6585
6124 7111
6654 6560
7286 5975
6485 6750
7339 5925
7771 5391
6121 7169
6458 6878
6022 7384
7630 5760
6059 7381
6364 7058
5837 7712
5902 7635
6218 7240
6201 7260
6385 7071
6931 6565
5606 7968
7224 6273
6770 6756
6901 6643
6538 7012
6046 7580
5996 7657
7698 5840
6892 6717
5875 7811
6235 7432
7173 6493
5970 7765
7562 6053
6793 6923
6426 7327
6711 7045
6486 7287
7251 6503
7226 6529
7148 6633
6500 7334
5985 7851
5786 8012
6878 6966
6351 7537
6310 7601
6924 6948
6044 7830
6987 6915
7137 6751
5852 7992
6279 7655
6684 7236
7002 6943
7800 5648
7537 6357
6058 7906
7138 6871
6859 7189
7387 6630
6940 7137
6689 7371
6203 7861
7709 6221
6775 7342
6724 7423
6617 7543
6939 7217
7429 6683
7550 6537
7430 6693
7071 7154
7684 6384
7786 5962
7761 6176
7569 6576
6204 7963
7184 7093
7373 6907
6549 7770
6443 7838
7007 7329
6726 7628
7296 7010
6884 7525
6764 7697
7263 7332
6616 7945
7361 7291
7067 7675
7646 6931
7350 7362
7120 7694
6983 7822
7303 7505
7443 7337
7397 7439
6350 8076
6953 7913
7462 7406
7673 7131
6800 8009
7435 7507
6798 8028
7728 7113
6951 8007
7492 7637
7199 7911
7760 7133
7455 7715
7243 7926
7266 7905
7022 8033
7483 7787
7522 7786
7674 7893
7758 7809
7624 8013
413499319 1446198686
1
sift 1413
14 21
7 19
44 46
11 28
37 71
111 72
67 77
117 151
66 129
70 75
161 116
78 67
170 167
109 145
86 101
247 262
56 186
179 176
118 149
114 106
374 313
88 147
277 308
112 169
98 126
381 320
142 102
344 342
165 201
105 150
379 364
140 155
325 417
232 276
175 127
397 354
162 148
361 369
223 281
128 213
430 330
121 254
389 433
201 343
174 225
485 425
263 173
382 442
224 315
244 247
590 448
239 261
639 449
265 357
260 248
806 536
276 282
729 680
348 389
337 253
909 639
350 257
700 717
522 533
251 348
879 677
189 546
853 728
466 692
329 291
986 641
269 349
989 644
461 707
367 277
980 656
229 436
979 721
523 658
262 390
913 815
351 316
862 856
491 742
235 474
1157 904
354 339
888 928
521 808
305 382
1204 885
327 365
934 989
663 674
318 379
1041 1014
341 363
1032 922
670 709
378 341
1086 980
345 375
1048 949
652 761
358 366
1171 962
308 445
991 1046
520 1039
409 336
1064 1100
328 434
1033 1182
644 920
299 485
1342 999
438 338
1078 1139
655 1013
371 398
1391 975
313 522
1084 1303
796 960
432 358
1324 1247
282 588
1148 1352
752 1077
400 414
1371 1228
396 419
1538 1130
884 1012
405 412
1363 1307
416 403
1771 1087
954 1192
518 350
1488 1286
390 458
1390 1420
948 1210
445 415
1545 1332
310 621
1561 1323
911 1301
573 362
1585 1320
575 361
1611 1366
946 1259
394 541
1662 1390
490 439
1370 1685
998 1218
360 613
1678 1415
407 528
1530 1536
1095 1140
365 638
1749 1348
415 538
1672 1446
1046 1205
446 504
1632 1523
578 395
1659 1606
988 1385
568 413
1794 1502
486 491
1740 1646
1083 1344
544 451
2136 1441
380 683
1752 1648
1183 1380
401 605
1895 1735
588 443
1877 1631
1128 1488
453 561
1772 1906
517 518
1734 1793
1141 1583
393 725
1901 1799
540 509
1915 1832
1272 1592
621 459
2015 1823
433 652
1973 1807
1029 2157
423 666
2282 1729
640 468
1834 1968
1426 1499
599 496
2091 1923
414 736
1978 1863
1375 1549
412 745
2179 1868
497 597
1997 2013
1429 1604
542 568
1724 2409
454 783
1955 2317
1425 1638
691 511
2413 1898
541 682
2602 1773
1267 2069
559 703
2480 1859
515 791
2552 1806
1418 1897
669 586
2384 1992
797 527
1993 2387
1478 1774
482 903
2285 2096
782 535
2819 1787
1764 1476
428 1084
2510 2033
657 660
2854 1912
1416 1921
643 684
2652 2077
772 615
2437 2230
1469 1884
814 590
2497 2200
775 635
2356 2376
1496 1902
555 940
2929 1956
845 585
2298 2616
1557 1813
740 706
2619 2286
666 788
2996 2130
1392 2137
742 714
2491 2653
721 772
2513 2486
1449 2141
787 740
3134 2148
918 665
2442 2644
1635 2078
889 734
3211 2125
895 735
2665 2481
1555 2263
1051 620
2744 2491
705 955
2981 2299
1607 2419
645 1063
2916 2534
800 872
2586 2674
1581 2484
928 763
3213 2366
1173 603
2591 2782
2088 1858
801 917
2896 2643
874 847
3417 2335
2157 1940
851 891
3401 2384
896 840
2861 2891
1798 2311
842 899
3193 2768
923 825
2879 3096
1967 2189
748 1018
3927 2274
1028 760
3240 2773
2016 2279
807 967
3408 2709
867 919
3551 2604
1849 2594
990 807
3347 2826
793 1083
3286 2966
2046 2458
1166 737
3507 2811
1176 743
3222 3082
1968 2859
1331 676
3587 3073
852 1061
3125 3178
1971 2878
810 1147
3797 2872
1231 762
3361 3395
1872 3251
809 1189
4204 2875
836 1171
3304 3457
1962 3116
1203 806
3552 3422
1025 968
3541 3287
2238 2588
878 1229
3830 3232
1217 873
3140 3732
2204 2665
1361 800
3938 3238
1021 1022
3492 3669
2126 2856
1222 887
4049 3291
1180 910
3479 3853
2127 2892
921 1232
3685 3548
1320 848
3936 3437
2180 2964
756 1626
4237 3283
1419 832
4383 3198
1983 3476
899 1351
3578 3815
910 1342
4661 3121
2264 3191
922 1328
3911 3534
926 1312
3367 4315
2638 2741
1243 943
4705 3186
864 1450
3836 3646
2493 3060
1240 977
4086 3524
1301 953
3495 4258
2485 3264
887 1470
3747 3874
854 1524
4054 3636
2278 3856
1191 1065
4379 3472
1012 1278
3983 3723
2800 3076
1129 1129
4592 3485
1178 1094
3577 4241
2453 3552
1016 1317
4906 3322
1077 1241
4044 3791
2569 3517
1061 1270
4364 3688
984 1392
5213 3257
2563 3593
1312 1057
5049 3513
1235 1143
3866 4197
3104 3011
1278 1106
4721 3694
1099 1313
4213 4185
2496 3744
1042 1426
4859 3679
1460 1002
6419 3031
2527 3758
1345 1093
4292 4186
1276 1154
4869 3743
2702 3598
1154 1310
4532 4054
1177 1287
4625 3987
2729 3586
1564 979
4331 4252
1248 1239
4828 3862
2389 4301
1174 1324
4996 3784
942 1817
3934 4729
2377 4349
1044 1551
5024 3864
868 2080
4051 4685
2952 3451
1366 1211
4922 4038
969 1769
4515 4260
3050 3389
1559 1056
5123 3871
1072 1562
4496 4401
2820 3624
1081 1544
3686 5444
1206 1406
4845 4118
2725 3901
1076 1599
5611 3675
1381 1237
4130 5096
2853 3697
976 1831
5317 3947
1007 1763
5581 3793
2794 3825
1097 1621
4778 4494
1232 1475
4877 4686
2976 3568
1239 1471
3919 5753
1494 1219
4644 4982
2768 3913
1424 1290
5074 4735
1098 1700
5057 4690
2625 4214
1289 1445
5063 4946
1340 1425
4861 5118
2724 4009
1616 1159
5266 4990
1378 1369
4021 6172
2695 4073
1119 1717
6186 4336
1592 1198
4981 5073
3008 3771
1396 1416
5697 4726
1127 1754
5323 4911
3064 3792
1104 1812
5863 4646
1162 1753
4900 5333
2556 4832
1492 1360
6457 4335
1480 1370
4980 5290
2977 4090
1247 1635
6873 4158
1732 1181
4885 5491
2867 4273
1393 1482
6346 4503
1552 1322
5139 5238
3221 4059
1417 1497
5502 5079
1709 1255
5155 5248
3112 4333
1673 1297
5751 4906
1584 1402
5283 5139
2731 5128
1123 2088
6277 4728
1547 1439
4563 6069
3249 4224
1501 1490
5506 5375
1681 1330
6535 4373
3288 4179
1468 1581
6958 4559
1102 2224
6539 4451
3002 4721
1651 1421
6997 4612
1473 1600
5329 5345
3178 4550
1056 2517
6045 5293
1714 1442
5396 5274
3265 4539
1224 2113
5836 5558
1223 2138
5522 5263
3891 3678
1283 2024
6560 5178
1544 1627
5415 5528
3478 4499
1791 1436
5816 5742
1315 2032
4769 6551
3783 4029
1360 1952
7478 4770
1311 2073
5291 5805
4979 3259
1853 1428
6202 5672
1462 1865
5402 5720
3108 5364
1563 1680
6053 5800
1506 1768
5225 6365
3570 4547
1497 1800
5164 7403
1407 1958
5488 6094
3445 4901
1491 1820
7561 5042
1642 1629
5747 5880
3982 4189
1490 1851
5812 6396
1124 2790
5883 5788
3624 4828
1639 1703
6090 6170
1570 1760
5718 6036
4277 4234
1788 1534
6208 6150
1695 1672
5566 6197
3457 5428
1486 2016
6365 6038
1383 2205
5391 6731
4161 4363
1380 2209
6499 6007
1609 1850
6282 5727
4495 4206
2221 1374
6823 5797
1401 2250
7082 5376
4058 4693
1658 1839
7353 5450
1476 2156
6784 6014
3745 5198
1503 2143
6409 6565
1529 2097
6479 6446
3619 5512
1325 2651
7047 6032
1556 2095
6393 6566
3352 6338
1876 1699
7259 5920
1875 1708
5775 7318
3529 5901
1467 2322
7246 6004
2130 1535
7805 5221
4083 5159
2308 1462
6694 6799
1691 2031
6846 6681
3629 6206
2566 1377
7202 6393
1522 2325
6685 6968
4352 5104
1953 1770
7495 6163
1786 1949
6755 7045
3889 5794
1757 1985
6954 6951
1542 2351
7019 6838
4078 5565
1580 2266
7585 6193
1859 1922
6496 7379
4233 5409
1731 2139
7791 5856
1525 2554
6834 7110
4145 5551
1504 2682
7751 6095
2018 1889
7428 6577
4493 5231
1943 1974
7206 7167
1882 2030
6895 7351
4378 5340
1894 2036
7622 6647
2106 1841
7090 7291
3930 6021
1847 2112
6952 7503
1809 2155
7464 7017
4323 5471
2041 1943
6886 7641
1667 2420
7156 7496
4732 5208
2645 1520
7393 7485
1518 2830
7418 7285
3942 6456
1703 2413
7810 6817
2043 1983
7333 7694
4468 5589
2017 2026
7788 7850
1687 2537
7187 7922
3835 6906
1900 2191
2174 1933
7375 7953
4118 6370
2247 1883
2542 1660
7685 7796
4650 5772
2396 1752
1818 2320
4631 5958
2778 1556
2181 1963
4817 5719
2144 2038
2036 2176
4510 6194
1395 3712
2754 1640
4628 6029
1770 2584
2316 1941
4301 6863
1650 2933
1899 2448
4365 6734
2141 2146
2134 2171
4974 5740
1536 3503
1622 3296
5043 5744
1741 2942
1482 3812
5125 5658
1921 2648
1862 2742
4424 6841
2458 2009
1881 2734
3986 7820
3001 1701
1823 2861
4758 6431
2809 1816
2936 1758
4618 6768
2145 2429
1887 2873
4927 6226
2250 2295
2464 2117
5231 5859
2000 2725
2072 2598
5282 5884
2733 1954
2908 1857
5202 6067
2920 1856
2713 1993
4959 6942
1927 2948
2086 2655
5554 5889
2299 2309
2427 2215
5354 6334
2984 1890
2094 2736
4683 7634
2568 2151
2275 2463
4663 7680
2750 2074
2492 2252
5426 6333
1944 3128
2164 2739
4991 7205
2346 2443
2776 2110
6328 5543
2998 1969
2362 2449
5389 6919
2255 2658
2598 2264
5208 7559
2292 2583
1931 3357
5120 7803
3299 1916
2648 2324
5461 7218
2197 2934
2471 2516
5297 7539
2803 2221
2692 2298
5382 7406
2680 2310
2659 2347
5738 7551
2199 2991
2622 2411
6249 7040
2090 3227
2212 3004
6213 7331
2099 3285
2198 3112
6100 7615
2531 2585
2706 2424
6218 7505
3316 2090
2770 2495
6226 7511
2363 3042
2277 3209
6254 7494
2635 2732
2350 3132
6380 7457
2921 2453
3319 2211
6809 7180
1854 4413
2607 2847
6446 7696
2274 3387
2655 2800
6261 7977
2742 2706
2417 3158
6851 7710
3145 2394
2844 2620
7319 7400
2398 3290
3038 2530
6926 7874
3082 2496
2229 3613
7076 7790
2516 3114
3073 2560
7239 7827
2849 2759
2494 3207
6934 8029
2634 3054
2447 3345
2414 3401
2523 3215
2352 3500
2855 2835
2201 3932
2580 3213
2759 2985
2815 2913
2915 2804
2237 3851
2545 3333
3094 2722
3162 2686
2271 3866
3160 2714
2749 3142
3407 2508
2403 3597
2758 3147
3548 2404
3259 2684
2343 3762
2162 4341
3011 2919
3262 2744
3057 2923
3555 2494
2839 3166
2868 3141
3206 2837
2843 3204
2309 4086
4027 2290
2370 4103
3301 2871
2958 3242
3139 3090
3353 2854
2954 3318
2603 3765
3389 2874
3048 3231
3324 2958
3504 2794
2395 4264
3016 3324
3753 2603
2886 3470
3490 2860
3146 3253
3472 2946
2743 3719
3185 3317
2764 3761
2451 4454
2561 4173
2673 3978
2771 3786
2509 4299
2988 3518
4012 2635
4131 2576
2465 4554
2938 3611
3501 3108
3363 3261
2528 4391
3623 3007
2715 4115
3483 3176
3858 2822
2898 3813
3946 2792
3451 3279
3648 3085
3137 3587
3331 3427
4418 2592
2675 4427
3236 3572
2698 4442
3115 3746
3683 3161
3405 3477
3235 3643
3020 3930
3463 3484
3535 3412
3394 3528
2857 4268
3471 3489
3884 3091
3379 3573
2533 5018
3234 3846
3081 4105
3833 3226
3154 4062
3336 3780
4488 2922
3420 3798
3974 3334
2482 5776
3303 4174
3460 3964
3376 4145
3653 3705
3608 3769
4223 3341
3327 4272
4296 3315
3585 3921
3443 4203
3785 3685
2930 5057
3681 3839
3675 3854
4971 3021
3724 3787
3654 3925
3155 4800
3588 4048
3034 5013
3651 4020
4326 3456
3024 5095
3538 4248
3800 3869
3667 4077
3539 4319
3705 4095
4459 3493
3511 4403
3630 4269
3999 3799
3798 4074
5419 3022
3669 4291
3217 5154
5114 3233
4993 3308
3678 4304
4248 3707
4048 3868
3455 4739
4219 3740
4031 3908
3898 4079
4175 3845
3926 4148
5029 3399
3558 4702
3022 5843
3370 5156
3498 4907
3564 4813
4564 3710
4601 3690
3666 4658
3690 4629
4851 3555
3468 5113
3239 5577
4050 4242
4321 4033
4963 3563
3519 5090
3596 4978
4566 3905
4403 4045
4639 3876
4507 4049
4068 4405
4547 4035
3664 5037
3201 6097
6427 3106
4693 4000
3920 4738
5026 3755
4423 4255
4089 4583
4017 4680
4125 4585
3534 5510
3436 5782
4257 4537
3399 6058
3738 5262
4153 4812
4043 4913
3429 6105
4770 4225
5635 3602
4658 4376
4284 4759
5299 3958
4571 4617
5099 4136
3383 6672
3823 5461
4366 4818
4420 4778
4337 4858
3970 5254
3547 6164
5311 4003
5109 4177
4503 4750
3618 5984
3177 7498
4283 4992
3840 5526
3831 5556
5439 3983
4065 5275
4014 5403
3861 5610
4736 4673
3716 5954
4375 5047
6327 3604
5648 3969
4870 4635
4278 5209
4416 5076
5044 4477
4704 4819
5584 4053
5975 3804
4288 5253
3260 7819
5914 3880
3821 5996
4114 5547
3715 6400
4582 5100
3644 6787
7332 3475
4319 5427
5760 4152
5355 4428
5314 4506
4725 5092
4479 5374
5772 4202
4150 5793
4586 5278
3720 6763
4171 5784
5234 4669
6299 3951
4909 5002
3992 6175
4151 5919
3912 6361
5681 4357
4793 5185
4850 5114
3645 7259
3603 7410
4208 5974
4804 5267
6257 4132
4472 5665
4307 5875
4866 5249
6563 4060
4275 6056
5117 5080
5608 4619
4229 6201
5031 5191
5263 5007
4841 5408
4325 6081
4464 5938
4513 5895
5952 4508
6631 4160
5384 4953
5725 4684
4855 5513
4759 5605
5366 5026
6388 4324
6034 4521
3700 7735
7178 3982
5941 4638
3880 7369
4986 5509
4887 5601
4117 6993
4652 6003
4545 6235
6606 4360
5275 5318
5595 5020
5928 4782
4212 6976
6153 4677
4011 7479
4386 6816
5896 4903
5627 5125
4391 6846
4937 5897
4551 6643
5280 5514
5096 5739
4636 6504
4560 6691
5766 5110
4143 7466
4966 5986
7619 4104
4282 7220
5241 5613
5342 5489
5166 5757
5988 4967
4168 7460
4925 6118
5771 5180
5252 5670
6977 4523
3829 7993
4165 7620
5664 5308
4794 6509
4492 7147
4973 6225
5797 5260
4374 7343
5142 6040
5022 6243
4361 7427
4201 7729
7118 4569
4185 7788
5130 6144
4952 6466
5347 5798
4766 6888
6748 4824
4377 7545
5147 6306
6291 5141
4865 6862
5132 6357
4396 7660
6312 5165
6519 5084
5629 5768
5675 5834
7120 4888
5374 6270
5892 5650
4584 7734
5385 6297
6138 5484
6653 5201
6441 5313
5255 6636
4699 7597
6017 5623
5758 5905
4833 7428
5825 5849
5573 6128
5555 6154
4776 7584
5242 6805
5650 6148
6811 5239
5143 7078
5381 6650
5447 6543
4728 7831
7771 4628
6566 5463
6311 5632
5204 7127
5312 6964
5025 7453
7370 5066
6351 5662
5744 6310
6305 5737
5708 6374
6148 5865
5000 7566
5421 6812
6867 5432
6193 5916
6233 5892
5817 6411
5994 6188
5424 7049
5377 7143
6020 6198
5820 6487
5777 6625
6632 5750
5591 6899
6228 6087
6155 6174
5924 6480
6765 5702
6640 5791
5372 7350
7141 5500
5841 6707
5814 6747
5185 7750
5464 7263
6235 6303
7454 5362
6041 6533
7095 5606
5978 6668
5235 7815
6468 6241
6943 5869
6601 6156
7473 5485
6206 6640
7043 5874
6881 5992
5618 7429
6117 6824
6587 6318
5854 7177
6026 6958
6403 6556
7574 5525
5604 7537
6373 6661
5970 7117
7195 5914
7592 5563
5828 7337
6236 6943
6527 6639
6931 6299
6209 7066
6988 6289
7037 6246
5583 7824
6049 7268
7212 6096
7251 6091
6884 6489
5350 7991
7430 5983
6869 6596
6119 7346
6674 6831
6456 7063
5649 7892
6107 7398
6251 7277
7407 6099
5790 7795
6705 6885
6089 7489
6489 7146
5662 7941
7226 6434
6878 6839
7148 6562
6252 7459
7002 6879
6844 7031
7229 6682
6475 7422
6939 7033
6070 7813
6770 7214
6767 7245
7023 7043
7398 6602
7296 6781
6411 7697
7509 6607
7457 6757
7429 6822
7684 6484
6385 7862
6914 7436
7234 7152
6719 7639
6892 7564
6802 7662
6857 7625
6650 7825
7039 7502
6617 7873
7569 7030
7249 7392
7443 7227
7524 7157
6747 7918
6800 7915
7523 7308
7537 7330
7588 7315
7373 7608
7224 7860
7435 7837
7758 7506
7670 7891
7625 7938
7748 7940
413499319 2011792801
1
sift 1816
14 22
5 20
44 43
11 23
7 19
161 116
12 15
117 147
64 101
45 28
247 248
22 59
170 151
109 143
37 73
381 283
67 66
179 182
118 138
78 61
374 301
70 67
277 286
112 152
75 85
397 349
42 142
344 334
165 196
56 136
406 342
96 89
325 370
223 267
114 96
590 450
88 122
361 346
232 254
98 115
639 451
168 90
693 507
224 290
141 98
672 721
142 104
700 692
201 340
105 135
917 596
77 233
729 689
348 408
120 167
879 653
126 173
909 650
513 645
140 161
986 595
128 188
784 773
523 626
121 218
777 797
174 191
980 628
491 708
145 241
913 792
155 246
989 659
520 855
180 235
979 724
252 172
862 843
670 685
164 284
1204 723
202 231
1064 868
663 713
203 239
1157 856
244 223
934 994
652 785
189 318
1041 958
239 242
1032 900
644 902
260 238
1350 957
197 335
991 1040
915 776
276 253
1391 1013
250 309
1033 1026
796 922
235 357
1324 1158
229 378
1078 1258
799 960
329 263
1371 1184
242 363
1363 1216
752 1131
240 391
1538 1157
350 266
1488 1253
884 985
312 293
2136 952
367 262
1390 1428
1048 1019
305 316
1590 1239
262 399
1930 1112
948 1204
318 314
1585 1345
269 392
1561 1390
954 1199
351 296
1545 1437
353 304
1740 1296
911 1433
327 356
1678 1363
334 380
1632 1444
998 1257
341 374
1749 1344
345 372
1659 1463
1046 1174
409 299
1794 1396
358 358
1530 1648
1148 1075
287 469
1672 1536
282 493
1772 1701
946 1391
299 480
1901 1640
438 311
2014 1578
925 1459
416 336
1895 1661
371 401
1735 1816
988 1395
313 485
2015 1628
400 376
1834 1807
1095 1310
432 343
1724 2076
396 386
1913 1814
1128 1401
500 319
2091 1796
444 364
1973 1864
1183 1394
390 425
2552 1539
405 412
1997 1940
1272 1362
360 499
2179 1813
518 359
1955 2037
1141 1523
349 534
2282 1736
310 616
2602 1682
1469 1383
415 459
2652 1676
407 483
2480 1793
1352 1519
573 351
2285 1954
446 458
2384 1937
1375 1557
575 368
2826 1804
394 523
1993 2349
1411 1570
486 441
2351 2155
490 439
2003 2356
1425 1589
519 426
2497 2068
558 402
2510 2104
1426 1622
433 494
2619 2022
464 473
2929 1976
1317 1800
365 609
3086 1950
393 560
2356 2411
1471 1654
402 557
2491 2331
544 443
2582 2214
1478 1670
568 442
3521 1776
453 547
2298 2521
1392 1798
517 500
2819 2141
527 503
2513 2269
1416 1812
540 498
2730 2252
412 637
2456 2462
1267 2095
542 506
2987 2111
588 476
2364 2585
1458 1781
599 477
2744 2263
640 465
2442 2592
1429 1836
454 678
3179 2234
428 736
2586 2480
1496 1744
399 857
3417 2154
463 725
2591 2579
1321 2061
515 666
2896 2511
691 513
2665 2721
1557 1677
482 778
3136 2369
669 536
2861 2641
1635 2077
559 639
2981 2556
440 862
3927 2066
1915 1784
511 744
3401 2413
782 496
3194 2608
1607 2172
541 718
3492 2404
535 766
3587 2509
1555 2373
657 607
3213 2719
643 619
3125 2985
1581 2409
552 781
3551 2570
797 553
3240 2981
1798 2294
666 663
3347 2892
632 715
2879 3369
2095 1995
762 578
3526 2796
766 594
3286 3009
1967 2153
555 895
4473 2257
775 610
3222 3102
2046 2168
772 622
3507 2859
740 664
3541 2997
2016 2293
582 869
3552 2991
629 819
3361 3182
2348 1982
721 700
3797 2826
794 629
4224 2596
2157 2337
889 585
3662 3398
833 630
3304 3698
1962 2741
742 720
3367 3774
814 671
3578 3548
1968 2734
918 593
3935 3325
845 644
4237 3137
2204 2491
800 699
3685 3598
761 762
4287 3136
1971 2911
787 755
3911 3542
754 811
3495 3985
2238 2461
840 722
4383 3262
928 669
4661 3121
2180 2546
645 1010
3830 3718
646 1034
3479 4146
1958 3038
807 844
4705 3216
896 768
3836 3728
1872 3248
769 908
4295 3482
851 830
3577 4154
2126 2753
767 915
3747 4015
612 1221
4044 3638
2127 3090
1361 546
4592 3391
874 826
4379 3574
2493 3116
895 809
4054 3783
990 702
3938 3941
2485 3234
801 896
4906 3314
748 972
5213 3187
3013 2607
730 1025
4996 3361
953 770
3983 4135
2541 3202
906 839
5161 3330
897 870
3866 4346
2638 3109
1028 754
4721 3663
867 909
3934 4388
2527 3335
630 1356
4523 3934
923 881
4051 4376
2569 3305
852 1003
4331 4108
809 1070
5572 3300
2375 3740
933 914
4496 4004
956 891
5049 3631
2563 3445
1176 741
4625 3971
1173 753
4532 4101
3104 2894
1166 763
6419 3079
793 1142
4234 4460
2453 3834
705 1368
5024 3852
1003 905
4869 3977
2689 3478
966 947
5123 3797
926 1035
4828 4042
2952 3239
1222 789
4859 4104
899 1074
4922 4118
2800 3525
1009 938
5092 3981
1013 954
4846 4245
2389 4338
1292 788
4673 4452
744 1445
4538 4597
2695 3700
836 1292
5611 3724
992 1028
4515 4797
2976 3402
1332 805
4877 4451
1293 833
4690 4786
2724 3789
878 1224
5317 4177
1320 829
4130 5331
2794 3727
876 1242
5672 3995
1021 1044
4644 4894
2725 3857
887 1270
5074 4647
1061 1029
5057 4638
2729 3878
1203 916
5063 4890
922 1255
4543 5183
2820 3788
1129 982
5266 4761
910 1314
4981 4793
3008 3607
921 1315
5287 4751
960 1222
4021 5923
2853 3782
1217 945
5494 4580
1243 936
4900 5255
2802 3898
1180 975
6272 4261
1178 986
5155 5057
3249 3373
873 1432
5831 4566
1355 893
4885 5306
2768 3992
854 1473
5697 4753
1301 931
4861 5339
3050 3596
1084 1106
6873 4089
1999 676
5396 4998
2644 4321
1016 1223
6457 4341
1012 1232
5522 4887
2556 4708
1331 949
4969 5473
1072 1182
6075 4587
2646 4716
1099 1159
6277 4619
756 1925
5323 5184
2625 4898
1181 1092
6560 4513
984 1411
4769 5822
2977 4161
949 1475
5502 5257
1077 1281
5751 5107
3221 3844
1069 1303
6346 4726
1278 1078
6045 4912
3064 4130
1014 1399
6958 4512
1191 1173
5139 5739
3288 4000
1345 1062
6997 4527
868 1738
6208 4996
3308 4249
1235 1152
5581 5552
1248 1150
5291 5806
3178 4532
1693 886
5506 5650
1385 1054
5239 5895
3002 5005
1197 1205
6202 5151
969 1560
5283 5908
3891 3741
1042 1448
5781 5471
1154 1305
5415 5676
3783 3927
1112 1346
5816 5460
1464 1048
5402 5808
3265 4860
1239 1225
5812 5597
1177 1290
5488 5819
3478 4586
942 1688
7561 4871
1206 1287
5225 6265
3624 4373
1081 1453
6265 5616
1044 1518
5883 5487
3108 5348
1007 1584
7167 5200
1276 1249
6535 5499
3445 4939
1097 1481
6588 5527
1187 1400
5157 7322
3457 5329
1454 1133
6053 6044
1340 1240
5718 6429
4161 4327
976 1752
7805 4606
1480 1126
7082 5332
3619 5082
1098 1540
6823 5519
1553 1083
5391 7069
3352 6081
1559 1082
6499 5867
959 1859
6090 6236
3745 5204
1378 1259
6784 5709
1592 1080
6282 6138
4058 4891
1127 1538
6365 6065
1076 1611
6409 6061
4078 5016
1396 1262
7478 5412
1460 1213
6479 6430
3123 7421
1448 1264
6819 6146
1232 1464
7375 5682
3901 5313
1424 1283
7145 6021
1162 1579
7259 5962
3529 6599
1552 1193
7353 5881
1104 1683
6393 6960
3889 5684
1237 1524
6694 6709
1414 1347
6954 6575
3629 6407
1151 1624
7364 6500
1253 1521
6496 7065
4353 5180
1346 1449
7605 6424
1247 1546
6834 6834
3942 5730
1526 1288
7206 6925
1370 1446
6685 7027
4145 5505
1512 1321
7585 6536
1068 1880
6846 6983
4083 5758
1417 1427
7791 6141
1747 1132
6895 7005
4233 5658
1716 1183
7751 6437
1584 1286
6755 7244
4118 6243
1436 1441
6886 7648
1506 1393
7019 7373
4365 5931
1483 1408
7246 7320
1393 1510
7090 7384
3930 6795
1686 1256
7622 6957
1616 1316
7108 7559
4650 5904
1547 1350
7810 6597
1673 1266
7418 7254
4974 5490
1932 1107
7617 7512
1501 1419
7087 7750
4817 5672
1492 1443
7393 7769
1056 2132
7566 7464
5231 5252
1683 1295
7788 7624
1252 1710
6724 7998
4631 6039
1544 1414
1468 1509
7333 7762
4338 6637
1620 1370
1283 1697
7685 7802
4510 6425
1223 1830
1681 1353
3986 7571
1825 1271
1709 1369
4424 6844
1224 1904
1360 1681
4965 6000
1732 1364
1558 1494
4301 7221
1147 2114
1462 1608
4758 6520
1736 1387
1389 1708
4927 6323
1473 1630
1459 1694
4991 6384
1343 1869
1315 1905
5282 6034
1714 1470
1791 1418
5125 6303
1551 1621
1522 1674
4663 7167
1497 1719
1657 1565
5566 5694
1566 1645
1503 1759
6328 5172
1642 1601
1374 2025
5043 6665
1640 1635
1639 1646
5300 6356
1402 2023
1563 1739
5202 6585
2221 1318
1490 1892
5458 6611
1444 2013
1476 1938
5297 6950
1808 1552
1609 1756
5554 6519
1325 2254
2421 1260
5206 7175
1486 1986
1691 1702
5389 7197
1529 1911
1889 1559
5738 6730
1570 1845
1656 1757
5632 7088
1695 1734
1875 1575
5382 7474
1556 1897
1439 2176
5208 7801
1540 1989
2130 1467
5410 7638
1876 1602
1383 2321
5873 7032
1542 2053
1700 1829
6226 6934
1792 1725
2112 1537
6249 7192
1339 2611
1917 1720
6213 7278
1474 2319
1739 1893
6380 7129
1773 1883
1953 1745
6218 7304
1580 2160
1731 2027
6254 7515
1943 1785
2308 1530
6100 7778
1518 2363
2036 1727
6963 7035
1667 2137
1306 3149
6425 7627
2305 1566
1395 2891
6348 7789
1859 1942
1894 1910
7122 7207
1882 1916
1397 2943
6851 7586
1907 1924
2106 1743
7319 7607
1809 2035
1625 2285
7764 7041
2043 1799
1687 2198
7076 7913
1852 1980
1504 2626
7102 7910
1428 2950
1723 2197
6926 7974
2017 1879
2566 1533
7723 7612
1694 2277
1525 2648
1789 2145
2018 1947
2293 1679
1707 2338
1847 2165
2174 1857
1744 2308
2186 1856
2316 1737
1536 2862
1703 2485
1833 2228
2884 1512
2001 2086
1769 2344
2422 1730
1818 2291
1622 2817
2396 1771
1650 2794
2472 1766
2247 1963
2000 2191
1900 2332
2144 2089
2181 2071
1890 2379
1823 2504
1725 2770
2073 2192
2645 1750
2754 1690
1862 2498
2074 2211
1741 2764
1748 2755
1881 2537
1887 2572
2145 2208
1814 2760
2250 2135
1902 2605
2358 2046
1482 3869
2936 1696
2568 1891
1899 2670
2086 2406
2304 2149
2464 2059
2458 2069
2434 2085
2164 2341
2275 2231
1869 2887
1865 2907
1903 2860
2622 1991
1931 2836
2763 1894
2534 2052
2598 2036
1854 3001
2734 1948
1821 3077
2094 2567
2255 2323
2020 2729
1935 2942
2123 2582
2733 2007
2530 2125
1638 3765
2515 2139
2713 2050
2006 2930
1954 3043
2809 2009
2984 1899
3001 1914
1944 3144
2062 2931
2908 2010
2031 3032
2327 2453
2909 2030
2303 2516
2034 3072
2492 2313
2090 2966
2750 2144
2141 2889
2362 2495
2160 2881
2098 3025
2417 2524
1927 3492
2197 2945
2607 2342
2680 2280
2347 2652
2198 2998
2588 2432
2321 2773
2352 2730
2274 2898
3299 2032
2271 2963
2686 2377
3102 2126
3307 2054
2171 3193
2363 2841
2229 3110
2849 2283
2471 2694
2212 3160
2400 2833
3011 2221
3082 2200
2499 2713
2742 2451
2915 2298
2803 2414
2350 2993
2398 2951
3398 2094
2739 2522
2516 2769
2573 2709
2659 2628
2844 2434
4348 1754
2661 2638
2605 2728
2743 2555
2855 2443
2237 3344
3913 1882
3097 2282
2233 3376
2845 2492
2270 3299
2635 2744
3316 2183
2521 2893
2162 3571
3331 2222
2334 3245
2494 3018
2634 2852
2447 3091
3094 2394
2857 2580
2749 2733
2921 2541
2580 2971
2899 2578
3663 2107
3244 2336
3330 2278
2706 2846
2309 3406
3145 2449
2935 2600
3509 2204
3268 2361
2758 2871
2023 4337
3162 2486
2815 2828
2414 3372
2759 2923
2824 2847
2403 3444
3016 2684
2839 2882
2620 3179
2523 3296
2342 3613
2528 3292
3160 2613
2723 3068
2394 3556
2201 4030
3038 2722
2868 2924
2715 3103
3555 2322
3407 2454
2581 3313
3122 2718
2096 4488
2343 3717
2349 3729
2451 3586
3324 2568
3057 2838
2877 3016
2139 4423
2972 2938
2886 3062
2550 3510
2376 3817
2545 3517
2880 3088
3319 2665
2684 3341
2438 3722
3139 2876
3262 2815
3561 2525
3504 2566
3146 2941
2958 3087
2444 3828
3389 2683
2885 3192
3206 2900
2370 4024
3301 2824
3873 2334
2843 3286
3246 2914
3709 2472
2295 4293
2991 3140
2897 3270
2593 3725
3353 2875
3167 3064
3472 2776
2673 3649
2509 3923
3490 2809
3048 3232
3154 3155
3233 3107
2764 3636
2799 3606
3689 2653
2470 4240
3184 3190
3753 2642
3767 2640
3514 2899
2937 3488
3100 3350
3623 2832
2988 3479
2533 4211
3363 3120
3332 3145
3726 2761
2561 4250
3328 3214
2213 5362
3235 3331
3451 3101
3185 3389
3326 3237
3396 3153
2954 3630
3883 2724
2575 4395
2718 4099
3946 2731
3463 3173
2771 4027
3020 3656
3336 3352
3648 3044
3867 2855
3501 3218
3535 3167
3320 3442
3974 2837
3180 3625
3379 3399
2797 4199
3483 3310
2674 4493
2698 4434
3858 2972
2989 3918
3003 3905
3405 3437
4238 2758
3234 3707
3420 3507
4112 2895
3471 3454
2570 4931
4169 2912
3294 3701
3937 3076
3989 3047
3790 3204
3653 3333
3480 3543
3236 3858
4418 2825
4064 3022
3117 4006
4106 3007
3683 3322
3833 3206
3256 3877
3884 3148
3043 4216
4150 3035
3161 4070
3681 3407
2900 4539
3999 3186
3460 3731
4946 2664
3313 3957
3705 3520
2611 5495
3376 4020
3588 3719
3675 3629
2482 5943
4741 2949
3443 3980
3892 3435
4488 3086
3200 4446
3585 3799
3837 3546
3672 3713
3654 3736
3239 4425
3630 3758
3539 3907
3589 3831
3450 4083
3383 4195
3466 4082
3608 3843
3785 3652
3464 4111
3034 4839
4502 3185
3022 4909
4432 3247
2693 5617
3511 4090
3538 4050
2930 5094
3690 3836
3400 4340
4649 3161
3667 3891
2898 5232
3678 3914
3266 4632
4328 3396
3394 4427
3898 3694
4125 3562
3183 4897
2762 5744
4296 3465
4717 3256
4312 3498
3669 4093
4048 3669
4126 3632
3564 4319
4459 3481
4876 3249
3824 3984
4632 3395
3155 5158
4971 3208
5200 3104
3455 4668
3141 5261
4246 3675
3798 4162
3558 4525
2946 5654
3717 4259
4219 3743
4050 3884
4624 3529
2654 6815
3664 4412
3329 5031
5114 3251
5152 3233
4156 3862
4217 3820
4403 3702
3920 4129
3960 4095
3695 4455
4321 3796
4939 3410
3800 4361
3666 4554
4601 3665
3533 4875
4693 3622
4115 4053
4174 4003
5265 3312
4564 3739
4366 3886
4247 3986
4749 3634
4124 4159
4326 3953
3823 4537
4423 3926
4342 3996
4556 3850
4529 3875
5192 3447
3606 4945
3519 5117
3498 5173
4257 4125
4089 4290
4121 4275
4889 3662
5026 3594
3370 5448
4018 4407
4547 3947
4928 3683
3260 5882
3596 5121
4153 4368
3177 6094
3738 4889
4507 4062
4416 4149
4068 4468
3926 4654
5109 3655
3841 4813
3049 6586
4288 4323
4587 4060
5623 3370
6427 3078
5107 3688
3436 5613
4259 4399
2804 7615
4576 4157
5171 3712
4043 4674
4658 4131
4175 4559
4667 4122
4229 4515
4639 4171
5023 3835
4026 4763
5272 3685
3917 4901
4516 4306
4770 4063
3581 5442
4704 4153
4420 4414
3603 5438
5311 3686
5635 3523
3534 5651
6231 3297
3429 5972
3973 4949
4545 4384
3831 5143
5595 3576
4369 4530
4284 4698
3618 5615
4568 4457
4571 4467
3502 5994
4146 4918
5018 4085
3840 5322
4963 4178
4870 4273
4019 5115
4278 4863
4171 4995
4582 4581
5013 4190
4851 4359
4222 4975
4065 5133
3241 7183
3896 5352
5419 3889
4736 4507
3821 5524
3715 5717
4319 4943
5914 3657
4479 4829
5267 4113
4586 4768
4375 4944
4988 4382
4664 4694
3861 5556
4167 5203
4665 4762
3547 6473
4396 5010
5792 3841
4725 4787
5124 4408
4689 4838
4708 4853
4864 4696
3720 6167
3744 6099
4843 4742
5314 4301
3644 6460
4892 4700
4652 4990
4775 4878
4985 4655
4464 5178
4511 5140
5760 4039
4151 5587
3700 6497
3645 6704
4480 5258
3970 5883
5016 4760
4117 5681
4513 5256
5608 4212
4737 5037
3992 5956
3809 6387
5725 4196
3513 7307
3634 6901
4293 5565
4114 5845
4622 5274
5355 4524
5833 4180
3912 6221
3880 6334
4855 5065
3931 6254
4850 5093
5941 4173
5116 4882
4325 5663
4887 5089
6563 3893
5959 4187
4197 5902
4492 5518
4860 5152
5263 4790
5974 4198
4283 5776
5031 4997
4793 5243
4841 5197
4307 5794
4374 5741
4784 5304
4472 5652
5037 5063
4426 5702
6388 4066
5298 4844
5771 4436
5045 5083
4986 5148
4208 6130
6063 4287
3746 7133
7210 3750
4931 5236
5505 4766
4011 6648
6630 4072
4706 5561
4341 6101
6162 4347
6002 4432
5397 4914
6257 4342
5384 4989
4428 6124
5573 4828
5681 4780
5096 5327
4728 5711
5034 5374
7061 4022
4759 5706
4500 6147
5275 5193
4391 6327
5612 4906
4584 6062
5928 4669
3900 7308
6299 4461
4444 6328
3877 7405
7178 4045
4212 6738
4925 5609
4243 6711
5342 5186
4201 6825
4143 6951
5241 5340
5579 5030
5988 4749
5234 5370
6291 4561
3984 7362
5280 5356
4010 7318
6153 4664
5582 5086
5022 5699
4776 6077
6811 4397
5130 5595
5772 5008
5047 5691
6301 4685
4555 6541
4937 5905
4386 6830
4165 7270
5664 5153
4377 6872
4699 6362
4186 7315
4354 6978
4745 6317
5268 5586
5596 5253
7191 4350
5142 5770
5627 5272
5817 5135
5439 5408
5156 5826
6172 4919
5629 5292
5183 5805
7399 4286
5766 5216
5721 5264
5154 5874
5201 5818
4865 6354
5613 5360
4952 6219
4711 6702
4636 6857
6569 4830
6121 5070
4559 7013
6313 4987
5166 6074
7359 4438
5464 5599
5374 5728
5555 5513
4794 6694
5706 5423
6155 5123
5000 6409
4742 6829
6519 4980
5132 6233
5892 5344
5797 5403
4973 6518
4231 7795
5255 6133
5820 5462
7562 4454
5526 5748
4785 6967
6466 5114
6327 5188
6227 5259
6305 5227
4899 6853
4966 6770
5858 5531
5675 5703
5507 5894
5421 6006
6269 5320
6924 4968
6653 5102
6748 5055
5447 6050
7172 4861
5060 6739
5257 6426
6255 5346
4408 7847
6156 5402
6384 5297
6289 5357
6138 5426
5084 6773
5978 5563
5650 5897
4685 7519
7118 4935
4902 7111
4815 7297
5385 6318
6632 5238
6136 5533
6482 5351
5719 5983
5758 5971
5467 6345
5854 5891
5025 7177
6857 5249
6201 5639
4660 7834
6018 5780
7120 5122
7137 5129
5841 6041
6133 5737
6623 5414
7008 5234
5727 6234
5252 7003
6475 5579
5825 6175
5242 7042
5377 6801
5143 7249
5243 7083
5146 7271
5662 6433
7095 5284
5777 6300
5479 6690
5040 7500
6765 5451
7454 5075
5350 6933
6867 5415
6148 5948
7012 5375
5683 6533
5015 7655
5679 6603
5618 6701
5722 6592
6575 5745
6881 5559
6232 6055
6041 6247
5862 6491
5529 6891
6193 6150
6235 6115
5828 6572
5235 7536
5981 6405
6587 5853
5372 7309
6468 6009
6311 6166
6026 6434
6776 5773
5734 6842
6372 6153
7370 5395
7037 5637
6943 5690
5994 6529
5951 6616
7368 5422
6988 5700
6117 6458
6206 6368
5424 7369
7043 5683
5093 7900
7786 5002
6351 6281
5036 7939
6101 6549
6876 5865
7212 5659
5625 7223
7097 5754
6555 6214
6844 5963
6403 6352
6307 6465
6640 6173
6020 6762
6869 5975
5380 7667
6489 6350
6527 6316
5924 6979
6086 6797
7473 5578
6674 6272
5798 7203
6456 6476
6125 6781
6571 6378
5633 7457
5514 7606
7195 5847
6601 6386
5884 7141
5970 7037
6210 6791
6251 6777
6770 6284
6364 6689
7234 5934
6554 6545
6119 6955
7248 5978
6757 6428
5553 7742
7142 6102
5953 7273
5604 7705
5698 7633
6106 7120
6661 6610
6182 7084
6451 6828
7397 5946
6754 6581
6222 7109
7509 5870
5814 7618
7771 5494
7619 5817
7407 6083
6538 6902
7251 6256
6973 6538
6617 6856
6722 6807
6070 7467
7229 6344
6087 7488
7193 6419
7592 5980
7023 6647
7457 6200
7111 6570
6892 6793
6878 6800
5804 7871
6705 6976
6183 7535
5890 7830
6914 6841
6472 7264
7024 6813
6932 6897
6385 7495
5996 7821
7286 6624
6775 7139
6884 7051
7684 6202
7296 6662
7148 6818
6939 7068
7039 6990
7429 6612
7430 6688
7569 6574
7761 6266
6410 7803
7002 7291
7630 6568
7656 6670
7800 6136
6901 7641
6900 7666
7263 7303
7184 7453
7456 7132
6800 7794
7479 7149
7373 7326
7590 7125
7224 7611
7070 7752
7435 7380
7443 7452
7067 7862
7179 7891
7758 7279
7524 7748
7510 7780
7798 7082
7408 7904
7433 7903
7665 7743
6684 8026
7737 7923
413499319 2118799435
1
sift 141
37 95
75 143
229 749
1419 1223
168 166
263 229
346 483
3788 4914
367 366
358 465
371 497
7332 6185
400 501
432 498
310 718
7816 8486
405 529
578 575
414 1196
446 817
772 868
787 931
923 887
1173 794
645 1274
632 1397
1243 882
560 1873
878 1304
1180 1165
756 2048
1559 1078
1514 1105
1276 1320
1042 1761
1366 1736
1154 1682
1178 1866
1709 1413
1127 2639
1651 1557
1681 1764
1383 2179
1144 2920
1494 2189
1283 2829
1506 2303
1732 2543
1223 3278
1504 2972
2778 1976
1529 2945
1818 2682
2809 2176
1823 2732
2181 2391
2458 2587
1731 3110
1667 3544
2733 2655
1687 3680
1903 3306
2000 4045
1862 3498
1605 5150
2164 3638
2212 3471
2920 2725
2803 2845
2465 4367
4020 2244
2275 4116
2509 4665
2692 3779
2915 3719
2898 4276
2839 3841
3094 3533
2843 4494
2844 3997
3184 3635
2309 6088
2958 4190
4027 3803
3466 4388
3327 4534
3236 4843
2395 6866
3292 4829
3678 4405
3800 4590
3623 4552
3585 5016
5044 3790
3460 5577
4326 4492
3429 6186
4247 4952
3332 6898
4374 5325
4031 5427
4150 5283
3840 7069
4507 4988
4578 6007
4153 6722
4870 5858
4850 6245
3970 7442
5314 5773
5650 5552
4759 6629
6563 4947
4545 7165
4865 6706
5834 5708
6301 5601
7120 5271
5664 6578
5130 7765
7174 6577
6148 6678
7095 6638
5094 8840
6653 7031
6235 7371
6768 7598
6637 7319
5744 8315
5350 9125
6867 7612
7473 7234
6049 8957
7574 7532
7037 8229
6719 8502
6770 8528
7251 8407
7437 8981
7748 8640
7798 9025
413499319 2119627969
1
sift 77
242 244
423 383
428 466
612 523
645 506
756 695
919 894
958 907
1042 921
1224 961
1117 1076
1360 1009
1306 1368
1536 1164
1383 1364
1504 1373
1397 1572
1605 1399
1435 1802
1601 1532
1622 2033
2023 1810
1723 2393
2236 1813
2163 1983
2539 1742
2162 2085
2058 2271
2139 2234
2481 2538
2629 2603
2762 2743
3287 2732
3260 3326
3618 3585
3716 3562
3809 3509
3838 3503
3537 4041
3888 3956
3775 4154
3996 3969
4165 4067
4404 4047
4035 4492
4232 4366
3815 4897
4096 4652
4682 4174
4620 4450
4518 4823
4361 5053
5193 4387
5036 4633
4008 6738
5533 5213
5140 5691
6203 4855
5262 5806
5755 5667
5739 6013
5430 6382
5992 5839
5676 6213
6229 5805
7078 5687
6011 6747
5168 7973
7502 5929
7089 6582
6883 7287
7643 6421
6848 7569
7357 7207
6835 7789
7564 7355
7741 7176
