433755102 456750183
1
sift 52
465 238
864 1222
452 344
385 659
1341 1658
1168 1474
1210 2228
1049 3050
1375 2079
1608 1844
1630 2414
1539 2530
1858 2366
1740 2862
1836 3276
1663 3908
2259 5964
1849 3326
1777 3971
3833 8134
1910 3460
2370 3196
4043 7492
3063 2936
2790 3290
4195 9365
2212 5274
3841 3322
4115 9657
2942 5160
5802 2863
5533 8991
3991 4182
4869 3431
6111 9174
2933 6836
3096 6920
6306 3500
3679 6205
3540 6695
3164 8834
5538 4693
3957 6968
6170 5173
4008 8737
5116 7737
4807 9325
6072 8265
5721 9363
6031 9312
7525 7686
6581 9191
433755102 690665857
1
sift 265
29 14
101 35
66 18
5132 4182
83 48
114 65
187 80
164 96
158 76
289 225
181 112
220 77
228 126
296 276
344 175
275 142
323 152
336 293
397 149
357 155
232 205
490 247
307 218
346 170
353 176
448 279
445 183
413 233
401 241
451 315
501 209
459 237
423 254
361 377
343 309
455 260
383 295
427 338
464 262
476 288
523 231
462 330
507 253
521 294
482 286
600 318
573 296
548 327
510 343
402 501
614 314
706 352
547 354
495 440
649 326
713 468
586 358
656 421
736 350
676 494
697 366
919 926
704 473
865 558
734 465
1193 758
791 436
746 620
971 444
1204 948
759 568
1194 491
845 539
1433 1039
1040 513
1086 565
1026 527
1503 1066
829 672
1249 679
1262 564
1669 1095
1068 665
1162 759
964 710
2147 1000
1431 563
1488 1040
1720 728
1672 1381
1257 876
2281 946
1352 845
2074 1358
1400 858
1888 1125
1489 902
2144 1495
1487 905
1915 1106
1748 917
2222 1447
1885 932
2029 1121
1898 984
2476 1691
1937 1099
2664 1029
2017 1167
2655 1747
1864 1314
2399 1266
1797 1486
3238 1564
2257 1227
2071 1445
2049 1519
2492 2426
2481 1342
2885 1269
2388 1468
3277 2367
2171 1705
2261 1755
2694 1417
3966 2265
3340 1360
2887 1475
3228 1484
3029 2795
3248 1598
3529 1534
3011 1739
3544 2534
2455 2139
4445 1435
3005 1974
3104 3001
3208 2125
3342 1934
2437 2750
3964 3003
3586 1995
3940 1860
3381 2097
3431 3715
3828 1930
3316 2165
3422 2141
3533 3748
3537 2137
3660 2209
3832 2131
4857 2888
4156 1977
2890 2659
3979 2059
3882 3841
3851 2440
3706 2338
4819 2067
3973 3734
5915 2084
3639 2613
3448 2838
4639 3312
4704 2569
5295 2113
4552 2384
4888 3182
4378 2699
4117 2784
7390 1945
4915 3178
3635 3372
3819 3304
4722 2670
4777 3608
5274 2542
4114 3224
4001 3169
5037 3498
5237 2626
4856 3394
4098 3370
5027 3512
5071 2960
5213 3386
3584 4741
4753 3826
5364 3492
4531 3867
7395 2698
5310 4266
4344 4624
5624 3358
5987 3194
6783 3518
5412 4157
4860 4195
4954 4202
6139 4257
6762 3644
5709 3866
5138 4697
5473 5193
4916 5012
4548 5593
6668 3908
6166 4639
5629 4481
5702 4804
6789 4177
4991 5883
5368 5144
5598 4960
6303 4596
6755 4494
7175 4594
6259 4733
7042 4404
6833 4773
6819 4847
5396 5831
5423 6169
5825 6845
6389 5257
8360 4200
7504 4633
6904 5879
6427 5431
7309 5110
7263 5345
7965 5334
6480 6363
8786 4545
7582 5212
7417 6141
7717 5491
7105 5775
7907 5464
7751 5967
8822 5177
7594 6100
7072 6458
8390 5936
6971 6959
8501 5660
8560 5955
7968 6848
7459 6657
8358 6208
7081 6953
8255 6908
8030 6890
8638 6294
8565 6955
8542 7380
8947 6841
8288 7925
8518 7479
9071 6647
8294 9459
8833 8179
9100 7711
433755102 1005924530
1
sift 822
29 12
72 31
33 19
122 150
47 33
41 16
76 58
101 49
49 48
144 129
114 85
66 42
158 124
120 60
90 66
289 322
276 310
83 79
183 144
187 92
116 103
296 327
343 313
139 89
166 184
181 118
109 136
447 472
325 374
164 101
290 173
228 119
150 125
551 669
336 364
160 128
284 192
193 151
145 143
1157 844
382 331
142 152
328 188
312 149
136 175
1272 796
490 330
153 161
338 359
307 159
244 162
1600 1178
451 376
302 141
361 420
269 209
258 178
1565 1231
448 378
275 220
427 453
344 203
353 190
2144 1719
462 428
232 287
402 489
254 304
357 249
2108 2162
510 380
401 204
495 520
434 196
340 267
2294 1963
600 458
348 238
547 474
397 213
346 275
2066 2276
537 572
445 243
656 488
523 210
454 255
2272 2482
557 660
399 261
552 606
400 281
287 419
2655 2344
917 575
528 236
847 482
423 314
412 316
3882 1785
730 746
524 264
641 720
464 307
331 409
3313 2902
787 743
580 250
761 726
501 300
413 335
3431 3348
890 723
359 391
760 737
482 325
521 299
3214 3843
939 701
378 408
818 951
506 356
455 365
3792 3372
1144 834
459 366
1119 810
415 450
470 371
4585 3844
965 1022
593 329
919 1066
573 377
496 400
4511 5197
1138 872
476 427
1069 981
614 367
520 485
5027 4990
1193 987
648 360
895 1266
661 363
619 405
5362 5054
1025 1155
586 414
1378 976
735 383
532 492
4913 5804
1489 1013
720 399
1277 1160
721 411
758 424
6954 4683
1420 1095
697 437
1665 1019
581 508
706 500
6249 5588
1204 1468
704 434
1340 1219
728 484
865 433
6351 6175
1155 1594
947 390
1762 1058
733 528
676 618
6991 5986
1688 1166
791 519
1201 1650
687 625
713 629
6781 6470
1503 1442
1120 449
1184 1663
852 555
692 719
7734 6055
1872 1154
832 576
1433 1323
759 621
1061 542
1464 1604
845 583
1499 1322
1040 511
959 590
1523 1748
971 553
1649 1443
1027 549
849 668
1864 1431
1026 591
1857 1291
1014 612
970 635
1840 1537
902 659
1669 1491
829 714
1194 585
1787 1712
955 666
2200 1181
1444 587
844 831
1816 1695
1080 708
1830 1421
1068 739
1235 663
2014 1573
946 792
2030 1304
850 869
1140 742
2439 1488
964 790
1672 1690
1182 749
1273 715
1925 1783
1150 763
2147 1522
1673 664
1357 718
2208 1775
1128 847
2397 1447
1262 772
1086 867
1959 2136
1352 747
2476 2463
1403 750
1465 736
3100 1988
1162 859
3040 2356
1021 1020
1153 882
3005 2073
1237 818
3029 2423
1492 771
1247 815
3238 2436
1347 797
2803 2872
1549 778
1439 783
3900 2518
1195 950
2726 3221
1257 895
934 1188
3348 2859
1749 759
3277 2966
1720 806
1317 898
3104 3232
1249 965
3966 2572
1400 953
1445 864
3544 3003
1541 823
2873 4006
1487 938
1304 933
3167 3562
1269 1002
4141 3031
1369 1091
1319 971
4001 2984
1429 930
4950 2643
1953 856
1716 850
3864 3625
1660 892
4433 3066
1776 955
1131 1286
3533 4015
1348 1054
3466 4089
1559 1062
1381 1049
3926 3724
1392 1056
4054 3593
1631 1055
1476 1041
5171 3013
1567 1004
3964 3790
1596 1075
1801 910
4888 3534
1234 1222
4554 3482
1239 1341
1408 1096
5229 3808
1655 985
4639 3851
1958 906
1442 1088
5179 3887
1824 963
4669 4082
1729 1026
1577 1084
4753 4325
1725 1036
4915 4040
1529 1127
2125 901
5825 3910
1373 1297
4857 4329
1332 1338
1519 1205
5138 4328
1898 992
5012 4366
1748 1087
1219 1657
4748 4751
1885 1023
4984 4398
1430 1332
1399 1412
5532 4347
2413 928
4870 4660
2201 1027
1488 1363
4900 4964
1875 1100
4777 4723
1877 1182
1892 1123
6016 4226
1957 1113
4912 4767
1937 1215
1741 1308
4991 5138
1590 1499
5037 4710
2084 1264
1730 1401
5310 5488
1736 1405
6069 4132
1996 1314
1507 1620
6037 5258
1962 1234
6501 3972
1797 1517
1658 1523
6386 5005
1812 1434
5739 4639
2049 1391
2158 1201
5887 5490
1870 1463
5300 5827
2017 1497
1915 1451
6166 5637
2129 1325
5432 5754
2171 1425
1723 1713
6395 5796
1690 1751
6469 4819
2165 1461
2029 1490
7142 5476
2067 1479
5374 5910
2257 1424
2436 1303
8351 4932
2275 1408
5473 5989
2574 1368
2281 1437
6096 6611
2664 1301
6754 5232
2184 1591
2024 1666
6614 6595
1850 1803
6049 5923
2388 1570
2269 1561
7031 6413
2211 1633
6815 5345
2454 1543
2226 1653
7800 5957
2123 1814
7037 5314
3119 1428
2354 1726
7387 6239
2778 1540
7042 5317
2481 1689
2826 1546
6324 7561
2038 1952
6893 5970
2598 1728
2765 1576
7794 6372
3022 1480
6829 6179
3025 1640
2752 1592
8390 6541
2399 1780
7291 6477
2769 1741
2071 2117
8565 6998
2219 1992
7423 6385
2455 2090
3026 1596
8542 7990
2581 1758
7158 6782
3566 1662
2309 1973
8709 7981
2737 1735
7399 6840
2582 2126
2015 2364
8436 8395
3047 1707
7417 6844
3330 1766
2762 1845
9107 7518
2255 2390
7966 6791
2839 2013
2460 2240
2930 1898
7965 6964
3248 1827
2675 2105
2651 2129
8147 7154
3633 1753
2325 2439
3509 1771
8560 6797
2920 2178
3996 1665
2601 2289
8061 8285
3381 1996
2840 2094
2617 2313
8518 8143
3410 2160
3145 1951
2915 2147
2977 2386
3942 1736
2358 2648
3537 2087
2758 2273
3993 1738
3707 2024
2437 2634
2948 2209
3306 2236
3529 1910
2929 2248
3208 2319
3437 1972
3118 2155
3526 2184
2908 2330
3511 2055
4157 1967
2810 2537
3717 2021
3979 2154
3914 1960
3275 2284
3935 2203
3285 2278
3822 2045
5124 1917
2708 2736
2391 3258
4990 2003
2442 3196
2782 2687
3851 2456
3434 2286
2745 2739
4257 2262
3611 2238
3706 2312
4148 2315
3741 2340
3660 2432
4584 2205
3464 2549
3170 2862
3586 2817
3990 2424
3940 2453
4704 2310
5135 2015
4614 2180
4688 2388
3422 2767
4445 2258
4613 2503
4896 2195
2890 3533
3881 2947
4233 2484
3121 3329
3635 3216
2959 3583
4333 2444
4513 2590
2963 3674
4551 2461
4817 2516
3123 3540
3575 3123
4952 2497
3963 2793
4833 2415
4378 2677
3832 2946
3484 3290
4431 2673
3858 2962
4031 2898
5197 2452
3527 3387
3542 3377
5289 2562
3343 3636
4703 2609
5007 2640
3433 3642
3253 3869
5059 2655
3524 3684
4600 2770
3573 3811
4457 2839
4397 2894
4804 2768
3722 3531
3896 3373
5974 2430
3639 3746
4237 3122
4939 2745
5353 2659
3176 4343
5147 2753
4868 2869
4850 2897
4577 3102
4796 2930
3893 3732
5237 2789
3562 4135
6545 2409
4568 3211
5437 2794
4676 3165
4098 3734
3653 4146
4013 3835
4611 3293
6809 2460
5822 2724
4462 3430
5370 2919
5274 2990
5331 3071
3819 4087
4125 3867
5412 3199
4691 3451
4974 3288
4819 3628
6556 2605
4140 3953
4916 3617
4396 3719
5336 3272
4471 3933
5726 3132
5272 3384
5932 3091
4083 4222
5987 3072
5894 3146
5111 3590
5612 3444
5847 3304
5939 3241
4977 3845
5364 3633
5213 3747
5581 3521
5668 3505
4122 4573
5543 3630
4337 4432
5145 3863
5774 3516
4810 4113
5383 3792
4529 4262
5795 3686
5783 3662
7251 2993
5915 3631
3913 5522
5603 3836
4883 4242
6184 3606
6005 3649
6819 3403
5542 3981
5099 4178
4344 5084
4354 4807
4860 4372
4479 5171
5913 3862
4531 4742
7395 3416
3907 5732
5899 3944
5451 4399
5382 4327
5763 4131
6762 3820
4466 5390
5157 4671
5244 4704
4726 5129
7191 3591
5621 4428
5964 4189
5252 4760
6978 3819
5691 4474
5587 4558
5629 4709
4922 5213
5772 4467
6700 4116
5817 4438
6183 4244
4698 5820
7663 3708
5624 4769
8193 3664
5457 5021
4932 5579
5368 5220
5904 4661
6789 4117
6668 4191
5453 5117
6401 4354
8246 3830
5602 5043
4801 5811
6822 4322
5735 4942
7989 3866
7223 4306
6889 4206
6335 4581
7745 4316
5699 5166
6157 4724
7175 4908
6274 4818
6190 4920
7833 4694
7686 4128
6034 5178
6993 5297
6952 4459
6885 4490
7398 5131
5706 5539
6518 4788
7717 5065
6259 5198
7357 4413
6761 5658
5448 6043
4612 7257
6480 5916
5423 6254
6308 5510
7439 5254
6874 5015
6457 5357
6334 6281
7295 4717
4987 6984
8074 5246
6612 5315
6325 5627
6426 6545
5396 6591
6863 5245
7340 5929
5481 6529
6654 5437
7907 5862
6551 5545
7235 5031
8934 5318
6326 5775
5574 6561
7081 6492
6461 5742
6732 5608
8987 5363
8237 4755
7676 5120
8922 5456
6968 5573
7134 5468
8368 6177
8814 4586
6729 5831
8947 5951
8673 4708
6172 6426
7950 6757
8501 4911
6366 6302
8459 6502
6493 6176
8404 5074
8735 6605
6649 6188
7504 5653
8294 7078
7105 5926
6743 6308
8030 7315
8807 5110
7621 5891
7401 6282
8530 5690
7495 6250
7106 6626
7170 6770
7263 6686
7410 6732
7301 6976
8942 5801
7133 7322
6782 7778
7136 7719
8179 6796
7759 7233
7309 7698
9084 5932
6785 8535
7501 8180
8917 6737
8033 7787
6928 8677
8493 7540
8380 7671
8358 7892
8445 7846
7658 8615
8786 7925
8509 8355
9073 8406
433755102 1308641291
1
sift 506
42 37
174 240
39 43
61 65
330 407
78 58
106 75
281 515
99 82
93 94
337 504
119 138
230 126
442 414
424 130
266 274
440 464
278 259
216 349
484 484
261 348
315 270
414 648
375 243
320 328
526 886
306 360
301 384
585 726
288 434
339 361
639 803
487 304
370 444
731 1027
355 521
488 386
718 1087
512 392
437 477
885 828
450 483
491 459
750 1150
418 625
494 576
785 1406
536 520
780 371
1036 1070
685 410
518 642
864 1458
623 502
652 503
999 1565
574 595
634 561
1261 1521
762 447
673 540
1333 1695
563 706
517 893
1334 1743
567 723
668 628
1190 2171
651 663
726 651
1191 2219
541 1037
744 685
1413 1878
695 800
678 837
1292 2166
740 814
1089 574
1221 2557
977 644
925 677
1572 1826
715 1011
773 967
1368 2406
824 859
984 774
1341 2537
976 779
643 1636
1343 2625
994 887
930 981
1448 2456
1108 867
897 1097
1510 2513
881 1170
888 1189
1847 1962
1171 888
874 1242
1636 2413
1097 988
997 1173
1432 2820
907 1390
948 1287
1671 2416
941 1401
905 1546
1674 2418
912 1544
961 1496
1733 2327
1321 1006
1020 1494
1656 2519
1531 969
1116 1405
1524 2797
1295 1175
1585 1018
1632 2660
1126 1664
1215 1490
1643 2683
1546 1139
1566 1137
1865 2277
1294 1382
1229 1530
1740 2958
1133 1746
1358 1333
1663 3267
1248 1536
1514 1232
1693 3385
1049 2048
1463 1381
1859 2891
1454 1418
1427 1503
1944 2817
1537 1411
1532 1466
1926 2868
1415 1625
1210 2019
2420 2275
1386 1738
1724 1417
1948 3028
1696 1445
1753 1397
1954 3166
1313 1843
1375 1781
1871 3472
1402 1795
1387 1866
2013 3582
1644 1666
1220 2409
2026 3563
1608 1734
1501 1834
2306 3034
1562 1799
1422 1994
2168 3357
1483 1924
1309 2384
2073 3556
1792 1676
1913 1590
2536 2957
1275 2709
1551 2091
1934 4747
1539 2165
1518 2246
2299 3861
1909 1740
2020 1703
2381 3710
1642 2178
1535 2503
2419 3657
1863 2049
1416 3004
2301 4005
2016 1872
2008 1971
2230 4310
1757 2463
1928 2200
2698 3522
1630 3195
2355 1961
2860 3440
2260 2062
2244 2128
2958 3466
1743 2978
2018 2401
2380 4862
2002 2461
2441 2016
2728 4094
2336 2169
1734 3302
3465 3291
1887 2773
2312 2230
2259 5763
2268 2331
2487 2120
3593 3427
2154 2509
2258 2470
3156 4066
2669 2043
1836 3207
2639 4991
2776 1986
2006 2856
2337 6156
2882 1957
3065 1914
3787 3613
2303 2582
2450 2501
3439 4101
2602 2393
3289 1917
3452 4104
2736 2256
2098 3040
2964 4710
3894 1756
2395 2658
3049 4719
3531 1900
2370 2785
3042 4797
2247 2995
2176 3232
3101 5059
3193 2202
2212 3497
2845 5902
2409 3145
2142 4044
3187 5296
3346 2457
2253 3880
3035 6053
3727 2355
2789 2988
2968 6495
3068 2813
3281 2664
3004 6424
2422 4112
3059 3003
3945 4641
2465 4091
3063 3064
3028 6414
3163 2977
2555 3964
3803 5289
3387 2834
3079 3100
4062 4987
3516 2775
2961 3405
3815 5587
2595 4070
2626 4097
4541 4531
3075 3425
3426 3118
3835 5574
3087 3487
3368 3201
4228 4993
2897 3787
2825 3996
3739 6370
2812 4154
2832 4136
3375 7418
2382 5193
3489 3347
3355 7814
3413 3461
2660 4575
4651 5383
2798 4580
3498 3779
4371 5857
3008 4452
3460 3891
4242 6794
3307 4120
2902 4866
5284 5532
2898 4903
4678 3017
4043 8008
3779 3877
2933 5003
4555 6855
2797 5392
4533 3212
4014 8345
4562 3290
2883 5410
4789 6626
4292 3643
3242 5077
3833 9061
3528 4653
3975 4249
4107 8350
3165 5397
4172 4065
6363 5204
3721 4597
3018 6032
4195 8307
3331 5381
3411 5379
4565 7698
3164 5988
3096 6147
4964 7697
3353 5534
3322 5777
5115 7617
3326 5850
3293 5930
4827 8370
4029 4671
4620 4177
5185 7927
3485 5776
3806 5172
5080 8205
4355 4471
4594 4358
5172 8243
3339 6296
3736 5551
4904 8875
4550 4439
3417 6274
5456 7955
5526 3836
5028 4189
4848 9319
5090 4158
3683 5878
5878 8086
3991 5261
3878 5549
5859 8337
4362 4775
3213 7172
6029 8657
3830 5881
5872 3926
7921 6496
4500 4828
3776 6112
6447 8029
3540 6628
4268 5191
7517 7143
5420 4366
5386 4406
6368 8695
6233 3920
6085 4138
6055 9193
4398 5459
4033 6260
6696 8139
3957 6482
4410 5700
5924 9414
4832 5238
5035 5125
5941 9429
4808 5582
3994 6928
7294 7519
5625 4848
5154 5286
7091 7940
5538 5144
3968 7435
5443 9628
5630 5134
5140 5750
6907 8333
4008 7643
4231 7028
7104 8365
5544 5398
6429 4648
7837 7865
4800 6375
4285 7255
7762 8378
6321 4886
4145 7791
7773 9590
4506 6999
4115 8003
5440 5875
4359 7433
6569 4894
4078 8423
4546 7272
4422 7703
5097 6686
7140 4754
4732 7257
5464 6393
4509 7824
6019 6005
5615 6520
5580 6808
5048 7642
8416 4672
6076 6428
5195 7648
6949 5597
6465 6072
4996 8055
4807 8406
5531 7209
6033 6575
4468 9257
8747 4713
4840 8683
7079 5737
5116 8235
6293 6548
6031 6840
5868 7089
4942 8762
7250 5773
5575 7805
5258 8516
6379 6864
6072 7248
6674 6535
5657 8327
6071 7608
6414 7262
5361 9106
5689 8861
5722 9266
7166 7043
8075 6464
6111 8871
6620 8089
7374 7159
7500 7091
6709 8103
5898 9386
8022 6795
7447 7335
7204 7625
8788 6576
6299 9324
7795 7562
6586 9031
6393 9326
7518 7904
8882 6632
7479 8012
7048 8619
8062 7546
7531 8115
8699 7400
8331 7907
7232 9131
7703 8660
7506 8953
7400 9072
8034 8859
6658 9622
8182 9051
8607 8814
8120 9375
8753 8766
9087 7591
8930 8662
8954 8736
433755102 1647351560
1
sift 2525
76 89
72 98
2 0
77 91
31 53
6 5
134 122
146 185
27 38
149 177
124 125
28 36
166 171
187 229
41 42
242 215
150 164
44 52
293 233
193 225
43 59
208 273
244 259
59 74
276 264
228 296
54 79
284 311
262 342
64 71
328 321
359 278
66 86
343 345
279 430
61 103
361 338
312 400
71 93
348 362
310 375
67 100
338 380
344 429
81 97
352 389
323 384
75 109
462 395
400 442
78 112
357 387
353 413
87 115
451 416
422 425
74 139
399 470
313 506
82 123
490 513
397 447
99 127
454 473
364 431
108 140
547 525
457 460
106 157
373 577
403 453
129 136
552 625
444 472
112 186
477 499
371 538
119 172
642 621
434 498
121 170
506 534
481 417
135 166
665 636
449 523
139 169
464 633
319 681
163 168
711 711
482 543
141 188
580 569
416 564
133 205
760 724
501 555
127 230
573 596
376 594
156 200
787 714
505 588
137 224
661 750
474 553
165 237
895 715
586 613
194 203
732 690
391 634
171 250
893 719
588 654
168 293
829 722
396 652
174 270
890 757
614 661
224 216
828 782
521 619
178 292
880 887
612 707
207 244
848 778
559 657
243 222
1051 860
791 638
219 236
721 1062
583 695
230 257
847 1109
778 700
199 301
865 919
635 671
198 313
938 1104
697 788
200 319
889 922
728 798
249 254
1069 974
735 891
229 315
964 902
758 827
216 337
1024 1015
658 1036
217 348
1077 886
719 927
274 281
1155 908
845 858
203 359
1201 883
759 1088
248 327
1152 966
916 1024
299 276
1041 1066
822 995
286 306
1303 937
972 978
259 352
1060 1080
960 1010
240 382
1204 1162
1056 939
266 363
1068 1092
976 1008
278 365
1325 1077
1021 988
291 354
1213 1089
955 1058
255 406
1277 1304
1085 1028
311 347
1162 1150
1071 977
282 377
1450 1277
923 1185
380 299
1183 1212
1099 986
288 428
1359 1391
1026 1143
281 450
1239 1179
1163 930
303 419
1672 1390
1080 1189
302 436
1255 1334
985 1125
421 328
1499 1599
1166 1126
285 488
1262 1363
1075 1083
306 456
1626 1465
1200 1444
298 479
1349 1347
1160 1042
301 474
1756 1392
1393 1266
413 340
1332 1370
1103 1112
320 451
1668 1522
1120 1814
516 284
1417 1291
943 1260
322 475
1646 1640
1457 1268
360 408
1428 1301
878 1463
330 487
1857 1395
1350 1412
424 371
1312 1475
924 1357
390 394
1498 1797
1338 1562
412 383
1430 1417
1146 1119
337 491
1774 1598
1271 1715
377 449
1366 1600
1225 1047
339 522
1664 1774
1470 1501
356 503
1677 1336
950 1398
381 464
2208 1506
1793 1272
438 424
1538 1625
1121 1228
453 423
1960 1687
1549 1545
358 545
1487 1724
1208 1172
375 502
2074 1667
1361 1874
370 541
1489 1778
1187 1237
489 432
1840 1907
1701 1534
483 476
1667 1725
1194 1313
498 463
2030 1747
1444 1831
463 496
1751 1732
1306 1206
411 563
1965 1818
1631 1669
475 504
1526 2268
1125 1531
450 549
1830 2011
1308 2308
409 578
1921 1775
1198 1431
418 574
1959 1854
1717 1767
465 548
1790 2034
1241 1323
430 575
1710 2274
1720 1807
532 465
1918 1895
1212 1405
442 571
1931 1929
2173 1592
414 592
1937 1866
1165 1643
441 580
1762 2298
1851 1858
437 593
2558 1576
1269 1433
410 643
2389 1781
1813 1923
533 521
1780 2244
1291 1484
514 561
1924 2232
1770 2004
452 648
2014 1912
1347 1467
494 607
2147 2111
1776 2057
491 608
2165 1948
1396 1586
509 585
2153 2195
1884 2027
487 640
1864 2297
1439 1523
478 670
2330 2076
1822 2150
540 572
1949 2313
1454 1524
720 446
2200 2254
1729 2521
484 679
2290 2022
1410 1665
525 600
2735 1933
2128 1949
572 570
2046 2353
1586 1548
385 868
2571 2169
1877 2349
518 675
2503 2187
1411 1752
512 687
2542 2259
2201 2260
497 728
2621 2116
1423 1751
468 772
2397 2424
2196 2428
543 626
2393 2339
1622 1549
610 582
2492 2319
2475 2263
578 599
2456 2369
1567 1635
593 589
2919 2014
2257 2573
517 726
2416 2427
1652 1628
549 653
2506 2480
2388 2447
555 651
2164 2814
1662 1694
553 664
2493 2558
2371 2617
526 723
2423 2628
1593 1829
619 598
2734 2452
1993 3198
613 615
2226 2850
1658 1792
566 674
2965 2361
2481 2590
536 717
2772 2442
1812 1721
531 754
2548 2718
1953 3399
486 967
2598 2761
1612 1970
623 699
3048 2595
2217 3076
590 744
3040 2668
1711 1868
594 741
3029 2786
2454 2916
679 650
3319 2629
1644 2012
616 746
2866 2953
2574 2907
574 790
3238 2680
1696 1946
541 850
3100 2891
2638 3074
618 763
3011 2843
1554 2301
700 680
3103 2977
2944 2771
690 693
2519 3565
1825 1897
703 705
3254 2974
2839 2927
611 808
2668 3310
1801 1926
662 755
3557 2822
2564 3392
585 855
3167 2840
1771 1987
677 760
2462 4356
2769 3383
651 797
2890 3147
1892 1833
629 848
4039 2845
3551 2729
645 815
2852 3343
1598 2324
676 785
3704 3142
3125 3021
634 881
2957 3322
1875 1906
637 870
3277 3611
2951 3452
726 776
3777 2770
1914 1908
652 859
3643 3380
3361 3041
671 831
3236 3210
1853 2040
654 877
3535 3544
2640 4182
668 851
2591 4381
1856 2078
755 766
3732 3379
3248 3597
707 806
3634 3016
1999 1947
639 936
4361 3203
2857 4194
709 822
3316 3427
1942 2063
669 890
3973 3739
3120 3861
685 863
3858 3050
2146 1965
675 895
3838 3938
3371 3533
643 983
3654 3291
2029 2255
694 918
3450 4585
3402 3542
693 925
3635 3389
2020 2273
743 884
4690 3350
3591 3320
678 1003
3259 3923
1977 2398
731 940
3966 4067
3471 3514
929 737
3145 4186
2101 2264
744 935
4278 3740
3410 3708
877 791
3208 4130
1997 2463
1057 709
4319 3770
3517 3655
750 969
3918 3398
2239 2196
849 817
4309 3887
3381 3886
718 1034
3949 3524
2152 2287
841 833
4167 4073
3497 3878
715 1043
3980 3573
2067 2478
752 989
4669 3642
3025 4543
724 1055
3647 4031
2158 2412
797 951
4933 3476
3409 4146
780 997
3999 3780
1919 2698
762 1044
3964 4330
3852 4071
891 846
3202 4931
1957 2725
834 958
4754 3612
3823 4124
827 976
4098 3944
2344 2307
723 1157
4252 4074
3633 4352
795 1037
3828 4322
2320 2340
1074 775
4639 3969
3715 4297
991 813
3566 4696
2261 2489
902 920
4915 4016
3813 4486
931 906
4471 4093
2322 2593
998 849
5773 3490
3619 4876
854 1016
3843 4843
2431 2506
987 862
5432 3987
3586 5087
1055 826
4479 4229
2280 2645
785 1128
4870 4373
3922 4565
810 1101
4027 4825
2234 2797
944 923
4273 5006
4156 4737
887 1001
4337 4483
2715 2338
967 929
4392 4883
4736 4204
800 1148
3993 5164
2279 2782
968 933
5044 4367
4462 4500
782 1170
4349 4639
1991 3305
1052 856
5012 4474
5368 3991
946 965
3632 6341
2187 3004
908 1071
5251 4371
4289 4864
945 1025
4596 4688
2533 2627
901 1090
4857 4708
4378 4805
928 1086
4578 4753
2560 2686
1086 932
4759 4792
3881 5957
885 1149
5138 4387
2651 2626
977 1050
5192 4455
4527 4803
949 1091
4314 5206
2435 2870
925 1118
5019 4618
4431 4911
994 1052
4621 4836
2170 3289
833 1243
5579 4251
4576 4809
959 1099
5360 4321
2332 3031
1062 996
4777 4908
4148 5533
963 1096
5041 4598
3094 2350
874 1197
4889 4847
4401 5069
914 1153
4670 4966
2605 2738
864 1209
5374 4516
4559 4920
875 1201
4510 5235
2538 2819
741 1577
4554 5383
4375 5136
1016 1070
4428 5429
2229 3456
930 1160
4976 4985
4704 4806
888 1208
4910 4930
2659 2811
951 1142
5291 4734
4512 5029
979 1135
5370 4574
2746 2716
1063 1076
4894 5187
4973 4732
1033 1123
5059 4910
2446 3233
1207 956
5343 4767
4804 4888
837 1399
4526 5545
2822 2780
1154 1051
4969 5142
4698 5031
997 1193
5448 4606
2910 2746
984 1214
5685 4534
4584 5242
1122 1113
4874 5319
2826 2913
970 1235
5300 4943
4941 4921
1061 1165
4864 5474
2594 3241
1092 1147
5825 4673
4952 4957
911 1362
5504 4945
2425 3643
1175 1068
7846 3757
4688 5520
1038 1183
4810 5731
2710 3084
1089 1154
6037 4909
4882 5441
1156 1094
5073 5711
2765 3073
1263 979
5729 5406
4695 5684
907 1385
5135 5720
2778 3213
1172 1087
6049 5336
5129 5199
973 1265
6137 4748
2915 3065
962 1298
6069 5333
4366 6140
896 1428
4445 6569
2589 3720
905 1415
6052 5484
4783 5636
1042 1211
5715 5267
3879 2541
1153 1116
6361 5224
5244 5135
996 1274
4100 7633
2678 3681
1219 1074
5814 6037
5385 5033
1078 1216
4773 6378
2886 3314
912 1529
4696 7442
5412 5036
1304 1020
5603 5500
3118 3162
1019 1344
6061 5965
4611 6007
1039 1316
5514 5722
2853 3598
961 1535
6287 5783
5086 5454
1110 1276
5384 5858
2808 3725
1097 1302
7777 4670
5932 4815
1095 1337
6099 5121
2893 3667
1082 1366
6178 5936
5296 5512
1066 1397
6209 5133
2900 3705
1054 1434
6124 6030
6146 5279
1302 1137
5656 5870
2701 4082
1126 1353
5838 6402
4990 6553
1096 1393
5621 5995
3006 3591
1286 1155
7152 5184
6043 5427
1009 1582
6671 5090
2996 3664
1036 1561
5314 7078
5990 5541
1459 1073
6334 5465
2928 3833
1171 1296
5083 7510
5236 6384
1090 1469
6116 5757
3074 3606
1293 1173
6182 6160
5168 6491
1209 1279
5124 6839
3046 3670
1049 1590
6501 5945
6067 5623
1260 1205
6109 5879
3464 3179
1072 1554
6926 5673
6073 5632
1216 1280
5923 6174
3495 3228
1133 1458
6479 6168
5010 6854
1205 1349
5982 6125
3065 3767
1113 1573
6833 5907
4717 7299
1178 1406
4909 7484
3509 3237
1233 1306
6725 6194
6060 5752
1247 1300
6780 5480
3153 3718
1280 1256
6738 6188
5550 6344
1237 1318
5994 6295
3400 3430
1547 1117
8378 5248
5169 6758
1164 1494
6576 5753
3047 3911
1235 1361
6783 6360
4886 7527
1186 1487
6093 6246
3685 3180
1287 1305
6469 6622
5451 6760
1115 1708
6242 6363
3484 3374
1442 1217
6893 6288
5364 7392
1246 1436
6599 6058
3458 3460
1319 1327
7070 6218
6826 5910
1229 1507
7880 5263
3896 3067
1211 1563
7984 5668
6035 6740
1414 1247
6289 6609
3341 3804
1181 1637
7291 6171
5895 7150
1392 1288
7358 5812
3203 3977
1218 1569
7616 6065
5998 7045
1455 1236
7081 6239
3511 3691
1273 1439
7037 6519
5835 7318
1297 1421
5894 7877
3545 3696
1427 1283
6609 6963
5886 7277
1190 1692
6247 7576
3329 3948
1324 1404
7158 6518
6480 6690
1191 1716
6386 7372
3575 3724
1300 1492
7141 6629
6220 7041
1374 1410
7271 6471
3292 4059
1429 1350
6265 7830
6802 6540
1322 1486
6873 6906
3731 3713
1261 1603
8241 6070
5520 8671
1407 1423
6752 7048
3357 4192
1236 1730
6977 6942
5790 8499
1363 1515
6864 7246
3102 4535
1248 1712
7417 6791
6113 8091
1268 1677
6394 8287
3376 4285
1446 1411
6755 8062
6713 7219
1313 1597
6492 8112
3480 4224
1210 1798
8061 6904
5970 8505
1424 1443
6993 7408
3559 4174
1245 1737
6452 8867
5915 8669
1358 1559
7439 6964
4005 3717
1335 1605
7011 8071
7569 6571
1379 1564
8451 6504
3741 4008
1330 1648
7966 7331
6668 7496
1619 1314
7175 7621
4004 3734
1141 2065
7214 8101
6336 8087
1531 1435
8267 6723
3706 4072
1309 1734
8390 7000
6971 7242
1276 1776
8106 7016
3538 4380
1336 1706
7794 7690
5865 9098
1215 1930
7398 7674
3310 4710
1477 1540
7246 8343
7255 6991
1458 1570
7993 7297
4127 3906
1275 1800
7751 7928
7223 7060
1546 1466
8538 6864
3742 4318
1472 1578
8560 7450
7216 7194
1475 1585
7122 8244
3762 4437
1508 1565
8701 7306
7097 7333
1463 1613
7933 7761
3663 4814
1334 1788
8566 7504
6279 8729
1386 1746
7033 8830
3998 4482
1258 1917
8354 7770
6207 8913
1641 1455
7600 8136
3816 4824
1294 1860
8085 8079
7790 7064
1445 1691
7109 8848
4560 3995
1577 1556
8522 7726
7814 7404
1295 1901
8344 7536
3914 4794
1375 1805
7800 9047
6415 9166
1398 1787
7395 8656
4067 4560
1560 1632
8312 8759
7440 7765
1341 1870
8351 7700
3740 5108
1670 1530
9001 7682
7697 7550
1585 1624
8528 7692
3576 5799
1519 1722
8092 9254
7211 8085
1690 1544
8213 8305
4355 4457
1620 1656
6617 9042
1368 1916
7428 9082
4931 4086
1651 1615
8191 7599
1706 1581
8372 8217
4450 4407
1339 1985
7950 8002
1413 1875
8366 8511
3931 5200
1800 1462
8294 7704
1579 1733
8074 8816
4454 4426
1736 1579
8406 8155
1415 1896
8720 8513
4535 4422
1566 1764
7969 9150
1448 1876
8724 8662
4292 4694
1220 2426
8115 9297
1730 1629
8598 9181
4040 5562
1387 1990
8459 9125
1647 1729
8922 9314
3963 5733
1422 1945
8689 9012
1532 1837
8768 9391
4329 4992
1337 2133
8508 9180
1382 2088
4635 4729
1607 1803
8746 9367
1480 1967
3902 5937
1753 1731
1562 1905
4187 5358
1471 2021
1575 1921
4475 4969
1528 1994
1772 1753
4028 5853
1844 1671
1539 2015
4335 5218
1687 1845
1432 2193
4485 5061
1608 1942
1514 2068
5350 4392
1447 2191
1561 1999
4280 5522
1510 2091
1416 2250
4556 5105
1757 1808
1750 1828
4311 5550
1524 2107
1920 1655
4770 4963
1535 2102
1483 2186
4376 5444
1640 1976
1973 1616
4064 6076
1595 2037
1342 2546
4389 5491
1637 2023
1572 2119
4599 5258
1518 2216
1715 1939
4551 5331
1632 2058
1543 2189
4221 5911
1829 1816
1671 2013
5240 4728
1522 2251
1550 2221
5043 4895
1810 1852
1551 2223
5438 4667
1995 1705
1655 2108
4233 6085
1852 1839
1927 1802
4636 5456
1909 1822
1823 1932
4784 5443
1802 1974
1656 2215
4945 5337
2065 1755
1767 2070
4703 5691
1740 2157
1636 2326
4823 5568
2087 1770
1642 2327
4663 5852
1792 2060
2127 1768
4896 5660
1639 2382
2008 1836
4423 6221
1438 2732
1943 1882
5032 5549
1724 2266
1616 2459
4955 5671
1848 2046
1633 2471
4493 6210
1915 1963
2106 1835
5265 5334
1653 2474
1876 2082
5214 5424
1733 2411
1663 2518
5230 5449
1674 2509
1743 2418
4323 6543
1890 2093
1847 2171
4966 5840
2174 1847
2211 1834
5598 5129
1703 2503
1820 2262
5261 5530
1571 2737
1913 2112
5241 5664
1962 2050
1643 2652
5218 5740
2325 1801
2110 1950
4872 6151
2340 1810
1818 2342
4179 7250
1948 2120
2411 1794
5543 5725
2122 1966
2031 2038
5526 5787
1946 2145
1971 2152
4480 7086
1803 2465
1824 2432
5475 5927
1693 2682
2428 1827
5255 6269
2132 2020
1843 2423
5642 5901
1887 2377
1831 2502
5772 5796
2335 1914
2021 2198
4833 6813
2166 2085
1704 2803
5904 5801
1764 2713
2010 2272
5269 6631
1930 2415
2114 2213
5586 6322
2251 2098
1858 2584
5587 6352
2151 2205
1859 2601
5420 6509
2273 2104
1932 2514
4649 7786
2214 2188
1963 2482
5834 6304
2549 1938
2117 2332
5926 6200
1926 2582
1952 2552
5703 6576
2342 2130
1939 2579
5148 7288
2034 2455
2068 2446
5632 6852
1986 2547
1936 2615
7336 5268
1819 2847
2441 2095
6184 6387
2310 2210
1836 2838
6159 6422
1944 2630
2324 2225
4836 8466
2002 2578
2019 2560
5662 7123
1928 2679
1806 2956
4963 8414
2269 2299
2129 2470
5009 8366
2607 2007
1871 2810
5939 6887
2186 2433
2307 2282
5808 7108
2242 2376
2154 2485
6172 6696
1954 2705
1934 2752
5744 7335
2427 2236
2526 2158
6108 6983
2284 2395
2528 2179
6085 7096
2437 2265
2469 2231
6034 7180
1863 2968
1941 2813
7047 6203
2058 2673
2546 2199
5440 8351
2354 2438
2436 2370
6406 7088
2302 2500
1935 2950
6518 6956
2097 2727
2093 2736
6369 7203
2006 2841
2028 2805
5568 8875
2319 2505
2276 2550
6461 7304
2315 2517
2776 2090
7501 6381
2258 2599
2382 2476
6087 7996
3112 1928
2600 2275
6115 8049
2800 2110
2572 2310
6814 7058
2112 2787
2700 2207
6539 7516
2047 2884
2195 2734
5064 9412
2244 2674
2579 2384
6673 7359
1976 3047
2601 2365
6445 7763
1865 3359
2637 2328
6157 8340
2588 2402
2176 2794
6886 7141
2326 2639
2133 2873
6526 7679
2675 2344
2073 2991
6367 8010
2407 2620
2635 2421
7481 6698
2907 2184
2616 2443
6905 7196
2212 2859
2474 2597
6742 7397
2268 2812
2094 3058
6192 8402
2365 2710
2142 3015
6468 7944
2687 2457
2168 3045
7477 6786
2395 2768
2580 2607
7063 7311
2420 2756
2609 2577
6968 7474
2026 3371
2150 3146
6525 8283
2336 2893
2160 3156
6917 7716
2370 2866
2223 3069
6190 8974
2581 2661
2323 2951
6708 8193
2090 3367
2711 2568
7568 7218
2306 3029
2253 3132
7172 7872
2355 2963
2185 3240
7244 7973
2386 2967
2312 3098
8792 6603
2489 2883
2415 3025
6608 8917
2286 3192
2783 2633
7075 8311
2810 2618
2696 2697
7495 7798
2599 2848
2688 2743
7247 8260
3016 2526
2917 2606
7235 8332
2450 3087
2295 3330
7520 8145
2299 3342
2230 3558
7609 8113
2602 2942
2259 3572
6952 8946
2510 3080
2684 2862
8374 7411
2809 2747
2515 3113
6788 9165
2685 2895
2362 3417
7357 8592
3032 2625
2409 3353
7137 8861
2837 2774
2337 3563
7729 8320
3053 2667
2926 2755
7875 8223
2532 3239
2937 2764
7078 9130
2473 3370
2246 3922
7651 8601
2422 3535
3026 2723
8149 8152
2507 3348
2592 3224
8443 7942
2381 3737
2350 3807
8063 8388
2465 3578
2301 3941
7652 8905
2577 3358
2384 3806
7681 9091
2536 3503
3855 2397
8383 8525
2109 4501
2626 3363
8027 8986
2771 3128
3583 2564
8634 8423
2518 3646
2692 3267
7077 9405
3289 2717
2669 3335
8404 8819
3227 2779
2840 3108
8396 8833
2930 3023
2842 3158
8611 8585
3215 2827
2079 4874
7910 9271
2596 3712
2698 3528
8948 8725
2876 3227
2666 3631
2419 4181
3527 2744
2380 4248
3169 2996
2036 5388
2788 3473
2639 3803
2882 3327
2784 3526
2969 3238
3286 2949
2728 3639
2850 3429
2673 3791
3017 3223
3068 3178
3346 2959
2755 3703
2400 4461
2832 3595
3007 3321
2636 3982
2935 3432
2863 3546
3175 3161
2595 4120
2603 4104
3135 3225
2632 4069
2860 3610
3336 3040
3534 2920
3196 3187
3189 3207
3334 3070
2739 3898
3183 3271
2795 3890
3394 3100
2723 4028
2719 4048
3494 3056
3193 3349
3022 3618
2998 3689
3063 3585
3278 3299
3351 3230
3230 3400
3508 3130
3894 2865
2961 3826
3128 3576
3049 3716
2798 4115
2797 4119
2972 3853
3445 3245
3317 3372
2902 3966
2958 3914
2946 3940
3300 3441
3397 3339
2645 4475
3514 3235
3338 3421
4561 2621
3722 3124
3301 3562
3493 3347
3225 3694
3181 3758
3481 3378
3229 3707
2942 4113
3542 3369
3553 3355
2859 4253
3035 4019
3398 3557
2752 4434
2985 4098
3243 3769
3580 3360
3084 3965
3219 3823
3345 3633
2845 4335
2812 4399
3727 3261
3244 3848
3729 3269
3002 4165
3091 4043
3819 3204
3326 3775
2759 4578
3000 4202
3166 3981
3014 4188
3474 3636
3099 4094
2954 4292
2869 4416
4104 3024
3364 3821
3090 4148
2898 4418
3426 3765
3060 4203
3829 3298
3848 3302
4069 3116
3536 3687
2956 4411
3045 4284
3437 3832
3312 3947
2968 4405
3198 4108
3691 3520
3606 3647
3501 3792
2964 4441
2883 4571
4425 2932
3420 3913
2868 4659
3631 3672
2932 4537
3028 4382
3160 4214
3577 3751
3699 3596
3718 3586
4494 2935
4320 2998
2967 4524
3075 4401
3463 3959
3004 4561
2487 6154
3587 3871
3660 3794
3590 3889
3528 3958
3008 4623
2899 4833
3019 4594
3268 4250
3387 4134
3096 4489
3532 3998
3822 3666
3684 3838
3095 4522
3194 4389
3610 3937
4042 3448
3516 4075
3242 4377
3452 4139
3042 4704
3163 4498
3237 4408
4497 3097
3070 4719
3101 4671
3293 4402
3187 4569
4122 3502
4037 3603
4007 3648
4031 3619
4083 3567
3676 4056
3213 4615
3686 4060
3488 4269
3013 5013
3641 4131
4254 3431
3763 3997
3386 4425
3434 4388
3064 5005
2763 5805
3164 4832
3572 4283
3872 3957
4159 3635
3967 3873
3417 4502
4076 3779
3339 4593
3281 4717
4079 3836
3721 4213
3353 4675
3284 4797
3800 4183
3322 4807
4129 3856
3929 4084
4277 3699
3280 4936
4237 3763
3885 4164
3489 4655
3375 4828
5055 3190
3018 5612
4638 3501
3034 5681
3593 4603
3465 4802
3530 4739
3540 4713
3936 4222
3571 4697
3776 4412
3736 4492
3784 4432
3646 4674
4333 3870
3363 5177
3648 4766
4126 4195
4222 4102
4516 3863
4003 4360
3355 5395
3498 5158
3485 5212
4163 4219
3637 4982
4147 4273
4780 3762
4351 4080
3680 4956
3172 6018
3940 4558
2846 6842
3868 4731
3620 5126
3600 5208
4305 4197
3821 4862
3678 5114
3185 6157
3260 5988
4052 4517
4439 4133
3992 4633
3983 4650
4347 4200
4987 3793
4457 4140
5254 3616
3799 4998
4097 4540
3787 5049
3615 5436
3548 5578
3694 5262
3165 6388
3794 5102
3679 5349
3975 4850
3815 5111
4062 4762
4270 4469
3803 5241
3670 5532
3367 6135
3761 5321
4537 4282
3830 5251
4822 4099
3788 5341
3640 5699
3569 5841
3933 5106
3793 5407
3833 5343
5736 3590
3795 5430
4085 4898
4010 5038
3878 5314
4029 5025
3889 5345
3779 5547
5252 3949
5480 3842
4268 4735
3623 5992
3960 5292
4095 5053
4793 4290
4308 4752
4533 4549
4112 5146
3739 5906
4316 4795
4300 4841
4012 5387
3750 5913
4236 4980
4887 4355
3567 6350
3994 5472
4229 5058
5831 3897
4398 4925
4925 4454
4101 5501
4677 4677
3957 5828
4072 5573
4856 4541
4761 4608
4515 4863
4171 5416
5530 4143
4231 5323
4564 4871
4015 5808
4306 5222
4014 5820
4860 4609
4901 4588
4267 5310
3939 6029
3841 6285
4422 5156
4318 5362
4230 5572
4834 4772
4131 5795
4043 5972
4756 4875
4078 5930
4977 4705
4903 4776
3969 6192
4868 4831
4602 5085
4362 5421
4115 5940
3614 6957
4961 4774
4211 5773
4317 5559
4758 5002
5154 4646
4743 5028
4498 5348
5161 4669
4593 5239
5205 4643
4143 6005
4008 6273
4228 5836
5075 4782
4019 6294
4225 5888
4470 5463
4697 5180
4144 6062
4195 5967
4965 4933
4974 4934
5383 4596
5157 4793
5325 4682
5074 4903
4827 5141
4514 5557
4732 5260
4594 5442
4620 5447
5174 4873
4443 5743
4541 5640
5663 4507
4500 5744
4949 5181
5067 5074
4272 6128
4550 5732
5050 5131
5036 5202
5058 5201
4245 6272
4217 6358
4315 6150
4902 5413
4789 5554
4427 6036
5223 5091
4242 6369
4106 6619
5288 5055
5639 4755
3683 7782
4651 5824
4852 5625
4617 5912
5342 5086
5145 5377
4371 6335
5202 5313
4562 6105
4455 6276
5402 5152
5369 5213
5679 4928
4592 6127
6450 4354
4142 6885
5962 4699
4509 6290
4867 5876
5069 5713
4993 5789
5140 5641
4878 6002
4705 6185
4285 6785
5225 5653
4865 6054
5286 5619
5282 5621
5035 5953
4410 6685
6751 4366
5802 5099
5183 5817
5479 5485
5431 5552
4740 6329
5372 5639
5065 5996
4387 6793
4173 7293
5319 5767
5052 6088
5417 5758
5116 6081
5817 5366
6153 5046
4565 6801
5521 5769
5581 5735
5542 5800
5769 5546
5284 6052
6090 5182
6326 4984
4779 6594
4501 7005
6325 5009
4808 6588
5375 6014
5933 5425
5030 6416
4555 7023
6236 5160
4741 6768
4904 6586
4942 6531
5245 6234
4848 6655
5805 5645
5299 6193
5612 5861
5622 5848
5855 5592
5548 5950
4359 7506
5824 5667
5217 6321
4775 6818
5949 5561
5699 5905
5181 6429
5421 6195
5819 5792
4921 6788
6050 5555
5348 6324
4297 7921
6140 5481
5779 5954
5574 6177
6193 5537
5624 6131
6259 5459
5997 5738
5496 6303
5462 6343
5630 6181
5649 6183
5273 6545
5857 5955
5964 5849
6582 5207
5766 6099
4468 7855
5102 6802
5222 6748
4681 7592
5868 6080
5575 6392
5973 5962
5963 5986
6110 5847
5056 7012
6031 5948
5203 6829
5938 6039
4363 8379
4507 8078
6584 5398
4547 7993
5684 6373
6339 5688
5301 6780
5242 6850
6228 5839
5172 6934
4336 8549
5256 6855
5996 6045
4640 7859
6402 5682
5708 6436
5646 6477
7409 4872
5909 6250
4449 8456
5235 6978
4807 7714
5836 6346
4729 7858
5227 7019
5770 6441
4831 7752
6009 6204
5389 6880
6142 6103
5258 7063
5657 6650
5566 6756
7309 5066
5080 7497
6001 6320
5341 7073
5045 7572
5931 6401
6644 5690
5625 6743
5278 7198
5872 6463
4943 7814
5334 7164
5499 6965
5120 7544
7585 5047
6949 5494
6548 5883
6494 5935
6059 6389
7782 5000
5189 7568
5721 6821
5464 7134
6540 5969
6417 6109
6217 6340
7253 5371
5047 7955
5185 7729
5329 7512
6555 6046
5611 7077
5386 7485
5004 8203
4840 8535
6797 5895
5544 7276
4996 8276
6003 6692
6127 6556
5980 6765
7113 5703
6359 6398
5740 7094
5905 6878
6254 6492
4816 8781
4981 8463
5602 7349
5524 7566
5505 7613
5976 6875
6255 6580
6089 6759
5672 7358
6187 6701
5761 7244
5277 8044
5696 7352
6366 6486
7588 5516
6344 6541
5572 7620
5538 7697
4982 8742
5294 8212
6219 6773
5578 7678
6730 6229
5760 7467
5456 7981
6033 7024
7767 5566
6321 6729
6443 6574
6775 6296
6215 6882
6597 6440
8158 5367
6591 6459
6014 7191
5076 8938
5443 8288
6970 6267
6319 6894
6575 6581
6183 7049
8035 5560
6663 6501
6306 6948
5754 7811
5993 7376
5492 8339
6862 6400
7658 5871
8134 5581
6162 7217
6746 6495
6092 7310
5535 8404
6458 6873
7613 5974
7442 6116
5474 8632
7310 6220
5238 9060
6799 6636
6604 6834
5728 8285
6465 6988
6363 7201
5859 8036
7105 6437
7990 5925
6947 6584
6679 6862
5556 8720
5738 8448
6082 7780
5986 7956
6135 7720
5691 8568
6018 7897
6650 6943
6028 7895
5615 8690
5689 8604
6774 6853
6793 6841
5912 8205
6053 7967
7365 6410
6076 7907
6741 6930
6273 7673
6414 7422
6410 7431
6570 7187
7079 6660
7018 6725
7694 6283
6880 6844
5782 8577
6626 7124
6007 8177
6250 7779
6299 7719
6293 7758
6611 7215
7422 6457
5823 8607
6569 7315
8105 6115
6071 8196
6553 7375
6111 8119
6606 7294
5651 8989
7721 6376
6902 6958
6055 8284
5801 8744
5737 8908
6337 7841
5884 8651
5476 9258
8064 6235
5898 8706
6763 7230
8485 6017
7618 6503
6980 6994
6898 7104
6379 7986
8079 6354
6607 7676
6511 7848
8171 6361
6556 7828
7315 6902
8636 6082
8603 6111
7117 7112
5747 9228
6418 8138
6408 8220
6453 8081
8534 6211
6276 8498
6670 7773
6457 8118
6940 7417
7608 6820
6932 7457
7196 7144
6739 7731
7594 6846
6429 8299
6709 7785
7402 6985
5767 9308
7350 7074
7986 6648
6309 8614
8226 6488
7023 7493
5379 9413
7792 6817
6562 8208
7582 6962
7250 7268
6148 8976
7134 7420
6316 8777
8772 6248
5840 9322
7821 6897
6404 8673
7095 7608
6998 7790
8179 6738
7471 7295
7295 7500
6252 9079
5965 9320
6149 9207
7502 7361
6180 9212
6637 8566
8146 6996
7744 7346
7200 7911
8303 6925
8399 6858
7524 7672
8674 6697
7010 8326
8240 7034
8010 7247
7500 7776
6600 8983
6828 8654
6747 8769
7166 8206
8806 6651
8132 7245
7996 7385
8568 6929
6495 9201
7515 7950
7567 7933
7269 8331
7280 8329
8138 7454
8548 7062
6834 9005
8592 7079
8468 7228
7561 8121
7930 7783
7259 8522
7025 8842
6380 9372
6658 9243
7902 7853
7424 8363
8033 7723
7550 8258
7302 8540
8014 7801
7759 8066
7845 8004
7869 7983
7762 8106
8080 7789
7643 8275
7400 8555
7369 8580
8445 7498
7120 8891
6447 9382
8342 7639
8086 7879
7837 8224
7488 8561
7016 9128
8099 8005
7947 8191
6327 9418
7791 8450
8628 7540
8760 7387
8563 7663
8676 7559
7104 9183
8020 8334
8705 7582
8715 7611
6602 9402
8108 8400
7795 8760
8544 7934
7479 9056
8332 8225
8387 8182
8166 8411
8567 7998
8231 8413
7883 8814
7528 9163
8875 7689
7314 9295
8418 8432
7764 9069
7872 8981
8942 7646
8175 8788
8102 8914
8031 9007
7607 9291
7732 9235
8582 8527
8438 8751
8093 9103
8925 8040
8182 9086
8305 9006
8165 9111
8959 8051
7915 9275
8088 9222
8654 8743
8555 8918
8310 9152
7620 9387
7698 9376
7630 9388
8747 8826
7048 9433
8319 9240
8513 9116
8126 9321
8742 8892
8420 9214
8369 9294
8759 8991
8552 9187
8967 8611
8838 8953
8965 8771
8988 8860
8794 9239
8879 9259
8757 9335
8898 9292
433755102 1789068863
1
sift 1919
29 25
72 49
4 6
144 144
47 46
14 8
76 70
110 55
15 11
122 180
114 97
33 31
134 152
120 78
41 33
142 173
146 91
52 45
158 171
187 125
54 43
290 228
242 248
49 56
166 178
180 139
62 53
250 334
373 206
64 54
284 245
179 149
66 57
289 342
328 244
80 67
276 297
181 153
81 68
296 353
326 263
90 75
338 324
193 154
108 66
325 356
343 311
83 88
293 394
228 156
100 80
439 372
334 350
95 95
336 379
269 167
103 93
609 355
378 329
109 147
361 447
312 182
118 137
556 501
423 332
156 100
429 396
307 208
141 116
564 620
464 373
148 119
402 449
254 257
130 142
551 653
467 389
139 140
490 391
344 231
164 120
640 599
451 431
150 129
427 478
348 284
163 130
660 605
448 456
145 160
462 468
434 252
135 179
683 674
510 438
136 184
495 548
401 273
189 127
570 850
547 495
220 131
552 538
397 298
206 141
761 800
537 572
194 158
600 527
523 232
169 199
858 809
624 519
219 193
622 552
446 285
274 168
844 894
721 524
212 194
656 585
359 348
244 186
919 1059
704 554
291 183
557 710
444 337
227 207
1138 1144
666 670
258 198
641 715
528 309
221 220
1157 1157
763 618
224 235
730 740
415 423
286 216
1272 1143
917 622
273 227
847 658
482 378
323 205
1184 1345
813 711
302 217
939 657
501 369
371 190
1380 1273
798 751
275 247
787 794
457 427
403 192
1791 1098
760 835
232 307
754 845
506 429
349 213
1473 1307
890 829
353 219
856 922
573 469
318 251
1897 1041
850 913
364 234
965 865
586 460
311 283
1244 1685
893 927
235 381
1024 898
614 446
299 310
1600 1576
1068 802
260 344
895 1093
580 486
287 367
1515 1785
1004 989
377 281
1142 970
648 458
391 277
1485 1852
933 1246
346 326
1144 1006
582 505
357 317
1866 1823
1069 1101
333 359
1119 1063
646 480
424 349
2421 1709
1262 986
412 365
1193 1074
657 476
454 345
1839 2236
1312 979
524 314
1152 1200
661 507
413 405
1828 2527
1360 1044
432 384
1277 1190
735 481
521 347
2144 2185
1400 1133
483 409
1378 1171
697 533
455 436
2003 2377
1204 1380
473 425
1201 1407
728 573
459 437
1968 2465
1213 1376
470 430
1155 1488
687 619
604 338
2460 2121
1417 1230
548 380
1573 1147
650 689
550 397
2392 2437
1332 1321
476 499
1419 1311
733 645
489 487
2294 2662
1489 1235
513 464
1406 1426
1047 493
594 376
2272 2698
1688 1291
561 412
1433 1506
791 590
496 491
2476 2734
1589 1395
458 522
1727 1295
759 643
426 561
3204 2230
1456 1525
677 351
1552 1444
832 610
533 470
2338 3090
1725 1306
613 434
1665 1396
714 717
475 571
2655 2740
1478 1550
532 500
1325 1813
947 570
590 474
2461 3044
1793 1288
720 393
1464 1712
778 676
545 511
2494 3151
1499 1695
593 485
1523 1706
852 624
632 475
3666 2447
1840 1414
623 483
1924 1350
845 665
635 472
4086 2251
2164 1227
493 630
1503 1760
1040 615
578 514
2877 2987
1646 1643
520 591
1649 1671
1014 695
723 450
2726 3571
1668 1679
619 539
1830 1498
971 727
569 602
2867 3451
1615 1749
712 506
1857 1572
982 726
535 681
2916 3562
1672 1782
709 532
1756 1769
1120 684
758 513
3698 3040
1921 1583
706 576
1816 1814
1026 722
822 516
2963 3810
1864 1698
625 713
1713 2009
1060 748
700 646
3313 4040
2030 1736
676 671
1787 2113
1307 679
713 661
3533 3877
2200 1722
686 741
2208 1718
828 994
1037 544
3926 3583
1889 1966
869 637
1980 1954
1080 820
865 648
3780 3738
2147 1829
875 642
1959 1991
964 908
692 769
3792 3754
2257 1864
849 667
2397 1724
1021 949
789 776
4054 3838
2439 1896
755 862
2178 2153
1085 934
1104 655
3388 4737
2290 2016
959 730
2665 1821
1182 879
1076 709
3907 4207
1985 2466
797 912
1895 2597
1041 1002
1003 752
3887 4647
2891 1770
966 767
2514 1951
1200 883
1125 714
5907 3241
2481 2023
946 790
2542 2135
1100 1000
753 1034
4282 4221
2772 1921
928 814
2506 2233
1056 1055
1199 703
4139 4491
2455 2314
1179 720
2287 2493
1444 796
1061 782
3665 5350
2311 2595
1194 749
2492 2473
1352 843
914 968
3882 5063
2966 2040
1276 733
2828 2221
1403 918
1481 686
4433 4371
2642 2588
1117 823
2531 2690
1673 824
1140 808
4090 4909
2957 2508
1124 851
2734 2821
1257 1033
991 976
4753 4231
2951 2759
1264 772
3100 2661
1338 1064
1033 951
4680 4346
3103 2713
1052 959
3238 2706
1369 1071
1063 936
3875 5678
3029 2887
1062 944
3030 2900
1749 900
908 1131
3325 6742
5040 2004
1167 880
3040 3017
1350 1118
957 1068
4585 4726
3768 2549
1282 787
3315 2841
1239 1303
1265 801
4132 5473
2925 3221
1235 831
2735 3548
1533 1117
934 1124
4923 4466
2880 3496
1092 975
3319 2988
1545 1107
1128 932
4673 4966
3104 3303
998 1062
3535 2905
1729 1038
987 1096
5620 4393
3277 3145
975 1130
3401 3117
1720 1084
1286 837
4188 5995
3202 3266
1086 1018
2833 3792
1449 1325
1146 963
5081 5012
4161 2637
1441 780
3455 3331
1529 1268
1162 972
4855 5381
3167 3459
1241 903
2873 4006
1748 1150
1355 836
5310 5030
3655 3288
981 1179
3048 3853
1457 1365
1055 1129
4553 5862
4156 2873
1077 1109
3624 3400
1393 1460
1123 1075
4511 5917
3635 3376
1242 973
3574 3518
1487 1354
1136 1091
5027 5443
5073 2567
1072 1161
3544 3563
1430 1417
1246 977
5228 5311
4696 2687
1059 1207
3466 3653
1953 1060
1034 1244
5513 5430
3900 3298
1379 914
3839 3445
1559 1337
1686 791
5362 5796
3961 3483
1460 882
4392 3137
1790 1208
1099 1193
5763 5460
4767 2912
1247 1016
3964 3628
1751 1247
1269 1022
5003 6183
4568 3024
1237 1051
3450 4089
1526 1508
1270 1050
6138 5582
3966 3737
1249 1080
3864 4015
1822 1296
1347 1004
5473 6210
4098 3977
1195 1156
5367 3180
1898 1301
1255 1083
5870 6411
3919 4190
1293 1078
4170 4075
1677 1519
1273 1102
5493 7193
4119 4140
1411 1007
4278 3966
1549 1645
1131 1330
6934 5692
3645 4892
1208 1236
5825 3192
1885 1332
1462 1020
6432 6136
4639 3829
1304 1135
5314 3689
1776 1497
1172 1290
5132 8001
4001 4608
1439 1048
4857 3976
1717 1577
1280 1173
5739 7200
4096 4641
1207 1283
4915 4236
1912 1415
1541 1014
6781 6282
4669 4432
1319 1160
4889 4298
1996 1446
1225 1276
6438 7112
4829 4329
1161 1409
4356 4803
1797 1653
1428 1110
6829 6652
4909 4382
1622 1012
4081 5480
2049 1445
1219 1328
6294 7581
4621 4633
1302 1217
4777 4565
1877 1580
1429 1127
6475 7361
4656 4713
1612 1025
4554 4832
1937 1560
1348 1187
6351 7692
5171 4381
1357 1184
4273 5288
2084 1480
1233 1370
6990 6788
4319 5284
1317 1263
3365 7375
1993 1538
1522 1140
6827 7042
4863 4772
1575 1111
4346 5395
1431 2237
1461 1178
6999 7031
5138 4732
1366 1297
4870 4959
2413 1340
1373 1294
7339 7005
5229 4721
1345 1355
4984 4862
2196 1473
1414 1279
7734 7440
4991 4969
1407 1298
5012 5065
1958 1621
1326 1421
8591 6921
5041 4942
1442 1305
5729 4456
2245 1510
1567 1216
7965 7798
4337 5843
1392 1369
5589 4569
2171 1602
1234 1594
7022 8640
5038 5166
1408 1357
6501 4087
1850 1879
1645 1191
7390 8582
4912 5420
1862 1054
4111 6479
1780 2051
1404 1386
8578 8200
5025 5360
1799 1119
5192 5163
2484 1562
2234 956
8995 7640
4900 5585
1527 1336
5889 4877
2574 1700
1890 1113
8452 8481
5368 5289
1479 1410
6069 4725
2454 1762
1243 1707
5629 5107
1468 1433
6216 4707
2270 1868
1586 1323
5621 5149
1476 1422
5300 5680
3526 1432
1595 1339
5923 4968
1577 1367
5432 5603
2388 1906
1399 1535
5374 5746
1604 1428
5597 5530
2404 1912
1801 1260
5975 5186
1488 1548
4754 6397
2525 1860
1647 1418
4591 6779
1919 1197
5838 5515
2173 2187
1493 1552
4978 6315
1412 1652
5398 5972
2509 1907
1764 1333
6051 5373
1455 1623
4894 6667
2433 2072
1718 1393
5384 6004
1775 1334
6469 5097
2371 2290
1507 1585
6099 5389
1574 1546
6037 5622
2564 2138
1823 1318
6242 5406
1509 1636
6166 5570
2638 2125
1772 1394
6386 5362
1820 1347
7001 4983
2769 2010
1267 1937
6133 5589
1856 1308
6247 5793
2852 2017
1310 1870
5289 6444
1446 1734
5291 6857
2582 2263
1957 1282
7093 4890
1872 1352
6124 6043
2598 2346
1590 1641
6200 5707
2205 1203
7142 5391
3025 2011
1670 1589
6146 6034
1374 1897
6049 6355
3119 2070
1805 1470
5887 6576
1949 1329
6926 5632
2944 2195
1810 1476
6783 5842
2010 1317
6609 6046
2646 2506
1802 1503
6334 6339
1484 1806
6301 6380
2839 2364
1812 1507
6061 6821
1876 1452
6755 5985
3435 2038
2040 1335
7751 5482
1783 1567
8559 5127
3295 2146
1658 1702
7175 5882
2185 1314
6725 6359
2920 2405
1741 1686
7042 6206
2332 1271
6833 6391
3441 2137
1963 1475
7011 6265
1922 1509
6977 6311
3081 2358
1929 1511
6614 6705
1892 1557
6601 6736
3619 2079
1825 1637
7069 6297
2282 1326
7158 6229
3406 2214
1736 1759
6893 6635
2187 1401
6754 6995
3566 2203
1874 1603
6910 7046
1641 1845
8032 6191
3248 2396
1655 1820
7246 6806
1995 1543
7423 6776
3713 2189
2279 1391
6815 7507
2025 1545
7135 7501
4092 1997
1690 1865
7428 6936
1999 1582
7291 7651
3591 2311
2296 1423
7993 6892
2387 1392
7417 7612
3715 2247
2125 1531
8633 6421
1721 1885
7794 7575
4087 2074
1824 1767
7081 7986
3331 1139
7800 7597
2977 2668
1976 1663
8631 6913
2101 1593
8390 7438
3823 2260
2067 1635
7387 8318
1946 1713
8147 7873
3381 2553
2122 1619
8922 6734
2089 1655
8719 7490
3886 2327
2158 1610
8085 8164
2170 1607
8728 7529
3340 2792
1962 1751
8769 7517
2538 1447
8312 8342
4250 2361
2029 1717
8440 7978
1899 1812
8560 8230
3707 2618
1920 1808
8999 7894
1915 1824
7984 8675
3050 3139
2226 1660
2106 1725
3633 2707
1723 2202
2701 1438
3410 2850
2261 1675
1591 2456
3314 3100
2431 1604
1888 1971
3236 3281
2052 1803
1845 2055
4717 2454
2451 1617
1868 2007
4575 2499
2280 1710
1602 2546
5551 2280
1943 1934
2166 1783
3851 3029
2429 1696
2129 1830
3586 3299
1971 1969
2071 1895
4688 2608
2109 1872
1841 2246
3843 3182
2041 2006
1951 2123
5442 2436
2233 1863
2022 2052
4814 2601
1902 2279
2269 1902
4559 2712
3203 1490
2436 1807
4375 2864
2319 1867
2505 1780
4401 2962
2315 1898
2024 2192
4239 3115
2416 1853
2055 2205
4704 2836
2601 1778
2281 1977
4257 3186
3856 1383
2151 2129
4364 3106
2284 2048
2038 2376
4990 2840
2407 1998
2418 2012
4584 3054
2348 2069
2886 1753
3906 3639
2659 1855
2148 2360
4952 2916
2211 2305
2560 1963
3537 4031
2342 2165
2223 2350
5008 2980
2346 2216
2426 2145
4431 3359
2324 2257
2308 2282
4768 3242
2267 2343
2756 1893
5798 2762
2354 2265
2316 2312
5497 2913
2391 2255
2664 1989
4962 3190
2344 2317
2251 2417
5498 2999
2765 1922
2581 2118
4378 3654
2724 2003
2325 2401
5764 2933
2826 1968
2853 1957
4706 3523
2174 2586
2491 2308
4886 3510
2778 2027
2395 2421
4804 3584
3503 1764
3568 1747
5010 3468
2614 2266
3006 1960
4576 3793
2585 2325
3007 1978
5360 3397
2651 2259
2399 2505
5059 3602
2479 2442
3296 1862
5331 3565
3198 1920
2996 2035
4916 3791
3072 1986
2684 2309
4882 3882
2616 2385
2579 2425
4471 4128
3026 2093
3228 1995
5274 3690
2592 2469
2985 2215
5822 3463
2762 2382
2526 2603
4462 4263
2746 2411
2437 2696
5071 3971
2935 2283
4003 1789
5835 3619
2605 2564
3358 2088
6545 3272
3281 2167
2271 3130
4850 4164
2442 2848
2617 2650
4817 4228
2821 2491
2767 2530
5895 3680
3047 2365
3805 1952
5829 3728
2050 3618
2405 2981
5999 3656
2929 2455
3342 2227
5847 3729
2255 3332
2991 2453
5304 4229
3338 2242
2712 2674
6407 3697
2809 2613
3511 2224
5932 3931
2806 2633
2948 2548
4610 4900
4745 1788
2502 3079
5244 4451
3611 2222
3329 2380
6978 3582
3932 2062
1973 4108
5974 4030
3140 2492
3341 2388
5236 4544
3118 2511
3135 2507
5668 4264
2708 2825
2745 2803
5451 4421
3509 2357
2763 2795
6336 4034
2588 3081
3094 2563
5296 4865
2758 2814
2910 2692
5500 4719
2930 2677
2830 2777
8738 3308
2836 2775
2837 2790
8549 3382
3351 2488
2858 2808
4973 5305
2918 2767
3914 2228
6073 4316
3493 2449
2625 3220
5545 4824
2810 2926
3105 2681
5921 4517
2685 3144
3529 2480
5799 4654
3458 2517
2715 3125
5169 5302
2876 2906
2675 3260
5776 4741
3560 2500
3229 2684
6005 4516
3438 2579
4300 2154
6819 4051
3171 2742
2783 3147
5412 5165
2744 3206
2881 3022
6279 4441
2926 3002
2890 3048
4917 5767
3145 2857
3000 3020
5514 5183
3301 2753
2934 3126
5795 4912
4731 2126
3316 2774
5364 5384
3434 2708
2856 3271
6113 4669
3448 2704
3993 2443
6376 4557
2969 3165
3464 2756
6389 4694
3587 2697
3685 2653
6303 4984
3364 2863
3609 2719
6668 4677
4010 2514
3227 3067
5948 5399
3383 2932
2959 3404
5603 5754
3422 2953
2908 3533
6758 4644
3794 2715
3641 2835
5915 5463
3902 2676
4335 2479
6209 5268
3347 3102
3629 2973
7358 4387
3514 3083
3176 3428
6882 4656
3271 3326
3534 3078
6415 5206
3123 3531
3612 3047
6427 5249
3175 3492
3646 3027
7833 4355
3580 3085
3791 2902
7071 4750
3121 3601
4187 2671
6448 5312
3663 3059
3532 3197
7637 4476
3478 3254
4117 2738
6302 5483
4058 2793
3575 3261
6220 5564
4896 2504
3066 3778
6381 5421
2999 3884
3385 3491
6700 5139
3799 3097
3527 3381
6383 5608
3541 3371
3433 3506
6822 5219
3709 3237
2800 4234
6762 5265
3706 3280
3461 3543
7492 4853
3447 3569
3300 3687
7395 4938
5148 2513
3896 3153
6480 5755
3407 3642
3317 3702
7156 5273
3848 3230
3016 4049
7223 5286
3189 3865
3275 3784
6971 5488
4813 2638
4622 2705
8246 4740
3660 3450
3552 3577
6761 5662
4057 3076
3931 3218
5959 6402
3784 3384
3924 3273
7044 5511
3758 3421
3400 3757
7937 4971
3107 4069
4953 2649
6981 5598
3553 3672
4542 2842
6848 5853
3963 3312
3858 3415
7180 5630
3215 4032
4833 2731
7855 5260
3701 3610
3253 4022
7033 5814
4150 3199
4549 2904
7367 5902
3936 3423
3718 3631
5863 7572
4318 3058
4135 3244
7398 5989
5009 2727
4644 2899
7340 6089
4493 2995
4233 3196
6723 6582
4005 3419
3459 3929
9078 4748
3572 3827
3832 3626
7426 6144
5694 2592
4872 2851
7440 6171
4453 3074
3722 3746
7051 6540
3144 4349
3872 3660
8074 5932
4551 3066
4445 3129
7717 6104
4004 3530
3940 3608
7439 6288
3741 3825
4956 2934
6145 7870
3639 3959
3897 3720
7992 6036
4548 3170
4163 3479
7907 6123
5135 2911
3653 4019
8888 5627
3904 3808
4007 3710
8248 6161
3053 4932
5440 2837
8193 6200
4602 3270
3847 3935
7785 6486
4703 3240
4322 3508
7431 6989
4846 3184
3247 4672
8030 6559
4313 3524
4738 3253
8328 6487
3675 4133
3688 4162
7122 7558
4778 3297
4223 3675
7969 6816
5216 3101
3834 4094
8106 6888
4600 3471
4079 3873
8294 6924
4237 3744
4457 3613
7950 7232
3630 4408
4024 3979
8665 6675
3442 4702
5725 2940
8987 6303
3870 4156
3512 4614
8934 6558
3967 4082
4595 3623
8259 7430
5214 3285
4006 4099
8822 6824
6172 2846
4503 3709
8409 7727
4624 3638
5201 3356
8645 7540
3667 4594
5295 3345
8620 8080
4042 4175
4292 3955
8746 7950
6578 2784
5241 3429
8805 7916
3819 4518
4796 3671
8735 8201
3545 5022
4126 4176
9029 8068
4458 3902
4147 4177
4966 3641
4655 3801
5414 3417
4596 3848
3524 5222
5611 3351
4013 4428
4564 3927
4122 4397
4243 4242
4868 3847
5032 3760
4465 4096
5827 3372
3913 4811
4801 3909
4083 4556
4464 4130
4834 3922
4104 4591
4031 4756
5657 3589
6192 3314
5336 3741
5780 3534
4450 4251
4691 4112
4099 4758
5437 3731
5230 3846
5245 3839
4476 4318
4305 4521
4947 4047
4968 4037
4229 4639
5213 3911
5987 3538
4069 4950
5348 3880
5265 3916
5174 3983
4076 5081
3820 5537
3865 5522
4399 4585
4026 5226
4466 4542
4121 5099
6190 3573
5224 4050
5064 4143
5353 3992
5303 4035
5370 3990
4419 4689
4125 5193
4517 4616
4743 4420
4977 4249
4536 4627
4113 5282
4354 4879
5272 4124
5255 4135
6677 3447
5726 3925
6085 3733
4396 4906
4488 4818
4118 5429
4370 4957
5110 4266
5845 3889
4515 4875
5323 4193
4277 5248
4895 4535
5703 4026
5164 4331
4182 5493
3733 6266
5111 4419
4032 5804
5036 4493
5234 4354
5612 4158
6215 3866
5145 4494
5022 4605
5429 4299
4444 5263
4726 4931
4582 5111
4766 4921
5543 4275
6369 3859
5808 4148
4781 4979
5402 4435
5581 4309
4960 4859
6626 3782
4824 5041
4922 4951
4713 5170
5261 4629
4931 4973
6184 4078
6059 4132
5772 4311
4860 5132
5939 4206
5014 4972
5105 4889
5576 4468
4082 6204
5755 4389
6445 3986
4761 5361
5252 4861
5157 4953
5542 4610
5774 4445
4885 5306
4720 5467
5069 5131
5761 4475
5698 4566
5438 4823
6548 4054
4531 5795
5588 4692
5382 4894
5099 5173
7910 3598
5057 5250
5226 5076
7251 3780
6367 4166
5327 5004
5521 4826
7412 3749
5222 5121
6234 4285
5375 5003
6880 3962
5993 4452
5363 5062
5904 4571
6068 4442
7242 3874
5431 5079
6179 4425
5931 4595
6556 4181
5056 5588
6689 4174
5951 4691
8238 3683
5205 5456
5926 4739
5655 5027
6935 4097
4794 5920
5817 4901
6014 4705
5642 5117
4921 5860
5313 5468
5860 4914
3854 7946
4887 5956
4961 5895
5557 5303
5664 5243
6275 4681
5227 5704
7560 4008
7038 4204
5818 5128
5075 5921
6917 4284
5053 5955
6326 4731
5766 5298
6300 4777
4697 6308
5371 5660
6090 4946
5457 5580
4856 6166
6157 4947
6889 4364
5448 5667
6972 4335
6274 4899
5330 5905
5481 5768
5491 5771
5287 5961
4936 6292
5850 5434
6478 4815
6570 4761
5964 5336
5899 5416
6240 5108
6582 4786
5622 5738
5699 5711
6831 4636
6187 5232
6786 4673
4612 6930
6278 5174
5624 5811
7191 4463
7095 4552
6743 4784
6297 5233
6034 5466
6183 5385
6874 4746
7296 4529
6344 5295
5938 5700
7117 4676
6401 5354
7172 4701
5160 6551
6809 4988
4365 8013
6218 5604
4725 7336
7323 4682
4671 7480
6394 5489
5423 6403
6952 5011
5748 6091
5691 6179
6504 5442
5396 6498
6749 5231
7486 4753
6112 5872
7244 4928
5574 6406
7026 5116
6518 5527
6325 5765
6490 5579
6009 6020
6259 5850
6862 5317
7642 4791
7414 4930
6529 5613
6885 5327
6461 5689
7663 4840
5602 6579
7686 4902
8483 4509
7541 5024
6314 5975
8183 4667
6366 5930
5509 6831
8970 4233
5910 6408
7528 5119
6457 5911
6525 5875
5911 6447
7267 5323
8316 4736
5649 6826
8320 4743
6423 6011
7568 5179
5735 6773
5645 6910
7609 5207
6998 5606
6474 6015
7470 5330
6611 5938
7338 5440
7612 5290
6443 6126
6417 6170
6522 6090
7875 5196
7788 5287
6776 5944
6027 6666
6789 5986
7681 5436
5821 7079
6891 5948
7357 5640
6208 6606
8501 5000
6319 6489
5769 7276
7274 5736
6639 6188
8607 5005
6551 6321
6313 6608
6236 6686
7503 5666
7592 5655
6625 6317
7447 5785
7422 5823
8536 5198
6199 6946
7709 5706
8956 4885
7546 5839
8027 5619
6317 6988
6153 7223
7123 6133
8374 5495
8792 5216
6968 6300
6544 6738
7410 6028
8253 5629
7372 6086
7421 6059
6803 6561
7520 6035
7134 6274
6585 6825
7345 6167
6399 7148
6730 6712
6228 7552
5663 8373
8064 5886
7858 6001
7105 6490
7101 6521
7803 6084
7309 6360
8383 5812
6791 6934
7259 6470
8237 5942
6729 7101
6902 6948
8234 6021
7856 6213
7063 6814
7962 6193
7315 6616
7622 6431
6947 7018
8391 6023
9061 5339
8845 5787
7301 6754
8146 6222
7540 6622
6719 7498
7269 6849
7713 6516
7869 6454
8556 6060
8404 6163
8000 6387
7136 7078
7495 6780
7515 6827
7500 6865
7143 7188
6650 7874
8803 6008
6897 7601
5989 8648
8049 6560
7401 7110
7365 7192
7133 7461
7759 6870
6785 7901
6763 7923
8427 6386
8424 6415
8577 6316
6928 7775
8985 5968
8358 6480
8438 6436
8089 6672
8673 6258
8054 6697
7504 7183
6686 8175
8014 6791
8400 6513
6806 8066
8762 6246
8279 6662
7608 7217
8231 6768
8611 6477
8274 6766
8149 6915
6519 8543
7742 7288
8779 6396
8290 6864
8635 6586
8830 6389
8063 7082
8422 6805
8717 6541
7919 7252
7170 7965
7197 7947
7621 7583
7806 7424
8552 6745
9043 6129
7886 7448
8398 6985
7652 7682
8160 7268
7889 7579
8047 7442
7477 7996
6842 8570
7489 8019
6905 8541
7865 7750
8276 7368
8159 7519
7728 7969
7631 8147
8490 7423
8672 7205
7983 7932
8636 7320
7817 8144
7589 8386
7994 8096
8288 7902
8674 7530
8020 8159
8445 7808
8179 8090
8204 8073
8563 7770
8965 7197
8108 8305
7658 8564
8319 8145
8790 7714
8479 8092
8099 8391
8807 7698
8441 8134
8575 8032
8285 8294
8948 7475
8356 8392
8528 8475
9084 7263
8966 8027
8917 8359
8875 8501
8942 8686
