579740000 651405152
1
sift 2033
44 32
39 34
2 3
82 57
72 42
11 11
177 87
78 64
17 13
228 201
152 95
22 12
208 178
117 102
23 14
301 266
133 107
25 21
240 176
139 105
33 28
374 309
157 120
35 30
266 212
180 117
51 40
422 273
166 138
53 41
269 216
173 137
62 44
390 301
196 135
66 48
295 256
210 185
83 45
375 353
207 200
81 59
348 238
217 198
86 62
460 357
231 231
103 84
356 282
251 214
99 89
439 377
296 210
107 90
366 314
282 232
124 75
488 352
368 257
106 94
372 341
338 230
140 82
594 363
401 306
162 88
431 358
310 332
141 97
534 474
392 322
116 112
446 365
403 255
126 130
563 485
365 349
145 121
505 373
376 298
156 116
623 471
509 412
161 113
497 410
369 310
181 104
649 488
656 380
146 125
581 445
389 305
165 118
575 539
589 581
164 148
593 452
382 321
167 139
639 517
663 536
175 132
629 503
396 331
198 136
671 551
682 569
189 152
713 575
445 422
168 177
768 611
716 600
200 156
624 697
520 504
215 145
914 560
726 593
270 123
817 684
747 590
194 164
794 746
863 568
192 165
968 656
811 601
224 149
980 662
732 742
211 161
917 733
848 651
263 157
991 712
739 765
250 170
1057 724
916 636
254 173
1024 801
900 708
230 187
919 837
901 732
289 175
1140 761
868 767
218 215
1084 797
882 833
248 192
1079 802
939 846
271 195
1339 699
955 810
283 208
924 986
956 863
288 213
1178 796
855 933
277 223
1116 950
1033 883
265 234
1183 925
986 828
359 180
1263 866
1014 895
294 237
1092 1039
1052 811
309 244
1464 794
1021 908
315 240
1175 1027
1049 962
331 235
1327 963
1164 853
316 252
1301 1045
1008 1012
268 295
1190 1161
1168 872
273 299
1351 1057
893 1159
314 261
1544 955
1239 909
340 245
1266 1126
1213 891
344 243
1768 1038
1101 1108
371 227
1518 1115
1380 839
327 260
1692 1144
1112 1106
351 251
1312 1256
1188 1056
302 319
1604 1217
1344 972
346 288
1611 1095
1157 1110
361 278
1527 1399
1152 1198
412 249
1619 1171
1864 851
387 267
1716 1277
1442 1195
402 259
1917 1084
1560 1112
380 287
1722 1346
1280 1381
408 292
1700 1199
1278 1424
398 302
1786 1466
1668 1194
345 355
1743 1184
1526 1299
313 407
1921 1373
1512 1386
391 326
1616 1338
1830 1143
400 323
1944 1414
1614 1312
437 294
1564 1400
1594 1287
352 367
1770 1622
1427 1617
405 348
1669 1350
1490 1441
354 402
2008 1603
1575 1498
472 311
1338 1822
1749 1258
436 343
1966 1673
1739 1455
443 346
1729 1512
1606 1401
423 356
1986 1667
2172 1357
414 359
1891 1387
1799 1352
448 354
1904 1788
2059 1435
433 364
1760 1557
1364 1846
399 429
2126 1647
2428 1354
457 382
1912 1416
1608 1619
416 459
1874 1870
2095 1554
474 399
1741 1613
2215 1321
442 438
1906 1942
1967 1709
471 433
1993 1418
1754 1773
490 415
1890 2079
2566 1553
533 378
2650 1160
1936 1608
579 372
2164 2155
2457 1676
529 406
2162 1531
2376 1359
524 443
2305 2031
2522 1761
510 469
2051 1605
2064 1567
511 476
2499 1887
2380 1848
481 511
1877 1935
1842 1791
550 435
2414 2004
2384 2082
637 413
2015 1865
2394 1679
605 440
2408 2081
2111 2384
515 508
2174 1783
2587 1657
695 409
2757 1925
2036 2513
539 510
2897 1429
2021 2381
555 501
2509 2106
2019 2659
551 513
2225 1868
2404 2099
615 477
2600 2083
2837 2097
574 505
2112 2000
2320 2217
651 461
2608 2096
2535 2459
685 447
2412 1782
2579 2027
621 492
2575 2172
2848 2260
576 533
2483 1775
2852 1960
552 558
3025 1958
2409 2739
636 506
2322 1883
2383 2357
678 482
2291 2575
3038 2402
658 500
2367 1889
2186 2621
601 573
2636 2311
3122 2473
798 449
2326 2120
2950 2137
628 562
3182 2020
4353 1987
707 520
2614 1940
2857 2213
630 571
2980 2351
2565 3327
666 545
2624 2074
2794 2477
696 535
3116 2504
2889 3051
731 514
2438 2231
2655 2660
703 556
2898 2797
3299 2696
654 577
2467 2339
3119 2391
721 542
3108 2752
4437 2216
674 570
2759 2102
3745 2133
903 457
4020 2387
3362 2763
765 524
3103 1912
2908 2608
691 597
2938 3094
4100 2534
699 632
2706 2290
2895 2856
715 623
3727 2897
3707 2749
689 645
2780 2283
2952 2890
679 655
3907 2899
3449 2904
665 670
2880 2266
4075 2321
694 649
3582 3283
3588 2847
889 538
2927 2315
3283 2759
680 698
3622 3242
3572 2938
759 629
3081 2270
3443 2707
742 672
4021 3016
3586 3163
827 627
2944 2469
3549 2722
813 678
4371 2923
3822 2992
857 643
3085 2425
3437 2831
874 635
4093 3215
4335 2695
840 654
3427 2327
3839 2605
801 713
4305 3205
4602 2669
1171 554
3190 2493
3862 2667
869 671
4254 3291
3351 3827
876 677
3395 2482
3389 3395
1030 607
4263 3320
4297 3100
793 736
3363 2675
3098 3738
921 669
4170 3484
4337 3105
927 667
3065 2921
3880 3012
1026 620
4357 3354
3567 3729
895 690
3590 2747
3742 3116
839 726
4797 3182
3920 3454
878 719
3304 2980
3218 3726
952 695
5174 2988
3947 3487
1070 648
3662 2894
3779 3249
830 772
4174 3749
4597 2952
1018 692
4546 2479
3605 3402
808 816
4177 3876
3129 4376
1096 664
3631 3011
4703 2781
1046 694
4441 3673
5115 2777
1023 706
3311 3364
3823 3486
1016 709
5252 3104
4748 3003
1000 721
4315 2740
4711 2792
996 727
4573 3603
3942 3736
1199 639
4260 2889
4107 3301
1051 717
4725 3631
4537 3423
1019 730
4149 2989
4148 3489
843 817
4491 3864
4345 3686
1065 720
5831 2523
4278 3537
799 916
6258 2942
4433 3739
888 815
4182 3520
4283 3926
1148 711
5337 3336
4660 3596
1047 748
4638 3113
5046 3461
959 791
4103 4394
4298 4103
992 776
4651 3155
5398 3287
931 832
4702 3880
5273 3531
1089 747
4264 3761
4403 4057
898 880
5284 3551
4704 4024
1012 805
4291 3869
4424 4105
1261 705
5078 3682
4500 4308
935 876
5323 3206
4676 3981
1141 762
4656 3978
5076 3931
1006 855
4536 3757
5287 3822
997 865
6104 3305
4699 4212
953 932
4448 3867
4938 4099
1131 806
4398 4411
5201 4041
978 912
4380 3962
5511 3853
1060 884
4552 4230
5427 3975
1172 798
4286 4133
4682 4366
1040 900
5633 3644
4427 5067
1257 769
4653 3879
4862 4208
946 1032
4661 4220
5188 4255
1241 786
6266 3080
4998 4223
1072 940
4439 4493
5152 4313
1073 945
4681 3883
4224 5391
1151 869
5717 3774
6708 3671
1121 903
4761 4075
5483 4125
1005 1037
6176 3664
4909 4679
1002 1043
5361 3759
5675 4144
969 1074
4928 4262
5282 4421
1161 897
5238 3960
4934 4689
1360 782
5159 4174
5486 4320
1066 1016
5175 4038
6192 3999
1138 951
5011 4306
5872 4169
1009 1059
4900 4245
5445 4434
1118 981
5199 4418
5730 4301
1207 892
5505 3947
4723 5148
1236 918
4786 4932
5227 4732
1202 990
4835 4304
5533 4685
1275 913
5952 4189
4876 5361
1174 1028
5095 4180
5975 4462
1270 942
5307 4609
5735 4632
1417 862
4986 4307
4735 5654
1220 1025
5691 4353
5811 4637
1139 1113
5974 3838
5036 5289
1402 894
5213 4805
4958 5506
1194 1064
5350 4130
5496 4865
967 1292
5874 4375
6095 4516
1453 890
5784 4129
6822 4102
1384 936
5376 4883
5422 5133
1294 1020
5270 4717
6055 4683
1305 1015
5012 5234
6066 4684
1153 1154
5625 4574
5485 5325
1468 930
5843 4615
5177 5733
1371 997
5916 4447
4904 5979
1222 1105
6232 4410
6342 4678
1277 1061
6369 4256
6248 4743
1298 1044
8400 3602
5870 5329
1601 868
6509 4228
6054 5065
1407 1002
6327 4444
6322 5102
1352 1030
5502 5101
7097 4407
1326 1058
4896 5843
6611 4876
1240 1134
7402 4006
6385 5021
1320 1083
6402 4530
6709 4829
1268 1117
5748 5122
6468 5013
1203 1177
5087 5875
7201 4490
1307 1111
5402 5525
6231 5350
1217 1187
4821 6190
6356 5244
1666 923
6021 4969
6783 4847
1551 1000
5498 5623
6798 4880
1297 1137
5794 5452
6084 5551
1489 1035
5247 6027
6280 5547
1374 1097
6540 4944
6830 5044
1245 1180
6230 5241
6907 5066
1115 1389
7789 4217
5770 6229
1603 992
6257 5320
6299 5790
1336 1128
6757 4813
7166 4943
1267 1166
6585 5127
6577 5968
1205 1249
6182 5475
6970 5443
1577 1053
7349 4753
6864 5678
1299 1192
6815 4921
6727 5693
1377 1156
7020 5076
6724 5909
1443 1122
6426 5487
6103 6487
1503 1101
7855 4595
7028 5634
1548 1087
7100 4834
7143 5578
1288 1232
5842 6366
6794 5911
1481 1120
6261 5662
6534 6175
1365 1215
8178 4620
6927 5899
1515 1140
6842 5168
8014 5003
1558 1119
6790 5580
7451 5503
1406 1213
6415 5688
6437 6389
1450 1179
6267 6237
6816 6064
1525 1149
7718 4764
7712 5427
1806 1023
6698 5910
7735 5505
1495 1178
6976 5405
7005 6034
1579 1147
8565 4769
7530 5651
1510 1205
7773 4878
7185 5924
1487 1225
6978 5797
7238 6192
1485 1228
6806 5625
8316 5230
1381 1315
7515 5555
7328 6350
1482 1235
7424 5196
8832 4963
1432 1282
6701 6316
7491 6271
1942 1021
7962 5190
6834 6424
1438 1348
7435 5931
8331 5873
1389 1409
6466 6522
7393 6169
1306 1525
7981 5767
7112 6637
1565 1264
6112 6995
7194 6310
1491 1355
7242 6267
6974 6902
1504 1333
7283 6166
6890 6788
1552 1304
8240 5828
8480 5936
1752 1174
6761 6765
7566 6257
1573 1310
7298 6445
7631 6491
1528 1363
7174 6532
7308 6473
1832 1157
7529 6332
8226 6223
1409 1487
7740 6215
7703 6347
1559 1366
7781 6197
7543 6648
1243 1748
6773 7098
7746 6368
1463 1482
7973 6338
7806 6556
1599 1353
7898 6202
6784 7307
1635 1349
7627 6558
7454 6932
1419 1566
7893 6330
8042 6384
1615 1379
8507 6145
9178 5759
1533 1464
7567 6687
9232 5622
1571 1432
7906 6586
7814 6719
1426 1591
8439 6273
8942 6038
1633 1396
7027 7513
8843 6121
1645 1391
8880 6092
9123 5878
1550 1479
7084 7561
7262 7287
1624 1415
8363 6484
7720 6949
1524 1537
8731 6335
8351 6604
1664 1405
8253 6658
8279 6606
1797 1290
7315 7615
7842 7123
1835 1268
8398 6595
7733 7276
1677 1425
7345 7762
7897 7210
1554 1561
8330 6713
9059 6364
1822 1301
8904 6590
8193 7039
2443 1069
8779 6486
8476 6840
1931 1227
8975 6633
8001 7232
1609 1511
9079 6545
9510 6701
1562 1577
8555 7084
8619 6854
1820 1342
9210 6495
7332 8015
1546 1592
9112 6598
7247 8158
1646 1508
7992 7703
8559 7045
1913 1259
8707 7202
8709 7159
1940 1246
8822 7015
7329 8287
1469 1714
8755 7173
8503 7506
1589 1614
8509 7375
8529 7449
1710 1506
9122 7005
8722 7547
1789 1443
9183 6775
8782 7503
1651 1620
8947 7364
9189 7026
1920 1365
8905 7248
8797 7587
1812 1474
8885 7439
9051 7350
1618 1681
9330 6748
9574 7431
1892 1426
9303 7130
9138 7218
1919 1411
8665 7591
9557 7477
2173 1276
8823 7868
8438 8112
2080 1331
9041 7254
8074 8346
1900 1458
9407 6974
9153 7360
1782 1565
8778 7674
8295 8178
1781 1574
9098 7576
8369 8292
1997 1390
8429 8007
9568 7607
1687 1666
8910 8085
8623 8148
1929 1456
8928 7743
9149 7558
1859 1538
9231 7652
8689 8192
2017 1421
8785 8008
9696 7566
2001 1428
9171 7871
8371 8861
1851 1576
8982 7806
9012 7798
1836 1587
8848 8363
9011 8370
1678 1722
9292 7422
9368 7437
1586 1842
9290 7944
9190 8138
2060 1449
9778 7748
9384 7744
1932 1517
9333 8033
9207 8249
2200 1372
9410 8197
9335 7942
1858 1612
9400 8466
8282 9117
1907 1560
9386 9090
9772 8176
2315 1309
9461 8970
9180 8325
1582 1910
8990 8682
1809 1672
9323 8169
2101 1462
9267 8320
2025 1510
9099 8621
2114 1465
8486 9124
1774 1781
9227 8763
1869 1682
9781 8592
2094 1542
9175 8838
1953 1634
9841 8576
2139 1545
9358 8620
1977 1637
9360 8813
1857 1758
9444 8584
2030 1631
9951 8832
2090 1596
9391 9121
2197 1529
9446 8848
2488 1385
9455 8828
1703 1980
9411 9133
2347 1478
2169 1593
1719 2001
2079 1652
1975 1703
1995 1698
1867 1815
2119 1648
2222 1600
1883 1819
2125 1692
2034 1766
2088 1736
2087 1739
2140 1726
1866 1972
2123 1759
1985 1858
1933 1931
2393 1632
2208 1751
1882 2042
2355 1677
2117 1817
2003 1927
2276 1744
2010 1943
2330 1705
2251 1769
2440 1659
2846 1475
2226 1795
2301 1754
2179 1832
2170 1854
2159 1864
2182 1853
2054 1961
2570 1640
1956 2061
2295 1794
2725 1584
2198 1878
2594 1646
2514 1700
2374 1806
2333 1837
2462 1763
2407 1796
2267 1914
2348 1871
2194 2006
1981 2209
2385 1861
2128 2071
2486 1811
2136 2103
2375 1930
2290 2002
1922 2364
2224 2062
2493 1856
2124 2169
2429 1913
2283 2059
2461 1926
2534 1882
2730 1772
1397 4152
2233 2170
2470 1966
2450 1983
2328 2101
2395 2053
2515 1969
2236 2264
2459 2066
2346 2206
4458 1420
2399 2192
2573 2049
2453 2233
2439 2257
2264 2452
2553 2179
2480 2255
2247 2495
3152 1826
2548 2201
3456 1745
2541 2284
2778 2110
2832 2095
2743 2156
2442 2437
2540 2361
2971 2032
2205 2741
2494 2432
2808 2166
3075 2010
2884 2129
3412 1880
2647 2329
2603 2372
3225 1971
2389 2589
2760 2265
2969 2126
2475 2527
2863 2199
2571 2443
2688 2368
2664 2407
2885 2227
3270 2026
2791 2320
3089 2147
2859 2304
3069 2176
2820 2346
2580 2564
3082 2188
2929 2288
2666 2505
2581 2596
3224 2159
3008 2278
3107 2240
3982 1937
2901 2412
3095 2305
3166 2275
3148 2308
2965 2409
3543 2134
3144 2330
2583 2819
3931 2015
2591 2807
3050 2413
2918 2506
3264 2317
3574 2193
3408 2295
4097 2023
3036 2490
3464 2281
3170 2431
2997 2546
3943 2144
3057 2536
2946 2618
2891 2678
3447 2345
3440 2366
3138 2521
3557 2326
3661 2297
4812 1894
3091 2610
3782 2285
3452 2421
4534 1998
3054 2650
3399 2466
3359 2522
3843 2362
3046 2803
3790 2410
3465 2548
2785 3178
3751 2457
3371 2677
3620 2533
3079 2941
4196 2337
2866 3199
3856 2496
3720 2574
3231 2878
3738 2570
3835 2530
3187 2943
4760 2168
3871 2565
3258 2963
3527 2776
3651 2711
3220 3044
3346 2949
3807 2657
3684 2736
4482 2369
3130 3181
3394 2964
3798 2701
3466 2905
3316 3034
3545 2868
3621 2833
3045 3346
3719 2796
3112 3304
3004 3426
3450 2971
4010 2645
3305 3107
3912 2704
3550 2936
3743 2822
3278 3192
3090 3428
3838 2824
2961 3623
4113 2680
3511 3069
3659 2993
3336 3280
3969 2826
3569 3092
3393 3252
3552 3135
3357 3324
3279 3417
4123 2762
3536 3165
3275 3456
4238 2737
3561 3207
3163 3636
4402 2700
3014 3846
4262 2823
3845 3081
3863 3075
3306 3582
3254 3643
3516 3372
3960 3021
4058 2966
4648 2607
5127 2447
5335 2395
3999 3027
4168 2919
3422 3524
3392 3566
3042 3938
3352 3627
3861 3179
5368 2416
4244 2918
3444 3576
4641 2688
4169 2995
4332 2903
3704 3382
4014 3123
3708 3384
3428 3649
3611 3483
4090 3132
3315 3818
4095 3143
4000 3226
3685 3510
3603 3561
3963 3284
4119 3167
3668 3548
3992 3292
3546 3675
3930 3361
4908 2682
3995 3330
4076 3274
3873 3494
4201 3297
4210 3307
4490 3063
4132 3400
3676 3775
3737 3732
4689 2962
4158 3431
3771 3780
4585 3097
3988 3646
4577 3158
4349 3392
4686 3096
6202 2557
3592 4039
4367 3446
3271 4435
4607 3216
4183 3617
5339 2843
4401 3463
5472 2820
4373 3503
3424 4322
4359 3536
4425 3473
4393 3512
5111 2976
4705 3202
4529 3373
3806 4000
4927 3088
4096 3805
4553 3406
5620 2825
4804 3201
4528 3442
4716 3276
3905 3990
4440 3546
3827 4065
4338 3683
4697 3340
4884 3198
5522 2927
4993 3164
4043 4003
4146 3912
4461 3662
4834 3360
4580 3619
4574 3626
4571 3658
4559 3676
4379 3832
4498 3741
4342 3902
4344 3900
4983 3367
4859 3462
4310 3940
4030 4170
4400 3866
4540 3751
4907 3496
5209 3365
4547 3824
3952 4368
4785 3650
4605 3815
4632 3798
5563 3272
5668 3222
5471 3342
4624 3854
5116 3535
5132 3528
5283 3464
4917 3647
4997 3601
4659 3839
5202 3526
4121 4384
4477 4049
4637 3927
4854 3748
4294 4299
4745 3888
5243 3604
5613 3453
4839 3843
5856 3350
4762 3920
4965 3795
5564 3540
4640 4068
5933 3408
6057 3369
6670 3090
4535 4219
4666 4095
5415 3677
4976 3896
4846 3985
5059 3893
4759 4074
4024 5048
4124 4906
5534 3692
4963 3971
4717 4161
5189 3885
4720 4183
5200 3891
5725 3669
7668 2887
4855 4098
6010 3563
5232 3921
5374 3851
5196 3941
4973 4051
5030 4028
5768 3694
5070 4023
4941 4083
5068 4042
5774 3718
5039 4067
5061 4092
5853 3754
4984 4175
5080 4165
5935 3772
4822 4359
5356 4034
4802 4408
5749 3882
5181 4138
5206 4126
5258 4101
5235 4120
4750 4492
5102 4221
6034 3786
6719 3480
4383 5108
4950 4324
5433 4080
7159 3302
5037 4318
5072 4315
4557 4912
6373 3701
5359 4163
5119 4349
4790 4663
5207 4287
5855 3987
5279 4274
4384 5375
5300 4289
4799 4747
5904 4027
4612 5059
5125 4469
5938 4022
5140 4496
5549 4240
5330 4424
5461 4346
5296 4457
5524 4336
5395 4423
5387 4430
5479 4432
5705 4293
5828 4235
5299 4572
4877 4975
5544 4402
5737 4292
6022 4162
5608 4369
6038 4172
5836 4275
5481 4506
5255 4694
5377 4626
6020 4225
5535 4527
4808 5291
4879 5146
6440 4073
5133 4952
5850 4395
5512 4661
5089 5038
5765 4472
6255 4205
5993 4354
5858 4452
5644 4608
5203 4989
5144 5063
6302 4214
5565 4702
5684 4650
7862 3634
5551 4821
6183 4383
6090 4478
5521 4949
5696 4800
6006 4600
5570 4929
6116 4520
6109 4531
5891 4709
6947 4062
6037 4644
5709 4897
6072 4623
6259 4488
6235 4501
6005 4690
6335 4467
6525 4358
5866 4845
5494 5306
6555 4438
5924 4918
5162 5659
6766 4317
6052 4855
4005 7825
5713 5163
5453 5453
6613 4463
5604 5304
5612 5349
5937 5061
6218 4830
5796 5218
5219 5773
6993 4279
5758 5302
6596 4570
6124 4982
6622 4567
5464 5626
5919 5195
6154 4985
6854 4429
6216 4965
6492 4738
6252 4953
8944 3712
6147 5057
6186 5051
6451 4838
6599 4699
5257 5943
5789 5446
5561 5641
6837 4533
5781 5516
6850 4562
6696 4766
6194 5239
6146 5283
7122 4481
8642 3963
5743 5739
6931 4659
5528 5959
8660 3967
5575 5922
6380 5175
6082 5480
5927 5631
5100 6428
9694 3808
7297 4480
6902 4749
7614 4343
7823 4285
6610 5072
5607 6016
6521 5182
7144 4638
6516 5211
6857 4879
6145 5589
6602 5219
6282 5528
6571 5259
6665 5162
6879 4946
6528 5342
6891 4950
5686 6109
7784 4427
5492 6373
7290 4750
7331 4724
6940 5028
6775 5191
6812 5147
7356 4751
7041 4983
6179 5829
7119 4926
6759 5271
7405 4745
6273 5800
7730 4654
5294 6798
7836 4616
6804 5358
6617 5571
8035 4535
7087 5121
7033 5208
6448 5799
6527 5723
6608 5640
7625 4807
6697 5604
5942 6293
6793 5501
6802 5498
6629 5670
6828 5476
6488 5847
7286 5112
7103 5332
6954 5461
5557 6808
7081 5374
7441 5094
6173 6261
6457 6040
6131 6315
7578 5047
7086 5416
6747 5753
6980 5530
6723 5803
7939 4882
6590 6004
6649 5948
7621 5130
6905 5683
7850 5001
5310 7423
7259 5408
7516 5245
6653 5993
8683 4634
6846 5844
6497 6201
6580 6134
7492 5339
6939 5769
6961 5830
6441 6355
6272 6500
7147 5679
8197 5020
7786 5266
6545 6302
6986 5874
6869 5973
9559 4645
7633 5409
7305 5645
7916 5251
8394 4994
6427 6506
7108 5865
6935 6026
8251 5125
6538 6452
7214 5861
6637 6392
7129 5937
8653 4973
6395 6636
7684 5595
7994 5402
7066 6047
7003 6140
5922 7365
7361 5887
7021 6176
7750 5686
7408 5928
7929 5598
6871 6357
8501 5263
5805 7672
8089 5543
7952 5628
7267 6079
8067 5564
9655 4894
7232 6137
7667 5900
6581 6866
7691 5920
8236 5601
7077 6446
8561 5521
8445 5609
7669 6106
6754 6890
6821 6800
8864 5435
6915 6760
7484 6298
7261 6459
8373 5763
7396 6381
8339 5846
8554 5718
7541 6349
8190 5966
6981 6809
7055 6717
9664 5365
7561 6353
7032 6811
8241 6001
9752 5282
9206 5344
7244 6645
7581 6437
7131 6795
7629 6429
7816 6318
7648 6453
7551 6501
8118 6195
7489 6564
7296 6763
7841 6382
9594 5676
7554 6572
8455 6103
7610 6582
7503 6680
8437 6142
7518 6679
6750 7601
7183 7032
8913 5905
7127 7128
8522 6168
7015 7319
7887 6537
8477 6236
8380 6275
8602 6174
7623 6785
8887 6007
7871 6602
7833 6644
7196 7253
8768 6155
8530 6289
9932 5457
9842 5614
7864 6696
7999 6608
7383 7165
7051 7532
7918 6703
6482 8424
7265 7298
7564 7012
8212 6565
7919 6837
7640 7091
8249 6629
7998 6832
9061 6129
7549 7214
8106 6842
7354 7553
8056 6922
8845 6427
8229 6878
8379 6759
8431 6724
8667 6566
9143 6219
7453 7581
8072 7035
8332 6839
8601 6632
7888 7234
8514 6733
7225 7869
8344 6892
9362 6036
8669 6661
7125 8065
8749 6626
7521 7656
9023 6438
8038 7198
7513 7684
8562 6810
8987 6482
7990 7280
8757 6688
9184 6343
7729 7594
8524 6938
7246 8104
7615 7711
8263 7154
8064 7342
8969 6580
8221 7226
8566 6955
9519 6774
8037 7406
8955 6621
7702 7721
7809 7675
9604 6654
9534 6852
8781 6895
8314 7300
9582 6729
6942 8760
9652 6618
8801 6948
8661 7072
9176 6543
7810 7817
8183 7574
7022 8810
8499 7346
8402 7429
9598 6911
7280 8557
8448 7417
8580 7367
8690 7278
8460 7473
7957 7976
8921 7110
8981 7051
9599 7083
8766 7326
8855 7246
9033 7043
8354 7713
8126 8006
8357 7821
9031 7160
9975 6435
7752 8452
8915 7381
8938 7405
8795 7550
9427 6533
9822 6894
9080 7257
8703 7746
8998 7501
8389 8111
9739 7194
9069 7444
7138 9169
8650 7969
9930 6880
9054 7590
9490 7993
8760 7998
8769 8011
9571 7807
8606 8185
8590 8297
9645 7753
9035 7820
8988 7904
9115 7733
8977 7931
8790 8252
9417 7152
8896 8150
9087 7864
8603 8469
8971 8142
8668 8509
9768 7723
9984 7117
9790 7727
9329 7636
8776 8542
9911 7524
9717 7970
9196 8083
8899 8553
9170 8314
9649 8528
9733 8332
9381 7943
9695 8456
9078 8633
9181 8480
9200 8573
9355 8241
9068 8802
9903 8206
8920 8995
9660 8837
9103 8840
9706 8792
9802 8674
9620 9029
9898 8636
9405 8556
9969 8389
9988 8316
9445 8257
8600 9212
9617 9166
9354 9008
9460 7948
9456 8729
579740000 1147732554
1
sift 225
44 34
40 21
215 153
439 312
563 451
82 48
183 108
78 54
398 145
1080 654
817 518
113 51
348 148
133 89
327 237
1545 1110
1634 1152
180 77
266 185
166 100
552 345
2008 1524
1716 1166
196 113
318 177
210 147
654 375
4492 1848
1786 1552
376 137
269 224
282 196
1194 888
4796 3660
2980 2435
401 157
422 243
403 166
1288 904
4933 4884
4702 3433
396 212
374 278
382 269
1582 876
4439 4306
420 239
367 327
369 323
2087 1176
8555 4501
458 267
372 351
726 412
3224 930
488 276
460 302
863 432
1687 2161
446 314
505 311
716 526
2845 1430
431 354
497 334
900 570
3359 1979
623 358
596 369
1164 608
2965 2232
608 389
968 475
901 746
4949 2180
807 550
896 549
1280 842
5102 2299
917 667
1024 621
1462 840
4707 3056
1084 626
919 730
1614 891
7122 2740
1178 692
1993 711
1676 1036
7857 3564
1518 832
1346 1003
1526 1132
8801 3848
1301 1078
1620 961
1967 1434
7408 4348
1743 1071
1760 1081
2380 1267
7081 4819
1700 1134
1616 1223
2522 1260
7551 4599
1986 1189
1729 1391
2788 1568
4616 7965
2174 1375
2411 1497
3038 1494
9694 4939
2367 1569
2484 1586
2894 1574
9068 5228
2759 1536
3467 1404
2769 1688
8987 5286
2624 1712
2780 2190
2383 1998
7554 6310
4297 1402
2742 2216
2848 1894
9186 6001
3449 1904
3085 2047
3780 1920
2880 2219
2945 2200
3443 2248
3590 1926
3667 1921
3606 2345
3395 2052
3108 2383
5201 1991
4638 1963
4021 2436
3823 2601
3662 2679
4260 2737
4998 2344
5323 2509
5974 2528
5730 2455
4441 2868
4653 3068
4938 2703
6066 2566
4928 2902
4862 2957
5811 2860
4286 3699
5985 2861
5341 3148
5691 3406
6055 2911
5735 3276
5011 3798
6342 3047
5975 3341
6806 3180
5228 3735
6495 3339
6415 4092
6356 3460
4934 4152
6230 4409
6280 3629
7897 3113
6112 4648
6864 3591
5852 4213
6982 4305
5188 5000
6231 4328
7283 4289
6546 4167
8728 3599
7515 4403
7814 3893
7617 3956
9292 3803
8226 4091
7451 4576
6842 5060
6103 5756
6976 4944
7898 4475
7543 4681
6816 5225
7593 4928
6784 5514
7905 4838
8429 4673
8619 4616
8476 4727
7567 5448
7393 5594
8351 5181
8439 5151
9051 4775
7000 5985
8363 5336
7978 5467
9041 4969
8253 5574
9138 5097
8505 5529
7889 6231
9444 5093
8778 5954
8905 6484
9391 5705
8665 6721
8779 7423
9448 6080
9450 6904
579740000 1242253086
1
sift 606
266 446
100 129
3 6
129 176
103 138
10 11
372 520
251 345
17 17
145 186
130 226
25 26
431 628
235 371
26 88
155 286
156 265
53 48
1084 1755
382 559
66 52
141 324
148 280
62 61
1743 3724
376 606
81 77
175 283
187 356
119 100
2438 3972
445 571
146 135
227 513
189 378
136 171
2483 4263
520 739
161 146
300 508
232 361
120 211
2367 4901
509 883
140 288
253 610
198 468
230 267
2412 4763
892 972
299 241
283 613
288 436
199 413
3120 3824
855 1023
256 337
352 519
346 400
277 372
3085 4853
1842 2103
257 404
408 742
309 489
321 347
3396 5095
1777 2311
280 422
452 731
305 497
286 418
3631 6067
2021 2003
294 406
540 738
278 536
400 302
4291 5141
1787 2469
330 408
523 1264
443 493
292 504
4761 4872
2383 2545
313 477
647 1449
416 604
399 377
4651 8066
2404 2944
272 598
673 1403
481 597
326 514
4900 8345
2306 3370
418 396
693 1627
474 702
344 527
5238 8484
2952 3263
358 587
843 1437
517 981
423 580
6021 8911
3437 4084
407 612
804 1618
622 803
433 616
3586 4520
490 594
785 1869
665 894
528 544
3605 4960
471 726
1139 1725
533 1249
435 793
4424 4518
566 584
1203 1598
742 1001
524 732
4306 5765
552 748
1202 1748
801 1057
708 644
4224 6082
567 778
1143 2181
824 1103
576 777
5036 5487
521 859
1321 1878
880 1226
605 760
4683 6385
618 753
1582 1663
1006 1239
667 704
5485 5672
502 994
1506 2299
1005 1253
555 831
4862 7779
590 863
1419 2649
940 1427
638 809
6385 8176
691 815
1335 3133
1118 1299
560 1040
8812 6603
660 852
1623 2720
997 1491
699 851
6577 8688
601 1041
1748 2600
878 1802
642 1078
7897 8906
689 977
1624 3114
1070 1495
651 1155
7814 9370
678 1105
2206 2212
1051 1714
607 1301
9771 9336
764 950
1820 3462
1193 1553
809 880
839 959
1919 3378
1142 1695
705 1281
1066 823
2103 4009
1199 1861
908 919
709 1406
2117 4148
1553 1631
910 1089
941 1053
2517 4016
1275 2007
840 1191
816 1238
3275 3855
1371 2034
1026 1038
895 1210
3425 3873
1495 1927
1013 1252
1318 983
3805 3643
1430 2054
1099 1242
982 1555
3054 4711
1645 1805
1485 1091
1138 1411
3045 4957
1731 2406
1069 1538
1245 1292
3303 4817
1435 3449
929 1945
1151 1533
3700 4597
1709 2891
1222 1421
1023 1785
3096 6261
1845 2744
1294 1342
1387 1321
3353 5820
2279 2243
1163 1673
1087 1833
3661 5471
2166 2444
1268 1490
1145 1770
2992 7080
1975 2666
1249 1604
1450 1389
4005 5272
1806 3284
1055 2064
1343 1532
3957 5363
2119 2670
1434 1530
1171 1932
3773 6516
1849 3586
1298 1706
1489 1511
3165 7817
1974 3192
1494 1633
1375 2028
3744 6751
1955 3366
1469 2066
1956 1539
4532 5972
2309 2993
1685 1883
1577 2060
5220 5354
1942 3914
1482 2199
1384 2386
4633 6357
3080 2495
1558 2102
1292 2676
4612 6551
2808 2915
1267 2782
1609 2120
5290 5713
2501 3818
1565 2274
1733 2093
5060 5984
3259 2898
1579 2407
1782 2134
4750 6591
2936 3641
2205 1933
1929 2171
4790 6939
2965 3993
1742 2516
1835 2471
5980 5851
2997 4194
1860 2455
2025 2322
5364 7105
2558 5159
2122 2257
2233 2184
4827 8379
2778 4924
2583 1942
2139 2345
5994 7872
3264 4237
1797 2871
2247 2302
7817 6321
3235 4298
1932 2695
2185 2423
8385 7172
3027 4549
2372 2266
2070 2592
6871 9338
3655 4299
1789 3194
2156 2561
8342 8153
4190 3962
2140 2589
2569 2298
8577 9232
3345 5062
1752 3672
1831 3642
3465 5271
2087 3029
2118 3037
3359 5637
2571 2508
2236 3058
3042 6637
2080 3406
2389 2886
3704 5532
2068 3603
2210 3590
4342 4841
2121 3874
2360 3324
3927 5556
1997 4264
2385 3382
3843 5749
2161 4095
2664 3041
3912 5756
3105 2696
2801 3274
3263 9081
2891 3245
2744 3510
4772 6060
2845 3464
3539 2791
5182 5780
2863 3508
2646 4025
5200 5764
3078 3290
3046 3340
4196 7812
3166 3214
2262 5064
4878 6472
2659 4125
3577 2974
5109 6366
2455 4689
2732 4223
5557 5957
2679 4506
3133 3705
6399 5343
3194 3652
3268 3648
5512 6694
2827 4401
3228 3927
5781 6953
3466 3719
2972 4386
5481 7364
3450 3819
3294 4258
4927 8206
3347 4234
3708 3870
5089 8016
3075 4681
4095 3627
6260 7197
2603 6197
3144 4673
5535 8095
3803 4047
3553 4528
5521 8315
3346 4733
3423 4655
7056 6758
3469 4686
3415 4803
6116 7795
3139 5379
3592 4715
5245 9993
3057 5769
3771 4646
5544 9967
3713 4825
3314 5568
6393 8076
4076 4586
3696 5068
5828 8977
3671 5118
3666 5136
6235 9049
3576 5309
3651 5194
6911 8259
3224 6145
4268 4605
7253 8042
4122 4739
4000 4887
6610 8938
3719 5358
3992 4919
7081 9217
3372 6132
3618 5615
7353 8991
4400 4576
4323 4695
7296 9147
3543 5882
4269 4827
9327 7607
3845 5582
3195 7039
7923 9522
3900 5577
3684 6264
8889 9364
3278 7137
4763 4580
4157 5527
4296 5339
4596 4865
4238 5555
4120 6020
4349 5708
4382 5648
4240 6089
4605 5329
5037 4797
4169 6299
6380 4122
5218 4749
4883 5183
5059 5009
4399 6190
3948 7114
4314 6501
4762 5654
4499 6326
4607 6092
4826 5744
4941 5585
4689 6050
4440 6676
4529 6556
4277 7142
5061 5859
4583 6769
4775 6397
4914 6176
4854 6323
5256 5810
4984 6168
5194 5980
4657 6906
5231 6090
5461 5892
4585 7132
4663 7082
5206 6341
4997 6642
3857 9096
5119 6588
4718 7123
4475 7847
5415 6469
5030 6887
5068 6884
4561 7792
4917 7185
4866 7244
6155 5887
6130 6061
5235 7045
4923 7456
4830 7640
4802 7758
7159 5166
5120 7333
5356 7109
7171 5227
5203 7306
6037 6527
5550 6979
4884 7851
5039 7679
5684 6985
5178 7546
5763 6998
5404 7401
5140 7774
5387 7454
5480 7442
4452 9398
5778 7250
4913 8506
5737 7663
5898 7537
6409 7147
6497 7084
5850 7969
6743 6951
6252 7486
6012 7953
6052 7899
5904 8197
5933 8183
6571 7420
5640 9857
6045 8234
6965 7150
6006 8466
7007 7219
6666 7671
5584 9173
6752 7684
6005 8796
6723 7786
5861 9954
6605 8032
6935 7592
6090 8943
8590 6495
6844 7876
5924 9218
7259 7761
8601 6857
6686 8716
6602 8844
6651 9884
6793 8651
7561 7713
7434 7845
7106 8251
7826 7580
6604 9039
8273 7335
6961 8721
7633 7986
6967 8857
7120 8919
6905 9335
7509 8905
9278 7234
7695 8908
7032 9585
8344 8613
8524 8492
7155 9616
7998 9170
8448 8841
8815 8588
7669 9499
8899 8529
8373 9224
9230 8390
9764 8430
8824 9123
8455 9425
8241 9565
8898 9302
8643 9625
9080 9436
9369 9409
579740000 1418904103
1
sift 81
229 139
40 33
211 97
166 111
269 170
210 156
398 147
217 177
367 239
392 178
1822 658
401 185
505 186
420 210
1609 887
460 208
623 256
900 494
2030 1053
563 360
817 388
1164 447
5102 2025
1024 406
917 473
956 753
2289 5783
1462 638
1620 675
1968 1075
1634 822
1700 802
2380 1031
1616 943
2225 881
1771 1616
2174 1034
2411 1005
2788 1466
3467 885
3590 1374
3177 1497
4492 1218
3108 1721
3299 1841
2980 2065
4021 1753
4998 2080
4260 2022
5323 1803
4699 2432
4536 2098
5011 2089
4938 2372
6562 2122
7567 3473
6054 2330
6231 2681
7593 3484
6280 3091
5852 3519
8785 3223
5870 3722
8226 3075
7515 3725
7393 3594
8688 3236
8439 3740
7814 3536
6816 4364
8363 4338
8476 3809
6784 4704
8429 4390
8619 3951
8351 4339
8555 4859
7978 5143
8443 5155
9449 4421
9444 4603
579740000 1778338741
1
sift 639
44 33
39 24
11 6
228 215
196 114
23 15
82 44
72 32
53 19
362 305
217 211
62 27
266 208
78 42
103 88
422 267
390 244
113 62
318 206
117 89
144 86
439 357
488 313
146 91
269 234
133 95
141 96
375 423
623 415
180 92
348 203
157 110
155 113
553 435
563 479
166 111
301 289
235 139
145 127
595 442
663 501
211 109
356 264
296 130
175 129
639 542
768 469
198 115
374 293
282 198
189 148
807 597
575 577
224 125
367 323
396 239
215 159
896 652
811 486
277 142
372 352
382 288
262 155
794 795
817 586
283 176
460 325
369 299
398 170
991 676
980 530
309 238
446 368
392 280
346 216
1339 590
968 555
412 183
431 379
458 320
316 248
1183 681
900 624
327 257
505 337
641 346
336 251
1079 740
1164 759
380 269
497 380
520 443
490 276
1057 778
1168 801
524 327
581 358
747 468
529 333
1694 899
1049 905
648 318
608 440
726 498
515 445
1545 1122
1008 962
552 419
649 446
863 467
696 367
1634 1300
1116 954
703 409
865 629
716 568
640 482
1903 1539
1716 1096
1027 359
749 815
882 760
765 484
2650 1199
1527 1431
813 550
917 684
868 788
669 663
2008 1522
1786 1406
1000 502
1178 638
901 833
806 589
1890 2737
1966 1344
964 535
1084 727
939 874
1030 554
2164 2476
1968 1498
785 737
919 982
956 866
795 827
2509 2138
2095 1451
931 811
1611 851
1188 855
959 820
3237 1833
1986 1550
1121 813
1346 987
1560 715
1012 881
2921 3136
2457 1321
1006 921
1328 1024
1280 818
1482 704
4021 2877
2522 1507
1294 754
1518 1002
1157 1000
1009 955
5174 2453
2980 2468
1268 773
1301 1153
1383 873
1118 909
4357 2770
3108 2644
1320 772
1266 1279
1442 869
1139 910
4305 2857
3707 2906
1194 1001
1619 1161
1414 898
1489 844
3907 3465
4263 2733
1288 945
1488 1283
1462 999
1335 949
4371 3108
4441 3183
1789 787
1743 1159
1614 1098
1582 911
4443 3234
5498 3422
1463 983
1993 1048
1526 1164
1601 937
4491 3345
4702 3910
1406 1090
1700 1251
1799 1187
1822 963
4254 3637
4934 4145
1297 1286
1312 1632
1739 1616
2001 933
4552 4570
5975 3651
1306 1446
1760 1254
2587 1245
2347 927
5806 4130
4439 4743
1571 1263
1616 1366
2566 1301
1552 1296
5502 4395
5228 4266
2030 1050
1891 1186
2380 1415
1524 1423
5538 4397
4676 5274
1559 1429
2321 1290
1842 2108
2139 1104
5691 4386
5156 5024
2140 1228
2126 1583
3678 1369
1866 1384
6232 4160
5188 4999
1562 1656
2174 1594
2788 1712
1836 1486
5706 4527
5852 4624
2173 1276
2554 1519
2499 1952
1892 1467
4786 5436
5012 6121
2364 1253
2225 1723
2404 2097
2570 1223
7121 3875
4971 6439
2226 1367
2411 1679
2384 2251
2295 1346
4933 5305
6611 5037
2087 1459
2367 1789
3038 1814
1985 1542
5673 4708
6927 5302
2182 1461
2484 1778
2794 1991
2470 1354
7515 4911
7295 5175
1869 1735
2706 1796
2383 2421
1687 2062
6698 6233
6816 5592
2170 1654
2624 2020
3839 1725
2603 1465
6983 6094
9178 4433
2236 1657
2759 2034
2655 2360
2331 1602
8411 5741
8226 5009
1956 1836
2467 2321
2837 2280
1907 1925
9079 5668
8042 5692
2525 1530
3467 1794
3449 2139
2194 1704
8555 6030
8351 6042
2462 1560
2780 2305
2908 2653
3224 1322
8946 5883
9391 6280
2548 1621
2944 2375
3122 2533
2283 1773
8299 6569
8885 7733
2233 1859
3182 2289
3586 2339
2136 1971
7435 7328
8990 7829
2743 1619
3395 2240
3880 2245
2399 1935
7780 7272
9175 8523
3790 1475
3085 2452
4297 2089
2885 1737
8707 7314
9461 8094
2901 1732
3667 2184
4353 2106
2541 2026
8880 7459
2984 1738
3590 2349
3443 2508
3144 1766
9330 7145
3264 1729
3190 2753
3351 2736
2845 1958
9416 7076
3238 1930
3662 2917
3605 2668
3107 2081
9332 7803
4196 1754
3631 3151
2952 3147
2992 2260
5368 1571
4315 2835
3362 2924
4561 1709
2965 2378
4220 2958
3779 2784
2997 2438
2679 2707
4260 3047
5046 2355
3359 2272
4169 2008
3725 3560
4703 2561
3465 2303
4648 1962
4652 3027
4148 2834
3093 2894
3305 2943
4170 3679
4597 2695
3422 2874
2860 3521
3311 4485
5398 2513
4076 2605
3393 3012
4725 3251
3324 3909
3042 3349
3771 2780
4573 3411
5201 2697
3621 2961
3166 3430
5323 2976
4298 3236
4425 2671
3838 3134
4286 4040
4108 3440
5620 2526
4827 2900
4653 3861
4683 3015
5550 2694
4909 2883
4928 3785
4699 3154
4749 3098
5258 2881
5974 3328
5536 2827
5102 2945
4500 3492
5361 3665
4938 3149
4342 3781
4704 3323
4448 4331
6822 2690
3424 4723
6235 2816
5341 3800
5730 3056
5257 3232
5528 3143
4681 4188
5426 3312
4707 3638
4805 3594
5784 3741
5390 3368
5644 3191
6252 2989
5011 4430
5211 3486
4717 3743
5737 3200
5238 4767
4283 4239
5029 3719
4862 3726
6182 4325
5533 3609
6037 3321
5746 3485
5916 4710
6248 3316
4535 4200
6005 3387
6806 4385
6192 3391
5853 3473
5364 3730
7170 4230
5985 3557
6022 3436
5181 3844
6230 4924
5287 3912
6696 3228
6066 3549
6261 5189
5735 3735
3806 5634
6055 3616
6415 5183
6342 3496
5790 3876
6905 3343
7283 4609
4682 4749
8394 2957
4894 4462
6842 4951
6557 3832
5668 4044
7122 3442
6112 5646
6709 3843
5836 4057
6255 3921
6976 5371
6054 4218
8179 3160
6082 4025
7593 5118
8316 3388
6723 3773
5781 4208
7242 5573
7028 3930
7489 3468
6602 3894
7264 6114
6385 4447
6154 4172
6804 3885
7898 5793
5915 5128
5232 4772
6116 4414
6466 7289
6280 4857
5395 5033
6902 4170
7529 6243
6864 4422
4615 6184
7888 3872
7567 6321
7425 4189
6986 4216
4791 6102
8398 5911
6577 4795
7159 4238
6812 4450
8439 5981
7332 4309
6020 5113
7195 4267
7973 6461
6231 5192
7684 4139
7259 4329
6757 7865
6103 5471
5936 5387
7102 4596
8363 6349
6907 4764
8041 4210
6831 4918
8253 6490
7451 4657
6146 5545
7208 4810
7889 6741
7530 4668
7939 4484
7998 4561
7612 7000
7617 4957
7623 4997
6970 5389
9041 6032
6322 5976
6606 5812
6299 6075
9659 6101
8479 4630
8887 4479
7814 5008
7992 6973
6562 6012
6714 5896
7730 5211
8905 6324
6990 5874
7081 5653
8212 5025
7423 7538
6784 6167
6448 6283
7786 5303
8731 6550
7543 5678
8801 4790
8757 4867
8429 6795
8476 5291
9191 4697
6081 7242
8778 6840
8503 5415
9717 4929
8925 5186
8968 6661
9189 5212
8694 5526
8619 5663
8665 7547
7978 6136
7007 6861
7640 6477
8779 7447
9051 5802
7554 6677
7551 6731
8482 7780
8193 6549
7682 6728
7806 6845
8509 7883
8728 6289
7196 7425
8566 6400
8330 8075
8782 6312
8654 6434
9362 5851
9292 7722
9138 6087
9023 6183
9068 6191
9325 8419
9444 5619
9822 5987
7408 7642
7393 8209
8987 6396
9617 6392
9153 7097
9186 6525
8072 7876
8515 7926
9739 6855
8314 8241
8843 7832
9802 7674
9781 7593
9448 6998
9195 7895
9395 7818
579740000 2009681629
1
sift 1818
38 57
39 29
3 6
23 26
44 59
17 10
112 211
78 75
16 19
83 114
100 116
22 20
208 270
133 132
34 25
141 216
130 162
35 23
214 291
113 201
33 31
175 238
148 187
28 38
240 395
152 184
53 40
181 295
187 272
41 63
269 360
235 278
66 49
227 406
251 302
62 53
266 371
231 325
71 46
253 418
282 343
58 87
337 367
310 254
81 70
300 405
317 407
73 86
318 432
296 356
74 107
283 425
346 379
80 118
377 362
369 345
99 88
306 481
365 351
123 73
373 396
333 431
97 110
258 567
327 438
96 137
372 455
376 442
119 102
352 459
338 517
103 131
348 514
396 434
116 141
380 457
374 469
146 121
366 490
382 470
120 175
432 420
443 427
147 167
356 618
389 494
140 182
351 621
445 472
164 166
446 562
401 581
168 168
408 542
388 585
156 198
460 559
520 557
145 230
501 510
472 491
191 229
497 682
538 574
189 261
474 588
481 518
236 207
505 688
509 690
211 240
624 563
448 582
230 232
593 807
682 608
248 222
540 711
515 534
270 217
581 874
772 552
198 310
513 799
492 589
256 249
629 855
589 760
299 223
694 960
547 812
265 244
749 775
716 685
268 248
692 1014
621 749
277 277
865 1139
656 861
257 326
722 979
640 804
294 309
917 1239
819 834
280 327
804 1053
664 823
286 324
1084 1561
855 929
302 318
795 1100
765 1018
292 328
1092 1562
892 891
254 372
785 1259
801 992
288 335
1351 1613
805 1077
225 435
915 1135
882 1043
313 336
1346 1687
797 1191
278 391
843 1216
956 1023
305 382
1338 1749
901 1198
309 394
1005 1151
1006 1116
400 292
1301 1873
1021 1088
326 378
1073 1183
878 1244
272 446
1312 1931
1014 1172
358 350
1144 1162
856 1287
291 463
1488 1814
1112 1110
312 449
978 1538
1118 1223
341 428
1328 2068
1052 1293
263 575
1139 1580
1208 1215
414 352
1518 2058
1085 1383
398 411
1129 1655
1257 1177
433 380
1535 2207
1239 1407
324 544
1202 1523
992 1566
397 433
1760 1962
1279 1578
353 508
1335 1492
1236 1258
484 361
1611 2179
1349 1622
423 437
1297 1770
1015 1650
442 424
1616 2198
1304 1696
386 521
1582 1479
1193 1439
404 498
1605 2251
1280 1831
395 524
1561 1510
1174 1557
371 568
1564 2372
1427 1653
477 458
1363 1828
1287 1361
436 511
1619 2302
1442 1652
469 477
1322 2006
1199 1550
463 492
1669 2291
1398 1702
566 404
1687 1596
1470 1624
363 674
1700 2322
1414 1736
402 594
1506 1915
1541 1549
490 483
1874 2092
1594 1581
407 584
1437 2067
1342 1793
467 522
1729 2420
1614 1639
470 525
1252 2567
1554 1604
406 640
1912 2127
1490 1823
435 604
1389 2666
1251 2059
459 571
1776 2460
1679 1637
496 540
1748 2057
1371 1894
412 696
1743 2697
1364 2016
511 538
1624 2290
1352 2083
552 509
1891 2455
1325 2143
479 598
1689 2665
1612 1806
527 539
1895 2689
1606 1795
452 665
1769 2565
1417 2044
510 572
2321 2206
1777 1676
606 519
1820 2532
1866 1838
619 505
2015 2678
1380 2128
537 565
1907 2352
1664 2065
495 653
2126 2770
1575 1905
524 593
1919 2503
1731 1994
645 513
2162 2753
1754 1744
521 623
1940 2536
1608 2221
502 680
2177 2914
1749 1980
597 558
2101 2468
1739 2049
601 556
2260 2812
1842 1983
556 615
1892 3363
1787 2107
576 602
2228 2859
1799 2355
555 620
2297 2904
1709 2272
425 930
1928 3577
1830 2371
517 723
2103 3291
1601 2702
590 633
2467 2681
2064 2153
486 828
2117 3340
1707 2553
605 645
2225 3357
1936 2295
628 628
2303 3086
1933 2134
565 699
1993 3905
2171 2180
523 779
2173 3388
2170 2001
592 709
2241 3515
2186 2199
616 681
2438 3128
2410 2062
712 617
2411 3254
2115 2467
708 619
2429 3239
2166 2395
533 816
2367 3832
2320 2242
674 658
2517 3441
2169 2412
627 722
2483 3738
2394 2289
660 686
2694 3569
1771 3375
691 679
2927 3295
2383 2392
699 718
2316 4402
2306 2535
689 728
2880 3427
2404 2506
673 739
3014 3072
1823 3503
729 683
2693 3944
2059 3059
662 774
2542 3934
2065 3122
667 773
2799 3792
2895 2188
665 778
2618 3960
2655 2452
610 858
2740 4018
2749 2356
519 1055
3107 3395
2197 3042
651 824
3120 3483
3129 2108
737 727
3193 3434
2837 2347
672 789
2780 4399
2435 2837
684 787
3425 3343
2309 2917
583 985
2759 4481
2579 2776
707 798
3275 3489
2401 3175
512 1175
3182 3959
2535 2846
678 831
3171 3812
2375 3404
696 840
2886 4429
2216 4003
642 933
3700 3310
3080 2780
735 818
3436 3818
2365 3801
607 1033
3240 3858
2596 3413
704 883
3085 4385
2852 3033
764 786
3130 4059
3134 2933
675 947
4133 3414
2952 3124
742 866
3169 4101
2923 3168
703 967
3311 4335
2896 3231
709 981
3352 4019
2499 4102
631 1128
3725 3996
3098 3083
731 948
3391 4193
2770 3601
806 872
3190 4792
2794 3535
839 835
3096 4527
2566 4106
824 856
3395 4642
2848 3624
906 788
3336 4317
2609 4233
813 886
3534 4577
3318 3263
676 1209
3962 3661
2965 3676
908 865
3662 4542
2889 3995
774 1059
3661 4153
3315 3306
845 951
3929 4336
3150 3830
609 1671
3045 4928
3235 3426
898 978
3747 4510
3389 3633
880 1017
3399 4613
2929 4037
985 899
3518 4845
3283 3854
1066 875
3806 4415
2876 4207
1138 841
3631 4702
3261 4154
895 1034
3523 4808
3187 3709
941 1007
4170 4245
3437 3956
959 994
3102 5844
3258 3682
891 1068
3509 5197
3586 4196
816 1174
3515 5018
3526 3493
730 1401
3735 5341
3678 4156
953 1042
3957 4912
3091 4247
1132 914
4020 4986
3799 4098
1046 990
3856 5536
2570 5693
1071 976
4654 4625
3823 4072
1060 995
4058 5358
3792 3876
888 1169
3590 6669
3742 4292
1000 1064
4691 4528
3359 4366
1162 931
4761 4757
3605 4454
975 1090
3960 5586
3838 4121
960 1121
4291 5659
3362 4906
879 1202
3569 6320
3654 4618
777 1429
4182 5939
3649 4541
1061 1073
4253 5489
3927 4414
921 1195
4264 5877
3567 4975
1053 1091
4052 6046
3042 5845
873 1254
4303 5799
3519 5270
1089 1071
3941 6381
3796 4629
936 1206
4536 5568
3932 4735
1243 942
4325 5909
4022 4447
1023 1157
6669 4109
4284 4391
940 1235
4004 6468
3263 5562
1166 1040
4638 5686
4345 4392
1051 1167
3959 6622
3704 5006
1153 1069
4320 6544
4683 4175
1002 1197
4612 5487
3743 5096
1189 1036
4286 6688
3832 5141
1022 1218
4587 5642
3843 5010
982 1277
4149 7276
4224 4695
997 1292
5219 5042
5263 3883
1070 1250
4573 6486
3779 5566
1221 1118
4633 5874
4309 4846
929 1461
4651 6419
3822 5518
1100 1228
4167 7055
3558 6075
1423 1006
4316 7286
4427 4788
1172 1214
4653 6720
4196 5041
1094 1296
4886 6349
3324 6705
962 1526
5270 5946
4500 4731
1142 1263
4220 7796
4279 5073
1087 1335
4790 6729
4696 4533
1222 1212
5093 6537
4904 4452
1151 1282
5290 6199
3456 6854
1065 1418
6511 5262
4297 5274
1026 1467
4679 7009
4424 5145
1485 1056
5238 6522
4437 5198
1055 1457
5367 6378
3997 5899
1245 1220
4985 7008
4298 5436
1215 1265
5697 6255
3892 6238
1074 1527
5341 6690
4699 4942
1030 1592
4945 7084
4862 5269
1145 1424
5361 6687
4597 5679
976 1723
5095 7029
4372 6191
1161 1403
5248 6900
4938 5317
1307 1232
7083 5128
5036 5275
1171 1388
4875 7373
4602 6013
1381 1196
5326 6938
4620 5989
1386 1201
4681 8087
5493 5026
1249 1301
4531 8574
5485 5166
1275 1300
5175 7285
6495 4416
1242 1344
4668 8205
5287 5528
1341 1260
6021 6500
4711 5966
1306 1299
5510 7092
5670 5215
1268 1336
5909 6654
5940 4865
1277 1329
5784 6849
4787 6535
1207 1490
5974 6626
4863 5959
1507 1217
5011 7938
5486 5723
1211 1512
5251 7361
5152 5680
1143 1677
6110 6821
5426 5885
1265 1460
6230 6746
5046 6170
1269 1464
4648 9075
5521 5814
1274 1462
5793 7187
4998 6322
1191 1656
6081 6983
5555 5739
1450 1306
5323 8085
6158 5249
1270 1516
5994 7160
4927 6487
1537 1256
6806 6615
5282 6099
1234 1618
5659 7723
5283 6141
1253 1583
8429 5392
7204 4743
1434 1364
6179 7322
4717 7236
1267 1571
5350 8638
5327 6521
1343 1481
6014 7666
5211 6686
1205 1713
5540 8435
5554 6319
1336 1509
6106 7560
4834 7238
1377 1469
5916 8050
6562 5440
1298 1594
5853 8341
6246 5788
1382 1501
5176 9469
6066 6163
1489 1397
6423 8333
6264 5967
1542 1345
5874 8733
4876 7481
1326 1616
6871 7755
5532 6734
1562 1356
5633 9356
6231 6134
1469 1468
6705 8056
4880 7521
1119 2035
5831 9228
6347 6335
1476 1472
5876 9858
6152 6360
1598 1347
5676 9380
6892 6004
1550 1447
6606 8212
4687 8318
1430 1633
6425 8549
6299 6732
1531 1515
6375 8691
5144 7471
1411 1661
5881 9427
6468 6704
1487 1573
7272 7459
6282 6368
1524 1556
6414 8839
6054 7208
1549 1545
5965 9417
5258 7917
1471 1644
6261 9125
6689 6680
1509 1641
9053 6296
5781 7255
1438 1729
7298 7664
6783 6689
1459 1716
6370 9355
5232 8022
1574 1575
6842 9045
6385 7102
1592 1555
6486 9853
6317 7249
1482 1694
7404 8287
6280 7393
1384 1816
6279 9510
5527 8484
1460 1745
7529 8221
6248 7568
1447 1764
7314 8153
6440 7263
1419 1797
7893 8615
6328 7453
1495 1717
8072 7512
6235 7710
1655 1547
7612 9169
6953 6872
1305 1939
6902 9230
6798 7098
1271 1993
7974 8895
6724 7332
1577 1643
7187 8940
6952 6955
1599 1672
7773 9215
6533 7581
1525 1771
7554 8966
6503 7804
1552 1753
7992 9236
6322 8161
1515 1800
7408 9196
6594 7651
1573 1746
8398 9164
6864 7785
1685 1681
7730 8917
7862 6819
1475 1932
8731 9367
6640 8165
1721 1684
7777 9323
6589 8195
1618 1791
8816 9353
7028 7616
1559 1865
8577 9162
7329 7355
1719 1699
9955 9163
6627 8408
1565 1881
8846 8907
6457 8645
1528 1910
5911 9471
1956 1489
6801 8584
1609 1850
6907 8406
1642 1825
7081 8183
1491 1985
7451 7984
1635 1877
7396 7819
1838 1685
7639 7935
1264 2531
6911 8538
1733 1787
7278 8371
1481 2094
6714 9089
1745 1790
6831 9039
1782 1758
9490 7066
2120 1477
7814 8007
1533 2043
6980 8847
1763 1813
8925 7159
1883 1697
7497 8314
1283 2599
7544 8554
1735 1887
7253 8802
1677 1953
7365 8890
2123 1614
9539 7439
1788 1947
6784 9533
1790 1974
8812 7543
1829 1945
7332 9048
2122 1708
8493 8184
2082 1747
7897 8516
1855 1920
7530 9340
2093 1765
9153 7906
1789 2032
9694 7652
1637 2312
8193 9151
1292 3125
7887 9146
1822 2056
8843 8518
1882 1979
8501 8609
1623 2398
8784 9152
1835 2077
9626 8331
1602 2493
9011 8884
2090 1868
8245 9874
1970 1929
9364 8830
1737 2256
8500 9829
1752 2283
9149 9289
1797 2209
9523 8988
1784 2225
9771 9137
1840 2151
9483 9976
1929 2012
2385 1738
9742 9325
2246 1832
1932 2027
1977 2002
2040 1981
2233 1898
2188 1913
1861 2259
1916 2165
2025 2089
1854 2315
2034 2103
1715 2617
2001 2167
2030 2156
2054 2140
1975 2216
2107 2105
1833 2510
1924 2337
2247 2073
1666 2899
2118 2219
2156 2203
2206 2158
2088 2300
2039 2364
2204 2183
1873 2609
1806 2759
1920 2543
2185 2250
2049 2416
2196 2252
2140 2319
2261 2211
2136 2378
2627 1959
2583 1989
2761 1895
2143 2382
1942 2633
1831 2884
2119 2456
2182 2375
2439 2122
1997 2603
1826 2953
2264 2331
1758 3178
2354 2248
2276 2399
2236 2448
2406 2276
2580 2125
2281 2451
2033 2738
2272 2483
2372 2361
2345 2403
2068 2710
2158 2628
2080 2719
2279 2538
1865 3185
2474 2318
2227 2596
1846 3338
2459 2397
2374 2520
2121 2835
2454 2507
2571 2386
2210 2802
2480 2529
2301 2705
1961 3275
2295 2740
2418 2598
2622 2422
2356 2690
2161 3047
2393 2720
2416 2701
2360 2781
2664 2513
2109 3245
2208 3140
2541 2742
2476 2827
2548 2783
1964 3977
2324 3171
2421 2993
2286 3293
2032 3953
2262 3392
2978 2514
2470 3022
2563 2886
2478 3028
2534 2978
3070 2501
2371 3329
2560 3037
3159 2519
2455 3237
2620 3023
2501 3251
2532 3301
2801 2876
3105 2672
3046 2709
2827 2924
2744 3065
3316 2613
2479 3554
2891 2913
2496 3537
2928 2865
3053 2795
2845 3009
2758 3136
2785 3094
2863 3026
2282 4248
2760 3201
2646 3435
2808 3173
2553 3659
2659 3454
2826 3192
2657 3479
2440 3967
2955 3049
2461 3962
2907 3166
2486 3999
3254 2869
3176 2934
2603 3795
2859 3350
2901 3249
2881 3334
2586 3901
2638 3829
3677 2729
2485 4268
3076 3197
2997 3277
3422 2893
3253 3080
3078 3260
3232 3120
3441 2940
3305 3052
2972 3394
3133 3222
3205 3148
3148 3228
2874 3584
2792 3742
3050 3355
2651 4135
2730 3915
3584 2916
2885 3645
3532 2984
3189 3307
3268 3234
3347 3174
3231 3281
2710 4157
2884 3763
3074 3462
3710 2937
3435 3137
3393 3200
3708 3046
2936 3870
2825 4110
3027 3752
3139 3634
3251 3507
3197 3586
4095 2860
2913 4039
3733 3129
2149 6405
3057 3838
3217 3641
3739 3159
2325 5669
4131 2892
3138 3785
3278 3622
3510 3399
3264 3708
2778 4467
3452 3578
4429 2840
3922 3211
3069 4133
3596 3468
3144 4043
3415 3721
3423 3724
4259 3034
3450 3771
3551 3674
3556 3715
2830 4729
3364 3963
3545 3766
3338 4057
3561 3784
3300 4126
3382 4046
3469 3929
4146 3297
3345 4188
3054 4514
3593 3878
3576 3910
3937 3550
3983 3492
3627 3899
3287 4320
3203 4393
2998 4685
3684 3886
3314 4307
3655 3922
2725 5449
3480 4184
3135 4598
3628 4051
3346 4371
4008 3681
3685 4026
3516 4231
3805 3920
3592 4189
4561 3236
3547 4262
3238 4622
4242 3589
3413 4404
3372 4473
3840 4042
4128 3741
3773 4143
4034 3873
3373 4580
3904 4041
3760 4218
3803 4171
3771 4221
4088 3885
3465 4504
3224 4864
3858 4178
3271 4815
4079 3940
4096 3939
3861 4215
3292 4813
2963 5428
4294 3787
4083 4008
3905 4213
3288 4872
4249 3857
3497 4586
4262 3874
4557 3526
3719 4394
2992 5458
3992 4243
4483 3702
4076 4212
3782 4470
4246 4095
3165 5420
4000 4344
4314 4088
3666 4699
3845 4534
4346 4091
3847 4592
3068 5977
3699 4852
3809 4707
4877 3626
4001 4530
4296 4286
3349 5437
4132 4456
3618 5035
4157 4464
4400 4263
3511 5265
4338 4356
3564 5234
4102 4591
4190 4499
3195 6011
3660 5140
3580 5263
3756 5040
4425 4312
5006 3753
3297 5920
4119 4672
3976 4843
3857 5068
3689 5326
3869 5109
3709 5342
3912 5044
3987 4950
3865 5123
4349 4596
5255 3788
4030 4956
4365 4599
3610 5600
3546 5746
4269 4709
4169 4820
5302 3821
4048 4988
4323 4671
4605 4360
4440 4574
3871 5311
5059 4120
3781 5605
4161 5037
4205 5072
5054 4232
4494 4705
4168 5163
5542 3906
4214 5119
3495 6310
4804 4424
4689 4522
4995 4334
4505 4809
4550 4760
4173 5346
4889 4448
4064 5553
4195 5381
4567 4823
3774 6123
4401 5085
3864 6037
4798 4630
4043 5742
4596 4854
4332 5259
4535 4927
3639 6511
5518 4229
4498 5033
4745 4767
3913 6192
4762 4837
4666 4966
4199 5812
6900 3565
4379 5463
4480 5305
5077 4639
4529 5236
4607 5165
4274 5780
4883 4798
4385 5537
5169 4646
4553 5323
4322 5861
5032 4803
4381 5768
4991 4880
4718 5186
5128 4794
4763 5153
4669 5266
4452 5687
4579 5474
4144 6309
4814 5160
5218 4783
4826 5189
6545 4112
4484 5822
4663 5441
5061 4993
4686 5409
4231 6351
4348 6121
4657 5525
6448 4239
4941 5159
4585 5798
5037 5142
6087 4444
6144 4428
4917 5308
5240 5034
5631 4758
5134 5181
4772 5597
4830 5498
4802 5598
6156 4500
5364 5028
5922 4675
5222 5191
4476 6239
5079 5361
4854 5614
4475 6316
3946 7325
5182 5278
5926 4774
4775 5872
5063 5495
5165 5411
5203 5386
5415 5217
5300 5320
4617 6264
5480 5216
4914 5832
5018 5720
4649 6292
5299 5435
5140 5678
5256 5560
5356 5475
4970 5931
5494 5388
4624 6506
5028 5878
5024 5884
5378 5509
5330 5577
7211 4310
4640 6569
4123 7575
5728 5254
4750 6359
4090 7722
4923 6112
5340 5672
4137 7607
5825 5228
4878 6204
5189 5896
5120 5983
5817 5293
5039 6082
4884 6252
5102 6057
5060 6101
6044 5172
6030 5184
6010 5223
5235 5976
5433 5836
4908 6427
5109 6194
5089 6224
4788 6691
5644 5701
4845 6593
6037 5370
4976 6464
4894 6605
4965 6518
4504 7299
4159 8297
5195 6290
6513 5105
6147 5391
5308 6211
5898 5684
4913 6727
5557 6124
6028 5706
4568 7466
5387 6328
6538 5276
5585 6213
6499 5371
5778 6077
5450 6457
6504 5421
5584 6343
5529 6482
5895 6139
4785 7426
6713 5396
6429 5711
5933 6189
6376 5803
5245 6944
5692 6542
5593 6675
5737 6539
5482 6818
6666 5641
5535 6827
6012 6385
6421 6002
5637 6754
5456 6970
4866 7733
6052 6409
4583 8569
6409 6133
6109 6463
5684 6904
4672 8452
6408 6220
6130 6541
6260 6424
4929 7926
5904 6795
5589 7105
7033 5646
5137 7699
7161 5567
6915 5879
5246 7642
6011 6843
4516 9838
6965 5895
5066 8052
6929 6000
6527 6452
5440 7567
5620 7323
6687 6259
5605 7371
5268 7867
5221 7965
5386 7746
5765 7297
5571 7494
5575 7515
6287 6815
6743 6377
6252 6981
6195 7050
6497 6826
6005 7320
8092 5488
7102 6212
6622 6773
6166 7231
5544 8041
6171 7260
5861 7614
6216 7270
5613 8068
5514 8292
6879 6627
7383 6176
6071 7502
6723 6833
6379 7194
5668 8121
6559 7077
7354 6280
5957 7896
7356 6369
6525 7204
7125 6606
6908 6860
5656 8456
6718 7099
6208 7687
6835 6992
6020 8045
5639 8625
5902 8253
6045 8058
5980 8156
6935 6948
6959 6940
5955 8282
6788 7191
5647 8781
5828 8547
7259 6801
6763 7291
5196 9506
7938 6371
7252 6910
6602 7602
6059 8487
8776 5954
5901 8784
6770 7445
6617 7680
6986 7228
6306 8229
7522 6867
7678 6781
6129 8648
7621 6880
6170 8663
6458 8214
6614 7955
6291 8519
6804 7745
6697 7937
6796 7786
6302 8565
8221 6623
6516 8291
6686 8014
7668 7011
7738 6990
6939 7700
7119 7492
6967 7727
6847 7910
8646 6503
7405 7309
7430 7296
6823 7993
6800 8062
6526 8607
7266 7490
6234 9064
7026 7870
7867 7131
7581 7331
6946 8081
6393 9031
7281 7749
6580 8862
6482 9023
7469 7594
6573 8971
6995 8274
7214 7992
6549 9072
7181 8060
6629 8949
7696 7529
6335 9366
7077 8233
7021 8355
6802 8720
8307 7168
7327 7998
7998 7360
8236 7233
7453 7877
7032 8419
7158 8298
7106 8362
8898 6855
7475 7966
7796 7657
7139 8378
6719 9108
7509 7971
7551 7929
6696 9154
7667 7859
6460 9965
9196 6673
7091 8614
7267 8381
6781 9130
6926 8938
8238 7503
7726 8040
9597 7022
6905 9109
6202 9642
8037 7795
8389 7484
7002 8997
7296 8637
7183 8770
7683 8185
6961 9102
7458 8444
6971 9772
7752 8151
7233 8756
7069 8990
8233 7760
9300 6809
8533 7477
7110 9063
8241 7872
7434 8809
9363 6868
7795 8451
8041 8198
7669 8631
7605 8693
7809 8473
6473 9644
6975 9412
7386 9755
8385 7967
8448 7939
7037 9921
7279 9821
7888 8630
8048 8462
7481 9766
7265 9288
8899 7665
7913 8699
8342 8246
8845 7812
7437 9237
8524 8143
7537 9168
7699 8999
8769 7986
7445 9310
7764 9079
8433 8402
7376 9407
8103 8765
9200 7524
9501 8225
7919 9065
8415 8608
8199 8869
7549 9934
8344 8790
8263 8878
9214 7761
9577 8148
7623 9463
8031 9184
7846 9369
9634 8158
8340 9758
8354 9013
9532 8626
9566 8477
9230 8038
8998 8421
8590 9001
8212 9332
8920 8677
8038 9453
7994 9493
9644 8463
9293 8128
8124 9949
8455 9243
9306 8154
9327 8118
8850 8929
7395 9651
9204 8454
9562 8898
9032 8761
9417 7889
8600 9850
8326 9980
9491 9326
8761 9888
8969 9178
9479 9426
9763 8757
9195 8883
9859 8641
9614 9834
9675 9793
8622 9551
8521 9575
8378 9612
8801 9502
9080 9276
9888 8729
8927 9927
9170 9292
9768 9177
9740 9878
9806 9271
9115 9480
9797 9357
9117 9525
9907 9816
9369 9300
9617 9598
