62563091 433755102
1
sift 57
9 47
40 114
165 307
5904 8638
173 289
213 448
172 401
169 464
317 427
188 423
185 523
273 547
306 343
304 510
714 1420
287 697
333 649
1006 1119
348 759
425 1068
1370 2655
715 1748
833 1353
1864 1959
1082 1431
1019 1864
2262 3919
1079 2481
1501 1797
2608 3588
1843 3306
2039 3005
3465 3029
1888 3402
2121 3537
2709 4191
2013 3979
2265 4819
2921 4753
4455 4344
2864 4915
3906 5310
3677 5795
3146 6783
3505 6904
4676 5368
4195 6303
4260 7417
5596 8351
4832 7064
6457 6829
6375 7802
8948 5825
5330 9071
6718 8030
6924 8566
8149 9100
62563091 595444731
1
sift 465
90 33
49 16
44 18
1042 557
259 105
84 34
698 365
158 31
127 28
3376 2891
258 211
108 55
1114 462
148 86
107 71
4032 3105
370 295
129 61
934 624
322 120
123 65
4318 3581
529 377
160 104
1028 607
231 212
175 98
5856 4034
417 689
196 100
842 794
480 184
215 145
7375 5406
614 575
238 128
1166 661
423 284
253 135
9851 6008
856 433
254 161
1580 728
494 280
327 146
916 854
318 166
1385 1043
449 322
275 204
1395 879
342 185
1686 1176
737 324
344 198
1245 1044
355 236
2107 1184
704 424
350 271
2058 1348
372 250
1473 1671
648 507
447 213
1909 1448
437 266
1869 1906
639 532
451 263
2442 1797
390 325
2711 1740
671 530
523 259
2343 1900
439 315
2479 1915
852 534
378 405
2690 1934
388 456
2923 1686
905 586
600 308
2796 2151
514 361
2571 2021
888 735
470 423
3380 2142
579 339
2741 2473
1134 911
562 373
2615 3671
491 504
2812 2496
1181 932
693 386
4070 2572
615 487
2892 2882
1133 1048
689 448
3198 3489
666 482
4738 2324
1490 1136
711 480
3765 4420
629 590
3705 3012
1791 1297
617 682
4751 3504
795 533
3751 3074
1444 1730
687 638
4242 4196
757 612
4843 2541
2303 1223
930 573
5090 3773
1001 547
3725 3287
2067 1334
859 614
5960 3960
807 691
3715 3792
1997 1664
1167 581
5444 4376
1067 646
3551 4066
2349 1628
848 770
5791 4170
919 793
4430 3922
2205 1817
1013 747
6092 4111
844 949
6355 3296
2433 2085
804 1023
6625 4387
1177 754
5910 3745
2670 2043
954 919
5282 5493
1176 799
5703 3895
2397 2486
1084 937
5670 5816
1253 861
6227 3652
3461 2169
1182 992
6292 5421
1279 925
5740 4256
2661 2770
2287 694
6323 6191
1272 991
5398 4506
2745 2705
1330 975
7045 5491
1297 1002
5640 4437
2928 2536
1445 957
6402 6364
1311 1119
6325 4402
3377 2608
1304 1138
6865 5978
1271 1172
8299 4280
3740 2420
1266 1178
7487 7101
1521 1073
8983 4755
4187 2368
1149 1404
7616 7295
1346 1227
8148 5336
3563 2824
1583 1099
7980 7109
1431 1272
7120 6117
3651 3106
1620 1273
8978 7007
1335 1517
8763 5282
4518 3186
1837 1188
8822 7413
1459 1430
9682 5125
3720 3966
1466 1485
8670 7938
2191 1074
7765 6140
5185 3324
1422 1554
7936 8604
1349 1648
7644 6517
4990 3604
1487 1721
8253 8845
1894 1340
8059 6414
5258 3638
1897 1362
9778 9491
2350 1317
7902 7157
5236 3735
1908 1615
9970 9724
1861 1647
9431 6598
4526 4368
2138 1442
2410 1333
9730 6996
4838 4087
2008 1674
2627 1339
8839 8952
4621 4345
2113 1761
2321 1673
9907 9123
5184 4002
1915 1963
3132 1323
5364 3957
2039 1873
2386 1710
5083 4152
2013 1948
2722 1550
4795 4456
2445 1725
1942 2040
4388 5059
2396 1808
2510 1794
5391 4188
2209 2101
2964 1685
4519 4925
2110 2202
3117 1651
4420 5349
2527 1946
3034 1733
5832 4216
2369 2224
2090 2516
5839 4448
2837 2063
2537 2359
5178 5051
2912 2166
3473 1972
5763 5053
2667 2511
3022 2242
5383 5475
2521 2720
3655 1988
8003 3921
2811 2434
2641 2661
7307 4415
2669 2667
2815 2581
8381 4416
3756 2121
3660 2267
6440 5583
3738 2250
3722 2339
6860 5469
4458 2054
2834 2939
8346 4768
3435 2544
3615 2605
6826 5792
4449 2289
3680 2636
6243 6813
2600 3718
3878 2741
6537 7366
3170 3392
3413 3310
7573 6462
4362 2808
3930 3108
7494 6661
4737 2714
4333 2998
8438 6096
4109 3316
3883 3554
7069 7198
4395 3160
4695 2982
9880 5617
5235 2938
4491 3413
7233 7420
4682 3276
3506 4483
7293 7390
4684 3301
3148 5014
8156 7056
5320 3086
4916 3375
9716 6529
4579 3679
4303 4013
7506 7972
3826 4661
4882 3599
8204 8015
6081 3122
5558 3534
9626 7780
5297 3818
4660 4374
9628 7941
5551 3857
4893 4312
8286 8780
4195 5233
6540 3486
9061 8148
5836 3875
5217 4263
8792 9917
4936 4504
4613 4914
8327 9447
5070 4525
5809 4092
9957 8151
4115 5767
6189 3902
9856 8687
6404 3894
5980 4136
9810 9957
5923 4210
6765 3762
5292 4680
4071 6368
5278 4750
5396 4694
8149 3300
6046 4274
5093 4894
5748 4580
4967 5250
7400 3754
7034 3951
4733 5662
5871 4749
5441 5026
5380 5077
6175 4609
6095 4707
5505 5118
5155 5699
5181 6299
7481 4557
7005 4817
5629 6056
9649 4062
7195 4878
6734 5201
5898 6102
6206 5876
7578 4910
6538 5707
5125 7310
8291 4783
6395 6063
5595 7034
6817 5746
7775 5104
6953 5854
8261 5020
6870 5990
7904 5197
6416 6617
7867 5513
7242 5965
8570 5252
6536 6898
5572 8254
8793 5269
6682 7401
8890 5685
7912 6350
8227 6159
6235 8121
9033 5749
7207 7173
7251 7130
8086 6502
8387 6398
9479 5371
7130 7497
7148 7490
8069 6800
7598 7313
8029 7158
7828 7415
9530 7090
9701 6550
8443 7094
9722 6605
8290 7311
8676 7196
9761 6729
7406 8270
9959 6491
9879 6770
8203 7903
7726 8478
8878 7574
8882 7615
7605 8787
8308 8182
8025 8880
9371 7513
8842 8247
7796 9322
7778 9617
9718 8522
9843 8301
9068 8861
9120 9540
62563091 690665857
1
sift 1925
128 191
50 72
6 14
155 198
84 141
9 17
270 289
101 187
27 29
295 333
120 167
26 35
341 385
181 159
28 32
410 453
156 228
33 47
385 495
312 337
36 56
391 538
227 235
37 53
490 480
322 399
40 65
504 511
253 368
54 67
416 625
383 455
42 76
500 522
318 345
52 78
586 812
464 502
56 75
565 641
300 410
68 85
775 815
494 591
71 103
610 654
327 383
75 86
773 931
577 739
76 91
747 769
350 359
81 99
649 1234
671 653
108 140
714 854
342 402
107 150
932 892
648 791
115 145
757 830
344 419
103 183
857 1087
845 720
116 168
758 937
372 452
123 165
991 970
819 889
140 139
883 1058
407 552
131 162
928 1100
800 955
151 189
998 1075
394 579
152 201
1093 1049
787 1079
153 216
1029 1133
451 549
165 218
1009 1235
972 925
167 219
1048 1180
447 589
164 234
1063 1289
905 990
175 220
1169 1288
486 566
173 225
1062 1555
888 1150
180 221
1321 1317
572 496
172 241
1385 1474
966 1332
169 262
1441 1297
446 619
185 231
1442 1436
1175 1160
196 214
1151 1769
436 662
200 227
1462 1432
1192 1149
208 215
1267 1702
523 611
188 254
1393 1543
1133 1268
177 297
1313 1638
466 694
189 286
1389 1590
1085 1421
216 248
1452 1479
653 576
223 243
1647 1588
1268 1277
204 282
1168 1907
609 683
190 301
1396 1862
1444 1272
213 279
1574 1600
568 757
245 239
1681 1676
1134 1808
221 275
1296 2040
673 825
232 261
1621 1760
1139 1829
206 312
1792 1733
870 916
214 314
1423 2284
1123 2045
235 293
1760 2158
801 1030
219 318
2037 1937
1492 1544
209 331
1770 2327
1001 938
254 302
2160 2200
2075 1166
238 310
2232 1946
837 1146
248 315
2315 2038
1539 1632
243 328
1939 2474
1104 1065
314 287
2151 2593
1502 1721
285 304
2249 2373
1120 1085
283 306
2175 2591
1373 1878
266 322
2324 2489
1190 1036
260 330
2710 2147
1651 1714
306 309
2492 2475
1044 1365
273 354
2412 2638
1490 1882
249 390
1981 3545
1207 1159
304 343
3054 2203
1731 1694
333 326
2704 2487
1348 1228
286 367
2377 3291
1416 2122
317 338
3512 2374
1297 1369
320 346
2901 2753
1395 2234
288 409
2906 2773
1330 1451
292 415
2983 2961
1690 1831
329 374
2754 3018
1485 1328
313 456
2916 3228
1479 2146
336 412
2805 2972
1606 1263
294 483
2852 3654
1805 1867
359 377
3270 3195
1508 1611
353 435
2992 3580
1383 2692
396 371
2874 3959
1445 1706
346 459
3335 3528
1846 2005
321 514
2937 3861
1319 1856
397 375
3539 3377
2067 1861
393 421
3299 3722
1562 1649
390 448
3041 4206
1969 2069
398 440
3794 3208
1942 1608
440 389
3206 4004
2205 1958
358 520
3306 3816
1782 1901
348 568
3684 3747
1950 2397
380 498
3139 4224
1845 2014
378 505
3551 4028
2260 2066
408 472
3775 3607
1915 1990
361 537
3751 3887
2192 2173
362 551
3422 4299
2008 1949
444 467
3779 4379
1959 2543
404 508
3474 4281
1880 2108
388 529
3725 4925
2268 2417
476 449
3718 4241
2025 2072
374 557
4663 3987
2450 2341
389 543
4396 3853
2090 2093
454 499
5164 4067
2349 2502
456 497
3133 5755
2382 1983
367 618
4419 4693
2146 3276
442 516
4472 4707
2216 2224
453 510
4224 5151
2176 3248
415 561
4482 4813
2207 2383
439 553
4533 4801
2747 2517
462 532
5287 4289
2386 2465
409 602
4146 5639
2397 3056
424 596
4098 5818
2445 2446
506 513
4431 5448
2687 2766
437 601
4364 5511
2189 2731
426 628
5117 4583
3137 2632
475 595
5081 4552
2350 3042
491 572
4330 5932
2671 3422
520 545
4829 5107
2561 2925
527 540
5202 4829
2688 3426
425 665
4809 5245
2643 3004
532 541
4521 5797
2928 3172
484 593
4738 5465
3384 2441
428 667
4723 5488
3050 3044
483 609
4779 5379
2987 2724
472 635
4844 5608
2428 4452
435 688
5875 4738
2502 3572
502 650
5398 5200
2745 4133
630 530
5065 5638
2518 3837
533 634
6183 4719
3088 3716
576 617
5037 5943
2976 3186
543 652
5803 5233
3284 3482
516 691
5080 6213
3159 3202
622 578
6139 5100
3344 3529
538 664
5480 5838
3420 2955
596 622
5740 5706
3300 3759
553 674
5756 5621
3112 3365
581 648
6030 5366
3201 4128
539 708
5053 6419
2843 4118
647 605
6479 5165
3744 3567
626 633
5731 6207
3680 3117
508 760
4534 8028
3771 3603
589 671
5909 6306
4082 2984
519 764
6152 6170
3339 4163
623 673
5745 6563
2782 4502
629 675
6793 5684
3685 3771
587 721
5494 7049
3519 3938
638 669
5807 7600
4013 3539
651 668
5849 7167
4427 3102
548 771
6809 6640
3447 4147
562 776
5746 7882
3596 3914
691 661
6705 6789
3550 4033
666 678
6355 7223
3525 4167
669 695
6234 7400
3562 4116
644 719
7042 6651
3217 4504
670 718
6844 6916
3536 4186
684 714
5726 8491
2303 7430
727 685
6487 7757
4388 3521
598 810
6588 7144
4075 3740
707 707
6619 7570
3651 4226
692 747
6518 7265
3477 4449
615 846
5879 8985
4063 4155
679 773
5705 8787
3407 4546
710 749
6746 7601
3675 4461
641 833
6673 7234
3647 4499
654 826
6807 7697
4357 3896
600 901
5503 9426
4373 3974
625 873
7301 7217
3754 4567
699 801
6813 7903
4187 4275
688 820
6967 7833
4360 4178
632 911
6559 8469
3692 4795
701 814
7096 7914
3866 4752
770 743
7286 7419
3967 4465
750 784
6654 8719
4285 4392
657 922
8382 6695
4684 3947
682 949
8956 6745
4298 4454
724 879
7311 8199
3632 5090
715 917
8007 7443
3524 5633
736 910
7591 8177
4438 4283
963 726
8171 7898
4526 4292
730 933
7169 8701
4539 4252
840 808
7284 9133
4010 5066
776 864
7295 9125
5323 3753
783 866
8564 7904
4296 4908
833 844
7755 8672
4772 4394
762 936
9140 7473
4420 4838
756 956
9103 7522
4349 5051
795 904
8178 8642
4975 4493
766 951
8088 8720
3851 5991
855 876
9247 7496
4392 5450
844 885
7410 9498
4441 4965
712 1110
7773 9223
5333 4427
823 932
7867 9143
4483 4915
864 923
8083 9005
4209 6231
894 902
8212 9201
4362 5198
914 890
8477 8997
5178 5010
794 1004
7566 9573
3773 6442
774 1051
9044 8562
4795 5532
807 1009
8756 8733
4568 5023
940 896
8885 8879
5382 5267
831 1003
8405 9552
4336 5654
850 993
8517 9577
4084 7388
881 977
9153 9445
4581 5197
879 980
9278 9458
5083 5765
884 984
5380 4443
907 961
5075 5793
1082 856
4613 5255
885 1000
5892 5181
748 1224
4577 5585
834 1066
5185 6060
1116 848
5260 4797
898 994
5669 5677
1035 893
5089 4936
875 1039
5469 6040
1050 907
4458 6248
896 1038
5464 6230
986 947
5292 5147
1005 969
6573 5089
908 1072
5155 5668
941 1078
5314 6416
1072 978
4793 6177
1178 899
5763 5992
925 1127
4959 6089
973 1069
5672 6109
838 1256
5885 5313
872 1236
6126 5628
1032 1047
6189 5392
956 1114
5585 6251
915 1170
5414 6612
960 1115
4797 7349
829 1346
5590 6496
990 1108
4761 7550
924 1213
6073 6046
954 1162
6223 6091
1158 986
6296 6086
1257 915
4898 7835
1086 1070
6111 6323
999 1130
5236 7328
989 1141
5237 7219
1013 1138
6589 6279
984 1194
5753 6852
1065 1129
6323 6758
930 1333
5377 7365
926 1341
6537 6682
1148 1077
6462 6455
1068 1153
5922 7324
1051 1188
6225 6701
874 1525
6035 7492
1213 1010
5779 7326
949 1340
6546 7026
923 1386
5796 7567
1022 1238
6826 6813
920 1416
5809 7557
1084 1198
6417 7467
1129 1154
6574 6872
1105 1195
7389 6592
1019 1314
6343 7166
1122 1209
7064 6995
1113 1237
6277 7424
1136 1202
6358 8008
906 1630
6540 7437
1132 1240
7507 6829
1102 1306
5778 8849
1078 1343
7304 7105
1231 1111
6765 7488
1163 1199
6433 8342
1126 1286
6239 8443
1159 1250
7293 7257
1147 1278
7406 7102
980 1554
6797 7993
1030 1466
7602 7059
997 1552
7069 7782
1186 1252
6757 8366
1380 1104
7544 7715
1164 1330
7101 8121
1173 1307
7307 8142
1071 1583
8403 6933
1165 1362
7866 7531
1118 1536
8466 6988
1455 1118
7397 8321
1329 1183
7419 7935
1108 1564
7494 8202
1306 1221
6544 9490
1233 1309
6860 9163
1193 1385
7241 8727
1200 1364
7450 8865
1197 1373
7978 8090
1182 1411
8496 8122
1167 1457
7501 8623
1307 1267
8204 8422
1121 1640
8642 7675
1156 1560
8399 8239
1510 1139
8176 8161
1283 1381
7976 8802
1279 1398
7813 8665
1281 1428
8549 8305
1616 1175
7794 8694
1362 1358
7587 9421
1201 1605
8578 8126
1629 1179
8190 9057
1556 1232
8117 8814
1422 1350
8286 9035
1448 1336
8630 8482
1278 1519
9573 8808
1290 1505
8999 8106
1494 1312
7735 9591
1199 1681
8450 9136
1417 1396
9151 8596
1310 1514
8395 9275
1399 1443
9930 8065
1776 1171
8373 9390
1404 1458
8710 9363
1294 1618
9568 9185
1467 1408
8701 9388
1304 1610
8641 9391
1328 1574
9628 9138
1405 1492
9844 8570
1388 1522
8934 9443
1382 1547
9906 8712
1361 1566
9813 9280
1277 1686
9940 8926
1316 1634
9936 8962
1623 1327
8346 9626
1465 1456
9990 8312
1787 1205
9864 9460
1414 1531
1434 1500
1376 1570
1478 1478
1149 2010
1499 1485
1326 1691
1218 1847
1437 1594
1237 1825
1716 1334
1512 1549
1347 1736
1591 1494
1364 1731
1370 1747
1431 1701
1610 1527
1261 1902
1531 1637
1251 1962
1483 1695
2074 1208
1365 1816
1521 1715
1427 1793
1513 1741
1672 1573
1748 1495
1674 1589
1614 1666
1872 1390
1535 1744
1520 1762
1429 1891
1540 1789
1848 1463
1407 1947
1611 1742
1369 2007
2311 1222
1692 1669
1618 1768
1708 1710
1493 1940
1517 1939
1589 1849
2007 1439
1432 2054
1712 1740
1983 1472
1662 1823
1627 1899
1628 1892
1648 1868
1542 2036
1736 1798
1538 2063
1402 2297
1604 1977
1759 1780
1732 1822
1408 2321
1668 1935
2589 1284
1765 1838
1516 2237
1592 2112
1507 2260
1772 1854
1649 2031
1740 1930
2000 1689
1565 2226
2109 1620
1876 1809
1714 2046
2073 1705
1849 1870
1886 1833
1900 1836
1817 1953
1626 2279
2440 1511
1794 2003
1673 2225
1810 1984
1795 2041
1789 2055
2269 1664
1928 1936
1803 2090
1722 2264
1836 2102
1640 2427
1844 2101
1742 2296
1757 2263
1857 2103
1711 2364
2096 1843
1825 2180
1862 2143
1783 2283
1777 2320
1780 2332
1769 2345
1926 2073
2039 1974
1951 2096
1956 2110
1833 2329
1603 2723
1851 2306
2013 2059
1800 2389
2218 1920
2222 1919
1741 2545
1725 2570
1989 2178
1985 2194
2309 1877
1840 2407
2111 2088
2048 2171
2106 2107
1882 2398
1990 2261
1995 2272
1743 2673
1883 2418
1941 2353
2121 2137
2163 2125
1934 2393
1912 2419
1710 2797
1908 2451
1721 2769
2374 1966
2191 2160
2265 2067
2089 2262
2093 2255
2021 2347
2015 2356
1654 2992
1866 2584
2079 2305
2415 1975
2508 1903
2259 2140
2092 2337
2155 2280
2001 2445
2113 2348
1804 2779
2325 2134
1781 2882
2134 2361
2314 2179
2133 2376
1924 2646
1955 2592
2011 2521
2100 2437
1901 2714
2319 2238
1550 3841
2020 2579
2253 2367
2087 2534
2312 2328
2628 2008
2193 2498
2359 2344
2014 2710
2147 2582
2355 2443
2400 2413
2323 2491
2511 2346
2383 2484
2294 2587
2533 2378
2368 2519
2547 2394
2262 2681
2393 2552
2209 2772
2534 2434
2130 2892
2398 2623
2659 2381
1704 4267
2667 2385
2162 2986
2342 2746
2552 2556
2402 2741
2425 2730
2410 2743
2069 3305
2459 2709
2498 2665
2306 2889
2503 2666
2363 2859
2570 2643
2701 2497
2541 2715
2369 2919
2600 2669
2228 3193
2540 2747
2662 2624
2348 3024
2493 2910
2275 3306
2204 3499
2930 2488
3388 2230
2510 2977
2509 3019
2464 3086
2034 4100
2491 3051
2668 2814
2537 3025
3432 2294
2587 3009
2718 2849
3245 2458
2446 3318
2519 3181
2505 3235
2289 3701
2720 2905
2748 2976
3308 2518
2765 2978
2706 3062
2623 3253
2897 2861
2495 3633
2960 2856
2308 4124
2617 3387
2286 4189
2791 3100
2606 3510
2795 3111
2356 4113
3030 2887
2539 3705
2811 3140
2725 3338
2770 3254
2808 3238
2781 3301
2530 3852
2101 4860
2864 3178
2649 3619
2894 3149
2913 3136
2834 3266
2784 3366
2828 3279
3017 3032
2658 3644
3168 2936
3365 2818
2943 3194
2715 3615
3237 2974
3254 2946
2898 3320
3465 2795
2557 4119
2950 3304
3185 3047
2462 4312
3092 3148
2973 3292
2915 3378
3148 3132
3309 2980
2957 3358
3081 3211
2792 3642
3250 3113
2636 4130
3098 3354
3027 3512
3233 3234
3111 3397
2890 3715
2598 4342
3425 3107
2842 3879
3183 3417
3312 3236
3146 3518
3223 3436
2921 3826
3478 3162
2531 4679
2995 3777
3678 3017
3231 3550
2918 4000
3289 3490
3394 3349
3074 3795
2953 3981
3022 3865
3107 3750
3368 3431
3546 3230
3412 3392
3124 3768
3065 3897
3177 3737
3446 3372
3079 3916
3781 3084
3707 3145
3747 3128
3126 3903
3034 4042
3205 3791
3043 4057
3116 3960
3129 3955
3429 3566
3622 3329
3225 3858
3568 3480
3047 4192
3400 3681
3252 3941
3348 3787
3048 4237
3039 4247
3704 3476
3832 3421
3604 3651
2698 5058
3424 3961
3561 3748
3442 3927
3319 4129
3825 3563
3644 3719
4029 3362
3057 4448
3867 3565
3538 3908
3517 3967
3791 3652
3019 4553
3203 4349
3621 3855
3731 3732
3486 4083
3078 4568
3305 4291
3349 4254
3547 4049
3555 4044
2844 5043
4071 3564
3311 4324
2684 5700
3500 4160
3703 3918
3916 3683
2780 5521
3331 4393
3815 3944
3895 3839
2996 4946
3976 3792
3749 4052
3540 4285
3722 4138
3072 4958
3521 4332
3581 4287
4295 3608
3810 4107
3379 4523
4497 3401
3534 4358
4115 3820
3892 4074
3886 4098
3278 4765
4225 3773
3531 4423
3793 4235
3552 4450
3618 4391
3882 4208
3258 4953
3005 5562
3285 4939
3679 4410
3756 4372
3615 4497
3542 4594
4144 4080
3906 4266
3742 4395
3012 5674
4303 3968
3670 4495
4219 4071
3850 4351
3259 5199
3738 4483
3435 4983
3878 4428
3813 4491
3459 4972
3455 5017
3863 4468
4408 4041
4103 4301
4344 4115
3627 4794
4241 4223
4413 4070
3698 4731
4387 4108
4026 4401
4046 4381
4105 4335
5058 3489
4489 3995
3735 4709
3835 4630
3743 4757
3473 5214
3939 4559
3556 5068
4040 4462
3772 4782
3950 4579
3277 5803
5274 3549
3987 4655
4221 4426
4149 4473
4327 4328
4180 4458
3601 5217
3648 5119
4314 4359
3378 5901
4545 4228
4195 4596
4205 4587
4266 4536
3937 4891
3655 5344
4069 4745
3881 4981
4239 4580
3913 4971
3847 5071
4020 4850
4128 4747
4636 4232
4002 4901
4267 4634
4559 4303
4184 4717
3195 6581
3968 4998
4332 4556
4217 4699
4944 4030
3505 5879
3985 5018
4196 4761
4288 4656
3701 5537
3799 5350
4319 4666
5122 4012
4601 4384
4080 5022
4544 4419
5451 3815
4152 4977
3936 5315
3958 5281
3816 5581
4454 4625
4381 4706
4101 5085
4212 4978
4257 4919
3930 5417
4683 4399
2822 8200
5167 4140
4220 5040
3741 5893
4081 5302
5992 3648
4162 5207
3721 6020
4530 4682
4490 4778
4400 4914
4244 5175
3338 6794
4445 4862
4510 4764
4042 5542
3870 5870
4211 5326
3833 5983
4293 5241
4410 5054
4463 4984
4456 5004
4492 4917
3612 6519
4111 5682
3990 5921
4022 5877
4479 5123
4200 5676
4628 4882
4803 4680
4398 5370
5298 4366
4575 5027
4361 5497
4246 5759
4876 4688
4708 4888
4758 4847
4799 4791
4631 5033
4741 4885
4611 5116
4570 5173
4630 5118
4110 6126
5597 4354
4888 4842
5114 4652
4676 5144
4627 5271
4671 5201
4409 5830
4208 6205
4260 6141
4915 4956
4780 5110
4909 5012
4605 5555
4531 5692
5623 4540
4515 5801
5028 5006
5125 4906
4695 5507
4275 6376
4908 5193
5440 4723
4284 6392
4919 5235
4794 5411
4437 6168
5082 5105
4326 6379
4743 5598
4981 5256
5680 4675
5036 5236
4691 5769
4872 5500
4916 5449
4108 6833
5348 4985
4137 6782
4858 5546
4893 5559
4820 5651
4624 6045
4705 5938
4351 6605
5085 5399
5181 5322
4742 5936
5603 4931
4911 5671
4435 6540
4494 6384
4846 5780
4401 6615
4603 6200
5286 5275
5056 5578
4837 5931
4457 6662
4984 5799
4669 6243
5277 5453
3929 7739
5297 5434
5424 5301
5838 4912
4644 6354
4549 6480
4914 5926
4917 5937
5228 5580
4934 5978
4771 6197
4812 6116
5551 5263
4586 6542
5041 5889
4997 5950
4648 6464
5261 5657
4599 6574
5511 5364
6293 4697
5233 5730
5047 5955
4880 6138
5265 5747
5141 5908
4905 6178
6252 4843
5787 5294
4871 6330
4939 6296
5415 5766
5871 5274
5704 5471
5093 6158
5275 5981
5977 5224
5567 5709
5566 5715
5634 5656
5794 5491
5594 5728
5576 5756
5159 6183
4583 6970
5130 6255
5400 6009
5256 6186
5666 5800
5199 6271
4711 6847
5206 6293
5091 6394
5189 6313
5790 5685
5800 5665
5891 5576
3903 9094
4620 7136
6163 5353
4506 7385
5552 6067
5335 6265
6175 5406
5595 6056
5530 6122
5392 6316
5365 6352
5706 6032
5570 6152
5728 6031
4954 6773
6297 5431
5310 6499
5683 6128
5748 6094
5349 6520
4776 7242
5234 6681
5401 6528
6061 5844
5528 6393
5678 6285
6656 5232
5618 6368
6959 4988
5330 6647
6459 5490
5845 6162
5430 6607
6529 5477
5842 6287
4879 7322
5718 6458
5600 6571
5813 6343
5904 6294
5488 6691
6664 5501
6235 5999
5876 6375
4717 7946
5869 6453
5971 6340
4818 7720
5368 6934
6057 6302
5848 6539
5318 7021
6050 6333
5319 7064
5396 6987
6373 6073
5507 6882
5720 6741
5263 7240
5196 7319
6468 6053
5563 6911
4536 8819
4602 8645
4861 8045
5372 7206
5692 6879
6465 6144
4649 8747
5677 6962
5222 7525
5817 6806
5487 7235
5517 7214
6364 6407
5006 8163
6133 6669
5831 6952
6238 6598
6180 6645
5860 6925
5350 7576
6236 6622
6416 6506
5882 7007
5823 7074
6191 6715
6772 6224
7121 5891
5213 8110
6016 6948
6157 6831
6892 6182
5980 7041
6122 6921
4851 8910
6327 6736
5641 7578
5789 7338
5636 7627
6453 6664
7319 5922
6291 6817
5994 7164
4921 8940
6095 7078
5621 7803
6305 6844
5952 7267
6439 6754
5526 8005
5964 7302
5014 8912
6506 6738
7029 6290
6585 6719
7563 5920
6977 6399
7308 6134
6926 6473
6046 7341
6145 7252
5697 7956
5991 7427
6153 7270
5536 8232
5216 8828
6935 6545
5934 7603
6460 6953
6464 6950
6197 7296
5643 8211
6203 7318
5996 7636
7733 6002
6287 7254
5730 8139
6893 6663
6638 6870
6838 6723
7586 6156
5950 7872
6650 6908
7081 6576
6424 7173
6214 7482
6232 7456
5993 7889
6718 6890
7315 6440
6348 7350
5975 7972
5903 8096
5387 9023
6093 7876
8985 5395
5025 9507
6960 6759
5523 8838
7002 6764
5829 8387
5271 9295
6136 7908
6409 7449
6081 8037
6681 7154
6336 7707
6924 6956
7163 6747
6643 7266
6840 7065
6758 7151
5930 8419
6908 7015
6246 8027
6165 8140
6511 7566
6376 7818
6776 7243
6041 8414
6970 7085
6648 7444
6580 7583
6058 8487
6594 7587
6591 7692
5541 9383
5454 9483
6290 8279
6655 7679
6201 8455
6808 7457
7896 6611
7844 6631
6702 7671
7053 7224
7257 7032
6475 8094
6817 7551
7443 6914
6408 8227
6969 7346
6891 7504
6489 8155
6538 8077
6616 8004
7235 7153
7331 7086
6169 8723
6955 7476
7251 7221
6983 7517
6685 8024
7433 7089
6976 7597
6346 8614
6691 8075
7554 7028
7393 7172
7055 7536
6734 8059
6692 8198
6509 8506
7080 7640
7026 7734
7696 7020
6329 8870
6640 8357
6677 8306
6653 8365
7968 6896
7505 7262
7750 7101
7369 7425
7005 7947
6938 8074
7191 7747
7242 7681
8216 6837
6707 8473
7684 7232
7278 7672
6823 8360
7884 7127
6657 8635
7138 7980
6987 8218
7692 7389
6473 9107
7744 7378
6531 9092
7387 7942
6800 8753
7273 8073
7574 7730
7652 7645
7362 8050
7829 7501
7831 7500
7338 8114
7202 8313
7452 8013
9570 6861
7949 7435
6930 8689
6975 8655
8948 6845
7114 8560
7092 8601
7229 8454
7660 7958
7401 8283
7283 8423
7828 7823
7534 8128
8483 7244
8196 7429
8011 7678
7495 8247
8339 7364
7865 7869
7347 8470
7322 8521
7892 7915
7529 8307
6814 9261
7922 7901
7605 8201
7343 8559
8149 7711
8996 7023
9539 7415
6319 9599
8443 7497
7132 8968
7499 8505
8551 7441
8084 7927
7445 8589
7003 9202
6825 9437
7904 8212
7317 8876
7367 8825
7734 8394
7312 8953
7593 8552
8274 7930
7245 9060
7226 9096
8362 7873
6919 9449
7359 8957
7131 9211
7835 8427
9781 6981
7300 9085
7541 8782
7679 8649
8246 8112
8105 8276
8278 8117
7890 8532
7258 9266
7172 9360
9396 6937
8993 7509
7402 9168
8213 8369
8682 8003
8542 8134
8687 8039
8111 8590
8017 8697
8063 8661
7559 9231
8268 8531
8098 8726
7842 9039
7272 9512
7350 9484
8355 8567
8290 8699
8771 8251
8280 8778
8596 8492
8093 9042
8069 9063
8354 8799
7973 9215
7864 9338
8505 8755
7961 9293
7848 9396
8707 8652
7720 9510
9629 8413
9269 8138
8191 9359
8651 8978
7657 9588
9722 8452
8916 8824
8458 9264
8112 9493
8134 9496
9094 8659
9581 9003
9350 8229
7325 9630
8291 9500
8244 9514
7728 9607
9071 8919
9099 8934
8741 9344
8860 9317
9250 8795
9164 8982
9288 8754
8843 9387
8853 9473
9908 8632
8429 9592
9388 8839
8935 9503
9512 8135
8023 9631
9194 9416
9703 9464
9446 8944
9134 9548
9482 9040
9429 9518
9509 9197
62563091 1005924530
1
sift 572
5398 5477
322 571
6 12
73 127
9 33
27 37
9692 8053
423 595
26 49
155 284
40 85
54 59
494 624
48 173
173 322
81 116
80 123
648 902
115 133
222 327
196 206
123 166
951 1475
103 243
476 556
232 271
165 159
1444 1238
167 201
362 796
204 311
132 277
1651 1985
172 204
543 844
216 292
185 210
1490 2275
179 230
524 1012
213 378
200 208
1805 2118
153 280
625 1346
306 313
186 231
2349 2675
151 298
724 1178
235 364
183 263
2688 2885
175 279
762 1369
266 348
169 307
2687 2934
188 314
1069 1504
248 376
314 247
3050 2891
177 411
1448 1294
327 323
254 302
3008 3140
283 290
1748 1719
219 458
214 367
3201 3852
206 390
1370 2344
260 428
239 355
3339 3828
209 449
1427 2413
253 440
251 388
3744 3513
329 334
1783 2145
304 380
285 381
4013 3356
320 359
1736 2472
318 410
333 361
4187 4885
287 437
1672 2668
350 370
273 474
4296 6682
250 517
1836 2492
317 453
359 420
5236 6436
342 479
2161 2142
344 480
390 396
4990 7118
388 417
1804 2775
372 448
346 576
5257 7025
348 621
1714 3239
410 530
398 520
5837 7614
456 471
1989 3168
380 608
408 526
6668 7288
442 531
1550 4996
444 572
462 523
7603 6441
506 511
2162 3097
447 626
374 697
7293 7016
452 599
2092 3321
407 690
437 634
7662 6750
361 779
2100 3613
486 603
439 648
8496 7280
475 661
2509 3916
500 647
425 739
8286 7515
504 660
2587 3844
446 740
415 873
7587 8606
572 604
2890 3348
424 825
472 816
8126 8492
523 681
2557 4676
436 900
638 625
8549 8259
651 645
2795 4162
581 871
629 671
9844 7594
516 856
2781 4454
539 1019
666 802
563 1035
2289 6051
568 1138
701 860
844 741
3568 3711
681 1063
833 748
783 845
2842 5037
714 1095
657 1181
715 1087
3027 4990
813 1025
855 895
914 865
3277 5366
870 988
823 1023
884 992
3667 5153
801 1172
1035 912
940 1000
2954 6573
834 1442
973 1016
1086 1037
3741 5197
987 1204
875 1323
954 1252
3749 5568
1072 1288
925 1309
908 1443
3968 5819
1019 1431
885 1522
1022 1337
4196 5745
1231 1166
1102 1264
829 1749
3987 6031
1765 1154
1163 1213
1126 1314
3888 6519
1328 1515
1065 1447
1087 1429
4381 5933
1297 1588
1304 1241
1787 1020
5111 5874
1200 1702
1193 1435
1079 1689
4691 6421
1167 1988
1182 1487
1278 1391
5036 6123
1531 1580
1623 1163
1512 1240
4603 7077
1121 2411
1404 1352
1422 1359
5704 6192
1331 1874
1279 1533
1198 1728
5286 8183
1521 1743
1500 1516
1111 2211
5500 8046
1740 1671
1483 1663
1886 1400
6287 8377
1431 2019
1429 1869
1380 1959
6873 8240
1712 1890
1709 1654
1382 1999
7652 8245
1858 1813
1510 1879
1437 1955
8137 8142
1364 2569
2073 1425
1789 1670
1915 2005
1388 2165
1540 1965
1864 2136
1535 2024
1238 2616
1862 2207
1649 1892
1605 1967
1673 2555
1326 2463
1737 1848
2321 1805
1611 2066
1603 2139
2039 2073
1810 1841
1350 2601
1880 2468
1517 2356
2106 1698
2090 2331
1511 2572
1832 2151
2207 2361
1951 1997
2008 1977
2191 2393
1825 2486
2121 2087
2113 2518
1908 2421
2048 2255
2087 3003
1626 3063
2259 2089
2014 3927
1654 3057
2320 2075
2262 3483
2508 1942
1722 2997
2410 3213
2369 2106
2294 2220
2519 3535
6588 1137
2089 2560
2643 3455
1882 2943
1963 2777
3159 2911
1990 2773
2667 2072
2748 3538
2600 2197
2537 2346
2718 4220
1866 3697
2282 2772
3112 3736
2498 2561
2253 2966
3223 3644
1924 3769
2134 3462
2108 6261
2987 2322
2021 3953
2976 4139
2261 3482
2265 3628
3306 3864
3287 2440
2228 4081
3290 4007
2913 2866
2617 3380
3517 3829
2342 4062
3168 2783
4427 3220
2561 3693
2715 3588
3561 4015
2356 4316
3092 3103
4075 3749
2658 3820
3233 3011
3473 4492
3312 3008
3622 2769
3291 4825
2632 4022
2834 3759
4125 4052
3124 3366
3205 3328
3621 5388
3017 3646
3895 2883
4438 4364
2864 4040
3400 3419
4684 4120
2950 4087
2462 5496
3378 6260
3020 4101
2898 4366
3906 5488
3185 4082
2918 4543
3977 5490
3677 3686
3825 3680
4362 5399
2843 5003
2957 4769
4445 5465
4105 3525
3285 4443
4332 5736
3534 4143
4115 3700
6293 4328
3319 4435
2894 5246
5595 4931
3305 4491
3967 4043
4457 6646
3061 5346
3047 5455
8948 3910
3886 4279
3349 5063
5413 6168
3542 4908
3612 4794
6006 5713
3476 5089
4257 4181
5228 6612
3341 5438
4613 3967
6189 5808
4967 3739
4195 4409
4648 8196
3735 5097
3950 4880
5317 7220
3692 5291
4531 4227
5909 6645
3756 5307
3738 5397
5875 7011
3379 6091
5125 4058
5222 8450
4530 4535
5028 4287
5996 7482
4454 5083
4267 5483
7121 6219
3701 6263
4293 5495
6016 7982
4349 5448
4914 4630
6446 7337
5292 4350
4003 6060
6924 6999
3704 6610
4184 5970
8278 6749
4676 5220
4683 5284
7406 7656
4080 6204
5897 4457
7892 7809
3958 6816
4756 5526
7815 7981
4939 5294
4793 5487
7317 8446
4705 5646
6164 4388
7890 8341
4326 6496
4576 6105
8642 7866
4260 6844
4743 5974
7593 8731
4162 7106
5794 5065
9105 8657
5221 5602
4611 6293
4981 5828
6297 4726
4893 6096
5845 5247
5790 5400
4668 6548
6061 5199
4671 6656
6238 5163
5439 5848
4919 6666
6398 5314
5871 5829
4867 6915
6364 5525
5047 6797
4711 7477
5142 6880
5453 6535
4860 7379
5171 6924
5006 7186
4780 7698
5737 6481
5388 6985
6509 5833
4823 7912
5486 6904
5199 7343
5600 6866
5848 6586
6457 6179
5860 6890
6046 6713
6319 6418
6808 6041
5836 7217
5830 7284
6460 6492
5517 7845
5720 7586
5697 7640
6580 6465
5674 7752
6211 7060
6348 6952
7005 6235
5779 7829
6416 6925
6408 6972
6469 6916
6246 7502
6908 6789
7263 6427
5778 8403
7243 6484
6695 7122
6591 7260
7251 6524
7081 6788
7257 6664
6718 7315
7318 6782
6817 7453
6716 7645
6511 8061
7898 6538
6653 7992
6685 8066
8896 6203
6558 8401
7569 7240
7684 7175
7131 7783
7605 7297
6657 8479
7473 7648
8443 6827
7835 7432
6594 8679
7747 7755
7778 7847
8176 7533
6960 8670
8993 7296
8063 8194
7611 8524
8742 7746
7428 8707
8533 8468
8074 8700
9429 8007
62563091 1431199262
1
sift 1850
89 54
38 23
12 9
97 55
74 45
27 17
143 104
50 28
40 24
120 71
102 43
52 29
295 248
146 96
51 30
240 314
148 106
64 26
341 302
158 138
55 38
399 356
259 165
68 35
385 318
231 230
54 48
449 402
303 184
79 47
391 324
282 252
81 52
480 389
323 271
84 50
498 344
322 222
108 58
510 401
310 301
107 70
558 542
307 303
127 62
698 543
371 333
125 66
683 564
381 253
123 84
586 716
366 339
155 100
739 653
383 317
164 103
799 619
482 470
137 136
773 664
423 374
152 116
742 711
417 567
160 118
775 803
494 375
142 164
842 774
529 460
173 133
1114 682
569 487
175 131
1052 1003
554 599
170 148
932 789
652 583
180 135
976 1060
639 600
156 167
998 839
664 597
193 130
1016 1159
704 617
188 140
1063 832
648 632
207 125
991 1227
677 701
196 153
1106 1063
671 675
216 141
1138 1087
853 578
200 154
1166 1061
899 575
219 147
1288 964
787 657
211 156
1093 1208
822 629
213 157
1130 1171
726 761
262 126
1352 970
905 670
205 163
1059 1328
852 739
186 205
1396 1067
818 724
235 159
1420 1179
942 764
221 177
1287 1281
819 733
260 161
1377 1206
1042 782
243 173
1580 1220
836 756
238 186
1506 1283
877 900
245 195
1581 1246
972 725
279 175
1340 1486
916 862
232 219
1393 1330
966 731
247 207
1421 1429
1041 822
319 179
1681 1336
1012 722
254 229
1686 1482
1073 954
253 234
1751 1677
889 1065
242 242
1647 1859
1074 968
258 238
1979 1549
951 1011
290 208
2018 1646
1049 1018
266 225
1820 1841
1181 961
304 220
1936 1900
1125 1093
275 265
2412 1442
1333 889
318 259
2573 1599
1395 920
283 287
1982 1839
1366 969
362 197
2107 1894
1134 1273
317 266
2031 2198
1256 1046
327 258
2967 1698
1245 1217
306 281
2735 1827
1619 890
342 264
2290 2462
1339 1137
358 244
2324 2078
1373 1030
320 311
2331 2476
1246 1254
353 291
2479 2345
1383 1113
344 306
2528 2312
1133 1413
355 313
2902 2088
1586 1043
350 325
2909 2295
1343 1242
361 321
2923 2081
1480 1172
380 319
2758 2696
1344 1359
376 331
3438 1916
1236 1329
359 345
2992 2553
1949 1103
372 336
3694 2122
1255 1341
425 308
2833 2709
1367 1641
405 323
2711 2723
1613 1190
389 338
2881 2731
1682 1396
390 346
3054 2690
1415 1401
465 310
3244 2560
1491 1721
388 368
2906 2811
1490 1369
378 378
3155 2767
1539 1767
398 384
2708 3113
1635 1291
422 358
2812 3024
1969 1420
374 413
2516 3650
1566 1361
408 376
4178 2341
2067 1544
437 355
2926 3080
1829 1314
447 363
2716 3420
2058 1606
439 373
3270 2884
1444 1651
451 369
3197 2963
1909 1725
535 329
3067 3104
1690 1782
434 400
3302 2965
2042 1669
436 404
4421 2544
2176 1497
459 394
3122 3802
1998 1730
513 354
3274 3362
1651 1991
508 360
3970 3176
1950 1851
442 431
3206 3985
2431 1571
419 474
3649 3434
2080 1817
475 417
3236 4091
1805 2008
523 403
3454 3941
2103 1824
470 471
3696 3536
2276 1733
560 381
3751 3597
2078 1858
500 444
3190 4375
1778 2169
562 392
3629 3885
1997 1953
491 485
4769 2957
2318 1806
543 462
4254 3382
1961 2093
492 535
4098 3419
2071 1954
709 362
3705 4040
2220 1960
578 450
3725 4030
2563 1741
565 475
4157 3655
2295 1923
712 397
4318 3567
2081 2065
538 523
3699 4389
2450 1869
600 483
3779 4332
2303 1921
568 515
4044 4085
2205 2180
572 532
3567 4577
2268 2171
665 463
4011 4142
2442 2074
607 493
5088 3199
2344 2120
702 440
3900 4532
2297 2342
504 608
3931 4575
2432 2140
531 571
4106 4508
2726 2105
581 546
4809 3805
2717 1930
628 519
4594 4237
2690 2246
617 541
4430 4301
2349 2296
624 540
4419 4695
2742 2354
657 544
4472 4606
2687 2399
651 562
5731 3688
2675 2665
717 529
4245 4860
2670 2537
596 613
4663 4457
2512 2872
551 671
4738 4447
2260 3061
629 587
5468 4011
3804 2041
622 614
4829 4428
2661 2674
570 668
5803 3829
2745 2647
615 627
4482 4839
2944 2486
663 595
5657 4004
2744 2883
614 647
5321 4192
2614 2935
711 568
5220 4431
2637 3159
707 585
5386 4338
3356 2600
873 508
4957 4729
3984 2478
724 573
4941 4814
3483 2737
834 537
6052 4169
3508 2758
730 590
5202 4698
3004 3017
715 633
5079 4938
2928 3385
681 677
5893 4692
3198 3179
687 669
5054 5352
3380 3092
748 609
4940 5479
3238 3259
642 720
5740 4849
3310 3198
585 798
5398 5096
3339 3163
666 699
5656 4988
3562 3046
670 719
6355 4521
4187 2871
716 678
5546 5233
3377 3401
807 589
6967 4175
3873 3044
856 572
5808 5065
3449 3376
828 610
4965 5846
3587 3431
688 757
6047 4895
3284 3979
841 622
5186 5799
3771 3363
762 674
5525 5511
3489 3845
831 628
4654 6664
5476 2669
758 689
5640 5902
3344 4102
824 640
5792 5292
3088 4501
795 663
6228 5377
3363 4125
774 695
6176 5582
4070 3351
849 659
6325 5428
4032 3452
805 715
5604 6382
3524 4020
766 754
5802 6259
3765 3734
746 778
6353 5668
3720 3893
1057 592
6320 5847
4374 3297
653 917
5329 6964
4051 3603
1007 631
6488 5744
4079 3697
898 709
7363 5340
4760 3070
859 738
6276 6243
3297 4608
930 697
6411 6463
3753 4052
794 780
5481 7497
4027 4031
897 746
6737 6155
4206 3725
848 776
6980 6172
4156 3910
801 807
6030 7155
4291 3840
1002 702
7798 5508
4518 3670
757 876
6684 6553
3653 4513
1001 723
7558 5763
4231 4230
844 810
6597 6795
4209 4008
967 767
7902 5892
4473 4055
855 838
6782 6885
4870 3608
763 957
9295 5227
4124 4436
833 856
7760 6480
5303 3453
870 845
7703 7009
5060 3665
1071 734
8178 6697
4420 4300
776 951
8059 6808
4975 3741
783 955
8975 6211
4383 4419
1051 765
9682 6142
4063 4747
1020 783
7591 7220
5655 3441
846 943
7771 7261
5351 3617
1121 792
7752 7253
4297 4641
814 1023
7860 7212
4969 3975
847 986
8933 6528
4526 4422
919 926
7116 9583
4751 4207
1118 806
8148 7226
4388 4633
1046 840
8192 7407
4593 4418
883 988
8007 7383
5236 4084
990 869
7115 8473
4179 5372
949 933
9802 6875
5834 3756
1018 871
8487 7600
4621 4770
1013 873
8984 7443
5184 4336
1100 833
7765 8498
4377 5126
988 901
8300 8102
4838 4580
954 952
8858 7665
4553 4920
920 991
8923 7782
5185 4396
894 1028
7644 8981
5981 3986
1167 808
7755 9200
5434 4309
950 996
8838 9616
4973 4622
1126 897
9278 8033
6595 3605
1068 987
9626 8875
4819 4810
1044 1014
9730 8885
4990 4727
1084 1012
8956 9255
5282 4544
1102 1017
9846 9872
4998 4773
992 1094
9907 9845
5090 4908
1131 992
9431 9234
5257 4781
1177 944
9501 9423
5444 4708
1214 903
4528 5757
1086 1045
6627 4098
1105 1031
5314 4950
1132 1024
5670 4960
973 1184
5482 4865
1056 1101
5839 4837
1249 909
5585 4913
1037 1182
4795 5869
914 1319
5270 5339
1325 902
5856 4911
1319 916
5178 5471
1072 1174
5723 5039
1272 959
5464 5314
1104 1133
5783 5143
1147 1091
4896 6165
1353 924
5832 5364
963 1322
4898 6174
1168 1098
5382 5839
1364 958
4970 6152
1322 985
5543 5776
1120 1198
5922 5145
1092 1239
6865 4712
1136 1196
5108 6093
1507 941
6361 5129
1299 1037
5469 5765
1188 1168
6669 4904
1193 1163
6452 4952
1200 1136
5791 5850
1149 1234
5364 6199
1224 1116
6031 5819
1182 1225
6625 5341
1148 1279
6296 5950
1372 1066
6101 5910
1290 1146
6323 5939
1304 1134
6025 6126
1427 1081
6243 6060
1204 1258
6331 5807
1173 1299
6292 6104
1279 1215
6797 5412
1526 1111
6020 6549
1330 1245
6502 5914
1525 1124
6923 5640
1632 1069
5732 6853
1508 1145
6048 6688
1335 1252
7647 5069
1207 1366
6440 6269
1358 1250
6971 5644
1297 1318
6826 5880
1354 1296
6067 6654
1749 1076
6205 6645
1445 1264
5744 7142
1764 1079
6522 6754
1345 1315
6821 6001
1196 1545
7581 6038
1518 1271
6358 6485
1497 1280
7118 6444
1271 1439
7587 5604
1405 1325
7323 6517
1231 1519
7564 6022
1521 1292
7494 6409
1307 1443
8359 5715
1528 1304
7454 6458
1914 1083
6223 7594
1306 1463
8296 5955
1859 1104
8593 5661
1607 1270
8346 5919
1833 1131
7045 7113
1562 1306
7304 6973
1854 1130
5878 8681
1422 1387
7396 6904
1401 1418
8200 6320
1431 1414
6784 7574
1535 1356
7489 6896
1430 1435
7293 7195
1693 1278
6621 7802
1403 1491
7723 6891
1860 1204
5686 9134
1862 1219
7984 7016
1564 1386
9640 6265
1466 1474
7375 7460
1356 1592
7735 7271
1499 1460
7866 7210
1722 1303
7506 7480
2298 1049
6402 8868
1278 1722
7602 7433
1359 1628
8758 6696
1487 1501
7895 7269
1455 1558
7576 7488
1620 1412
7069 8038
1459 1574
8398 7059
1544 1533
7189 7906
2076 1197
7335 8369
1955 1251
6869 8383
1729 1374
8822 7273
1631 1458
8003 7291
1660 1431
8655 7406
1780 1354
9850 6331
1437 1667
8156 7907
1485 1630
8934 6976
1349 1764
9716 7164
1361 1755
7544 8176
1604 1520
7936 8238
2013 1256
8711 7290
1643 1489
8710 7593
1770 1406
8053 7981
2028 1276
8797 7570
1640 1540
7573 8569
2168 1237
8957 7522
1668 1535
8219 8025
1309 1898
8204 8271
1765 1449
9643 7530
1726 1492
7701 9704
1664 1578
8871 7785
1371 1866
9595 7841
1561 1689
8126 8559
1742 1504
8977 7850
1730 1513
8991 7934
1943 1363
7615 9935
1853 1419
9061 7872
1851 1434
8327 8780
1555 1727
8068 8742
1662 1631
9769 7954
1837 1455
8670 8326
1864 1450
8792 8534
1825 1494
8399 8560
1645 1676
8617 9671
1648 1672
9813 7738
1673 1655
9748 8192
1599 1729
8174 9089
1783 1551
9157 8415
1622 1746
9946 7997
1918 1465
8927 8854
2275 1300
9610 9742
1904 1517
9618 8881
1708 1732
8827 9047
2265 1332
9654 9748
1810 1639
9837 8605
1803 1648
9628 9912
1832 1625
9917 8737
2020 1487
9712 9902
1634 1861
9778 9119
2229 1391
9947 9836
1712 1790
9929 9358
1958 1566
1880 1652
2247 1393
1894 1671
2108 1534
1792 1802
2110 1560
1556 2069
2092 1585
1915 1718
2085 1608
2061 1627
1800 1835
2093 1644
2490 1428
1990 1757
1666 2064
1759 1952
1498 2332
2087 1710
2111 1700
2162 1679
1861 1909
2039 1769
1426 2509
2095 1744
1908 1892
1753 2058
1550 2371
2518 1550
1740 2136
2191 1760
2127 1797
2350 1664
2480 1621
2113 1845
2015 1920
1881 2070
1978 1963
2498 1692
2638 1624
1987 2005
2138 1913
2955 1473
2627 1663
2306 1857
1814 2287
2008 2059
2369 1870
1804 2383
2363 1882
2121 2032
2066 2125
2382 1897
1848 2416
2410 1912
2482 1884
2043 2184
2106 2152
2209 2063
2396 1940
2624 1815
2434 1926
2386 1951
2712 1778
3156 1601
1942 2376
2000 2308
2462 1945
2321 2029
2035 2300
2251 2118
2402 2009
2328 2073
2172 2227
2025 2364
1892 2565
2825 1799
2629 1907
1886 2603
2581 1944
2007 2449
2340 2128
2539 1997
2445 2085
2296 2222
2956 1825
2587 2013
2090 2473
2437 2162
2355 2229
2245 2317
2073 2527
3112 1808
2509 2134
2696 1976
2784 1939
2438 2200
2161 2514
2389 2281
1885 2897
2520 2192
2343 2338
2561 2177
2259 2447
2553 2189
2239 2490
2510 2240
2527 2244
3136 1908
2439 2415
2314 2555
2364 2500
2976 2023
2376 2515
2643 2261
3058 2019
2660 2286
2521 2427
2939 2095
2506 2472
2594 2379
3047 2066
2755 2258
3005 2107
2748 2277
2840 2202
2613 2410
2715 2318
2468 2620
2999 2157
2836 2248
2760 2344
3052 2174
2123 3036
3741 1914
2641 2496
2718 2434
2476 2708
3231 2135
3034 2242
2918 2301
2831 2367
2491 2739
2920 2316
2937 2310
3019 2276
2770 2469
2537 2743
2837 2414
2792 2466
3514 2099
2986 2357
2815 2504
3239 2251
2766 2583
3031 2393
2649 2738
3205 2305
2497 2892
2811 2571
2912 2492
2795 2602
3085 2407
3185 2360
2600 2834
2921 2516
2492 2959
2899 2580
3178 2419
3242 2408
3247 2401
3076 2525
2839 2733
3027 2599
2541 3049
3624 2275
3707 2245
2842 2779
2890 2761
2669 2967
3151 2617
3388 2450
2709 2940
3117 2651
3016 2718
2922 2794
3491 2461
3146 2717
3159 2720
2791 2971
3030 2815
3521 2506
3258 2680
3692 2439
2319 3931
3507 2540
3950 2337
3801 2404
3319 2681
2911 2936
3181 2806
3704 2487
3126 2839
2940 2947
3552 2582
2915 2989
4026 2385
3442 2687
3170 2861
3835 2491
3738 2548
3254 2851
3680 2624
3701 2615
3305 2833
3581 2705
3646 2675
3223 2922
3540 2762
2963 3126
3090 3040
2897 3213
3726 2685
3817 2661
3465 2848
3542 2821
3104 3106
3534 2836
3083 3138
3655 2786
3379 2941
3372 2960
3525 2875
3435 2944
4170 2606
3532 2891
3304 3026
4737 2326
2523 4290
3554 2915
2706 3918
2804 3706
3566 2919
3177 3241
4211 2672
3044 3395
3670 2907
4068 2742
3072 3426
3220 3275
3269 3220
3677 2946
3548 3028
3312 3232
4328 2702
3378 3192
3879 2888
3309 3258
4656 2533
3412 3191
4311 2735
3473 3153
3233 3404
2888 3928
4449 2700
3722 3013
4294 2781
4458 2740
3148 3693
3878 3004
3870 3032
4071 2942
3169 3728
3647 3177
4341 2844
3700 3195
3640 3263
4111 2982
3403 3543
3568 3377
3043 4124
3384 3618
3615 3371
3644 3355
4399 2913
3394 3651
3522 3538
3893 3210
4921 2707
4128 3084
3561 3514
3949 3240
3322 3923
4105 3145
3816 3375
3290 4025
4336 3062
3446 3847
4213 3155
3622 3645
3585 3825
3709 3669
3967 3486
4434 3128
3930 3542
4125 3373
3287 4326
3346 4243
3872 3631
3818 3745
4462 3178
3956 3619
3906 3691
3838 3785
3977 3637
5498 2797
4126 3500
4002 3654
3506 4203
4435 3272
3892 3778
4102 3604
4362 3397
3957 3817
4351 3416
4210 3575
4222 3587
4033 3770
4024 3794
4284 3555
3175 4824
5059 3006
4836 3108
4332 3554
3843 4069
4577 3329
3883 4107
3661 4352
4333 3672
4491 3502
4695 3310
3887 4155
4395 3686
4016 4079
3336 4822
3368 4820
3775 4363
4767 3319
4349 3812
4194 4002
4260 3949
4414 3764
3960 4252
4437 3773
4837 3350
4699 3487
4205 4096
3823 4474
4648 3628
3825 4545
4052 4328
5131 3333
4455 3982
5414 3221
7002 2763
4602 3834
4116 4432
4758 3717
4916 3611
4682 3862
4252 4365
4741 3807
4773 3758
4109 4517
4676 3936
4604 4026
5426 3381
5237 3505
4742 3907
5628 3323
4877 3776
4558 4131
4180 4600
4848 3873
4380 4410
4920 3849
4579 4149
4574 4179
5419 3528
4923 3909
3913 4944
4684 4136
4939 3944
4882 3996
5319 3666
4628 4227
4914 3997
4893 4023
5719 3463
4365 4585
4669 4208
4950 4012
5678 3530
5310 3772
5536 3641
4459 4550
4828 4129
4743 4269
5235 3930
4401 4699
4539 4511
4759 4343
5356 3934
4453 4714
4936 4211
4899 4250
6086 3524
3851 5675
6192 3551
4845 4414
5570 3970
5370 4116
4247 5173
4626 4687
4613 4716
5902 3806
5006 4381
4344 5066
4489 4854
6214 3646
5091 4356
4372 5105
4339 5149
4266 5321
5144 4385
5350 4253
5126 4417
4559 4881
4811 4644
5411 4255
5213 4442
4354 5332
5242 4435
5018 4595
5339 4379
5271 4469
6231 3914
5441 4434
6570 3730
6484 3808
4592 5148
4601 5152
7328 3383
5396 4523
5261 4626
6314 4039
4755 5078
7730 3312
5297 4674
4756 5122
6064 4216
5726 4455
5871 4359
5070 4838
6397 4086
5720 4504
4438 5794
4733 5259
4531 5580
4345 6028
5433 4709
5600 4615
4750 5301
4861 5196
5307 4821
5073 5020
5331 4834
4402 6176
5790 4630
4813 5410
4897 5337
5175 5061
5535 4811
5836 4663
5809 4694
4690 5726
5782 4746
6081 4584
5277 5115
5066 5327
5738 4787
6203 4530
5816 4751
5634 4878
6180 4563
6329 4491
5505 4992
7492 3897
6749 4280
8734 3425
5222 5374
5952 4784
6016 4753
5960 4789
6038 4754
5558 5095
4976 5688
6305 4624
5181 5494
5817 4943
4881 5878
6764 4406
7967 3860
5052 5749
5627 5184
4906 5952
5750 5080
5729 5123
5488 5353
4793 6206
6466 4673
5380 5514
5363 5572
5848 5108
5945 5024
5980 5010
6404 4744
5766 5214
6524 4690
5860 5127
6408 4757
5704 5310
5368 5654
5705 5336
5923 5114
6237 4898
5233 5903
6291 4899
5898 5242
6563 4750
5584 5598
5869 5330
5551 5659
4791 6560
5228 6068
6077 5175
5617 5716
5366 6005
4967 6477
6019 5351
6338 5072
9147 3774
6614 4874
6092 5320
6287 5146
5971 5475
5917 5561
6015 5520
5748 5777
5511 6056
5643 5948
6327 5231
5458 6147
8056 4318
5977 5616
4915 6839
7077 4762
6174 5461
6307 5342
5521 6178
5995 5684
6465 5234
7067 4819
5736 6034
6150 5589
5909 5814
6145 5611
6489 5279
5462 6389
6765 5073
6319 5497
6089 5738
7162 4844
6298 5599
7630 4693
5975 5968
6422 5524
6046 5900
6808 5157
5779 6247
5845 6217
5595 6487
6557 5483
7033 5062
6072 6015
6062 6108
7121 5076
7516 4851
6041 6153
6682 5474
6293 5890
5632 6648
6395 5792
6254 5973
5682 6614
5326 7028
6460 5761
6003 6292
6390 5882
6531 5728
7156 5162
7170 5249
6459 5922
7402 5110
6509 5894
6591 5834
6817 5666
6364 6146
6733 5725
4902 7884
6685 5821
6586 5979
7400 5268
6206 6453
6028 6665
7481 5303
6412 6290
6953 5739
6235 6519
7554 5291
6759 6007
7904 5136
6572 6257
7210 5671
6975 5865
8016 5128
6193 6728
7440 5541
6416 6509
7512 5538
7005 5943
7515 5549
6648 6317
7867 5308
7241 5751
6871 6187
7072 5984
6899 6159
7347 5743
8514 5056
7098 6026
6800 6315
6421 6711
5341 8005
6157 7054
8920 4902
6299 6897
8149 5319
7698 5613
8394 5207
7964 5455
7548 5774
8008 5535
8656 5171
6453 6918
8020 5558
5724 7787
6365 7057
7283 6162
8463 5368
7686 5886
7646 5913
7625 5961
6889 6631
6853 6680
7114 6434
7316 6302
6718 6908
6977 6666
7081 6561
7242 6435
7338 6373
6882 6821
6389 7326
7540 6345
8953 5465
7968 6188
7207 6760
7652 6386
7130 6850
8194 6063
7103 6913
6863 7149
7660 6446
7300 6765
7610 6516
8501 5966
7382 6755
7828 6421
7562 6611
8726 5862
7909 6418
7257 6935
7623 6610
7541 6712
7578 6737
6574 7764
7226 7108
8291 6316
6773 7534
7978 6506
7503 6898
8227 6404
9308 5601
8135 6491
7475 7015
8511 6285
7251 7180
8859 6103
6462 8181
7696 6900
7487 7086
8736 6225
6163 8612
8019 6675
8176 6602
7175 7363
7262 7303
8220 6624
8262 6618
7915 6919
7060 7576
8134 6764
7692 7093
7939 6933
8298 6702
8570 6545
8086 6915
7377 7401
8261 6815
9000 6334
7057 7792
7331 7492
7598 7285
7282 7532
7129 7745
7907 7146
9532 6858
9530 6878
9066 6406
7682 7385
7308 7754
8387 6954
7908 7276
8574 6910
7906 7340
7281 7886
8195 7167
7367 7818
8528 7037
8890 6759
7245 8021
9271 6420
7801 7524
9033 6723
8084 7353
8443 7205
7065 8424
6856 8723
9083 6775
8373 7284
8029 7552
7912 7703
7953 7659
7395 8229
8290 7417
6428 9990
9718 6825
7213 8480
9660 6967
7864 7859
9316 6682
7829 7910
9106 6994
8405 7478
8069 7779
9181 6989
9722 6991
7780 8077
9675 7079
9521 5908
8362 7684
8040 7964
8440 7632
7891 8149
8104 7998
9007 7294
7340 8716
7684 8375
7605 8450
8088 8103
8829 7486
9697 7260
9447 6786
9046 7359
8844 7509
8676 7674
7237 9046
7500 8825
8779 7715
8661 7838
8281 8188
7925 8489
8961 7680
9005 7636
7848 8638
8371 8224
7937 8580
8714 7936
8146 9606
8831 7922
8105 8572
8754 8020
9703 7628
8504 8286
8752 8080
7996 8700
8203 8531
8963 7927
7513 9140
7337 9308
8894 8012
9662 7821
8878 8064
7726 9803
9629 7982
7725 9067
8642 9582
8557 9597
9194 7798
9469 7316
7574 9929
9150 7926
7705 9163
9253 7776
8842 8293
9186 7894
8382 9645
9327 7667
7923 9060
7538 9988
8628 8492
8136 9786
8884 8373
8216 8905
9196 8030
8708 8567
8358 8850
8365 8861
9933 7556
9479 7494
8532 9705
9959 7513
8535 9716
9444 7643
9842 7925
9572 9650
9048 8446
8391 8972
9129 8354
7815 9371
8868 8613
8074 9232
7898 9367
8694 9729
9908 7901
8689 9756
9015 9635
9488 7644
8451 9858
9937 7938
8981 9717
7428 9554
9058 9703
8849 9054
9312 8505
8618 9247
9036 9105
9388 8636
9325 8773
9789 9752
8987 9922
9111 9136
8824 9388
9738 9084
9812 9800
9322 8980
9482 8628
9958 9683
9304 9128
8922 9483
9364 9108
9841 9883
9446 9015
9827 9321
9291 9374
9448 9174
9120 9532
9969 9344
9981 9859
62563091 1789068863
1
sift 230
9 46
48 228
40 97
27 52
81 138
76 159
179 264
80 149
64 210
173 342
205 297
104 285
166 209
221 352
188 332
139 290
185 232
432 957
177 524
172 273
254 294
543 1157
306 311
283 292
235 379
1483 1345
213 456
214 446
266 389
1326 2734
248 431
251 443
197 554
1370 2740
285 402
329 363
219 527
1382 3341
260 468
209 684
304 438
1714 4160
273 495
333 457
317 478
1550 5063
250 607
287 533
359 447
1989 3519
372 503
388 473
338 584
2091 4056
398 548
348 643
456 553
2509 4217
444 572
506 615
486 592
2587 4726
425 802
439 729
475 734
2795 4332
572 638
533 694
638 619
3030 3999
750 753
783 827
666 899
2557 5147
681 1052
833 844
715 1150
2921 4231
894 1235
914 967
884 1301
2289 6506
880 1525
875 1506
1072 1252
2781 5160
1022 1322
925 1731
885 1829
3027 5443
1231 1291
1102 1480
1126 1446
3670 4460
1019 1698
1087 1664
1422 1220
3906 5030
1193 1583
1306 1373
1278 1445
4197 6027
956 2331
1623 1361
1079 2023
3968 6639
1200 1749
1082 2237
1283 1782
3987 6702
1564 1646
1501 1653
1198 2346
4125 7593
1521 2158
2073 1602
1864 1991
4691 6554
1915 2061
1510 2977
1603 2567
5036 6530
1517 3017
1952 2553
1604 2873
4861 6921
1722 2746
1844 2793
1673 2985
4671 7812
1654 3266
2086 3041
1511 3737
5563 7340
2259 2315
2011 3698
1780 3472
5286 8078
2508 2520
2463 2886
1990 3414
6457 6652
2253 3145
2134 3535
2087 3563
5813 8333
2410 3426
2121 4031
2498 3377
2987 2694
1721 7386
2612 3331
2398 3856
3094 3795
2262 4190
3465 2887
2864 4236
2261 4832
3233 3233
2950 4518
2519 4298
3105 3628
2736 5623
3223 3806
3290 4005
2265 8006
2976 4490
3517 3868
3895 4141
3205 4232
3185 4432
3486 4715
2898 5065
3319 5406
3305 5258
3146 5842
3476 6430
3886 4536
3677 4912
4267 5586
4387 4401
3612 5808
4676 5289
4195 4984
4771 4525
5022 5284
6164 4293
3701 7669
4184 6635
3738 7594
4003 7116
5595 5008
4876 6439
4349 6695
4577 6628
4288 7925
4260 7612
4880 7039
4368 7952
6238 5508
5229 6926
5511 6556
4867 7577
5259 7512
6379 5825
6061 6077
5790 6737
5221 7411
5944 6676
5047 8230
6718 6559
5211 8284
5848 7690
5730 8283
7319 6230
6460 7986
6808 7093
7121 7045
6580 7837
8074 6336
7433 6925
7263 7311
6591 8385
6695 8443
6616 8629
7684 7647
9728 6830
7778 8372
9041 7807
9250 7568
62563091 2080441786
1
sift 95
698 323
148 70
123 39
259 85
3350 1616
370 255
318 134
327 136
2741 2593
423 239
344 152
350 196
3751 3273
494 245
492 265
390 352
5879 2884
648 425
687 518
671 559
5703 3257
852 431
919 630
1013 601
5398 4243
1064 781
804 919
1589 698
6234 4176
1245 994
2287 675
1266 1047
6488 4384
2058 1154
1297 1097
1466 1091
7120 5883
1909 1319
1459 1303
1837 1092
8984 5201
2205 1619
2343 1467
2442 1564
7972 6809
2690 1504
2396 1637
1942 1955
2928 2001
3722 1759
2811 2104
2661 2982
2522 2495
2843 2566
5257 3057
3170 2770
4737 2155
4760 3254
4463 2607
4916 2463
5337 3945
3506 4114
4453 3550
5444 4127
8532 2635
5505 3773
5723 4208
5129 4341
6765 3567
6625 3712
6302 4424
5178 4931
6292 4749
6953 4061
5155 5362
8003 3983
5898 5598
7045 4569
6706 5041
6395 5152
9083 4140
8822 5186
6870 5393
8227 4842
8156 5707
7251 5505
8029 5515
7293 8050
9722 5223
8387 5828
9626 8762
8676 5683
8878 7489
8443 8814
9937 7539
