626637720 672853355
1
sift 180
453 127
25 4
646 149
644 143
32 6
1331 89
37 7
552 200
615 153
46 9
648 181
66 13
994 198
958 172
115 19
582 216
143 33
1136 303
1391 327
164 30
1843 139
211 58
1640 448
1732 311
278 54
757 207
350 67
1874 433
1593 354
651 83
2080 152
383 101
1470 503
1619 405
694 88
1998 163
1233 81
2439 441
1783 453
539 119
1009 215
978 141
2635 504
3466 591
983 142
2349 204
890 161
2590 576
3316 638
708 190
1569 325
2089 176
3750 705
3334 679
821 250
2781 262
2203 175
3436 752
3554 799
866 271
1615 332
1015 263
3865 789
4437 818
1586 211
5086 299
1495 222
5537 1245
3606 922
1072 301
3277 381
2392 213
5896 1352
5992 882
2422 251
5470 436
2155 274
6344 1403
4932 1000
2875 244
2637 595
1882 319
4089 1082
1703 352
2785 585
1624 365
4873 1142
1750 358
2709 660
1790 409
5311 1215
1646 439
2865 704
1389 473
6312 1334
1660 458
3755 708
2017 456
6414 1535
2159 450
3309 781
3012 392
6970 1504
2402 452
3908 784
1852 538
7009 1540
4286 410
3929 893
2579 536
7089 1546
2812 515
5721 973
2618 557
2914 566
4899 1066
4730 481
2708 623
4837 1124
2822 629
3292 602
5521 1095
4416 554
3270 622
5774 1083
3687 596
3007 682
6146 1157
2947 691
4888 598
6721 1189
2513 820
3402 748
5936 1300
3338 764
3773 712
5403 1353
3778 775
4176 785
5868 1424
4072 814
4580 788
6720 1435
6187 698
4394 826
6622 1460
6193 702
4464 840
7088 1409
3826 915
3863 924
7072 1509
6032 795
5331 878
6305 1701
5939 902
5024 986
6737 1682
4717 1024
5886 1001
6807 1737
5329 1059
5995 1050
6795 1006
6231 1042
6186 1176
6045 1216
5799 1260
5843 1258
6095 1239
6635 1222
6762 1227
6728 1242
6687 1319
6647 1361
7127 1366
5757 1822
7108 1606
7068 2055
4195 4014
626637720 769617110
1
sift 170
513 106
37 7
560 127
493 126
115 21
582 141
164 36
667 151
552 121
211 63
1009 212
278 64
960 149
1265 209
694 50
1615 227
331 72
890 161
866 265
384 76
2142 410
372 95
886 168
1470 298
508 101
2865 574
517 110
1675 296
1640 351
615 147
3865 628
708 185
2021 321
2844 349
978 169
5452 703
983 173
2077 331
2635 418
1351 155
3929 876
903 187
1803 387
2593 426
988 181
3908 918
875 200
2649 358
2439 446
1015 215
4899 849
1099 229
2800 434
3441 548
793 270
5521 830
1153 237
3004 430
3750 603
1072 250
4837 906
1366 241
2590 508
3436 680
1494 245
5570 915
1800 257
2726 517
4266 681
1624 268
5774 927
1391 286
3756 518
4105 711
1460 281
5721 936
1588 280
3080 686
5537 818
1658 288
6146 920
1481 303
4700 723
5740 1296
2422 271
6721 986
2082 306
4557 922
1808 320
6807 1083
1790 327
5053 882
1882 323
6622 1122
1828 332
5400 854
1999 355
6305 1436
2951 313
5617 929
2017 367
6737 1423
2159 369
5496 947
2402 381
3311 366
5194 1045
2816 401
2707 424
6344 1054
2514 448
2618 447
2727 440
2748 441
2579 495
2914 474
2915 481
2893 488
3292 471
3414 473
3081 502
3687 491
4416 478
2826 581
3270 564
4028 530
3778 545
3527 559
3645 568
5040 525
3692 620
3402 674
4054 619
6187 547
4176 643
3960 660
4816 609
4464 670
3863 715
4262 700
6866 579
4580 701
4211 741
6633 612
5601 662
5455 747
6639 713
5886 764
5329 809
4747 878
6661 771
6399 782
5995 803
5223 873
7116 798
5939 886
6795 831
5024 965
5843 910
5757 930
5490 953
6095 971
6932 914
7097 901
6608 946
6647 974
6762 978
6316 1013
5460 1339
7108 1286
626637720 1159754689
1
sift 659
91 231
24 49
22 47
67 202
38 80
25 62
124 429
41 87
33 70
306 737
64 101
37 73
290 1000
72 186
49 89
339 812
109 228
59 120
433 779
142 381
60 123
417 682
107 333
57 131
403 954
158 335
63 121
595 996
159 341
65 158
393 1735
220 405
69 143
715 1903
209 601
61 208
447 1560
323 786
88 190
955 1442
187 856
87 237
568 1097
348 732
98 209
1109 1538
335 739
86 292
608 1094
414 665
100 259
905 2581
289 1343
115 250
512 2078
370 1433
119 363
995 2383
723 988
136 314
863 2203
481 1419
145 319
1052 2258
597 1232
153 325
1213 2269
646 1155
127 431
1128 2479
686 1826
152 340
1079 2984
582 1430
164 408
1328 2376
757 1668
178 391
1218 2904
958 1303
175 404
1437 2365
807 1830
194 349
1446 2320
644 2296
192 358
1369 3295
1231 1248
183 410
1542 2961
945 1776
199 378
1312 3787
1154 2102
191 446
1346 3887
1167 2139
197 440
1688 3189
1115 2228
216 412
1606 3176
1229 2114
182 518
1431 4236
1020 2701
205 452
1678 3294
1134 2418
212 492
1587 3559
1068 2832
237 450
1764 3242
1459 2036
238 476
1557 4402
1189 2711
241 514
1965 3200
1202 2670
232 553
1995 3171
1663 2145
211 634
1887 4610
1120 3063
285 463
2270 4952
1569 2607
190 832
2042 4461
1616 2603
283 568
2631 4186
1468 3028
274 594
2256 3873
1485 3097
269 642
2554 5061
1441 3399
276 636
3054 4890
1528 3133
264 699
3141 6949
1783 3128
266 669
3033 5264
1331 4943
295 609
3940 6220
2019 2840
279 672
2997 5349
1719 3366
314 582
4245 7017
1708 3714
298 650
6223 7054
1607 4606
316 649
1779 3583
240 975
2075 3465
244 1002
1573 5081
326 673
1856 4226
334 728
2142 3641
420 566
2222 3762
331 796
1868 4917
378 640
2069 4413
361 708
2176 4733
350 750
2403 3951
364 711
2809 3349
349 828
2133 4957
421 677
2278 4650
338 955
2347 4440
394 776
2550 4159
373 824
2568 3968
355 948
2923 3587
419 794
2709 4623
451 746
2855 4836
404 873
3375 3685
401 919
2735 5116
389 952
2637 5611
413 1061
2996 4701
484 803
2349 7113
454 900
2564 5630
471 981
2397 7065
476 1015
2372 6458
545 833
3180 5140
630 762
2653 6351
456 1114
2964 6273
536 906
2910 5741
372 1736
3309 5452
381 1647
3118 6470
508 1034
3212 5719
502 1063
3334 5849
464 1226
3298 5982
480 1172
3208 6260
493 1171
3865 5157
500 1153
3255 6772
517 1101
3554 6340
551 1054
3918 5995
569 1022
3474 6726
563 1039
4602 5214
494 1254
3796 6363
552 1139
3792 6972
559 1138
4296 6452
577 1132
4870 5574
482 1607
3898 7009
592 1283
6644 5710
587 1304
554 1468
543 1507
615 1311
721 1142
504 1825
546 1568
688 1196
647 1292
612 1409
740 1225
667 1351
645 1470
706 1349
672 1474
596 1734
742 1342
641 1663
580 1892
726 1432
736 1412
683 1547
658 1683
749 1438
716 1550
784 1367
794 1449
733 1662
707 1818
758 1625
651 2002
661 2007
865 1387
832 1476
793 1693
816 1609
851 1575
741 1985
1258 1105
830 1691
894 1522
760 1983
782 1931
886 1553
694 2292
892 1534
898 1591
856 1722
1055 1358
870 1770
812 1986
921 1653
866 1828
859 1894
901 1784
1117 1493
954 1851
1111 1617
994 1835
1029 1758
1015 1787
878 2088
753 2843
881 2135
1014 1856
928 1998
837 2457
1097 1793
1002 1951
1076 1848
978 2004
1005 1989
960 2063
983 2042
944 2132
1132 1860
1061 1978
855 2696
997 2150
1104 1974
1003 2171
981 2232
1032 2200
1043 2245
980 2438
834 3142
1264 1945
1126 2195
1277 1958
1158 2176
1133 2238
943 2834
1211 2184
1360 1949
1206 2276
1183 2385
939 3131
946 3127
1274 2214
1289 2244
1166 2556
1299 2263
1203 2555
1315 2290
992 3305
1262 2528
1378 2215
1227 2642
1405 2253
1275 2654
1207 2852
1245 2850
1575 2075
1403 2513
1370 2599
964 4216
1500 2288
1216 3103
1301 2859
1466 2401
1376 2677
1099 3599
1433 2575
1384 2723
1152 3454
1453 2562
1261 3181
1535 2410
1494 2516
1406 2823
1265 3356
1585 2431
1372 3070
1470 2802
1518 2713
1224 3798
1456 2962
1326 3380
1519 2797
1541 2756
1672 2480
1348 3331
1460 3005
1582 2697
1529 2938
1233 4262
1674 2685
1306 3918
1251 4254
1269 4296
1400 3578
1661 2835
1839 2571
1640 2921
1576 3130
1391 3827
1694 2874
1703 2918
1553 3293
1685 2981
1586 3211
1945 2593
1800 2811
1531 3398
1658 3116
1718 2980
1750 2922
1804 2905
1681 3165
1481 3875
1695 3193
1803 3026
1782 3088
1613 3463
1547 3781
1738 3215
1523 3922
1733 3252
1427 4562
1595 3679
1537 3972
1628 3604
1486 4249
1712 3424
1790 3264
1644 3740
1639 3811
1990 3084
1883 3274
1939 3216
1909 3313
1649 4101
1849 3512
1836 3557
1994 3266
1870 3529
1819 3655
1867 3568
2055 3289
1845 3721
1775 3942
1717 4174
1852 3728
1478 5316
1716 4294
2104 3284
1808 4039
2051 3440
2144 3258
2078 3384
2465 2750
2063 3551
2135 3368
2081 3504
2108 3481
1834 4300
1778 4497
2026 3815
1993 3950
2025 3849
2061 3719
2186 3445
2077 3808
2016 4115
1835 4762
2165 3710
2221 3695
2085 4203
2021 4532
2396 3350
2236 3840
2094 4343
2321 3607
2198 4030
2213 4095
2136 4377
2356 3661
2523 3533
2247 4312
2124 4834
2350 4083
2252 4444
2240 4499
1899 5694
2277 4424
2015 5317
2246 4681
2357 4291
2415 4143
2381 4285
2402 4212
2110 5252
2064 5553
2398 4403
2635 3866
2311 4764
2406 4495
2433 4503
2519 4302
2590 4180
2569 4257
2639 4086
2439 4586
2235 5251
2477 4613
2593 4368
2558 4460
2323 5112
2312 5179
2538 4673
2457 4858
2412 4964
2330 5257
2649 4510
2701 4432
2249 5692
2571 4769
2736 4501
2363 5391
2943 4066
2544 4921
2423 5220
2866 4335
2467 5221
2518 5119
2851 4488
2751 4785
2224 6487
2641 4974
2898 4500
2719 4874
2717 4885
2463 5625
2500 5517
2803 4869
2706 5047
2816 4843
2792 4954
2583 5481
2605 5424
3027 4679
2422 6169
3010 4736
2880 4988
2214 7118
2872 5104
2800 5319
2643 5703
2774 5456
3007 4944
2722 5566
3004 5019
2632 5938
2826 5454
3056 5020
2974 5393
2911 5568
3173 5055
2995 5485
2886 5724
2591 6708
2740 6365
2844 6024
2875 6001
2915 5932
2726 6537
2723 6592
3261 5266
2763 6687
3201 5579
3453 5122
2817 6896
3475 5109
3170 5923
2861 6822
3251 5891
3393 5547
3079 6542
3495 5346
3234 6100
3333 5893
3421 5735
2977 7021
3292 6203
3271 6302
3418 5860
3395 6160
3450 6011
3436 6066
3338 6417
3448 6131
3480 6112
3473 6212
3372 6583
3376 6589
3365 6633
3427 6461
3697 5752
3640 5929
3484 6524
3579 6272
3515 6552
3276 7115
5302 4208
3404 7028
3685 6346
3645 6425
3789 6309
3558 6821
4110 5771
3631 6767
3649 6734
3600 6858
3867 6315
3674 6796
3669 6887
3819 6661
4625 5502
3824 6713
3775 6808
4101 6307
4411 5858
4450 5874
3868 6823
3799 6990
3756 7085
4207 6514
4321 6331
4096 6756
3874 7030
4269 6572
3960 7014
4619 6403
4403 6857
4520 6906
4745 6574
7097 6600
626637720 1429073379
1
sift 1363
124 357
24 33
4 7
433 626
38 51
10 14
290 540
41 56
20 27
1052 1613
67 112
25 36
306 563
72 122
37 44
905 1909
109 184
36 53
447 1288
158 260
49 57
995 1826
108 214
46 60
608 839
159 259
47 63
1108 1713
144 298
57 85
595 1070
209 423
60 81
1128 2271
332 421
65 100
950 1605
323 501
61 121
1437 1929
297 580
69 111
1346 1559
289 647
77 133
1755 2959
292 614
88 130
1446 1585
417 451
90 165
1887 3393
308 629
98 152
1542 1757
348 547
100 175
2554 4113
335 568
113 168
1606 2618
319 708
115 198
2617 4393
376 679
110 275
1764 2504
366 627
122 228
3609 5445
458 657
119 237
1965 2359
453 692
127 224
3420 6192
430 836
126 261
1678 3371
481 819
136 246
3939 5534
470 866
143 245
2256 2745
478 924
145 250
4853 4750
525 971
140 266
2703 4071
597 865
156 256
4356 7059
618 892
157 258
2985 5360
582 977
152 276
5654 6951
516 1118
153 280
3286 5189
723 925
164 271
548 1131
163 293
3370 5423
648 1081
171 288
757 1222
169 317
3186 6815
646 1092
167 347
686 1348
175 308
3923 5788
644 1298
178 305
791 1229
194 283
3949 6102
778 1113
183 326
806 1272
192 331
4128 6109
958 1035
180 350
918 1147
199 311
4385 6648
807 1384
190 355
722 1620
189 374
5527 5918
1027 1451
195 358
1020 1407
197 359
945 1595
191 393
1056 1706
182 404
1009 1685
203 356
1114 1716
205 363
1167 1673
212 381
1154 1699
211 386
1120 1966
187 439
1064 2058
238 351
1202 1881
210 410
1035 2117
252 370
1447 1648
232 398
1189 1897
237 402
1869 1414
264 392
1663 1705
234 484
1455 1923
241 478
1527 1872
265 430
1331 2565
283 416
1569 2108
272 452
1485 2325
269 476
1528 2252
240 531
1459 2568
278 465
1913 1982
244 523
1616 2292
282 469
1732 2171
280 477
1441 3027
295 457
1592 2381
248 544
1618 2494
314 441
1773 2172
298 496
1615 2631
329 473
1759 2242
344 453
1874 2322
383 438
1783 2438
326 526
1620 2932
331 513
1633 2724
410 432
1719 2729
361 499
1482 3427
420 455
1573 3313
364 536
1708 2993
378 512
1593 3308
355 592
1543 3587
351 638
1752 3060
342 709
2075 2651
367 625
2000 2906
372 624
1944 3014
347 716
1917 3084
357 702
2089 2927
394 600
2011 3141
338 814
1843 3431
389 634
1868 3407
421 576
1998 3257
350 788
2142 3063
373 714
1594 4206
419 620
1856 3559
429 619
2027 3435
362 795
2196 3146
404 676
2574 2617
413 683
2242 3243
451 674
2243 3221
415 787
2251 3318
401 853
1946 4108
444 755
2060 3770
454 741
2347 3317
456 757
2191 3529
411 895
2193 3618
462 767
2080 3951
471 750
2403 3356
455 803
2222 3621
476 774
2809 2890
381 1104
2133 4002
545 661
2288 3722
494 748
1901 5001
468 846
2407 3751
407 1052
2932 2990
431 984
2923 3144
438 976
2295 4269
508 796
2650 3471
493 841
2397 4099
502 838
2096 4966
440 1135
2444 3995
461 1036
2289 4462
517 900
2537 3924
536 868
2278 4608
500 938
2637 3944
482 981
2409 4301
497 963
2709 3844
509 944
2685 3827
551 879
2566 4139
577 833
2859 3632
527 912
2349 4672
501 996
2495 4282
591 849
2735 3872
798 650
2546 4197
552 930
2781 3949
560 945
2889 3763
598 899
2687 4230
621 889
2553 4474
554 998
2603 4455
635 876
2821 4155
539 1073
2855 4310
521 1132
2964 4192
563 1017
2865 4368
543 1093
2304 5706
546 1089
3316 3819
619 949
3136 4090
574 1046
2805 4761
570 1061
2996 4515
615 1004
3157 4325
707 901
3309 4211
592 1071
3334 4511
612 1030
2711 5552
647 978
3180 4833
641 995
2734 5558
576 1167
3255 4786
587 1145
3337 4604
596 1143
3118 5203
721 1014
3277 5035
812 922
3298 5118
667 1188
3900 4357
740 1084
3212 5365
741 1090
4166 4225
651 1239
3796 4792
676 1212
3368 5319
714 1151
4204 4554
683 1218
4019 4684
694 1205
3464 5723
706 1195
3585 5289
716 1192
3929 5009
702 1223
3216 6482
645 1321
3847 5152
733 1211
3898 5230
649 1358
3741 5595
794 1105
3918 5344
786 1163
3784 5605
732 1264
3606 5978
690 1338
3997 5457
793 1208
3864 5773
711 1379
3844 5872
742 1333
3922 5670
923 1020
3339 7088
774 1291
3689 6186
666 1484
3907 6164
821 1201
3531 6790
731 1398
3790 6462
784 1304
4748 5125
832 1214
5077 4834
658 1593
4491 5416
789 1311
4025 6209
766 1369
3975 6198
892 1129
3872 6585
758 1399
3963 6224
745 1431
4448 5769
680 1654
3822 6509
836 1266
3764 6875
797 1378
3973 6666
796 1389
4639 5761
870 1236
4310 6369
712 1614
4635 6215
824 1323
4410 6581
764 1457
4492 6529
790 1438
4870 6004
753 1550
4648 6936
800 1429
4932 6508
652 1903
5328 5924
768 1539
5371 5905
782 1509
4899 6676
851 1364
4758 6910
856 1373
4811 6839
877 1336
5758 5721
948 1261
6073 5799
898 1330
5039 7076
815 1491
5936 6112
866 1402
5258 7045
735 1833
5953 6444
887 1383
6424 5972
748 1792
5298 7161
937 1300
5282 7231
916 1363
5721 7246
776 1735
855 1453
6282 7196
819 1587
1003 1292
830 1623
886 1467
901 1448
763 1898
994 1392
1029 1365
1101 1310
921 1515
868 1645
928 1502
944 1488
837 1778
833 1805
968 1482
881 1687
954 1523
957 1543
993 1495
1076 1417
920 1636
1016 1469
1159 1347
978 1528
981 1529
983 1520
844 1862
1051 1440
947 1608
1032 1489
1015 1525
1061 1490
943 1700
897 1830
980 1658
1104 1475
1249 1367
1014 1622
1263 1359
1038 1581
1043 1577
960 1727
959 1730
974 1722
889 1927
878 1958
1140 1473
890 1935
936 1822
1097 1594
1077 1690
876 2084
847 2198
1019 1820
941 1941
1072 1729
909 2039
1185 1625
1106 1758
932 2066
1092 1815
988 1971
1166 1691
1039 1906
1125 1777
1153 1738
1133 1770
1126 1788
992 2028
1158 1746
1099 1873
1439 1418
946 2152
1172 1797
1199 1773
1421 1447
1183 1809
1195 1791
1211 1776
1258 1741
1240 1800
1400 1544
1182 1900
1090 2054
1206 1882
1152 1963
1053 2139
1066 2142
1207 1919
1264 1857
1205 1972
1299 1855
1135 2096
1301 1887
1348 1821
1315 1869
1215 2023
1394 1750
1326 1878
1210 2072
1378 1829
1262 2020
1277 1992
1216 2103
1336 1943
1275 2059
1588 1617
1306 2061
1466 1808
1370 1952
1680 1536
1436 1868
1453 1853
1510 1772
1311 2095
1178 2352
1224 2255
1112 2547
1405 1983
1261 2226
1396 2007
1635 1667
1280 2216
1412 2001
1148 2507
1203 2407
1279 2253
1289 2274
1150 2612
1361 2143
1384 2120
1433 2053
1456 2018
1360 2168
1269 2372
1366 2184
1440 2088
1223 2561
1483 2035
1552 1950
1403 2200
1354 2323
1382 2260
1233 2645
1327 2427
1500 2082
1406 2257
1481 2127
1575 1997
1529 2077
1511 2155
1398 2403
1427 2334
1347 2519
1585 2069
1811 1849
1524 2188
1417 2441
1265 2916
1460 2341
1519 2224
1475 2304
1827 1895
1769 1949
1579 2166
1356 2670
1494 2317
1540 2245
1582 2194
1423 2598
1391 2718
1364 2811
1571 2303
1576 2332
1531 2434
1480 2539
1591 2345
1548 2448
1621 2314
1486 2586
1788 2157
1420 2912
1554 2538
1416 2961
1454 2841
1537 2567
1560 2551
1694 2313
1559 2582
1547 2639
1565 2597
1523 2746
1695 2390
1738 2329
1445 3054
1661 2471
1586 2722
1674 2532
1703 2489
1672 2550
1681 2529
1705 2501
1564 2833
1665 2654
1685 2621
1639 2719
1733 2523
1671 2681
1782 2482
1505 3136
1541 3037
1662 2728
1667 2736
1718 2659
1578 3001
1654 2849
1803 2549
1692 2788
1601 2989
1781 2624
1644 2936
1687 2852
1818 2602
1779 2673
1988 2392
1790 2661
1712 2827
1653 2963
1836 2606
1599 3110
1598 3147
1804 2715
1545 3329
1896 2587
1882 2637
1690 2998
1566 3320
1468 3585
1808 2806
1845 2726
1812 2832
1613 3253
1772 2887
1939 2628
1640 3212
1870 2754
1819 2851
1927 2679
1649 3230
1800 2905
1716 3068
1778 2948
1728 3098
1867 2842
1825 2945
1744 3109
1852 2908
1813 2997
1844 2935
1906 2840
1879 2886
1577 3523
2025 2695
2015 2725
2063 2638
1858 3017
1994 2815
2108 2592
1786 3201
2037 2763
1900 3002
1993 2858
2151 2572
2051 2800
2147 2603
2200 2503
2234 2470
1797 3266
1934 3032
1920 3088
1821 3265
1864 3177
1795 3322
2165 2653
1997 3000
1999 3013
1835 3310
1834 3328
2046 2943
2157 2742
1963 3113
1851 3305
2026 3073
1872 3337
2082 2944
1949 3231
1911 3316
2066 3038
2104 2972
2138 2902
2021 3176
1794 3519
2086 3025
2010 3225
2315 2643
2061 3214
2081 3165
2135 3092
2131 3112
2009 3360
2120 3179
2136 3209
2094 3300
2186 3117
1990 3489
2016 3472
1938 3594
2213 3111
1875 3753
2421 2760
2124 3343
2029 3528
2357 2899
1775 4096
2206 3281
2174 3416
2290 3247
2198 3405
2465 2988
2155 3549
2064 3769
1931 4161
2041 3882
1989 4019
2247 3433
2276 3390
2084 3806
2313 3363
2172 3646
2176 3634
2169 3672
2250 3508
2330 3423
2548 3106
2402 3326
2338 3450
2624 3048
2214 3731
2231 3702
2246 3667
2542 3206
2448 3351
2182 3934
2410 3449
2311 3674
2168 4069
2342 3616
2392 3531
2284 3776
2717 3135
2526 3373
2321 3680
2298 3756
2708 3169
2489 3462
2145 4263
2701 3216
2377 3622
2518 3434
2523 3438
2571 3403
2415 3601
2639 3353
2322 3839
2446 3567
2437 3612
3012 2931
2770 3273
2252 4165
2238 4209
2381 3816
2398 3785
2590 3504
2594 3502
2536 3568
2445 3707
2628 3467
2308 4032
2394 3850
2509 3643
2312 4084
2337 4031
2635 3493
2389 3945
2593 3588
2422 3904
2544 3670
2372 4054
2463 3860
2106 4892
2439 3948
2514 3801
2607 3701
2577 3807
2430 4120
2792 3513
2712 3605
2634 3726
2262 4589
2706 3627
2816 3495
2515 3956
2739 3596
2656 3727
2579 3891
2605 3867
2504 4046
2558 3998
2649 3834
2766 3666
2363 4471
2283 4716
2643 3894
2467 4265
2719 3772
2591 4053
2842 3662
2499 4290
2406 4501
2559 4203
2736 3862
2726 3897
2224 5088
2618 4089
2730 3919
2667 4016
2900 3650
2640 4134
2583 4283
2159 5485
2653 4132
2641 4178
2797 3933
2286 5029
2707 4064
2426 4647
2762 3990
2866 3855
2677 4198
2673 4213
2490 4579
2898 3838
2777 4048
2657 4273
2125 5844
2506 4585
2456 4707
2834 3980
2473 4711
2787 4177
2541 4617
2783 4194
2538 4688
2678 4456
2917 3985
2808 4223
2771 4299
2930 3984
2433 4975
2611 4593
2826 4217
2800 4284
2943 4022
2723 4451
3122 3791
2648 4607
2984 4012
3182 3742
2749 4492
3007 4041
2910 4214
2812 4405
3027 4013
3000 4076
2662 4700
2400 5279
3270 3694
3014 4102
3010 4147
2481 5170
2860 4425
2914 4321
3257 3757
2875 4412
2893 4427
2716 4743
2872 4481
2722 4758
3004 4302
2931 4411
2791 4685
2911 4480
3056 4255
2530 5233
2751 4784
2974 4387
2880 4555
2844 4629
2886 4584
2740 4900
2817 4771
3020 4441
2487 5554
3170 4195
3005 4548
2837 4816
3418 3841
3251 4180
3725 3492
2569 5541
2903 4800
3076 4529
2803 5017
3338 4100
2669 5358
2945 4782
3590 3688
3276 4286
3144 4525
3080 4706
2972 4949
3290 4440
2814 5311
2977 4985
3098 4798
2961 5040
3191 4659
3495 4087
3312 4458
3025 4945
3129 4764
2941 5102
2926 5174
3048 5014
3093 4919
3002 5113
3148 4849
2969 5194
3174 4845
3371 4491
3247 4717
3063 5050
2609 6162
3267 4693
2959 5268
3081 5055
2876 5473
3181 4912
3292 4709
3393 4551
3079 5133
2999 5304
3271 4809
2744 5990
3110 5138
3172 5048
3066 5259
3183 5049
3285 4852
2899 5717
3036 5468
3801 4141
3230 5140
3178 5280
3595 4484
4196 3895
3453 4776
3355 4986
3133 5477
3268 5191
3421 4867
3372 4982
3340 5054
3603 4581
3041 5801
3505 4779
3654 4540
3608 4595
2850 6399
3090 5760
3249 5400
3402 5080
3092 5809
3498 4890
3903 4352
3687 4635
3480 4987
3827 4509
4104 4227
3404 5193
3649 4748
3414 5211
3685 4753
3365 5356
3578 4887
3516 5016
3529 4996
3061 6184
3409 5298
3633 4888
3060 6335
3581 5037
3584 5039
3143 6176
3745 4859
4023 4561
3450 5414
3415 5532
3106 6385
3441 5449
3540 5255
3525 5326
3389 5686
3750 5038
3536 5391
4619 4260
4281 4557
3219 6421
3511 5581
3746 5144
3924 4933
4502 4447
3716 5224
3297 6263
3806 5128
4625 4379
4411 4577
3697 5346
3221 6617
3641 5467
3533 5699
3427 6034
3863 5171
3738 5392
3727 5408
3256 6651
3198 6848
3674 5525
3558 5774
3397 6268
3555 5814
3645 5634
3562 5839
4309 4879
3736 5585
3868 5369
3882 5364
3479 6181
4627 4678
3575 6041
3501 6266
3527 6201
3667 5928
3933 5497
3861 5604
3758 5817
4101 5371
3362 6923
5106 4428
3626 6193
3813 5876
3740 6036
3797 5947
3833 5907
3891 5803
4466 5117
3778 6006
3733 6092
4413 5190
3874 5865
4184 5501
3772 6082
4337 5341
4320 5395
3652 6415
4232 5539
4207 5590
3819 6113
3816 6124
4110 5715
3448 7039
4094 5765
3799 6245
4233 5632
3991 5941
4521 5301
4255 5633
3692 6502
3978 5987
4157 5797
4051 5931
3826 6322
4111 5885
4176 5811
3937 6138
4434 5495
4417 5548
4013 6080
3967 6174
4290 5764
4071 6044
3765 6594
4250 5857
4415 5696
4952 5095
4390 5770
4020 6260
4153 6121
4002 6338
4400 5873
4493 5737
4394 5906
4244 6119
4681 5545
4140 6283
4194 6239
4700 5606
3969 6663
4266 6265
4535 5879
4298 6243
4231 6409
4032 6692
3735 7143
4701 5724
4149 6553
4464 6087
4262 6443
5022 5374
4145 6624
4148 6628
4193 6591
4571 6022
4364 6394
4522 6145
4699 5909
4132 6775
4441 6356
4454 6336
4614 6111
4690 6024
4254 6722
4652 6104
4264 6715
4303 6681
4852 5826
4565 6292
4533 6368
4134 6945
4409 6576
4561 6350
4520 6459
4463 6533
4361 6746
5246 5422
4562 6431
4518 6499
4745 6203
4711 6279
4446 6735
4534 6595
4136 7138
4221 7075
4580 6592
4623 6526
4714 6412
4620 6603
4531 6762
4724 6456
4616 6644
4577 6728
4800 6362
4414 6972
4749 6476
4286 7130
5386 5627
4650 6771
4462 7008
4509 6940
4816 6488
4744 6625
4740 6640
5117 6070
4647 6858
4656 6849
5063 6173
4928 6452
4478 7090
5244 6001
4854 6637
4727 6879
4775 6884
5009 6512
4904 6734
4788 6947
4971 6717
4829 6913
4949 6782
5148 6422
5405 6103
4812 7000
4940 6841
4752 7082
4975 6843
5010 6819
4733 7164
4906 6981
4892 7006
4617 7237
5895 5798
5053 6886
4847 7144
4865 7136
4982 7025
4959 7073
5404 6471
4986 7085
4738 7245
5585 6314
5198 6926
5302 6836
5154 7034
5211 6982
6518 5657
4962 7223
5217 7020
5114 7146
5641 6579
5537 6705
5308 6953
5718 6583
5228 7095
5455 7005
5291 7163
5210 7216
6130 6416
5406 7119
6106 6604
6034 6686
6071 6685
5546 7160
6205 6639
5911 7052
5863 7111
5449 7248
5625 7235
6348 6830
6347 6869
6254 6971
5920 7234
6346 7228
6444 7238
6621 7193
6895 7224
626637720 1475597139
1
sift 207
1214 3377
24 112
4 39
72 485
10 65
1764 5325
67 423
22 104
159 738
20 177
158 807
25 128
414 1048
37 159
220 970
36 358
323 1583
47 287
348 1384
57 277
757 2935
59 271
370 3759
69 309
958 2477
66 375
481 2899
79 387
945 3424
88 319
646 2386
100 685
1154 3858
107 1015
582 2934
128 777
1167 4453
136 774
1229 4285
140 796
1459 3829
145 730
1455 3315
152 840
1569 4734
164 1013
1616 4898
169 1021
1528 5569
175 929
1783 5052
178 918
2196 5955
183 922
1837 5629
199 831
189 1056
2142 5866
194 1051
205 1039
212 997
167 1851
191 1320
237 1025
232 1243
211 1452
238 1311
241 1295
264 1253
271 1341
314 1230
295 1332
226 2501
298 1421
240 2698
326 1513
331 1588
410 1185
421 1203
378 1354
335 1751
394 1484
355 2005
372 1893
373 2022
404 1788
413 1884
389 2129
401 2085
454 1849
456 1958
494 1682
477 1833
471 1940
431 2545
508 2054
502 2147
493 2228
517 2208
500 2498
480 2704
591 1904
598 1861
612 1867
563 2140
527 2625
559 2385
577 2312
570 2558
592 2459
554 2842
615 2443
552 2914
726 1956
641 2544
647 2542
504 4322
721 2375
667 2654
672 2705
645 3003
707 2715
596 3746
866 1975
784 2496
794 2449
760 2780
733 3118
742 3355
812 2835
856 2879
790 3945
747 4914
867 3514
830 3863
870 3523
901 3320
966 3221
1016 3082
928 3530
921 3677
917 3734
953 3480
994 3344
1015 3312
983 3562
960 3706
1003 3525
1043 3477
1014 3792
878 4965
890 5310
1258 3330
1127 3970
1184 3824
1277 3554
1211 3817
943 5446
1206 4074
1046 5401
1315 4212
1300 4300
1478 3616
1275 4758
1289 4709
1152 5838
1326 4786
1400 4376
1403 4386
1475 4096
1261 5582
1360 4792
1456 4438
1519 4177
1384 4979
1442 4751
1366 5359
1483 4588
1553 4573
1376 5721
1588 4476
1495 4984
1672 4321
1582 4777
1576 5075
1658 4860
1675 4904
1696 4823
1461 5970
1685 5120
1839 4547
1804 4790
1703 5387
1782 5100
1939 4642
1728 5424
1800 5435
1790 5633
1775 5687
1836 5607
1833 5707
1849 5684
2025 5628
2081 5599
2465 4350
2165 5841
2104 5993
626637720 1503000354
1
sift 285
306 1361
24 100
22 81
67 343
20 141
905 4115
72 346
25 110
158 552
37 130
1214 3230
159 575
36 277
414 811
57 212
1764 4868
323 1315
59 200
348 1171
60 203
2631 5777
366 1914
63 198
597 2002
69 246
370 2841
66 293
757 2328
79 276
481 2628
88 269
958 2239
87 345
582 2395
96 280
945 2834
115 410
646 2045
107 752
1202 2902
136 529
1154 3076
145 550
1167 3258
153 545
1229 3133
152 617
1569 3163
164 836
1455 2924
175 695
1224 5620
178 694
1459 4105
192 636
1379 4483
183 729
1616 3660
194 666
1528 4681
199 721
1619 4261
197 746
1485 5486
191 868
1593 5184
205 774
1783 4456
190 924
1719 5887
212 807
2033 5468
238 795
2083 5387
237 843
2403 5933
211 1106
2142 5318
232 989
2709 6240
241 976
274 891
264 1063
314 939
295 1050
278 1184
272 1206
298 1087
240 2032
341 1089
326 1216
331 1300
335 1410
378 1165
421 1038
394 1263
373 1462
355 1656
404 1403
401 1424
389 1495
451 1364
454 1446
372 2620
471 1524
456 1666
476 1554
508 1538
502 1676
514 1636
799 1043
517 1742
500 1859
493 1906
509 1896
536 1745
591 1615
552 1855
563 1951
570 1958
526 2403
554 2260
543 2347
546 2324
576 2139
592 2031
647 1842
621 1962
615 2013
559 2396
612 2124
726 1759
580 2402
504 3508
742 1892
667 2208
645 2446
741 1974
727 2186
707 2465
717 2676
794 2245
832 2020
759 2490
784 2429
760 2823
866 2165
793 2674
816 2515
812 2741
856 2474
921 2282
886 2467
830 2784
870 2754
790 3418
1258 1918
994 2580
902 2930
928 2843
983 2781
1015 2730
1016 2752
960 2949
1029 2767
978 2994
1014 2939
954 3366
1127 2955
1046 3531
1133 3199
1182 3119
1158 3282
1211 3221
1129 3635
943 4644
1277 3112
1206 3389
1183 3524
1315 3040
1301 3100
5807 912
1189 4193
1289 3849
1203 4257
1396 3381
1275 4066
1405 3433
1020 5829
1466 3231
1370 3738
1360 3799
1403 3621
1453 3519
1245 4557
1152 5276
1440 3703
1384 3975
1456 3674
1588 3157
1475 3588
1099 5957
1421 3979
1261 5042
1326 4590
1470 3974
1495 3927
1376 4506
1400 4417
1582 3687
1442 4468
1483 4367
1674 3734
1576 4130
1661 3889
1553 4279
1672 3882
1585 4228
1519 4499
1839 3517
1945 3421
1658 4230
1681 4190
1568 4692
1695 4176
1750 4023
1592 4740
1547 5047
1800 4070
1804 4068
1803 4177
1782 4229
1685 4600
1728 4534
1738 4766
1703 4980
1883 4427
1939 4323
1644 5572
2104 4088
1836 5130
1790 5321
1907 5016
1779 5567
1990 4754
1867 5340
1712 6073
2063 4745
2051 4891
2081 4705
2025 5090
2108 4828
1977 5524
1999 5523
2016 5475
2165 4977
2186 4959
2064 5682
2015 6137
2298 5166
2436 4642
2548 4512
2247 5853
2356 5449
2402 5707
2571 5398
2744 4986
2639 5368
2406 6111
2415 6122
2590 5894
2792 5338
2439 6249
2701 5762
2648 6004
2717 5900
2736 6109
2605 6274
2930 6055
2816 6234
3338 5688
3418 6094
3173 6297
3600 6228
5302 5603
626637720 1537327672
1
sift 1100
39 20
67 26
25 15
306 185
64 37
36 13
290 225
158 87
37 17
298 205
220 137
50 24
447 212
319 145
59 33
368 213
297 163
65 30
933 414
332 241
69 46
597 442
348 251
107 48
1431 471
430 257
94 49
858 605
478 294
106 62
1369 497
486 319
126 60
1213 734
453 350
115 66
1542 882
525 372
133 83
1685 896
552 339
127 91
2256 1121
582 382
143 88
1326 1231
563 380
145 89
2659 1457
686 397
164 96
2321 1088
615 384
175 113
2622 1736
646 470
178 118
2251 1402
784 454
194 116
3033 1807
958 461
240 115
2855 1472
708 663
211 125
3286 1826
1009 669
197 134
3558 1784
1132 628
212 133
4084 1792
1027 671
205 140
3485 2017
1072 730
238 143
4696 1892
1331 585
227 155
7101 1494
1004 824
233 156
5287 1854
1120 675
237 157
3764 2273
1167 754
274 147
4385 2209
1056 807
273 164
3900 2351
1202 825
295 151
4128 2922
1281 759
292 158
4350 2265
1265 818
278 174
4138 2915
1455 827
280 172
4411 2251
1719 867
250 190
3731 3293
1843 864
257 187
4866 2503
1391 991
269 198
4356 2963
1569 997
373 159
3982 2878
2132 904
264 219
5991 2591
1856 905
314 192
4753 3049
1615 1095
335 194
6769 2543
1998 940
326 208
6041 2902
1782 1082
331 207
4958 3475
1902 966
350 200
5175 3399
1783 1124
282 247
5624 3297
2191 903
316 230
5661 3289
1837 1173
324 236
6196 3309
2080 948
329 237
6480 3099
1868 1232
404 228
6004 3574
2296 1011
372 259
6931 3052
1944 1248
415 243
7036 3310
1732 1364
466 226
6617 3265
1907 1292
367 276
5878 3962
2069 1270
384 262
7000 3403
2142 1350
394 270
6849 3825
2567 1106
401 281
5527 4567
2288 1385
516 242
2349 1218
421 297
6915 4090
2889 1322
456 284
2781 1359
548 260
2419 1496
444 321
2805 1436
454 313
2579 1534
680 246
2550 1588
363 386
2593 1559
471 314
3212 1397
550 290
2637 1592
503 322
2709 1662
508 327
2439 1706
476 348
2859 1625
666 280
2638 1644
543 318
2537 1859
493 352
2865 1731
517 349
3277 1578
612 308
3131 1722
554 343
3207 1622
742 289
2789 1909
690 299
3908 1531
604 332
3790 1683
689 306
3935 1640
692 331
3309 1898
544 366
3334 1895
494 408
3755 1775
551 383
3620 1760
645 356
3750 1842
753 337
3792 1843
801 328
3441 1979
670 374
4467 1808
592 409
4296 1858
495 492
3784 2028
728 365
3741 2049
619 407
3865 2040
694 391
3474 2241
683 402
3872 2150
706 395
3265 2414
774 375
4310 2092
671 411
4064 2303
737 393
4635 2154
598 453
3606 2571
726 404
4342 2297
702 430
3929 2448
764 398
4089 2777
622 495
4464 2324
758 434
4039 2813
667 486
4105 2607
766 441
5721 2323
740 452
3985 2744
888 390
4837 2637
733 475
4454 2624
1039 369
5462 2461
727 494
4932 2695
785 459
6230 2486
659 537
4899 2962
830 450
6234 2560
790 477
5553 2762
886 425
5470 2822
941 418
5936 2768
909 432
5311 3030
816 479
5282 3060
843 469
6671 2687
964 435
5774 2938
868 473
5953 2908
741 549
5570 3026
749 545
5521 3072
822 510
5977 3130
707 611
5679 3228
821 543
5024 3675
865 519
6325 3142
793 566
5359 3557
954 509
6146 3234
935 511
6095 3303
794 595
6312 3224
906 531
6626 3098
838 567
5868 3519
760 634
6186 3344
921 547
6190 3706
983 532
6326 3300
759 665
6083 3764
877 579
6647 3523
943 560
6527 3792
891 582
6305 3910
895 580
6721 3736
736 712
6419 3873
866 622
7088 3518
928 603
5739 4238
978 587
6807 3808
1168 541
6778 3855
980 594
6970 3837
1233 534
6356 4159
1064 583
6622 4178
898 660
7058 3875
786 762
7009 4106
960 636
7149 3722
1007 620
6398 4530
1098 602
6737 4353
893 679
7072 4197
988 648
6870 4363
890 688
6890 4527
1029 651
7108 4226
887 726
6720 4709
1308 575
6574 5101
1014 673
1104 650
1015 678
1152 631
1545 526
839 785
1356 568
1258 609
1347 573
1135 644
917 742
1016 690
1289 618
1251 635
1055 698
1423 589
1207 666
1032 740
1392 614
1182 681
1153 699
944 808
1353 640
1099 739
1123 729
1306 668
1156 714
1115 753
1376 653
1183 718
1189 723
1208 715
1261 695
1038 810
1043 821
1129 773
1001 857
1158 776
1199 764
1712 597
1293 732
1363 694
885 937
1133 820
1194 803
1118 844
1240 795
1361 749
1277 794
1211 830
1728 649
1264 834
1486 727
1599 687
1645 684
1275 852
1384 799
1440 789
1565 738
1564 744
1694 703
1307 878
1594 752
1552 771
1456 814
1366 868
1692 746
1775 721
1500 815
1518 819
1621 779
1245 943
1601 791
1315 923
1673 778
1433 893
1586 839
1473 885
1396 915
1554 869
1421 922
1458 909
1495 894
1439 924
1371 956
1718 847
1690 860
2038 772
1519 919
1990 792
1481 933
1662 883
1568 914
1582 921
1511 945
1739 881
1667 898
1460 979
1301 1118
1644 927
1872 876
1588 947
1820 892
1470 1007
1531 977
1649 936
1389 1090
2276 812
1624 980
1480 1053
1836 928
1675 1010
1744 992
1576 1078
1600 1066
2851 768
1658 1060
1623 1083
1510 1169
1578 1131
1885 999
1642 1094
1983 971
1681 1071
1867 1003
1640 1112
1671 1096
1400 1294
1899 1025
2089 968
1839 1054
1963 1019
1808 1076
2016 1009
1825 1072
1695 1139
1800 1097
1822 1092
1790 1109
2135 986
2182 972
1660 1194
1738 1159
2899 853
1882 1098
1779 1166
1804 1160
1796 1174
1947 1123
2066 1068
2284 988
1973 1113
2203 1020
1927 1141
1997 1119
2198 1030
1879 1178
2353 984
1852 1199
1803 1226
1994 1162
2214 1050
2109 1103
2252 1058
2082 1147
2246 1079
1788 1282
2081 1170
2495 1014
2124 1179
2077 1213
1939 1264
1993 1249
2867 954
2392 1067
2021 1252
2448 1062
2274 1152
2456 1080
2159 1262
2381 1184
2363 1196
2078 1311
2186 1277
2035 1341
2213 1268
3089 1001
2312 1229
2388 1204
2630 1120
2402 1198
2025 1363
2547 1148
1896 1417
2528 1171
2147 1319
2711 1115
2355 1244
2467 1211
2463 1222
2247 1315
2611 1189
2475 1243
2342 1285
2103 1393
3042 1093
2323 1313
2382 1300
2350 1308
2564 1261
2017 1490
3009 1146
2338 1356
2357 1348
2422 1325
2944 1202
2478 1332
2420 1355
3413 1073
2774 1260
2345 1394
2523 1323
2635 1302
2064 1544
2489 1368
2411 1400
2415 1409
2640 1335
2608 1358
3234 1208
2662 1344
2398 1443
2556 1391
3026 1266
2541 1401
2234 1530
2999 1280
2337 1475
2678 1367
2361 1477
2605 1404
2749 1376
2536 1470
2875 1360
2655 1438
2441 1516
2359 1554
2236 1649
2393 1547
2504 1505
2723 1451
2514 1524
3563 1236
2412 1579
3045 1379
3025 1392
2634 1515
2727 1474
2195 1776
2903 1450
2544 1581
2812 1491
2807 1504
3285 1373
3004 1463
2900 1478
3336 1365
2517 1648
2623 1589
3588 1303
2748 1550
3108 1445
2272 1824
2754 1563
2618 1624
2739 1572
3771 1291
2813 1546
2886 1527
2800 1568
2706 1611
2707 1610
2880 1537
2736 1597
3048 1506
3049 1507
2792 1602
2911 1548
2826 1607
2538 1745
2465 1800
2719 1684
2726 1681
2513 1782
2506 1788
2898 1601
2653 1716
2799 1668
2870 1635
3368 1462
2866 1641
3014 1577
2591 1779
2643 1752
4010 1327
2816 1691
2490 1845
2628 1778
2583 1812
2822 1707
3646 1437
2842 1726
2914 1702
4547 1304
3407 1514
3081 1645
2949 1709
2649 1861
2951 1738
2915 1757
2837 1794
2947 1748
3144 1680
3062 1717
3027 1737
2943 1769
3384 1591
3010 1772
3007 1787
3129 1732
4239 1422
2639 1954
3198 1721
3111 1755
3470 1595
3117 1754
3206 1720
3275 1710
4281 1448
2962 1853
2988 1851
3371 1690
3237 1762
3246 1768
3477 1688
3555 1654
3941 1536
4228 1521
3310 1805
4291 1512
3626 1675
2974 1963
3247 1847
3576 1699
3270 1855
3173 1916
3460 1795
3763 1692
3148 1958
3456 1816
3365 1865
3254 1938
3495 1823
2819 2124
3740 1753
3292 1944
4241 1651
3438 1904
3029 2080
4829 1556
3819 1806
3773 1819
3536 1906
3374 1994
2984 2181
3414 1989
3450 1976
3656 1905
3402 2002
4022 1803
3515 1968
3504 1982
3505 1988
3251 2113
3839 1900
3687 1946
3508 2016
3183 2192
4130 1848
3276 2204
3395 2126
4286 1873
4405 1840
3833 2047
3826 2051
3593 2131
3970 2021
3527 2174
3874 2045
3645 2114
3756 2089
4153 2001
4631 1908
4543 1934
4032 2032
3697 2136
4235 2005
3933 2069
3271 2469
4190 2056
4027 2091
3863 2145
3376 2465
5154 1877
4041 2143
3838 2226
4101 2146
3589 2375
4020 2175
3590 2395
4496 2068
4140 2164
4165 2168
3991 2215
5249 1912
4852 2003
4176 2189
3746 2376
3960 2281
4002 2276
4493 2122
3528 2545
4918 2035
6199 1814
3752 2418
3789 2409
3868 2387
3670 2493
3787 2436
4394 2223
6024 1879
4656 2161
3562 2651
4111 2370
4729 2159
4997 2086
5454 1991
3692 2581
3799 2538
3846 2527
4416 2319
3951 2490
3878 2534
5169 2074
4628 2259
4250 2407
4094 2462
4335 2386
4382 2362
5131 2094
4008 2507
4690 2260
4197 2453
5193 2093
4211 2456
4928 2187
4557 2333
4614 2313
4077 2519
3651 2718
4262 2442
3267 3046
4446 2393
4757 2277
4266 2506
4415 2439
4604 2383
6081 1999
4434 2477
4299 2542
4580 2425
4816 2338
4709 2396
3816 2788
4740 2422
5674 2117
4534 2523
4624 2512
4794 2446
4550 2557
4678 2513
5009 2397
4541 2601
5247 2312
4952 2431
4469 2640
5040 2423
4331 2738
4681 2597
5292 2343
4537 2662
4700 2593
5083 2427
5866 2217
4423 2742
4888 2551
4267 2804
5692 2271
4745 2626
4652 2686
4619 2707
4332 2836
5033 2556
5208 2482
4752 2682
4518 2783
4533 2780
4587 2784
4712 2749
5615 2417
5601 2430
5145 2609
6486 2237
4231 2992
5455 2515
5188 2628
5093 2674
4098 3104
4088 3118
4620 2870
5410 2570
5236 2645
4244 3059
5300 2618
5562 2535
4724 2851
4847 2810
5401 2598
4100 3157
3804 3387
5211 2673
4716 2877
5557 2567
5433 2643
5593 2602
5010 2824
5795 2569
5532 2658
4549 3031
4942 2864
5223 2767
4512 3094
5277 2776
5550 2690
5194 2816
5640 2688
5939 2613
4309 3307
4564 3138
5908 2659
4561 3193
4838 3009
5299 2831
5123 2889
4320 3416
5180 2884
5642 2763
6193 2635
6861 2458
5877 2745
5886 2765
5323 2926
5641 2847
4439 3496
5569 2868
5884 2806
4374 3638
6490 2675
6010 2792
5080 3144
6886 2586
5829 2857
6069 2812
5329 3074
6388 2774
5302 3113
5431 3053
6342 2798
6347 2803
6856 2697
5313 3162
5308 3196
5492 3103
5171 3286
5437 3159
5053 3412
5411 3195
5826 3013
5813 3029
5486 3183
5647 3106
7046 2700
4733 3727
5707 3116
5651 3139
5289 3316
5266 3347
5625 3166
5843 3097
5757 3154
5135 3504
6187 2987
5727 3232
7116 2748
5672 3295
6806 2885
5490 3394
6240 3058
5965 3190
5871 3218
5777 3272
6586 2960
4988 3810
5496 3459
6150 3171
5920 3270
5968 3243
5994 3236
6578 3015
5995 3242
6627 3011
5862 3363
6345 3168
5975 3321
5835 3418
5386 3655
6170 3252
6717 3044
6202 3285
6874 3014
6399 3210
6785 3062
6711 3149
6215 3366
6045 3452
6553 3222
6630 3198
6096 3448
5799 3607
6496 3259
6355 3330
5949 3588
6571 3281
5967 3581
6411 3398
6314 3485
6639 3336
6402 3456
6163 3585
7016 3178
6154 3603
6142 3628
6316 3554
6633 3419
6674 3410
6003 3723
6879 3319
6404 3578
6320 3652
6608 3522
6472 3609
6126 3785
6492 3631
6673 3543
6728 3535
5537 4107
6383 3743
6795 3563
6661 3644
5246 4389
6734 3649
6930 3551
7086 3453
6418 3848
6176 3959
6008 4070
6130 4020
6898 3687
6505 3885
6227 4052
6635 3878
6932 3742
6818 3858
6752 3929
7097 3700
6675 3985
6889 3903
6575 4073
6231 4245
6722 4012
6742 4161
6159 4469
6885 4145
6577 4336
7019 4121
6762 4441
6824 4461
6542 4667
6736 4634
6413 4904
6730 4746
6579 4872
6071 5327
7040 4624
6964 4875
6771 5127
6754 5254
7127 5626
626637720 1615100174
1
sift 426
92 244
24 71
5 23
41 121
38 100
22 67
124 704
64 118
25 79
229 757
100 343
33 88
403 261
109 310
37 93
306 991
158 442
49 105
201 658
159 466
57 180
417 817
209 888
63 160
290 1616
220 646
59 174
433 990
414 706
60 175
447 2138
323 1042
69 193
597 1427
292 1146
66 237
568 1784
348 877
88 234
1312 5373
370 2365
87 316
629 1560
513 1657
98 248
1542 4423
686 2536
115 323
955 2571
481 1935
136 397
1557 4609
958 1651
140 438
905 3132
646 1449
145 429
1688 4332
945 2207
153 437
1419 2023
582 1949
152 462
1432 6352
878 3016
175 495
1052 3066
778 2217
164 607
3054 5075
1229 2199
192 464
1346 2244
858 2129
178 518
2855 6089
1202 2516
183 531
1213 2777
1026 2644
216 473
1154 2669
191 574
1446 2267
1167 2630
199 558
1115 3042
197 568
1437 3552
1120 3386
205 579
1020 4292
212 588
1606 3745
1569 2905
167 1023
1224 4622
237 583
1678 4208
1663 3060
238 598
1616 3186
241 661
1764 4009
1485 4206
232 735
1528 4400
211 857
1965 3594
1719 4468
276 631
1837 4137
271 656
2256 3949
2083 3904
286 701
2033 4326
283 738
1847 5691
1917 4661
295 771
1607 6266
274 856
2270 5645
2142 4558
298 822
2069 4787
316 794
2997 6153
2809 3340
226 1441
2403 4568
264 1142
2419 5088
240 1380
2637 5319
326 866
2735 5419
334 852
3180 4995
245 1578
3334 6465
420 681
3337 5951
421 712
3865 5239
361 845
364 841
331 1044
335 1040
368 957
338 1201
394 953
373 1048
378 1027
419 1006
404 1047
389 1148
451 972
401 1266
454 1136
456 1135
514 1070
471 1219
476 1243
415 1821
502 1244
508 1286
536 1195
494 1370
517 1314
493 1455
500 1471
551 1292
563 1357
591 1290
552 1430
798 986
544 1537
620 1302
612 1336
647 1332
688 1287
621 1507
592 1633
742 1304
554 1965
736 1432
714 1528
504 2701
740 1482
726 1543
645 1797
672 1712
667 1780
683 1746
727 1632
661 1983
702 1961
717 1967
641 2470
832 1627
707 2289
886 1572
830 1829
676 2800
741 2507
758 2432
793 2254
921 1741
839 2058
760 2655
856 2068
866 2067
867 2155
870 2145
790 2757
1258 1473
930 2087
694 3861
902 2348
1015 2053
960 2215
983 2182
966 2227
690 4273
994 2198
954 2292
1016 2132
928 2391
1117 1955
1029 2195
997 2319
978 2419
5807 636
1014 2407
1005 2482
1002 2504
801 3848
1061 2442
1030 2642
1132 2295
1032 2732
981 2997
1227 2291
980 3095
837 4056
1126 2687
1133 2826
1158 2802
1360 2220
1277 2503
1211 2735
1183 2824
1206 2773
1240 2720
1289 2614
1182 2942
943 3884
1315 2657
1299 2767
1274 2921
1440 2443
1301 2908
1421 2604
1478 2415
1376 2780
1466 2514
1046 4171
1245 3383
1275 3345
1405 2952
1370 3109
1404 3075
1396 3089
1475 2876
1456 2982
1494 2957
1433 3155
1384 3336
1453 3195
1261 4058
1306 3988
1366 3693
1099 5337
1596 2947
1372 3730
1585 3020
1470 3507
1373 4103
1661 3044
1519 3466
1553 3387
1582 3369
1628 3260
1839 2870
1326 4691
1460 4012
1658 3394
1576 3707
1695 3390
1529 4026
1400 4766
1483 4344
1568 3951
1391 4884
1233 6265
1750 3393
1674 3753
1681 3776
1645 3939
1782 3566
1717 3784
1733 3765
1640 4219
1481 5001
1703 4048
1990 3444
1716 4151
1790 3964
1644 4484
1486 5592
1836 4098
1803 4196
1870 3993
1774 4282
1788 4311
1983 3845
1849 4187
2021 3794
1819 4321
1852 4207
1945 3965
2063 3639
1994 3888
1845 4291
1639 5039
2102 3603
1939 4089
1867 4283
2078 3692
2051 3903
2081 3962
1821 4950
1815 5089
2016 4517
2025 4509
2195 4191
1808 5639
1835 5541
2007 4833
2186 4554
2221 4472
2108 4809
2015 5526
2144 4897
2321 4470
2165 5253
2064 5893
2236 5118
2726 3893
2590 4195
2198 5472
2247 5281
2569 4381
2336 5009
2393 4810
2246 5614
2213 5909
2357 5207
2439 5061
2402 5247
2252 6015
2363 5473
2635 4665
2415 5362
2423 5411
2519 5226
2330 6002
2398 5791
2433 5717
2639 5078
2593 5295
2381 6079
2649 5219
2717 5200
2736 5161
2898 4771
2943 4717
2422 6400
2605 5765
2701 5509
2706 5534
2467 6370
2826 5199
2851 5235
2538 6255
2719 5714
2816 5428
2842 5555
2643 6206
3027 5156
3173 4895
2787 6016
2740 6157
2962 5640
2995 5594
2800 6337
3010 5788
3201 5286
2880 6481
3056 6143
2974 6392
2911 6573
3007 6387
3251 5927
3495 5504
3453 5745
3756 5015
3404 5981
3437 6091
3338 6590
3448 6500
3480 6507
3750 6043
4615 6113
626637720 1750469169
1
sift 1164
146 370
7 11
20 35
229 470
28 42
25 38
290 526
38 58
32 49
339 689
41 62
37 54
306 561
67 107
46 61
433 636
72 121
49 65
377 753
109 195
57 88
447 1392
107 236
60 90
512 697
138 232
59 97
715 1590
158 282
63 94
608 1098
159 293
65 108
1219 966
220 372
69 120
725 1719
209 434
88 132
905 2004
187 483
94 146
950 1604
305 391
98 208
1128 2206
332 474
113 183
1346 1834
297 592
115 213
1437 2021
289 644
122 258
1446 1968
323 566
157 228
1369 2673
292 639
136 284
1542 2400
308 642
140 295
1606 2849
335 607
126 341
1755 2565
348 557
145 283
1764 2545
417 496
143 294
1431 3708
319 767
153 279
1521 3466
414 632
171 301
1678 3036
370 776
164 315
1587 3348
376 813
169 329
1965 2796
453 749
163 345
1887 3381
458 775
175 326
2113 3123
481 854
178 342
2256 3106
470 783
192 337
2042 4152
478 945
180 351
2554 4752
407 1004
183 347
2617 5070
496 990
194 352
2997 4411
466 1095
190 382
3033 4503
525 1060
205 367
2884 5512
582 949
191 416
3286 4748
597 929
189 425
2985 5955
548 1148
197 393
3783 4429
648 1063
182 463
3609 5590
516 1318
199 419
3370 5397
723 1006
211 399
3939 5771
646 1165
212 396
3622 6823
644 1304
210 462
3923 6285
780 1157
237 418
4840 5146
757 1229
238 413
3949 6611
686 1485
252 389
4128 6827
778 1281
232 447
4696 6342
652 1726
264 437
4853 6170
958 1101
265 449
4079 7242
918 1188
283 430
5878 6588
962 1252
272 478
712 1675
282 482
5527 7152
807 1504
278 500
722 1827
226 683
858 1434
314 475
728 1849
285 521
945 1619
240 666
800 1634
244 651
1027 1513
329 487
916 1401
327 491
1009 1807
295 534
935 1887
298 559
1167 1758
316 545
1154 1811
344 497
1120 1902
326 574
1114 1943
331 583
1202 1855
334 587
1064 2074
364 546
1532 1607
361 553
987 2283
383 529
1229 2268
350 619
932 2526
368 623
1455 2026
342 721
1121 2384
355 671
1379 2170
349 729
1035 2680
421 579
1393 2188
378 668
1869 1575
394 655
1226 2678
372 712
1233 2711
338 857
1567 2081
373 741
1447 2395
346 868
1569 2177
389 722
1528 2297
419 667
1861 1941
413 692
1331 2982
444 648
1485 2491
404 732
1353 2897
451 688
1616 2279
420 809
1459 2727
401 903
1663 2394
454 758
1592 2502
415 899
1732 2467
441 842
1773 2410
456 823
1783 2683
471 791
1633 2895
476 800
1719 2819
494 820
1759 2644
493 847
1573 3183
468 924
1701 3042
439 1077
1874 2783
502 859
1779 2963
438 1129
1768 2997
536 829
1960 2707
495 913
1843 3126
508 904
1708 3340
540 845
1944 2956
484 954
2089 2757
517 919
1607 3856
798 614
1926 3114
591 816
2027 3196
501 999
1594 4209
551 933
2075 3130
527 995
2083 3237
593 887
2142 3163
563 941
1593 4573
552 969
1998 3591
482 1174
1857 3892
612 891
2133 3451
554 1005
2011 3872
544 1033
1868 4185
473 1294
2132 3735
543 1069
2288 3440
537 1097
2193 3664
559 1058
1946 4330
688 864
2060 4115
539 1134
1901 4614
620 959
2251 3670
577 1081
2403 3439
570 1112
2203 3928
635 982
2442 3469
592 1078
2419 3505
521 1286
2191 4090
615 1057
2244 3958
574 1161
2080 4479
576 1158
2809 3117
580 1167
2566 3868
736 935
2096 4500
812 838
2574 3861
647 1133
2284 4085
641 1156
2889 3527
546 1356
2278 4263
721 1034
2537 4120
658 1163
2372 4221
667 1143
2397 4499
707 1126
2176 4822
749 1046
2794 3843
784 1049
2409 4435
678 1275
2347 4773
744 1172
2709 4019
579 1458
2295 4967
716 1242
2475 4569
651 1344
2637 4248
683 1293
2349 4910
727 1235
2407 4804
649 1382
2685 4271
733 1254
2781 4260
587 1525
2596 4540
645 1404
2932 4114
794 1199
2797 4144
793 1212
2735 4508
741 1353
2553 4725
732 1367
2550 4984
832 1183
2546 4846
694 1480
2865 4455
786 1327
2657 4683
702 1517
2855 4496
782 1384
3136 3994
892 1218
2612 5423
774 1430
2640 5005
766 1538
3334 4291
870 1314
3014 4547
790 1499
2821 5268
680 1994
2678 5245
948 1272
3180 4732
898 1331
2903 5044
753 1736
3157 4788
825 1463
2711 5564
777 1678
3552 4071
731 1848
3316 4685
867 1389
3309 4714
789 1657
2609 6279
851 1445
3464 4420
815 1553
2972 5320
856 1440
3118 5287
866 1427
3066 5156
819 1578
3131 5317
877 1431
3337 4866
901 1443
3255 5170
853 1599
3002 5803
1029 1350
3212 5298
886 1548
3298 5182
993 1421
3277 5654
921 1530
3373 5083
830 1823
3554 5205
881 1695
3589 4820
868 1732
3228 6251
1003 1457
3045 6119
983 1486
3864 4933
844 1874
2867 6697
947 1580
3865 5533
928 1650
2836 6985
1016 1495
3962 5506
954 1618
3285 5731
1140 1376
4204 5300
1051 1466
3766 4862
833 1989
3741 5907
959 1623
3368 5667
994 1576
3764 5879
981 1631
3374 6172
944 1706
3784 5919
1015 1587
3531 5880
1076 1493
3918 5679
1684 1014
4019 5166
903 1868
4039 5574
960 1715
3584 5856
943 1788
3790 6004
876 1985
3606 6396
888 1964
3907 5920
978 1752
4038 5789
1014 1680
4248 5511
1018 1692
3975 5973
1038 1681
3898 6148
980 1815
3922 6165
1077 1639
4437 5529
957 1869
3813 6632
1097 1630
3795 6707
936 1927
3689 6923
1072 1765
3792 6893
920 2083
3963 6395
1125 1702
4212 6243
1041 1871
3604 7140
1126 1710
3908 6852
890 2245
4570 5902
1106 1814
4080 6677
1019 1972
3990 6800
1185 1687
3847 7098
909 2227
4310 6539
847 2556
4410 6440
1184 1782
4497 6372
1247 1673
4296 6738
964 2163
5077 5733
1133 1860
4237 7151
946 2251
4492 7110
1162 1875
4830 6793
1166 1872
4792 6889
992 2197
4932 6721
878 2612
4857 6975
1137 1928
5039 6729
1264 1735
5487 6067
1158 1913
4648 7205
889 2590
5328 6380
1211 1858
5740 6233
1066 2113
5137 7161
1182 1925
6424 6343
1421 1540
5603 7033
1129 2056
1092 2166
1206 2003
1195 2028
1277 1892
1258 1944
1263 1931
1274 1949
1262 1984
1290 1934
1301 1916
941 2745
1395 1791
1315 1933
1090 2391
1326 1958
1152 2326
1153 2320
1176 2300
1053 2696
1466 1819
1207 2298
1249 2236
1275 2173
1039 2824
1216 2372
1091 2756
1396 2076
1223 2457
1178 2597
1280 2356
1360 2134
1348 2182
1340 2220
1400 2112
1208 2600
1372 2181
1575 1876
1475 2039
1370 2229
1306 2409
1366 2243
1203 2701
1442 2111
1354 2295
1261 2546
1518 2014
1251 2632
1279 2549
1245 2686
1433 2186
1470 2117
1585 1961
1384 2328
1191 2880
1550 2051
1269 2719
1361 2425
1265 2742
1311 2641
1224 2906
1403 2407
1406 2430
1529 2176
1238 3104
1289 2946
1456 2428
1411 2558
1541 2275
1519 2318
1483 2413
1460 2482
1500 2376
1480 2440
1511 2387
1588 2282
1110 3790
1427 2715
1646 2195
1552 2382
1945 1906
1445 2704
1398 2884
1582 2378
1540 2480
1495 2633
1648 2344
1672 2314
1481 2792
1423 2988
1580 2563
1391 3157
1531 2737
1554 2702
1356 3379
1486 2949
1576 2728
1674 2523
1597 2690
1548 2837
1681 2518
1586 2766
1695 2534
1703 2532
1640 2677
1658 2652
1661 2665
1769 2509
1839 2424
1417 3485
1537 3085
1738 2625
1566 3027
1654 2817
1671 2777
1602 2935
1728 2662
1782 2585
1595 2993
1800 2582
1559 3207
1750 2748
1705 2843
1545 3290
1927 2504
1659 2983
1711 2879
1940 2498
1565 3279
1639 3093
1775 2838
1852 2708
1664 3129
1621 3239
1804 2848
1628 3243
1886 2722
1870 2759
1652 3233
1577 3437
1790 2961
2267 2213
1685 3235
1717 3156
1882 2882
1778 3062
1533 3672
1812 3011
1939 2806
2165 2433
1845 2979
1896 2933
1718 3280
1803 3121
2026 2747
2221 2418
1849 3041
1808 3152
1698 3389
2015 2831
1867 3058
1662 3538
1907 3050
1844 3164
1994 2927
1733 3378
1716 3434
2147 2646
1819 3274
1909 3144
2135 2724
1599 3813
2120 2791
2063 2916
1649 3744
1813 3375
1257 5721
2102 2867
2025 3044
2086 2917
1712 3650
2194 2774
1993 3194
1999 3216
1963 3282
1781 3611
1834 3530
1835 3546
1818 3576
2051 3193
2635 2299
1851 3548
2465 2471
2108 3099
1991 3355
1794 3731
1785 3743
2094 3161
1795 3798
2144 3131
2041 3334
2186 3101
2010 3484
2104 3302
1899 3701
2081 3370
2234 3103
2061 3532
2082 3504
2016 3677
2345 2984
2055 3584
2017 3719
2136 3471
2159 3475
1931 3948
1872 4153
2744 2628
2213 3446
2009 3905
2124 3645
1938 4094
1875 4256
2321 3294
2426 3127
2007 4132
1990 4218
2064 4014
2172 3761
2236 3620
2043 4116
2421 3314
2357 3445
2084 4041
2206 3749
2402 3388
2298 3583
2198 3955
2392 3539
2344 3636
2448 3499
2214 4040
2054 4583
2330 3764
2398 3635
2415 3631
2544 3479
2247 4127
2445 3704
2169 4415
2410 3789
2740 3323
2174 4426
2701 3386
2322 4068
2524 3694
2437 3846
2109 4793
2378 4003
2571 3665
2342 4110
2246 4399
2381 4097
2717 3529
2514 3838
2639 3723
2593 3827
2519 3927
2389 4231
2577 3875
2439 4100
2189 4929
2422 4279
2283 4711
2583 4020
2509 4158
2500 4183
2579 4093
2558 4128
2605 4051
2463 4317
2719 3859
2430 4446
2433 4432
2312 4806
2707 3956
2249 4996
2607 4136
2590 4189
2484 4412
2726 3940
2591 4207
2538 4308
2643 4113
2252 5087
2706 4067
2736 4024
2458 4586
2748 4017
2227 5240
2866 3839
2712 4089
2441 4643
2556 4394
2545 4423
2808 3969
2888 3881
2618 4365
2795 4095
2504 4684
2838 4039
2481 4801
2727 4269
2739 4319
2900 4048
2816 4194
2541 4753
2653 4516
2667 4501
3182 3691
2792 4275
2776 4303
2406 5085
2842 4264
2648 4689
2763 4493
2951 4148
2800 4488
2860 4372
2826 4452
3005 4170
2898 4335
2536 5049
2723 4699
2787 4627
2880 4424
3013 4228
2930 4353
2423 5471
2722 4828
2400 5531
2872 4554
3010 4321
2515 5291
3027 4323
3056 4282
2886 4579
3035 4328
2937 4511
2632 5176
2925 4661
2677 5153
3004 4575
2945 4679
2716 5092
2683 5283
2662 5353
2962 4790
2837 5033
2974 4826
3007 4797
3529 3860
2569 5739
2919 4940
2814 5178
2999 4880
3251 4527
2765 5450
2949 5045
2941 5078
2875 5228
2766 5518
3267 4630
2970 5140
3276 4668
2828 5461
3174 4856
3338 4544
3275 4703
2969 5206
2876 5416
3595 4135
3048 5185
3183 4946
2817 5678
3293 4794
2708 6032
2961 5407
3095 5152
3249 4902
3129 5102
2679 6294
3196 5065
3233 5011
3081 5322
2948 5626
3181 5191
3247 5107
3093 5424
3878 4109
3150 5361
3365 4915
3099 5468
3178 5355
4189 3943
2851 6166
3333 5086
3191 5401
2931 5996
3372 5047
3059 5764
3148 5557
3270 5341
3268 5366
3170 5573
3077 5876
3265 5479
3769 4615
3453 5089
3421 5194
3678 4789
3090 6066
3441 5203
3041 6272
2995 6462
3608 4927
3891 4641
3495 5200
3498 5222
3392 5477
3480 5273
2984 6642
3516 5272
2804 7184
3670 5015
3256 5960
3355 5695
3624 5096
3470 5412
3738 4959
3371 5728
3645 5157
3818 4953
3833 4961
3279 6147
3437 5634
3484 5554
3924 4917
3789 5105
3364 5967
3088 6892
3798 5158
3501 5684
3450 5826
3745 5244
3697 5381
3525 5697
3414 6052
3820 5265
3619 5552
3925 5151
3522 5865
3868 5310
3838 5388
3581 5877
3727 5588
3389 6530
3558 5999
4101 5223
4625 4770
3746 5758
3799 5670
3883 5570
3641 6025
3563 6269
3787 5792
3649 6038
3674 6006
3685 6003
4110 5409
3562 6364
3816 5868
3536 6578
3397 7075
4615 5075
3667 6417
3594 6612
3991 5811
3801 6186
4281 5513
4149 5706
3740 6456
3735 6500
3826 6358
3819 6408
3775 6600
4022 6099
3825 6540
3759 6678
4320 5775
3830 6576
3874 6553
4266 5939
3912 6487
4184 6056
4094 6204
4413 5805
4078 6385
3692 7076
4051 6471
4334 6087
4120 6410
4098 6458
4140 6392
5106 5116
3936 6749
4382 6115
4555 5887
4738 5631
4105 6625
3937 6918
4262 6464
3797 7149
4233 6615
4063 6830
5051 5462
4250 6684
4176 6784
4309 6640
4454 6401
4020 7040
4193 6868
4136 6931
4493 6387
4518 6454
4132 7034
4298 6821
4415 6682
4580 6428
4745 6183
4700 6309
4466 6690
5302 5458
4390 6826
4680 6374
4534 6616
4652 6433
4464 6714
4928 5965
4616 6524
5029 5849
4533 6667
4614 6561
4816 6311
4535 6761
4699 6556
4562 6772
4942 6173
4827 6402
4409 7054
4986 6160
4727 6733
4318 7208
5615 5551
4631 7014
4679 6954
4520 7134
4620 7093
4725 6958
5312 5995
4571 7145
4647 7102
4749 6988
4557 7185
5386 6016
4623 7163
4879 6861
4800 7013
4852 6962
4854 6984
4847 7058
4883 7118
4971 7043
5009 7111
5251 6899
4744 7256
5356 6860
5718 6547
5895 6599
5954 6596
5537 7023
5550 7108
5908 6853
5227 7252
6348 6858
626637720 1928484021
1
sift 273
1128 248
220 73
25 4
298 111
644 122
37 10
1213 442
481 182
65 17
552 206
563 202
115 35
3731 1216
582 223
145 45
570 233
569 252
164 51
5991 2219
646 287
175 62
1132 359
615 256
199 59
1009 352
212 69
994 430
1027 367
211 87
2142 630
269 128
1685 459
1265 345
331 106
2222 644
326 109
1640 572
1391 447
384 112
2551 741
694 96
2439 774
1470 506
372 145
4296 678
401 147
2590 783
1782 597
264 207
3157 857
503 169
3669 696
1907 607
454 185
3741 872
508 173
3515 1159
2844 623
472 188
3865 1037
517 181
4248 1250
2635 656
493 205
5452 956
559 201
6326 1130
2593 666
612 197
3929 1202
702 193
5690 1422
2591 1077
667 246
3908 1258
886 228
5194 1607
2975 1007
960 235
5521 1419
785 265
6417 1692
3750 910
708 308
6890 1544
983 260
6344 1769
3481 949
890 286
5739 1827
978 278
6190 1838
3436 1067
641 354
6720 1718
988 285
7000 1786
4464 1001
1152 295
5096 2165
928 321
4105 1100
793 379
794 395
3787 1170
866 380
1016 362
4976 1263
1015 365
1099 368
5537 1351
1384 348
1072 401
5886 1312
1153 392
1366 396
5024 1480
1133 451
1588 398
6186 1516
1662 403
1245 466
6095 1601
1519 429
1494 435
7058 1947
1624 434
1460 487
6419 2306
2155 415
1744 468
7149 2252
1675 503
1658 510
1800 496
1578 533
2246 463
2274 508
1790 570
2213 534
1389 660
1852 580
2077 558
2081 561
1808 600
2422 539
2021 590
2082 581
2388 573
1644 668
1803 655
2252 621
2402 622
2247 646
2951 615
1828 752
2915 637
2634 671
3311 619
2707 673
2649 683
2605 692
2398 720
2514 714
2800 702
2579 729
3004 703
2748 723
2618 731
2816 721
2017 851
2727 737
2914 732
3576 713
2726 793
3275 736
2812 805
3081 775
2826 807
3292 789
2893 883
3414 809
3270 844
3904 776
3687 800
3756 812
4416 782
3527 914
3778 895
4027 863
3402 959
3645 928
5956 785
3651 962
3692 1006
4439 945
4176 971
4054 982
4409 979
3863 1041
4066 1029
3826 1066
3437 1188
4691 1026
5040 999
5083 1004
4580 1085
4211 1132
3366 1364
6187 964
4700 1097
4816 1089
4423 1141
5601 1014
4262 1176
5323 1082
3670 1401
4747 1185
4888 1168
5171 1121
4244 1334
5401 1119
4624 1273
6150 1099
4681 1339
6633 1080
5638 1193
5455 1238
5404 1251
5625 1245
5877 1212
5829 1265
5223 1368
5329 1352
5490 1340
6034 1283
5995 1355
5757 1402
6577 1357
6399 1381
5496 1514
6630 1389
5727 1499
7067 1361
5994 1495
6586 1433
6331 1500
6639 1468
7116 1395
5843 1565
6316 1524
5022 1758
6218 1556
5896 1640
6795 1559
6320 1643
6762 1591
5460 1846
6315 1701
6623 1655
5647 1871
5939 1841
6126 1816
6608 1726
7046 1678
6647 1762
5954 2054
7097 1851
6885 2146
6453 2379
6660 2338
7108 2274
6964 3262
