674186001 750297218
1
sift 693
99 120
12 2
60 51
26 15
22 17
1670 1912
23 20
76 53
56 36
38 29
51 35
161 148
96 60
57 45
58 46
206 161
238 182
54 54
68 57
260 208
601 461
97 65
102 73
464 267
622 467
95 77
82 87
735 395
789 463
86 96
119 82
688 537
930 680
104 112
127 91
1031 486
803 796
111 117
132 98
1038 634
797 889
130 119
128 128
1002 834
1050 696
140 114
144 138
1049 893
1307 722
131 155
170 133
1762 1057
1300 812
169 136
168 154
2050 1490
1318 862
178 159
171 181
1871 1670
1369 933
176 183
199 172
3094 2341
1511 905
200 176
181 185
3183 2363
1524 918
205 189
232 188
1414 982
186 224
228 201
1554 916
242 203
188 238
1563 931
203 239
213 234
1509 1011
225 225
234 226
1654 1039
257 215
235 233
1639 1187
241 231
244 241
1902 1114
261 245
254 258
1671 1282
252 263
276 250
2009 1173
272 255
263 284
2152 1157
221 332
246 317
2005 1276
283 278
317 254
2201 1253
286 282
300 271
1982 1475
299 291
326 281
1783 1930
264 356
386 253
2247 1998
371 262
361 277
2647 1765
293 322
345 307
2842 1686
408 288
379 302
3247 1628
341 334
360 328
2553 1980
327 369
430 318
2570 2015
366 363
363 371
3065 1862
421 329
569 296
2615 2211
437 358
415 374
2843 2051
435 360
418 381
2916 2303
521 325
505 345
3190 2290
486 378
577 340
3006 2511
512 385
433 445
2966 2565
454 427
476 414
3031 2686
403 489
431 469
3387 2613
578 398
485 479
554 426
608 401
547 449
581 455
610 447
624 438
522 542
539 512
747 370
605 466
549 523
572 507
557 529
566 534
525 578
599 521
615 511
532 587
592 549
596 559
627 517
591 579
621 564
641 543
672 526
770 494
645 593
637 620
640 624
703 574
681 584
638 657
667 608
753 576
824 544
643 693
683 622
693 629
1018 477
651 717
614 831
674 670
731 638
723 641
745 639
901 586
726 682
720 687
682 724
870 613
818 651
863 636
778 684
833 658
755 725
744 742
848 694
739 767
772 750
714 802
718 810
857 709
740 797
992 625
882 702
840 721
802 749
817 744
884 715
928 678
819 772
1109 605
931 695
852 764
756 850
967 698
743 907
1264 604
854 822
943 735
904 784
1098 662
859 836
861 846
932 785
874 843
899 823
916 817
761 978
877 864
945 803
860 900
1072 728
897 868
946 826
919 869
959 837
806 1003
984 855
999 844
1181 747
968 882
1178 756
779 1126
855 1041
1158 788
1044 851
942 949
969 937
1016 897
1054 874
878 1088
1157 828
987 965
1042 913
1008 964
1143 876
1011 989
1014 995
909 1135
1411 795
958 1105
1028 1009
1532 754
1133 942
1029 1024
1280 886
1099 996
1023 1075
1169 962
1087 1028
986 1141
1149 1004
1127 1040
1277 946
1219 984
1107 1072
1086 1097
1310 951
1055 1148
1298 985
1272 1014
1367 950
1378 953
1241 1061
1199 1103
1438 945
1330 1020
1195 1128
1223 1119
1212 1132
1230 1125
1458 974
1210 1143
1263 1122
1374 1037
1522 966
1556 961
1506 991
1383 1076
1146 1278
1365 1108
1100 1349
1229 1216
1166 1285
1160 1305
1343 1146
1319 1181
1620 1006
2279 808
1079 1453
1332 1201
1361 1174
1615 1060
1740 1001
1381 1190
1339 1236
1379 1234
1407 1230
1191 1483
1721 1095
1474 1225
1347 1377
1416 1298
1547 1205
1483 1238
1494 1232
1446 1309
1373 1385
1638 1188
1503 1259
1440 1341
1508 1267
1692 1180
1733 1170
1430 1398
1557 1293
1714 1203
1941 1096
1469 1400
1540 1337
1452 1432
1427 1482
1550 1363
1486 1421
1578 1379
1652 1343
1579 1409
1737 1313
1757 1304
1836 1257
1666 1394
1544 1504
1633 1434
1586 1469
1738 1353
1857 1270
1822 1307
1682 1413
1720 1395
1681 1443
1482 1620
1746 1399
1678 1466
1792 1381
1679 1470
1600 1569
1765 1461
1562 1645
1580 1650
1954 1350
2190 1226
1777 1521
1769 1537
1775 1544
1697 1618
1722 1609
1877 1491
1727 1633
1815 1564
1799 1583
1842 1554
1618 1736
2143 1354
1526 1878
2001 1442
1788 1631
1967 1479
1743 1681
1939 1508
1959 1498
1899 1560
1766 1674
1910 1561
1784 1682
1848 1632
1809 1676
1481 2078
2245 1396
1875 1661
1962 1588
1986 1571
2031 1558
1744 1810
1874 1690
1925 1644
2289 1422
2080 1557
1906 1707
2102 1573
2079 1605
2361 1462
1844 1828
2110 1611
1883 1792
2249 1545
1826 1916
2171 1608
2125 1638
1908 1819
2146 1657
1898 1901
1957 1801
1858 1963
2097 1692
1895 1919
2165 1669
1976 1791
2739 1386
2062 1733
2004 1788
1980 1813
2426 1556
2324 1613
1866 2039
2838 1383
1861 2052
2104 1734
2293 1643
2063 1786
1810 2162
2185 1721
2016 1876
2498 1574
2225 1719
2144 1780
2052 1870
2026 1900
3147 1344
2008 1939
2085 1841
1977 1986
2158 1802
2069 1902
2070 1920
2574 1595
2280 1744
2101 1897
1864 2259
2356 1714
2421 1706
2055 2034
2131 1941
2221 1861
2133 1954
2287 1807
2116 1972
2359 1764
2192 1922
2363 1756
2630 1647
2984 1509
2115 2038
2298 1837
2198 1960
2217 1940
2445 1769
2202 1992
2460 1767
2141 2050
2278 1921
2379 1817
3283 1467
2325 1937
2021 2281
2153 2132
2300 1982
2341 1944
2479 1829
2364 1991
2250 2111
2439 1951
2466 1928
2322 2064
2337 2061
2128 2300
2229 2193
2309 2123
2533 1931
2073 2391
2277 2196
2582 1934
2411 2091
2362 2130
2046 2526
2614 1950
2795 1800
2390 2135
2458 2099
2639 1955
2222 2343
2423 2147
2263 2306
2329 2246
2514 2073
2200 2398
2448 2143
2313 2283
2443 2168
2894 1812
2333 2267
2282 2339
3213 1704
2307 2366
2347 2322
2554 2152
2412 2299
2440 2276
2480 2243
2666 2075
2519 2213
2210 2596
2252 2545
3059 1848
2646 2155
2517 2285
2270 2562
2497 2305
2862 2024
2550 2272
2328 2523
2464 2377
2974 1968
2668 2190
3018 1945
2718 2153
2881 2060
2852 2089
2945 2040
2578 2327
2634 2282
2546 2374
2224 2779
2676 2269
3345 1867
3115 2011
2511 2479
2672 2326
2613 2395
2604 2402
2414 2632
2547 2499
2664 2370
2979 2127
3131 2059
2531 2522
2588 2468
2662 2455
3182 2077
2681 2422
2983 2195
3217 2066
2788 2342
3139 2124
2384 2793
2884 2294
2891 2293
2741 2400
2618 2570
2690 2503
3069 2223
3133 2202
3111 2209
2730 2492
2671 2569
3027 2297
2764 2497
2568 2771
2475 2887
3081 2313
2749 2578
2886 2488
2896 2489
3204 2263
3103 2337
3022 2387
2649 2745
2625 2784
2740 2628
2808 2619
2999 2502
2902 2597
3055 2471
2410 3135
2775 2730
2767 2769
3198 2442
2551 3086
3461 2287
2665 2950
3098 2551
2864 2759
2766 2857
2936 2725
2786 2856
3152 2582
3134 2587
3412 2380
2652 3091
2977 2723
2995 2734
3197 2604
3202 2608
3305 2528
3271 2564
2969 2802
2895 2900
2794 3005
3455 2464
2721 3094
3383 2535
3178 2690
3371 2555
3130 2748
2956 2899
3044 2830
2929 3030
2996 2987
3073 2907
3021 2972
3082 2910
3344 2739
3107 2925
3282 2817
2985 3073
3436 2731
3507 2674
3214 2969
3555 2630
3288 2919
3262 2957
3270 2965
3427 2829
3479 2805
3054 3143
3318 2978
3314 2996
3391 2915
3209 3102
3019 3162
3319 3076
3379 3078
3493 2988
3579 2796
3354 3117
3521 2991
3482 3062
3484 3064
3536 2955
3537 2958
3366 3145
3398 3133
3539 3012
3464 3124
3585 3165
