69872513 626637720
1
sift 82
55 552
44 644
27 211
65 453
47 563
64 646
165 1732
59 615
76 1009
72 708
85 994
479 5992
93 1072
145 1181
98 1245
132 1136
548 7090
99 2082
155 1569
123 1391
174 1640
664 6084
131 2402
173 1615
130 2847
197 2439
676 6970
170 2159
192 1944
221 2017
251 1874
766 7009
199 2142
254 2859
203 2579
230 2590
208 2844
264 2865
202 3773
256 3865
262 3007
271 2710
338 3436
350 4105
258 3908
339 4064
355 3863
396 4244
317 5886
390 4933
316 5995
424 3750
352 5939
410 5030
401 4557
569 6293
370 6186
423 5521
429 4551
599 6344
365 6762
421 5721
466 5024
645 6191
450 4837
445 4899
444 6095
648 6981
428 5936
399 7039
477 5843
565 6312
549 6721
584 6647
617 5868
665 6622
620 7108
682 6356
685 6305
695 6737
730 6807
2276 4248
69872513 672853355
1
sift 544
43 68
28 38
0 4
63 93
42 109
7 14
64 149
44 143
13 28
55 200
59 153
14 29
85 198
120 216
27 58
128 281
95 322
41 75
107 302
113 283
36 100
132 303
137 258
60 134
174 448
243 532
65 127
197 441
123 327
61 156
196 438
248 587
69 157
230 576
162 451
72 190
251 589
265 792
73 193
263 612
177 405
76 215
284 590
553 1200
83 242
256 789
188 608
88 271
300 738
548 1547
93 301
298 791
208 559
96 318
321 782
559 1815
110 331
424 705
255 634
127 358
351 967
676 1504
155 325
401 1011
363 672
131 452
400 1029
766 1540
173 332
418 1159
390 999
145 432
394 1149
774 1741
161 400
482 1287
463 923
163 459
388 1236
687 2244
146 513
518 1305
380 1207
170 450
497 1473
909 1867
172 443
557 1343
500 1052
158 495
648 1162
899 2114
149 557
567 1367
565 1334
179 466
585 1341
1025 1816
164 566
599 1403
571 1986
171 524
622 1371
935 2040
184 501
626 1426
844 1421
221 456
627 1447
798 2482
238 437
628 1538
733 1731
203 536
608 1625
1024 1908
254 563
831 1686
873 1575
241 637
801 1882
895 2602
246 666
889 1845
845 1661
217 960
654 2755
1052 2417
262 682
923 1836
760 1892
271 661
937 1790
1023 2612
264 704
863 2021
743 1997
258 784
894 1950
1100 2611
291 636
890 1983
936 1848
283 840
856 2170
1141 2546
299 743
864 2256
981 2068
324 721
849 2354
1168 2488
301 815
886 2319
983 2078
339 774
976 2085
1201 2748
319 874
938 2191
986 2103
326 904
869 2626
1392 2301
318 951
956 2198
1077 2305
397 737
1291 1843
1301 2581
317 1001
1190 2039
1191 2271
352 902
1083 2413
1362 2476
358 892
1283 2343
1074 2807
316 1050
1221 2552
1228 3084
355 924
1093 3382
1324 2332
293 1309
1344 2837
1398 3017
369 1032
1218 3384
1258 3031
413 935
1632 2227
1304 3487
360 1141
1449 3009
1360 2770
421 973
1502 2805
1265 3649
370 1176
1434 3070
1561 2616
395 1060
1504 2927
1445 3122
377 1158
1378 3360
1479 3323
393 1091
1462 3226
1595 3114
365 1227
1442 3471
1518 3215
327 1518
1391 3657
1785 2926
375 1230
1494 3336
1400 3919
423 1095
1396 3696
1475 4107
466 986
1483 3508
2088 2498
448 1054
1536 3568
1648 3949
385 1277
1619 3276
1589 3598
445 1066
1544 3578
1718 4180
364 1490
1643 3240
1638 3458
373 1448
1667 3439
1801 3957
450 1124
1580 3912
1514 4122
341 1779
1660 3596
1869 3901
428 1300
1739 3559
1803 3205
420 1331
1624 3964
1951 3720
444 1239
1717 3694
1749 3463
505 1089
1692 3825
2061 3683
412 1483
1721 3971
2015 3048
437 1349
1882 3434
1873 4268
495 1157
2037 3363
1663 4129
507 1132
1967 4125
1963 4244
486 1196
1940 4241
1754 4052
477 1258
1912 4401
1934 4348
529 1153
2004 4478
2083 4379
489 1241
1888 4611
2085 4573
469 1332
2175 4498
2021 4537
436 1539
2219 4316
2270 4173
549 1189
1910 4631
528 1249
2468 3836
537 1256
2213 4536
612 1129
2430 4577
465 1632
538 1338
560 1301
496 1467
584 1361
542 1494
661 1244
587 1496
572 1530
595 1462
589 1503
536 1699
641 1377
617 1424
618 1459
614 1509
640 1437
574 1762
558 1893
620 1606
665 1460
660 1522
649 1554
642 1585
655 1545
610 1761
639 1691
624 1769
735 1429
577 2069
653 1766
568 2306
763 1510
685 1701
694 1681
770 1505
630 2030
668 1835
678 1819
686 1802
727 1709
752 1660
730 1737
746 1704
737 1774
721 1833
700 1918
644 2225
710 1947
673 2132
713 1979
705 2033
556 3104
776 1886
723 2054
796 1869
744 2112
812 2056
773 2141
843 1985
1154 1435
717 2432
854 2062
852 2110
772 2298
929 1907
927 1945
897 2035
792 2293
893 2070
847 2190
841 2218
1008 1801
877 2152
809 2320
839 2250
704 2829
902 2140
882 2184
885 2176
769 2516
974 1930
901 2213
991 1960
756 2713
778 2817
821 2693
940 2245
917 2400
980 2231
1030 2143
953 2324
1011 2247
871 2775
999 2283
883 2790
967 2394
1136 2105
1007 2451
1027 2378
949 2663
966 2651
1075 2357
1103 2315
1089 2433
951 2928
997 2799
1002 2847
1264 2207
1041 2779
1090 2649
1192 2368
1000 3035
1053 2814
1071 2812
1214 2447
1166 2609
1241 2430
1213 2532
969 3524
1290 2492
1128 2945
1312 2421
1113 3067
1235 2728
1060 3326
1188 2967
1197 2974
1337 2534
1170 3095
1238 2878
1216 2933
1244 2888
1159 3173
1107 3370
1167 3200
1375 2587
1336 2704
1317 2816
1131 3421
1309 2905
1122 3556
1109 3608
1534 2333
1356 2810
1380 2778
1406 2677
1294 3119
1302 3086
1350 2881
1367 2940
1286 3317
1366 3059
1446 2914
1284 3475
1320 3415
1385 3231
1403 3174
1402 3218
1386 3296
1298 3664
1363 3436
1560 2861
1401 3316
1484 3152
1414 3327
1208 4204
1397 3448
1279 4009
1485 3261
1307 3929
1332 3798
1511 3234
1478 3390
1551 3193
1565 3189
1532 3330
1610 3093
1351 4071
1625 3147
1404 3892
1831 2706
1461 3761
1476 3727
1508 3620
1481 3785
1474 3821
1637 3281
1590 3418
1533 3693
1491 3895
1423 4238
1607 3503
1599 3648
1651 3529
1552 4025
1809 3237
1558 4059
1896 3116
1549 4266
1746 3549
1598 4036
1832 3383
1777 3518
2051 3111
1639 3999
1593 4234
1715 3783
1587 4356
1567 4485
1666 4050
1725 3874
2154 3131
1606 4426
1880 3642
1760 3979
1732 4116
1681 4466
1668 4564
1889 4001
1883 4040
2005 3741
1900 4002
1955 3853
2115 3590
1870 4346
1629 4627
1844 4430
2072 4008
2207 3753
1966 4341
2141 3936
2116 4255
2398 3675
1974 4589
2124 4432
2226 4210
2179 4371
2678 3515
2233 4413
2250 4490
2504 3873
2165 4610
2513 4242
2751 4311
2865 4206
69872513 769617110
1
sift 366
29 67
120 141
13 22
230 508
55 121
27 63
128 262
257 979
34 73
263 520
88 265
41 94
174 351
357 880
49 115
298 597
208 349
59 147
197 446
404 913
61 135
300 618
251 600
60 150
256 628
559 1688
69 144
351 756
270 696
72 185
338 680
798 1125
73 183
401 922
350 711
76 212
424 603
553 2009
83 205
418 895
458 818
93 250
518 1038
687 1746
118 224
585 997
567 1047
123 286
648 945
859 1939
145 301
599 1054
631 1091
131 381
569 1229
1201 1425
170 369
621 1120
645 1077
180 364
627 1283
1301 2162
209 318
577 1968
889 1194
179 384
831 1348
1228 2343
164 474
826 1577
772 1666
215 379
890 1488
1445 3453
199 410
976 1321
923 1453
221 367
869 1754
1976 2386
203 495
1291 1416
863 1778
227 486
856 1884
266 507
1190 1675
907 1782
261 519
1083 1896
264 574
1316 2850
883 2080
465 398
1295 1855
283 670
1483 2719
1002 1794
299 631
1391 2675
302 654
1692 3015
1006 2161
324 610
1494 2513
339 596
1122 2235
317 764
1449 2990
278 1005
1488 2402
355 715
1538 2728
316 803
1643 2458
367 706
1572 2707
374 708
1552 2800
385 678
1619 3116
326 822
1721 3262
347 779
1717 3393
293 1063
1667 3596
364 784
2037 2922
352 886
2004 3333
358 877
1912 3569
420 785
1940 3538
365 978
2173 3317
423 830
393 891
395 888
446 801
481 757
480 761
459 832
445 849
450 906
444 971
477 910
466 965
522 853
495 920
486 952
492 955
501 957
517 934
546 897
469 1088
644 805
511 1029
578 908
447 1242
647 819
498 1075
549 986
554 996
584 974
530 1084
537 1074
528 1121
373 2243
596 1044
589 1101
560 1145
500 1389
605 1117
542 1280
536 1386
556 1335
615 1190
570 1372
787 949
665 1122
558 1473
657 1164
641 1209
574 1463
614 1305
620 1286
730 1083
640 1318
618 1390
625 1381
655 1300
639 1360
653 1362
611 1559
649 1431
652 1499
674 1428
776 1219
677 1456
612 1766
685 1436
694 1422
700 1430
744 1394
754 1378
763 1371
688 1587
675 1650
845 1298
710 1596
721 1562
752 1493
746 1510
737 1610
722 1678
770 1567
713 1714
828 1480
727 1728
841 1511
817 1598
847 1560
769 1723
705 1970
944 1400
852 1647
872 1621
743 1903
929 1534
811 1793
855 1715
717 2072
885 1662
809 1933
1037 1414
795 1985
897 1753
1030 1465
854 1881
1075 1458
902 1841
1307 1185
901 1868
704 2558
844 2189
884 2092
1011 1802
893 2258
756 2756
1035 1877
999 1969
1078 1854
1153 1771
1252 1648
1133 1838
1074 2068
1090 2066
934 2573
1166 1949
1136 2077
1107 2176
1224 1929
1213 1989
1135 2152
1230 1957
1053 2401
1191 2088
1241 2021
1170 2264
1192 2199
1214 2170
1209 2200
1290 2050
1199 2334
1244 2271
1131 2537
1144 2523
1128 2582
1312 2149
1356 2055
1188 2488
1448 1918
1132 2658
1235 2445
1293 2324
1264 2403
1380 2127
1363 2169
1402 2150
1534 1941
1424 2181
1336 2365
1366 2333
1324 2497
1302 2556
1375 2479
1299 2720
1320 2677
1446 2383
1284 2844
1313 2847
1617 2100
1337 2789
1639 2098
1524 2405
1335 2873
1427 2646
1587 2307
1333 3009
1484 2590
1560 2421
1282 3361
1347 3026
1491 2616
1551 2500
1686 2192
1367 3088
1590 2485
1661 2391
1423 3097
1387 3264
1470 2998
1533 2859
1515 2996
1710 2486
1625 2635
1518 3090
1948 2207
1600 2823
1607 2819
1854 2423
1565 3125
1668 2805
1440 3607
1618 3068
1727 2788
1571 3319
1610 3154
1558 3463
1776 2798
1567 3465
1598 3330
1715 2984
1880 2746
1725 3091
1771 3035
1681 3385
1766 3181
1753 3214
1864 2982
1832 3046
2040 2717
1883 3268
1847 3413
2005 3230
2410 2589
1900 3533
2072 3307
2028 3604
2353 3033
2234 3409
2231 3452
2459 2988
2878 3632
69872513 1537327672
1
sift 175
66 645
44 323
13 73
36 285
15 84
174 1112
169 1034
37 272
47 380
60 381
197 1706
165 1364
59 384
65 350
81 482
251 1695
314 1656
61 371
72 663
98 943
256 2040
404 2304
76 669
93 730
96 1099
270 2302
553 4458
103 674
123 991
99 1147
350 2607
559 4406
145 828
155 997
131 1198
351 2769
676 3837
161 913
173 1095
170 1262
356 3280
748 3895
179 1263
192 1248
202 1819
396 3059
766 4106
199 1350
203 1534
221 1490
534 2241
774 4370
209 1879
229 1775
262 1787
586 2930
935 5416
250 1644
254 1625
274 2537
600 3168
258 1531
264 1731
294 2363
621 3756
271 1661
283 2324
345 2066
648 3579
299 2043
324 2447
355 2145
569 4515
339 2303
358 2449
317 2765
645 3705
352 2613
421 2323
306 3563
631 3872
316 3242
413 2486
385 2684
831 4098
390 2696
370 3344
375 3470
894 3852
428 2768
450 2637
423 3072
923 4513
365 4441
500 2429
418 3321
890 4908
447 2904
445 2962
465 3083
856 5411
444 3303
393 4407
477 3097
448 3507
528 2879
437 4148
466 3675
495 3234
486 3345
489 3536
565 3224
529 3369
455 4703
549 3736
587 3818
560 3708
584 3523
577 3925
611 3616
617 3519
641 3393
542 4350
620 4226
564 4195
536 4803
655 4172
558 4886
574 5012
685 3910
618 4674
665 4178
639 4708
649 4696
730 3808
682 4159
677 4286
700 4095
642 4949
727 3997
640 5031
694 4354
657 5210
769 3908
746 4202
737 4975
731 5071
710 5509
713 5455
770 5145
841 4948
852 5273
752 5646
795 5602
893 5268
885 5140
929 4773
839 5688
884 5231
1075 4067
969 4570
927 5177
983 5078
996 4765
986 5315
1078 4873
1011 5680
1154 4709
1258 4905
1120 5259
1082 5586
1225 5269
1089 5698
1214 5644
1336 5137
69872513 1928484021
1
sift 218
55 206
243 607
15 43
174 572
37 100
27 87
197 774
165 1302
41 137
230 783
47 202
60 231
256 1037
257 1392
59 256
270 998
97 486
72 308
298 935
404 1269
76 352
567 1772
123 447
83 331
338 1067
687 2483
88 380
599 1769
199 630
93 401
350 1100
553 4063
98 466
569 2062
283 1001
131 622
458 1351
786 2570
172 589
627 1822
317 1312
179 654
645 1837
1680 4819
164 732
831 2076
370 1516
171 690
631 1957
187 684
863 2265
420 1384
203 729
648 2367
229 854
923 2335
393 1921
240 833
937 2106
266 828
890 2655
466 1480
274 893
856 2796
299 1032
869 2808
463 2050
355 1041
976 2462
316 1355
1083 3138
500 2428
358 1203
1190 3787
392 1358
1093 4425
639 2466
375 1520
1227 3733
365 1591
1378 4233
845 2673
395 1436
1343 3505
401 1428
1494 3848
847 2828
352 1841
1413 4313
423 1419
1391 4541
1074 3355
373 1708
1643 3363
528 1375
1483 4726
1224 3135
517 1407
1572 4871
448 1704
1739 4621
1040 3953
477 1565
1692 4790
437 1887
1360 2970
505 1501
604 1359
1518 4515
469 1889
501 1694
1560 4518
529 1627
511 1777
1589 4823
537 1679
554 1611
560 1724
584 1762
589 1752
542 1950
595 1861
536 2228
657 1773
625 1920
641 1872
607 2036
564 2286
574 2299
618 2130
660 1973
587 2421
678 1968
620 2274
655 2141
677 2024
577 2712
653 2253
739 1937
556 3190
700 2124
649 2453
611 2826
763 2220
721 2409
737 2422
752 2501
713 2847
727 2837
717 2963
823 2564
855 2447
705 3163
841 2611
955 2184
881 2487
743 3075
792 2917
811 2897
809 3007
885 2726
904 2674
907 2681
902 3062
893 3145
1008 2683
1271 2088
1050 2552
917 3212
934 3130
1030 2748
1150 2553
991 3202
1090 2858
999 3222
883 4062
1089 3133
1136 3180
969 4335
1107 3562
1128 3477
1053 3881
1185 3347
1345 2905
1170 3520
1000 4692
1299 3225
1213 3543
1113 4287
1005 4858
1264 3762
1244 3844
1122 4596
1286 3828
1235 4186
1188 4567
1366 3678
1375 3646
1284 4360
1639 2943
1320 4422
1367 4155
1302 4706
1437 3963
1363 4378
1534 3575
1446 3931
1337 4721
1460 4593
1427 4843
1419 4854
1593 4364
1625 4405
1715 4592
1947 4083
1889 4382
1847 4801
2051 4676
