748678880 756063153
1
sift 150
147 289
202 403
386 416
379 482
333 669
473 449
634 413
402 643
450 778
578 656
646 1002
630 621
886 568
960 1339
493 1075
660 760
867 1635
784 737
894 694
913 2246
968 787
828 1008
1254 1842
759 1212
793 1227
1266 1932
810 1745
1158 1234
1237 2363
1056 1493
1360 1205
1363 2105
1297 1399
1202 1728
1218 2995
1426 1566
1209 1836
1488 2615
1291 1880
1375 1959
1867 2517
1410 1986
1831 1624
1430 3679
1343 2355
1441 2188
1722 2914
1531 2231
1408 2618
1576 3496
1764 2015
1743 2044
1521 6019
1821 2492
2101 2834
1983 4494
2168 3300
1916 4632
2304 3853
2998 3691
2426 4196
2467 4566
3746 3084
2343 5274
4048 3053
4104 2891
3181 3926
3561 3670
2865 4603
2444 5698
3167 4100
2708 4962
2737 4988
3988 3699
5623 3049
3150 4946
3273 4740
4304 3928
4073 3967
3819 4397
3533 4912
3413 5121
3288 5500
3219 5872
2970 6346
3896 5279
3564 5250
5627 3800
2912 7820
4566 4821
4389 4994
2911 8616
5609 4237
6785 3753
5022 5016
4624 5367
3644 7435
3546 7928
3740 7215
4734 5743
4936 6096
3893 7157
3725 8070
5117 6300
5837 5142
4151 7310
5499 6255
5653 5456
5620 5495
5302 6487
5579 5624
5854 5651
6268 5960
3903 8830
5343 6766
5991 6283
6862 5940
4718 7996
4783 8049
6075 6728
6088 6440
5541 7502
7412 5709
8395 5430
5186 8799
7087 6393
6916 6437
4933 9112
8799 5443
9010 5269
6513 7792
6452 7505
5835 8672
6469 7976
8740 5949
7669 6816
6668 8464
7999 6734
6467 8458
8417 7484
7359 7396
6874 8113
8769 8363
7662 7283
6998 8459
8195 7501
8440 7641
8702 8112
9052 7818
8414 8770
748678880 858943217
1
sift 88
125 126
147 438
227 229
237 253
235 527
279 254
377 602
470 644
386 705
378 798
333 1121
459 651
454 714
450 1399
473 713
455 939
646 1481
630 883
713 1037
586 1756
894 1262
968 1224
895 1550
886 1383
1608 1257
1159 2117
1320 1540
1319 1548
1254 2665
1679 1332
1260 2082
1237 3531
1510 2065
1875 2037
2002 2714
2010 1985
1291 3521
1531 3919
2890 3438
1849 3599
2028 3505
3717 3626
1867 4201
1722 5277
3710 4042
2168 4221
1916 5912
4864 4020
1983 6369
3746 4341
5265 3892
4150 4459
2467 8208
4804 4316
5623 4213
3103 7719
7613 3427
5049 5278
4557 6230
5533 5280
5627 5486
3697 8873
4304 7223
6450 5025
5431 6874
6385 5323
5458 6278
4936 9491
7529 5702
6663 6460
5600 8405
6330 6821
5832 8055
7664 7207
8754 5473
8037 6057
7368 8041
6883 7094
6531 7920
8521 7268
8133 7151
7807 7777
7961 8004
7898 8347
8197 7941
8223 8440
7240 9721
8414 9960
748678880 1162772251
1
sift 88
266 131
86 63
795 358
5085 2629
98 76
722 356
275 145
1162 581
778 538
1949 1241
1526 969
1503 681
1752 745
2069 1397
1761 867
1511 840
1829 879
2557 1472
2350 1330
2073 913
2309 895
2489 1567
2249 1398
2175 1172
2575 1188
3066 1518
2566 1413
2786 1135
3137 1290
2497 1806
3931 1181
2899 1516
2819 1870
3115 1892
3314 2124
4554 1456
4515 1495
3542 1788
3213 2217
5013 1737
3383 1905
2824 2395
4109 1856
3702 2350
4161 2009
3760 2782
4487 1985
4305 2226
5209 1953
4456 2993
5133 2409
6675 2280
5350 2386
5645 3845
4691 2686
5285 2811
5416 2675
7096 3283
7469 2175
6919 2768
6309 2509
6173 3681
5889 3005
6348 3116
7470 3225
5977 3840
8711 3253
8468 3257
6448 3886
8603 3481
9126 3272
7717 3494
7438 3688
5554 5049
8999 4156
8334 3797
6894 4181
7257 4075
8668 4415
8626 3796
5987 5412
8588 4312
8304 4207
8176 4643
6507 5739
8627 5039
9021 4774
9018 4896
748678880 1242253086
1
sift 156
686 322
60 37
99 90
559 407
124 147
198 99
567 408
281 207
294 204
735 496
253 256
331 251
941 565
334 312
393 282
926 712
366 359
453 346
1213 600
389 467
417 462
1302 1040
472 500
585 503
1466 1174
644 688
817 555
1228 1309
679 766
961 841
1437 1242
954 1320
1025 1504
1747 1191
1522 1327
1259 1582
2458 1054
2088 1250
2151 1202
1401 1728
1693 1570
2186 1252
2427 1225
1842 1747
2159 1415
2520 1340
2384 1502
2142 1550
2311 1538
2334 1624
1914 1882
2497 1573
1866 2259
1900 2241
3955 1660
1770 2441
1887 2362
3066 2069
1971 2375
2603 2031
3073 2090
2375 2218
3556 1973
4300 2063
2521 2660
1239 9950
4186 2142
4059 2378
2608 3182
5766 1890
3264 3002
4025 2339
3366 2808
3420 3011
4057 2473
5330 2254
3290 3341
4248 2592
5067 2476
5165 3050
3715 3156
3837 3391
3710 4923
4806 2833
3996 3334
4154 4543
4128 3335
3632 3918
4693 4146
4995 2960
5987 2700
5187 4047
5377 2940
5976 2775
4722 4401
3873 4125
5130 3158
4136 5286
5710 3173
5347 3406
5488 4215
5645 3594
6780 3294
4347 6645
6189 3720
7184 3488
4629 6180
6448 3990
6720 3932
6492 4672
6507 4126
6533 4121
5410 5902
7096 4069
6047 5089
5509 6767
7380 4340
5878 5588
5533 7030
5704 5996
7404 4653
6283 6778
6925 4875
8038 4525
5642 7624
7257 4859
6409 5859
4706 9099
5974 6801
7017 5709
6930 6176
7718 5251
8183 5132
6395 7196
8176 5526
8168 5615
5530 8840
9018 5163
6888 6922
7600 6499
6849 7392
8588 6089
8217 6819
7648 7223
8296 7132
7016 8269
6524 9116
8706 7023
7270 8449
9012 7036
8827 7943
8969 7379
8477 8477
9050 9343
8738 9467
8977 9576
748678880 1472528885
1
sift 1554
2003 1400
3 5
9 19
8 11
24 46
11 23
5477 4535
17 28
18 21
25 36
28 42
30 57
42 56
33 60
55 74
41 69
70 66
75 75
46 94
76 80
59 91
44 102
82 81
52 109
86 90
65 98
95 99
100 101
72 113
132 122
139 286
77 114
126 157
119 129
149 141
167 282
89 183
131 175
115 136
190 210
249 270
133 130
216 223
108 162
212 250
210 354
125 148
287 238
150 126
276 422
302 269
170 135
375 301
184 133
424 285
226 357
120 212
410 289
118 245
342 370
236 419
156 189
408 348
171 177
438 329
242 410
182 186
369 434
191 204
464 436
268 384
240 181
458 445
233 205
572 481
272 432
200 230
497 479
197 258
603 515
277 423
219 241
423 624
227 244
619 537
394 406
235 267
563 520
273 240
654 596
337 490
257 255
621 650
279 260
640 695
445 381
202 322
845 525
280 263
847 692
377 526
288 262
864 704
237 307
667 1105
415 589
325 259
794 902
317 264
787 922
406 638
323 266
872 853
301 274
776 959
470 528
298 288
978 797
347 280
900 854
428 599
308 303
929 883
351 310
1081 801
454 593
319 347
1093 816
344 339
947 999
440 614
374 343
1246 774
400 342
959 1037
436 667
418 323
1151 891
324 446
1175 887
504 601
397 361
1194 972
494 293
1076 1083
451 802
380 396
1077 1084
386 394
1112 1041
569 642
532 294
1361 933
333 476
1078 1378
499 759
482 333
1244 1156
498 317
1149 1320
525 724
446 380
1216 1366
460 373
1109 1548
747 533
425 421
1487 1258
524 344
1463 1354
586 750
447 400
1379 1443
353 522
1267 1574
554 807
315 645
1526 1342
486 397
1455 1423
560 785
459 439
1301 1586
455 441
1485 1462
673 659
583 362
1882 1131
511 438
1625 1376
632 716
376 621
1654 1394
443 499
1789 1364
684 682
549 433
1708 1454
372 694
1890 1360
612 855
396 644
2261 1232
473 514
2180 1263
655 813
402 652
1710 1685
538 502
1665 1604
601 960
501 540
1619 1834
552 500
1714 1784
706 1049
450 653
2205 1523
352 976
1452 2337
887 930
535 531
2128 1620
609 467
1718 1938
940 989
489 615
1941 1831
635 457
1813 1993
816 1145
647 468
1673 2200
680 477
2020 1803
866 1218
596 544
2406 1650
542 629
1861 2163
981 1100
610 541
2249 1873
579 597
2098 1908
767 1499
683 512
2496 1757
641 584
2206 2006
898 1294
826 491
2155 2107
737 538
2394 1898
867 1380
558 771
2566 1807
634 669
2379 1959
879 1355
651 743
2530 1881
888 602
2647 1832
943 1262
990 546
2681 1918
713 762
2469 1986
972 1287
1035 539
2449 2140
902 662
2955 1850
939 1373
969 604
2338 2453
821 751
3112 1864
1024 1219
920 680
3636 1709
606 1071
2514 2311
1082 1169
784 784
3105 1980
643 1001
2364 2562
1047 1264
886 726
2921 2116
646 1024
2470 2512
945 1485
645 1040
2884 2242
891 742
2837 2349
1079 1272
1073 637
2950 2370
689 1016
2576 2565
1211 1108
853 850
3346 2121
759 942
2744 2481
913 1720
894 857
3213 2201
828 931
2939 2394
1032 1610
875 906
3059 2366
851 952
3460 2263
1105 1607
1022 789
2937 2559
793 1022
3708 2159
1469 1217
1027 852
2851 2714
1029 862
2844 2677
1119 1713
1028 888
2781 2821
878 1043
3447 2383
1053 1969
802 1137
2532 3295
1135 804
3000 2688
1179 1778
1230 775
2879 2817
846 1143
3137 2745
1483 1552
1099 879
4195 2218
1133 844
3498 2646
1325 1782
1309 754
3301 2756
810 1303
3305 2840
1424 1683
963 1066
3201 2973
975 1060
2923 3359
1232 1955
1056 1002
3375 2878
827 1344
3245 2991
1296 1857
1030 1056
2871 3451
1220 896
2913 3461
1316 1853
968 1130
3395 2925
1017 1093
3418 3002
1518 1665
824 1470
3091 3272
1203 966
3329 3100
1568 1690
805 1558
3266 3173
1061 1102
3204 3299
1323 2014
1170 1004
3314 3186
1007 1213
3387 3122
1337 2052
1286 946
3449 3128
1147 1064
3129 3496
1500 1849
1381 934
3165 3715
1114 1111
4553 2956
1432 1968
1158 1086
3598 3454
1256 1057
4110 3354
1624 1747
986 1429
4450 2806
1009 1422
3963 3538
1458 2005
1116 1210
3781 3758
1010 1431
4271 3327
1560 1871
1075 1329
4619 3059
1210 1123
4508 3166
1363 2297
960 1547
3693 3864
1140 1228
4333 3305
1433 2294
1413 1030
4370 3278
1059 1447
3702 4023
1285 2566
1245 1168
4437 3374
1435 1069
3931 3866
1580 1998
1155 1310
3835 3997
1071 1497
3827 4016
1684 1916
1016 1613
4171 3719
1377 1118
4597 3382
2011 1699
1173 1336
4487 3495
1074 1536
3870 4264
1697 1994
1051 1580
3986 3921
1186 1339
4504 3764
1542 2309
1317 1191
4167 3833
992 1739
4805 3640
1554 2304
1360 1192
5101 3458
1172 1419
3971 4310
1694 2030
1276 1312
5133 3449
1277 1356
5015 3569
1553 2324
1280 1358
4865 3662
1406 1254
4294 4048
1692 2167
1313 1340
3312 5461
1510 1197
4468 3948
1543 2458
1193 1535
3847 4700
1297 1408
5135 3617
1641 2305
1320 1415
4483 4007
1260 1500
3890 4762
1669 2259
1709 1107
3912 4799
1428 1345
5707 3468
1719 2198
1319 1433
3946 4896
1649 1152
4215 4426
2090 1824
1291 1483
5000 3957
1218 1579
4802 4060
1539 2608
1496 1307
5563 3702
1460 1341
4963 4032
1359 3191
1417 1384
4427 4425
1623 1209
5782 3680
1874 2071
1126 1748
4646 4390
1651 1190
4732 4326
1704 2440
1222 1638
4905 4237
1399 1459
4459 4720
1785 2343
1178 1722
5126 4174
1612 1308
4684 4616
1591 2703
1351 1538
4319 5174
1124 1870
4305 5242
1886 2215
1757 1203
4911 4545
1614 1350
4965 4534
1846 2360
1572 1386
5005 4527
1410 1533
5145 4434
1724 2516
1378 1573
5416 4268
1679 1295
4902 4696
1957 2280
1608 1385
5705 4229
1588 1398
5199 4583
1749 2700
1169 1892
5597 4327
1445 1550
5183 4672
1883 2501
1528 1477
6777 3777
1327 1667
5256 4737
2060 2333
1613 1420
6039 4195
1397 1659
5650 4555
2052 2340
1464 1629
4982 5165
1494 1626
5955 4341
2076 2314
1254 1924
6438 4094
1339 1800
4998 5263
1912 2484
1207 2109
5748 4653
1375 1819
5388 4974
1823 2697
1902 1357
6107 4430
1283 2002
6256 4324
1788 2773
1425 1801
5422 5045
1671 1541
5300 5204
1981 2498
1343 1962
5417 5097
1839 1472
5007 5540
2170 2352
1390 1928
5134 5491
1870 1460
5821 4971
2028 2629
1992 1421
4930 5781
1411 1989
6079 4750
1879 3092
1408 2011
5249 5674
1266 2315
5345 5570
1942 3008
1578 1797
5482 5469
1370 2153
5712 5308
2043 2827
1600 1791
6335 4695
2035 1475
4981 6007
2139 2712
1531 1907
6111 5100
1441 2096
6035 5511
2255 2651
1566 1884
5537 5967
1237 2543
6391 5157
2227 2704
1873 1616
5966 5603
2077 1505
6230 5422
2044 3032
1750 1708
6647 5026
2005 1539
6678 5175
1913 3392
1836 1662
8205 4301
1634 1865
6417 5431
1952 3428
1380 2342
7117 4919
1430 2249
6289 5714
2357 2707
1599 1933
4927 7267
2308 1428
6220 5892
2574 2490
1922 1648
7921 4610
1142 3219
6658 5631
2063 3363
1731 1830
5683 6594
1601 2083
7385 5160
2158 3232
1778 1841
6320 6144
1875 1775
6810 5731
2283 3094
1898 1753
5928 6649
2116 1621
6455 6280
2307 3082
1995 1698
8687 4639
1468 2427
6097 6731
2466 2816
2303 1542
7457 5406
1742 1911
7045 5940
2529 2792
1515 2378
6637 6281
1764 1900
6875 6125
3385 2185
1583 2245
7131 5966
2411 1531
6743 6336
2431 3066
2327 1612
8228 5424
1921 1888
7934 5641
2342 3276
1924 1899
7899 5690
1442 2770
6071 7257
2335 3343
1576 2478
7746 5758
2230 1744
7221 6111
2508 3081
1831 2100
7566 5910
2355 1677
8349 5647
2500 3208
1803 2155
7148 6462
2094 1847
6954 6687
2533 3135
2282 1743
7107 6600
2010 1926
7470 6388
2374 3483
1932 2027
6770 7071
1662 2472
7235 6588
2433 3403
2288 1781
7272 6686
1796 2277
7330 6598
2714 3018
2057 1961
6940 7196
2353 1772
6596 7839
2164 4050
2062 1971
8842 5982
1849 2225
6798 7574
2730 3012
1847 2236
6510 8327
1657 2532
7555 6923
2832 2990
1905 2196
8017 6705
2163 1936
7925 6790
2395 3837
2286 1852
7293 7409
1661 2604
7209 7592
2645 3470
2391 1809
8482 6455
2184 1948
7968 6915
3553 2653
2030 2118
8562 6442
2541 1717
7920 6995
2320 4233
1546 3040
7733 7210
2200 1987
8092 6943
3027 3210
1630 2834
7850 7140
1772 2503
8374 6797
3021 3247
2101 2145
6932 8160
1884 2422
7575 7532
3146 3215
2153 2124
7651 7500
2239 2039
8402 6870
3234 3129
2041 2266
8583 6773
1820 2557
7461 7914
3032 3430
2502 1855
7113 8456
2233 2110
8407 7370
3822 2737
2956 1660
8153 7671
1740 2743
8774 7143
3336 3155
1838 2598
8602 7361
2161 2231
8396 7995
2924 3653
2689 1805
8543 7972
1700 2934
8546 7974
2455 4678
1860 2624
8520 8228
2216 2221
8156 8593
2611 4515
1703 2998
9063 7652
2511 1963
8736 8244
4047 2922
2451 2049
8962 8592
1795 2958
9178 8711
2886 4116
2152 2450
1955 2708
2596 4818
1851 2962
2753 1949
2960 4101
1867 2983
1938 2829
2838 4335
1807 3189
2243 2469
4286 2929
2676 2103
3065 1861
3151 4033
2453 2332
1987 2946
3370 3851
1956 3048
2136 2729
2802 4644
2265 2620
2585 2289
2629 5214
1916 3226
1811 3647
2640 5215
1996 3197
2001 3205
3438 3854
3064 2038
3041 2060
2965 4546
2033 3264
2447 2602
3077 4402
3117 2087
2174 3076
2697 5374
2065 3331
3223 2090
2654 5681
3142 2147
2256 3025
3324 4238
2553 2560
3820 1863
3247 4392
2538 2642
1983 3712
2925 5042
2624 2597
2436 2860
3017 4850
2083 3568
2409 2947
3092 4705
3593 2046
2715 2585
3565 4185
3195 2291
1908 4065
4005 3811
2109 3668
2426 3047
3152 4964
2304 3318
3023 2455
3020 5285
2435 3140
3453 2224
3534 4382
2441 3149
2329 3365
3292 4757
2317 3443
3055 2483
4324 3686
2773 2731
2275 3603
3167 5115
3186 2446
3969 2066
3200 5044
2222 3751
2700 2856
3544 4526
2547 3174
2302 3682
3497 4701
2323 3696
3036 2634
4401 3795
3101 2616
2474 3450
3502 4873
2805 2923
2401 3688
3645 4686
2612 3283
2904 2885
3672 4661
2757 3113
2467 3610
3570 4852
3397 2573
3728 2415
4086 4190
2601 3455
2343 4043
3467 5117
2535 3655
3356 2684
3128 5791
2675 3472
2711 3427
3411 5323
2792 3341
3045 3021
4395 4112
2259 4363
2381 4075
3844 4970
2872 3277
2554 3791
3224 6113
2599 3765
2953 3275
3444 5755
2351 4265
2213 4725
4493 4198
3051 3195
3331 2914
4058 4763
2578 3937
3649 2721
4190 4569
2933 3460
3569 2848
3863 5188
3345 3041
2865 3605
3089 6741
3034 3387
3409 3074
3947 5200
3104 3415
2759 3879
4573 4357
3141 3419
2486 4416
3885 5376
3675 2926
3526 3068
3994 5229
2890 3798
3975 2753
3695 5788
3880 2824
2790 3980
3961 5417
3533 3158
3516 3196
4937 4209
2688 4141
2977 3775
4388 4749
2733 4144
3655 3168
3998 5387
2752 4199
3488 3412
4159 5219
2940 4017
2716 4358
3635 6104
2833 4157
3888 3105
4134 5265
3443 3520
3090 3907
3819 5854
3486 3503
3552 3467
4763 4488
3867 3194
2766 4400
3972 5649
3699 3358
4072 3034
3914 5769
2911 4221
3721 3388
3840 5924
4941 2581
2762 4560
3902 5827
2970 4216
3718 3463
4224 5337
3181 4014
3596 3643
4557 5010
4054 3206
2912 4418
3832 6146
3807 3459
2783 4742
4088 5741
3330 3959
2895 4606
5066 4568
4795 2795
3382 3964
3644 6564
3664 3717
3006 4461
4220 5635
2989 4549
3184 4251
3989 6075
2997 4551
3817 3693
4203 5772
2934 4786
4642 3024
5476 4455
2738 5288
3770 3786
4884 4983
2570 5826
3219 4314
4069 6043
3108 4594
3717 3909
4028 6335
3797 3840
3775 3883
3869 6838
3564 4097
4070 3621
4150 6295
3607 4127
4032 3756
4065 6488
4711 3251
3614 4158
4205 6421
2942 5320
3192 4881
4239 6418
3532 4337
3740 4117
4436 6215
3040 5211
3191 4961
4402 6287
3126 5145
3229 4933
5008 5662
4104 3857
3432 4649
5228 5488
5314 3156
3521 4603
5120 5696
3150 5333
4528 3636
4372 6528
3746 4338
3274 5133
5229 5671
3163 5389
4169 3985
5313 5600
3512 4781
4803 3586
5351 5589
4862 3592
3218 5533
4868 6017
3806 4516
4513 3845
5539 5585
4701 3754
4432 3932
4590 6481
4751 3733
3615 4917
4020 7712
4485 3917
3514 5122
4384 6909
4113 4232
3413 5331
5612 5597
3430 5420
5521 3447
4903 6243
4081 4355
4046 4463
4825 6338
3338 5694
3701 5077
4311 7213
3113 6156
3474 5521
4520 6768
3522 5524
3634 5436
5863 5499
3436 5779
5588 3672
5080 6193
4670 4128
3546 5727
5108 6171
5646 3673
3573 5718
4723 6698
3580 5723
4624 4231
4173 7902
4507 4345
3506 5970
6159 5352
4566 4343
4710 4257
5291 6167
4048 5068
3517 6058
5200 6284
5091 4093
4945 4167
5161 6330
3903 5512
5049 4193
4900 6653
3878 5658
3930 5588
4685 7118
4871 4388
5087 4240
4451 7624
5148 4207
5039 4291
4251 8334
5358 4118
5564 4042
4341 8081
5438 4096
4741 4553
4607 7527
5237 4211
5022 4353
4914 7097
4561 4778
4864 4484
5245 6664
4844 4507
3697 6168
5499 6435
5737 4000
4804 4580
5508 6431
4901 4473
4546 4927
5113 6889
5568 4156
4827 4732
4409 8178
4306 5415
4151 5759
4821 7437
4924 4787
4259 5682
5353 6674
4677 5121
5529 4373
5190 7094
4705 5132
4676 5199
5340 6863
4416 5567
4778 5161
5116 7242
3640 7012
4875 5059
5427 6917
4420 5613
3984 6283
5641 6685
3789 6761
6131 4160
5213 7271
4095 6170
4532 5563
5450 6955
5579 4550
5044 5029
5205 7353
5274 4864
6373 4073
5222 7356
5227 4938
4117 6317
4724 8341
3839 6986
4834 5443
5188 7601
3309 8419
6011 4403
5273 7453
4829 5464
4657 5700
6175 6377
4587 5808
3766 7372
5527 7276
6199 4349
4502 5946
5944 6757
5703 4780
6176 4383
5814 6974
4985 5497
5589 4978
5361 7702
4051 6766
4550 5988
5104 8150
5082 5448
5481 5099
6028 7000
5284 5330
6564 4250
5556 7698
4181 6668
4870 5793
6625 6285
6336 4462
4366 6410
6202 6763
4296 6578
5439 5351
5431 7923
5770 5074
5804 5106
6106 6924
4923 5938
4471 6469
5691 7607
4174 7103
5156 5783
6026 7133
5549 5456
5547 5466
5193 8417
4734 6249
5112 5927
5141 8545
6817 4404
4482 6665
5812 7599
6198 4972
5562 5581
5514 8149
5045 6019
4369 6895
6434 6735
5162 5973
4973 6140
6167 7144
5623 5576
4708 6446
6192 7121
5548 5729
6603 4771
5829 7707
6085 5279
6040 5349
6013 7443
4379 7183
5208 6120
5315 8523
5760 5679
6516 4958
6057 7464
5513 5912
5911 5583
6032 7550
6318 5244
4757 6780
5638 8267
6551 5078
7316 4566
5792 8052
7213 4664
5676 6021
5983 7824
5627 6078
4417 7700
5793 8154
6816 4988
4936 6789
6180 7539
7264 4698
5214 6522
6814 6710
6333 5522
4431 7905
5980 8003
5061 6798
4656 7459
5692 8438
4743 7335
7157 4920
6140 7804
4867 7145
7178 4939
6697 7033
6340 5651
5051 6951
5871 8335
6332 5689
7802 4601
5662 8609
6790 5282
7114 5031
5725 8561
6531 5523
4859 7337
6294 7754
6042 6010
5921 6128
5832 8532
6805 5366
6268 5885
7099 6784
5343 6812
4967 7403
5929 8527
6223 5959
7364 5034
7373 6623
5160 7199
6182 6082
7004 7034
5885 6408
5555 6786
6552 7625
6022 6302
5517 6941
5739 8705
5404 7130
5808 6604
6345 8001
6209 6201
6456 5991
7118 6999
5836 6595
5138 7613
6147 8443
7753 5073
7064 5534
7193 7055
5125 7667
7804 5086
6696 7740
7002 5628
7135 5542
6462 8287
6124 6426
7152 5569
7261 7448
5946 6627
5633 7111
7043 7885
5964 6734
6892 5835
6604 8538
5175 7999
6488 6272
7374 7880
5252 8000
5337 7875
7285 8238
5535 7646
6661 6221
6808 8667
6008 7077
6671 6286
8537 7188
8744 4965
7529 5702
7636 8129
7007 6040
8740 4976
7771 8158
6467 6508
5862 7334
6545 8795
5851 7424
6144 7114
8575 7375
8116 5513
7289 5995
7930 8231
6504 6629
7657 5785
7779 8658
7012 6211
6064 7327
8094 8492
7239 6135
6062 7446
7983 8624
6529 6750
6217 7279
8409 8668
6985 6381
5573 8340
6642 6759
6756 6630
5819 8046
6385 7138
6663 6795
5522 8509
5837 8118
5751 8318
6058 7886
6521 7125
6725 6855
8286 5798
6093 7855
7299 6373
6310 7534
7936 6051
7505 6304
6626 7170
7381 6401
6838 6906
6469 7435
7737 6217
6786 7089
7087 6791
6883 6998
6959 6962
6513 7584
8807 5722
8805 5735
6297 8144
7048 7093
8733 5895
7736 6514
6803 7428
7246 6971
7073 7154
8449 6145
6587 7871
7830 6558
7609 6719
6998 7638
6021 8749
6470 8395
7368 7240
7947 6997
7147 8006
7769 7329
8459 6807
7812 7410
7084 8204
8050 7231
7401 7868
7556 7697
7412 7894
8324 7035
8906 6492
7992 7422
7537 7856
7960 7474
8133 7400
7460 8060
7664 7850
7059 8506
8195 7461
7961 7858
8037 7790
8931 6836
8719 7148
7908 8038
6974 8728
7675 8315
8656 7381
7709 8348
8442 7728
8692 7438
7577 8637
8035 8386
7824 8553
8197 8304
8956 7595
7926 8643
8288 8424
8368 8370
8088 8641
8454 8393
8258 8573
7669 8762
8554 8411
9074 7817
8678 8518
8521 8734
9065 8549
8729 8759
8702 8799
9070 8782
748678880 1693986903
1
sift 685
49 20
95 37
15 5
444 647
60 47
145 73
102 49
70 55
1259 1542
73 60
161 154
296 106
133 65
1971 3737
108 90
262 127
275 121
91 109
2873 4685
112 118
266 129
336 116
157 100
3495 6730
111 147
234 204
669 335
117 203
184 115
208 263
595 472
171 124
162 136
349 194
732 508
233 103
124 255
286 249
978 712
181 214
193 198
305 299
910 810
221 179
227 177
419 325
1094 789
288 166
219 240
412 364
1189 828
257 206
201 280
382 462
1556 771
223 272
267 220
686 582
1927 1218
298 192
252 241
722 608
2514 1305
273 226
317 193
735 630
2530 1396
220 304
340 195
842 600
2681 1408
206 329
225 326
565 984
2884 1383
239 362
230 383
1031 689
2819 1851
294 315
247 396
778 835
3931 1663
326 366
344 350
852 879
3213 1873
283 426
331 378
820 919
2939 2091
371 343
318 409
941 885
3306 1909
334 415
399 352
971 900
3226 1983
289 495
310 470
829 1101
4171 1768
447 344
393 391
1122 824
3781 1928
418 374
366 463
1089 888
3363 2148
411 402
561 307
1128 935
3598 2143
314 574
432 406
1108 1272
3636 2196
361 507
389 492
1533 1045
3301 2608
506 390
453 478
1454 1289
4476 2080
511 439
409 562
1374 1381
4167 2578
524 503
597 489
1437 1387
5422 2315
494 592
471 653
1206 1711
4487 2651
535 573
622 529
1302 1670
4915 2726
562 624
937 465
1720 1325
4943 3483
498 775
635 673
1787 1326
5133 3461
605 705
644 720
1607 1487
5416 3390
819 581
515 938
1949 1393
4619 3985
853 577
547 1007
1340 1961
6035 3305
649 795
817 703
1329 1989
5101 3886
584 1088
679 911
1401 1898
6256 3530
821 793
674 1018
1747 1555
6018 3821
814 802
891 776
1475 1879
5809 3981
933 758
625 1179
2245 1468
6039 3869
886 808
884 830
2372 1446
7133 3709
1140 700
825 917
2422 1451
8169 3312
888 890
907 963
2151 1603
7497 3568
961 929
931 1000
2003 1692
5135 5193
858 1087
862 1094
2269 1594
6461 4309
1003 952
808 1335
2427 1647
6562 4277
1214 895
1203 906
2458 1680
8228 4215
1022 1093
1015 1105
1793 2308
7968 4643
1049 1086
1091 1057
2489 1746
7899 4688
1099 1064
1038 1123
2471 1778
7457 5008
1116 1046
1101 1071
2106 2207
8959 4514
839 1495
1317 993
2557 1841
6441 6434
944 1618
1413 1075
2478 1912
7921 5457
1069 1418
1058 1639
2497 1927
8374 5582
996 1939
1406 1320
1976 2493
8099 5987
1382 1400
1309 1509
2186 2520
8687 7993
1683 1282
1472 1521
1869 3237
1435 1565
1754 1298
2092 2905
1326 1722
2093 1197
2119 2958
1638 1469
2184 1204
2824 2221
1970 1333
1642 1601
2069 3240
1951 1376
1522 1740
3383 2036
1535 1772
1199 2406
3115 2193
1328 2107
1365 2061
3887 1925
1649 1735
1698 1689
3800 2044
1362 2165
1265 2371
2901 2588
1618 1812
1196 2630
2633 2928
1733 1745
2116 1584
3542 2334
1555 2154
1567 2214
3408 2448
1931 1754
2411 1517
2825 2888
1381 2626
1612 2202
3282 2682
1693 2069
1434 2624
2840 3061
1628 2219
2088 1744
3519 2607
1866 1942
1671 2310
2892 3463
1986 1974
1914 2177
3955 2637
2689 1667
2153 2007
3366 3082
1651 2805
3041 1648
3310 3194
1716 2741
2010 2328
3066 3579
2327 2047
2022 2330
3915 2884
2021 2341
2593 1875
4300 2659
2059 2401
2096 2392
2885 4524
1759 2945
1776 3000
4186 3046
1891 2794
2217 2404
4492 2993
2258 2433
1770 3485
3760 3740
2208 2678
3381 1837
4456 3081
2239 2692
2118 2957
3073 4558
3044 2173
2392 2749
4013 3467
3018 2209
4046 1809
4067 3439
2282 2979
2866 2417
3871 3674
2324 3015
2344 3039
3369 4280
2355 3042
2492 2833
3437 4206
2904 2496
2023 3930
4418 3399
2303 3346
3943 2056
5216 3132
3055 2523
2375 3330
3837 4287
2914 2660
2799 2761
4822 3383
2440 3333
2930 2709
3997 4183
2131 4121
2861 2829
4712 3608
3085 2667
3101 2707
4248 4068
2773 3014
4113 2206
4806 3693
2754 3131
1937 5164
4747 3748
3036 2967
3916 2435
5420 3477
2252 4538
3717 2612
3715 5123
3291 2883
3064 3168
4025 4703
2848 3512
3736 2743
6136 3238
3768 2819
3186 3325
5130 3815
2789 4138
2598 4802
4605 4256
3481 3459
3731 3419
4198 4771
3655 3519
3867 3292
5309 4156
3372 3866
4338 2952
4697 4658
2771 4812
3259 4063
7526 3096
3264 4087
3628 3707
3974 5760
2659 5266
4092 3228
6059 3826
2587 5570
4119 3250
5780 4053
3464 3977
2475 6498
4377 5432
2823 5302
3120 4740
5766 4363
4561 3188
3880 3838
4428 5615
4834 3070
3368 4464
4623 5474
4835 3086
4274 3518
5068 5001
2936 5383
5148 3069
5347 4832
4810 3249
4032 3920
6172 4313
3109 5154
4513 3460
4816 5505
3472 4601
4012 4001
5870 4608
3826 4253
4059 3980
5976 4584
3554 4545
3321 4894
5048 5385
3202 5171
3975 4235
6300 4413
3019 5858
4677 3615
6870 4128
3223 5477
4844 3576
6218 4556
4617 3769
5555 3244
4995 5860
4188 4222
3479 5199
4425 6853
4485 3979
4043 4409
6402 4777
5468 3347
4029 4452
5986 5152
4448 4075
4528 4120
6882 4726
3347 5813
5562 3497
6894 4818
4096 4619
3180 6439
5834 5988
4625 4182
3921 4964
5570 6437
3919 4978
5580 3644
6508 5408
3520 5852
2919 7346
5645 6435
5415 3802
5781 3761
7121 4952
5043 4232
4980 4315
6989 5091
3710 6102
4728 4634
6720 5317
5391 4217
4154 5706
7027 5220
3894 6560
5178 4852
6448 6001
5885 4381
4722 5329
6858 5685
4901 5288
5321 4904
6474 6167
4642 5639
3639 7563
6885 5723
5172 5093
4050 6670
7384 5331
5530 4828
3823 7237
7096 5576
4985 5341
4475 6048
6475 6460
6443 4258
5438 5019
8431 4962
4347 6359
6551 4323
6317 6732
7769 3753
6385 4497
6507 6659
6713 4351
4060 7281
6338 6900
6269 4731
4137 7280
5878 7740
3980 7777
5529 5545
7404 6313
4538 6678
6066 5112
5362 8953
4693 6703
6612 4800
7357 6467
6314 5129
5548 6037
8603 5623
6195 5420
7002 4745
7380 6691
5789 5958
4100 8616
6533 7579
5328 6508
6367 5437
6829 7475
4430 7984
4469 7925
6949 7614
5488 6526
5843 6214
7018 7742
4518 8053
4415 9571
8185 6793
7229 4932
4629 7861
7158 7656
6663 5389
5402 6789
8227 6975
4962 7327
6008 6229
7693 7371
4820 7697
6480 5781
7627 7462
5371 7112
4769 8278
6687 8901
5049 7815
5971 6646
7539 7931
7135 5522
7227 5459
8484 7173
5179 8163
4925 9608
8239 7436
6410 6502
5023 8475
9030 6726
6531 6383
6336 6655
9018 7053
4706 9722
5719 7509
7257 9149
5151 8509
5032 9637
8176 8347
5410 8270
7804 5597
8571 8471
7239 6044
6529 6719
7238 9489
4969 9721
5604 8301
8168 9365
5684 8194
7754 5850
8768 8914
6521 6893
8716 5226
8588 9120
6333 7151
5930 7825
8703 9404
6082 7566
7851 5912
5453 8706
8399 5548
5408 8904
6154 7701
6924 6762
7586 6297
6148 8031
6457 7480
6200 8139
8459 5929
6790 7197
8847 5651
7231 6865
5985 8663
6644 7573
7102 7061
6781 7555
7299 7071
6575 8018
5826 9763
6185 8934
8200 6746
6766 8189
7338 7444
7449 7354
7599 7348
7936 7100
8516 6716
6683 8635
6779 8602
7500 7647
6650 8851
7174 8371
7222 8433
8553 7122
7910 7912
7657 8243
7216 9627
7600 8485
7087 9033
6711 9941
8260 7958
8565 7581
7466 8791
7959 8404
7764 8861
7830 9015
7648 9778
7316 9478
8352 8860
8451 8777
7684 9962
8074 9756
9012 8305
8906 8504
9002 8410
8217 9797
8494 9125
8817 8804
8513 9202
8719 9118
748678880 1724217577
1
sift 2227
49 53
39 48
11 20
98 85
81 91
15 24
145 106
42 49
18 27
135 134
82 93
20 31
161 148
55 61
22 32
177 183
149 155
25 37
188 179
86 80
28 38
196 169
249 264
33 47
208 173
95 86
45 50
241 190
261 275
44 60
234 206
101 88
60 59
262 220
287 274
57 65
266 217
216 246
62 66
296 267
364 368
73 62
286 258
275 232
58 75
336 253
392 343
70 73
305 302
342 307
77 84
349 301
383 380
88 87
434 323
274 363
90 104
412 349
495 430
115 97
419 329
375 298
104 116
465 518
457 473
133 101
510 347
408 331
114 115
685 536
633 492
112 121
519 447
553 369
140 108
676 563
591 578
125 120
722 608
458 442
137 122
778 731
795 684
124 130
842 674
497 416
157 107
1031 733
958 618
130 138
924 825
614 493
146 141
1037 865
1057 635
148 143
829 906
595 539
171 145
1089 838
865 859
193 151
1122 852
619 517
167 175
1128 926
1066 786
184 163
1115 998
669 532
170 184
1517 782
1040 844
198 165
1212 921
794 615
206 167
1151 968
1175 784
204 178
1197 941
732 646
220 171
1108 1207
1244 830
180 202
1466 955
942 779
221 182
1533 953
1229 889
210 189
1465 1021
984 783
267 162
1482 1041
947 1198
222 193
1374 1106
929 834
240 191
1332 1119
1081 1091
235 199
1668 1055
1078 818
233 201
1454 1254
1194 1104
225 214
1340 1309
978 894
252 207
1556 1179
1478 978
224 249
1342 1323
1000 892
271 209
1607 1159
1246 1145
246 241
1525 1261
1093 928
229 263
1475 1356
1500 1056
268 237
1758 1169
1118 1000
279 231
1689 1280
1409 1170
288 228
1720 1445
1301 984
283 233
1708 1326
1483 1148
277 266
2245 1256
1379 964
298 254
2415 1242
1487 1150
308 260
1920 1448
1242 1072
301 279
2205 1344
1526 1205
340 255
1816 1547
1189 1122
326 271
1809 1707
1511 1430
316 289
1858 1593
1267 1158
293 310
1976 1651
1315 1643
310 300
1949 1542
1603 1092
319 305
2154 1583
1457 1556
330 309
1990 1508
1251 1395
366 293
2278 1569
1452 1565
377 299
1869 1690
1619 1352
393 313
2241 1721
1745 1452
380 325
2003 1684
1718 1368
358 341
1963 2005
1625 1616
399 316
2212 1607
2169 1181
374 330
2372 1688
1761 1498
400 320
2458 1520
2070 1423
411 338
2269 1757
1810 1597
290 470
2150 1914
1861 1560
396 360
2536 1660
1969 1588
428 340
2422 1796
1789 1622
418 352
2180 1994
2171 1658
406 367
2106 2161
2067 1473
348 458
2471 1814
2128 1696
384 402
2427 1869
2571 1273
421 373
2354 2073
2206 1680
397 412
2489 1974
2339 1564
470 365
2497 2002
2175 1910
415 404
2187 2300
2389 1646
453 392
2718 1893
2249 1944
447 397
2633 2022
2449 1663
471 386
2819 1859
2460 1767
459 395
2573 2071
2155 2042
475 390
3016 1807
2523 2055
523 356
2557 2154
2364 1853
482 399
3011 1836
2510 2095
506 385
2525 2313
2514 1833
454 437
2809 2046
2380 2316
505 394
2478 2405
2261 2235
445 450
3538 1830
2431 2304
455 444
2735 2352
2496 1991
494 413
2647 2358
2566 2217
580 358
3172 2179
2681 1876
450 453
3283 2117
2575 2220
504 420
3066 2253
2884 1753
440 475
3402 2168
2540 2275
490 435
2824 2413
2530 2089
485 439
3115 2345
2837 2066
430 485
3909 2051
2337 2319
469 468
2556 2925
3062 1919
501 441
3383 2381
2470 2283
478 472
3105 2639
2781 2140
557 424
2726 2899
2851 2114
562 426
2955 2937
2923 2118
511 471
3408 2409
2484 2476
524 474
3226 2741
2950 2280
561 452
3800 2630
3057 2286
525 476
2693 3414
3266 2225
499 489
2885 3440
2987 2365
498 512
3188 2863
2842 2455
610 455
3837 2688
2744 2575
496 535
3362 2840
3137 2357
560 505
3541 2896
2855 2677
660 459
2776 3740
2786 2625
564 520
3668 2824
3278 2483
596 522
3592 3092
2899 2517
655 488
3871 2704
3286 2481
622 514
3366 3413
2907 2800
601 529
3509 3159
3165 2579
649 498
3549 3301
2750 2990
640 504
3915 2813
3204 2610
679 491
4683 2650
3287 2592
627 525
3712 2970
2939 2872
581 562
4130 3021
3209 2725
600 558
3887 2853
3598 2431
590 574
3970 3200
3035 2888
604 583
3955 2918
3305 2590
609 581
3853 3406
3233 2730
651 549
4013 3002
3636 2509
663 544
4248 3158
3130 2890
632 569
4142 2917
3781 2503
646 568
3708 3638
3314 2946
682 547
4025 3068
3148 3146
578 627
4300 3193
2961 3354
707 527
4057 3070
3047 3274
617 607
3748 3758
3885 2717
849 481
4186 3023
4459 2427
673 584
4712 3015
3387 3235
612 633
4806 2817
3931 2700
647 613
3621 3996
3847 2852
684 598
3378 3972
4553 2463
665 620
4398 3379
3535 3286
689 602
4418 3154
4370 2645
708 587
4195 3644
3591 3271
765 550
4055 3568
3449 3357
635 654
4504 3513
3784 3110
798 545
6271 2491
2973 3959
766 595
3346 4886
3491 3555
706 649
5207 3260
3835 3165
675 703
7376 2465
4109 2980
776 616
5505 3192
4476 2733
817 600
3312 5446
4842 2623
712 667
4456 3871
4141 2998
867 586
4492 3881
3827 3299
701 686
5067 3564
4171 2982
719 677
5247 3585
3702 3437
814 621
5031 3765
3866 3300
1042 521
4508 4223
3737 3484
770 656
5423 3580
4437 2837
788 660
4796 4034
4468 2887
828 647
5276 3656
4819 2671
961 591
5076 3903
4483 2927
884 679
5130 3790
3971 3293
699 832
4351 4603
3963 3346
875 693
4995 4009
3059 4255
718 803
5309 4000
4075 3460
822 724
5215 4076
3946 3339
916 671
4816 4486
3447 4069
907 702
5293 4151
3714 3575
816 758
4865 4534
4735 3004
878 721
4377 5187
3454 3833
837 759
5346 4492
4702 3259
960 688
5766 4152
4167 3280
855 755
5068 4938
4031 3763
838 775
5645 4232
5270 2673
967 697
5254 4747
4332 3582
972 695
5477 4338
4089 3360
898 742
5420 4666
4554 3499
871 762
5780 4374
4294 3405
858 780
5870 4459
4763 3390
879 778
6325 4057
5712 2760
747 899
6235 4330
4602 3565
862 808
6059 4334
4684 3284
982 726
6221 4362
3822 4314
888 790
5855 4728
5166 3050
1023 710
5881 4726
4161 3970
1004 728
6134 4477
4487 3510
963 752
5681 5023
4732 3698
825 867
5721 4894
5590 3039
925 796
6261 4519
5072 3595
939 801
6136 4557
4978 3348
1024 772
6172 4690
4305 4129
1008 788
6229 4647
5422 3250
1327 642
5135 5729
4667 3859
913 903
6164 4734
4904 3507
945 878
5710 5238
5388 3509
901 939
5976 5112
4404 3919
948 925
5962 5185
4271 4222
1029 873
6773 4367
4963 3774
1092 835
6017 5179
5195 3842
1021 888
6475 4713
4981 3770
1032 879
5771 5510
4903 3998
1069 864
7096 4273
5126 3746
957 975
5707 5725
4824 4090
1022 923
6218 5016
6717 2957
1076 874
6338 5129
5384 3816
1146 826
6474 4797
5618 3571
1044 922
5299 6135
4866 4398
1025 959
7384 4178
4647 4279
1050 934
5782 5800
5209 4294
998 1007
5986 5370
5257 3958
999 1006
7006 4789
6220 3760
1017 1005
6150 5222
5133 4028
1462 760
6870 4890
5705 4092
1095 961
6780 4599
4943 4365
1099 962
6355 5543
5169 4531
1119 936
6300 5127
4802 4505
1010 1058
6989 5038
5405 4351
1135 933
6448 5124
4619 4751
1191 904
6459 5576
5007 4772
1140 942
7009 4635
3912 5904
1144 944
7357 4858
5285 4623
1431 822
8431 4017
5416 4183
1156 981
7693 5150
5316 4600
1105 1023
6557 5109
5300 4321
1203 971
6858 5781
5350 4646
1325 881
6402 5379
5101 4510
1101 1053
8126 5009
5901 4355
1070 1096
7077 4848
7113 3434
1079 1082
8589 4827
4788 5509
1082 1079
7121 4851
5345 4451
1142 1022
7086 5807
4902 5442
1155 1017
7526 4585
5537 4347
1102 1076
8053 5454
5711 4755
1162 1061
6720 5315
5145 4957
1276 997
7001 6056
5563 4948
1074 1157
6507 5519
5249 4910
1303 986
8185 5419
4999 5504
1370 952
7184 5072
5809 4403
1187 1062
8168 5959
6770 4046
1083 1160
7027 5563
5417 4814
1053 1218
7340 7155
5887 4802
1363 973
6894 5733
4533 5799
1232 1073
8968 6109
5755 4998
1254 1066
6925 5776
6060 4381
1287 1046
9030 6293
6251 4474
1112 1187
6885 6168
6743 4041
1337 1036
8603 7307
5504 5343
1280 1064
7627 5998
5928 4718
1317 1059
8318 8164
5966 5030
1352 1049
7336 6415
6039 4723
1126 1248
8927 7950
6372 4644
1599 980
7445 6317
6411 4412
1319 1093
9018 7814
5940 5169
1266 1125
8789 5658
5774 5141
1445 1050
9037 7986
7385 4052
1190 1237
7257 6776
6069 4855
1382 1084
6555 4583
1330 1113
8227 6116
6035 4933
1294 1162
5935 5295
1307 1154
7551 6613
6812 4272
1323 1149
8042 3940
1179 1293
6891 7332
6256 4721
1320 1168
6289 5052
1312 1176
7703 6609
6449 4620
1397 1124
6107 5294
1304 1221
7404 6991
7221 4154
1424 1141
6309 5206
2057 897
8038 6560
5483 5625
1505 1101
6319 5297
1432 1156
7794 6897
4319 7196
1395 1200
6455 5211
1438 1186
8183 6825
6761 4540
1260 1327
6078 5685
1519 1133
7889 7251
7035 4405
1531 1138
6753 5067
1542 1146
8064 7558
6801 4586
1408 1249
7235 4835
1403 1265
7818 7767
6391 4988
1837 1038
6348 5614
1580 1139
8484 7385
6596 4925
1638 1111
6097 5831
1469 1240
8894 7652
6381 5163
1286 1385
6758 5468
1406 1287
8923 7937
6349 5240
1458 1271
6111 6051
1551 1217
8992 7853
7850 4204
1518 1245
6303 5895
1582 1204
8863 8203
6335 5433
1433 1310
6004 6172
1566 1222
7940 4378
1522 1250
7045 5391
1664 1143
6637 5307
1494 1288
7287 5237
1285 1458
6562 5418
1419 1362
7628 5022
1538 1301
5597 6487
1623 1247
7469 5224
1561 1306
6461 5881
1604 1292
6810 5806
1778 1183
7133 5383
1754 1220
6946 5753
1608 1318
6406 6010
1567 1357
7302 5531
1440 1460
7497 5260
1543 1388
6678 5956
1609 1339
8687 4539
1694 1278
6065 6950
1523 1420
7457 5395
1546 1400
7330 5767
1612 1349
6995 5785
1590 1377
8346 5195
1683 1294
7510 5544
1369 1590
6955 6021
1724 1281
7148 5941
2093 1109
6798 6140
1628 1379
6438 6576
1906 1209
7518 5745
1464 1541
7097 5993
1662 1346
6934 6158
1624 1398
7734 5645
1925 1215
7470 5852
1649 1376
7245 6001
1346 1675
7496 5908
1657 1370
8381 5496
1635 1402
7419 6120
1914 1229
8562 5447
1705 1342
7166 6315
1931 1232
7208 6221
1547 1480
7924 6015
1749 1322
6896 6883
1568 1478
7408 6362
1880 1266
8140 6009
1807 1307
7272 6589
1591 1462
7575 6380
1742 1345
8212 6136
1578 1485
7744 6282
2091 1196
9134 5472
1897 1290
7651 6526
1775 1367
8002 6420
2148 1202
7441 6726
1634 1493
7966 6600
1828 1360
7968 6441
1661 1464
7636 7132
1676 1472
7899 6569
2076 1257
8669 6262
1648 1503
8374 6519
1618 1562
8762 6208
1697 1467
7131 7845
1514 1706
8094 6769
1884 1396
8433 6686
1359 2007
8736 6573
1704 1518
8482 6795
1875 1426
7934 7356
1995 1353
8092 7291
1898 1404
8304 7028
2312 1235
7746 7586
1785 1466
8468 7024
1719 1532
8051 7340
1868 1446
8890 6630
2021 1386
8156 7339
1879 1455
8711 6853
2362 1246
8408 7297
2353 1259
8257 7484
1752 1572
7663 8030
2009 1412
9053 6702
2051 1399
8723 7052
1987 1429
8005 8048
1818 1555
8228 7686
2450 1251
8668 7480
2193 1358
8842 7106
1796 1595
8539 8132
1725 1667
8099 7900
1951 1483
8665 8108
2255 1355
8490 7649
1888 1544
8999 7920
2032 1463
7573 8436
2157 1428
9126 7640
2030 1482
8794 7769
1595 1928
8857 8215
1820 1656
8959 7599
1912 1576
9021 8274
1956 1559
9031 7550
2116 1459
1714 1755
9111 7581
2044 1506
2088 1500
9191 8036
1893 1653
1916 1639
1989 1592
2018 1577
1981 1598
2283 1437
1978 1608
2178 1484
2085 1546
1532 2207
2117 1540
1952 1657
1811 1763
2398 1424
2065 1601
1895 1708
2099 1585
2036 1619
2007 1650
2002 1670
2141 1581
1829 1828
1883 1773
2170 1589
1957 1727
2058 1671
1788 1902
2184 1596
2201 1587
2095 1652
1823 1887
2094 1659
1696 2079
1993 1715
2136 1637
2061 1693
2168 1632
2139 1664
1900 1831
2053 1718
2028 1742
2224 1627
1886 1900
1913 1908
1678 2261
2384 1575
2073 1765
2324 1618
2109 1754
1867 2036
2539 1516
2191 1739
2378 1636
2258 1714
2585 1533
2031 1920
1860 2146
2328 1697
2041 1943
2202 1781
2047 1965
2593 1570
2227 1800
2720 1502
2320 1736
2435 1674
2200 1821
1917 2127
2084 1952
2063 1986
2216 1826
2745 1511
2133 1917
2138 1921
2256 1832
1944 2200
2050 2106
2303 1856
2243 1929
2043 2173
2127 2094
2286 1941
2290 1954
2395 1863
2440 1834
2391 1923
2411 1935
2455 1885
2646 1748
2711 1725
2297 2082
2105 2289
2309 2098
2554 1857
2174 2269
2482 1960
2535 1933
2282 2198
2436 2045
2451 2037
2351 2160
2342 2174
2375 2138
2509 2010
2355 2183
2296 2240
2299 2239
2265 2284
2689 1877
2500 2056
2533 2023
2991 1717
2417 2180
2848 1820
2872 1813
2329 2298
2511 2142
2597 2083
2621 2070
1930 2777
2700 2013
2754 1980
2631 2085
2737 1997
2844 1916
2382 2314
2341 2348
2603 2121
1965 2773
2641 2110
2861 1951
3138 1801
2578 2187
2516 2241
2485 2308
2890 2006
2832 2052
3361 1760
3033 1927
2596 2254
2757 2157
3153 1901
2513 2334
2100 2805
3334 1815
3092 1993
3809 1698
2934 2100
2976 2084
2742 2267
2712 2295
2569 2399
2838 2232
3021 2122
3195 2029
2668 2363
3537 1871
2674 2364
2158 3052
2778 2327
2978 2236
2645 2426
3409 1995
3696 1865
2599 2478
3046 2234
2765 2389
2903 2321
3052 2248
2904 2325
3406 2077
2701 2457
3713 1939
3309 2147
2942 2333
2802 2411
3055 2296
2698 2506
3245 2226
3736 1989
3151 2279
3500 2101
3044 2330
2940 2393
2687 2587
3820 1999
2704 2591
3167 2309
3506 2158
3036 2367
2626 2691
3142 2340
3577 2169
3146 2351
2960 2450
2965 2484
2943 2502
3101 2410
2980 2501
3957 2063
2966 2532
3236 2398
2846 2664
3104 2469
2956 2588
2814 2724
2866 2712
2793 2788
3285 2425
3444 2362
2795 2819
3474 2373
3238 2487
2818 2847
3212 2553
3017 2690
3273 2520
3804 2306
2930 2799
3001 2732
3292 2539
3570 2406
3679 2385
3247 2620
3467 2480
3208 2713
2952 2967
2919 3032
2611 3444
4096 2299
3890 2386
4376 2216
4038 2331
4046 2337
3316 2715
3481 2634
3435 2660
3523 2611
3554 2598
2917 3156
3672 2529
3026 3001
3433 2668
3086 2942
3110 2938
3583 2605
3975 2408
2969 3164
3353 2778
3502 2696
3344 2812
3122 3048
3700 2602
3392 2789
3163 3005
3152 3030
3094 3094
3295 2876
3169 3016
2787 3539
3382 2862
3413 2843
3448 2823
4269 2390
3358 2930
3302 2989
3596 2794
3393 2958
3374 3033
3544 2880
3802 2711
3561 2878
4170 2497
3032 3408
3652 2841
3914 2683
3436 3041
3710 2821
2996 3512
3350 3190
4097 2622
3367 3189
3546 3020
2897 3710
3645 2944
4402 2468
2822 3811
4204 2573
3280 3294
3616 3000
3819 2834
3701 2931
3438 3168
3446 3214
4287 2594
4239 2638
3311 3347
3732 2976
4079 2744
3867 2913
3746 3029
3908 2884
3768 3011
2771 4085
4210 2702
3680 3120
4003 2835
3108 3688
3992 2854
3733 3096
3762 3079
3855 2986
4164 2762
3919 2960
4059 2836
3902 3018
3998 2955
4119 2867
3718 3242
3797 3196
3164 3799
3826 3178
3846 3153
3656 3305
3725 3264
4048 2961
3791 3223
4062 2966
3464 3523
4279 2827
3540 3449
3284 3722
4172 2922
3512 3518
3987 3087
3869 3211
5165 2488
3844 3243
3874 3249
4448 2815
3876 3275
4155 3061
5184 2559
3938 3266
4005 3219
4074 3157
4018 3222
3794 3432
3644 3614
3814 3442
4117 3207
3910 3375
3831 3498
4274 3171
4081 3308
4561 2954
4474 3035
4527 2988
3694 3709
3852 3603
4513 3072
4084 3399
4191 3314
4493 3133
4086 3441
4044 3490
4626 3076
4653 3055
4220 3352
4975 2882
3913 3655
4263 3341
3486 4063
4203 3395
3771 3815
5253 2796
4069 3526
4829 2983
4844 2971
3961 3648
4160 3466
4409 3285
4080 3556
4677 3125
4342 3332
4507 3253
4652 3173
4365 3330
4388 3326
3947 3728
4560 3237
4184 3538
4998 2997
3993 3712
4139 3594
4148 3592
4093 3641
4058 3685
4311 3469
3988 3785
4886 3124
4156 3630
4464 3382
4162 3642
4625 3298
4245 3586
4382 3448
4151 3690
4810 3226
4384 3492
3994 3837
4405 3486
4242 3640
4532 3415
4146 3756
4403 3541
4143 3762
4150 3753
5410 2977
4224 3700
4502 3462
4159 3777
4700 3356
4001 3912
4207 3731
4240 3721
4694 3380
4065 3873
4053 3893
4835 3321
4338 3697
4190 3857
4980 3323
3889 4158
4826 3417
5205 3248
3818 4284
4372 3726
4485 3661
4451 3705
4563 3622
4592 3616
6195 2825
4805 3527
5066 3366
4302 3875
4617 3643
5190 3320
4341 3846
4520 3723
4785 3583
5022 3475
4701 3699
5752 3188
4521 3823
4215 4073
5117 3482
4581 3796
4689 3743
4324 3991
4821 3663
4804 3704
5378 3387
4685 3780
4296 4054
4687 3794
4569 3870
5592 3325
4775 3772
4416 3993
5109 3601
5493 3438
4346 4134
4252 4264
4607 3954
4399 4108
4880 3802
4815 3860
4808 3869
4557 4008
5789 3373
5340 3623
5413 3608
4260 4368
4578 4058
4277 4385
4523 4120
4361 4282
4344 4300
4868 3918
5313 3707
4699 4037
5530 3605
4945 3907
3972 4971
4724 4040
5499 3634
5281 3751
4562 4161
5189 3807
4794 4021
5661 3598
4834 4015
5049 3916
4778 4064
5626 3632
5100 3896
5229 3832
4499 4289
4936 3973
4758 4093
4590 4221
4544 4281
4859 4060
5208 3889
4530 4322
4638 4249
5638 3696
4542 4339
5013 4027
4839 4128
6120 3447
6033 3545
4226 4826
4799 4208
5373 3880
4941 4102
5113 4010
5045 4056
6232 3439
4706 4305
4820 4235
4827 4231
4743 4293
5125 4045
6314 3428
4872 4205
4236 4981
5237 4001
5188 4044
4708 4356
5054 4145
5061 4141
5669 3826
5427 3953
5035 4191
5720 3845
5647 3886
6179 3612
4556 4652
4776 4429
4298 5078
5059 4247
5080 4241
4906 4342
5460 4025
4614 4683
4650 4645
5496 4031
5862 3868
5137 4276
5391 4113
4642 4741
7338 3212
4830 4530
4640 4791
5580 4049
4854 4541
5488 4119
5282 4253
5057 4414
5328 4285
5038 4509
5539 4181
5179 4454
4928 4664
6144 3878
5272 4404
5871 4029
6075 3922
5084 4559
6167 3879
5064 4591
4666 5063
6572 3687
4878 4832
5353 4399
5255 4491
4985 4752
5108 4628
4837 4911
6340 3836
4671 5115
5438 4358
5193 4565
5643 4246
6183 3937
4573 5266
6683 3691
5220 4614
5196 4632
5468 4413
5273 4594
5686 4295
5332 4523
6119 4016
5508 4408
5029 4847
5562 4395
5463 4475
5141 4784
5161 4778
5932 4175
4730 5252
5269 4687
5200 4775
6104 4089
5277 4709
5676 4389
5351 4674
5411 4648
5449 4629
5888 4296
5245 4885
4950 5199
5776 4449
5826 4397
5267 4930
5448 4757
6626 3947
5404 4852
5514 4740
5228 5034
6088 4268
5629 4637
4863 5411
6385 4081
5890 4445
6551 4005
5528 4804
5268 5070
5600 4739
4770 5589
5929 4461
5832 4528
6002 4406
6269 4220
5443 4950
5885 4503
5098 5290
5555 4842
5751 4679
5314 5167
6311 4267
5622 4877
5457 5060
6417 4211
5747 4796
5829 4700
5848 4697
5089 5450
5863 4694
5588 5010
6009 4588
5227 5373
5527 5073
5596 5050
5556 5085
5746 4914
5128 5540
5921 4769
6194 4489
4937 5715
6663 4174
5793 4923
5365 5366
7672 3791
6765 4147
6612 4239
6713 4201
5933 4878
6056 4748
5091 5689
4983 5786
5822 5013
5603 5239
5489 5365
5577 5298
5768 5107
6497 4417
6214 4744
6176 4806
6217 4745
5857 5133
5349 5613
5971 5048
5867 5158
5549 5495
7068 4172
6032 5047
5116 5860
5808 5283
5359 5701
6559 4506
6795 4350
5553 5566
5693 5439
6574 4548
6737 4425
6093 5079
5361 5777
5853 5360
6667 4526
5406 5779
5938 5302
6410 4811
6054 5213
5915 5367
5202 5974
6741 4549
6436 4861
6367 4945
6494 4815
4659 6653
6383 4993
4836 6435
6239 5170
6149 5277
6886 4525
6092 5350
6997 4490
6838 4618
5641 5794
6185 5331
6201 5305
5612 5835
6605 4907
6288 5234
6051 5490
8313 3989
6262 5274
5898 5643
5623 5870
6290 5282
5012 6458
6458 5119
7997 4153
6711 4892
6276 5328
8097 4110
5983 5630
6196 5421
6180 5440
6506 5128
7102 4641
6147 5551
6585 5116
6744 4991
5982 5741
6156 5578
6531 5205
6813 4966
6618 5164
7632 4411
6470 5332
6379 5415
5812 5925
6155 5642
7174 4738
6234 5588
6707 5166
8466 4118
5814 5982
6268 5600
6302 5586
6116 5768
5980 5867
6191 5723
5917 5948
6026 5866
5927 5954
6244 5681
6322 5641
6638 5374
7642 4616
6685 5359
7048 5049
6883 5173
6512 5506
6590 5441
6106 5873
6267 5772
6581 5493
7081 5075
6629 5448
6011 6002
7218 5007
6351 5756
6671 5465
6128 5961
5679 6422
6779 5414
7239 5089
6752 5479
6733 5513
7559 4917
4960 7548
6814 5482
7315 5105
5431 6861
6028 6165
7175 5246
6413 5841
6666 5664
6552 5769
6680 5675
7844 4860
6785 5609
6676 5712
6742 5653
7031 5452
7815 4941
7499 5122
7701 5014
7657 5043
6701 5742
6344 6030
7122 5445
7164 5435
5931 6543
7373 5312
8550 4558
6918 5632
7135 5505
6492 5979
7368 5348
6675 5828
6924 5661
6808 5770
7910 5055
6662 5875
7537 5301
6715 5861
6874 5780
7881 5147
7059 5676
6462 6099
6211 6373
6187 6449
7378 5494
6103 6596
6869 5851
5742 7130
6573 6090
7002 5803
6781 5949
6386 6301
6919 5855
8095 5191
7118 5789
6505 6247
8635 4857
7555 5585
7594 5584
7529 5612
7834 5457
7637 5579
8199 5278
8675 4936
8754 4875
7931 5431
6272 6661
7036 5960
7769 5542
7019 5978
6681 6230
7076 5946
6101 6971
6514 6425
5944 7261
7299 5826
8396 5248
6790 6202
7322 5862
6825 6184
7863 5602
8451 5279
6669 6409
7004 6114
7851 5649
7016 6107
6982 6144
7241 5997
6988 6160
7676 5773
7613 5801
8037 5595
6342 6978
7015 6212
7936 5720
6760 6448
6140 7389
8054 5696
6772 6488
8420 5477
7754 5825
7014 6306
6691 6627
7533 5968
7498 5988
6513 6872
7683 5896
8494 5476
7901 5812
6981 6396
8847 5233
8025 5791
7581 5999
7074 6361
6686 6757
8554 5498
7119 6353
7337 6161
6947 6495
7577 6045
9129 4920
7449 6106
7234 6276
6697 6811
7317 6205
7229 6321
7276 6309
7157 6423
8909 5354
7288 6323
8399 5730
7553 6164
6535 7239
8149 5903
7092 6593
6950 6720
8069 5966
7190 6531
9028 5326
7411 6351
7867 6069
7664 6169
7826 6104
7644 6207
8705 5634
7771 6155
8969 5453
6859 6948
7331 6485
8047 6047
7675 6243
7030 6840
6591 7419
8217 5996
8406 5890
6579 7479
7772 6241
7961 6151
8074 6093
7139 6786
7684 6327
7779 6261
7249 6684
7695 6332
8430 5945
7825 6281
8108 6126
7585 6524
7284 6799
8021 6255
7992 6284
6985 7160
8197 6145
8301 6087
7476 6638
8030 6269
8903 5750
6833 7358
7161 6993
6500 7817
7400 6745
7975 6421
8702 5934
8133 6304
8250 6213
8274 6204
7935 6479
7450 6856
8939 5822
7950 6529
8273 6272
7953 6535
7246 7147
7556 6824
9076 5710
6456 8118
7908 6602
8954 5864
7589 6858
7624 6841
8288 6369
8116 6504
8049 6583
8906 5957
7401 7114
7438 7076
7898 6691
7795 6770
8521 6226
7866 6731
7572 6982
7745 6846
8213 6511
8225 6500
7230 7421
7472 7183
8821 6080
8282 6505
7930 6820
7392 7323
8385 6455
7316 7400
6899 7836
9047 5920
8150 6737
7459 7352
7639 7187
8283 6652
6731 8188
8478 6551
7761 7195
7213 7762
8109 6934
8118 6939
8933 6214
7753 7302
7784 7272
8516 6611
7460 7600
8100 7000
7708 7354
7591 7506
7099 7973
7152 7960
8462 6735
8357 6863
8922 6322
8115 7131
7882 7365
8270 6985
8077 7202
8317 6969
7724 7530
8305 6989
7623 7634
7837 7462
9002 6311
8545 6826
8351 7096
7888 7568
8749 6697
8856 6605
8416 7064
9024 6412
6905 8387
8336 7250
8376 7205
8510 7034
8303 7316
7568 7943
9012 6541
8845 6739
8218 7447
8063 7616
8756 6877
8681 6965
8882 6746
8547 7143
8229 7543
8260 7518
8389 7387
8394 7444
8334 7541
9044 6651
8693 7140
8879 6921
8627 7232
7163 8422
8403 7559
8364 7641
7862 8029
8900 7031
9127 6592
8459 7576
8564 7477
8182 7874
8860 7245
8455 7693
8648 7494
8995 7055
7974 8155
8798 7380
9054 6976
8503 7715
8862 7343
7983 8187
7896 8237
7933 8261
8442 7863
8180 8156
8258 8119
8915 7469
8434 7994
8833 7624
8322 8123
9089 7201
7729 8452
8751 7839
9069 7382
8724 7876
8641 7963
9049 7470
9001 7629
9147 7078
8626 8047
9052 7539
8473 8199
8885 7806
8410 8272
8871 7858
8502 8266
8880 7911
8720 8110
8534 8273
9095 7670
9041 7907
8628 8352
8844 8294
8779 8424
8940 8482
9133 8348
9112 8513
748678880 1735922398
1
sift 346
241 115
95 66
20 19
98 77
266 132
296 148
104 92
114 106
177 181
342 149
233 113
249 142
234 177
275 160
261 196
419 165
722 418
287 207
485 227
364 260
778 569
375 272
384 283
478 279
1108 748
595 302
525 290
601 282
1949 1313
959 407
582 357
617 402
1976 1549
1246 477
604 439
665 421
2422 1357
1301 489
795 505
837 544
2427 1426
1603 511
1119 528
1070 649
2825 1333
1093 682
1162 800
1287 760
2489 1506
1526 992
1285 879
1951 680
2633 1559
1861 924
1694 779
1503 871
2557 1644
1710 1271
1413 937
1511 990
3383 1419
1927 1204
1893 826
1669 907
2497 1736
2470 1051
1609 1004
1676 1036
2892 1747
2128 1303
2031 918
2202 889
3366 1628
2364 1238
1604 1125
2148 996
3066 1728
2249 1464
1752 1122
1928 1062
2824 2133
2026 1594
1725 1151
1912 1133
3955 1799
3266 1254
2076 1112
1829 1295
3408 2036
2530 1569
1696 1411
1810 1331
3542 2093
2921 1496
1982 1241
1993 1253
4186 1909
2627 1617
1939 1296
2073 1323
4025 2232
2449 1779
1895 1469
2575 1172
6474 2099
2566 1791
2309 1408
2433 1399
5276 2376
3306 1527
2175 1508
2689 1415
5067 2621
3137 1618
2290 1681
2596 1587
5130 2681
3931 1491
2050 1992
2614 1646
4456 3074
2380 2182
2558 1702
4217 1292
5420 3147
2647 2014
3087 1555
3142 1546
5645 3321
3376 1839
2842 1684
2382 1989
6218 3550
3362 2077
2966 1658
2960 1676
7096 3224
3287 2222
3238 1607
2786 1833
6300 3584
3213 2264
3316 1674
3295 1739
6402 3579
4171 1861
2899 1904
3179 1819
5554 4379
2939 2506
3438 1741
3764 1697
6720 3754
4109 2039
4156 1610
3858 1718
7027 3642
3784 2237
3618 1898
3208 2220
7184 3625
3314 2433
4059 1890
4242 1897
6150 4098
5126 2008
3702 2214
4515 1961
6870 3784
3963 2464
4093 2207
4835 2002
6448 3996
5257 2105
3491 2484
4554 2102
6882 4202
5270 2172
3123 2816
4493 2314
7257 4066
4161 2623
4101 2561
4302 2457
6894 4319
3866 2934
5539 2233
4207 2740
7082 5170
3714 3226
4775 2455
4193 2786
8603 4342
6335 2168
5035 2453
5245 2418
7627 4914
4552 2667
5448 2380
4702 2632
8038 4719
4958 2858
4305 2851
4556 2853
8431 4514
5133 2879
3035 4263
5059 2750
9018 5290
5209 2837
6559 2317
4204 3278
8484 5662
5619 2710
5898 2469
4590 3031
3749 3886
4854 2950
6269 2430
4602 3281
4872 3041
5108 2977
3373 4389
5577 2807
5415 2901
4691 3323
5282 3007
6442 2554
5416 2968
4799 3336
5809 2843
5101 3502
5867 2830
5443 3063
5350 3424
5822 2903
5555 3032
3312 5388
5080 3264
5316 3141
5711 3286
5713 3005
5268 3293
4370 4006
5880 3020
6322 2812
5889 3371
6234 2941
4730 3731
6309 3146
5527 3377
6276 3030
6035 3361
5915 3297
5693 3482
6039 3600
5277 3723
6512 3151
4667 4398
5285 3781
6026 3484
6018 3740
5598 3697
6638 3306
8257 2892
6262 3574
6506 3480
7148 3255
6239 3607
6267 3606
7097 3347
6675 3478
7469 3299
7808 3412
7815 3204
5161 4471
5254 4797
6244 3853
6897 3581
7496 3684
5504 4697
6982 3844
6554 4132
6348 4243
8435 3504
6637 4126
8479 3564
6391 4358
6372 4531
6919 4078
8043 3739
6596 4474
8581 3552
7795 3836
8140 3861
7582 3998
7330 4138
7899 4289
5982 5142
6101 5046
8794 3992
8900 3744
7470 4279
7966 4494
7002 4584
7472 4510
7419 4935
7476 4661
8283 4371
8374 4538
7913 4559
8003 4639
6956 5472
8161 4553
7450 5054
8543 4723
7179 5239
8627 4530
9111 4668
8094 4868
8468 4709
9126 4677
6677 5808
8030 5124
8959 4955
6669 6019
6697 6309
8668 5335
8880 4917
8626 5285
8212 6033
7371 6064
8196 5631
8999 5530
7724 6139
8334 5770
8501 6267
8455 5846
8304 5969
8190 7027
7635 6464
9100 5604
8842 7048
9021 6133
8625 6873
8539 7183
