768479201 781759124
1
sift 3326
3 0
28 24
7 4
106 76
115 89
9 5
57 42
50 38
11 6
183 140
197 161
13 8
75 55
69 50
14 9
259 208
236 168
16 12
80 64
118 102
25 13
512 428
243 186
24 14
85 70
137 103
27 18
550 449
231 202
26 19
107 79
126 116
29 20
548 501
340 310
34 22
124 107
246 162
33 23
675 543
484 348
35 25
135 106
256 167
37 26
695 611
718 640
43 28
149 112
283 228
45 30
705 646
839 572
44 31
158 128
306 236
51 29
829 746
786 623
47 34
194 132
310 250
55 40
904 681
885 761
59 37
188 148
280 293
61 44
974 690
1082 907
67 45
297 234
366 255
65 46
871 826
1046 1075
77 48
314 262
432 337
81 49
964 778
1232 1105
72 53
367 339
498 405
91 58
1081 835
1386 1366
84 61
441 349
530 430
78 67
1125 909
1701 1582
98 57
417 402
517 570
90 60
1051 1014
2271 2128
96 63
497 357
669 546
102 62
1130 1013
2536 2540
104 68
594 494
753 576
99 75
1479 990
2733 2395
101 74
610 504
774 638
103 73
1470 1182
2676 2447
111 77
699 496
832 631
113 78
1482 1188
2936 2348
116 80
685 535
894 652
114 85
1414 1263
3452 2064
130 81
565 630
876 675
123 86
1584 1222
3798 2916
131 82
679 549
901 674
127 95
1746 1732
3601 3146
132 93
738 608
920 703
128 99
1913 1675
5305 2641
119 108
822 654
933 715
120 109
2114 1688
4457 3411
146 94
869 677
926 749
144 98
2161 1820
3729 4110
148 104
896 682
1135 822
164 101
2642 1705
4517 4376
170 105
916 720
1042 913
169 111
2935 2050
4820 4457
155 121
954 745
1159 906
156 119
2776 2543
4692 4593
184 115
970 760
1184 957
175 123
3397 2545
6233 4105
207 118
958 797
1358 1056
202 122
3540 2948
5142 5185
180 129
1004 787
1416 1199
211 124
3846 2777
6717 4491
196 137
992 819
1507 1211
191 143
3388 3434
6143 4959
203 134
1080 873
1588 1198
189 150
4122 3492
5892 5212
212 131
1177 872
1533 1262
232 125
4282 3522
6101 5054
213 133
1256 954
1551 1316
208 139
3880 3989
6075 5451
227 135
1189 1031
1677 1336
193 158
4675 3813
5686 5917
221 142
1341 928
1695 1348
215 147
4247 4486
6514 5331
218 146
1299 1034
1773 1393
222 153
5038 3899
7153 5898
223 160
1310 1070
1838 1471
245 149
5196 3915
7817 5664
242 155
1401 1017
1860 1513
240 159
5094 4089
7081 5984
258 141
1471 1146
1982 1447
220 181
5025 4258
248 157
1544 1173
2043 1497
238 177
4906 4466
262 152
1486 1248
1950 1605
260 165
4193 6035
255 173
1528 1204
2072 1573
249 187
5758 4677
252 184
1558 1275
2012 1669
270 170
5357 5316
274 185
1639 1202
2141 1634
264 194
6412 4379
265 197
1635 1210
2054 1773
287 175
6478 4499
275 193
1625 1240
2136 1734
296 174
6294 4839
286 188
1627 1253
2140 1775
278 195
8008 4547
294 189
1655 1282
2103 1846
284 199
6484 5683
288 198
1699 1295
2294 1841
276 211
6780 5488
292 200
1679 1307
2180 1976
277 225
7316 5419
285 210
1593 1359
2101 2080
299 205
7288 5964
309 203
1718 1313
2229 1969
307 204
7739 5834
290 226
1687 1428
2463 1777
289 233
8406 6037
295 227
1893 1301
2344 1885
329 207
311 216
1800 1382
2570 1740
327 214
347 206
1666 1476
2503 1798
338 222
341 220
1884 1379
2391 1894
337 232
315 241
1764 1571
2558 1815
350 224
356 223
1832 1490
2520 1869
317 251
344 239
1887 1446
2559 1858
352 238
326 266
1899 1454
2455 1949
360 246
351 260
1995 1459
2540 1997
362 248
383 237
1990 1498
2517 2052
372 242
358 261
1932 1557
2740 1879
349 269
385 244
2077 1482
2880 1989
369 253
348 275
2017 1549
2774 2115
325 297
339 289
2152 1477
2788 2342
355 282
386 263
2075 1620
2939 2322
384 274
380 278
2171 1686
3295 2161
401 264
346 317
2095 1788
3114 2330
381 287
368 298
2177 1743
3052 2488
410 268
357 312
2410 1572
2875 2685
414 271
488 231
2178 1744
3450 2249
363 311
390 286
2224 1832
2918 2731
389 288
396 296
2414 1804
3481 2304
406 308
375 333
2375 1938
3117 2914
399 316
439 291
2380 2017
3434 2600
409 315
402 330
2761 1835
3539 2562
419 318
416 323
2688 1903
3444 2650
422 320
424 322
2470 2132
3437 2770
430 321
452 306
2825 1861
3428 2870
458 304
429 326
2732 2055
3424 3042
460 309
483 305
2757 2075
3433 3065
431 345
415 358
2647 2209
3679 2899
505 324
494 336
2382 2459
3657 2947
510 338
513 341
2495 2378
3767 2883
551 340
477 381
2680 2254
3371 3386
493 373
538 351
2770 2207
3616 3176
536 352
520 355
2847 2149
3202 3719
486 383
515 371
2857 2189
3941 2950
522 363
502 384
3065 2228
3750 3144
501 404
482 417
2941 2308
3697 3228
478 434
544 376
3096 2217
3959 3009
556 368
527 396
2938 2329
3800 3180
555 378
487 443
3131 2240
3961 3058
533 409
586 364
2909 2392
5197 2531
562 385
561 388
2962 2390
4088 3266
588 374
554 393
2924 2435
4158 3234
591 369
557 394
2679 2790
3837 3650
567 386
535 437
3129 2414
3996 3599
532 442
559 424
3395 2264
4655 3169
546 438
576 414
3284 2375
4130 3552
608 397
609 403
2886 2925
4629 3263
534 462
611 401
3126 2759
4489 3490
566 433
558 446
2998 2938
4131 3864
626 398
595 419
3404 2648
4646 3538
628 406
577 435
4188 2261
4551 3638
553 458
603 426
3436 2655
4817 3447
625 421
620 425
3526 2640
3505 4702
593 450
714 377
4094 2442
4614 3648
673 410
658 432
3415 2967
4636 3639
670 427
664 440
3390 3060
5777 2917
613 476
614 472
3049 3555
5055 3517
637 454
667 448
3841 2698
4600 3819
636 457
630 465
3476 2976
5011 3636
605 485
703 445
3585 2990
4989 3706
659 460
653 466
3769 2885
5168 3614
622 490
598 506
3687 2987
5319 3540
632 486
702 452
3667 3061
5098 3737
676 477
644 492
3810 2954
5486 3567
654 515
728 478
3775 3043
5488 3605
646 530
680 508
3804 3066
4965 3994
713 491
692 503
3909 2968
4941 4008
746 475
711 499
3694 3196
4935 4107
686 533
745 483
4467 2678
5620 3615
744 484
641 552
4052 2929
5121 3972
715 502
682 537
4068 2934
5850 3515
741 493
934 380
4109 3069
5050 4063
751 487
668 551
4124 3112
5363 3839
689 548
730 525
4025 3197
5056 4144
777 470
735 524
3932 3292
5110 4145
854 439
733 538
4020 3248
5247 4071
704 555
752 526
4616 2969
5540 3873
729 550
817 479
4602 2995
5622 3836
693 575
788 495
4243 3256
5446 4033
731 561
635 628
4100 3379
5604 4077
734 559
749 565
4386 3237
5712 4022
707 595
755 558
4515 3172
5398 4278
761 569
742 579
4127 3446
5311 4399
808 534
763 567
4227 3415
5598 4124
775 571
762 596
4295 3455
5432 4350
810 557
805 564
4539 3323
5431 4408
780 583
825 554
4661 3254
6563 3824
781 591
804 574
4987 3049
5651 4365
789 588
799 584
4956 3085
5692 4362
807 582
794 599
4259 3595
5820 4301
917 544
846 577
4305 3577
5611 4528
800 614
911 556
4567 3450
5729 4566
791 636
801 627
4573 3470
6029 4405
889 573
769 653
4892 3326
5408 5039
821 619
815 629
4546 3703
6068 4382
847 602
823 626
4528 3955
5775 4640
862 601
736 728
4904 3764
6082 4441
875 597
890 594
4697 3891
5402 5122
835 632
850 620
4797 3894
5796 4667
927 585
879 615
4928 3842
6212 4393
946 581
893 618
4605 4067
5513 5047
1001 568
1016 566
5053 3787
6380 4322
827 662
898 633
5245 3666
6124 4589
840 660
921 637
5250 3684
6583 4410
1188 522
820 683
5415 3572
6396 4536
831 680
932 644
5190 3806
6577 4461
957 645
1002 624
5112 3878
6284 4707
1029 613
873 694
4997 3997
5885 5105
900 673
918 676
4739 4163
5730 5304
828 757
969 656
5478 3669
6148 4927
912 691
971 661
5271 3853
5522 5592
925 686
965 669
5227 3890
6423 4810
922 709
944 684
4638 4400
6217 5048
929 718
1021 655
5624 3746
6657 4848
951 698
950 702
5679 3722
5968 5529
1056 648
931 729
4114 5358
6526 5073
1037 659
1078 647
5470 3937
6550 5137
984 688
1085 651
5141 4204
6669 5034
986 701
1041 679
5037 4431
6813 4980
962 740
1022 697
4875 4582
6256 5497
1088 667
973 744
5449 4082
7146 4842
947 765
948 766
5762 4031
7946 4386
1040 704
968 772
5605 4195
6907 5050
1043 721
1024 734
5630 4298
7006 5004
1096 692
1057 722
5843 4129
6874 5174
1067 725
1017 756
5476 4463
6692 5418
1112 695
1020 769
5595 4435
7089 5143
1108 714
955 830
5803 4236
6949 5257
1120 716
1034 782
6196 4039
7589 4879
1133 711
1063 768
5830 4275
7143 5192
972 842
1107 741
5290 4885
7292 5106
1052 783
1030 800
6040 4171
7584 4940
1072 777
1234 665
5520 4628
7706 4865
1061 784
1035 806
5849 4456
6534 5704
1141 733
1005 831
5904 4440
7303 5220
1090 776
1127 743
5381 4990
7188 5336
1073 789
1006 837
5410 5009
7963 4849
1086 781
1117 758
5751 4599
7246 5354
1070 796
1047 816
5699 4687
6494 5866
993 857
1121 770
5527 4895
7004 5581
1150 739
1149 752
6420 4316
8258 4721
1053 844
1009 874
5973 4747
6886 5720
1164 763
1119 804
6422 4439
7209 5579
1140 788
1095 841
5819 4943
7156 5635
1105 832
1168 786
5792 5006
7400 5586
1129 821
1169 791
6268 4602
7255 5707
1186 773
1190 771
6481 4516
7569 5739
1094 862
1171 802
6973 4279
8317 5162
1167 808
1178 795
6364 4734
7762 5661
1209 774
1143 834
6587 4612
7613 5842
990 997
1246 779
6379 4787
7768 5759
1231 793
1206 817
6083 5075
8021 5637
1165 856
1198 839
5882 5269
7766 5795
1157 869
1176 868
6648 4681
7909 5777
1215 843
1242 827
6497 4829
7852 5811
1239 836
1199 871
5661 5611
8157 5623
1166 898
1221 853
6327 5069
7827 5985
1263 818
1195 880
6283 5153
8324 5872
1412 732
1202 886
6311 5305
1172 914
1271 828
6743 4975
1240 861
1217 878
7193 4645
1330 801
1204 897
6104 5564
1391 753
1175 931
6964 4958
1333 820
1226 903
6580 5253
1324 840
1241 890
6845 5051
1428 764
1319 846
7172 4897
1353 823
1286 867
7042 5015
1293 866
1116 1026
6620 5332
1229 944
1243 929
6933 5166
1248 925
1321 881
7158 5025
1260 927
1126 1065
6612 5465
1355 865
1255 945
6865 5289
1252 950
1247 965
7366 4952
1351 876
1187 1019
6924 5315
1210 1000
1306 919
6913 5456
1276 939
1216 1002
6901 5502
1478 812
1309 922
6869 5562
1280 948
1354 893
7099 5422
1361 888
1350 905
7348 5278
1250 991
1295 964
7036 5534
1266 980
1343 930
7455 5249
1273 976
1320 955
7013 5573
1249 1011
1365 921
7736 5206
1345 936
1261 996
7305 5510
1326 960
1337 956
7326 5504
1331 967
1328 983
7574 5426
1264 1020
1418 912
7215 5679
1462 887
1490 875
6976 5829
1577 848
1463 901
7451 5576
1336 1003
1510 879
7668 5545
1594 850
1467 923
8396 4740
1370 993
1363 1001
7425 5716
1282 1054
1259 1071
7124 5937
1419 962
1308 1043
7886 5540
1397 975
1473 938
7586 5752
1442 959
1405 986
7150 5945
1460 966
1446 974
7833 5658
1448 973
1424 995
7641 5799
1456 988
1623 885
7976 5677
1552 934
1383 1042
8278 5416
1453 1010
1294 1126
7421 5960
1458 1018
1394 1049
8011 5886
1547 971
1300 1145
8246 5916
1384 1067
1441 1033
8135 5972
1487 1015
1356 1098
8004 6004
1901 825
1483 1028
8306 5955
1573 984
1589 982
7889 6029
1447 1059
1475 1044
1501 1035
1489 1046
1513 1039
1374 1137
1381 1134
1498 1062
1563 1023
1342 1189
1829 896
1409 1111
1476 1076
1387 1139
1481 1083
1491 1079
1449 1097
1543 1061
1549 1060
1472 1106
1474 1113
1522 1084
1708 1006
1517 1089
1629 1030
1504 1100
1485 1121
1480 1136
1511 1101
1606 1055
1492 1127
1534 1094
1503 1132
1500 1143
1496 1147
1645 1048
1569 1091
1683 1050
1537 1123
1514 1149
1523 1140
1574 1095
1392 1268
1583 1092
1586 1093
1564 1114
1617 1080
1578 1103
1502 1171
1735 1045
1556 1133
1756 1037
1596 1104
1597 1115
1673 1085
1565 1151
1550 1163
1592 1138
1525 1184
1429 1297
1580 1162
1599 1153
1562 1197
1689 1119
1546 1226
1620 1156
1582 1212
1729 1128
1702 1148
1661 1157
1557 1264
1570 1257
1567 1259
1615 1205
1694 1165
1495 1334
1740 1152
1609 1235
1681 1186
1805 1107
1649 1213
1643 1220
1769 1150
1662 1216
1654 1224
1697 1207
1807 1131
1648 1245
1741 1191
1798 1164
1744 1209
1760 1196
1734 1225
1783 1176
1613 1303
1818 1172
1767 1231
1742 1260
1725 1277
1812 1192
1836 1175
1768 1246
1771 1250
1934 1110
1707 1308
1691 1328
1726 1306
1806 1252
1717 1322
1739 1318
1770 1290
1736 1324
1830 1238
1874 1195
1849 1236
1814 1269
1780 1299
1720 1341
1869 1217
1824 1271
1731 1350
1929 1181
1795 1319
1755 1346
1715 1369
1910 1223
1871 1254
1855 1281
1810 1320
1791 1339
1918 1232
1713 1387
1885 1273
1784 1349
1904 1266
1637 1424
1722 1396
1888 1283
1765 1374
1907 1276
1911 1279
1878 1309
1846 1342
1852 1337
1914 1289
2027 1201
1933 1278
2088 1166
1845 1354
1880 1332
1753 1419
2034 1218
1863 1353
1738 1442
1841 1389
1390 1920
1966 1304
1994 1300
1837 1418
1909 1370
2036 1292
2046 1288
1826 1427
1796 1441
1908 1383
1999 1330
1743 1483
1919 1373
1925 1376
2021 1331
1898 1411
1962 1357
1808 1461
1991 1352
1941 1381
1922 1397
1937 1384
1968 1365
2028 1344
1619 1687
1924 1400
1986 1371
1951 1395
2111 1310
1867 1456
2153 1317
1879 1455
1928 1433
2040 1388
2087 1356
1985 1414
1915 1445
2030 1404
2287 1293
2038 1405
2071 1386
2049 1407
2026 1430
2176 1362
2240 1345
2015 1437
2060 1420
1976 1462
1847 1625
1931 1518
2066 1438
2018 1465
2282 1403
2204 1429
1890 1702
2058 1500
2029 1528
2260 1426
2068 1510
2051 1522
2157 1464
1987 1604
2118 1480
2225 1444
2120 1492
2145 1479
2183 1469
1948 1694
2148 1485
2300 1435
2078 1541
2169 1493
2041 1606
3308 1135
2322 1436
2107 1534
2276 1457
2371 1431
2089 1564
2270 1467
2162 1519
2316 1443
2156 1525
2423 1423
2313 1452
2076 1594
1997 1707
2202 1509
2226 1516
1980 1741
2119 1590
2104 1615
2367 1453
2069 1667
2302 1489
2164 1583
2231 1532
2189 1555
2379 1463
2115 1655
2194 1574
2254 1561
2345 1507
2349 1511
2184 1647
2196 1639
2209 1632
2274 1585
2248 1614
2273 1599
2172 1697
2213 1674
2268 1628
2215 1672
2200 1690
2278 1623
2488 1486
2206 1696
2203 1703
2356 1559
2174 1730
2360 1575
2335 1603
2311 1636
2266 1693
2505 1514
2425 1568
2450 1543
2400 1591
2261 1713
2217 1735
2556 1506
2105 1843
2281 1714
2338 1661
2417 1608
2235 1746
2353 1665
2363 1662
2424 1627
2439 1602
2412 1635
2358 1671
2350 1677
2534 1546
2392 1659
2427 1630
2492 1569
2419 1645
2319 1717
2381 1678
2397 1670
2388 1682
2477 1597
2507 1610
2489 1624
2454 1653
2384 1720
2228 1824
2587 1565
2555 1586
2301 1772
2185 1867
2297 1781
2415 1715
2644 1540
2543 1618
2285 1806
2614 1580
2580 1616
2234 1877
2500 1676
2389 1761
2542 1663
2346 1800
2192 1951
2645 1596
2421 1762
2537 1695
2378 1808
2395 1801
2398 1799
2393 1803
2577 1685
2462 1747
2592 1679
2640 1641
2538 1718
2726 1588
2665 1640
2584 1708
2794 1552
2557 1722
2817 1550
2334 1875
2474 1770
2514 1757
2290 1947
2524 1766
2682 1683
2493 1794
2494 1793
2566 1756
2481 1818
2569 1765
2451 1845
2552 1779
2627 1738
2405 1915
2805 1642
2368 1957
2325 2009
2452 1881
2337 2000
2634 1769
2561 1827
2522 1854
2478 1897
2809 1709
2528 1870
2667 1776
2521 1884
2458 1942
2662 1796
2476 1934
2861 1700
2330 2081
2779 1737
2567 1876
2965 1644
2838 1727
2286 2156
2708 1786
2659 1823
2772 1759
2750 1768
2594 1872
2660 1831
2579 1891
2343 2102
2622 1862
2362 2096
2778 1767
2693 1828
2515 1973
2550 1941
2497 1990
2910 1729
3199 1548
2787 1774
2703 1836
2530 1980
2704 1837
2852 1754
2633 1908
2443 2085
2745 1839
2739 1844
2506 2042
2758 1838
2860 1807
2574 2030
2444 2142
2871 1813
2710 1926
3079 1724
2768 1886
3022 1733
2719 1931
2639 2007
2705 1943
2808 1865
2321 2292
2674 1994
2958 1791
2816 1883
2643 2024
3043 1752
2331 2301
3153 1728
2929 1829
2525 2150
2793 1933
2712 2005
2744 1977
2731 1996
2690 2037
2830 1922
2921 1853
2905 1871
2859 1919
2599 2136
2792 1975
2725 2043
3066 1810
2827 1967
2812 1988
2831 1987
2810 2014
2784 2032
2944 1901
2533 2236
2806 2015
2960 1895
2593 2197
2700 2100
2718 2091
2323 2419
2666 2144
2655 2162
2722 2103
2839 2026
2956 1932
3000 1906
2553 2255
2735 2117
3158 1825
3039 1887
3451 1646
2952 1962
3042 1900
3014 1925
2631 2218
3363 1723
2681 2195
3119 1874
2697 2178
2081 2820
2813 2106
2889 2068
2981 1993
2766 2160
2835 2098
2341 2500
3150 1892
3105 1937
3075 1956
2899 2094
3145 1927
2617 2306
2900 2108
3013 2021
3085 1978
3036 2013
3059 1999
3136 1946
2801 2177
3007 2041
2993 2044
3176 1923
2848 2163
3310 1814
2988 2062
2513 2412
3006 2059
3125 1986
3053 2034
3062 2031
3213 1918
2832 2200
2953 2119
3017 2072
3147 2011
2874 2193
2947 2135
3106 2038
3245 1921
3072 2060
3203 1966
3078 2074
2823 2245
3015 2112
3076 2078
2878 2221
3081 2082
2888 2224
3142 2051
3220 1985
2613 2406
2564 2460
2949 2192
3069 2123
3281 1960
2975 2188
3110 2120
2955 2211
3115 2107
3493 1817
2984 2203
2855 2305
2842 2317
3811 1716
2997 2213
2989 2223
3098 2165
2942 2262
3058 2190
2957 2253
2763 2387
3206 2087
3099 2180
3223 2076
3259 2053
3118 2175
3364 1964
3086 2206
3762 1758
2911 2328
2670 2487
2995 2267
2893 2352
3174 2146
3248 2083
3218 2118
2986 2274
2638 2522
3196 2140
2894 2360
2978 2300
3439 1954
3506 1916
3038 2268
3023 2271
2963 2334
2994 2313
3060 2283
3165 2220
3201 2194
3319 2090
3083 2284
3025 2319
3152 2257
3236 2181
3623 1911
2804 2477
3186 2232
3560 1952
2976 2372
2760 2530
3242 2198
3282 2169
3499 2006
2907 2425
3172 2270
3594 1963
3227 2225
3157 2295
3291 2179
3307 2170
3116 2333
2916 2436
3183 2275
2568 2789
3309 2182
3514 2045
3003 2407
3107 2367
3256 2251
3365 2158
3286 2237
3280 2243
3124 2366
3331 2201
3219 2302
3108 2380
3198 2335
3297 2252
3407 2168
3261 2287
3269 2277
3592 2067
3235 2318
3340 2230
3496 2141
3266 2315
3521 2137
3392 2226
3177 2402
3250 2358
3466 2204
3298 2331
3168 2421
3724 2066
3208 2399
3844 2027
3606 2153
2990 2583
3247 2396
3527 2216
3718 2101
3555 2199
3224 2420
3204 2446
3101 2539
3217 2440
3427 2298
3082 2566
3328 2371
3287 2411
2980 2652
3327 2373
3141 2544
3970 2029
3579 2238
3669 2184
3533 2259
3356 2376
3296 2433
3263 2469
3299 2452
3378 2384
3234 2512
3671 2239
3009 2703
3707 2233
3443 2370
2972 2786
3631 2291
3372 2427
3502 2361
3214 2586
3267 2541
4265 2008
3727 2260
3877 2185
3686 2290
3370 2463
3162 2671
3431 2429
3645 2337
4049 2129
3517 2400
3409 2471
3755 2286
3423 2458
3442 2457
3678 2343
3491 2434
3467 2462
3324 2574
3321 2580
3413 2503
2139 4224
3231 2683
3459 2481
3304 2619
3743 2344
3139 2817
3031 2908
3537 2456
3513 2473
3754 2354
3175 2784
3564 2438
3628 2410
3600 2424
3485 2498
3614 2423
3583 2451
3740 2368
3511 2499
3400 2576
3812 2355
3360 2616
3408 2578
3850 2351
3904 2325
3608 2467
3543 2502
3870 2349
3403 2603
3523 2527
3170 2881
3643 2466
3398 2622
3163 2901
3933 2339
3603 2497
3438 2607
3640 2494
3274 2807
3350 2708
3711 2468
3519 2594
3776 2431
4123 2282
3469 2620
3827 2418
3518 2601
3559 2572
3626 2532
3654 2520
3578 2567
4090 2324
3456 2656
3553 2596
3808 2448
3791 2464
3301 2841
3782 2479
3634 2564
3658 2559
3949 2397
3652 2569
3460 2694
3787 2489
3556 2632
3432 2728
3558 2630
3561 2633
3871 2453
3918 2422
3993 2389
3822 2483
3701 2557
3494 2702
3586 2647
3848 2490
3095 3217
3330 2876
3622 2638
3597 2658
4180 2364
3864 2504
3736 2570
3589 2672
3741 2573
3453 2794
3576 2687
3691 2613
4652 2205
3552 2718
3758 2587
3376 2880
4075 2417
4097 2415
3593 2699
3532 2757
3719 2617
3598 2715
3751 2606
3611 2701
3981 2484
3726 2621
3889 2533
3801 2599
3509 2815
3899 2551
3943 2528
3677 2696
4066 2475
3582 2781
4286 2386
3794 2625
4116 2455
3574 2796
3627 2744
3632 2758
3859 2611
4721 2248
3834 2628
3684 2723
3728 2689
3661 2760
3836 2639
4072 2510
3609 2809
4136 2482
3488 2904
3882 2624
4421 2385
3676 2779
3826 2668
3733 2734
4105 2515
4014 2565
3749 2741
3988 2590
3703 2772
3916 2629
4983 2214
3660 2830
3815 2710
3472 2973
4017 2591
3714 2798
4046 2579
3704 2810
4218 2506
4538 2383
3764 2763
3649 2859
3241 3312
3878 2688
3928 2675
3805 2765
4222 2525
3814 2762
4157 2561
3888 2707
4010 2642
4007 2651
3803 2804
3599 2949
3780 2819
3709 2867
3420 3153
3897 2738
4009 2664
4044 2646
4102 2618
3670 2920
3772 2837
3937 2729
3820 2822
3796 2836
4205 2597
3950 2740
4023 2682
4140 2623
3944 2749
3734 2894
3624 3005
3962 2755
3759 2912
4533 2486
4202 2634
4110 2684
3991 2761
4161 2669
3925 2829
3931 2831
3911 2852
4234 2661
3917 2857
4409 2593
4204 2691
3571 3191
4167 2735
3952 2869
3705 3068
3783 2996
3971 2860
3833 2961
3938 2897
4257 2706
4121 2800
4177 2766
4120 2801
4175 2782
4556 2589
4738 2501
4385 2666
3851 3000
4064 2839
4085 2835
4307 2709
4055 2853
4051 2863
4219 2788
4558 2610
3956 2946
4035 2890
4371 2713
4301 2748
3823 3093
4496 2660
4063 2892
4203 2821
4082 2887
4566 2637
3577 3350
4318 2771
4137 2871
3881 3081
4340 2780
4012 2965
4613 2643
3347 3655
4076 2940
3930 3084
4132 2915
4254 2847
4262 2840
3562 3416
4357 2806
4495 2732
4388 2803
4525 2725
4272 2856
4005 3017
3999 3029
4630 2676
3890 3151
6442 2046
4079 2975
4197 2921
3968 3100
4491 2773
4337 2845
4382 2833
4036 3022
4134 2956
4300 2884
3998 3098
4331 2865
4425 2827
4387 2846
4042 3067
4323 2888
4277 2922
4273 2931
4438 2844
4641 2727
3926 3204
4077 3077
3747 3366
3907 3231
4366 2896
4400 2889
4198 3008
4278 2959
4056 3140
3964 3219
4292 2962
4383 2923
4281 2979
4481 2882
4565 2828
4414 2918
4563 2834
4209 3048
4592 2824
3919 3277
4015 3210
3913 3294
4244 3039
4698 2793
3779 3443
4322 3006
4279 3032
4347 2991
4601 2851
4350 2994
4112 3178
3983 3275
4358 2998
4506 2924
3920 3340
4390 2985
4772 2769
4330 3018
4312 3040
4284 3082
4238 3126
4343 3028
4018 3270
4191 3164
4624 2873
4544 2926
4344 3036
4578 2913
4003 3297
4338 3064
4474 2980
4241 3150
4460 2997
5018 2695
4089 3259
4441 3014
4407 3050
4417 3045
4093 3269
4782 2826
3884 3449
4253 3177
4377 3108
4535 2986
4156 3253
4454 3035
3766 3583
4375 3138
4411 3116
4190 3255
4715 2893
4426 3128
4402 3142
4168 3276
4410 3147
4529 3059
4639 2972
4634 2982
4637 2977
4640 2974
4542 3056
4472 3134
4021 3425
4308 3230
4196 3293
4342 3205
3187 4472
4311 3239
4576 3038
4447 3162
4034 3426
4582 3041
3976 3503
4643 3007
4396 3199
5032 2816
4500 3148
4803 2927
4635 3034
4632 3055
4827 2933
3936 3569
4732 2970
4617 3074
5552 2554
4226 3339
4319 3273
4466 3193
5255 2714
4216 3377
4091 3477
4129 3438
4255 3356
4174 3414
4839 2952
4795 2983
3906 3651
4269 3368
4713 3053
4672 3117
4389 3291
4374 3306
4404 3288
4393 3303
5072 2868
4611 3168
4585 3183
4949 2945
3902 3716
4822 3021
4991 2941
4298 3407
4594 3211
4200 3494
4742 3115
4909 2992
4384 3364
4233 3466
4359 3383
4439 3346
4711 3152
4479 3310
4498 3302
4497 3307
4555 3265
4519 3295
4737 3149
4440 3370
4470 3349
4446 3367
5030 2964
4712 3184
4434 3395
4769 3161
4523 3338
5248 2866
4521 3357
4895 3111
4591 3289
4977 3046
4469 3399
4553 3332
4345 3493
4518 3380
4872 3145
4493 3397
4731 3224
4327 3520
4648 3283
3588 4153
4453 3436
5080 3010
4982 3101
4802 3203
5000 3087
4771 3226
4484 3454
4691 3281
4701 3284
5049 3086
4142 3707
4408 3526
5005 3137
4694 3300
4960 3167
4379 3561
4955 3174
5106 3051
4679 3354
4685 3351
4911 3221
4676 3369
5026 3158
5044 3155
4663 3393
4716 3345
5405 2902
4834 3267
5593 2805
4818 3285
4728 3352
4945 3242
4836 3279
4707 3382
4957 3243
5041 3186
5956 2665
4607 3487
4625 3467
4985 3240
4730 3385
5266 3016
5172 3103
4881 3298
4194 3790
4642 3479
4029 3931
4423 3667
4717 3441
4913 3316
4842 3371
5155 3166
5332 3033
4927 3314
5124 3190
4773 3421
5115 3201
4725 3481
4958 3344
4754 3473
4468 3698
5347 3070
4819 3424
4405 3750
4813 3448
4896 3406
4979 3361
3522 4676
4783 3495
4937 3394
4974 3378
4477 3741
5162 3246
5200 3215
5695 2891
4860 3460
4805 3501
4780 3523
4757 3536
4809 3507
5170 3257
4779 3541
5785 2878
4599 3685
4850 3518
5701 2936
6252 2704
4781 3568
6176 2751
5116 3325
5411 3159
4931 3496
4951 3486
5468 3132
4702 3646
5161 3321
4644 3708
4865 3559
4902 3546
4777 3610
4508 3810
5502 3123
5019 3478
5356 3235
5090 3413
4863 3574
5223 3308
5207 3333
5329 3258
4938 3547
6251 2791
4866 3603
4603 3788
4986 3535
4776 3660
4507 3856
5192 3392
4789 3680
5009 3544
4855 3642
4877 3627
5337 3290
5797 3001
4492 3898
5742 3020
5256 3365
5118 3476
5029 3557
4924 3628
4947 3613
5237 3400
4736 3760
4905 3652
5058 3563
4967 3630
5039 3584
5280 3405
5309 3390
4527 3935
5126 3524
4540 3926
5261 3435
5193 3510
4999 3649
4808 3774
5304 3427
5303 3428
5667 3192
5310 3453
5194 3532
4759 3830
5104 3606
4250 4203
4270 4192
4526 4018
4845 3800
4791 3831
5036 3702
5419 3409
5384 3433
5167 3585
5355 3458
4996 3743
5130 3620
5567 3296
4864 3805
5531 3347
5441 3419
4878 3821
5081 3692
5149 3637
5065 3713
5214 3590
5064 3732
5234 3582
4435 4146
5074 3727
4962 3799
5262 3575
5328 3533
5132 3662
5439 3457
4920 3820
4807 3881
5264 3593
5156 3663
5353 3542
5379 3525
5136 3697
5152 3682
4848 3885
4870 3874
4722 3971
5300 3592
4918 3860
5073 3766
5211 3657
5008 3807
5400 3539
5413 3530
5933 3200
5054 3793
5376 3562
4829 3932
4843 3924
5205 3695
5499 3471
4297 4390
4946 3875
5349 3602
4908 3906
5494 3499
5545 3461
5265 3687
5772 3331
5294 3670
5122 3798
5308 3677
5312 3678
5739 3375
5179 3778
5061 3868
4894 3995
5239 3758
4814 4046
5708 3417
5289 3744
4891 4006
5235 3772
5666 3491
5267 3771
7063 2858
5188 3818
5109 3877
5366 3734
5464 3645
5230 3808
5496 3624
5129 3886
5691 3521
4890 4083
6264 3241
5351 3779
6006 3376
5042 4011
5873 3444
7275 2862
5518 3686
5626 3621
5578 3653
5397 3794
6070 3388
4886 4155
6286 3271
5134 3979
5340 3847
5566 3721
7118 2958
5375 3841
5236 3936
5911 3528
5455 3809
5707 3643
5886 3550
5645 3694
5225 3980
5614 3735
5790 3612
5336 3903
5249 3983
4317 4902
4992 4193
6988 3095
5467 3848
5714 3696
4401 4855
5693 3730
5417 3897
5853 3623
5705 3723
6132 3498
5372 3944
5908 3616
5547 3814
5493 3852
6151 3506
5412 3925
5526 3834
4061 5347
5335 3988
6061 3553
5191 4106
5416 3951
6281 3463
6475 3391
5313 4049
5551 3869
5394 4013
5515 3902
5244 4112
4922 4450
5700 3803
6054 3619
5421 3998
5254 4119
6527 3402
5087 4262
5497 3939
5954 3689
6056 3632
6732 3309
7334 3094
5825 3770
5713 3817
5546 3916
5483 3977
5844 3769
5085 4327
5504 3964
5505 3968
7427 3092
5736 3833
5960 3739
5558 3954
5923 3767
5621 3928
5806 3825
5835 3812
5671 3907
5683 3914
5561 3992
4662 4884
5646 3938
4459 5180
6110 3733
5770 3883
5544 4037
6225 3676
4950 4622
6216 3688
5406 4164
6036 3789
5827 3888
4671 4992
5902 3855
5443 4150
6582 3554
5316 4284
5584 4055
5298 4311
6248 3725
5987 3843
5322 4323
4746 4947
5391 4249
5436 4231
5623 4081
6386 3693
5158 4522
5898 3922
5970 3895
5434 4261
6299 3752
5386 4321
5210 4510
6060 3866
6095 3854
5702 4066
5368 4369
5629 4125
5458 4290
5870 3985
5579 4181
6436 3742
5741 4074
6041 3908
5538 4211
6476 3736
6404 3759
5778 4065
6027 3942
6081 3910
6616 3699
5801 4087
6406 3785
5743 4120
8230 3027
5600 4220
6078 3950
6125 3929
6480 3765
6191 3887
6202 3892
6066 3966
7436 3389
6000 4000
4522 5560
5992 4014
5985 4019
5880 4069
6359 3827
5137 4757
5805 4111
6119 3956
4858 5135
5076 4862
5832 4114
5664 4227
5719 4185
6144 3962
5649 4238
5554 4360
6246 3911
5373 4575
6680 3749
5996 4061
5213 4741
5653 4265
6551 3802
5781 4186
5634 4325
5999 4078
5536 4428
6434 3862
5942 4115
5926 4133
5925 4135
5184 4856
5241 4786
5964 4118
5862 4180
5507 4500
5677 4343
5998 4123
6039 4103
6385 3923
5975 4139
6329 3959
5897 4198
5810 4257
5641 4416
5804 4274
5860 4234
6545 3884
6117 4104
6051 4127
5912 4214
5816 4310
6165 4099
5817 4315
5650 4468
5609 4508
6018 4183
6092 4138
5338 4832
7102 3710
6363 4001
5791 4370
6084 4160
6086 4165
6377 4025
5326 4894
5642 4524
6288 4064
5944 4270
5288 4962
6137 4168
5512 4678
6487 3996
6500 3990
5930 4329
5676 4546
5393 4875
6307 4098
5858 4401
6350 4095
6228 4154
5587 4654
6528 4023
5794 4497
6170 4205
6403 4090
6522 4043
5574 4716
5899 4436
5681 4613
5893 4449
6439 4088
6012 4367
7711 3597
6203 4235
5755 4577
6782 3952
5812 4542
8392 3222
6055 4366
6684 4007
6017 4413
5917 4513
5068 5480
5761 4620
6043 4411
5768 4621
6020 4448
5725 4656
6661 4048
6358 4190
5437 5037
6053 4424
5454 5018
5759 4642
6501 4126
5656 4759
6266 4248
6314 4222
5617 4821
6448 4173
7019 3934
6989 3947
6517 4147
6276 4296
6397 4213
5963 4555
5380 5201
6410 4221
6259 4335
5344 5256
6226 4381
5840 4682
6098 4503
6841 4056
5798 4738
6507 4208
5950 4611
7431 3829
6155 4492
6321 4355
6512 4232
7928 3673
5958 4626
5771 4802
6087 4562
5903 4709
5839 4752
6085 4573
5921 4719
6123 4561
7020 4034
7342 3901
5913 4732
6850 4108
6354 4389
6533 4291
6443 4339
5915 4742
6185 4531
6109 4605
5530 5156
6172 4580
6791 4169
6688 4219
6213 4567
6847 4158
7368 3946
6664 4240
6229 4571
6453 4406
6793 4196
6628 4306
6614 4312
6531 4371
6077 4712
6668 4271
5616 5147
6882 4166
6908 4159
6346 4515
6301 4537
6687 4297
6063 4744
6633 4347
5556 5270
6805 4242
6670 4332
6157 4715
6389 4526
5846 4989
6459 4494
6502 4471
6681 4354
6555 4460
5841 5035
6718 4358
6161 4755
5990 4909
5732 5148
5946 4948
7420 4038
6340 4614
6610 4473
6821 4331
6801 4348
6121 4844
6644 4458
6486 4554
6712 4419
5588 5398
6779 4380
6120 4869
6727 4422
6974 4280
6324 4704
7408 4086
7178 4179
6540 4584
6808 4415
6626 4532
5836 5179
7329 4128
6271 4789
6136 4923
7181 4200
7100 4237
6285 4784
6617 4568
6391 4718
7109 4243
6861 4421
7399 4132
7065 4303
6483 4669
6451 4701
6428 4722
6558 4636
6461 4717
6565 4657
6105 5060
6864 4498
6572 4671
6833 4512
6621 4630
6711 4583
6007 5182
6960 4464
6429 4808
6183 5032
6954 4478
6456 4798
7318 4254
6511 4779
6900 4521
6113 5133
7040 4446
7128 4374
6503 4790
6471 4807
6602 4730
6557 4756
7224 4333
6795 4598
6651 4689
6272 5007
6405 4898
6044 5241
6516 4824
6392 4918
6597 4783
6194 5130
6747 4705
6899 4606
7359 4344
6309 5052
7587 4230
6549 4876
6425 4974
7398 4334
5500 5822
6421 4988
6849 4661
6883 4637
6781 4723
5555 5784
7090 4527
6345 5076
6631 4852
8273 3927
6904 4662
6553 4924
7208 4481
7119 4534
7180 4501
7074 4563
6773 4766
7142 4540
6870 4726
6810 4765
7620 4307
5971 5473
6261 5218
6832 4763
6649 4899
7826 4194
7372 4451
7320 4474
7454 4402
7307 4490
7174 4558
6140 5391
6197 5328
6700 4910
6495 5082
6757 4882
6270 5276
7799 4255
6728 4932
7927 4210
6190 5403
7194 4610
7552 4430
7737 4317
6525 5120
6254 5356
6643 5041
6519 5154
7386 4552
6754 4983
7564 4470
6876 4889
7264 4623
7017 4793
7198 4665
6026 5616
7967 4244
7324 4603
6523 5190
6536 5186
6885 4913
6792 4996
6909 4907
7374 4590
7680 4443
6939 4880
6543 5207
7177 4729
7239 4700
7997 4281
7262 4683
6447 5298
6786 5043
6950 4919
7683 4476
8421 3822
7844 4384
6955 4934
7192 4753
6758 5101
6991 4912
5445 6016
6771 5098
6946 4966
7189 4772
7218 4782
7030 4911
7612 4564
7365 4695
6575 5284
6642 5230
6796 5111
7671 4543
6784 5121
8435 3816
7338 4727
6479 5374
6482 5369
7461 4652
7186 4827
7297 4754
6273 5549
6671 5234
7018 4985
7219 4846
7644 4608
6596 5337
8213 4229
7290 4826
7032 5022
7597 4653
6650 5319
7056 5017
7179 4929
7629 4660
7450 4775
7456 4780
6986 5108
7161 4978
6815 5247
6474 5518
6892 5221
7435 4835
7062 5087
7138 5040
6694 5387
7751 4646
6921 5233
6593 5477
7479 4834
7517 4809
6600 5483
6839 5302
7147 5068
7271 4995
7560 4795
6775 5370
7619 4768
7008 5198
7311 4987
7000 5213
7419 4915
6127 5860
7438 4914
8097 4514
7149 5114
7735 4736
7407 4965
7493 4904
6306 5758
7319 5026
7409 4972
7266 5071
8094 4544
5612 6026
6978 5293
7669 4813
7718 4792
6804 5452
6816 5439
6843 5429
6567 5640
7047 5283
7023 5300
8125 4548
7144 5211
7070 5254
7026 5312
7114 5242
6218 5882
7033 5329
7608 4935
7294 5138
7686 4887
7677 4892
6936 5423
7983 4714
8104 4615
7383 5103
6356 5814
7547 5005
6992 5406
7236 5223
6879 5482
7765 4859
6401 5808
7278 5225
7277 5229
7355 5158
7226 5252
7391 5145
7423 5124
7214 5268
7728 4928
6926 5507
8060 4725
7232 5271
8092 4698
6858 5569
6588 5745
7861 4871
7137 5360
7152 5351
7971 4817
7265 5326
7577 5119
7562 5126
7362 5266
7352 5277
7106 5449
6971 5559
8165 4686
7377 5287
7636 5128
7881 4969
7313 5338
7140 5471
6819 5712
7054 5554
8242 4673
7289 5409
7395 5318
6369 5949
6961 5620
7211 5443
7325 5376
7632 5181
7846 5030
7322 5385
7353 5366
7893 5012
7333 5393
7790 5080
7915 5014
7748 5116
7300 5428
7207 5487
7679 5183
7816 5086
7205 5500
7674 5208
6962 5686
7978 5013
6951 5695
7685 5231
7492 5341
7276 5486
6734 5845
6663 5881
7887 5110
7458 5420
6336 5992
7257 5544
7514 5395
7664 5292
7286 5542
7052 5699
7558 5390
7448 5454
7615 5378
7495 5435
7572 5412
7918 5163
7676 5334
6995 5766
8057 5090
7618 5415
7389 5532
7688 5345
8080 5093
7544 5460
7830 5265
7237 5652
7126 5725
7725 5364
7626 5444
7469 5537
6761 5934
8132 5049
7354 5617
7332 5634
7754 5357
7382 5604
6945 5857
8144 5065
7995 5236
7551 5528
7652 5468
7507 5570
7474 5589
7627 5511
7582 5552
8380 4767
7741 5453
6096 6038
7947 5348
6910 5940
7882 5407
8068 5263
8123 5189
7857 5430
8036 5323
7280 5782
7401 5719
7523 5671
7637 5612
7999 5397
6985 5946
8151 5238
8112 5286
7868 5493
7308 5817
8303 5104
7690 5639
7691 5644
7240 5873
7901 5517
8146 5325
7858 5571
7426 5807
7651 5705
7767 5618
7763 5631
8292 5178
8188 5308
7730 5663
8141 5383
7561 5771
7744 5675
7649 5738
8107 5442
8030 5520
7710 5715
8077 5491
7268 5927
7913 5610
7287 5923
7982 5582
8053 5531
7157 5971
8055 5555
7877 5668
7337 5952
8180 5466
7701 5816
8263 5417
8116 5558
8190 5501
8003 5711
8202 5515
7943 5746
8361 5317
8131 5632
7796 5841
7661 5910
8250 5525
7793 5848
8158 5627
7758 5906
8367 5394
8345 5446
8109 5756
8022 5832
7895 5896
8218 5701
8282 5649
7944 5900
8026 5877
8352 5551
8043 5875
8448 4961
8244 5761
8369 5590
8219 5800
8399 5496
7798 5988
8174 5851
8314 5743
8206 5835
7708 6019
8044 5973
8311 5810
8156 5938
8233 5899
8364 5741
8312 5855
8294 5884
8085 6009
8338 5907
8365 5967
8417 5801
8387 5976
8316 6031
8113 6044
8217 6042
768479201 2119627969
1
sift 986
85 123
11 13
19 35
135 183
29 36
60 62
142 186
81 59
90 90
159 179
103 93
99 100
158 283
98 127
100 147
194 368
101 148
104 157
259 437
113 200
130 181
367 464
119 225
114 256
417 657
146 193
127 230
512 605
144 208
128 242
610 559
132 278
187 280
594 782
219 268
165 338
675 792
224 296
203 346
739 756
208 353
277 294
666 828
249 348
215 396
695 870
252 364
286 319
679 1068
275 354
230 463
705 1069
307 381
348 360
822 949
308 393
347 365
970 887
261 472
237 551
904 957
288 427
295 431
974 935
287 440
398 363
954 956
389 371
341 429
896 996
351 447
364 495
869 1075
317 586
423 457
1341 877
336 590
371 546
958 1113
416 499
436 487
884 1469
363 607
412 553
1471 1043
406 591
360 719
1080 1379
571 476
533 573
1310 1391
596 582
426 864
1679 1302
532 707
515 755
1122 2138
703 625
528 791
1655 1375
686 662
670 711
1718 1386
676 717
625 775
1625 1443
752 666
546 879
1499 1569
667 769
557 873
1584 1708
715 751
646 804
1687 1615
659 835
720 798
1666 1785
617 891
562 943
1899 1546
609 912
711 866
1558 1975
815 752
671 905
1544 2014
728 892
791 824
1995 1542
680 938
673 991
1627 1989
714 977
688 1081
1840 1821
889 898
749 1026
1887 1778
951 862
777 972
1746 2036
917 906
794 980
1759 2082
740 1084
725 1230
2152 1716
944 962
816 1103
2077 2200
762 1226
1337 813
1990 2291
886 1080
1078 953
2067 2224
921 1071
900 1088
2410 1994
898 1111
986 1056
1932 2435
847 1217
1043 1047
1884 2657
1040 1049
1164 978
2962 2065
1067 1059
1085 1085
2380 2489
842 1337
971 1174
3065 2094
1157 1044
957 1204
2171 2810
1095 1100
1001 1198
2770 2395
1343 963
914 1318
2776 2449
1286 999
1199 1070
2757 2492
1006 1234
1100 1156
2938 2561
1167 1130
1324 1021
2680 2788
1212 1115
1065 1247
2495 3071
1166 1155
1136 1194
2935 2744
1297 1067
948 1382
2647 3046
1226 1127
993 1344
3284 2597
1034 1317
1087 1310
2382 3544
1447 1031
1282 1139
2470 3733
902 1690
1000 1539
2646 3540
1197 1326
1330 1207
3068 3224
969 1672
1010 1614
2826 3454
1239 1340
1119 1545
3909 2695
1490 1182
1131 1576
3129 3376
1072 1765
1129 1680
3687 2948
1333 1374
1474 1272
2847 3668
1498 1258
1776 1132
3395 3200
1560 1237
1242 1510
3096 3531
1594 1225
1347 1408
2689 3962
1547 1266
1143 1794
3436 3203
1201 1720
1326 1575
3397 3281
1261 1761
1922 1201
4068 3136
1839 1255
1355 1653
3194 4015
1717 1336
1549 1458
2837 4761
1603 1427
1273 1848
4797 3120
1393 1749
1518 1627
3804 3660
1308 1940
1582 1557
4573 3288
1587 1558
1559 1594
3164 4595
1465 1722
1889 1362
3404 4188
1612 1553
1683 1515
4295 3476
1514 1702
1283 2049
3415 4230
1640 1549
1315 2025
3775 3824
1336 2004
1536 1730
3390 4307
1574 1692
1456 1826
5227 3084
1384 1946
1572 1726
3585 4220
1802 1509
1731 1584
4287 3678
1567 1790
1502 1888
3613 4318
1504 1893
1805 1587
3388 4612
1707 1703
1258 2351
4539 3630
1674 1762
1791 1670
4243 3852
1524 1952
1354 2365
4376 3917
1503 2095
1681 1898
5381 3403
1495 2166
1918 1686
4602 4019
2205 1490
2078 1592
4386 4507
1525 2241
1441 2446
4193 4682
2021 1774
1643 2173
4125 4762
2458 1566
2071 1796
5038 4062
1570 2377
1609 2329
4025 5019
1977 1897
1783 2152
3694 5689
1644 2305
2088 1818
4436 4892
2409 1647
2317 1721
5245 4261
1387 2919
1866 2105
4259 5249
1586 2487
2225 1800
5843 3932
2521 1648
1694 2396
3982 5629
2036 1971
1697 2408
5792 4115
2420 1746
2027 2003
4875 4983
1557 2639
1798 2308
4114 5727
1765 2348
1882 2221
4892 5005
1711 2477
1822 2394
5974 4249
1831 2385
2322 1951
5449 4688
2192 2107
1766 2684
6913 3869
2330 2011
1598 3018
5094 5094
1668 2878
2028 2282
4697 5475
2384 2019
1795 2700
5904 4564
2902 1786
1931 2462
6083 4485
2209 2188
2276 2156
5831 4678
1684 3037
1968 2486
5357 5298
1909 2607
2100 2341
4739 5988
1991 2524
2164 2333
5819 4955
1928 2678
2015 2547
4956 5815
1927 2713
2157 2415
4925 5886
2218 2359
2817 1991
4545 6466
2914 1970
2023 2626
5290 5592
2781 2062
2446 2290
6108 4940
2722 2135
2529 2259
4997 6114
1951 2867
2215 2576
5037 6081
2204 2598
2462 2441
5751 5276
2514 2445
3110 2130
5112 6017
2068 2962
2336 2610
5510 5510
2639 2424
2115 2955
5630 5449
2206 2922
2383 2763
5478 5693
2708 2474
2087 3121
5849 5371
2612 2570
2665 2544
6580 4918
2643 2558
2024 3341
5724 6036
2070 3247
2511 2735
6869 5355
3243 2267
2335 2996
6497 5568
3055 2399
2187 3176
5595 6565
2545 2776
2203 3172
5024 7573
2953 2483
3755 2077
6744 5551
3328 2274
2260 3227
8358 4672
3461 2260
2926 2615
7124 5474
3419 2318
2394 3201
6298 6135
2361 3243
2809 2807
5524 7097
2644 3004
2200 3519
7288 5638
3281 2529
3234 2627
6612 6222
2726 3076
2494 3355
6695 6159
2277 3613
2772 3075
7326 5729
4205 2213
2524 3343
6364 6640
2929 2965
2378 3522
7451 5862
2747 3167
3936 2352
7834 5626
3844 2418
2188 3896
6269 7073
3206 2855
4380 2252
6420 6980
2165 4017
3522 2611
6040 7612
4054 2361
2547 3471
6845 6769
3208 2904
3151 2985
6865 6872
2471 3590
2561 3548
7668 6227
3241 2968
3235 3019
8229 5792
3291 3007
3890 2583
7151 6677
2399 3994
3916 2629
7586 6385
3650 2795
3003 3358
7042 6893
3488 2903
3487 2917
6878 7124
3494 2971
3269 3171
7158 6916
3383 3062
2633 3794
7425 6826
2955 3462
3137 3356
7379 6869
2731 3708
2802 3691
8135 6398
2975 3527
2339 4445
6933 7572
3076 3465
2859 3694
8246 6388
3298 3298
3108 3526
8126 6549
2622 4101
4318 2719
7053 7643
4279 2741
4742 2545
8004 6934
3000 3682
3605 3163
7872 7078
4200 2833
2671 4234
7225 7678
3111 3693
2889 3938
7478 7522
4652 2686
2900 3963
7814 7515
3928 3058
2743 4181
7369 7906
3184 3669
3877 3142
8350 7094
3360 3507
4454 2871
8306 7637
2810 4239
2750 4369
3083 3890
3098 3887
4670 2843
4017 3170
4460 2969
4832 2813
3499 3547
4241 3098
3015 4208
4342 3089
3277 3831
3576 3545
3477 3641
4711 2951
4523 3042
5309 2694
4388 3112
3660 3528
3263 3939
2790 4654
4175 3240
2927 4488
3480 3701
3622 3608
3878 3452
2868 4699
4643 3094
2807 4828
3459 3817
2934 4634
3881 3504
3023 4508
3095 4463
5466 2840
3262 4368
2818 5075
4645 3268
4155 3486
4555 3334
3157 4603
2756 5310
4637 3346
3975 3679
2869 5158
4752 3309
3586 4057
3330 4427
3359 4391
3574 4171
3654 4131
3310 4608
3247 4753
3123 5012
4755 3421
3274 4751
3631 4235
3414 4499
4566 3520
3968 3883
3869 3991
3887 3990
3593 4346
3032 5210
3761 4156
4242 3760
4264 3789
4077 3945
5340 3295
4051 4006
3962 4121
3408 4815
3382 4886
3193 5267
2977 5670
3051 5542
3963 4252
5359 3375
4984 3560
3443 4883
3894 4408
4387 3967
4284 4049
4055 4282
4076 4275
3552 4861
3318 5238
4570 3888
4042 4352
3449 5040
4673 3839
3748 4675
3021 5917
3743 4713
3842 4641
3731 4774
5239 3580
4640 3930
4701 3884
4459 4108
4493 4111
5280 3600
5469 3500
3314 5454
3457 5229
4089 4498
3728 4900
3699 4936
3772 4870
4407 4295
4881 3907
4212 4481
4819 3976
5054 3838
6226 3322
4069 4649
3306 5721
4038 4714
4630 4245
5165 3826
4991 4016
3187 6267
4108 4773
5077 4061
5860 3598
4213 4810
4508 4585
3702 5402
4927 4273
5752 3695
5825 3686
4238 4908
4780 4454
4960 4367
5505 3878
5499 3918
3799 5495
3615 5794
5270 4153
5887 3744
4235 5045
3534 5994
4036 5262
4693 4667
4562 4803
5713 3848
4434 4931
5132 4338
4726 4669
4450 4933
4937 4529
4842 4635
5355 4247
5649 3996
3710 5900
4891 4656
5405 4238
5372 4277
5225 4406
5230 4422
4252 5290
4203 5352
4190 5372
4976 4731
5566 4221
4500 5170
4370 5294
3759 6099
3956 5773
5640 4197
5950 4037
5507 4385
4716 5091
4082 5726
4744 5067
4476 5336
4949 4927
5203 4701
4805 5071
3858 6205
4985 4956
6264 3985
4445 5468
4023 5999
5134 4848
4372 5593
6192 4128
6251 4092
6016 4292
5514 4643
4334 5779
6086 4293
5420 4791
5303 4923
4679 5525
5208 5049
6363 4223
4918 5343
4772 5477
4992 5311
4307 6096
5519 4833
5757 4659
4834 5496
4115 6430
4827 5520
4781 5597
4577 5871
5835 4670
4975 5448
5512 4959
6290 4440
7152 4010
6881 4172
3668 7642
5633 4999
4607 6120
6115 4712
4237 6693
4498 6317
7075 4214
4703 6071
5380 5328
4663 6160
5750 4995
6474 4566
6429 4591
5504 5221
5923 5027
3953 7608
5322 5546
4789 6216
5681 5230
6610 4653
6392 4778
5434 5479
5985 5051
4468 6836
4687 6539
5534 5453
5897 5182
7056 4519
7456 4372
7274 4457
8139 4088
5628 5500
6529 4935
5905 5386
5671 5580
5330 6012
5210 6173
5075 6410
7329 4630
7208 4693
5344 6085
6246 5241
5448 5987
5080 6584
7320 4748
4936 6899
4792 7169
5895 5660
5501 6092
5599 6056
5650 6003
7868 4627
7134 4997
5256 6638
7240 4964
5236 6681
4759 7472
7615 4812
5444 6429
5801 5977
5884 5894
5125 6943
5249 6749
6352 5501
5061 7121
7133 5092
6056 5775
5417 6571
6756 5333
6951 5225
7047 5179
5858 6076
5407 6684
5266 6912
5614 6350
7368 5068
6457 5573
5400 6753
5822 6179
5832 6181
6496 5605
5547 6620
8435 4303
5632 6545
8264 4708
5921 6251
5848 6321
6110 6113
5677 6581
7054 5410
5591 6832
6266 6077
7559 5255
5542 6989
6419 6020
7517 5319
6471 5996
7873 5164
7387 5409
6293 6192
5926 6632
5315 7550
6930 5743
6628 5986
5369 7501
5503 7261
5715 6947
8222 5028
7651 5422
6825 5945
8030 5248
6796 5989
7748 5384
6288 6468
6502 6333
7689 5521
5565 7503
5853 7128
7493 5665
6109 6886
6087 6913
5998 7054
7864 5559
7212 6001
5597 7690
6180 7030
7572 5850
6816 6470
6286 6995
5683 7742
5908 7512
7108 6283
6255 7114
5761 7696
7139 6281
6465 6936
8190 5536
6516 6908
6165 7329
6831 6623
8097 5661
6621 6907
6656 6870
7205 6415
8273 5589
7278 6437
6366 7315
6501 7191
7048 6645
7192 6552
6644 7081
8067 5922
7119 6680
6602 7225
6459 7367
7948 6133
6943 6969
8192 5923
7200 6796
6331 7685
6935 7136
8149 6074
6318 7723
6727 7376
6118 7888
7289 6858
7058 7120
8364 5887
7612 6721
6482 7734
7021 7267
7843 6573
6699 7656
6833 7560
8351 6100
7268 7304
8280 6352
7937 6791
7881 6910
7362 7485
7431 7452
6839 7852
8432 5978
8131 6898
8355 6526
7607 7521
7241 7785
7693 7492
8012 7244
7220 7815
8262 6935
7582 7704
8169 7185
7717 7651
8238 7130
7836 7568
7816 7601
7325 7877
8316 7034
8065 7507
7353 7932
8111 7513
8210 7654
8340 7520
8158 7878
8352 7716
