769617110 1159754689
1
sift 88
45 448
4 63
7 73
410 3641
9 157
43 492
121 1139
21 250
26 319
151 1351
126 1171
35 378
36 408
149 2063
141 1430
40 404
41 400
168 1553
238 1022
63 634
60 873
251 2797
193 3718
72 796
101 1034
296 2684
209 3356
103 1063
95 1736
329 3807
265 1828
110 1101
116 980
321 4532
298 2802
122 1661
147 1311
361 3503
349 6024
157 1949
169 2004
358 4510
418 3866
215 1787
178 3673
392 5363
426 4368
239 2513
244 2517
430 5019
446 4586
229 3599
237 3509
434 5319
628 5157
257 2811
254 4791
433 6231
600 5999
281 3005
308 2238
445 5724
680 6066
286 3827
295 3857
508 4180
696 6683
326 2850
271 6169
517 6537
303 3875
323 3273
518 7085
327 3264
333 5368
675 5905
381 4212
375 6171
718 6707
424 5160
453 5494
820 4618
471 6203
481 5932
2833 5270
581 5454
568 6425
3362 6365
769617110 1429073379
1
sift 116
43 381
4 35
7 44
410 3063
21 198
151 1188
126 841
36 271
427 3014
35 311
149 1727
121 930
41 234
510 3631
40 308
168 1467
141 977
48 399
574 4368
63 386
161 1935
265 1402
64 465
60 676
296 2533
209 2916
50 1205
72 513
321 3176
338 2322
95 624
101 796
392 2412
351 3212
116 749
110 900
433 3834
349 4629
109 1224
122 1210
430 4302
418 3493
147 1004
169 1528
445 4584
426 3588
173 1520
178 2001
508 3504
446 3948
215 1525
212 1685
517 3897
628 4072
206 2182
229 1873
686 4706
603 5038
237 1738
250 1729
723 5606
696 4278
246 2157
239 2383
762 7190
656 6040
244 2316
280 1617
788 7034
681 6265
257 2905
281 2341
883 6887
818 6705
303 2127
286 2718
302 2496
271 3904
295 3137
306 2944
327 2661
355 3013
381 3326
425 2722
424 4064
448 3801
441 4232
447 4089
451 4243
494 3890
471 4709
488 4427
491 4635
473 5211
502 5055
564 3694
581 4217
545 6006
568 5634
559 6201
648 5136
674 5080
643 5811
609 6488
620 6502
645 6208
670 6087
700 6443
701 6592
744 6810
747 7005
813 6691
1005 5844
958 6526
1104 7145
1657 5354
769617110 1537327672
1
sift 341
43 133
4 14
5 16
121 339
7 17
151 486
126 352
21 66
135 371
22 73
168 425
141 382
36 96
147 384
41 81
149 636
209 818
35 107
212 669
40 113
161 688
199 964
48 156
242 663
63 125
243 595
298 1007
64 174
250 730
60 228
251 919
351 1112
72 207
301 828
50 391
258 1100
418 1302
76 262
286 991
95 259
296 1010
426 1559
82 343
427 1248
87 354
331 1213
548 1979
102 322
410 1350
101 327
321 1252
600 1695
109 329
494 1533
116 315
430 1463
628 2040
110 349
412 2304
118 398
434 1568
696 2302
120 444
574 1731
122 430
445 1527
681 2506
150 381
631 2043
146 618
433 1861
711 2607
173 532
596 2303
169 587
517 1681
595 3467
181 648
610 2447
211 603
521 1777
742 2729
186 860
670 2324
191 846
518 2089
677 3379
215 678
918 2132
179 975
508 2268
707 3286
229 739
876 2448
237 699
532 3432
926 3260
270 566
717 3957
239 866
675 2537
1418 2241
241 868
906 2637
244 894
788 2064
945 3579
268 980
849 2962
257 1097
586 3629
941 3886
308 820
927 2938
280 947
723 2593
973 4116
281 979
915 3026
317 874
756 2769
1098 3558
303 933
920 3234
288 1060
922 2333
1091 3872
274 1268
971 3303
271 1325
855 2598
1233 3882
326 943
974 3523
302 1064
821 3434
1243 4142
275 1392
1121 2879
306 1147
896 3320
1297 4238
323 1098
965 3675
292 1348
998 2930
1320 4585
327 1109
985 3737
340 1025
1045 2816
1453 4513
380 976
891 4407
369 1262
947 3459
1488 4908
381 1198
1083 3808
313 1738
1021 3232
1457 5439
367 1490
1145 3708
376 1653
1053 3168
1440 5670
366 1804
1182 4178
440 1474
954 4488
1884 5411
424 1610
1286 4226
469 1443
1120 3756
441 1550
1280 4350
448 1524
1011 4574
447 1624
1436 3910
453 1693
1348 4098
481 1757
1458 4067
502 1645
1420 5046
513 1599
1422 4354
471 1944
1495 5022
473 1989
1509 4203
491 1946
1734 4457
437 2644
1360 4708
478 2319
1525 5605
581 1607
1318 5031
533 1988
564 1855
1340 4949
530 2090
649 1689
1723 3908
559 2174
568 2114
2126 3298
674 2002
643 2189
1511 4948
608 2339
547 2987
1566 5144
620 2581
715 2145
1493 5646
645 2550
662 2430
1662 5140
590 2849
539 3943
1727 4927
657 2660
701 2425
1596 5509
700 2442
678 2684
2009 4458
741 2456
612 3419
1930 5269
747 2515
822 2149
2092 5231
704 3024
764 2765
2365 5137
689 3431
722 3055
2170 5644
713 3336
798 2748
744 3262
812 2862
886 2613
782 3210
930 2427
809 3074
771 3644
959 2512
784 3503
803 3242
851 2892
830 3072
931 2742
800 3581
814 3500
838 3448
831 3563
910 3097
843 3577
881 3415
890 3405
1104 2592
900 3608
916 3470
901 3700
952 3345
982 3230
953 3394
946 3522
914 3742
857 4214
866 4260
1013 3554
1014 3656
1048 3486
1084 3368
829 5457
1153 3251
976 4366
978 4441
1221 3181
1057 4011
1184 3687
921 5553
1040 4570
1173 3870
1134 4148
1036 5147
1052 4880
1062 4869
1110 4512
1109 4832
1276 3978
1207 4242
1201 4636
1238 4439
1379 3991
1559 3616
1146 5388
1430 4095
1198 5338
1456 4286
1274 5249
1390 4674
1336 4984
1718 3818
1544 4246
1386 4803
1257 5524
1431 4696
1310 5429
1728 3997
1473 4886
1631 4364
1433 5083
1462 5013
1484 4893
1669 4326
1494 4901
1532 4945
1374 5592
1545 5006
1610 4975
1502 5403
1623 4998
1550 5298
1530 5526
1647 5273
1714 5455
2222 4279
1753 5658
1801 5679
1987 5698
2258 5268
2475 4897
769617110 1615100174
1
sift 54
43 588
4 80
7 93
409 4557
21 323
45 591
121 1430
26 429
36 607
151 1780
126 1455
40 495
63 857
149 2215
141 1949
60 1047
102 1245
168 1572
298 3507
101 1286
110 1314
243 1960
351 4219
116 1218
157 2220
251 3466
418 4665
169 2419
173 2182
296 3752
426 5295
178 3248
215 2053
321 3794
446 5061
244 2958
229 5337
358 5219
628 5239
237 4651
288 3394
517 3893
603 6043
309 3383
286 4884
597 6301
319 3328
323 3732
686 6155
303 5001
327 3964
820 5449
381 5247
581 5199
769617110 1750469169
1
sift 98
43 396
4 39
7 54
141 949
21 213
127 1059
105 702
36 315
427 2956
48 448
149 1715
126 847
63 399
510 3910
64 500
168 1548
121 969
72 583
574 4455
95 712
161 2245
199 3034
101 904
628 5533
110 919
296 2522
209 2742
122 1255
147 1057
430 4575
298 2117
173 1486
169 1752
445 4579
338 2783
187 1868
178 2983
517 3940
351 2677
215 1587
220 2264
521 3818
426 3827
250 1765
241 2243
508 4189
446 4100
237 2320
244 2633
548 5203
257 2582
280 2282
603 5165
281 2482
286 3157
600 5788
271 4279
302 2748
681 5939
303 2792
326 2686
711 6625
306 3504
333 2827
818 7023
327 2961
355 3216
941 7069
369 3475
384 3299
367 3719
381 3388
375 3757
425 2766
424 3956
448 3838
441 4017
440 4269
447 4365
451 4571
494 4092
453 5055
454 5886
487 5195
502 5322
581 4452
568 5157
564 5341
547 6854
733 4891
620 7076
643 6784
670 6714
700 6464
701 6428
918 6852
958 7163
3202 6355
769617110 1928484021
1
sift 1031
23 42
121 206
3 9
67 94
141 223
7 10
37 56
126 205
9 16
336 592
147 256
24 36
43 69
194 291
26 45
351 572
199 338
32 46
127 200
209 345
36 51
446 774
214 344
41 50
148 236
265 380
35 59
508 783
286 447
40 62
168 228
298 506
48 74
521 817
345 456
47 89
151 246
312 638
50 96
532 973
349 623
60 88
161 286
391 597
63 87
597 935
409 631
61 98
175 349
418 656
58 135
696 998
426 666
75 95
216 266
514 829
72 106
756 1125
538 823
76 112
218 346
582 773
89 115
859 1414
524 976
78 141
234 340
583 903
86 128
926 1489
603 910
82 157
217 410
650 949
94 137
1045 1607
628 1037
95 145
249 386
604 1010
101 173
1047 1772
703 956
110 181
243 395
672 1007
109 192
1053 1770
594 1113
116 188
251 429
735 938
120 184
1283 1822
670 1001
137 240
258 424
656 1054
146 230
1229 2062
680 1067
142 250
276 425
681 1087
150 231
1099 2465
615 1266
156 238
296 503
711 1100
159 242
1348 2076
578 1471
134 322
329 559
658 1227
153 279
1321 2462
742 1133
167 271
361 562
707 1121
173 260
1453 2335
752 1126
169 278
335 704
730 1325
165 298
1488 2655
717 1421
181 285
350 691
818 1351
185 308
1778 2265
764 1312
178 337
371 665
786 1458
179 351
1558 3000
785 1384
186 335
311 912
770 1551
191 336
1754 2808
913 1269
205 331
408 680
962 1360
188 373
1896 3138
979 1392
211 321
430 703
858 1729
201 358
1892 3359
965 1480
212 352
434 702
1049 1535
215 365
2236 3315
967 1487
221 360
445 715
973 1888
206 387
2513 3848
971 1601
207 388
476 753
1098 1784
229 368
2637 3648
891 1921
253 375
505 795
1091 1957
237 392
2585 4275
1136 1901
241 396
517 793
1243 1711
259 372
2792 3979
1270 1755
239 406
518 812
1323 1742
220 448
2753 4393
1233 1891
250 401
534 847
1296 1828
247 408
2719 4726
1223 1947
270 379
526 948
1181 2116
244 436
2707 4871
1267 2053
279 385
549 930
1320 2127
306 366
3262 4559
1176 2427
280 398
576 917
1375 2232
268 434
1240 2350
263 453
560 945
1655 1934
257 496
1504 2108
275 489
484 1270
1457 2223
281 487
1360 2466
308 451
589 934
1306 2743
271 539
1389 2428
272 537
586 951
1440 2680
274 534
1298 2673
293 493
1019 648
1418 2893
288 510
1551 2637
310 513
675 893
1973 2306
333 511
1746 2483
305 576
669 925
1643 2952
327 570
1560 2828
337 547
621 1061
1782 2681
295 651
1731 2947
313 615
630 1191
1938 2691
320 600
1884 2796
318 627
729 1083
2061 2676
380 552
1740 3369
375 565
723 1097
2131 3047
314 699
1929 3135
370 586
774 1036
2402 3093
366 619
2065 3044
355 637
743 1123
1959 3772
376 620
1939 3249
381 622
699 1317
2240 3341
425 598
2068 3355
403 654
758 1153
2080 4062
429 626
2009 4063
414 660
762 1197
2458 3363
424 673
2052 4041
413 751
825 1101
2427 3504
448 714
2189 3801
415 764
745 1341
2201 3978
441 723
2431 3644
440 737
855 1119
2210 4257
447 731
2345 3940
469 720
751 1447
2536 3628
420 777
2899 3233
474 732
789 1339
2235 4596
466 756
2409 4185
437 785
787 1430
2161 4859
494 730
2421 4518
482 771
848 1651
2625 4212
470 790
2667 4238
477 781
947 1514
2737 4351
535 700
2823 4191
473 809
933 1528
2744 4387
496 788
3439 3795
502 775
1162 1298
3269 4304
491 800
3090 4515
481 843
1021 1499
3618 3733
506 798
3290 4698
479 861
984 1605
3424 4720
512 815
444 946
821 2096
487 882
513 887
988 1618
533 838
522 878
1106 1609
543 832
555 802
1155 1575
530 862
504 947
1067 1849
731 669
529 900
994 2089
499 985
581 807
1060 1925
545 895
564 844
1142 1884
528 939
570 845
1156 1853
553 919
736 725
1352 1771
606 834
559 914
1308 1845
525 999
547 964
1200 2147
551 970
568 928
1253 2102
539 1016
599 901
1527 1984
666 836
593 922
1853 1763
598 940
710 854
1415 2275
619 982
643 971
1420 2385
623 996
617 1018
1611 2181
733 879
620 1006
2322 1619
587 1069
674 959
1393 2618
590 1092
631 1032
1495 2452
612 1080
608 1090
1564 2485
662 1014
693 990
1556 2497
640 1099
698 1048
1525 2579
645 1151
715 1041
1689 2375
701 1085
649 1239
1542 2706
657 1210
626 1287
1898 2176
691 1146
719 1122
1591 2663
689 1217
655 1320
1817 2339
700 1176
585 1513
1531 2878
714 1174
741 1132
1593 2841
747 1238
704 1399
1613 2801
738 1350
765 1275
1651 2889
613 1706
637 1631
1661 2848
783 1232
930 1004
1742 2732
713 1468
778 1293
1857 2531
780 1324
651 1712
1978 2390
772 1373
782 1381
1863 2747
834 1226
784 1390
1815 2907
803 1355
878 1185
1986 2654
809 1352
775 1437
1968 2712
876 1202
798 1395
2001 2725
812 1372
845 1272
1819 3114
931 1141
838 1345
2024 2856
898 1234
814 1434
1476 4317
800 1486
830 1419
2023 3099
866 1361
918 1258
1913 3274
822 1455
959 1273
2542 2475
865 1439
872 1442
2020 3199
795 1606
904 1391
2117 3139
844 1495
835 1529
1920 3451
850 1483
953 1340
1974 3393
888 1436
771 1808
1966 3655
829 1567
937 1376
2060 3706
831 1559
934 1407
2085 3787
881 1553
857 1596
2424 3284
900 1537
916 1520
2444 3383
867 1617
938 1503
2442 3521
982 1475
910 1565
2683 3297
921 1564
1058 1418
2548 3649
983 1534
911 1649
2331 4110
966 1555
1121 1375
2284 4344
1013 1524
978 1591
2410 4030
886 1841
943 1698
2332 4193
1104 1473
957 1694
2729 3605
975 1659
996 1611
2283 4648
901 1851
946 1726
2655 3884
903 1865
1107 1498
2318 4768
925 1839
912 1898
2613 4173
951 1795
974 1762
3080 3722
969 1820
1066 1612
2872 3957
935 1933
1069 1653
2974 3949
1048 1701
1006 1812
3037 4478
1028 1776
1074 1679
3212 4582
1057 1738
1059 1733
3015 4790
1024 1825
1008 1858
3110 4766
1027 1850
1014 1873
3545 4281
1023 1869
1211 1543
3529 4428
1101 1752
1010 1966
3251 4885
948 2154
1026 2019
1145 1724
1018 2063
940 2227
1088 1889
1127 1843
1070 1983
1052 2031
1123 1866
1245 1645
1086 1968
1063 2034
1244 1673
1134 1887
1207 1737
1148 1862
1201 1767
1071 2075
1001 2261
1062 2157
1197 1856
1114 2061
1209 1872
1266 1833
1166 2030
1146 2071
1140 2139
1213 2009
1339 1846
1280 1950
1238 2021
1022 2653
1268 1987
1341 1914
1153 2246
1250 2087
1188 2198
1274 2074
1316 2007
1275 2080
1309 2045
1186 2241
1501 1813
1282 2117
1179 2323
1129 2516
1254 2194
1300 2141
1669 1719
1401 2016
1326 2119
1299 2174
1161 2455
1064 2846
1220 2316
1203 2364
1265 2258
1310 2202
1224 2359
1138 2626
1367 2126
1355 2148
1456 2024
1302 2243
1286 2274
1390 2130
1379 2153
1687 1821
1368 2173
1202 2517
1337 2236
1235 2450
1371 2220
1236 2487
1362 2253
1301 2383
1386 2228
1450 2160
1278 2443
1385 2244
1370 2270
1502 2107
1468 2169
1373 2290
1344 2365
1172 2834
1544 2120
1548 2123
1217 2703
1358 2373
1403 2309
1363 2382
1248 2685
1471 2267
1332 2540
1462 2298
1522 2237
1433 2381
1464 2338
1524 2269
1454 2361
1376 2505
1405 2470
1189 3040
1227 2914
1291 2762
1431 2453
1530 2334
1478 2411
2243 1708
1667 2250
1477 2536
1554 2406
1493 2501
1562 2409
1547 2454
1505 2532
1610 2422
1427 2735
1447 2700
1535 2562
1513 2599
1515 2597
1511 2611
1472 2701
1514 2615
1657 2423
1706 2347
1594 2542
1465 2748
1545 2610
1336 3101
1452 2825
1490 2765
1335 3190
1520 2760
1599 2634
1537 2737
1718 2421
1565 2716
1725 2436
1715 2447
1539 2763
1579 2741
1491 2900
1585 2740
1582 2756
1712 2543
1620 2708
1622 2709
1559 2826
1647 2682
1550 2872
1888 2285
1664 2689
1709 2605
1662 2726
1612 2827
1641 2804
1727 2628
1658 2797
1568 2977
1636 2830
1628 2876
1785 2552
1672 2779
1681 2786
1676 2823
1936 2379
1928 2401
1931 2404
1827 2571
1703 2833
1639 2993
1631 3025
1619 3054
1705 2881
1714 2847
1728 2837
1753 2839
1890 2594
1792 2898
1774 2940
1772 2948
1861 2775
1713 3125
2081 2496
1765 3024
1761 3057
1790 2984
1859 2863
1824 2953
1699 3241
1791 3031
1710 3228
1809 3028
1814 3073
1650 3400
1834 3022
1773 3164
1721 3287
1840 3061
1584 3642
1998 2845
1684 3472
1758 3295
1625 3665
1914 3043
1967 2931
1903 3075
1933 3007
1777 3306
2104 2761
2031 2895
1906 3097
2461 2374
2066 2858
1813 3289
1735 3448
2018 2933
2025 2932
2154 2758
1916 3166
2034 2980
1752 3475
1858 3264
1994 3045
2072 2963
1984 3107
1846 3331
1882 3275
2098 2943
1987 3133
1877 3296
1970 3163
1764 3564
2259 2819
1908 3321
1969 3222
2244 2851
1926 3313
1769 3725
1980 3273
1883 3441
2251 2920
2038 3254
2315 2865
2153 3140
2130 3192
2015 3332
1977 3373
2350 2891
1991 3406
1720 4211
1981 3442
1750 4114
1823 3856
2133 3258
1962 3513
2258 3145
1941 3575
2347 3002
2494 2844
1989 3543
1811 4075
1971 3607
2014 3544
2058 3471
1878 3875
2005 3597
2073 3483
2560 2855
2276 3260
2041 3611
2102 3494
2140 3466
1995 3775
2378 3176
2075 3633
1864 4175
2078 3631
1925 3984
1979 3855
2123 3643
2176 3562
1955 4059
2474 3211
2511 3174
2288 3459
1951 4120
2264 3520
2064 3913
2572 3131
2110 3819
2167 3724
2234 3627
2091 3925
2287 3565
2321 3487
2408 3375
2224 3738
2212 3783
2309 3585
2256 3784
2616 3231
2285 3746
2522 3347
2174 4012
2231 3923
2333 3678
2271 3844
2396 3586
2290 3822
2302 3800
2362 3662
2280 3914
2248 3975
2720 3225
2382 3687
2207 4084
2232 4046
2376 3734
2219 4137
2119 4430
2403 3762
2324 3900
2310 3947
2479 3646
2013 4714
2470 3676
2419 3778
2169 4378
2908 3173
2335 3946
2400 3880
2383 3931
2524 3690
2432 3907
2465 3871
2126 4676
2314 4222
2346 4117
2312 4295
2108 4775
2475 3985
2228 4622
2338 4318
2467 4025
2356 4325
2509 4023
2630 3777
2305 4548
2468 4127
2445 4186
2817 3536
2472 4135
2656 3767
2328 4513
2540 4020
2412 4361
2577 3956
2699 3752
2026 4882
2473 4408
2723 3843
2527 4274
2417 4576
2433 4569
2611 4145
2496 4474
2930 3668
3002 3593
2803 3876
2488 4567
2480 4584
2778 3963
2777 3986
2593 4421
2484 4668
2453 4739
2635 4405
2384 4831
2571 4605
2576 4627
2677 4422
2725 4352
2555 4707
2663 4520
2783 4306
2554 4729
2469 4839
2844 4360
2661 4679
2898 4285
2790 4491
2977 4149
2822 4506
2653 4741
2991 4214
2709 4674
2679 4737
2851 4517
2807 4599
3088 4155
2846 4620
3014 4356
2789 4721
2646 4843
3260 4029
3095 4322
2984 4592
2840 4758
3508 3868
2945 4759
3307 4319
2813 4860
3416 4221
3113 4678
3258 4498
3407 4335
3281 4550
3597 3942
3187 4687
3219 4722
3372 4591
3356 4626
3297 4705
3499 4457
3586 4423
3238 4850
3413 4801
3309 4854
3590 4594
3574 4813
3562 4867
