858943217 1472528885
1
sift 138
528 265
418 197
126 148
602 526
345 153
527 267
518 196
254 260
644 528
379 207
873 302
817 404
393 274
714 593
752 362
725 469
1705 475
705 394
1586 1244
799 369
751 471
1529 676
713 514
3505 2629
939 441
1121 476
2156 722
1037 762
3666 3432
1399 653
1048 1060
2123 1236
1262 857
5330 4686
1269 906
1481 1024
3275 943
1884 784
4459 6295
1123 1317
2069 1050
2469 1282
1259 1209
4991 6284
1332 1295
1914 1144
3549 1028
2029 953
5128 6429
1782 1086
1940 1419
6539 1368
1540 1415
1408 1550
2321 1911
5287 1780
1548 1433
2082 1500
3847 1439
4660 1954
1605 1987
2037 1775
2664 1923
4469 2430
4824 2146
2727 2079
3466 2023
5512 2136
5271 4145
3519 2011
3919 1907
5326 2256
9112 2801
3599 2225
3531 2543
6796 1944
8193 3639
4085 2328
4201 2983
6377 2239
7191 4958
4465 3331
6297 2518
5121 3085
5323 7138
6809 2454
5632 2881
4701 3536
6236 6887
4849 3446
6671 2590
9188 2411
6460 6795
5912 3226
4341 4338
7842 2662
6057 7790
4809 4092
5236 3985
9712 2432
6545 7385
4060 5567
4213 5576
7923 3258
7094 6998
6369 3712
7353 3300
9009 3006
7151 7400
7384 3549
7719 3632
8677 3204
7717 6885
7312 3759
8172 3605
9011 3577
9390 3550
8057 4159
9127 3651
8981 4025
7435 4638
8009 4331
7982 5123
8473 4925
8217 5122
5824 7668
9590 5140
8874 5823
8873 6168
7207 7850
8041 7240
8745 6984
8004 7858
7605 8315
9491 6789
7941 8304
7268 8734
9213 8038
858943217 1724217577
1
sift 65
111 87
126 120
393 279
644 365
479 320
651 395
714 437
980 613
1399 453
1481 568
1123 887
1427 974
2664 1065
1259 1247
1548 1093
3847 1136
1540 1168
2082 1327
3919 1138
2037 1426
3519 1249
2714 1670
3438 2006
3774 1399
3505 1742
4042 2821
4221 1632
4201 2036
5222 3866
5912 1639
4341 3029
5278 3916
5236 2615
8906 1904
5323 4081
5265 2848
8473 2108
8193 2855
5330 2944
4459 3753
5473 4875
6427 3634
4213 5870
6057 5595
8332 2983
5128 4972
8719 4206
7627 3681
8636 3655
7094 5173
7688 4029
9491 3973
7920 5205
8055 4528
8041 5348
9027 4942
7777 5732
7207 6169
8532 5465
7151 6304
7268 6226
9721 5090
7605 6243
7941 6145
8004 6151
858943217 1911602604
1
sift 1831
19 26
108 135
6 10
38 45
16 24
9 12
111 159
145 165
11 14
81 128
156 162
35 29
160 208
265 279
39 28
112 156
152 236
40 41
240 374
234 345
45 54
126 161
166 300
65 66
293 364
249 351
68 65
139 185
168 302
66 73
314 389
280 332
62 89
226 325
206 262
69 82
496 554
328 477
72 87
215 356
236 310
79 86
484 610
346 486
76 93
275 424
305 366
71 98
527 688
385 433
74 99
325 470
274 430
77 100
570 774
392 487
82 95
352 550
345 489
91 102
507 915
408 546
85 110
424 517
426 427
101 104
762 798
437 564
97 109
459 939
381 491
98 112
725 849
480 562
107 117
562 766
380 508
124 116
707 1067
494 555
123 126
586 744
432 478
138 123
1048 1132
498 553
122 153
647 821
466 603
104 252
978 1227
465 636
155 138
705 801
439 667
141 163
988 1248
493 616
133 184
683 838
467 615
189 134
1039 1270
508 607
125 271
742 914
427 721
153 222
1166 1309
472 675
188 175
682 1053
461 659
187 194
1120 1670
609 631
202 202
684 1074
516 628
194 309
1305 1419
521 777
208 274
883 1065
560 575
192 327
1169 1671
574 686
231 259
970 1113
522 627
237 263
1277 1583
544 751
270 231
1184 1190
556 641
232 281
1269 1667
728 572
220 304
1123 1495
523 730
255 266
1282 1657
590 805
272 269
980 1877
539 757
273 307
1224 1813
703 802
245 339
1037 1869
617 698
243 352
1419 1803
680 820
308 284
1262 1603
660 747
254 382
1392 2202
743 803
257 391
1259 1637
641 790
268 390
1641 1994
737 902
227 447
1197 1811
580 891
304 361
1570 2254
727 932
259 436
1582 1509
679 906
330 358
1675 2197
820 883
262 449
1408 1876
716 935
324 373
1769 2196
670 1225
363 348
1538 1871
695 1009
295 460
1765 2263
851 1008
309 444
1605 1897
818 882
292 482
1805 2334
672 1468
310 457
1427 2121
798 1092
347 411
1725 2811
857 1120
331 442
1540 2043
912 947
264 551
1939 2453
756 1312
320 484
1401 2330
1052 1121
341 445
2002 2409
1015 1019
397 395
1729 1881
1028 1152
355 419
1758 3020
1035 1046
362 413
1551 2304
941 1276
372 408
2050 2810
1068 1252
329 496
1600 2284
945 1287
376 416
2283 2614
1086 1240
378 421
1548 2411
987 1289
349 466
2317 2749
1093 1269
367 431
2061 2601
1062 1327
350 469
2117 3163
1135 1291
388 426
2246 2389
974 1449
371 506
2321 2959
1110 1331
410 459
1749 3213
1108 1359
463 418
2660 2684
1236 1422
373 520
2278 2360
1168 1342
440 473
2553 2865
1194 1565
390 523
2037 2731
1204 1314
364 571
2110 3501
1229 1571
425 510
2373 2600
1081 1477
433 527
1962 3882
1278 1531
457 499
2200 3373
1034 1615
512 462
2330 3298
1478 1355
422 577
2425 3100
1116 1512
456 533
2342 3374
1250 1720
396 670
2269 3448
1212 1570
434 654
2764 2908
1423 1527
445 632
2304 3400
1412 1475
481 590
2370 3479
1450 1523
487 587
2488 3173
1318 1624
529 532
2361 3614
1525 1479
462 617
2731 3141
1102 2117
490 597
2726 3150
1498 1508
477 618
2631 3430
1448 1520
559 545
2560 3628
1426 1607
469 664
2714 3436
1421 1645
545 568
2730 3838
1396 1749
468 690
2459 4145
1322 1878
563 583
2706 3954
1451 1689
509 639
2508 4368
1581 1568
500 669
2565 4390
1440 1731
520 660
2648 4047
1505 1682
441 812
2582 4456
1327 1937
549 630
2737 4144
1395 1893
502 708
3363 3236
1368 1946
524 680
3052 3667
1445 1904
533 673
2937 3877
1598 1853
526 726
2768 4350
1644 1784
597 661
2930 3977
1534 2130
567 717
2878 4099
1473 2055
610 666
3165 3753
1787 1844
535 787
3475 3387
1621 2065
598 704
2842 4666
1744 2002
642 658
3582 3735
1652 2037
654 657
3466 3911
1604 2327
632 683
3390 4222
1677 2053
631 691
3248 4418
1608 2401
534 828
3678 4032
1693 2092
622 709
3681 4034
1817 2152
543 834
3807 4176
1630 2535
611 735
3655 4311
1917 2105
720 633
2920 5366
1698 2438
633 722
3526 4605
1958 2107
649 723
3298 4775
1848 2270
626 749
3522 4746
1650 2663
657 769
3145 5280
1995 2102
595 855
3596 4680
1882 2255
600 897
3774 4619
1903 2271
640 873
3726 4722
1868 2426
748 775
3852 4660
2462 1947
615 957
4085 4635
2197 2204
686 866
4076 4590
1799 2692
774 804
4060 4692
2043 2449
692 872
4321 4479
2039 2391
713 880
3660 5185
2014 2617
806 794
3823 5084
2029 2493
785 860
3919 5062
2128 2553
915 779
3768 5271
1934 2701
816 850
3972 5059
2205 2469
689 1022
3971 5063
2078 2495
740 940
3393 6010
2170 2554
968 784
4213 4883
2248 2532
735 1004
3370 6401
2213 2524
709 1057
4258 4898
2055 2873
652 1198
3997 5270
1843 3196
761 979
4245 4991
2169 2781
763 981
4209 5118
3086 1996
778 976
4160 5413
2230 2764
718 1073
4343 5238
2272 2759
877 871
4006 5912
2260 2784
783 996
3633 6493
2587 2571
738 1069
3674 6713
2575 2485
867 890
3642 7029
2846 2380
734 1084
4341 5967
2437 2708
802 968
4583 5527
2503 2730
822 946
4316 6120
2086 3253
797 1007
4582 5624
2445 2817
845 960
4453 6246
3032 2264
850 972
4348 6435
2261 3232
777 1129
4790 5691
2645 2697
969 894
4364 6591
2512 3191
878 962
5076 5725
2467 2968
861 991
5344 6140
2838 2832
894 964
4601 6821
2341 3256
755 1235
5227 6367
2771 2997
898 994
4792 6908
2331 3320
938 952
5258 6383
2650 3192
957 945
4935 6949
2668 2927
944 951
5807 6059
2980 2929
947 971
5664 6494
2440 3368
865 1061
4868 7291
2790 3201
814 1161
5761 6448
2165 4007
1017 921
4794 7450
2775 3372
848 1138
4615 8207
2758 3026
929 1036
5291 7059
3872 2689
950 1026
5156 7270
2474 3622
925 1059
6731 5605
2774 3696
907 1082
5296 7398
3104 3004
963 1023
5420 7333
2949 3395
874 1118
5473 7267
3121 3209
919 1109
5383 7387
3076 3467
930 1101
5236 7722
2795 3996
924 1119
5073 8228
3732 2991
1066 988
6094 6995
3253 3319
1065 992
5840 7262
3203 3521
870 1199
5774 7330
3413 3221
990 1097
6221 7027
3613 3317
893 1244
6130 6986
3183 3504
871 1288
4915 9041
3399 3558
966 1184
5621 8092
3406 3483
1002 1154
5663 8184
3299 3675
1060 1108
5787 8044
2936 4158
1032 1163
6055 7850
3149 3960
998 1205
5609 8483
3684 3327
1114 1089
6587 7178
3335 3685
1143 1094
6349 7437
3467 3595
1150 1099
6149 7807
3461 3666
1077 1223
5799 8423
3584 3684
1118 1208
5915 8345
3940 3439
1147 1174
6558 7355
3221 4183
1058 1283
6527 7548
3571 3750
1144 1209
6962 7314
3130 4339
849 1636
6848 7544
2611 5462
1216 1144
6057 8965
2960 4578
1044 1325
6907 7706
3657 3815
1073 1293
6186 8816
3619 3761
1130 1261
6641 8302
3711 3919
1187 1204
6743 8935
3689 3693
1228 1206
6445 8966
3379 4410
1209 1232
7430 7897
2910 4807
1099 1354
6658 9104
4239 3519
1201 1250
7386 7997
3411 4190
1132 1333
8142 7621
3515 4291
1180 1304
7094 8748
3728 3875
1456 1064
6732 9508
3581 4267
1206 1300
6248 9692
3652 4025
1082 1443
7272 8915
3105 4980
1231 1281
8194 7921
4128 3707
1398 1140
7564 8747
3460 4725
1175 1369
7317 9014
3458 4607
983 1675
7254 9167
4111 4218
1040 1582
6942 9502
3733 4298
1290 1259
7531 9047
4033 4281
1055 1630
9118 7482
3638 4458
1177 1427
7474 9250
3766 4559
1091 1576
7207 9477
3521 4642
993 1790
7541 9433
4452 3847
1159 1478
7717 9379
3433 4781
1113 1552
8125 9062
4062 4328
1030 1711
8041 9359
3307 5010
1181 1467
7963 9468
3798 4610
1196 1453
8897 9457
3566 4732
1340 1290
8439 9472
4170 4326
1223 1441
8510 9689
4196 4450
1149 1569
9183 9149
3663 4915
1230 1487
9690 9377
3761 4836
1142 1631
8839 9607
4214 4432
1096 1787
4930 3717
1163 1674
9090 9526
3777 4959
1270 1518
3290 5706
1251 1560
9507 9603
4370 4473
1336 1420
3977 4853
1333 1426
4315 4584
1324 1450
4094 4776
1195 1704
3832 5652
1092 1950
3754 5141
1499 1364
4474 4850
1200 1797
3953 4944
1508 1373
3890 5891
1167 1911
4618 4346
1281 1672
4638 4830
1306 1627
3767 5766
1376 1516
4378 5189
1268 1730
4293 5048
1101 2083
4381 5400
1232 1841
4120 5445
1329 1664
3911 6307
1561 1415
4482 5003
1347 1633
4512 5249
1709 1337
4908 4871
1428 1563
4976 4858
1637 1395
4494 5619
1388 1644
4962 5053
1294 1823
4596 5617
1454 1589
4664 5644
1574 1464
4700 5585
1583 1465
4469 6101
1572 1489
4399 6358
1328 1789
4956 5487
1541 1525
5746 4784
1415 1665
4881 6184
1436 1669
4979 5354
1371 1760
4708 6572
1509 1598
4754 5714
1332 1875
5331 6046
1373 1828
5014 5418
1406 1773
5736 5730
1345 1887
4898 5747
1464 1721
3959 9221
1556 1618
4907 5759
1562 1626
5446 6211
1510 1691
4678 6270
1685 1535
5544 6186
1303 2032
4823 6241
1506 1715
5144 7092
1716 1500
5728 5212
1712 1503
6500 5660
1255 2186
5391 5732
1486 1774
5819 6422
1624 1634
4656 6869
1492 1820
5012 7369
1511 1800
5501 5777
1559 1755
6120 6111
1367 2009
5881 5500
1714 1622
5218 7411
1404 2015
5613 6374
1748 1614
5426 7391
1861 1546
5509 6508
1647 1780
6260 6874
1503 1955
4888 7271
1558 1908
7070 6206
1670 1791
5698 6347
1687 1815
7052 6327
1964 1548
5967 6183
1564 1980
6531 6879
1986 1556
5224 7047
1864 1666
7190 6542
1610 1958
5468 7015
1330 2452
6239 7901
1462 2160
5748 6866
1514 2073
6577 7481
1614 1976
6434 6119
1394 2336
6909 7136
1894 1684
5578 7084
1752 1857
7100 7113
1668 1948
4749 9002
1515 2141
6188 8400
1733 1901
6375 7188
2308 1458
8283 6385
1820 1827
7107 6618
1588 2178
6643 8636
1527 2281
5575 8981
1411 2596
7809 7227
1407 2605
6612 7365
1526 2365
6790 8906
1612 2224
6768 7240
1580 2292
6442 9638
1776 2000
5964 8864
1567 2351
7939 8020
2032 1796
6322 8386
1661 2215
7055 9083
1793 2033
6733 8291
1826 2016
7077 9082
2443 1572
5571 9680
1449 2696
6684 9566
1696 2249
6271 9232
1662 2349
7797 8397
1615 2468
7251 7743
1921 2026
7237 9111
1669 2429
7044 8065
1922 2049
7862 8563
1737 2310
7550 7646
1684 2435
8901 7838
1810 2265
7132 8176
1936 2091
9252 7594
1546 2815
6551 9169
2053 2020
8128 8929
2034 2046
8977 6779
1889 2205
7535 9950
1816 2353
6955 8640
1673 2637
8198 9324
2010 2095
7429 8000
1944 2181
8244 9282
2209 1962
6954 8702
2016 2120
8534 9226
1721 2583
7065 8663
2226 1961
8452 9955
2224 1974
6917 9235
1913 2289
8287 9521
1978 2199
7071 9269
1795 2528
8413 9503
1960 2277
7888 8792
1875 2430
9249 9008
2070 2163
9684 7978
1660 2966
9629 8715
2267 2057
8444 9283
1812 2664
2327 2040
8134 9484
1983 2382
1877 2563
9215 8899
2112 2228
2007 2378
9094 9213
2017 2370
1996 2399
8487 9641
2315 2139
2220 2212
8568 9665
2176 2287
2102 2414
9534 9351
2054 2462
2812 1896
9947 8232
1992 2628
2174 2418
9818 9462
1968 2713
2162 2498
2041 2655
1985 2733
2131 2565
2157 2533
1831 3087
2240 2457
2497 2218
1994 2786
2251 2463
2227 2500
2098 2668
2149 2619
2108 2687
1948 2943
2725 2094
2329 2459
2334 2487
2428 2408
2192 2667
1900 3133
1942 3099
2670 2243
2446 2476
2612 2316
2222 2707
2167 2797
2543 2416
2438 2511
2203 2756
2413 2602
2377 2646
2295 2714
2549 2492
2479 2564
2433 2618
2107 3040
2862 2206
2638 2427
2282 2775
3097 2072
2201 2938
2778 2352
2389 2743
2350 2804
2695 2456
2375 2827
2521 2660
2589 2594
1963 3531
2346 2951
2185 3139
2193 3121
3068 2227
2116 3325
2232 3108
2239 3105
2409 2944
2065 3496
2759 2584
2270 3144
2526 2888
2388 3041
2654 2712
2748 2644
2530 2952
2518 2977
2253 3318
2382 3186
2825 2674
2245 3415
2625 2925
2687 2839
2591 2974
3753 2131
2630 2962
3012 2567
2944 2623
2707 2953
2542 3149
2387 3401
2816 2849
2529 3275
2550 3247
2643 3104
2639 3140
2659 3103
2349 3606
2085 4306
2620 3197
2250 3830
2383 3587
3226 2610
2244 3935
2951 2871
2653 3260
3833 2345
2618 3323
3046 2833
3022 2863
3365 2622
2799 3145
2800 3176
2472 3706
2849 3147
2432 3853
2802 3259
3682 2557
2903 3143
2393 4120
2728 3503
2941 3206
2584 3840
2511 4027
2923 3269
2900 3397
3122 3161
2745 3695
3069 3290
2841 3633
2487 4455
2699 4017
2333 4818
3166 3281
2879 3637
2718 4022
2796 3956
2993 3545
2945 3625
2378 4876
2845 3926
2537 4624
2746 4197
3311 3303
2895 3901
2955 3780
2657 4466
2935 3876
3401 3338
2830 4179
3318 3454
3027 3814
2964 3939
3035 3837
3875 3071
3301 3525
3796 3132
3242 3642
2959 4093
4002 3066
2316 5746
2938 4192
3222 3762
3488 3492
3405 3561
3235 3793
3550 3478
2957 4244
3044 4110
3304 3727
3492 3566
3278 3790
3294 3785
4375 2986
3141 4052
3414 3668
3486 3631
3396 3756
3209 4054
3472 3705
3204 4089
3279 3981
4080 3261
3586 3624
3123 4264
3710 3530
3364 3933
3344 3966
3214 4182
3375 3955
4082 3309
3912 3441
3506 3836
4139 3307
3789 3537
3434 3974
3471 3937
3880 3513
3213 4287
3371 4092
3731 3650
3272 4229
3377 4100
3993 3480
3535 3940
3285 4265
3462 4072
3813 3672
3626 3881
3263 4367
3262 4395
3359 4260
3412 4243
4552 3171
4249 3451
3459 4242
3369 4363
3334 4412
2912 5066
4360 3408
3537 4275
4417 3398
3425 4420
3667 4135
3708 4088
3148 4790
3840 3973
3627 4258
2859 5463
4018 3843
3703 4201
3804 4114
3403 4594
3787 4173
3699 4278
3724 4257
4355 3599
3482 4557
3849 4133
3529 4519
2786 5922
3897 4108
3918 4085
3967 4075
3617 4460
3989 4082
3541 4577
3607 4499
3695 4414
3683 4437
3675 4457
3208 4998
3158 5125
3045 5306
3615 4553
3827 4357
3544 4658
3548 4652
4726 3463
3828 4409
4049 4180
3716 4505
3921 4333
3091 5367
3934 4338
3956 4317
4195 4069
3778 4486
4232 4049
3067 5457
3598 4798
4604 3726
4430 3971
4043 4401
3440 5022
4087 4388
3819 4643
4672 3720
3478 5037
4479 4000
3286 5356
4022 4518
3520 5051
5466 3363
4460 4154
3991 4659
4568 4055
4280 4442
3893 4804
3420 5427
4072 4669
4670 4026
4804 3893
4466 4294
4098 4690
3722 5047
4148 4684
3889 4960
4520 4361
4193 4706
3241 6168
3883 5028
4398 4530
3600 5425
4234 4716
4026 4895
4572 4353
5653 3536
4516 4453
3812 5168
5524 3600
4200 4789
4222 4777
3676 5369
4286 4724
4113 4925
3782 5305
4219 4920
4798 4347
4095 5111
3913 5302
4427 4730
5139 4083
4141 5061
3641 5779
4961 4276
4153 5155
4103 5232
4504 4764
4496 4820
3312 6803
4574 4734
3926 5641
4017 5490
4836 4576
4326 5150
4075 5597
4045 5632
4285 5267
4710 4774
5845 4002
4297 5284
5456 4292
4624 4901
3801 6219
4171 5649
4217 5571
4440 5193
4253 5536
4061 5896
4180 5825
4682 4977
3914 6291
4159 5866
4723 4969
7043 3514
4197 5859
4559 5195
6228 4029
4116 6008
4538 5222
5777 4340
5369 4582
4766 5008
4662 5140
4611 5219
5042 4824
5117 4802
4259 5931
4247 5959
4310 5872
5269 4750
4554 5412
4721 5204
5818 4446
4157 6288
6364 4141
4483 5756
4121 6515
4684 5377
4318 6173
4831 5254
5170 4962
4889 5220
4926 5198
5074 5082
4827 5308
4362 6167
3891 7073
4803 5371
4675 5596
5044 5182
4853 5376
4361 6340
4748 5586
4244 6633
5155 5161
5106 5228
4454 6293
4786 5631
5067 5288
4899 5470
5045 5338
5252 5188
3706 7858
5711 4866
5197 5244
5046 5397
4850 5685
4813 5765
4939 5583
4893 5654
4242 6918
5029 5471
4839 5762
4845 5805
4841 5810
5050 5520
5134 5426
4585 6305
3976 7557
5567 5173
4921 5900
5149 5625
5065 5735
5007 5814
5403 5350
5239 5600
4933 5968
5176 5702
5142 5808
5587 5329
5616 5337
5323 5639
4982 6043
6645 4708
5631 5387
4894 6301
5361 5695
5605 5449
5362 5717
5533 5546
5437 5657
4861 6463
5415 5720
5283 5880
5406 5806
5397 5842
5284 6018
5455 5819
5038 6380
5409 5886
5028 6464
5220 6229
6599 4945
5519 5916
5930 5588
5739 5781
5639 5883
5440 6106
4959 6770
4644 7286
5187 6520
5216 6476
5179 6569
6417 5289
5436 6297
5286 6514
4972 6915
5476 6304
5151 6756
5226 6650
6035 5840
6019 5861
5950 5951
6174 5727
5670 6282
5858 6040
5070 6954
5405 6570
5005 7060
5280 6742
5583 6416
4663 7677
4759 7529
5278 6815
5253 6842
5897 6131
5766 6360
5274 6907
5163 7062
6250 5852
5010 7251
4980 7296
6182 5948
5513 6697
5810 6412
5048 7281
5554 6716
5992 6248
6054 6176
6318 5884
6204 6005
5334 6975
5943 6391
5019 7423
5762 6636
5778 6627
5822 6596
5423 7022
6358 6028
6384 5994
5292 7218
5172 7403
6583 5837
6193 6313
6225 6337
6052 6551
5506 7101
5484 7117
6647 5888
5903 6778
5538 7144
5611 7096
6486 6200
6679 5961
5628 7164
6418 6363
6296 6499
5783 7039
5916 6919
6242 6579
6085 6768
6124 6747
4857 8540
5857 7032
5681 7210
6409 6517
6356 6601
5580 7427
5233 7988
6875 6057
6113 6940
6211 6856
6619 6400
5086 8354
6289 6792
6031 7100
6788 6256
6036 7109
5920 7235
5972 7180
5057 8590
6341 6825
6773 6335
6202 7005
6343 6877
5779 7483
6076 7175
7172 6025
5691 7700
6394 6913
6800 6467
6481 6861
5701 7754
5658 7846
5988 7519
8320 5401
5734 7913
6492 7004
5926 7679
5722 7960
5909 7726
5568 8247
7379 6107
6425 7158
6514 7074
5892 7844
6969 6599
6380 7245
6294 7348
5983 7801
6013 7780
6459 7284
6263 7513
6957 6759
6206 7658
7242 6536
6396 7425
6650 7150
7113 6717
6629 7231
6799 7090
6661 7258
6024 8178
6060 8159
6381 7696
6266 7853
5946 8383
6974 6993
5820 8684
7620 6504
6686 7381
7192 6896
6421 7827
6914 7152
5765 8934
5702 9038
6352 7998
5732 9028
6172 8281
6873 7264
5676 9141
6522 7758
5941 8757
6426 7938
6088 8520
6635 7774
7091 7194
6777 7579
7619 6820
6851 7516
6165 8641
7854 6683
7926 6634
6882 7493
7135 7253
6272 8533
6177 8709
6519 8114
6168 8771
9482 5770
6385 8467
7615 6950
7553 7003
6403 8474
6118 8983
6973 7576
7327 7233
6898 7718
6082 9768
6625 8249
6606 8299
7507 7207
6941 7835
7047 7714
6725 8199
6852 8016
7180 7581
6871 8001
6653 8410
7248 7572
6224 9842
7062 7874
6765 8361
7516 7426
6565 8912
7053 8090
6608 8891
7029 8137
6627 8895
7625 7497
7125 8059
7102 8133
7256 7967
6877 8545
6856 8638
6669 9739
6861 8666
7576 7771
6821 8839
6503 9310
6572 9220
7814 7602
7105 8425
6631 9814
6971 8692
7813 7685
7791 7761
7823 7760
7715 7884
7301 8390
6688 9288
6560 9958
8993 7056
8314 7474
6328 9639
7427 8315
7718 8005
7008 8936
7082 8833
7020 8962
8431 7471
8018 7847
7856 8009
6916 9190
8157 7770
7364 8620
8014 7917
7662 8287
7352 8731
6932 9850
7772 8255
8948 7320
7431 8689
8108 7950
8102 7966
6950 9307
7983 8118
7962 8152
7425 8758
7500 8725
7201 9117
7126 9196
7508 8790
8275 7940
8653 7688
7694 8604
7009 9366
7448 8925
7346 9079
7738 8652
8547 7888
8298 8121
6887 9578
7612 8903
8015 8480
8231 8213
7495 9154
7603 9126
7839 8918
8068 8670
7383 9363
8274 8499
7903 8952
8844 8076
8042 8849
8046 8866
7997 8979
7117 9628
7452 9471
8044 9022
8406 8693
8050 9755
8171 8946
8164 8972
9573 7724
8461 8716
7722 9367
7777 9339
8212 9013
9686 7690
8558 8775
7757 9976
8333 9135
8836 8743
8281 9194
8294 9188
8120 9360
7675 9605
8229 9298
7893 9518
8021 9972
8570 9124
9174 8612
9125 8708
9072 8761
8090 9492
8935 8967
8462 9278
8340 9364
9102 8898
8442 9910
8247 9505
7999 9624
8833 9834
8007 9637
8443 9482
9533 8755
8498 9506
8945 9864
8066 9667
8676 9470
8775 9419
8361 9631
8862 9497
9179 9316
8657 9590
9066 9426
9141 9909
9333 9248
9336 9315
9113 9491
8704 9653
9248 9985
9561 9337
9279 9501
9806 9084
9266 9512
9322 9498
9194 9586
9773 9824
9167 9626
9026 9681
9716 9965
9805 9390
9198 9675
8916 9705
8595 9718
9608 9715
858943217 2046133546
1
sift 622
725 1103
265 340
9 16
126 198
38 55
45 72
978 1680
249 443
40 57
139 232
69 119
65 75
1419 2028
280 454
66 101
192 409
181 182
63 131
1675 3001
385 532
71 133
220 341
188 247
82 122
2937 4415
472 799
76 147
229 337
163 334
117 113
3523 5249
728 760
91 138
226 371
206 348
97 160
4085 5414
590 1231
98 159
275 544
211 366
107 172
3972 8314
1016 1041
123 175
259 610
236 329
128 218
5840 8469
1093 1358
127 220
309 593
305 421
155 173
8041 9590
1110 1440
189 156
325 575
257 566
141 237
9507 9182
1236 1756
159 263
354 608
299 492
153 286
1229 1948
187 271
424 570
262 614
176 306
1423 1921
178 325
373 655
345 541
202 277
1451 1932
190 317
353 707
381 558
255 250
1787 2213
232 439
683 556
380 645
245 493
1817 2535
243 523
479 819
461 803
268 500
2043 2764
321 429
598 808
516 741
332 472
2197 2561
388 392
562 886
439 915
362 433
1958 3027
324 519
586 875
467 855
355 457
2272 3217
348 527
595 879
522 868
397 466
2503 3230
378 583
647 930
660 887
463 467
2512 3550
368 606
640 1062
617 1002
440 586
3138 3678
425 625
705 1085
580 1186
399 697
3461 4405
433 651
761 1090
641 1084
422 699
3581 4350
512 620
883 1196
706 962
621 511
3515 5145
487 712
966 1430
713 993
481 744
3657 5479
517 782
1184 1267
679 1189
588 688
4378 6210
510 862
1037 1759
742 1208
524 882
4469 6738
462 1121
1123 1776
695 1492
535 912
4708 7582
631 795
1149 1999
848 1435
654 784
5736 6539
642 813
1262 1843
912 1377
633 847
7312 9259
623 856
1306 1991
942 1540
657 889
7375 9715
601 1083
1297 2048
1049 1470
600 1142
8287 9498
733 910
1195 2310
1116 1820
692 1044
748 965
1294 2237
1230 1707
788 919
686 1076
1538 1972
1050 2138
990 865
785 1152
1286 2512
1081 2103
938 1011
850 1141
1408 2248
1318 1716
822 1197
845 1227
1427 2670
1273 1844
846 1228
802 1313
1540 2531
1448 1992
1017 1038
944 1135
1350 3565
1505 1975
878 1213
898 1183
1401 3483
1644 1839
734 1484
929 1253
1601 3265
1445 2286
838 1415
874 1380
1551 4321
1647 2077
1066 1174
957 1390
2278 2650
1323 2773
930 1443
1061 1300
2037 3111
1652 2583
1118 1325
998 1467
1827 3654
1995 2134
1150 1320
969 1548
1985 3221
1848 2494
975 1605
1026 1541
1948 3371
2102 2508
1228 1350
1078 1520
1900 3599
2645 2158
1144 1463
965 1808
1883 4383
2029 2763
1147 1479
1231 1428
2488 3312
2039 2782
1175 1508
1201 1533
2799 3233
2162 2777
1058 1807
1131 1665
2653 3953
2098 3162
1113 1742
1209 1615
2472 4827
2362 2875
1044 2035
1223 1686
2511 5675
2834 2801
1132 1931
1065 2105
2459 6167
2748 2951
1181 1890
1073 2112
3626 4412
2109 4027
1206 1905
1333 1691
3425 4803
2349 3476
1251 1949
1509 1527
3852 4604
2260 3863
1574 1522
1324 1836
3598 5370
2816 3090
1853 1367
1388 1971
4026 5167
2425 3824
1712 1601
1444 1953
3722 6182
2331 4235
1167 2620
1464 1958
4020 6945
2542 3960
1268 2573
1454 2206
4217 6662
2758 3977
1986 1620
1714 1967
4440 6364
3413 3629
1371 2492
1733 2086
4483 7260
2993 4356
1894 2039
1926 2064
4721 6800
2878 4615
1588 2560
1875 2169
3892 9133
3584 3674
1503 2814
1810 2378
5323 6420
3215 4162
1662 2748
1793 2604
4316 8614
3728 3867
1833 2550
1936 2401
5296 6977
3221 4668
2454 2071
2016 2459
4769 7790
3411 4814
2209 2326
2120 2407
4810 7700
3467 5041
1997 2621
2265 2351
5271 7426
3482 5055
2315 2364
2070 2625
4615 9320
3433 5495
1983 3025
2007 2996
5473 8012
3617 5349
2116 2932
2054 3043
5292 9051
3298 6184
2759 2347
2329 2767
5554 8683
4196 4776
2530 2597
2240 2898
5671 8681
3521 5768
2518 2662
2862 2355
5684 8961
3733 5316
2334 2972
2549 2820
6558 8211
3761 5368
2107 3403
2193 3278
5909 9422
4670 4403
2413 3036
2168 3387
5988 9440
3638 5996
2108 3615
1963 4245
6060 9445
4094 5386
2389 3280
2176 3864
5702 9677
3827 5873
2625 3207
2350 3779
6349 9179
4043 5494
2687 3189
2239 4025
6090 9539
4095 5425
2232 4193
2526 3556
7094 9478
4398 5168
2253 4131
2589 3429
7717 9577
3684 6888
3111 2917
2802 3275
4293 6115
2643 3586
2584 3899
5571 4715
2953 3291
2951 3341
6228 4473
2900 3414
2618 4100
4979 5744
2809 3813
2620 4262
4684 6320
2940 3612
2923 3728
4754 6236
3094 3663
3319 3434
5029 5814
2924 4069
3242 3727
4907 6105
4002 3110
2895 4324
4596 7124
3401 3704
4139 3285
4172 8300
3901 3618
3294 4292
5014 6758
3044 4669
3789 3768
4656 7398
3279 4355
3434 4188
4850 7127
3439 4267
3624 4038
5517 6256
2935 5023
3222 4683
4823 7920
3182 4854
3371 4805
5220 7396
3072 5311
3690 4553
6799 5986
3344 5029
4430 3903
5509 7449
3091 5664
3699 4748
5501 7542
3312 5279
3471 5132
5613 7473
3716 4792
2316 9413
6054 7355
3804 4978
3787 4993
5778 7898
3364 5758
3615 5298
5405 8587
4417 4451
3731 5256
5697 8505
3883 5091
4200 4812
5822 8309
4373 4644
3782 5287
6031 8337
3893 5430
4534 4671
6375 7965
3724 5966
4087 5392
6901 7430
4428 4971
3991 5750
6768 7638
4479 5068
4113 5749
6343 8407
4284 5410
3649 6672
5575 9563
4597 5074
5044 4705
7206 7931
3801 6614
5050 4753
7264 8329
4218 6454
4836 5336
6674 9219
5042 5186
5432 4947
6734 9487
4061 7117
4330 6609
7132 9076
4839 5733
4853 5714
7062 9176
4845 5803
5052 5565
7558 8907
4063 7387
5269 5310
7029 9557
4690 6156
4504 6712
7065 9662
4939 5982
4841 6272
7694 9469
4346 7401
5176 6028
8977 8622
4899 6433
4585 7032
9684 7928
5437 5766
5058 6289
4098 8318
5403 5859
5605 5762
5046 6470
5117 6412
5134 6385
4933 6714
5361 6310
4662 7423
4159 9014
5440 6378
5397 6582
4590 7851
5415 6649
5065 7170
6144 6212
5476 6989
4663 8444
5930 6735
4894 8352
5226 7749
5119 8043
4892 8586
6318 6613
5583 7440
6418 6598
5280 7959
4921 8766
5278 8063
5858 7317
6035 7194
5053 8837
6875 6461
5972 7495
6604 6834
6204 7349
5253 8882
6663 6930
5766 7978
6788 6785
5038 9346
5233 9122
5089 9342
5810 8226
6101 7767
5151 9372
7172 6695
6038 8133
6052 8261
6370 7946
6024 8908
6661 7859
6425 8370
6494 8315
6084 8990
6650 8022
6469 8502
7043 7826
6871 8454
6263 9464
7024 8439
6969 9768
7957 7458
6852 8955
6635 9301
6703 9244
7180 8746
7854 8036
8046 7890
8993 7304
8145 7917
7718 8488
7740 8581
7829 8563
7448 9187
8102 8807
7715 9206
7757 9353
7846 9305
7984 9993
7699 9482
7903 9398
8558 9402
9336 9045
9800 8842
9257 9399
9322 9448
