971269144 1039067838
1
sift 223
285 212
50 18
350 172
58 26
449 215
93 42
439 176
197 98
427 232
353 140
525 305
465 227
396 275
528 246
564 297
451 255
562 298
613 291
640 301
651 284
823 445
666 468
804 376
788 474
870 477
904 454
968 441
847 535
1340 644
929 551
901 545
1060 576
1281 726
1517 464
1555 455
1130 546
1463 799
1113 631
1046 596
1162 625
1707 901
1203 677
1337 665
1643 645
1460 1054
1090 993
1471 711
1446 756
1628 1032
1404 772
1526 757
1479 788
1846 999
1495 786
1525 781
1321 869
2154 1026
1207 1005
1876 848
1936 871
2315 1254
2002 1029
2053 1072
1957 1068
2493 1241
2109 1102
3073 1030
1788 1300
3284 1080
2329 1089
2238 1346
2127 1351
3307 1171
2999 1193
1312 2233
2630 1191
2689 1607
2659 1357
2796 1256
2858 1306
2756 1683
3188 1252
2614 1617
3293 1459
3698 1568
3200 1525
4273 1723
2877 1650
3766 1783
1518 3564
4530 1688
4162 1391
3232 2447
2906 1752
4391 1737
3116 1696
4293 2004
1637 3951
4016 1830
2304 2424
5248 2087
5044 1408
4399 1828
2527 2282
4609 2389
3491 1835
4693 2204
3481 1845
4567 2511
3780 1719
4302 2335
4079 1733
4503 2792
3598 1920
4507 2577
3702 1908
4727 2715
3880 1985
5280 2372
4092 1943
5222 2732
4465 1928
4948 2698
4404 2011
4964 2889
4063 2257
4912 2950
5711 1905
5127 2829
4472 2287
2908 5375
5393 2073
5795 2628
4227 2436
4716 3103
4410 2373
5798 2842
4297 2466
5643 2663
5261 2185
5287 3254
5777 2032
5914 2576
4276 2651
5635 3058
4187 2743
4435 3654
4645 2566
5898 3052
5574 2352
5877 2798
5118 2649
5640 3299
4885 2776
5217 3400
4561 3055
6234 3234
5250 2707
6622 2677
5183 2899
6744 3115
5878 2958
5696 3051
5819 2992
5822 3595
5831 3127
5320 3414
5251 3479
5151 4164
5583 3376
6519 3235
7197 2749
5714 3734
6353 3038
7638 2860
3390 6320
6586 3487
6078 3364
6340 3519
6659 3125
6245 3899
6977 3027
6454 3577
6563 3217
7388 3631
3272 7188
7495 3295
6051 3503
7507 3666
6312 3502
5311 4568
3982 5869
7619 3849
6661 3784
7802 3521
6682 3989
6489 4641
7185 3832
7110 3950
6842 4056
7458 4104
6255 4450
7278 4553
7128 4261
6749 4925
7571 4091
7073 5160
6618 4722
7857 4178
5882 5554
7399 5229
7368 4954
6608 5411
7601 4785
6698 6177
7006 5263
6752 5700
6690 5479
6294 6908
7319 7433
7629 6324
7850 7015
7884 7343
971269144 1139800839
1
sift 670
300 266
43 68
497 667
52 90
75 63
353 381
84 80
932 1589
95 167
88 101
528 485
110 108
1754 2603
101 197
98 119
666 631
116 120
1706 4083
131 168
115 147
1113 702
133 125
1721 4153
112 378
117 161
1325 1127
153 132
1881 4542
190 292
139 190
928 1838
162 200
3020 4795
183 352
161 243
1162 1411
166 268
3460 7509
196 431
180 250
1197 1876
211 230
235 406
237 271
1837 2410
208 322
358 316
267 277
2071 2198
289 259
278 415
249 314
2002 2305
287 299
274 445
307 318
3200 3362
315 349
303 512
322 353
3272 4583
360 320
301 570
243 503
3414 6351
386 302
382 476
375 358
4081 5469
439 330
368 534
395 407
4078 5655
295 540
306 734
420 401
4702 4974
372 460
432 692
514 346
4922 4998
462 392
411 755
430 435
4703 5719
438 450
469 902
412 477
5051 5859
397 488
496 905
414 505
6030 5497
385 543
527 906
525 427
5422 6483
405 555
529 931
571 397
6341 6002
519 473
561 940
477 514
5622 8217
502 497
560 1037
550 475
6562 7719
483 552
662 1030
425 671
6591 8031
444 664
885 981
564 519
409 824
936 1054
584 642
625 646
787 1318
641 644
614 675
785 1364
587 782
717 655
858 1305
638 753
804 652
860 1303
934 588
652 916
902 1230
1064 622
764 817
961 1261
882 751
959 715
892 1469
708 1011
952 766
945 1421
761 977
688 1149
839 1644
1032 772
1060 786
836 1805
1085 814
1074 830
998 1556
872 1080
1018 953
1154 1306
1046 938
1194 800
1066 1668
747 1394
877 1140
984 1866
927 1109
881 1383
1024 1973
1269 944
1036 1222
983 2291
1088 1192
845 1603
1144 2107
1118 1169
1016 1315
1106 2425
1103 1260
1270 1070
1099 2451
1034 1379
1130 1252
1258 1916
931 1621
1402 1021
1263 1909
1038 1435
1238 1221
1230 2048
1643 1005
1187 1343
1291 2075
1109 1626
1166 1523
1509 1931
1235 1446
1349 1317
1357 2251
1421 1292
1516 1234
1543 1990
1331 1378
1356 1389
1574 1982
1260 1550
1471 1336
1483 2164
1092 2040
1539 1304
1414 2416
1268 1649
1624 1308
1472 2640
1354 1563
1464 1537
1449 2727
1286 1743
1181 2030
1767 2414
1526 1526
1376 1673
1576 2864
1634 1460
1890 1282
1622 3078
1157 2345
1451 1679
1736 2845
1656 1504
1167 2324
1968 2558
1353 1831
1284 2153
2063 2545
1805 1477
1012 3630
1919 3245
1373 2029
1607 1750
1992 3240
2099 1401
1562 1878
2105 3039
1546 1950
1533 1979
2163 2989
1570 1934
1735 1733
1975 3425
1585 1946
1635 1900
1911 3891
1568 2037
1476 2204
1883 4036
1528 2149
1430 2307
2059 3866
1679 1897
1618 2007
2082 3821
1725 1940
1894 1751
3570 2273
1807 1925
1709 2133
3365 2484
1913 1877
1961 1806
2083 4474
1780 2072
1874 2038
2350 4074
1839 2079
1717 2272
2490 3878
1380 2959
1665 2370
2103 5300
2041 1921
1802 2214
2786 3727
1453 2991
1827 2267
2305 4921
2146 1938
1704 2500
2600 4283
2003 2134
1824 2356
2983 3772
1950 2224
1910 2275
3326 3443
1686 2596
1689 2631
4362 2700
2015 2217
2487 1803
2341 5824
1841 2498
2051 2295
2782 4552
2286 2081
2238 2157
3022 4178
2062 2313
1986 2398
3176 4014
1970 2433
2278 2180
2864 4564
2365 2086
1828 2662
2917 4560
2322 2163
3154 1660
2934 4578
1747 2954
2285 2252
2859 4937
2216 2321
2215 2421
2443 6705
1895 2844
1867 3022
3361 4390
2294 2445
1779 3384
3294 4532
2220 2569
2306 2519
3368 4477
2124 2891
2086 2938
3285 4951
2077 2955
2615 2344
3135 5455
2303 2791
2076 3243
4005 4085
2808 2358
2472 2817
3648 4674
2180 3345
2355 3015
3662 4685
1727 4707
2120 3525
3398 5351
2022 3776
2453 2966
3500 5227
2207 3519
2497 3019
2956 6630
2337 3370
2757 2719
3566 5304
2464 3192
2210 3732
3251 6146
2858 2696
2423 3385
4389 4256
2668 2977
2531 3233
3367 6148
2036 4368
2792 2994
3812 5272
2977 2822
2409 3756
3543 5973
3073 2781
2672 3399
4568 4469
3270 2813
2673 3571
3609 5915
2847 3358
3257 2883
4089 5078
2916 3347
2648 3760
4154 5027
2915 3374
3033 3246
3708 5874
2840 3570
2944 3445
3693 5994
3258 3146
2843 3670
3305 7255
2928 3700
3120 3514
5011 4341
3093 3564
3252 3412
3352 7301
4025 2686
3158 3540
3506 6848
3168 3575
3275 3473
4020 5785
2611 4427
2798 4121
5069 4728
3049 3784
3754 3009
3903 6201
2820 4113
3041 3837
3668 7115
2834 4166
3455 3472
4792 5155
2849 4159
2523 5023
4034 6140
2891 4140
3281 3666
3998 6297
3027 3973
2710 4551
3923 6656
2929 4145
3498 3505
3915 6784
3437 3606
3091 3967
4004 6761
3536 3560
2194 6745
4223 6397
4234 2948
3665 3532
4224 6648
2910 4579
4147 3241
6375 4171
3259 4131
3528 3920
3912 7478
3324 4147
3095 4565
4626 6207
5278 2706
3347 4236
4324 6845
3061 4789
3264 4438
4285 6986
4201 3515
3389 4347
4264 7283
3965 3680
4016 3655
4961 6331
4196 3589
3440 4388
4998 6332
3579 4185
3180 4880
4460 7349
3328 4607
4150 3650
3957 8203
2336 8003
3845 3912
4992 6466
3760 4055
4530 3523
4476 7579
3397 4767
3238 5045
5079 6516
3550 4506
3274 5003
4746 7231
3358 4871
3485 4662
5538 5911
3840 4115
2949 5797
4854 7248
3448 4849
3292 5178
5581 5910
3715 4399
3601 4645
4932 7277
4496 3797
4399 3899
5046 7282
3619 4857
3503 5169
4640 8101
3587 5039
3636 4940
4943 7799
3622 4986
5234 3497
5195 7381
3910 4434
4469 3979
5425 6857
3927 4447
3593 5117
4769 8109
4107 4339
4461 4059
4936 7962
4335 4211
4052 4496
5237 7539
3768 4939
2853 7374
5353 7299
3082 6457
3743 5015
5752 6510
3674 5176
4868 3884
4862 8260
3720 5094
4641 4037
5615 7867
4708 4023
3360 5927
6769 6463
4251 4504
4380 4356
6681 6883
4007 4874
4030 4879
7628 6078
5311 3830
4021 4957
6153 7918
4163 4814
3689 5588
6660 7859
4139 4910
4597 4376
6787 7873
4024 5032
3575 5995
6166 8248
4242 4883
4569 4510
7567 7545
5030 4488
4491 5058
5923 3839
3650 6581
4383 5346
3429 7608
4544 5243
5492 4281
4912 5000
4957 5095
4593 5608
4373 5851
4870 5297
5783 4252
4054 6445
4953 5241
4539 5741
5244 4955
4807 5481
4705 5611
4291 6188
4171 6663
4142 6799
4067 7005
4391 6441
5006 5648
4986 5685
5054 5674
4178 7107
5363 5330
5109 5660
4357 6769
5864 4869
4985 5929
5321 5659
4272 7437
6329 4698
5621 5372
4671 6846
5316 5892
5124 6239
4728 6930
4879 6666
5060 6447
4439 7703
6844 4655
4553 7564
4709 7340
4786 7190
4542 7751
4669 7650
5391 6450
5551 6141
5578 6120
5314 6760
5226 6964
5180 7095
4869 7625
5055 7385
5292 6918
5733 6176
4917 7990
6777 5548
4572 8268
5467 7389
5582 7180
5171 8043
5889 6662
7249 5525
7641 5245
5717 7221
5738 7201
5416 7927
6243 6642
5799 7342
5404 8103
5605 7786
6328 6634
6698 6258
5747 7562
5723 7598
7627 5696
5754 7678
7219 6157
6497 6887
6903 6544
6860 6714
6575 7071
7297 6361
6526 7210
6261 7527
6610 7119
6519 7312
6846 7047
5978 8081
6786 7199
7578 6399
6836 7396
6819 7533
6584 7917
7278 7241
7394 7128
6454 8036
6540 8163
7129 7761
7008 7890
6931 7996
6343 8235
7364 7661
6764 8180
7266 7902
7031 8099
7653 7607
7273 8042
7643 7668
7635 7907
7825 7567
7877 7432
7739 8084
7861 8144
971269144 1196896543
1
sift 593
71 45
50 21
37 17
611 506
1495 1018
48 27
144 116
58 28
81 41
1098 1217
2106 1142
93 46
299 185
120 109
157 101
1566 1416
1936 1197
174 96
318 256
175 117
222 107
3596 1761
1946 1437
197 114
367 300
256 146
267 140
3112 1977
2788 2325
286 166
396 307
328 169
289 164
3232 2688
3116 2178
282 238
427 308
245 320
350 226
4293 3073
3481 2367
439 218
451 312
437 219
417 246
3916 3591
3014 3503
373 253
466 328
448 247
386 285
5720 3363
4465 2692
432 293
416 403
433 360
519 268
4688 4035
3785 3483
453 310
562 375
511 318
739 217
5563 4047
5476 2973
528 325
541 401
465 440
411 436
5916 3882
3770 6537
525 341
650 419
536 383
564 347
5151 4735
6312 4223
613 337
645 564
600 495
531 409
6833 4585
5822 4645
640 361
823 580
666 512
587 410
6292 5243
7128 5153
619 412
838 595
788 572
762 356
6245 5359
7629 6962
625 423
749 681
950 513
641 422
6856 5064
7162 7694
696 431
782 680
904 579
740 479
5766 6066
990 392
870 621
929 689
757 489
7368 5365
804 497
1002 673
1026 715
885 481
6749 5952
903 505
1056 668
1025 732
813 540
6752 6082
847 565
1228 778
1162 745
876 574
7319 7498
968 545
1277 859
1276 730
1046 618
7639 7821
1206 542
1274 861
1517 714
1052 631
1060 676
1303 857
1090 928
874 777
1191 654
1394 835
1120 905
1065 942
1268 781
1281 912
1214 847
1272 779
1210 864
1340 917
1714 736
1342 812
1337 840
1266 1055
1530 790
1154 1089
1526 854
1237 1083
1207 1078
1507 899
1230 1066
1538 945
1404 1021
1525 921
1607 903
1463 1062
1446 1011
1471 964
1161 1221
1991 862
1409 1133
1345 1044
1874 837
1462 1085
2034 924
1576 963
1513 1003
1450 1120
1531 1281
1240 1168
1505 1059
1424 1214
1479 1309
2442 786
1140 1475
1707 1063
2394 936
1643 1113
1648 1114
1769 1060
1701 1212
1806 1061
1873 1039
1609 1224
1788 1186
2141 993
1910 1087
1846 1245
1762 1228
1919 1122
1539 1373
1628 1580
1877 1251
1831 1283
1312 1782
1822 1422
2173 1157
1401 1840
1869 1350
1927 1520
1956 1324
2286 1205
2002 1327
2315 1634
2149 1266
1971 1386
2109 1296
2338 1693
2127 1417
2298 1233
1429 1939
2492 1632
1536 1940
2062 1362
2053 1380
2262 1938
2499 1298
1843 1604
2463 1268
3181 1831
2142 1468
2483 1282
1602 1995
2689 2181
1790 1806
2213 1489
2084 1621
2756 2162
2522 1443
2705 1330
2924 1302
3307 1902
2131 1694
2238 1627
2329 1593
3126 2156
2447 1576
2796 1558
2116 1752
2476 3118
1565 2500
2858 1639
1637 2376
2857 2689
2353 1775
2888 1700
2527 1841
3698 2248
2362 2020
2704 1776
2782 1741
2661 3301
2896 1758
1192 6519
2659 1894
3139 2877
3149 1710
2614 2106
2304 2241
3010 3100
2856 1959
2475 2249
3062 1843
3411 2833
2877 2011
3042 1875
3044 1881
3766 2681
3056 1948
2925 1976
4377 1540
3842 2763
2519 2358
3262 1912
3188 1906
3273 3357
2999 2023
3399 1864
3078 1982
3963 2739
2993 2031
3230 1945
3250 1911
3383 3742
1969 3271
3421 1895
2642 2344
4084 3164
3200 2066
2963 2131
3025 2113
3822 3420
2906 2290
3653 1847
2786 2373
4609 3366
3298 2216
4147 1747
2510 2707
4727 3332
3484 2146
3077 2306
3290 2193
4262 3613
2332 3274
3589 2107
3151 2339
4567 3593
3538 2182
3295 2270
3598 2179
5070 3337
2595 3088
3268 2393
4021 2062
4997 3431
3863 2163
3524 2372
2565 3308
5685 3010
2613 3298
4024 2132
3702 2348
4320 3942
3780 2462
4302 2116
4016 2313
5198 3471
4081 2386
3579 2546
3825 2528
5702 3141
3962 2479
5257 2069
3491 2870
4503 3948
4079 2506
3807 2648
3476 2986
5248 3549
3880 2696
4215 2532
2800 3843
4964 3706
3908 2701
2968 3641
4273 2551
5769 3211
4092 2665
3532 3130
4232 2622
4236 4372
5896 2122
3531 3198
4319 2610
3856 5063
4429 2744
4167 2683
4641 2523
5221 3815
4408 2852
4451 2712
3668 3320
5795 3464
4062 3068
4391 2814
2908 4255
5287 4192
4175 3066
4247 3013
4530 2908
5798 3966
4276 3084
5643 2498
4187 3185
5635 4074
4226 3256
4507 3094
3658 3753
5898 4054
4296 3280
4771 3069
4561 3178
6807 3817
4472 3277
5092 2962
4711 3184
5640 4520
5393 2897
4926 3091
4928 3134
6154 4285
5010 3162
5515 2900
4421 3489
6125 4395
5225 3058
4396 3551
4461 3505
6234 4326
5261 3150
4936 3285
5608 2941
6527 4240
5088 3333
5348 3159
4885 3507
5714 4905
5539 3230
4984 3472
4693 3726
6744 4378
5250 3453
4944 3654
3390 5383
6168 4818
3272 5660
5723 3217
5044 3624
6014 5125
4645 3906
4912 3809
5711 3325
6101 5128
5118 3733
5522 3501
5574 3445
7169 4651
5408 3597
4948 3849
4435 4229
7507 4569
3982 4819
4790 4079
5777 3405
6868 5345
4723 4102
5785 3504
4425 4441
6489 5572
6041 3418
4929 4053
5733 3553
7131 5202
4908 4095
4100 4989
4977 4120
7809 4727
5725 3675
5774 3651
4595 4570
7187 5313
5183 4104
5759 3696
4868 4363
7388 5208
4113 5340
5251 4109
6301 3509
7514 5219
4884 4574
5280 4096
6622 3430
7619 5339
5588 3954
5914 3745
7416 3324
7458 5600
5350 4297
5751 3921
6072 3766
7006 6180
5583 4122
5217 4465
4843 4932
7602 5806
6495 3714
5647 4116
5979 3953
6608 6776
6449 3784
6575 3739
4254 5844
7089 6714
5831 4110
5877 4163
5878 4158
7795 6345
5659 4478
5696 4301
6078 4173
7844 6302
6662 3903
5615 4625
7044 3819
6246 8053
5645 4635
5311 5120
5548 4825
7858 7964
5819 4514
6632 4029
6353 4127
6050 4345
5103 5454
5839 4535
4265 6564
7486 3829
5402 5167
4980 5652
5692 4829
6677 4115
6616 4187
6867 4182
6659 4165
5797 4805
6519 4410
7197 4004
5944 4780
6271 4611
7706 3897
3667 8051
7731 3931
6454 4588
6690 4449
6340 4700
6066 5026
5882 5290
6446 4827
6562 4748
6977 4517
7476 4309
7614 4227
6643 4998
7460 4401
7638 4276
7405 4586
6511 4957
7644 4315
6304 5426
7703 4321
6379 5215
6661 5199
6455 5328
7813 4453
7133 4964
7330 4966
6682 5296
6503 5432
7266 5154
7485 4870
6430 5668
7110 5623
6753 5494
6933 5492
7249 5579
7185 5394
6185 6265
7802 5205
7571 5462
6255 6583
7373 5657
5952 6928
6341 7068
6780 6403
6698 6543
7755 5822
7588 5816
7073 6348
7736 5941
6439 7026
7399 6156
6843 7196
7114 6388
7481 6139
7581 6523
7652 6609
7784 6512
6873 7747
7069 7697
7554 7219
7357 7494
7889 6446
7876 7465
971269144 1339724796
1
sift 286
75 82
98 169
84 116
88 148
137 235
110 149
133 171
131 267
115 196
117 210
112 449
237 362
162 259
161 339
289 326
190 354
315 447
267 373
287 367
358 400
307 409
322 467
306 867
366 512
395 520
529 1199
375 552
438 505
653 954
430 519
397 559
662 1441
412 557
462 524
818 1274
385 675
519 526
841 1346
550 531
477 643
785 1572
425 864
584 750
787 1587
625 727
522 998
858 1467
770 794
790 807
836 2047
1074 806
1032 842
1258 2210
708 1267
688 1344
1323 2288
1036 1330
1088 1542
1357 2377
1103 1509
845 2276
1476 2441
931 2104
1342 1237
1291 3175
1034 1985
1166 1706
1889 2518
1539 1306
1268 1620
2063 3643
1506 1421
1382 1544
2174 3811
1235 1871
1354 1697
2983 4193
1260 1857
1433 1642
2600 5367
1890 1293
1376 1801
3049 4774
1451 1762
1373 2118
2910 5144
1738 1740
1607 1945
2917 5418
1679 1885
1735 1889
3498 4418
1285 2971
1562 2385
3285 4940
1717 2174
2157 1708
3662 4261
1694 2243
1894 1947
2941 6009
1742 2179
1528 2599
3251 6166
1961 1927
1585 2499
3135 7123
1618 2460
1807 2135
3352 7497
1913 2046
2099 1948
3991 6734
1950 2128
1827 2412
3940 7674
2015 2224
1967 2414
4626 6836
1704 2934
1740 2888
4974 6871
1747 2879
1874 2616
6031 5502
1839 2752
1909 2625
5046 7388
2238 2273
1824 2854
5433 6724
1895 2710
2146 2410
5237 7961
2062 2488
1910 2728
7273 7717
1687 3356
1689 3370
1970 2747
2060 2617
2178 2545
2019 2773
1993 2866
2216 2574
2286 2583
2077 3637
2220 3534
2076 3760
2303 3482
2497 3343
2981 2731
2453 3479
2355 3700
2534 3536
2120 4552
2672 3545
2531 3886
2464 4156
3217 3223
3137 3332
2944 3667
2482 4875
2673 4291
3168 3657
2473 5091
4025 2869
2840 4089
2915 3984
2648 4601
2792 4332
2820 4289
3536 3426
2995 3989
2949 4057
2843 4314
2847 4311
2834 4663
3120 4263
3281 4041
3033 4483
2798 5131
3437 3951
2710 5728
2929 5303
3158 5013
3324 4754
3061 5347
3259 5043
3095 5352
3027 5492
3579 4538
3571 4639
3673 4641
4775 3641
4147 4126
3440 5315
3760 4885
3448 5467
3927 4597
3152 6234
3264 5930
4461 4081
3646 5278
3274 6156
4242 4695
4641 4283
3242 6731
3636 5721
3593 5898
4163 4997
4526 4548
4150 5116
4335 4982
4496 4795
4569 4716
3689 5989
4170 5328
3503 6833
4597 5005
4380 5211
3720 6352
4007 5757
3469 7438
3910 6126
4535 5388
4912 5090
3575 7581
3840 6840
4139 6247
4391 5808
4052 6564
4383 6004
4024 6728
4001 7071
4174 7011
4054 7235
4211 7003
4612 6222
4142 7567
4913 6325
5321 5864
4550 7296
4439 7595
4985 6903
4594 7679
4807 7316
5551 5967
4957 7076
5864 5563
5629 6028
4986 7304
5430 6464
5621 6167
4539 7988
5109 7330
5059 7661
5902 6093
5255 7432
5355 7327
6007 6147
5375 7498
5985 6451
6844 5621
5226 7915
5370 7720
5733 6980
5391 7793
5738 7157
5800 7069
5942 6969
5578 7824
6698 6404
7110 6157
5605 7933
6328 7025
6798 6706
6329 7370
7249 6467
6819 6873
6846 7099
6969 7053
7219 6985
7578 6605
6836 7758
6858 7862
971269144 1646429863
1
sift 135
88 168
405 949
110 167
133 191
688 1706
115 242
287 466
1285 3527
307 510
514 361
1689 4113
420 497
352 601
2672 4959
375 641
395 630
2849 4565
430 622
397 667
2473 5733
462 599
550 631
2673 5311
477 815
584 973
2798 6100
614 1192
770 940
2929 6408
1074 925
708 1511
2710 7429
927 1627
1231 1266
3281 5769
985 1840
1270 1398
4170 7218
1342 1346
1088 1877
1103 1855
1539 1354
931 2762
1187 1889
1166 2024
1421 1868
1451 1948
1235 2396
1373 2251
1376 2503
1735 2014
1546 2474
1894 2112
1805 2254
1585 3187
1993 2629
1704 3476
1910 2960
1824 3253
1780 3415
1950 2995
2146 2701
2278 2533
1986 3018
1895 3328
2110 2950
1740 3866
2380 2837
1970 3603
2178 3262
2285 3349
2365 3261
1867 4752
2567 3162
2077 4313
2061 4747
2981 2971
3217 2773
2215 4576
2453 4211
2355 4700
2534 4776
2648 4797
3515 3444
2847 4349
4234 2903
3168 4166
2944 4634
2915 4802
4025 3294
2840 5478
3033 5257
2792 6039
2834 6009
3027 5526
3437 5101
3966 4161
3536 5022
3579 5427
3180 6396
3811 5024
4139 4641
3095 6961
3440 6394
3152 7667
3760 6007
3274 7633
3636 6627
3528 7400
4242 5694
4496 5432
4150 6481
3910 7039
4163 6594
4201 6722
4597 6000
4380 6413
4021 7208
3927 7493
4142 7076
4007 7688
4383 7775
4985 6791
5321 6242
5923 5527
5260 7534
5415 7337
5363 7553
5621 6998
5007 8009
6016 6872
5551 7783
6844 6700
6798 7388
7394 7481
971269144 1738048405
1
sift 1653
6 7
48 31
12 8
118 99
58 39
13 10
71 59
50 32
37 23
152 148
144 133
52 28
156 129
92 56
61 33
259 192
246 191
85 50
123 163
96 82
81 64
236 221
242 218
105 71
271 219
120 92
101 84
257 308
217 271
126 75
285 283
136 114
112 85
337 309
255 224
117 86
324 307
146 126
108 94
475 285
252 236
155 106
318 315
165 115
147 128
400 386
275 220
164 122
380 331
174 137
142 160
391 421
291 211
175 140
396 369
197 141
151 159
407 426
245 270
183 171
427 404
265 164
196 169
369 482
277 290
188 178
451 387
323 232
222 154
466 390
316 258
187 201
413 452
353 259
203 190
416 458
373 328
235 182
479 412
433 317
289 194
471 445
441 377
301 210
507 411
437 330
322 209
538 449
465 457
307 227
489 499
448 355
313 228
515 504
536 474
286 268
518 509
528 401
282 286
532 532
600 534
332 251
562 505
508 435
306 272
620 559
612 529
270 322
610 640
511 481
339 273
608 646
602 569
341 274
650 606
556 451
389 248
725 685
664 659
350 284
565 764
613 506
375 265
792 629
893 575
420 257
805 546
579 541
358 293
752 693
783 678
379 289
714 763
626 565
383 295
838 796
788 676
402 291
797 724
658 545
386 321
801 833
905 671
439 299
749 803
666 591
387 325
833 856
929 808
392 326
823 759
695 600
417 324
957 785
849 952
445 320
870 810
722 681
495 313
1002 896
981 1075
462 340
1039 1043
928 557
481 337
1136 1099
1090 1034
368 433
1146 1131
897 674
432 379
1228 1044
1276 1027
455 368
1350 968
950 704
469 363
1200 1203
1277 1040
411 415
973 1491
904 766
452 391
1205 1224
1274 1154
519 371
1293 1111
960 754
494 398
1237 1324
1207 1219
545 380
1676 956
879 820
655 342
1647 1150
1404 1222
525 419
1281 1225
812 997
550 384
1358 1328
1340 1295
485 488
1266 1259
1026 825
531 431
1397 1431
1495 1251
537 427
1394 1209
980 865
639 370
1551 1358
1613 1424
548 436
1626 1174
1025 912
514 489
1808 1249
1756 1383
617 382
1463 1347
1197 876
509 500
1450 1560
1690 1468
619 388
1424 1475
1162 927
561 444
1560 1654
1936 1378
605 416
1502 1409
1198 903
564 453
1566 1668
1520 1794
555 471
1303 1686
1120 1072
584 459
1991 1367
1729 1596
513 537
1538 1591
1149 1069
587 484
1769 1538
1846 1539
549 520
1609 1559
1480 838
640 472
1784 1601
1907 1505
679 466
1648 1545
1234 983
625 522
1873 1556
1536 1866
641 518
1462 1817
1287 1078
662 510
1776 1719
1565 1847
739 470
1707 1551
1530 1013
678 503
2129 1612
1479 1966
700 497
2017 1399
1261 1288
571 573
1906 1895
1518 1983
735 487
1803 1626
1446 1173
638 533
1644 2367
1848 1655
760 521
1927 1689
1517 1191
686 547
1972 1934
1946 1610
649 581
1628 2086
1547 1211
724 561
2097 1947
1956 1627
696 579
1724 1957
1409 1320
624 654
2154 2038
2024 1607
762 555
2402 1715
1481 1267
884 524
2419 1892
1932 1703
745 602
1928 2200
1714 1181
728 647
2161 2329
1637 2034
758 623
2334 1956
1335 1465
770 612
3313 1664
2149 1678
757 628
2185 2108
1531 1381
941 544
2164 2469
1680 2199
998 540
2262 2137
1645 1301
804 620
3015 2070
1985 1844
834 618
2338 2135
1594 1339
790 650
3226 2154
2142 1823
813 636
2315 2187
1325 1666
918 584
3048 2289
1965 2173
839 648
2492 2083
1556 1504
875 626
2976 2416
1860 2404
787 692
2119 2689
1788 1327
992 582
2627 2702
1969 2292
877 642
2801 2252
1672 1451
1013 590
2875 2521
1997 2297
847 683
2689 2496
1716 1449
885 673
2610 2953
2329 2019
990 637
2351 3030
1653 1533
999 634
2756 3003
2010 2364
984 651
2476 2922
1701 1498
1047 627
3307 2607
2353 2117
923 699
2699 2692
2386 1214
945 690
3330 2639
2362 2151
936 696
3181 2421
1837 1497
858 760
3032 2931
2747 2146
968 687
2788 2657
1700 1670
903 743
3169 2843
2403 2482
1008 680
2661 2845
1812 1575
1059 661
3254 2760
2642 2300
961 720
3133 2525
2034 1438
1036 689
3284 2744
2331 2569
994 715
3126 2609
2055 1421
1106 652
2894 3500
2519 2513
831 823
2857 2893
1877 1585
1018 728
3232 3106
2152 3068
1118 697
3111 2669
1931 1587
1099 711
3694 2724
2999 2315
1222 643
3010 3050
1774 1713
829 907
3142 3348
3116 2296
1078 770
3273 3100
1869 1643
1145 734
3596 2968
2877 2526
1166 717
3139 3475
2134 1522
933 883
3318 3484
3231 2369
1000 867
3068 3611
2002 1600
1046 843
3757 3168
2613 2872
952 943
3410 3255
1842 1714
1024 891
3435 3720
2595 2919
1015 905
3544 3173
2140 1529
1085 881
4574 3158
2993 2570
874 1094
3383 3361
2100 1548
1021 945
4164 3703
3121 2533
1114 872
3553 3194
2370 1441
962 1016
3823 3929
2609 3122
1127 878
3488 3296
2173 1580
1219 812
3995 3961
3014 3039
1232 830
3698 3209
2138 1616
1130 938
4375 3989
3160 2977
1231 860
3588 3408
2084 1789
1065 1033
4293 4102
3476 2818
1107 989
3842 3494
2050 1865
1052 1065
4125 4489
3481 2921
1206 886
3785 3572
2131 1857
1193 901
3900 4731
3792 2854
1144 962
3963 3603
2000 2011
819 1351
4997 3926
4256 2665
1265 873
3892 3748
2394 1763
1217 928
4615 4247
3439 3479
1129 1051
4606 3337
2115 1968
1074 1102
4748 4184
3584 3328
1365 861
4205 3714
2499 1761
1190 981
4799 4135
4426 2666
1272 919
4046 3865
2349 1916
1262 933
4613 4432
3667 3377
1064 1146
4084 3969
2072 2216
1138 1090
5095 4111
3859 3200
886 1380
3877 4238
2447 1909
1355 900
4949 4371
3962 3186
1314 932
4493 3833
1790 2582
1209 1021
4424 4892
3880 3381
1135 1108
3766 4584
2914 1727
1273 991
4766 4652
3702 3614
1291 978
3852 4509
2229 2262
1226 1049
4688 4765
3457 3951
1269 1004
3856 4528
2522 2160
1268 1007
4972 4530
4062 3661
1221 1058
3770 4790
2752 2032
1210 1076
4487 5112
3390 4473
1229 1071
4630 3922
2848 1991
1412 961
4738 4945
4276 3583
1154 1177
4212 4425
2606 2302
1387 990
5503 4214
3992 3935
1168 1163
5248 3740
3422 1855
1263 1088
5151 5017
4296 3819
1089 1309
4590 4115
2896 2172
1351 1074
5702 4446
3982 4053
1247 1143
4413 4265
2766 2254
1464 1039
6494 5068
5225 3516
1319 1119
4950 3906
2906 2253
1382 1082
5916 5449
5329 3464
1342 1104
5770 3445
3080 2148
1235 1182
6208 5295
4340 4328
1100 1379
4609 4237
2555 2501
1337 1126
5766 5689
3919 4803
1079 1435
4140 4891
2527 2746
1140 1340
6125 5612
4308 4543
1381 1110
4727 4295
3149 2332
1357 1132
5613 6148
4265 4632
1161 1319
4567 4526
3056 2409
1230 1235
6856 5424
3780 5275
1433 1125
4420 4702
3414 2246
1188 1316
7454 5240
5010 4103
1225 1269
5070 4203
3188 2359
1643 1038
6527 5718
5177 3985
1238 1260
4924 4330
3250 2344
1240 1281
6265 6061
4645 4453
1516 1116
5036 4333
2975 2479
1354 1207
6358 6308
4113 5014
1386 1189
5198 4229
2776 2668
1471 1153
6349 6413
5250 3986
1402 1194
4695 4717
2897 2640
1388 1206
6752 6282
4885 4272
1562 1133
5423 4047
3200 2468
1506 1171
6748 6485
4562 4625
1682 1106
5239 4260
2899 2694
1420 1253
6746 6525
4723 4587
1419 1257
4699 4933
3379 2429
1513 1212
6699 6840
5261 4191
1635 1168
5912 3887
3287 2476
1533 1220
6380 7215
4906 4577
1526 1230
5685 4027
3784 2284
1398 1325
7514 6153
4977 4547
1607 1193
5127 4684
2939 2980
1505 1264
6751 6881
4843 4639
1345 1394
4964 4969
3298 2652
1525 1265
7075 6690
5298 4305
1876 1109
5221 4780
2953 3034
1490 1304
7169 6630
4884 4682
1472 1335
5403 4813
3343 2653
1793 1158
7010 7026
5476 4142
1449 1401
5619 4579
3511 2615
1367 1490
7368 6809
5448 4341
1576 1312
5769 4438
3591 2583
1706 1229
7857 6118
4980 4838
1601 1298
5635 4670
4905 2257
1539 1353
7384 6955
4971 4977
1717 1239
5918 4469
3577 2831
1310 1630
7480 6979
5779 4289
1312 1657
5795 4899
3672 2817
1768 1250
7087 7453
5183 4966
1482 1480
5705 5106
4182 2511
1725 1305
7131 7447
5131 5069
1371 1624
6234 4774
3598 2938
1407 1603
7234 7567
5574 4627
2013 1195
5898 5108
3538 3042
1744 1350
7319 7676
4764 5476
1874 1272
5640 5387
3568 3152
1825 1307
5583 4785
1401 1702
5810 5292
3473 3330
1544 1611
5659 4707
1627 1528
5798 5340
3491 3544
1806 1365
5711 4695
1987 1271
5634 5587
4472 2720
1600 1563
7032 3975
1429 1759
5852 5415
4173 2945
1883 1344
5227 5420
1813 1376
5303 6056
4231 2934
2015 1276
5644 5134
1554 1639
6983 4842
3530 3585
1736 1471
6220 4714
1509 1736
6168 5289
3952 3179
1781 1488
5819 5254
2147 1290
6014 5478
3825 3407
1868 1444
5944 5237
1881 1437
5822 5631
4080 3223
2155 1299
5402 5829
1890 1454
5003 7007
4162 3174
1478 1849
5839 5455
2032 1369
6498 5301
4078 3232
1733 1586
6321 5130
1330 2094
5714 5920
3908 3425
1910 1461
5882 5427
1487 1883
6744 5202
4092 3311
1839 1583
6558 5066
1962 1493
6154 5563
3873 3564
1602 1833
5324 6278
1908 1549
6192 5628
3790 3726
2128 1417
6245 5614
2141 1459
6608 5381
3863 3710
1592 1904
6304 5710
2409 1337
7045 5410
4325 3472
2105 1494
6036 5939
1831 1681
5618 6727
4561 3454
2118 1519
6977 5425
2028 1552
6489 5865
4226 3728
1992 1602
6353 5867
1814 1731
6586 5861
4908 3421
1738 1798
6556 5802
2057 1564
6481 6063
4407 3756
1867 1705
6430 5894
1872 1729
5954 6656
3930 4062
1919 1699
6682 5819
2180 1532
5486 7540
4091 3963
2062 1614
6255 6236
2286 1502
7507 5520
3879 4190
1939 1722
6503 6005
2377 1466
6828 5958
4306 3882
2290 1510
6552 6031
2067 1647
7049 5877
4294 3941
2498 1422
6725 5896
1843 1832
7858 5217
4187 4038
2235 1573
7197 5714
1902 1784
6790 6075
4497 3854
2497 1447
6753 5986
2083 1673
6233 6664
5418 3397
2252 1588
7128 5839
1792 1925
6299 6695
4429 3968
1971 1772
7040 6070
2126 1687
6493 6595
4193 4208
2082 1706
7133 6025
2305 1590
7557 5837
5284 3547
2165 1683
6933 6232
1683 2201
6771 6449
4404 4067
2442 1578
6550 6684
2220 1709
6603 6734
4859 3815
1721 2197
6501 6754
2484 1581
7041 6402
4760 3927
2483 1619
6262 7153
2298 1739
7388 6245
4652 4003
2041 1913
7569 6054
2240 1775
6839 6751
4741 4046
2070 1890
6417 7336
2078 1897
6357 7345
4812 4002
1879 2118
7162 6590
1951 2030
7619 6296
5393 3751
2094 1906
6951 7027
2238 1821
6892 7144
4595 4423
2306 1774
7813 6068
2949 1473
7165 6873
5689 3716
2227 1845
7253 6732
2221 1850
7401 6649
5044 4178
1979 2073
7317 6728
2254 1874
7602 6500
5051 4249
2178 1989
7130 7050
2531 1760
7248 7245
6324 3574
2438 1834
7581 6601
2213 2017
6985 7489
5469 4001
2074 2170
7629 6614
2754 1693
6246 7792
5285 4222
1904 2425
7736 6774
1719 2712
7157 7672
5196 4336
2179 2188
7357 7440
2471 1933
5414 4120
2500 1923
6873 7712
2534 1896
5118 4490
2151 2238
2796 1762
5534 4144
3016 1685
2075 2351
6383 3786
2620 1885
2063 2399
5539 4279
2730 1851
2629 1926
4866 5122
2507 2061
2533 2077
4855 5168
2430 2183
3052 1786
5672 4403
2480 2194
2784 1946
4783 5283
2977 1859
2792 1984
5350 4930
2439 2299
2891 1961
6132 4221
2709 2095
3388 1769
5461 4902
2924 1954
2858 1986
5558 4795
2205 2514
2583 2222
5831 4583
2860 2022
2550 2270
5797 4648
2853 2043
2614 2227
5021 5548
2888 2049
2506 2338
6733 4395
2639 2245
2808 2123
5878 4974
2489 2394
2986 2037
6139 4856
3036 2005
2463 2433
6259 4755
2048 2988
2111 2900
5821 5113
3618 1820
3412 1910
5588 5413
2300 2655
2944 2163
7015 4505
3006 2144
2671 2370
6193 5008
2854 2241
3073 2113
6050 5116
2836 2263
3372 1988
5862 5285
2915 2258
3316 2044
5827 5379
3025 2215
3151 2165
7096 4637
2782 2397
3249 2134
6470 5046
2625 2497
2450 2785
6659 5029
3681 1963
3135 2259
6462 5162
2934 2375
4203 1819
6150 5342
2532 2677
2913 2402
6662 5056
3130 2278
2657 2565
5950 5531
3253 2230
2717 2542
6448 5245
3515 2120
2565 2708
7485 4716
3172 2308
2604 2713
5993 5627
3483 2195
3891 1974
6616 5249
2819 2539
2735 2645
6730 5197
2864 2527
3021 2449
7321 5048
3257 2356
2928 2518
6618 5391
3756 2100
3631 2181
7246 5118
3314 2357
3241 2420
5645 6300
2901 2603
2818 2674
6842 5385
2964 2631
3282 2460
7376 5234
3262 2477
2855 2805
6719 5737
3643 2318
2963 2731
7673 5225
2925 2799
2786 2959
6643 5856
3012 2699
3506 2435
6421 6050
3447 2461
3238 2566
6690 5878
2800 2994
3062 2687
6591 5967
3156 2635
3368 2554
6294 6326
3650 2427
3268 2675
6341 6318
3270 2679
3407 2599
6487 6640
3315 2658
3398 2648
6530 6739
4259 2272
3290 2754
6326 7169
3326 2732
3376 2690
7554 6259
2283 4245
3305 2815
7490 6392
3009 3103
2996 3139
7508 6445
3352 2806
4374 2301
7723 6454
3594 2628
3564 2654
7752 6433
3421 2807
3076 3136
7571 6703
3367 2876
3587 2691
7185 7253
3589 2701
2968 3370
7579 6932
3129 3165
2759 3663
7759 7111
3294 3019
3440 2894
7601 7533
3303 3035
4016 2494
3778 2617
4033 2500
3176 3213
3285 3105
3166 3239
3691 2751
3742 2710
2988 3548
4264 2484
2908 3695
3524 3017
3725 2848
3760 2827
3373 3246
4021 2659
3855 2782
3528 3131
3727 2927
3045 3658
3768 2911
3929 2784
3845 2856
3747 2966
3500 3266
3693 3071
5200 2376
4491 2574
3444 3405
4302 2676
4824 2492
3773 3067
4024 2862
3724 3154
3394 3551
4034 2906
3329 3619
3661 3252
3647 3271
4399 2705
3797 3127
4377 2741
3498 3503
3687 3301
3807 3177
3912 3093
3534 3527
3910 3149
3579 3545
4274 2924
5116 2529
3668 3429
4560 2764
3531 3626
3229 3888
4163 3051
4120 3072
3566 3608
4204 3036
3851 3270
3571 3602
3153 4014
3543 3687
3059 4172
3264 3934
3625 3625
3634 3607
4381 2993
4102 3170
4273 3085
3934 3321
4253 3108
4690 2853
4451 3010
3460 3855
4211 3183
3896 3410
3470 3870
4708 2973
4004 3430
3944 3528
4247 3363
3915 3612
4089 3485
4323 3333
3662 3852
3788 3734
4395 3291
4303 3404
4238 3453
4365 3379
3541 4056
5283 2851
3699 3889
4234 3543
4158 3593
4064 3665
4143 3653
4435 3457
4059 3719
4455 3478
4068 3739
4474 3459
4319 3571
5731 2682
4198 3676
4911 3218
4868 3240
4460 3534
4461 3553
4448 3584
3920 3911
4468 3591
5388 3084
5142 3251
4846 3462
3637 4500
4632 3621
5006 3403
5236 3263
4037 3966
4999 3423
5016 3473
4626 3706
6020 2863
5268 3351
3532 4878
5390 3264
5396 3276
4771 3730
3639 4816
4215 4104
4507 3898
5405 3398
5054 3656
5316 3498
4926 3758
5136 3632
5171 3650
4314 4193
4466 4036
4223 4300
4989 3784
4640 3959
6698 2897
5398 3570
4955 3830
5438 3562
4795 3944
4599 4114
4530 4219
5629 3505
4333 4465
5890 3406
4476 4339
5370 3760
4749 4118
4746 4150
4944 4021
5194 3896
4841 4113
3895 5089
5404 3794
5355 3834
5407 3797
4691 4285
4974 4065
4948 4130
5020 4094
4960 4146
4693 4397
4984 4163
5137 4049
5321 3938
4611 4557
5348 3946
4284 4976
5214 4108
4711 4562
3894 5382
4912 4391
6049 3631
5257 4087
4936 4407
4605 4710
5488 3948
5688 3813
4879 4478
5902 3749
4951 4439
4237 5150
5079 4346
4932 4492
4716 4676
5521 3990
5081 4428
5280 4248
5400 4141
4772 4725
4909 4623
5506 4069
4406 5133
5064 4558
5237 4394
4648 4942
4750 4858
6340 3723
5726 3954
4847 4814
5046 4667
4929 4763
5251 4499
5124 4621
4828 4903
6224 3817
5646 4139
5014 4793
5078 4923
5459 4524
5320 4683
5605 4363
6119 3980
5032 5012
5409 4624
5515 4516
4813 5185
5286 4754
4656 5338
5349 4721
5425 4647
5346 4747
5311 4800
5182 4991
5908 4250
4854 5257
6347 3983
5566 4608
5281 4955
5917 4319
6293 4081
5871 4383
5195 5093
5723 4561
5785 4533
5861 4479
6153 4255
6333 4157
5740 4599
5889 4504
6261 4230
5612 4735
6155 4316
5550 4864
5470 4992
5652 4758
5963 4518
4667 5771
5361 5166
6161 4471
6329 4361
5854 4699
5217 5362
5774 4786
5759 4819
6860 4137
5733 4880
5799 4845
5895 4761
6281 4527
6761 4253
5159 5554
5914 4821
4362 6619
4489 6463
5952 4877
5626 5193
5651 5182
6836 4419
5676 5204
6009 4971
6164 4956
6249 4901
7636 4165
6301 4916
6066 5095
6361 4905
7306 4421
7193 4502
6819 4678
5979 5206
4970 6385
5696 5459
5806 5357
5893 5302
5543 5651
6632 4876
6013 5270
5069 6381
6987 4706
6072 5268
6660 4928
5768 5518
5692 5603
5615 5717
6734 4980
5751 5615
6519 5107
7172 4756
6622 5063
6382 5191
6416 5203
6575 5138
5223 6533
6079 5467
6792 5052
6314 5320
6610 5261
6899 5128
6454 5380
6762 5233
6104 5644
6906 5222
6531 5481
6492 5511
6715 5388
6513 5517
7664 4979
7145 5282
7046 5355
5299 7314
5788 6315
7614 5090
6029 6087
7730 5044
6677 5598
6167 5983
7249 5352
5519 7082
6090 6159
6694 5713
6511 5843
7038 5560
6844 5684
6342 6046
7278 5495
7644 5276
6404 6019
7638 5307
6059 6519
5866 6795
6122 6467
6364 6210
7232 5646
6379 6233
6455 6229
5784 7118
7362 5669
5997 6872
7262 5764
6331 6473
7382 5703
7316 5746
6222 6626
7266 5858
6866 6115
6435 6526
7703 5596
6159 6939
6561 6491
6936 6162
7008 6137
7080 6088
7123 6058
7802 5553
6439 6771
6966 6294
7495 5921
7783 5676
6666 6623
7175 6191
6718 6585
6867 6527
6280 7214
7078 6476
6446 7163
7073 6563
7711 5962
7561 6142
7174 6524
7627 6097
6959 6712
6569 7207
7153 6721
7136 6763
7471 6531
7552 6455
7399 6638
7332 6804
7018 7198
6780 7396
7657 6518
7042 7229
7604 6644
7066 7273
7745 6555
7806 6429
7314 7186
7394 7140
7549 6980
7739 6700
7650 6836
7481 7108
7502 7109
7114 7496
7793 6687
7669 6950
6984 7636
7706 6929
7466 7299
7588 7148
7033 7649
7762 6946
7304 7591
7671 7402
7349 7737
7888 6554
7716 7592
7681 7671
7891 7177
