1139800839 1308641291
1
sift 52
429 161
178 24
2372 526
1832 901
251 46
732 246
314 85
3035 921
4116 1393
380 101
1492 465
508 180
4606 2725
536 195
1397 507
489 208
652 205
2617 958
595 247
998 288
3702 1061
989 336
1051 354
4971 1299
1354 340
1672 312
2198 310
1270 415
1483 397
1335 462
1544 446
2041 497
2714 535
2670 570
2443 596
2052 675
2226 660
2151 723
2948 662
3026 725
4042 657
2812 778
2603 827
2878 845
2959 947
3188 1038
4201 897
3641 972
4655 915
3477 1397
5273 1334
5588 1402
1139800839 1339724796
1
sift 101
52 120
1027 1961
181 116
285 394
1684 5221
306 449
439 469
496 493
584 448
398 726
555 567
458 742
466 766
547 640
763 678
675 784
663 850
613 1018
705 978
719 986
722 1352
826 1187
962 1125
880 1342
814 1821
986 1412
1080 1390
1407 1236
1155 1546
1465 1470
1377 1719
1406 1704
1427 1907
1472 1899
1553 1835
1382 2049
1371 2116
1789 1978
1985 1851
1400 2933
1715 2337
1653 2552
2105 2030
1853 2372
1599 2992
2594 1855
1835 2528
2301 2429
2062 2793
2176 2723
2273 2682
2281 2678
2099 2971
2026 3082
2439 2703
2506 3246
2095 4043
2567 3435
2343 3828
2528 3548
2842 3514
3191 3631
3001 3976
2982 4013
3047 4126
4086 3294
2969 4509
3032 5115
3386 4669
3672 4486
3173 5191
3302 5806
4045 4778
3331 5803
4476 4304
3430 5836
4727 4247
4921 4416
4278 5010
4682 4694
3796 5961
4148 5548
3703 6843
5070 4890
4938 5012
4608 5324
4219 5945
4135 6262
4842 5275
3858 7132
4789 5846
4831 5946
4375 6889
4688 6573
4856 6850
5556 6154
5783 6122
5558 6840
5477 7047
5606 6982
5813 6909
1139800839 1472528885
1
sift 127
348 171
144 53
56 20
77 38
429 179
135 57
396 229
178 60
490 192
251 88
1038 446
308 91
453 239
314 147
1235 748
436 263
736 220
508 251
1634 637
489 264
532 291
536 255
1216 791
651 242
713 318
730 249
2372 879
595 313
1060 302
701 323
2531 971
831 320
1019 389
904 377
2306 1224
1016 511
1232 486
989 608
3035 1303
1076 550
1249 508
1332 526
3819 1201
1335 583
1492 589
1051 860
2801 1429
1340 640
978 1146
1286 705
2854 1755
1270 722
1432 790
1275 815
3707 1738
1483 745
1397 828
1544 919
4307 1715
1766 821
996 1498
2389 786
4246 1919
2083 768
1832 969
2610 996
4425 2407
2687 788
2365 883
2262 1074
4776 2426
2129 1098
2907 983
2226 1099
4365 2688
2319 1155
2540 1100
2052 1280
5089 3653
2267 1216
2928 1055
2878 1024
2714 1168
2617 1357
2583 1220
3664 1049
1567 2447
2849 1222
2670 1310
1714 2141
3204 1197
2603 1484
2639 1470
1895 2069
3226 1334
3853 1279
2959 1606
2752 1737
4448 1400
3651 1652
3188 1970
2613 2517
3640 1897
3894 1829
4116 1796
4042 1808
4201 1783
5618 1497
4655 1716
4360 1845
4939 1719
5156 1701
5148 1758
4205 2182
3403 2437
3913 2209
3483 2597
4338 2076
4370 2465
5594 2059
3477 3133
5588 2158
4459 2681
5273 2504
5787 2349
5634 3817
5747 2452
1139800839 1647351560
1
sift 87
230 140
135 27
5189 2286
2264 3570
251 76
429 127
308 84
314 101
490 138
508 143
489 170
436 195
651 167
532 181
453 197
535 183
595 202
598 214
701 205
713 222
1060 211
1051 275
1019 254
1054 264
904 371
1016 337
1232 316
1332 309
989 382
1189 347
1335 326
1728 301
1249 342
1275 424
1492 363
1340 391
1270 427
1383 390
1116 447
1393 421
1483 475
996 745
1544 470
2083 526
1832 699
2140 520
2198 539
2129 677
2191 621
2344 674
2207 734
2052 857
2319 768
2596 716
2849 767
2688 711
2907 698
3248 729
2540 834
2928 786
2959 837
2617 879
2512 941
2603 942
3664 810
3226 850
3126 950
3163 881
1714 1356
3188 1041
2639 1063
3362 1156
4042 956
4448 980
4049 1119
4201 1178
3913 1236
4116 1201
4360 1754
5618 1128
4469 1549
5273 1848
5328 1410
5687 1573
5557 2525
4205 2066
5750 1927
1139800839 1923562747
1
sift 56
67 73
104 84
147 112
168 174
181 268
459 278
383 359
707 351
491 589
763 1020
842 1138
1135 833
880 1299
1296 1278
1405 1617
1682 1679
2433 1968
2594 1877
2495 2715
1697 4998
2773 3062
3089 2971
2301 4297
3597 2779
3562 2878
3449 3169
3083 3800
2567 4896
3425 3802
3191 4208
2919 4746
3865 3768
3696 3982
4030 3724
3125 5175
4316 3881
4112 4550
4418 4240
3538 5488
4015 4818
4505 4278
2976 6729
5232 4272
3944 5836
4473 5572
4688 5402
5322 4988
4842 5973
5573 5671
4980 6586
5712 5788
5185 6525
5706 6033
5789 5950
5242 6997
5728 6800
1139800839 2046133546
1
sift 89
429 168
135 37
77 20
178 43
532 299
199 53
323 51
251 60
713 297
366 57
396 210
314 103
1492 458
380 164
556 220
516 227
1340 529
536 230
716 282
651 239
1397 636
595 259
560 388
701 318
2083 590
989 457
940 485
1164 421
1566 802
1335 459
1235 542
1332 484
1728 814
1354 500
1216 623
1051 641
1832 789
1483 645
1621 577
2497 476
2365 730
1544 727
1594 750
2028 655
2129 831
1745 764
1706 757
1766 771
2267 863
2198 693
1605 887
1223 1411
2617 1173
3664 709
2819 1199
2583 1021
2907 1140
2670 1000
2307 1552
2883 960
4116 1459
2714 1148
2916 1283
2752 1263
4210 1656
3320 1198
3794 1127
3651 1168
4687 1649
3640 1308
3849 1525
4201 1357
5594 1604
4042 1422
4915 1381
5236 1342
5046 2025
4078 1636
4814 1517
5391 1570
3913 2109
4425 1845
5576 1696
5138 1841
5814 2702
5787 1779
5273 2084
3334 3164
5557 2755
