159883320 1475597139
1
sift 195
489 251
128 45
195 119
975 346
214 102
132 40
1141 532
256 150
552 197
1720 838
394 322
322 179
1753 1013
380 200
508 296
1919 1003
493 301
586 280
1894 1022
669 279
835 253
2332 1458
797 380
1330 528
2716 1432
620 504
1409 726
2747 1627
786 468
1999 691
3471 1617
958 445
1452 864
4610 1628
986 489
1642 786
3558 1970
920 505
1863 769
3651 2016
1201 600
2063 846
4109 2135
1267 663
2615 731
3574 2202
1446 602
1980 910
4474 2490
2112 951
2982 901
4395 2549
2258 1122
1986 1070
5319 3116
2474 1045
2300 1142
5784 3132
2191 1214
2267 1243
4738 3902
2199 1377
2215 1385
5037 3690
2436 1331
3046 1155
5821 3484
2885 1533
2372 1428
6322 3493
3469 1531
6786 1037
7579 3025
3432 1658
4639 1234
9821 3149
3002 1834
3508 1620
7410 4116
3569 1643
4123 1527
7174 4709
2991 1880
4567 1508
8261 4322
3758 2005
5533 1514
7165 4874
3881 2107
3732 2017
6547 5756
4239 2027
4203 1875
8480 4612
4310 2047
5848 1562
7970 5021
4824 1931
5105 1924
9456 4792
3603 2721
5570 1866
7357 5908
3969 2599
4688 2128
9624 5205
4322 2483
4829 2140
9988 4814
4272 2662
5035 2321
9550 5371
3704 2969
5390 2211
9765 5383
5471 2204
4264 3098
7152 6979
4437 2624
5060 2636
5086 2486
7147 2069
4730 2626
8393 2090
4945 2588
6248 2666
4051 3115
4934 3662
4064 3430
8112 2541
7121 2196
6196 3037
5178 2799
5701 3756
4712 3058
5738 3741
5862 2679
6157 3835
5499 2836
6526 3461
4430 3693
6516 3643
5823 2879
9207 2621
5393 3089
7952 3079
5692 3467
6292 3715
6078 3561
7078 3663
6850 3313
7495 3262
5792 3958
6043 4278
6671 3589
6627 3939
6997 3498
7166 3691
6286 3963
5935 4417
7444 3667
9284 3035
6869 3966
9021 3361
7333 4073
8619 3558
6585 4678
8326 3684
7736 4168
7399 4121
7365 4359
8971 3545
9663 3729
9582 3893
7213 4552
7868 4391
7978 4418
9276 3977
7611 4846
7947 5277
7492 5024
9968 4580
9451 4759
8005 5396
6766 6481
8888 4966
9547 5821
9569 5042
7979 5653
8561 5536
9957 5368
8445 6438
9779 7295
8172 7457
9498 8341
159883320 2118799435
1
sift 204
605 1088
244 398
118 231
1125 2613
136 229
254 393
975 1846
256 391
219 293
1651 2503
193 366
706 928
1141 1762
315 466
381 803
1745 2452
322 485
612 1475
1810 2585
337 528
672 614
1564 2806
380 636
783 1456
2079 2684
441 728
586 765
1836 3178
650 961
1132 1026
1812 3574
772 992
835 1228
1866 3193
669 1319
911 1544
1958 3186
733 1539
977 1448
2322 3077
920 1328
966 1740
2223 3526
1037 1199
1051 1471
2200 4041
932 1428
1093 1885
2508 3373
897 1564
1386 1530
2411 3668
961 1459
1484 1981
2311 4077
958 1785
1391 2245
3075 4342
1155 1659
1437 2466
3057 4243
1158 1805
1652 2117
3089 5389
1440 1951
1759 2791
3893 5665
1642 2034
1898 2410
4401 4192
1550 2205
2372 2365
4062 5519
1446 2461
2215 2402
3766 4990
1886 2465
1940 3480
5531 6548
2199 2339
1744 3374
3295 6339
1695 3279
1774 4242
4955 7404
2190 2438
2003 3529
3534 5929
1971 2922
2272 3216
5546 9623
1981 2974
2291 2927
3660 5753
2137 2912
2536 2903
5465 9820
2156 2893
1899 4370
3479 6876
2112 3026
2345 3430
6883 7406
2063 3310
2125 4636
4028 9760
2436 2702
3550 2948
6969 9658
2332 3125
2300 4631
6251 7797
2188 3557
2404 4936
7090 9795
2121 4427
2748 3966
7642 9954
2570 3375
2532 6070
9576 9758
2702 3379
2428 6281
2427 3976
3134 4922
2851 3586
3046 4796
2885 3672
3068 5574
2868 4204
3268 4818
2736 5097
3419 5260
3885 3338
3035 5483
3490 4032
4116 4432
2801 6036
3485 6422
3603 4640
3776 5955
3675 4660
3833 5984
3593 4901
4115 6382
3432 5481
4699 4992
3758 5404
3626 7734
3968 5175
4240 6625
4051 5186
4634 6615
4011 5572
4522 6865
3753 6176
5052 6186
3654 6523
4360 7776
4239 5989
5058 6748
4086 6345
4567 7530
4448 6466
8840 4313
4322 6780
4927 7122
4537 6538
5652 8874
4894 6032
4829 7851
4824 6365
6575 9710
5484 5639
6201 7037
4945 6432
6703 9700
4579 7347
5783 7854
5708 5930
6915 8988
5471 6397
5105 9894
4287 9871
8251 7701
5393 7222
6248 9712
5178 7536
6386 6319
5136 8488
5182 8491
5354 8101
5499 8071
5935 7927
6286 7538
5695 9997
6908 8249
7216 7719
6527 9885
7200 8303
7554 7845
6874 9709
7365 9856
7388 9912
