16635677 62563091
1
sift 84
98 20
220 88
325 112
373 164
442 161
412 180
585 157
467 202
509 204
708 205
427 284
562 238
597 315
846 341
899 336
782 388
664 420
900 384
794 450
826 560
1567 428
1603 441
1534 502
1450 545
2303 465
1462 596
1649 584
1601 702
2569 551
2354 614
1555 794
2349 647
1437 840
2557 635
1690 785
2591 646
1482 870
2339 714
2770 740
2203 830
2809 766
2221 934
3281 768
1920 1060
3752 745
3149 803
2441 1008
3416 815
3175 888
3333 908
2304 1167
2950 1030
3920 875
3550 1000
2861 1146
4080 960
2600 1315
3401 1241
4516 1121
2994 1420
2906 1516
3238 1473
3803 1374
4261 1316
3245 1639
2716 1933
2525 2088
3991 1530
4821 1357
3383 1801
4541 1494
4495 1733
3964 1922
3513 2153
3915 1987
4490 1886
3766 2243
5225 2057
4714 2329
4192 2824
4760 2707
4806 2915
4930 4038
5403 3955
16635677 72750703
1
sift 79
208 231
258 421
243 668
272 683
304 707
342 635
308 779
309 789
457 623
380 879
487 736
502 819
401 1166
511 999
616 847
555 1019
554 1121
580 1285
586 1392
743 1117
909 1227
775 1653
832 1412
881 1289
992 1237
917 1338
786 2020
697 2618
936 1486
865 1841
978 1654
1203 1420
824 2512
946 1968
911 2284
1149 2102
1206 2109
1315 1918
1210 2275
1530 1782
1226 2535
1215 2919
1458 2346
1326 2846
1587 2629
2479 1684
1513 2797
1591 3077
2184 2299
1892 2715
1621 3460
1684 3450
2187 2588
2194 2731
2099 2840
1771 3542
1715 3905
2058 3880
2307 3480
2374 3397
1759 5332
2112 4166
2512 3780
2737 3772
2049 5381
2497 4901
2524 4950
2378 5471
3289 3691
3321 3744
2663 5034
3134 4986
3745 4322
3847 4772
3787 5496
4267 5015
3677 5762
4523 5113
5525 5150
16635677 148862797
1
sift 55
1619 605
477 265
551 373
2012 1603
720 662
796 710
4421 1475
841 674
1312 626
4664 1645
1466 615
1123 829
5495 1850
1302 913
1509 825
1737 844
1729 1156
2198 991
2268 1222
2626 1136
2212 1297
2314 1453
2399 1430
2724 1303
2843 1336
2027 1797
3048 1442
2840 1570
2991 1591
3485 1465
3827 1427
3276 1815
3530 1919
2816 2397
3886 1804
4201 1739
3593 2232
3497 2297
3508 2382
3923 2180
4481 2051
4654 1999
4883 1963
5733 1726
3758 2518
4783 2202
3253 3236
4900 2314
4680 2485
5269 2441
4812 2609
4706 2827
4246 3198
5745 2383
5691 2973
16635677 268847495
1
sift 422
1562 597
25 13
1619 919
3323 2159
32 19
2938 2202
52 40
4502 2609
69 51
102 49
4883 3094
101 55
85 66
4642 3511
118 65
106 77
4722 3648
84 100
105 93
5408 4002
97 104
99 123
135 115
162 109
184 121
173 135
195 137
240 126
228 132
260 149
314 154
243 221
266 192
252 214
271 193
236 262
294 200
264 237
258 259
318 208
289 246
323 224
292 256
395 191
453 189
309 303
391 250
376 267
408 274
369 309
342 381
401 324
501 281
477 304
368 374
462 343
457 361
428 393
512 337
651 284
452 386
513 350
502 363
357 529
582 334
463 430
545 365
515 447
551 414
668 392
511 530
555 508
709 431
854 373
616 478
609 510
626 560
554 672
706 536
722 534
720 550
580 712
796 558
860 511
841 553
743 641
873 548
919 551
832 680
786 731
604 1033
852 720
1107 619
909 710
1251 585
790 891
946 707
917 752
1003 743
906 809
978 775
1096 728
996 776
1313 659
865 930
1130 749
991 843
1140 796
1112 813
1101 835
1176 805
1056 923
1099 892
1138 868
881 1136
1301 802
876 1190
1167 902
1559 713
1536 725
1203 883
1124 950
1466 755
1288 829
1245 867
1346 840
1233 921
911 1314
1362 906
1241 989
1184 1041
1315 970
1200 1031
1115 1155
1452 924
1338 1015
1372 1003
1149 1213
1328 1028
1617 913
1210 1176
1279 1096
1960 810
1580 969
1226 1228
1085 1443
1635 966
1884 889
1666 1013
2008 886
1353 1242
1297 1305
1530 1104
1588 1066
1550 1097
1206 1476
1678 1068
1693 1071
1963 985
1650 1142
1506 1263
1431 1338
2514 864
1495 1316
1874 1063
1316 1525
2151 1006
2149 1011
1737 1209
1513 1387
2069 1045
2011 1101
1458 1511
2086 1127
1843 1273
1665 1438
1859 1294
1924 1256
2262 1120
2314 1089
1701 1480
1598 1590
2212 1223
2027 1302
1850 1415
2431 1133
2184 1239
2109 1274
1990 1353
2172 1319
2268 1312
1735 1662
2023 1452
2016 1455
2727 1146
1825 1612
2159 1440
2194 1421
1771 1721
2456 1321
3229 1046
2185 1450
2237 1448
2397 1366
1976 1599
1715 1904
2093 1548
2733 1286
2579 1360
1871 1810
2799 1311
2284 1529
2555 1423
2112 1664
2143 1676
2779 1372
2631 1472
2198 1714
2377 1609
2230 1755
3539 1214
2626 1523
2091 1896
2986 1404
2288 1819
2084 1991
2434 1775
2187 1961
2374 1847
2506 1757
2385 1854
2980 1493
2504 1825
2402 1907
2307 2047
2522 1864
2916 1621
2378 2076
2384 2080
2868 1703
2666 1868
2843 1739
2376 2102
2223 2245
2530 2005
2624 1976
2532 2073
3337 1633
2840 1912
2621 2096
3553 1567
2892 1921
2438 2317
3141 1814
2390 2404
2744 2118
2798 2086
2800 2112
3021 2023
2627 2359
2468 2547
2821 2227
2826 2240
3271 1980
2546 2529
3132 2160
2663 2596
2929 2322
2869 2376
3373 2090
3747 1920
3324 2125
3196 2222
3084 2270
2642 2727
2852 2523
3109 2324
3156 2307
2962 2463
3642 2089
2975 2458
3302 2254
2828 2643
3505 2178
2320 3316
2933 2584
3742 2124
3222 2401
3307 2352
3514 2242
3827 2131
3497 2282
2904 2794
3289 2474
2884 2851
2991 2819
3247 2631
3134 2742
3436 2528
3668 2377
4868 1929
3202 2741
3532 2503
3772 2360
3181 2773
3113 2843
3005 2968
3153 2874
3412 2710
4599 2083
3236 2842
4443 2152
3708 2536
3816 2498
3921 2451
3482 2771
3035 3158
4123 2416
3417 2924
4154 2433
3260 3068
3787 2715
4544 2269
3677 2826
3454 2993
3510 2969
3776 2789
3344 3125
3300 3204
3977 2708
3777 2865
3994 2760
3884 2877
3598 3095
3823 2931
4004 2829
4282 2624
3394 3329
4222 2732
4297 2666
3508 3256
4089 2869
3490 3357
3485 3400
3599 3279
3463 3427
4201 2863
4301 2822
3439 3596
4952 2590
3758 3320
4016 3168
4219 3071
4439 2922
3809 3429
4456 2933
4257 3092
5525 2504
3908 3377
3998 3383
4912 2830
4105 3300
4654 2937
4406 3090
4815 2907
4041 3438
5743 2495
4841 2965
4287 3270
4653 3080
5465 2796
4977 3088
4888 3129
4355 3440
5672 2837
5157 3096
4967 3172
5446 2962
5216 3086
5513 2943
4168 3795
5178 3137
4576 3431
4536 3465
5593 2950
4743 3376
5032 3284
4497 3703
4409 3796
4705 3602
4533 3732
5169 3356
4783 3581
5187 3388
4780 3738
4410 4076
4608 3882
5740 3154
4751 3849
4434 4167
4681 3974
5306 3557
4528 4142
5473 3516
4494 4207
5043 3806
5132 3790
5548 3554
4470 4332
5764 3282
5281 3827
4312 4429
4982 4117
5450 3792
5581 3742
5268 4063
4944 4300
5292 4184
5298 4339
5538 4180
5596 4304
5585 4448
16635677 362442651
1
sift 67
547 1438
215 186
101 247
162 275
321 505
410 434
501 795
868 1292
419 1041
551 973
1334 1576
616 892
706 1125
1853 2883
668 1205
909 1339
2820 4151
796 1794
865 1608
4510 5420
978 1783
996 1784
4555 5840
1251 1516
1124 1713
1200 1605
1203 1693
1141 1830
1123 2044
1302 1979
1184 2418
1439 2038
1315 2374
1598 2415
1650 3163
2086 2631
1737 3367
2514 2569
2212 3260
1892 3942
2402 3363
1723 5197
2540 3208
2237 3909
2799 2999
3235 2712
2624 3922
2891 3705
3237 3455
2843 4318
2752 5334
4134 3426
2821 5147
3156 4427
3324 4308
3077 4819
3641 4181
4081 3883
3229 5263
3253 5270
3793 5018
3904 5354
3817 5511
4123 5481
4076 5686
4886 5210
4219 5892
16635677 456750183
1
sift 71
176 51
3705 2494
307 141
193 57
3125 1227
477 144
551 186
3897 1116
968 213
630 327
5402 1155
720 325
706 348
5495 1308
796 326
996 329
1123 377
1466 342
1362 361
1312 379
1184 460
1074 524
1233 526
1301 514
1323 532
1666 481
1439 558
1509 559
1703 536
1737 539
1729 548
2278 538
2114 568
1650 663
1850 660
1675 728
2514 611
1984 694
2018 724
2198 718
2328 714
2313 725
2212 784
2626 705
2843 756
2456 873
2224 1025
2805 905
3276 888
2879 977
2840 1001
3267 983
3827 963
2991 1184
3196 1203
3869 1092
3923 1129
3886 1143
3302 1358
3508 1371
4502 1205
4654 1247
4146 1428
4312 1403
4722 1338
4783 1502
4900 1489
5268 1505
5733 1415
5475 1495
4977 1641
16635677 595444731
1
sift 455
27 24
108 92
772 626
33 25
43 30
101 118
477 1478
97 44
109 103
244 158
1166 1024
165 89
251 94
195 200
1301 1711
178 116
225 110
166 272
1729 1859
203 189
322 148
241 286
1737 1950
269 178
342 163
336 381
1984 2197
373 164
367 188
501 560
2138 2225
294 240
379 210
512 530
2559 1943
340 255
502 190
1107 993
2212 2355
467 213
431 234
1289 1400
2268 2343
452 231
417 278
1620 1229
2757 1893
455 280
511 248
1480 1476
2507 2112
369 340
507 269
1648 1532
2540 2756
428 310
457 304
1538 1689
2843 2662
585 258
391 389
1611 1864
2626 3042
462 346
436 376
2008 1624
2952 3002
487 354
604 298
2397 1604
2943 3160
479 405
1031 223
2131 1762
2891 3252
664 289
539 432
2266 1839
3178 3273
630 368
626 429
2136 2456
3196 3514
786 365
545 507
2555 2198
3012 3769
782 391
523 575
2055 2916
3557 3331
534 567
780 408
2404 2615
4456 3286
845 374
566 549
2150 2966
3508 4396
745 458
551 669
2631 2524
3302 4856
645 591
720 562
2492 3303
3827 5010
676 598
722 583
3052 2656
4146 4933
775 551
706 615
3173 3133
4639 4391
714 664
771 647
2792 3864
4312 4826
909 525
844 574
3642 2860
5710 4902
1006 527
936 565
3457 3439
5737 5290
820 689
852 656
3839 3367
1210 555
961 699
4481 3801
1096 649
917 723
4076 4308
738 1053
978 738
3551 5263
921 775
841 892
4491 4271
1137 695
1326 631
4297 4558
1206 698
1297 671
4912 4908
1333 659
951 860
5178 5041
860 984
1138 794
970 946
1213 771
996 927
1196 805
1539 712
1431 803
1003 1137
1184 1017
1200 1009
1315 926
1241 988
1266 969
1167 1077
1140 1099
1958 719
2033 706
1279 1005
1316 1004
1215 1094
1338 1014
1440 964
1124 1249
1211 1147
1689 854
1513 958
1233 1153
575 5115
1771 847
1690 939
1649 972
2156 800
1753 925
1825 954
1530 1120
1715 1046
2049 952
1312 1494
2227 945
1907 1049
1339 1492
1598 1252
1845 1102
1346 1560
1580 1332
1634 1379
2550 974
2358 1052
2293 1076
1666 1457
2243 1146
1693 1485
2190 1169
2221 1162
2936 956
1850 1405
2096 1266
1550 1720
1871 1428
2014 1395
1892 1510
2608 1143
2134 1351
2759 1118
2069 1438
2234 1356
2452 1284
1879 1685
1960 1630
2378 1430
2352 1452
2384 1441
2525 1374
2621 1329
2091 1616
2716 1318
2084 1658
2307 1582
2700 1385
2640 1431
3121 1225
2508 1505
2523 1536
1942 1968
2911 1363
2110 1841
3167 1285
2642 1538
2313 1734
2402 1694
3671 1193
1924 2204
2434 1764
1665 2842
2185 2063
3244 1437
2828 1618
2377 1967
2027 2304
3486 1415
2906 1651
2194 2309
2861 1709
2831 1732
3394 1511
2852 1776
2884 1770
3123 1663
2532 2106
1679 3536
3209 1687
3417 1622
2456 2286
3534 1627
2376 2458
3560 1636
3383 1715
3840 1577
2821 2070
2424 2464
3134 1854
2568 2344
3187 1861
2685 2272
2823 2159
2869 2107
2798 2210
2524 2493
2826 2259
3076 2076
2962 2172
3194 2029
3289 1998
2599 2589
2933 2307
3211 2133
2605 2702
3558 1969
2697 2611
2484 2893
2834 2513
2724 2716
2799 2626
2288 3379
3626 2066
3474 2163
2988 2480
2733 2785
2800 2753
3482 2220
3156 2420
3628 2156
2531 3216
3599 2238
3321 2426
3013 2643
3236 2479
3219 2504
3803 2181
3823 2179
3084 2665
3510 2410
3201 2593
2985 2796
3986 2189
3818 2290
3370 2601
4106 2208
2765 3298
4420 2060
3700 2492
3915 2407
3514 2650
3427 2722
3285 2850
3412 2762
3964 2429
4078 2373
3109 3059
3506 2734
4085 2390
4182 2333
3222 3054
3400 2913
3713 2684
2970 3455
2980 3488
3817 2717
3505 2988
3914 2731
4338 2483
3603 2995
3575 3016
3492 3101
3984 2747
3727 2936
3884 2861
2816 4117
3979 2829
3808 2972
4725 2448
4781 2468
3724 3108
2904 4105
4193 2793
4364 2682
4681 2565
3923 3096
4115 2981
4986 2511
3704 3442
5182 2517
3604 3571
2916 4596
5410 2496
2986 4488
5086 2610
4523 2863
4434 2940
5327 2602
3324 4120
4127 3279
4071 3343
5215 2677
4222 3239
3373 4154
4536 3017
4097 3416
4257 3268
4470 3100
5039 2909
4889 2994
3921 3748
4497 3247
4542 3213
5453 2815
3672 4144
4713 3201
4287 3651
4930 3241
4168 3831
4519 3603
3530 4903
5190 3256
4758 3579
4653 3634
4125 4149
5516 3157
3777 4833
4756 3697
4016 4487
5531 3318
4904 3690
5585 3316
4089 4590
5672 3321
4550 4033
4235 4478
5154 3745
4981 3822
4765 3956
5646 3433
4892 3892
4785 4026
4951 3916
4570 4215
5594 3581
5572 3585
3998 5181
4748 4232
4576 4400
5338 3865
4535 4599
5743 3591
5033 4192
4439 4795
4814 4414
4539 4674
4501 4785
5425 4005
4476 4909
5481 4042
5465 4131
5401 4183
4706 4845
5187 4492
5552 4165
5073 4679
5580 4239
5213 4663
5169 4779
4815 5211
5198 4959
5414 4731
5379 4946
5097 5169
5528 4817
5428 5084
5375 5246
5633 5153
5740 5227
5754 5145
5670 5311
16635677 683079722
1
sift 170
77 87
129 211
190 5140
121 117
220 140
165 228
1652 1401
221 155
205 190
372 375
225 186
325 192
357 602
373 288
476 252
284 1089
412 272
442 287
368 1098
585 260
509 291
452 1015
467 357
686 323
664 729
572 398
838 528
511 1267
899 532
745 723
561 1145
782 720
1820 487
555 1940
826 921
1669 542
918 1086
1145 708
962 945
781 1461
1425 768
2323 609
832 2862
1603 791
2282 694
946 2867
2409 679
1534 922
948 3495
1438 999
2303 814
1006 3227
1375 1162
2034 868
1206 2646
2148 857
1437 1176
1149 2911
1601 1103
2064 950
1561 2068
1554 1346
2354 1047
1210 3183
2569 1055
2349 1169
1716 2352
2186 1284
2636 1216
1845 2195
1624 1832
3162 1184
2240 1993
1920 1806
1690 2053
1431 4389
2221 1604
2203 1634
1458 4599
2304 1575
2339 1579
1689 3827
3265 1250
2770 1381
1825 3634
2809 1390
3069 1527
1645 4297
3149 1525
3175 1524
1610 4595
2790 1784
1898 2578
2857 2359
2392 2082
3103 1746
2714 2567
3568 1572
3543 1611
1753 5231
3333 1724
2490 2417
2546 5308
3663 1721
3550 1773
2824 5099
2950 2062
3024 2056
3134 5226
2994 2148
3611 1977
3840 6275
4028 1855
2525 2980
2664 2859
2761 2751
2716 2820
2753 2790
2906 2659
3067 2512
3401 2374
3238 2515
4080 2058
3920 2343
3262 2836
3245 2935
4360 2202
3803 2671
4516 2437
4256 2621
4261 2684
4265 2882
4490 2766
4083 3012
5629 2377
3830 3309
4897 2796
5148 2693
5323 2704
3992 3466
3383 4225
5368 2837
3915 3654
4747 3105
3766 3896
3628 4291
4821 3268
3654 4316
4957 3234
3945 4089
5673 3030
4367 3850
4151 4142
4714 3664
4984 3603
5225 3506
4541 3928
5614 3497
5720 3437
4047 4846
4382 4485
4334 4863
5404 4174
5382 4511
4742 5050
4305 5690
5480 4547
4378 5826
5101 5947
5164 6294
16635677 756063153
1
sift 152
4988 3976
77 44
97 64
122 59
221 85
225 113
205 197
412 133
373 173
342 236
467 187
509 190
471 244
597 211
572 269
753 235
507 407
604 356
785 314
664 379
665 420
826 377
846 400
794 443
866 432
963 433
1329 357
786 603
900 540
1438 449
1332 472
1450 461
352 5240
1437 502
1031 698
1204 653
1374 597
1601 555
1603 580
1149 829
911 1027
1206 807
1649 674
1554 772
2186 660
1446 850
1539 838
1381 915
2175 697
1226 1078
2569 695
1297 1091
2354 729
1624 990
2349 806
2225 843
1920 972
2203 908
1561 1185
1690 1110
2392 887
2177 971
1689 1167
2441 906
1898 1082
1825 1188
2566 1000
2809 944
2220 1233
2550 1216
2761 1176
2226 1355
3550 1020
3238 1089
3401 1147
2525 1390
3042 1247
2716 1402
3333 1240
3168 1269
2600 1492
2906 1367
2546 1659
3997 1260
3245 1500
3587 1473
4083 1362
2931 1782
3134 1722
2612 2030
2965 1820
3394 1684
3830 1635
4047 1594
3965 1675
4361 1596
3915 1758
4897 1544
4261 1711
3383 2092
3803 1934
2884 2483
3974 1925
3628 2069
3244 2320
4516 1764
3119 2419
4702 1766
4334 1880
4492 1842
5225 1720
4078 2022
3840 2145
3684 2260
3964 2115
3344 2480
4821 1861
3896 2256
2793 3289
3099 2839
3408 2632
4909 1992
4760 2032
4382 2174
4714 2087
2984 3254
5410 2052
5404 2066
4537 2438
5614 2112
4104 2707
5673 2093
3117 3731
4061 2968
4547 2664
4532 2852
4391 3009
4725 2820
5572 2534
4681 2945
4503 3452
5164 3184
4071 4012
5710 2932
4930 3567
4608 4001
4984 3887
4151 4837
4889 4032
4767 4691
5516 4254
5646 4637
16635677 781759124
1
sift 72
122 160
4623 1143
97 336
225 284
3854 6715
325 292
236 1302
308 909
509 605
303 1361
467 687
708 698
572 1075
597 1116
785 990
745 1351
846 1183
561 3250
1596 922
555 4710
1425 1213
963 2888
1567 1861
2282 1643
2636 1509
1690 2445
2064 2122
1450 3543
1446 4026
1206 5834
1624 3775
3162 2123
1845 3697
2849 2391
1898 3860
2203 3415
2354 3305
2569 3071
2557 3109
2770 2970
3265 2681
2802 3490
1908 5418
3024 3222
3149 3111
3611 2755
3663 2767
3568 2869
2790 3650
3069 3429
3543 3142
3416 3242
3333 3573
2716 5109
2240 6718
3550 3762
3920 3557
2608 5581
3963 3774
2486 7056
3906 4487
4083 4542
3803 5097
4897 3933
5323 3839
4265 4801
4832 4719
4714 5553
4490 6610
4957 6086
5368 6571
5404 7497
16635677 850672740
1
sift 295
496 213
16 30
3 6
14 29
2596 1542
215 179
26 59
41 91
183 283
49 133
57 136
207 294
58 142
102 118
194 401
84 145
97 183
321 529
140 138
99 228
480 833
124 237
123 253
533 1009
170 270
165 303
627 956
177 423
178 422
733 1049
326 231
202 429
868 1204
258 341
248 386
806 1527
213 484
220 528
897 1693
269 403
263 454
1022 1621
251 488
230 628
898 1900
483 268
490 292
1334 1334
243 683
284 521
1173 1604
303 538
275 751
1175 1630
309 713
410 513
1013 2260
308 767
342 684
959 2476
300 900
325 779
1174 2229
344 878
380 719
1254 2432
362 864
457 639
1253 2478
357 955
431 710
1520 2686
433 733
407 896
2395 1950
468 831
404 987
1853 2851
402 1036
463 942
2406 2246
461 1023
507 948
1728 3374
401 1394
471 1099
2419 2407
616 793
467 1244
1838 3298
554 944
456 1401
1883 3430
511 1103
498 1359
2297 3511
671 913
469 1573
2043 4334
580 1046
555 1285
2455 3922
561 1397
604 1366
2681 3734
686 1254
730 1226
2623 3939
660 1391
832 1353
2688 4174
790 1505
978 1122
3137 3441
865 1400
781 1806
2775 4484
798 1700
1018 1263
2755 4611
760 1973
786 2041
2806 4687
917 1531
875 1684
2661 5015
1136 1357
753 2522
2820 4864
876 1845
965 1631
2444 6139
903 1778
822 2138
2939 4969
766 2582
998 1706
2935 5091
911 1960
1406 1332
3313 4987
1196 1537
847 2398
3176 6294
946 2052
1149 1797
3650 5342
1353 1645
1057 2353
3435 6183
1210 2272
1098 2681
4148 5808
1105 2748
1530 1848
4521 5747
1315 2175
1206 2436
4042 6798
1177 2562
1182 2706
4525 6747
1407 2140
1458 2142
5083 6849
1241 2665
1226 2771
1145 3146
1211 2938
1283 2635
1204 2972
1227 2922
1271 2729
1179 3226
1326 2862
1354 2915
1352 3055
1823 2201
1381 3135
1483 2951
1528 2837
1281 3638
2184 2000
1828 2397
1215 4178
1622 2897
1297 3965
1749 2657
1610 3044
1468 3411
1586 3173
1684 2999
1556 3378
1759 3070
2105 2520
1771 3167
1892 2925
1524 4048
1871 3117
1425 4572
1601 3862
1393 4844
1614 3931
2020 3006
1690 3983
2510 2557
1669 4324
1715 4100
1438 5439
1689 4325
1596 4776
1720 4226
1881 3831
2274 3274
3695 2094
2358 3283
2666 3074
2607 3184
2307 3695
2227 3861
2127 4052
2332 3678
2058 4298
2363 3865
2177 4378
2523 3641
1831 5605
2203 4850
2059 5164
2743 3744
2246 5010
2166 5192
2979 3537
2148 5312
2628 4212
2145 5370
2490 4590
2424 4831
2243 5331
2361 5003
2512 4797
2534 4812
2112 6168
2189 6025
3354 3551
2118 6331
2034 6704
2716 4690
2857 4536
2525 5320
3432 3716
3714 3435
2636 5268
2869 4799
2304 6713
3256 4234
2877 4971
2639 5702
3405 4203
2355 6771
3156 4591
2884 5195
3323 4630
2831 6089
3850 4271
2608 6903
2809 6304
2754 6709
2828 6509
3073 5782
3816 4669
3411 5262
3872 4689
2778 6920
3589 5230
4081 4668
4326 4388
3884 4921
3914 4905
4113 4681
4710 4117
4097 5219
3655 6159
3756 6109
4047 5629
3534 6868
4222 6068
3802 6904
5342 4888
4115 6595
4426 6083
4673 6302
5169 5911
4503 6944
5767 6569
16635677 1119887588
1
sift 298
32 26
73 65
575 184
52 42
102 53
4481 3007
796 694
69 69
85 80
4186 3484
869 741
84 102
106 99
4900 4047
1141 774
101 110
135 122
1301 990
162 134
184 159
1323 1128
173 210
195 206
1123 1379
240 169
228 186
1372 1157
264 219
289 214
1362 1320
258 260
271 242
1666 1169
266 271
292 249
1509 1481
391 217
318 296
1737 1480
323 322
457 339
2514 1139
408 377
462 360
1990 1551
501 335
545 353
2212 1548
512 413
651 356
2626 1824
523 479
551 476
2506 2211
616 439
582 470
2540 2331
668 462
566 529
2403 2836
626 501
709 493
3493 2175
586 625
738 547
3276 2374
706 576
722 583
2991 2712
860 611
832 665
3302 2531
873 656
852 691
2805 3410
841 728
909 698
3132 3035
906 770
1107 713
3827 2528
917 836
978 817
3113 3183
1015 804
1003 819
3886 2938
865 1011
1140 780
3508 3507
991 881
1112 831
4654 3492
996 1004
1176 869
4967 3424
1312 786
1138 926
4456 3949
1167 910
1214 893
4410 4201
1536 776
1177 974
4783 4054
1200 969
1391 920
4642 4256
1096 1144
1466 901
5398 3688
1315 992
1559 870
5452 4395
1233 1035
1353 1025
1580 936
1530 958
1346 1078
1241 1201
1279 1205
1338 1165
1439 1089
1960 971
1288 1418
1617 1163
2004 1008
1513 1294
1790 1117
1874 1061
1634 1220
1550 1323
1316 1610
2008 1107
1701 1315
1598 1419
2412 1049
2184 1131
2151 1148
2011 1214
2069 1249
2086 1248
2194 1255
1850 1450
2156 1303
2149 1341
1591 1763
1963 1459
1785 1865
2314 1483
1723 2022
3229 1158
1871 1798
2017 1669
2027 1737
2123 1698
2374 1583
2284 1641
2185 1718
2109 1773
2224 1766
2093 1872
2198 1827
2799 1476
2091 1994
2579 1672
2329 1873
2563 1719
2397 1887
2532 1767
2376 1943
2530 1812
2779 1664
2744 1712
2555 1840
2702 1747
2629 1869
2112 2318
2266 2225
2793 1788
2624 1964
2402 2202
2777 1972
2384 2342
2891 1940
2294 2493
2752 2231
3323 1851
3062 2013
2298 2786
3370 1911
2821 2255
2869 2236
3035 2129
3141 2086
3084 2151
3539 1917
3307 2075
2727 2487
2627 2636
3289 2116
2826 2458
2663 2704
3553 2062
3117 2296
2962 2417
2933 2470
2868 2546
2916 2507
3324 2246
3579 2120
3514 2168
3077 2469
2986 2585
3156 2459
3747 2186
3454 2527
3497 2497
3436 2572
3412 2684
3373 2732
3895 2354
3510 2783
3816 2556
3995 2467
3236 3128
3642 2749
3831 2633
3201 3220
3772 2761
3787 2851
3505 3116
4105 2626
3742 2944
4443 2440
3776 3001
3884 2968
4123 2813
3575 3282
3457 3385
4191 2790
4599 2541
3485 3432
3652 3302
4222 2897
3809 3251
3654 3350
4257 2941
4154 3037
4089 3117
4624 2727
4267 3010
5743 2278
4439 3000
4219 3195
5672 2428
4497 3122
3758 3784
4201 3390
4952 2931
4297 3313
4406 3271
4536 3237
4815 3099
4950 3081
4539 3304
4365 3583
5122 3198
5032 3257
4368 3628
4397 3598
3814 4405
4168 3937
4301 3787
4576 3699
4567 3725
4494 3921
4470 4051
4868 3795
4912 3866
4841 3918
5169 3862
5187 3975
4751 4351
5157 4106
4951 4268
5473 3942
4982 4381
5552 3916
5306 4126
5338 4148
5608 4038
5478 4200
5303 4551
5593 4410
5503 4515
5767 4165
5764 4605
16635677 1162772251
1
sift 63
243 146
236 173
283 244
303 221
342 215
345 272
368 266
461 265
380 325
367 376
452 307
664 220
468 331
401 394
554 295
511 428
660 350
555 492
781 474
918 441
786 527
790 586
1006 660
832 850
1210 820
1556 730
1528 783
1352 893
1431 954
1610 937
1458 1031
2830 871
1591 1440
1753 1295
2049 1330
2510 1215
2223 1502
2156 1681
2831 1405
2884 1414
2639 1709
2483 1866
3134 1466
3394 1448
2564 2033
3488 1726
3840 1687
2828 2319
3408 1880
4282 1596
2852 2374
3823 2177
4503 1945
3123 3059
4004 2331
3035 3281
3098 3790
4681 2509
3412 4072
4177 3703
4352 3682
5327 3472
5588 3686
16635677 1375567567
1
sift 120
27 27
50 52
165 204
177 239
220 289
251 250
275 475
412 655
442 716
430 877
604 660
597 762
522 907
509 974
616 810
1031 770
714 1117
706 1210
841 1304
866 1411
785 1780
1149 1228
796 2231
996 1798
1206 1432
1096 1624
1759 1127
978 1985
1145 1759
968 2323
1329 1668
1297 1729
1315 1774
1227 2019
1233 2051
1771 1506
1141 2535
1135 2722
1241 2405
1105 2903
1495 2140
1539 2069
1332 2509
1469 2305
1601 2174
1715 2081
1446 2748
2020 1862
1892 2070
2177 2074
1554 3185
1666 3070
1871 2736
2452 2253
2050 2699
2550 2373
2017 3044
1729 3943
2313 2834
2237 2958
2064 3230
2566 2619
3422 1989
2349 3047
2402 3074
2339 3277
2308 3358
2354 3347
3238 2368
2203 3822
2525 3146
2424 3508
2433 3669
2027 4579
2803 3141
2569 3602
2605 3734
2600 3813
2911 3341
2754 3718
2809 3781
2770 3953
3394 3057
2821 4248
3413 3357
3443 3386
2753 4580
2985 4603
3027 4584
3134 4496
3840 3819
3013 5062
3289 4595
3514 4349
2861 5613
3222 4890
3246 4873
3280 4858
3404 4835
3253 5256
3459 5233
3368 5537
3383 5550
3352 5639
3301 6075
3923 4888
3492 6090
4097 4945
3628 5861
4026 5223
3818 5685
4083 5296
4270 4966
3766 5960
3808 6033
3817 6111
3803 6202
3997 6071
4089 5954
5531 5493
16635677 1428487141
1
sift 338
892 245
105 29
84 39
1027 308
107 31
109 38
140 52
96 86
131 67
135 70
206 81
237 82
242 87
245 88
262 95
254 96
258 147
251 154
307 136
292 160
294 162
335 151
308 203
396 182
452 226
462 220
477 235
545 208
487 243
551 213
565 236
539 244
583 250
578 268
737 259
561 295
616 281
720 276
706 283
775 279
976 263
772 320
841 300
796 355
743 375
1181 294
895 337
1154 327
1245 315
909 380
852 401
1162 339
996 372
973 378
1141 374
940 418
917 425
968 416
1213 365
1096 395
763 580
832 523
1110 411
978 457
932 471
1074 440
1019 461
991 497
1321 403
1006 509
1099 487
1362 428
1130 502
1203 474
1131 512
1101 537
1140 550
1466 451
1112 576
1301 508
1312 520
865 738
1372 527
1097 634
1328 570
1211 609
1233 604
1184 629
1315 593
1206 630
1226 628
1439 572
1617 531
1279 620
1085 754
1712 559
1666 579
1323 681
1680 617
1452 684
1077 917
1703 624
1558 666
1675 641
2069 584
1530 716
1509 727
1297 855
1729 676
2414 581
1634 708
2086 616
1737 688
1915 661
1591 773
1316 946
1850 726
1650 804
1910 707
1701 789
2082 679
1513 902
2104 714
1857 788
2114 730
1763 851
1716 879
1990 790
2198 749
2313 739
1446 1054
1972 820
2180 778
2237 775
2027 836
2229 806
2138 842
2212 843
1980 913
2136 876
2016 900
1892 949
2320 848
2185 883
2531 828
2559 854
2402 896
2286 939
2054 1012
1984 1050
2018 1039
2249 985
2230 1033
2123 1069
2431 974
2224 1049
2514 962
2626 942
1895 1230
2843 914
2891 910
2144 1138
2645 984
2433 1082
2112 1205
2624 1062
2122 1262
3222 933
2799 1030
2530 1126
2576 1128
2697 1099
2737 1086
2352 1231
2945 1026
2685 1148
2821 1115
3062 1044
2785 1143
2943 1091
2713 1170
3141 1038
3001 1095
2099 1505
2546 1302
2424 1379
2663 1294
2376 1406
2871 1235
2998 1188
2800 1271
2219 1554
2798 1291
3324 1150
3302 1154
3276 1175
2971 1272
2988 1281
2805 1342
2840 1353
2524 1553
3178 1300
3514 1222
3321 1273
3493 1242
3048 1336
3109 1322
2828 1438
2642 1593
2803 1561
2512 1768
4208 1184
3145 1424
3012 1494
3084 1481
3201 1462
3923 1304
2911 1656
3316 1485
3697 1365
3530 1421
3216 1551
3457 1455
3236 1568
3827 1368
4267 1292
2869 1786
3886 1363
3485 1520
3672 1450
2952 1794
3497 1542
3285 1662
4396 1314
2933 1855
3289 1758
3994 1498
3510 1711
4481 1382
3716 1643
3777 1642
3300 1834
4123 1513
3772 1685
4539 1417
4815 1372
3776 1737
3598 1817
3244 1972
3847 1729
4201 1598
3508 1874
4535 1545
4291 1654
4281 1666
3808 1842
4722 1526
3787 1858
5193 1467
4041 1792
4225 1730
4881 1549
4279 1725
3344 2118
4456 1702
4900 1599
4222 1799
3823 1962
4410 1742
4491 1719
4503 1733
3819 1986
5452 1515
4406 1779
4966 1669
4642 1727
4097 1947
4368 1844
3733 2105
4654 1781
5292 1650
4883 1746
4967 1728
5530 1617
4945 1756
4977 1753
4434 1901
4439 1913
3817 2180
5525 1678
4502 1907
4523 1921
4780 1920
4257 2086
4089 2170
4301 2077
4435 2038
4501 2066
4428 2083
4653 2033
3929 2433
4168 2271
3726 2620
4705 2088
4345 2249
4321 2298
5047 2102
5513 1990
4751 2206
4312 2453
5503 2025
5032 2168
5481 2050
4812 2274
4982 2227
5414 2122
3876 2910
4783 2362
5165 2247
5182 2313
4397 2716
5482 2243
5187 2406
5268 2388
5593 2283
4402 2852
5198 2493
5303 2543
5691 2332
5336 2556
4861 2777
5119 2689
5420 2592
5143 2712
5596 2549
5203 2780
5465 2900
4834 3353
16635677 1431199262
1
sift 64
4260 3234
122 42
225 73
412 101
373 108
471 161
597 148
753 176
785 203
745 233
866 253
664 293
794 277
825 264
963 259
900 276
1603 318
1204 449
1649 407
1459 577
1375 613
1690 541
881 931
1920 620
2203 591
1845 674
1898 676
2441 611
1561 781
2221 783
2861 698
2134 877
2761 752
2917 786
3238 762
2906 924
2716 990
2525 1085
3965 855
3786 932
3513 979
3245 1014
3168 1110
2658 1316
3964 1058
4078 1082
3803 1136
3915 1118
3830 1231
4334 1251
3628 1462
5728 1174
3896 1513
5410 1358
4806 1451
5164 1423
3054 2106
4227 1630
4547 1983
4930 2023
5403 2053
5702 2225
5572 2562
4767 3460
16635677 1664374466
1
sift 174
233 65
624 134
259 73
752 131
5537 487
280 62
281 64
258 117
4865 602
302 90
353 82
307 103
296 108
496 158
286 123
410 138
746 186
487 191
565 193
741 218
973 230
796 272
892 282
968 308
1027 287
1222 352
832 373
1141 311
1470 356
1213 312
978 364
1592 432
1019 367
1099 383
1931 522
1362 377
1131 433
2000 545
1162 460
1451 402
2133 559
1372 412
1301 445
2228 740
1233 479
1196 505
3122 672
1563 448
1315 510
2937 1068
1184 560
1378 509
4573 1778
1675 473
1666 494
1509 582
2082 511
1737 604
1316 800
1850 611
1513 744
2559 536
1857 635
1552 770
1990 663
2138 684
2313 659
2076 730
2114 727
2212 707
2757 624
2185 722
1984 795
1892 832
2328 717
2123 842
2040 897
2424 848
2843 769
2626 823
2945 748
2286 920
2891 799
1915 1055
2514 888
2998 822
2112 1045
2358 977
2540 967
2456 1018
2799 942
2099 1204
2685 1030
3253 900
3141 921
2507 1128
3302 924
3001 1005
2980 1016
2805 1099
3917 901
2524 1224
3194 1069
3492 1009
3276 1065
3013 1149
4511 915
3821 1049
2985 1234
3557 1143
3289 1203
4208 1043
3827 1120
3321 1233
2952 1397
3994 1165
3923 1192
3493 1287
3166 1473
4041 1314
3772 1428
3723 1464
3808 1465
3508 1561
4406 1339
3787 1562
4502 1369
4222 1498
4456 1426
4722 1390
4654 1432
4967 1402
5193 1375
4944 1425
4523 1513
4900 1442
4653 1530
4097 1705
4780 1565
4137 1793
4428 1677
4434 1699
4883 1597
4321 1762
5152 1581
4410 1781
4345 1819
4397 1810
4435 1820
5525 1559
4758 1750
5129 1689
5475 1656
4990 1799
5513 1666
4312 1977
5481 1708
5012 1855
5306 1821
4812 1912
5414 1818
4257 2173
4783 1971
5268 1877
5119 2080
5531 1994
5375 2048
5303 2172
5737 1983
4951 2400
4402 2684
5203 2409
5170 2449
5668 3302
16635677 1707515443
1
sift 540
133 101
16 29
26 38
1768 2952
29 44
281 246
94 131
46 68
49 89
416 311
215 213
58 70
82 72
375 744
183 266
77 118
97 134
746 482
207 297
98 182
96 210
1027 713
194 333
140 144
121 180
787 1187
211 412
124 179
123 200
839 1814
445 608
245 153
165 244
2133 1255
480 793
232 174
186 243
2000 1483
378 1343
218 229
177 327
2596 2548
577 827
205 281
178 348
1917 3463
533 964
213 301
202 363
1713 4461
627 822
221 368
220 417
2787 2992
589 892
239 373
251 376
3006 3097
693 911
229 437
326 280
3030 5416
692 1007
225 497
230 499
2938 5685
836 1031
257 430
364 291
3897 4214
868 1038
272 456
307 415
3136 6108
806 1301
342 420
319 462
5118 6069
898 1441
483 337
297 538
897 1448
308 527
490 360
821 2025
300 575
322 568
816 2085
325 565
410 474
1022 1488
431 478
350 633
767 2498
574 381
320 801
1060 1566
433 548
379 637
804 2479
737 378
406 679
1033 1838
404 697
373 820
1173 1662
461 620
407 738
1086 1886
427 741
471 676
1174 1749
442 768
488 771
1190 1742
467 817
502 761
1035 2120
454 891
581 719
1691 1351
476 994
604 718
1334 1850
498 1039
430 1323
1254 2073
469 1317
509 1132
1218 2176
571 937
660 875
1253 2232
573 1015
637 893
1436 2282
680 912
699 984
1501 2234
730 953
871 790
1416 2453
890 772
778 916
1455 2849
597 1338
686 1126
1856 2258
1195 688
697 1200
1639 2799
1005 804
786 1120
1746 2571
842 956
823 1026
1341 3969
708 1307
745 1236
1883 2557
707 1362
784 1290
2406 2140
781 1336
783 1346
1838 2878
845 1154
794 1332
1808 3039
798 1326
753 1508
1616 3737
760 1500
681 1795
1853 3196
826 1335
853 1262
2419 2890
785 1475
958 1142
2455 3006
891 1244
726 1792
2163 3372
1018 1121
782 1603
1664 4856
809 1489
903 1310
1979 3763
827 1467
808 1658
2039 3817
789 1826
793 1834
2316 3362
998 1283
968 1319
2043 3902
822 1676
838 1565
2297 3622
1077 1240
899 1671
2207 3827
875 1737
1093 1402
2222 4202
846 1945
1078 1461
2191 4283
1149 1428
1075 1557
2444 3911
1111 1528
1155 1616
2430 4002
1017 1916
960 2084
2764 3479
1123 1810
1472 1374
2681 3624
1098 1908
2394 979
2661 3793
1179 1867
1226 1896
2775 3792
1105 2325
1135 2328
3007 3498
1204 2143
1375 1868
2772 4034
1383 1905
1182 2306
2623 4586
1171 2408
1528 1813
3023 3878
1145 2530
1206 2381
2741 4464
1581 1774
1283 2193
2755 4483
1156 2637
1625 1750
2422 5172
1590 1841
1227 2481
3137 3721
1451 2075
1514 2097
2734 4618
1273 2626
1242 2767
2820 4676
1354 2520
1358 2521
2806 4802
1269 2796
2164 1575
2829 4795
1823 1875
1566 2239
2918 4647
1297 2929
1482 2444
3360 3994
1531 2508
1437 2818
3313 4135
1689 2329
1450 2893
2538 6192
1327 3232
1540 2691
3837 3853
1393 3103
1811 2242
2969 5056
2641 1651
1727 2513
3431 4465
1567 2931
1495 3126
2935 5530
1468 3249
1586 3026
2939 5810
1624 2939
1628 2989
3398 4969
1669 2909
1771 2735
3176 5350
1446 3433
1524 3274
3650 4867
1443 3505
2114 2225
3190 5654
1425 3562
1972 2423
3646 5253
2147 2274
1710 3073
3366 5998
1438 3761
1688 3142
4593 4700
2035 2463
1715 3084
3679 6482
2124 2383
2020 2529
3972 6054
2095 2465
2021 2590
3751 6609
1845 2977
1614 3485
4202 6180
2105 2584
1881 3022
4521 5903
1934 2935
1554 3777
5290 5579
2276 2625
1374 4898
4774 6215
1690 3626
2274 2701
4953 6480
1920 3239
1649 4087
5752 5546
1973 3236
1840 3570
5409 6310
2177 3095
2058 3235
2126 3162
2293 3019
1867 3677
2607 2665
1958 3545
2286 3160
1936 3675
2512 2901
1898 3833
2033 3599
3177 2340
1820 4503
2299 3413
2952 2685
3238 2434
2119 3835
3205 2565
2392 3457
2196 3810
2251 3759
2694 3169
2059 4136
2188 3914
2361 3564
2658 3254
2565 3344
2566 3355
2045 4336
2227 3987
2034 4375
2550 3380
2304 3824
2774 3259
2246 4148
2145 4420
3000 3069
2391 3936
2847 3243
2200 4446
2064 4726
3235 2924
2693 3502
2712 3472
2233 4451
2518 3932
2053 4947
2768 3516
1897 5551
2166 4841
2303 4578
3072 3282
2378 4478
2355 4569
2349 4649
2490 4326
2884 3574
2134 5190
2936 3521
2508 4391
2803 3804
3215 3295
2460 4553
2380 4813
2580 4463
2519 4594
2525 4691
2323 5270
2597 4699
2409 5127
3124 3702
2640 4670
2991 3924
2636 4701
3253 3597
2282 5718
3063 3935
2754 4603
2993 4065
3256 3717
2898 4302
3162 3879
2339 5735
2716 4772
2590 5072
3296 3800
2831 4638
3054 4206
2900 4663
2761 5001
2770 4982
2857 4844
2753 5163
2928 4819
2546 5887
3354 4223
2809 5223
3294 4388
3192 4538
2574 6031
3148 4694
3582 4126
2778 5649
2861 5382
4022 3735
3460 4426
3562 4273
2875 5417
4138 3698
3134 4919
3345 4693
3588 4398
3905 4042
3903 4077
2917 5561
3002 5372
2944 5600
4036 4023
2950 5707
2849 6183
2802 6344
3816 4485
3945 4311
2977 5818
4400 3842
2822 6438
3027 5831
2955 6087
3230 5504
3389 5301
3416 5259
3258 5660
3073 6171
3628 5064
3677 5067
3407 5612
3367 5740
4134 4624
3709 5124
3886 4905
3670 5195
3067 6421
3069 6465
3685 5380
3108 6511
3404 6019
3394 6066
3655 5505
3854 5227
3904 5247
3802 5441
4013 5119
3722 5777
3633 6047
4312 4962
3615 6152
3543 6312
3840 5764
3565 6322
3383 6589
3581 6366
4373 5027
3550 6497
5459 4295
4026 5741
4394 5165
4231 5497
3568 6580
4028 5929
3898 6189
4376 5364
3908 6237
4710 5020
5449 4543
4151 5872
3803 6490
3950 6378
3997 6333
4900 5091
4445 5587
4161 6140
4055 6410
4106 6371
3920 6579
3879 6607
4662 5521
4100 6431
4472 5824
4180 6389
4678 5653
4192 6385
5347 5202
4420 6605
4789 6368
4897 6323
5455 6653
16635677 1735922398
1
sift 74
129 104
165 179
231 172
308 229
283 488
303 444
342 456
537 361
664 316
461 472
368 678
457 531
452 661
561 554
511 662
632 683
918 665
1204 628
962 901
832 1368
1093 1101
906 1422
881 1822
1446 1087
946 1828
1149 1530
1624 1095
1006 2054
1206 1672
2169 1049
1210 1904
1845 1277
1297 1977
2225 1217
2200 1326
1056 3159
1539 1927
1431 2499
1715 2038
1458 2650
1528 2545
2761 1599
1771 2602
2753 2107
2378 2436
3945 1792
2305 3427
3419 2516
2049 5119
3654 3052
3967 2887
3134 4602
3244 4505
2352 6944
2754 5820
3394 4736
2828 5970
2408 7646
2621 6696
3408 4923
2239 8517
5183 3344
3781 5675
4151 5514
3840 6496
3676 7448
5164 5355
3703 7704
4503 6050
4004 7514
4177 8231
5361 6293
4182 8382
4434 7887
16635677 1780862618
1
sift 477
2596 2436
30 64
9 10
4424 4299
94 183
8 24
183 341
20 39
211 387
32 52
321 630
31 61
480 1009
39 77
533 1261
52 68
378 3440
43 91
589 1367
46 110
693 1162
50 95
577 1468
58 94
897 1898
49 119
593 1398
69 106
898 2167
92 147
868 1644
84 168
1022 2063
106 148
1013 2581
103 174
767 4843
102 176
1033 2748
97 217
1253 2694
105 189
1190 2362
98 271
1254 2715
99 270
1334 2140
135 212
1218 2912
121 266
1501 2852
124 268
1436 3213
123 298
1493 3209
163 237
1416 3559
129 360
1455 3335
165 399
1747 3486
195 323
2039 3138
191 358
1838 3551
177 430
1808 3745
178 524
1883 3774
213 436
1616 4882
202 529
1853 4403
239 467
2297 3690
271 385
2455 3744
221 555
2163 4510
220 603
2419 4063
248 513
2316 4629
236 568
2090 5222
230 664
2306 4893
251 573
2681 4415
229 725
2755 5072
362 368
2661 5432
292 497
2527 6027
318 487
2623 5777
391 380
3137 4544
313 519
2820 5613
364 420
2734 5946
289 589
2829 5798
283 680
3705 4429
335 558
2773 6501
340 566
3313 4931
323 588
303 641
3822 5828
275 896
344 703
3650 6308
300 862
308 843
4148 6239
357 698
363 658
4695 6482
367 692
369 685
342 829
431 604
325 965
402 674
410 666
320 1080
368 860
380 823
417 722
428 726
433 791
462 716
595 541
457 773
419 877
373 1073
488 805
401 1000
407 1033
512 778
468 954
507 864
471 999
452 1127
427 1210
463 1105
442 1189
467 1186
454 1277
629 797
545 1090
511 1238
581 1010
616 957
498 1443
551 1214
580 1158
586 1181
709 987
566 1353
561 1429
597 1342
626 1263
555 1554
573 1525
509 2018
720 1202
722 1211
706 1256
660 1418
713 1380
743 1366
778 1315
686 1650
871 1191
823 1298
708 1800
632 2058
745 1799
841 1427
753 1813
790 1672
707 2029
895 1410
726 2034
683 2227
781 1874
876 1507
786 1897
832 1660
775 1983
873 1579
793 1977
865 1677
780 2102
891 1624
798 2013
785 2297
903 1764
875 1937
1015 1651
968 1758
853 2053
978 1770
4476 643
789 2734
998 1871
866 2241
846 2443
991 1997
1016 1984
1141 1786
899 2364
3553 824
946 2237
1112 1892
847 2774
1167 1877
1074 2051
1041 2206
1006 2421
1111 2166
1313 1857
948 2867
1099 2295
996 2809
1301 1955
962 3067
1138 2374
1093 2635
1184 2338
1097 2792
1353 2056
1279 2197
1012 3287
1210 2546
1123 3142
1105 3218
1439 2183
1233 2816
1407 2320
1177 3121
1241 2933
1530 2208
1145 3300
1204 3087
1227 3097
1179 3376
1375 2693
1206 3418
1467 2647
1283 3163
1226 3390
1617 2343
1521 2571
1580 2479
1475 2752
1431 2888
1133 4281
1352 3302
1625 2681
1383 3317
1634 2786
1329 3675
1458 3246
1960 2232
1310 3841
1528 3158
1297 4058
1823 2586
1450 3446
1701 2851
1556 3235
1859 2608
1437 3634
1837 2690
1703 3019
2008 2490
1540 3531
1598 3380
1393 4303
2149 2434
1874 2921
1567 3728
1469 4240
1374 4591
1462 4335
1443 4460
1524 4172
1689 3518
1727 3453
1850 3215
1655 3910
1610 4120
1669 3965
1614 4311
2095 3049
1684 4030
2156 2974
1425 5144
1845 3543
1892 3412
1710 4069
1649 4353
1438 5246
1446 5214
1723 4083
1748 4020
2093 3192
2017 3333
1990 3409
1785 4156
2384 2973
2105 3319
2224 3252
2036 3554
2198 3366
2212 3379
2086 3567
1554 5624
1771 4653
1871 4326
1715 4830
2314 3339
1976 4126
3177 2452
2143 3794
2237 3671
2266 3612
1920 4449
2018 4407
2284 3873
2456 3506
2607 3368
2376 3879
1716 6039
2091 4564
2555 3737
1959 5245
1905 5522
2641 3724
2270 4582
2112 4859
2058 5001
2602 3885
1934 5602
2194 4733
3072 3183
2510 4119
2188 4884
2986 3344
2807 3693
2539 4278
2049 5507
2126 5294
2239 5010
2624 4243
2059 5672
2183 5329
2216 5231
2223 5219
2211 5416
2307 5109
2064 5995
2305 5169
2506 4721
2550 4660
2233 5633
2226 5737
2554 4757
2134 6093
2409 5178
2799 4367
2629 4688
2075 6373
3354 3509
2823 4349
2298 5686
2145 6282
2843 4391
3215 3777
2518 5112
2626 4873
2200 6303
2530 5138
2933 4317
2303 6071
2605 5059
2355 5944
2564 5210
2352 5951
2408 5862
2540 5377
2277 6369
2523 5550
2981 4462
2525 5562
2349 6172
3294 4111
2512 5748
2821 4863
2535 5729
2774 5004
2566 5684
2636 5584
2752 5293
3237 4358
2549 5996
2551 6072
3238 4466
2431 6500
3895 3731
3035 4822
2805 5488
3297 4533
3038 4866
2727 6059
3323 4764
2985 5498
3084 5302
2962 5628
3027 5469
2979 5592
2884 6052
3427 4880
2869 6189
3162 5440
3156 5463
3894 4456
3193 5567
3167 5631
3613 4999
3154 6010
3510 5315
3285 5821
3247 5911
3210 6043
4868 3899
3488 5520
3436 5666
3132 6292
3236 6190
3485 5720
3514 5846
3258 6445
3598 5809
3905 5374
3508 6148
4134 5033
3943 5422
3914 5478
4154 5140
3532 6392
3724 6053
3816 5950
3716 6315
3655 6511
3953 6341
4278 5967
4267 6020
4359 5854
4630 5516
4201 6259
4105 6435
5094 5243
5326 5043
3827 6557
4511 6319
5342 5869
5389 5857
4886 6540
4545 6562
16635677 1988776702
1
sift 573
133 82
16 22
26 29
49 68
281 219
194 258
58 66
77 93
416 237
211 328
96 132
98 141
399 295
321 410
121 138
142 228
353 372
386 594
154 266
178 227
375 508
445 546
177 265
205 279
746 494
480 684
202 285
221 290
631 582
378 1044
220 316
200 355
752 838
533 858
239 292
188 395
787 930
589 738
251 302
229 359
839 1354
627 746
230 366
267 293
1004 1461
600 828
198 452
326 250
1562 1138
693 864
225 405
274 358
2133 1521
577 1053
297 385
319 380
1917 2605
625 1078
275 454
308 400
1713 3004
692 1085
483 284
322 425
2596 2192
836 891
490 318
300 518
2787 2868
669 1234
382 390
325 503
2676 3308
687 1312
350 498
410 398
2937 3249
805 1137
392 442
450 402
2766 4149
868 1079
379 504
377 536
2814 4128
1040 1023
431 489
404 548
2398 5146
768 1547
373 646
407 627
3030 4018
816 1472
507 522
471 573
3060 4517
821 1470
502 566
467 688
3897 3813
767 1693
454 733
430 802
3136 5253
801 1613
412 847
476 841
3866 4364
898 1392
498 884
604 638
4424 4872
897 1398
509 877
469 994
5060 4676
943 1350
581 698
571 745
804 1783
562 905
660 764
1022 1393
664 832
597 928
1173 1315
680 901
585 1107
1033 1562
871 692
544 1320
1060 1641
778 866
730 943
1086 1634
686 1007
763 933
1190 1517
757 958
745 1030
1174 1648
681 1167
707 1144
1334 1526
842 904
818 973
1691 1308
726 1231
708 1268
1254 1846
753 1215
798 1106
1265 1865
794 1131
793 1150
1341 1828
845 1042
674 1499
1253 1967
904 1000
809 1193
1461 1856
760 1380
785 1324
1501 2061
925 1017
1001 964
1520 2123
958 1005
826 1230
1455 2225
828 1229
1018 1021
2430 1760
822 1418
838 1375
1639 2567
903 1262
789 1687
1746 2395
791 1692
846 1462
1798 2475
899 1425
808 1740
1838 2439
1078 1222
964 1363
1808 2702
966 1407
967 1434
1896 2573
960 1571
1016 1535
1883 2684
1031 1552
1098 1463
1664 3177
1127 1469
1125 1516
1853 2841
1057 1614
840 2179
2157 2459
1472 1185
962 1890
1979 2869
1283 1432
851 2350
2419 2469
2394 927
1171 1651
2316 2842
1177 1655
1206 1588
2044 3162
885 2356
1193 1699
2163 3154
1182 1758
1105 1966
2090 3265
1135 1937
1155 1900
2039 3342
1204 1795
1451 1515
2191 3223
1375 1590
1145 2015
2297 3325
1324 1782
1354 1843
2455 3140
1227 2108
1540 1668
2214 3540
1861 1458
1273 2084
2222 3681
1374 2037
1389 2088
2638 3126
1269 2456
3392 1121
2614 3212
1498 2121
1749 1815
2681 3360
1681 1893
1437 2270
2661 3382
1450 2305
1652 2019
2422 3900
1297 2675
1823 1834
3705 2599
1727 1935
1597 2163
2775 3578
1675 2122
1603 2253
2734 3673
1327 2893
1446 2617
2623 3893
1459 2678
1624 2351
2772 3667
1640 2384
1425 2855
2755 3765
1393 2924
1479 2757
2914 3443
1688 2318
1438 2870
3176 3280
1556 2633
1537 2721
3137 3351
2305 1806
1524 2774
2820 3968
2451 1746
2081 1987
2806 4076
1934 2155
1567 2835
3007 3785
1554 2901
1494 3035
3431 3332
1601 2837
2095 2113
2461 5229
2105 2114
1881 2340
2963 4114
1596 2962
1649 2881
2939 4175
1614 2953
1845 2488
3058 4024
2124 2159
2020 2268
2528 5155
1443 3446
1710 2858
2651 4964
1669 2991
2274 2167
3822 3228
1514 3396
2174 2344
2969 4304
1916 2682
1673 3146
3094 4104
3072 1786
2607 2073
3931 3220
2050 2604
1690 3268
2918 4513
1920 2980
2177 2650
3360 3853
2126 2716
1973 2930
2453 5899
2276 2561
2293 2550
2935 4692
2058 2840
3177 1898
3650 3720
1842 3244
2033 2976
3398 4147
1958 3107
1840 3424
3366 4577
2270 2853
1998 3161
3127 5262
3238 2060
2196 3043
3458 4776
2299 2945
2225 3038
4613 3577
2392 2882
2580 2638
3190 5422
1820 3906
2550 2696
3556 4879
2361 3010
2674 2735
3646 4768
2227 3253
2141 3377
3585 4897
2189 3330
2210 3365
4499 4134
2064 3631
2045 3688
4148 4767
2186 3447
2059 3696
4109 4823
2083 3648
3486 2221
4510 4529
2486 3101
2391 3269
3972 5251
2246 3535
2217 3652
3909 5907
2101 3888
2508 3175
4467 5189
2803 2899
2251 3655
4052 5927
2901 2803
2233 3749
4046 6143
2525 3214
2200 3830
4042 6205
2145 3930
2409 3421
3552 6551
2495 3294
2565 3264
4521 5604
2148 4102
2166 4091
4774 5405
2355 3692
2134 4189
4638 5540
2271 3973
3124 2820
4286 6119
2476 3566
3215 2772
4593 5837
2303 4048
2220 4388
5290 5296
2380 4009
2460 3920
5409 5635
2034 4973
2339 4313
4660 6412
2712 3699
2489 4182
4885 6331
3294 3030
2518 4142
5299 5978
2490 4205
2593 4058
4695 6537
2717 3828
2636 4025
3498 2971
2640 4037
2590 4165
2309 4830
2573 4303
3000 3428
2569 4381
3235 3283
3255 3274
2857 3880
2813 4060
2770 4261
2936 3873
2761 4314
2716 4430
2282 5519
2913 3963
2942 3953
3432 3324
2831 4233
3834 3070
2323 5578
2809 4432
3063 3935
3296 3716
3027 4105
2928 4308
2790 4652
2730 4819
2977 4333
2519 5435
2597 5351
2866 4743
2808 4911
2978 4563
3162 4270
3389 3967
2802 5045
2966 4758
2875 5077
3854 3771
3903 3732
4357 3289
3103 4829
3046 4944
3344 4549
3802 3937
2917 5313
3562 4358
2950 5344
3685 4424
2898 5894
3069 5442
3905 4266
3050 5533
3407 4931
2822 6260
3073 5560
4065 4153
3709 4585
3662 4637
4134 4113
3149 5507
3568 4856
3404 5129
4047 4315
3468 5039
3244 5485
3245 5627
3414 5330
3633 5010
3108 6039
3199 5887
3513 5269
3097 6134
3788 4900
4414 4198
3655 5124
3383 5666
3803 4987
3345 5804
3516 5503
3550 5480
3628 5379
3953 4991
3565 5584
4015 5073
4028 5080
4014 5104
3722 5557
3352 6289
4231 4868
3265 6456
4221 4945
4185 5121
4278 5019
4106 5314
3693 6031
3611 6210
3915 5728
3945 5756
3663 6250
4668 4818
4316 5242
3997 5928
4080 5799
3920 6075
3756 6332
4078 5934
4662 5109
4098 6079
4420 5620
5347 4797
4085 6262
4070 6344
4886 5315
4161 6272
4919 5356
4182 6317
5052 5259
4972 5397
4784 5651
4789 5643
4151 6477
5002 5475
4714 5976
5455 5316
4923 5941
4986 6015
5580 5419
4926 6232
5075 6160
4957 6387
5305 6202
5307 6237
5230 6480
5410 6519
5579 6512
16635677 2080441786
1
sift 1643
4 11
16 21
9 16
148 199
40 28
20 13
193 210
29 46
14 20
226 206
35 37
21 32
234 273
60 70
26 26
199 230
94 113
28 34
281 362
114 140
32 41
215 236
194 198
31 50
353 459
183 232
37 48
375 419
212 348
39 44
400 393
449 392
41 57
398 542
424 239
44 58
415 651
386 449
45 64
643 629
377 371
50 62
787 625
480 480
52 66
625 669
409 524
49 69
839 689
533 815
53 73
673 652
666 482
58 71
741 972
627 656
57 75
692 783
577 806
61 81
779 1573
733 621
67 86
693 793
732 703
77 88
1382 879
801 631
83 87
769 730
782 782
85 98
920 1298
767 847
84 103
805 877
804 834
101 90
1917 1150
821 993
98 106
816 1118
827 948
91 111
1547 1626
949 1025
92 118
1035 1018
897 1110
99 114
1713 1594
943 1142
97 120
1086 1290
967 1096
107 107
1925 1808
1022 1239
105 110
1205 1288
867 1431
108 108
2398 1515
1341 957
104 119
1060 1634
1034 1250
118 116
2128 2177
1040 1352
96 137
1812 1698
1174 1287
110 126
2000 2416
1013 1514
109 134
2364 1623
1173 1356
123 127
2130 2266
1461 1123
117 133
1979 2041
1218 1366
149 117
1931 2609
1253 1423
121 135
2010 2505
1269 1362
124 143
2348 2352
1334 1436
129 144
2427 2604
1311 1751
131 151
2133 3025
1416 1585
132 159
2407 2655
1493 1658
135 152
2814 2783
1455 1580
141 156
2171 3587
1459 1736
140 163
3298 2621
1664 1741
147 166
2914 2884
1531 1725
145 167
2596 3399
1501 1944
150 175
3220 2739
1652 1661
157 168
3136 2924
1436 2035
154 169
2969 3063
1603 1924
165 180
3331 2850
1639 1938
191 162
2444 4079
1688 1830
179 191
2927 3339
1747 1878
178 203
2918 3379
1856 1777
204 185
3171 3737
1691 2057
213 190
3398 3117
1710 2071
198 207
3533 3688
1808 2273
220 216
4044 2789
2196 1643
225 212
3060 4331
2425 1755
221 223
3754 3248
1958 1896
209 237
3976 4698
1883 2189
230 222
4019 3720
1746 2503
205 247
3866 5285
1967 2139
245 225
4062 4623
1838 2405
229 240
5060 5315
1853 2495
236 238
3580 5462
2075 2135
200 254
1851 2501
247 234
4571 5595
2453 1910
243 244
1899 2462
238 249
5665 4993
1973 2393
251 242
1969 2367
250 248
5125 5783
2033 2437
258 245
4128 1355
273 246
2100 2426
257 271
2256 2317
275 265
2246 2268
272 270
2191 2386
255 305
2043 2788
269 297
2511 2361
283 285
2419 2500
294 281
2297 2695
300 276
2340 2600
303 282
2163 2869
292 293
2593 2449
315 275
2615 2494
309 286
2449 2640
279 311
2538 2585
340 269
2233 2970
331 272
2684 2520
277 324
2762 2486
307 301
2222 3023
317 295
2661 2607
343 290
2461 2862
322 312
2476 2814
325 310
2395 3161
338 307
2594 2690
319 332
2259 3545
356 308
2574 2748
350 314
2528 3212
335 322
2640 2921
313 352
2455 3341
342 333
2781 2923
326 342
2775 3007
354 323
3027 2703
359 319
2527 3336
367 313
2651 3216
358 321
2912 2909
333 358
2755 3103
470 268
2422 3563
352 349
2854 2999
368 331
2258 4018
362 341
2380 3839
344 378
2923 3098
384 326
3127 2978
373 354
3313 2810
320 444
3108 3080
380 346
2623 3824
379 364
3517 2841
370 390
2939 3390
392 360
2856 3538
396 368
2820 3625
369 398
2935 3525
404 376
3007 3628
407 377
2806 3994
446 369
2963 3725
402 396
3176 3467
391 414
3243 3693
412 405
3407 3554
469 373
4118 3058
454 384
3633 3382
428 399
3795 3334
433 401
3513 3596
401 434
3650 3452
410 450
3765 3392
442 425
3094 4207
430 438
3617 3518
436 435
3556 3760
462 416
3175 4019
456 433
3360 4265
452 441
3473 3787
450 443
3807 3861
471 422
3529 4085
467 427
3646 4253
419 462
3749 3969
411 470
3909 4065
463 440
4078 3681
502 408
3849 4143
457 461
3565 4398
468 474
3679 4819
487 468
4106 3987
498 463
3824 4735
493 469
4085 4206
523 446
4733 3883
478 489
3979 4468
432 537
4660 4268
515 473
4073 4480
460 556
4046 5134
511 491
3315 5659
539 472
3972 5316
509 513
3722 5034
483 592
4499 4722
484 605
4292 4346
544 504
4510 4782
503 575
4100 4660
551 514
4286 5108
565 508
4243 4634
566 509
4525 4969
507 604
4099 5157
555 544
4774 4994
585 512
4668 4523
545 576
5133 4707
612 503
4631 4563
567 565
4953 4989
573 573
4247 5226
563 589
4455 5590
554 600
4176 5376
578 581
4674 5381
586 594
4959 4612
571 620
4805 5305
629 572
4672 4866
580 626
4638 5499
606 602
5453 4386
616 587
4941 5282
597 609
5307 4567
581 638
4885 5330
588 641
4578 5731
664 593
5218 5263
621 658
5309 5214
681 617
5642 4914
604 719
5215 5339
720 596
5688 5872
660 639
5270 5410
649 668
5752 5711
665 670
5698 5535
686 646
676 661
5781 5174
680 659
722 632
766 598
706 654
637 739
702 671
684 694
683 698
729 662
707 676
700 681
708 690
771 630
818 588
710 704
619 826
714 718
737 693
679 769
762 692
753 720
636 845
819 655
760 771
791 752
785 763
796 754
697 871
794 764
743 828
788 770
674 901
736 838
790 777
772 799
745 850
778 824
822 759
671 970
798 789
704 921
691 953
726 908
789 833
781 851
786 844
837 751
775 864
809 816
895 707
841 765
632 1111
831 785
730 987
763 946
815 865
783 942
964 734
826 869
784 1001
845 875
838 910
990 786
734 1198
891 884
865 929
899 882
853 945
832 1002
906 917
852 991
770 1227
808 1160
936 930
921 956
961 934
946 944
875 1052
951 982
851 1128
987 973
877 1114
917 1058
1078 923
1071 935
1110 893
945 1031
978 1009
939 1044
918 1087
1006 1000
1028 992
1012 1004
948 1071
1077 980
981 1063
1106 952
985 1061
1015 1036
1019 1041
1049 1020
1286 839
1016 1057
1039 1037
1003 1091
1073 1033
996 1112
998 1116
1079 1038
968 1154
1075 1060
962 1176
1074 1067
958 1197
986 1156
991 1153
1057 1092
1097 1059
1125 1042
1005 1166
1096 1074
1056 1145
1131 1081
1001 1213
903 1345
1123 1105
1139 1093
932 1307
1108 1135
988 1277
1102 1170
1196 1068
1141 1127
1099 1186
1171 1129
1098 1210
1136 1177
1127 1200
1288 1032
1329 1010
966 1382
890 1529
1140 1205
1103 1247
1129 1233
1111 1248
1203 1152
1526 933
1210 1149
1167 1204
1328 1055
1324 1073
1204 1182
1105 1316
1112 1310
1214 1207
1115 1314
1185 1235
1211 1214
1156 1262
1240 1185
1602 950
1053 1396
1145 1285
1252 1196
1514 1005
1149 1296
1135 1334
1271 1183
1226 1238
1085 1386
1179 1284
1379 1102
1200 1256
1010 1531
1281 1209
1241 1253
1133 1392
1031 1555
1227 1281
1189 1338
1076 1513
1230 1309
1352 1219
1315 1251
1233 1322
1018 1701
1566 1121
1448 1202
1312 1293
1182 1438
1220 1393
925 1970
1279 1348
1206 1439
1257 1377
1215 1441
1383 1267
1207 1458
1184 1490
1346 1325
1338 1337
1351 1326
1326 1351
1301 1373
1541 1230
1229 1485
1671 1155
1446 1295
1248 1494
1450 1315
1353 1395
1176 1692
1451 1335
1267 1511
1373 1409
1521 1312
1378 1440
1343 1487
1381 1444
1480 1376
1372 1475
1404 1459
1294 1604
1561 1339
1434 1446
1749 1242
1418 1472
1680 1283
1534 1379
1466 1451
1296 1685
1538 1398
1587 1387
1389 1577
1431 1546
1393 1590
1333 1717
1478 1510
1354 1689
1407 1598
1482 1519
1374 1666
1458 1559
1468 1557
1421 1617
1419 1629
1437 1599
1443 1621
1858 1280
1610 1448
1391 1703
1414 1668
1327 1809
1472 1608
1530 1542
1425 1697
1590 1500
1503 1602
1569 1522
1506 1618
1598 1509
1591 1521
1678 1447
1495 1669
2048 1252
1371 1832
1650 1502
1528 1649
1568 1581
1380 1823
1675 1476
1509 1676
1540 1653
1634 1544
1684 1492
1479 1771
1537 1694
1508 1754
1316 2007
1524 1748
1783 1461
1194 2371
1580 1705
1649 1614
1181 2465
1624 1659
1934 1374
1665 1610
1701 1553
1462 1860
1617 1675
1550 1765
1625 1680
1699 1595
1601 1760
1375 2031
1597 1795
1751 1611
1653 1764
1703 1682
1711 1677
1554 1867
1821 1583
2029 1420
1523 1949
1645 1818
1735 1720
1608 1858
3011 1113
1481 2025
2114 1412
1850 1589
1657 1820
1533 1971
1762 1718
1655 1839
1753 1766
1666 1869
1823 1737
1794 1785
2180 1462
1857 1713
1546 2063
1831 1759
1716 1870
1626 1983
1779 1837
1693 1925
1737 1879
1793 1835
1719 1908
1729 1922
1777 1881
1763 1898
1740 1934
2042 1631
1845 1843
1782 1920
1689 2010
1748 1973
1435 2589
1767 1995
2156 1710
1771 2044
1535 2510
1972 1838
1927 1882
1690 2191
2320 1606
1724 2148
1715 2210
1815 2075
2069 1846
2177 1788
1879 2014
2342 1678
2063 1864
1814 2127
1445 2877
1898 2018
2086 1909
2018 1955
1789 2285
2313 1783
2517 1641
2278 1815
1881 2125
2065 1948
1922 2077
2016 1993
1752 2419
1871 2192
1742 2456
1980 2058
2093 1978
2055 2004
1840 2327
1990 2080
2460 1779
1656 2719
2040 2051
2293 1893
1976 2151
2303 1904
2084 2042
1785 2518
2002 2126
1920 2259
1723 2646
2023 2137
2346 1906
2009 2159
2409 1874
1825 2513
1915 2332
2123 2090
2054 2161
2056 2158
2192 2050
2447 1877
1924 2383
2268 2009
2108 2129
2164 2102
2057 2212
2384 1953
1795 2673
2041 2242
2237 2074
2503 1892
2059 2260
2137 2179
2046 2304
2131 2223
2020 2372
2230 2143
2158 2234
2105 2290
1842 2705
2224 2180
2087 2339
2276 2147
2027 2408
1726 2937
2248 2186
2182 2253
2068 2390
1998 2476
2037 2435
1936 2599
2243 2224
2080 2394
2324 2120
2217 2255
2126 2359
2221 2263
2212 2286
2433 2055
1984 2561
2095 2434
2242 2275
2307 2202
2305 2225
2124 2459
2110 2480
1811 2953
2186 2417
2267 2337
2050 2563
2200 2413
2154 2457
2226 2429
2223 2441
2239 2427
2270 2406
2064 2623
2279 2410
2145 2548
2203 2498
2434 2237
2143 2570
2034 2688
2298 2414
2338 2368
2349 2379
2262 2488
2184 2580
2508 2220
2185 2610
2464 2299
2323 2460
2576 2184
2468 2310
2277 2565
2161 2669
2402 2421
2335 2472
2432 2389
2608 2182
2489 2320
2148 2716
2550 2256
2378 2466
2484 2350
2134 2747
2408 2452
2354 2506
2361 2509
2452 2398
2523 2323
2352 2523
2377 2535
2696 2188
2366 2578
2438 2492
2514 2397
2569 2344
2556 2363
2629 2301
2187 2824
2117 2897
2565 2423
2522 2470
2703 2296
2339 2700
2481 2558
2174 2906
2225 2866
2152 2958
2694 2381
2591 2485
2504 2612
2072 3090
2400 2741
2251 2920
2497 2633
2194 2993
2529 2622
2532 2629
2053 3181
2534 2645
2568 2618
2604 2601
2282 2982
2531 2674
2031 3274
2495 2738
2701 2542
2770 2477
2290 3016
2299 3015
2555 2718
2546 2731
3040 2215
2231 3110
3238 2110
2921 2373
2544 2791
2819 2512
2798 2547
2376 3012
2636 2745
2551 2828
2490 2903
2679 2729
2621 2782
2559 2838
2774 2636
2672 2754
2791 2630
2699 2760
2724 2744
2530 2928
2757 2717
3003 2445
3162 2312
2689 2813
2843 2626
2518 3000
2986 2491
2304 3253
2626 2878
2799 2696
2936 2551
2685 2846
2525 3005
2332 3223
2190 3481
2822 2707
2761 2804
2257 3435
2733 2852
2666 2934
2112 3701
2826 2776
2777 2853
2540 3093
2519 3119
2613 3048
2486 3189
2737 2941
2647 3031
2668 3020
2803 2880
2537 3168
3486 2324
2868 2811
2931 2753
1996 4118
2752 2975
2524 3210
2821 2900
2510 3295
2607 3173
3342 2519
3034 2746
2424 3478
2431 3473
3121 2708
2911 2891
2686 3167
3012 2823
2809 3024
2456 3506
2507 3430
2800 3051
2805 3046
2908 2946
2713 3175
2861 3004
2744 3152
2896 2983
2633 3358
2855 3047
2548 3470
3005 2917
2716 3271
2828 3112
2950 2980
2794 3169
2831 3144
3088 2907
2991 3003
3103 2910
3093 2931
2852 3148
3177 2863
2834 3198
3671 2556
2929 3097
2876 3165
2543 3685
2988 3065
2815 3302
3414 2793
2727 3475
2875 3230
2813 3357
2955 3150
2847 3298
3405 2834
2439 4011
3123 3043
2853 3340
2976 3188
3148 3062
3187 3039
2883 3363
2749 3603
2642 3784
2717 3696
3376 2966
2900 3393
2588 3938
3378 2985
2603 3913
3514 2887
2948 3351
3001 3292
2857 3489
3067 3222
3733 2775
3141 3157
3107 3208
3071 3239
3069 3260
3097 3238
3098 3272
2933 3482
3084 3331
3228 3183
3209 3197
3294 3141
3285 3151
2916 3535
2796 3767
2869 3622
2958 3497
3181 3243
2968 3484
3119 3329
3024 3438
2890 3647
3383 3126
3134 3330
3599 2989
2884 3687
3065 3445
3403 3145
2605 4216
3568 3032
2895 3717
2966 3602
3280 3283
3184 3368
3588 3035
3271 3300
2904 3739
3202 3386
3247 3333
2816 3933
3205 3402
3013 3620
2913 3756
3049 3564
2812 3977
3014 3652
3000 3678
2985 3691
3261 3400
3109 3553
3644 3076
3986 2886
3230 3440
3302 3391
3713 3041
3281 3420
3156 3546
3149 3570
2754 4251
3408 3342
3236 3515
2998 3798
3788 3082
2885 4027
3222 3574
3802 3089
2979 3878
3460 3348
2888 4045
3351 3468
3796 3099
3439 3425
4094 2955
3344 3529
3926 3053
3498 3396
3755 3180
2964 4028
3457 3455
3500 3417
3300 3632
3400 3542
3516 3459
2906 4197
3324 3666
4005 3087
3374 3612
3063 3963
3534 3457
3178 3826
2993 4086
3394 3630
2994 4101
3193 3860
3333 3726
3345 3728
3468 3581
3676 3397
3242 3841
3781 3327
3038 4128
3447 3651
3076 4099
3672 3447
3466 3667
3258 3907
3200 3995
3481 3677
3436 3727
3685 3474
3310 3882
3543 3638
3653 3524
3266 3944
3522 3683
3373 3849
3245 3998
3583 3644
3790 3460
3303 3964
3697 3543
3404 3864
4267 3106
4004 3306
3704 3547
3643 3610
3700 3579
4030 3320
3352 4014
3558 3778
3667 3676
2944 4538
3424 3952
3316 4081
3879 3504
4041 3367
3945 3446
3299 4137
3693 3695
3474 3929
3839 3576
3689 3706
3894 3537
3497 3936
3768 3679
3510 3941
3463 4000
2886 4832
3703 3750
3491 3992
3823 3654
3330 4193
3914 3583
3743 3755
3840 3674
4013 3522
3550 3980
3532 4004
3724 3840
3723 3845
3662 3912
3561 4023
3825 3795
4028 3617
3778 3857
4095 3575
3997 3672
3923 3741
3654 4012
3490 4213
4185 3521
3487 4229
3598 4135
3216 4566
3354 4423
3707 4038
3655 4093
3382 4410
3984 3794
3367 4461
3604 4194
3652 4169
3611 4221
3808 4033
3816 4036
3627 4247
4049 3811
3575 4314
3811 4069
3871 4002
4707 3310
3960 3945
3929 3976
3773 4166
4033 3926
3477 4498
3956 4013
3590 4394
3908 4084
4063 3930
3819 4185
3530 4492
3920 4096
4969 3318
3432 4682
3764 4302
4508 3586
3803 4320
4035 4087
3896 4241
4047 4083
3423 4809
3375 4923
3296 5050
3766 4393
3725 4432
3745 4428
4331 3835
3716 4473
3982 4228
3777 4436
4684 3613
3508 4807
4089 4163
4217 4043
3526 4805
4537 3742
3626 4679
4383 3898
4423 3881
3944 4358
4071 4252
4123 4203
4518 3808
4466 3890
4097 4273
4080 4289
3792 4602
4242 4142
4494 3909
3875 4534
3814 4625
3709 4753
3905 4526
4135 4295
3624 4892
3884 4616
4255 4258
4406 4102
4256 4267
3684 4919
4154 4361
4081 4442
4382 4150
4158 4381
3827 4788
4456 4117
4516 4055
3977 4659
5108 3743
3992 4650
3495 5404
4161 4465
3830 4909
3918 4835
3959 4803
4222 4496
4022 4755
3758 5125
4021 4790
3368 5829
5672 3532
4173 4620
4195 4587
4662 4179
4201 4586
3915 4970
4731 4147
3965 4932
4016 4856
5743 3458
4385 4408
4125 4736
3974 4956
4264 4569
4105 4793
3969 4976
4115 4783
3957 5023
4001 4967
4575 4313
5047 4051
4261 4666
4457 4446
4351 4549
4209 4743
4861 4201
4182 4798
4301 4649
4690 4357
4681 4365
4025 5122
3925 5286
4364 4641
5178 4113
4491 4529
4504 4531
4291 4787
4153 4991
4546 4507
4257 4868
4312 4781
4428 4655
4359 4756
4427 4696
4775 4429
4420 4716
4396 4750
4272 4937
4287 4910
4511 4651
4102 5250
4144 5171
4435 4752
4168 5127
4533 4678
4347 4912
4519 4701
5054 4355
4130 5313
4755 4559
4746 4597
4653 4668
4687 4640
4219 5237
4765 4604
4438 4907
4481 4869
4748 4621
4641 4706
4204 5289
5469 4190
4321 5098
5097 4431
4352 5081
4497 4922
4402 5038
4235 5306
4713 4712
4145 5498
4705 4777
4536 4930
4360 5169
4551 4929
4003 5769
4598 4936
4751 4833
4576 4979
4440 5163
4439 5166
4851 4772
4345 5336
4542 5054
4922 4730
4237 5533
4368 5323
4561 5055
4897 4779
5039 4669
4177 5650
4091 5780
4758 4906
4919 4785
4926 4792
4616 5049
3951 5950
4523 5155
4892 4836
4693 5005
4841 4880
5012 4758
5488 4416
4559 5154
4434 5349
4819 4955
5336 4576
4391 5487
4743 5092
4714 5117
4866 5000
4865 5017
4501 5383
5077 4842
4863 5032
4541 5343
4637 5257
5728 4288
4654 5249
5465 4555
4815 5090
4280 5745
5075 4885
4535 5386
4539 5388
4611 5342
5209 4824
4056 5990
4771 5246
4332 5747
4857 5161
4787 5239
4795 5254
5189 4902
4489 5642
4495 5635
5310 4846
4957 5164
5043 5100
5096 5063
4867 5295
5593 4654
4956 5238
4780 5425
4492 5739
5117 5137
5123 5167
5232 5068
5361 4960
5129 5219
4967 5366
5292 5080
4972 5397
5065 5325
4507 5862
4977 5427
4296 5994
5198 5253
5207 5261
4370 5972
5144 5337
5072 5409
5143 5365
5241 5284
5554 4958
4836 5655
4904 5600
5080 5451
5225 5328
5284 5274
4925 5630
5032 5549
4938 5656
4832 5775
5503 5150
5455 5225
5016 5657
5138 5569
5217 5497
5513 5191
4719 5889
4826 5826
5237 5495
4945 5762
5033 5698
5086 5667
5628 5093
5263 5538
5611 5172
5596 5190
5112 5691
5203 5640
4986 5812
5636 5216
5099 5785
5531 5393
5190 5753
5764 4897
5169 5795
5081 5853
5187 5804
5274 5748
4818 5995
5368 5689
5214 5848
5365 5710
5306 5758
5612 5475
5164 5891
5516 5594
5079 5947
5248 5873
5571 5615
4930 6001
5680 5455
5380 5817
5281 5888
5481 5805
5562 5744
5333 5936
5737 5668
5590 5910
5552 5971
5691 5919
5774 6010
