1707515443 1780862618
1
sift 1040
63 113
27 56
29 45
26 60
43 64
34 43
228 318
167 216
37 50
102 165
130 182
50 48
444 689
154 241
59 73
270 262
145 199
58 81
680 818
173 240
72 79
248 418
209 275
70 94
651 861
369 402
71 92
358 890
257 285
69 101
734 1091
364 404
68 110
401 798
266 341
89 119
717 1200
367 427
98 137
750 1172
412 387
126 124
843 1599
398 425
133 156
968 1701
333 500
123 198
930 1858
397 452
142 185
1196 1510
406 550
162 204
1324 1724
434 537
164 219
1099 1901
454 514
189 227
1445 1586
467 531
180 266
1074 1993
473 479
179 268
1352 1888
581 770
186 256
1187 2094
502 793
182 271
1304 2906
652 827
246 247
1209 2600
778 720
208 284
1699 2130
684 944
215 282
1382 2153
586 1055
203 298
2221 1961
611 1354
237 267
1462 2231
793 1009
250 260
1865 2494
908 873
244 399
1593 2141
755 1146
245 423
2341 2440
840 1007
323 313
1535 3797
966 1006
306 338
1997 3201
802 1323
274 388
2276 2354
922 1077
337 324
2451 3913
888 1305
352 317
1877 3167
910 1161
293 393
2445 3968
1044 1385
319 354
1759 3392
827 1468
321 377
2493 4077
1165 1329
302 411
1503 4357
964 1261
289 440
3301 3033
1095 1570
301 436
2347 2601
980 1319
327 430
2438 4468
1248 1514
308 530
2548 2436
1018 1792
354 447
3277 3592
1193 1653
381 416
2580 2801
1330 1355
341 472
3107 4086
1101 1940
424 398
2016 3796
1093 1773
382 434
3191 4106
1407 2014
350 507
2575 2920
1215 1607
348 524
3008 4562
1486 2033
384 468
2315 4635
1184 1711
363 529
2778 5941
1715 1942
403 449
3091 3515
1124 1943
368 555
3707 4295
1898 1854
411 499
3671 4536
1367 1768
376 573
3714 4522
1743 2055
394 543
3382 5216
1436 1860
351 612
3885 4607
1708 2339
469 437
3869 4992
1448 1898
466 453
4349 4926
1589 2887
395 593
4310 5237
1299 2441
417 603
4143 6028
1751 2615
482 496
5563 4426
1488 2063
442 567
5018 5148
1741 2640
427 596
4952 5005
1441 2167
477 592
5173 5681
1910 2377
478 604
5642 4548
1525 2235
541 538
4838 6221
1956 2576
540 547
5599 5055
1634 2412
462 652
4729 6402
2066 2639
437 725
5098 6003
1343 3440
474 666
5813 5913
2661 2462
499 664
1621 2978
547 605
5226 6471
2617 2584
460 786
1566 3078
464 799
2877 2461
532 660
1838 2748
506 735
2669 2665
558 636
1804 2822
531 706
2316 3507
571 637
1781 2884
589 671
2883 3070
567 724
1982 2839
548 791
2310 3785
527 843
2073 2715
445 1194
2926 3117
631 672
2154 2634
686 643
2361 3971
576 844
2476 2353
623 766
2411 3902
575 862
2232 2694
583 847
3144 3076
565 965
2429 2499
780 684
2611 3740
624 904
2176 2912
691 851
2713 3580
783 781
2234 2852
616 990
3003 3256
724 868
2159 3128
674 927
2670 3791
735 891
2773 2454
814 826
3168 3207
636 1059
2282 3213
676 999
2855 3699
807 871
1978 4018
727 985
2972 3511
719 1010
2392 3114
677 1147
2887 3692
738 1033
2547 3040
697 1153
3289 3189
765 1016
2299 3444
731 1113
2458 4447
721 1135
2409 3299
770 1044
2995 3778
700 1169
2663 3096
870 925
2800 4445
873 926
2442 3447
854 976
3090 4113
801 1080
2843 3091
848 1004
3298 3754
822 1062
2453 3559
741 1210
2676 5101
820 1073
2354 3837
842 1054
2820 4911
838 1071
2708 3323
824 1092
3030 4686
768 1189
2700 3548
790 1191
3435 4026
817 1186
2557 3774
982 929
3565 4098
880 1083
2933 3452
876 1095
3388 4366
900 1067
2878 3551
787 1312
2951 5331
761 1393
3006 3744
944 1100
3769 3961
951 1148
2388 4777
818 1422
3138 5058
949 1178
3039 3745
1059 1074
2794 6337
891 1277
2890 4063
923 1229
3256 5338
1050 1138
2498 4843
875 1418
3678 4646
934 1265
3378 3492
892 1367
3512 4982
767 1723
3060 4134
916 1315
3832 4713
914 1318
3245 3771
953 1270
3996 4668
957 1287
3215 3915
1033 1222
3404 5732
1040 1235
2971 4418
975 1308
4256 4631
1026 1298
3098 4227
1177 1168
3849 5123
990 1351
3040 4429
1077 1282
3811 5303
963 1436
3270 4051
1249 1160
4160 4901
1108 1294
3176 4297
1010 1404
3953 5342
869 1801
3196 4403
1251 1173
4180 5019
1047 1413
3508 3823
1039 1443
3834 5882
1216 1240
3515 3853
1053 1484
4342 5343
1015 1525
3622 3690
1051 1492
3939 6158
1082 1458
3373 4228
1121 1480
4422 5510
1131 1501
3199 4672
1149 1482
4276 5734
1038 1644
3519 4296
1084 1577
4581 5546
1162 1498
3372 4510
1180 1485
4675 5465
1092 1589
3362 4629
1167 1504
4556 5717
1155 1528
3624 4415
1188 1547
5206 5014
1126 1650
3244 5016
1146 1615
4735 5956
1355 1370
3374 4720
1237 1549
5110 5866
1200 1631
3712 4521
1740 1180
4697 6496
1364 1456
4060 4330
1110 1873
4896 6375
1244 1624
3669 4839
1120 1897
5103 6135
994 2178
3540 5093
1145 1883
5375 6207
1685 1259
3737 4882
1269 1693
6101 6558
1379 1531
3527 5396
1595 1341
1399 1529
3561 5700
1374 1559
1204 1907
3793 5432
1393 1582
1310 1764
4265 5352
1319 1758
1424 1566
4483 5072
1322 1762
1307 1800
4324 5409
1069 2280
1365 1710
4465 5337
1496 1533
1283 1871
4369 5497
1096 2289
1524 1562
4659 5222
1164 2180
1336 1874
4534 5601
1351 1859
1577 1550
5304 4667
1306 1941
1487 1673
4600 5570
1262 2053
1547 1642
4676 5613
1516 1702
1428 1829
4681 5608
1380 1902
1626 1623
4586 5777
1326 2013
1538 1718
4035 6501
1756 1538
1327 2088
4306 6398
1362 2029
1508 1813
4597 6092
1288 2309
1567 1834
4795 5798
1706 1709
1696 1719
4908 6412
1489 1928
1622 1896
4868 6517
1346 2442
1858 1735
5502 6122
1356 2432
1403 2251
5810 6057
1730 1856
1891 1734
6054 6475
1676 1963
1528 2166
1737 1937
1844 1881
1475 2297
1482 2296
1721 2007
1679 2046
1668 2070
1777 1965
1402 2635
1834 1977
1562 2278
1711 2112
1829 1995
1731 2102
1792 2034
1337 3124
1916 1985
1904 2001
2077 1887
1707 2276
1712 2267
1850 2140
1671 2364
1948 2035
1739 2279
1498 2758
1796 2249
1742 2362
1719 2466
1632 2653
2022 2043
1954 2136
1774 2393
1687 2594
1647 2697
1872 2293
1959 2204
1990 2162
1762 2525
1750 2681
2053 2199
1800 2643
1938 2372
1693 2913
1945 2443
1875 2586
2046 2268
1972 2406
1826 2734
2190 2138
1868 2693
1974 2472
2186 2175
2124 2266
1919 2753
2286 2187
2342 2177
2281 2236
2123 2448
1810 3142
2543 2098
1813 3158
2165 2470
1890 3044
1932 2979
2106 2636
2041 2756
2249 2447
1651 3724
2484 2270
1541 4319
2284 2565
2086 2900
2319 2550
1867 3376
1983 3151
2371 2501
1927 3263
1905 3317
2181 2829
2140 2904
1896 3390
2455 2543
2147 2967
2400 2672
2143 3087
2075 3226
2079 3225
2226 2996
2517 2650
2737 2459
2380 2847
2550 2659
2152 3184
2294 2987
2132 3247
2193 3163
2594 2689
2366 2953
2647 2706
2395 2971
2633 2755
2418 3005
2499 2964
2537 2942
3142 2352
2431 3052
2465 3049
2578 2951
2504 3023
2325 3218
2657 2873
2338 3219
2586 2991
2481 3097
1950 4335
3113 2519
2529 3098
2574 3080
2805 2880
2569 3129
2922 2770
2251 3535
2348 3391
2677 3065
2660 3136
2381 3418
2642 3165
2329 3518
2530 3300
2565 3303
2622 3291
2584 3319
2432 3497
2545 3381
2559 3389
2360 3694
2513 3453
2511 3473
2462 3554
2616 3411
2665 3368
2435 3673
2666 3382
2873 3204
2777 3288
2801 3316
2668 3479
2397 3927
2664 3530
2849 3335
2691 3531
2581 3725
2614 3674
2419 4004
2305 4294
3032 3208
2854 3434
2679 3707
2603 3878
2754 3615
2893 3446
2752 3658
2818 3634
3141 3242
2936 3477
3320 3061
2954 3491
2731 3839
2924 3540
2958 3523
2824 3742
3135 3304
3092 3357
2242 4782
3282 3183
2977 3543
2434 4466
2837 3798
3528 3002
3064 3504
2798 3958
2931 3728
3004 3657
2831 3990
2790 4168
2909 3965
2888 4005
3171 3538
3062 3722
3209 3503
3096 3691
2331 5071
2929 4058
3217 3575
3198 3620
2428 4900
3305 3435
2313 5273
3177 3719
3254 3557
3243 3588
3086 3938
3462 3336
3073 4069
3148 3952
3077 4100
2735 4653
3601 3301
3183 3919
2420 5276
3901 3164
3165 4037
3579 3374
2457 5290
3069 4236
3323 3684
3263 3841
3072 4262
3280 3867
3363 3677
3351 3741
3358 3749
3484 3581
3103 4303
3605 3481
4588 2897
3059 4436
3348 3845
3426 3732
2987 4574
3824 3362
3851 3345
3809 3423
3274 4172
3249 4239
3785 3466
3266 4264
3285 4268
3454 3932
3530 3864
3338 4171
3082 4670
3205 4493
3683 3702
4232 3266
3424 4067
3444 4052
3239 4449
3623 3838
3386 4208
3599 3920
3595 3979
3529 4072
3084 4830
3492 4173
3240 4601
3471 4226
3516 4202
3466 4281
4331 3407
3594 4144
3485 4311
3175 4823
3887 3835
3510 4300
4223 3509
3482 4383
3477 4397
3071 5158
3628 4244
2935 5602
3486 4443
2901 5748
3416 4567
3505 4460
3517 4475
3316 4737
3966 4001
3550 4474
3333 4749
2896 5954
3235 5001
3570 4487
3161 5295
3951 4092
3259 5004
3813 4309
3387 4819
3786 4365
3716 4497
4687 3562
3721 4544
3533 4785
4400 3917
3556 4758
4227 4097
3800 4532
3928 4499
3760 4623
3659 4729
4087 4353
4481 3981
4235 4233
3685 4745
4387 4112
3439 5166
4145 4387
3433 5214
3884 4650
4295 4271
4518 4091
3641 4917
3472 5252
4286 4371
3562 5144
3355 5684
4573 4146
3658 5017
3746 4905
3544 5245
4357 4384
4307 4420
4650 4127
4505 4292
3837 4865
3722 5029
3973 4773
3914 4884
4208 4603
3957 4834
3696 5189
3604 5443
4599 4327
4055 4801
3690 5284
4178 4682
3681 5324
4348 4577
4190 4694
3586 5572
3489 5799
3761 5246
4353 4620
3532 5746
4202 4738
4115 4841
4633 4414
3932 5112
4263 4711
4091 4894
3972 5063
3994 5048
4059 4964
4334 4695
5008 4089
4135 4931
3626 5745
3728 5547
4077 5043
3804 5518
3879 5440
4817 4392
3776 5623
3788 5625
3574 6052
3865 5574
4033 5288
4131 5159
5015 4316
4041 5375
4028 5417
3967 5621
4453 4914
4083 5456
4300 5121
4248 5224
4275 5217
4811 4636
3987 5736
4504 4984
4436 5115
4090 5664
3927 6039
4136 5672
5149 4514
3563 6509
3937 6083
4624 5033
4329 5486
3674 6474
4819 4864
4214 5741
4183 5818
4601 5184
4862 4878
5027 4730
4712 5116
4305 5752
3912 6397
4396 5680
4451 5633
4542 5494
4175 6038
4537 5567
4448 5762
4249 6049
4629 5541
4467 5828
4630 5577
4745 5388
4389 5967
4691 5562
4845 5268
4752 5447
5352 4766
4365 6094
4701 5584
4485 5950
4640 5760
5290 4899
4721 5676
4569 5944
4765 5611
4669 5801
4921 5357
5043 5198
5010 5264
4618 5946
4628 5931
4316 6355
4718 5808
4420 6282
5127 5178
4578 6071
4446 6303
4788 5770
4589 6163
4799 5854
4753 5980
5001 5586
4649 6172
4437 6456
5330 5265
4710 6192
5281 5353
5803 4892
5404 5261
5085 5674
4748 6185
5089 5683
4760 6219
5171 5663
5266 5579
5013 5998
4696 6454
5289 5703
4987 6096
5823 5145
4867 6308
5028 6125
5292 5793
5078 6082
5302 5820
5724 5378
5569 5542
5219 5964
5231 5982
5284 5930
5190 6093
4949 6432
5665 5705
5511 5864
5422 6155
5165 6433
6422 5162
5444 6297
5376 6365
5784 5999
5611 6195
5646 6183
5223 6515
6504 5379
5684 6395
5343 6526
5659 6426
5660 6445
6013 6174
5505 6511
6220 6009
6368 5936
5832 6467
6481 6019
6629 5948
1707515443 1988776702
1
sift 2360
15 13
28 19
2 2
18 21
36 26
9 4
63 47
97 78
11 6
168 122
188 167
8 9
171 128
154 99
13 11
169 139
225 174
20 12
187 136
173 108
19 16
259 171
249 199
21 17
228 189
156 125
26 20
314 252
238 214
29 22
328 449
167 129
31 24
408 386
340 289
33 25
554 384
369 291
34 28
522 419
364 298
38 29
605 370
346 323
39 31
595 525
365 314
52 38
645 466
355 315
50 44
651 540
367 321
55 58
627 567
397 310
57 55
843 475
418 299
59 52
680 609
398 346
69 62
734 591
434 382
70 66
673 681
467 365
89 68
763 657
489 443
103 60
795 740
454 412
99 72
825 809
581 510
95 75
1292 557
533 468
122 71
1831 511
598 509
106 85
862 844
657 547
111 84
1113 892
543 755
118 93
932 794
667 606
123 98
1016 988
913 499
133 94
1061 965
684 608
145 91
1140 1084
652 719
120 105
1196 955
683 667
140 101
1284 1178
769 661
127 112
1304 961
730 702
143 110
1554 984
840 704
126 120
1352 1203
802 655
155 115
1366 1328
816 742
152 130
1388 1213
888 598
164 134
1431 1303
784 792
163 135
1476 1141
831 706
161 147
1440 1419
1003 810
184 131
1768 1267
1123 739
180 138
1699 1438
947 907
185 141
1775 1352
1101 833
158 196
1741 1416
1152 819
186 154
1602 1500
865 1120
193 156
1615 1534
1044 929
206 157
1548 1585
1095 1006
175 204
1445 1827
1057 1095
212 153
1725 1623
1094 1092
189 177
1743 1620
1169 1067
207 164
1880 1710
1165 1032
204 176
1942 1715
1257 1029
229 162
2341 1476
1193 1016
209 178
1855 1835
1248 1094
255 146
1865 1861
1320 1206
197 190
2076 1850
1357 1281
215 170
2485 1682
1406 1251
221 188
2438 1841
1384 1307
235 187
2278 1892
1427 1305
237 200
2137 2090
1470 1282
226 210
2451 1904
1485 1302
250 207
2445 1959
1704 1370
286 168
2576 1947
1443 1358
248 211
2295 2195
1511 1640
246 219
2425 2174
1458 1442
265 202
1931 2927
1519 1794
309 179
2482 2240
1570 1483
257 222
2778 2135
1746 1625
274 229
2595 2265
1537 1513
307 212
2811 2157
1753 1618
318 209
2609 2308
1675 1520
283 236
2604 2583
1898 1803
270 243
2956 2131
1669 1557
280 250
2863 2440
1910 1800
262 269
3146 2172
1714 1632
302 235
2806 2509
1956 1791
288 241
3008 2362
1751 1592
293 248
2653 2649
2310 1575
308 239
3275 2286
1695 1673
348 227
2895 2632
1767 2045
313 244
2335 3237
1799 1591
329 234
2874 2810
2066 1780
304 253
3052 2740
2040 1474
281 279
3107 2670
2093 1882
305 256
3255 2527
1828 1639
285 276
3207 2620
2090 1969
331 249
3074 2829
2162 1774
333 258
3204 2723
2972 1608
327 265
3549 2472
2589 1796
321 272
3582 2540
2743 1905
351 255
3191 2916
2794 1854
341 270
3190 2974
2676 1955
323 295
3105 3044
2670 2076
337 284
4462 2200
3012 1903
354 277
4019 2374
2611 2280
361 275
3257 3026
2995 2080
413 246
3189 3119
2617 2302
334 308
3668 2755
2411 2473
363 285
3335 3012
3003 2103
350 305
3296 3052
2800 2403
368 290
4230 2669
2872 2345
385 278
3686 2982
2855 2380
349 313
3707 2994
2713 2515
373 292
3844 2937
2951 2355
338 333
3543 3150
2889 2413
376 302
3711 3258
2797 2507
359 319
3954 3141
2793 2505
401 282
3885 3197
2721 2603
396 306
3671 3320
3030 2390
425 296
3621 3388
2926 2485
389 325
3714 3437
3138 2385
379 339
3615 3496
3001 2576
406 320
3718 3635
2883 2647
417 316
4349 3182
2887 2704
412 328
3895 3533
3024 2613
419 322
3908 3548
3090 2591
382 350
3491 4026
3256 2584
384 357
4017 3469
3168 2698
395 352
3942 3555
3289 2655
445 317
3919 3737
2994 3000
411 345
3869 3755
3789 2401
402 353
3603 4178
3393 2687
486 286
4143 3561
3356 2781
473 300
4070 3971
3565 2689
416 348
4122 3608
3194 3078
391 371
4623 3506
3298 3063
374 397
4554 3512
3174 3305
437 359
4251 3929
3678 2879
452 351
4266 3799
4890 2313
441 363
4653 3707
3979 2816
463 356
4347 4049
3497 3152
424 391
4729 3767
3361 3374
458 369
4501 4085
3689 3092
462 380
4480 4346
3388 3343
502 361
4882 3881
3512 3245
499 366
4816 4019
3834 3066
466 383
5267 3708
3407 3440
464 390
4397 4638
3480 3442
455 399
5327 3748
3849 3221
510 372
4711 4321
3619 3406
477 395
5088 3956
3693 3417
453 417
4820 4290
4185 3120
474 398
5160 4011
3790 3466
531 376
5226 3985
3811 3511
497 405
4838 4461
3953 3401
538 385
4780 4708
4026 3375
505 409
5254 4356
4127 3323
512 408
4737 4855
3893 3572
566 377
4363 5431
3769 3674
527 400
4404 5374
4160 3432
480 442
5813 4069
3900 3677
469 474
4994 4956
4452 3277
506 432
5547 4361
4680 3163
546 404
4958 5041
4333 3416
528 429
5522 4490
3939 3854
478 489
5596 4557
4236 3601
536 431
5173 4887
3996 3954
634 379
5233 4851
4276 3724
482 494
5249 4834
4123 3878
525 463
4975 5148
4221 3876
520 479
5722 4608
4370 3825
568 425
5968 4661
4364 3839
829 340
5051 5452
4342 3898
615 403
5260 5438
4494 3867
586 424
5598 5365
4001 4347
562 445
5643 5354
4520 3897
560 461
5806 5373
5081 3361
648 411
6218 5093
4472 3948
557 482
5496 5802
4308 4133
569 469
5797 5830
4516 3942
646 421
6229 5287
4422 4023
547 515
5900 5751
4256 4226
587 480
5805 5895
4697 3809
540 531
6520 5236
4521 4277
565 503
6123 5757
4997 3798
576 492
6181 5688
4741 4097
558 523
6478 5400
4196 4658
583 502
6223 5724
4581 4341
575 518
6238 5851
4556 4353
485 648
5967 6130
4896 4074
567 539
6275 6041
4338 4616
580 528
6590 6227
4424 4593
643 478
6319 6384
4675 4363
631 485
6404 6516
4823 4212
669 455
6654 6012
4679 4395
541 581
6641 6559
5074 4056
607 512
4808 4329
600 529
5117 4028
573 552
5442 3863
633 498
4632 4635
637 504
4852 4391
623 520
5279 4059
630 516
4942 4336
570 569
5038 4294
729 452
5031 4349
608 546
5206 4254
672 506
5162 4331
701 487
4984 4586
641 541
5200 4390
855 427
5429 4260
596 588
5050 4555
744 508
5103 4537
612 584
5110 4624
714 519
5727 4191
686 537
6129 3912
697 548
5375 4489
616 628
5359 4534
584 674
4539 5556
749 533
5157 4699
676 573
5938 4297
674 578
6026 4209
654 610
5313 4745
691 585
5486 4619
626 664
5235 4813
603 712
4785 5343
694 617
5274 4892
761 566
5881 4507
750 593
5825 4541
700 635
5771 4612
738 627
4682 5822
721 634
4805 5715
718 638
5216 5254
719 642
6142 4597
1102 456
5716 5021
801 583
5767 4932
722 658
6477 4539
754 647
5878 4866
765 632
4891 6024
731 659
6242 4746
713 682
5807 5237
800 630
5861 5204
724 690
5367 5932
821 620
5859 5439
758 663
6208 5137
846 616
5951 5423
791 652
6501 5011
708 731
5793 5700
820 646
6425 5105
793 684
5880 5646
790 692
5835 5679
727 759
6115 5496
735 762
5834 5819
817 688
5528 6115
815 691
6114 5589
723 778
6041 5676
751 753
6247 5509
759 750
6436 5368
739 782
5972 5865
809 725
6419 5426
835 703
6126 5846
867 683
6613 5141
868 685
6548 5492
728 836
6260 5775
796 754
6398 5710
788 768
6132 5916
854 709
6124 6058
822 746
6135 6067
695 900
6470 5660
848 722
6243 6065
893 666
6379 5944
1023 600
5734 6449
810 773
5946 6383
814 777
6603 5698
778 814
6566 5949
770 845
6616 5593
836 775
6224 6373
866 751
6392 6275
870 760
6602 6495
842 799
6584 6402
875 764
891 733
901 721
935 693
892 738
807 867
1389 530
896 752
850 828
838 855
871 830
902 767
844 870
851 860
861 852
965 717
876 835
783 926
937 745
894 825
853 897
914 801
920 798
967 763
903 824
1074 700
922 807
1090 710
883 886
900 869
998 781
1067 737
910 863
1096 729
916 866
1116 726
1099 735
980 829
912 901
964 858
994 841
996 842
975 861
963 881
1029 837
827 1053
944 889
990 872
956 904
949 913
1059 850
1181 766
1093 827
873 1036
1039 884
988 909
1031 891
1186 796
1015 905
953 943
1135 843
950 944
1131 847
951 948
979 927
1013 917
1051 906
981 937
1011 923
957 964
1060 908
1132 877
971 983
1065 918
1069 920
1053 931
1244 831
1040 952
982 1008
1164 898
1323 802
1046 963
1050 979
1107 939
1077 966
1210 894
1285 859
1027 1034
1103 967
1036 1038
1092 992
1112 985
1055 1031
1187 930
1007 1085
1056 1043
905 1223
1038 1079
1204 933
1220 924
1126 1007
1141 995
1121 1021
1142 1005
1145 1003
1104 1048
1160 998
987 1149
1030 1126
1146 1012
1064 1102
1201 982
1139 1045
1154 1042
1163 1041
1233 978
995 1195
1198 1010
1155 1062
1125 1099
1361 919
977 1266
1338 928
1184 1077
1207 1059
1216 1052
1236 1030
1331 971
1167 1109
1080 1214
1317 994
1246 1055
1177 1125
1136 1168
1385 973
1212 1121
1213 1132
1272 1100
1370 1015
1170 1194
1423 986
1314 1086
1337 1076
1298 1116
1326 1106
1215 1211
1175 1259
1299 1134
1379 1065
1301 1136
1173 1280
1237 1207
1332 1131
1197 1275
1264 1190
1217 1253
1278 1182
1241 1233
1279 1209
1271 1219
1322 1173
1362 1144
1330 1186
1358 1160
1306 1227
1286 1257
1251 1301
1230 1344
1446 1112
1335 1230
1310 1262
1307 1268
1402 1151
1355 1225
1585 1056
1374 1185
1587 1058
1685 1020
1644 1047
1250 1365
1259 1362
1266 1355
1560 1093
1521 1123
1159 1495
1226 1428
1417 1204
1468 1156
1395 1236
1364 1284
1351 1308
1958 949
1874 989
1297 1405
1382 1286
1234 1452
1522 1155
1403 1271
1277 1429
1626 1128
1461 1222
1489 1193
1399 1294
1452 1237
1466 1229
1508 1215
1372 1391
1479 1264
1359 1414
1420 1347
1255 1521
1418 1360
1436 1350
1679 1165
1393 1403
1401 1396
1424 1378
1433 1368
1475 1324
1430 1387
1509 1313
1798 1147
1441 1392
1514 1314
1448 1398
1398 1432
1512 1327
1834 1150
1598 1299
1439 1417
1795 1167
1806 1166
1500 1380
1488 1393
1713 1242
1527 1376
1686 1269
1612 1312
1593 1335
1471 1420
1610 1320
1792 1231
1565 1375
1638 1332
1524 1410
1530 1409
1662 1315
1654 1322
1588 1382
1977 1148
1621 1374
1759 1276
1477 1456
1442 1492
1802 1274
1535 1430
1691 1342
1525 1450
1270 1768
1487 1479
1688 1364
1368 1645
1653 1415
1613 1437
1365 1696
1625 1439
1839 1317
1531 1497
1676 1418
1840 1325
1845 1326
1516 1507
1671 1425
1814 1354
1745 1386
1415 1611
1712 1412
1556 1486
1465 1563
1739 1402
1496 1542
1617 1466
1482 1564
1573 1508
1536 1549
1502 1578
1425 1714
1677 1484
1595 1532
1700 1487
1380 1815
1553 1581
1670 1512
1483 1669
1550 1589
1913 1399
1784 1457
1667 1533
1435 1763
1577 1597
1575 1604
1811 1469
1901 1433
1566 1641
1711 1537
1890 1441
1808 1489
1719 1543
1742 1517
2474 1154
1659 1598
1733 1547
1643 1624
1772 1516
1908 1463
1951 1448
2229 1287
1696 1593
1919 1467
1945 1462
1850 1526
1707 1619
1765 1570
1966 1454
1837 1558
1838 1562
1689 1672
1717 1638
1674 1690
1872 1539
1578 1788
1757 1617
1658 1740
1809 1605
1749 1648
1747 1654
1916 1536
2025 1470
1868 1590
1730 1723
1740 1713
2052 1480
1990 1525
1993 1529
1804 1700
1826 1687
1822 1689
1703 1785
1886 1634
1687 1817
1829 1718
1668 1839
1859 1694
1616 1900
2075 1515
1721 1816
1932 1644
1894 1691
1807 1764
1982 1616
2227 1477
2084 1571
2315 1459
1891 1754
2017 1650
1983 1692
2086 1607
1962 1735
1706 1965
1718 1954
1996 1721
1876 1819
2011 1709
1915 1782
2141 1583
2196 1555
1875 1834
2258 1545
2013 1738
1974 1769
2133 1657
2332 1538
2250 1582
2019 1767
2170 1649
2447 1504
2101 1719
1954 1847
1892 1917
2266 1629
2022 1831
2353 1587
2069 1798
2166 1732
1979 1898
2381 1588
2000 1873
2041 1840
2002 1883
2074 1825
2110 1792
2190 1736
1842 2098
2073 1846
2124 1801
2143 1795
2212 1762
2408 1651
2157 1820
2078 1891
2050 1915
1967 2011
2420 1665
1774 2249
2700 1559
2150 1845
2003 2008
1921 2097
2118 1893
2306 1758
2205 1822
2138 1899
2174 1872
2498 1693
2140 1921
2081 1972
1952 2142
2517 1705
2077 2002
2048 2030
2299 1813
2139 1941
2181 1919
2630 1679
2388 1779
1816 2387
2691 1668
2201 1918
2360 1818
2154 1963
2277 1864
2456 1770
2518 1761
2479 1783
2106 2046
1392 3376
2165 2018
2160 2027
2186 1998
2147 2042
2144 2048
2232 1967
2290 1938
2217 1986
2256 1964
2249 1970
2591 1789
2236 2005
2027 2226
2328 1937
2228 2026
2367 1925
2520 1843
2182 2081
2325 1966
2210 2065
2234 2061
2619 1836
2207 2085
2391 1949
2469 1920
2095 2232
2123 2212
2164 2169
2298 2044
2294 2058
2513 1935
2307 2070
2285 2095
2192 2205
2407 2021
2366 2052
2671 1887
2432 2014
2284 2152
2354 2094
2842 1838
2476 2025
2582 1973
2433 2059
2562 1996
2530 2015
3036 1765
2737 1913
2151 2334
2226 2254
2357 2137
2342 2160
2409 2109
2484 2071
2449 2110
2424 2124
2383 2159
2394 2150
2465 2113
2481 2108
1943 2792
2673 2004
2644 2033
2338 2228
2435 2153
2395 2193
2759 1976
2302 2292
2584 2114
2380 2243
2626 2084
2581 2119
2902 1942
2454 2201
2415 2222
2665 2073
3553 1642
3108 1849
2347 2310
2472 2235
2904 1968
2548 2192
2864 2012
2812 2040
2429 2273
2614 2177
2515 2237
2314 2404
2752 2089
2281 2434
2575 2216
2489 2284
2340 2406
2056 2825
2784 2105
2701 2167
2529 2268
2508 2293
2697 2175
2640 2220
2792 2129
2569 2275
2795 2148
2678 2231
2586 2300
2364 2490
2319 2552
2766 2213
2558 2348
2537 2366
2326 2556
2547 2372
2599 2338
2873 2162
2710 2283
2666 2307
2471 2460
2571 2395
2801 2239
2839 2219
2461 2478
2657 2335
2935 2155
2849 2225
2622 2410
2594 2419
2738 2316
2818 2270
2680 2373
2418 2570
2580 2457
2528 2500
2886 2274
2543 2529
2943 2244
2578 2533
2668 2458
2444 2661
2504 2602
2964 2262
2736 2426
2893 2305
2723 2436
2913 2314
2483 2668
2805 2411
2686 2494
2549 2608
2633 2544
2625 2561
2663 2525
2838 2421
2796 2456
2939 2351
2922 2371
2557 2684
3969 1828
2682 2572
2734 2526
2679 2582
2659 2610
3215 2198
2878 2439
2860 2466
3021 2341
2647 2674
2773 2553
2765 2563
2885 2465
2890 2469
2954 2432
3303 2158
2603 2768
2799 2567
2664 2695
3077 2357
2958 2446
2655 2733
2942 2464
2831 2565
3142 2318
2975 2450
3099 2376
3102 2384
2953 2519
2977 2488
2897 2569
3203 2326
3911 1953
2997 2502
3063 2451
3469 2147
3378 2202
2965 2536
3282 2285
2955 2571
3092 2454
3023 2524
2870 2677
2656 2892
2907 2651
3019 2550
3098 2482
2933 2639
2714 2866
2876 2728
2929 2675
2427 3110
3043 2577
3122 2513
3135 2501
3687 2128
2755 2880
3040 2599
3416 2278
3071 2590
3286 2397
2888 2785
3060 2621
2731 2932
3176 2512
3089 2587
3121 2562
2464 3158
2829 2885
2677 2992
2916 2801
3254 2462
3032 2701
3039 2702
3164 2575
3117 2627
3095 2650
2725 2993
2931 2835
3217 2541
3086 2678
3208 2557
2905 2887
3015 2787
3244 2531
2920 2884
3200 2593
3656 2256
3096 2718
3066 2764
3225 2586
3683 2250
3064 2770
3113 2711
2884 2940
3249 2566
3013 2836
2370 3463
3110 2749
2991 2867
2937 2917
3062 2814
3310 2523
3785 2233
3338 2492
3161 2717
2854 3002
2275 3714
3056 2854
3187 2715
3381 2487
3151 2769
2909 2991
3073 2858
2984 2943
3199 2746
3292 2607
3072 2895
3297 2636
3397 2538
2896 3061
3042 2954
3334 2616
3327 2625
3579 2442
3078 2928
3530 2484
3554 2475
3103 2924
3196 2841
3087 2957
3274 2774
3268 2796
3235 2840
3245 2834
3433 2617
3295 2772
3463 2605
3262 2833
3351 2727
3380 2696
3232 2893
3279 2843
3175 2959
2946 3144
3305 2819
3267 2871
3182 2964
4284 2246
3026 3101
3209 2955
3236 2930
3006 3140
2532 3753
3575 2618
3246 2962
3243 2975
3362 2842
3004 3193
3239 2980
2924 3283
2750 3523
3153 3075
3171 3071
4303 2320
3306 2948
3533 2759
3141 3109
3541 2757
3488 2800
3636 2672
3454 2862
2936 3367
4002 2493
3492 2832
3464 2849
3457 2882
3284 3029
3156 3171
2749 3711
3106 3232
3692 2721
3413 2945
3784 2667
3739 2708
3562 2855
3363 3005
3148 3259
3271 3111
3373 3014
3485 2953
3177 3247
3294 3099
3757 2773
3702 2820
3339 3088
3069 3428
3375 3076
3386 3072
3307 3142
3365 3093
4038 2679
3484 3021
3763 2869
3761 2870
3599 2976
3358 3139
4024 2748
3424 3098
3564 3010
3507 3060
3737 2915
3776 2900
3372 3154
3561 3020
3804 2899
3037 3672
4167 2683
3426 3121
3348 3206
3780 2919
3486 3097
3201 3435
3353 3230
3460 3127
3471 3122
3937 2891
3786 2952
3476 3131
3344 3264
3515 3113
4402 2624
3544 3108
4619 2537
3352 3295
3744 3011
4463 2638
3223 3560
3947 2951
4087 2881
3697 3067
3641 3094
2898 4170
3523 3190
3648 3106
3584 3167
3810 3043
3240 3602
3710 3090
3807 3048
3452 3286
3568 3218
3688 3124
3685 3155
3466 3339
3531 3285
3637 3211
3590 3271
4064 2996
3594 3273
3526 3328
3567 3297
3320 3620
3260 3769
3626 3268
3563 3319
3285 3756
3517 3392
3858 3148
3532 3396
3538 3391
3468 3476
3708 3263
3505 3446
3270 3838
3940 3130
3622 3325
3453 3538
3903 3162
3489 3502
3716 3274
4218 3003
3624 3360
3649 3326
3644 3333
3899 3179
3438 3587
3402 3636
3570 3424
4016 3118
2554 5271
4021 3117
4233 3019
4608 2876
3591 3456
3712 3344
3721 3351
3482 3615
3610 3451
3528 3579
3395 3789
4279 3054
3720 3390
3667 3430
3696 3408
3659 3444
3539 3610
4036 3186
3472 3699
3735 3389
3540 3613
3936 3269
3817 3342
4540 2968
3997 3239
3666 3474
4388 3030
4020 3219
4461 3004
3987 3253
4105 3173
3793 3382
4075 3202
3527 3684
3281 4109
3890 3336
4099 3200
3914 3331
3912 3353
3498 3785
3551 3712
3754 3488
3967 3318
3681 3577
3851 3434
3910 3399
3813 3480
3841 3458
4154 3241
3399 3996
4032 3322
4307 3156
4458 3095
3521 3873
3829 3534
3658 3705
3792 3578
4261 3226
3709 3676
3973 3426
4132 3304
3859 3550
3974 3427
4283 3223
3928 3498
3669 3735
4112 3334
4097 3357
3634 3790
4391 3175
3758 3656
3927 3529
3905 3551
3957 3493
3278 4394
3499 3988
4334 3229
4141 3341
3995 3468
4610 3091
3456 4070
4209 3300
3970 3526
4028 3467
5803 2588
3966 3557
3663 3847
4086 3438
3800 3716
3418 4203
4067 3492
5107 2905
4467 3228
4443 3244
4851 3016
3808 3763
3916 3675
3983 3595
4055 3549
4022 3573
4473 3250
4282 3365
4007 3607
4880 3035
4170 3495
4121 3554
4148 3535
3952 3736
4263 3433
4034 3667
4257 3454
3728 3964
4465 3332
3877 3866
5212 2960
4691 3214
3576 4230
3826 3961
4659 3265
3814 3972
4077 3732
3771 4010
3881 3938
3749 4063
3831 3994
3884 3955
4250 3589
4136 3696
3994 3853
4301 3563
3502 4445
3955 3905
4415 3475
3760 4104
4600 3346
4323 3567
3935 3935
4499 3415
3324 4742
4856 3177
4202 3681
3965 3917
4246 3639
5653 2894
4573 3383
4360 3580
4400 3574
3742 4234
4040 3918
4192 3774
4145 3819
3861 4125
4288 3689
4244 3734
4583 3449
3888 4132
4450 3583
4175 3817
3752 4282
4057 3941
4336 3688
3616 4436
4014 4003
4385 3660
4259 3776
4214 3813
4211 3827
3932 4142
3510 4654
4296 3761
4187 3901
3898 4243
4291 3821
4072 4032
3879 4270
4249 3856
4365 3773
4609 3558
4372 3792
4874 3329
4208 3921
4678 3539
4492 3700
4406 3781
4989 3279
4300 3869
4091 4071
4109 4055
4451 3749
4748 3464
4355 3843
4063 4151
4483 3765
4709 3553
4129 4090
4569 3692
4799 3465
4275 3950
4078 4183
5062 3289
4446 3830
4618 3673
4012 4265
4331 3931
4652 3652
4177 4088
4042 4266
5029 3327
4090 4216
4304 3977
4571 3757
4454 3874
4351 3959
4505 3837
4047 4292
4726 3631
4357 3974
4778 3571
4848 3509
4572 3794
4508 3860
4420 3930
4277 4080
4119 4286
4503 3906
3788 4670
4586 3893
5349 3281
4553 3920
4980 3524
4549 3946
4248 4238
4630 3892
4228 4279
4509 4000
5127 3421
4828 3683
4392 4126
4324 4202
4326 4205
4410 4171
4272 4312
4867 3720
4453 4157
4753 3849
4578 4048
4639 3990
4197 4435
4273 4358
5684 3249
4676 3968
4390 4272
4348 4324
5175 3530
4108 4570
4689 3995
4229 4466
4690 4005
4670 4037
4835 3857
4435 4298
5171 3582
4624 4113
4399 4335
4701 4025
4844 3880
3892 4955
5436 3481
5163 3671
4374 4455
4358 4484
4528 4334
4769 4041
4809 3999
4686 4169
4638 4233
4599 4275
4813 4009
3519 5582
4671 4227
5324 3624
4683 4210
4566 4348
4617 4307
4776 4107
5070 3834
4767 4117
4802 4076
4466 4472
4727 4190
4834 4050
4445 4512
6290 3174
4738 4193
4313 4647
3586 5574
4841 4091
4550 4438
5227 3771
4491 4522
4597 4393
4961 3993
4589 4408
5490 3609
4235 4773
4763 4251
5266 3808
4601 4474
5172 3900
4171 4895
3795 5387
3901 5272
4548 4579
5389 3779
4708 4392
4987 4112
4712 4400
4945 4155
4646 4514
4968 4146
4819 4308
4757 4374
4423 4731
4895 4252
4681 4502
5005 4143
5549 3723
4765 4385
5115 4058
4677 4544
5565 3745
4504 4721
4428 4789
4772 4430
4777 4420
4941 4264
5125 4100
5072 4165
4783 4454
5452 3872
5642 3747
5301 3967
4982 4261
4419 4842
4535 4749
4563 4725
4102 5194
5085 4184
4812 4448
4440 4841
5071 4215
5017 4271
5441 3937
4567 4760
5317 4030
5001 4314
5032 4295
4857 4469
5219 4129
4930 4384
5922 3679
5056 4304
4721 4655
5369 4034
4191 5202
4625 4761
5358 4052
5190 4189
5416 4018
4817 4568
4389 5019
4995 4379
4669 4755
5973 3698
3635 6144
4666 4765
4789 4640
4788 4646
5167 4280
5105 4345
5042 4399
4394 5084
5352 4161
5886 3811
5321 4217
4877 4622
4921 4567
5120 4376
4496 5038
5949 3815
5290 4287
5322 4263
5020 4521
4657 4900
5068 4492
3873 5989
5376 4221
6280 3648
5448 4197
4894 4698
5585 4127
4960 4636
5128 4515
5223 4432
4369 5381
4952 4686
5035 4633
5518 4247
6220 3802
4662 5039
5435 4332
5025 4665
5782 4072
5124 4585
4720 4984
5289 4464
4837 4869
4872 4840
4448 5390
5147 4607
4868 4852
5380 4424
4870 4860
5831 4105
4733 5033
4973 4775
5950 4043
5030 4736
4325 5596
5766 4192
4784 4994
5810 4175
5180 4642
5039 4758
4417 5531
5315 4576
4864 4973
5941 4135
4311 5756
4176 5954
6320 3904
6095 4060
4811 5081
4999 4886
5166 4747
4897 5006
5028 4870
5298 4660
4594 5435
5231 4710
4481 5587
4963 4948
5422 4588
4645 5391
5263 4713
5597 4477
5449 4587
4302 5894
5818 4333
4699 5351
4774 5218
5095 4882
5626 4503
5202 4797
5252 4769
6149 4163
5192 4812
5089 4922
5520 4595
6134 4196
5194 4827
5999 4293
4966 5046
4232 6124
5979 4323
6127 4228
6031 4302
5603 4591
4797 5324
5330 4801
5855 4458
5023 5076
5526 4691
5530 4692
5314 4846
6069 4351
4655 5661
5251 4916
5493 4734
5395 4806
5871 4509
5404 4814
4620 5766
5326 4881
6049 4386
5179 5007
5236 4978
5145 5069
5958 4516
5278 4989
5910 4573
5450 4867
5187 5082
4773 5611
5100 5174
5830 4639
5057 5250
4654 5882
5912 4601
5497 4868
4700 5837
5998 4577
4953 5430
5726 4751
5765 4732
6287 4380
5064 5379
5888 4705
6109 4581
5341 5090
5188 5234
5532 4970
5612 4931
5417 5077
5046 5486
5667 4927
5739 4872
6018 4711
5648 4953
5288 5242
6133 4662
5451 5122
4905 5750
4955 5684
5773 4908
5483 5118
6369 4517
5738 4943
5505 5124
5659 5003
5521 5109
5461 5158
6291 4614
5846 4904
5134 5551
5567 5127
6029 4821
5613 5115
5669 5075
5959 4877
5292 5450
6261 4718
5884 4966
5633 5128
5724 5079
6196 4763
5420 5377
5584 5193
5444 5359
4713 6297
5191 5632
6192 4798
5285 5571
5702 5159
5414 5456
5579 5296
6359 4715
5561 5313
6609 4407
5601 5298
5666 5239
5635 5288
6234 4843
6578 4545
5679 5279
6013 5015
5929 5080
6047 5010
6394 4754
5829 5161
5411 5578
5663 5367
5487 5511
5622 5410
5707 5344
5889 5171
5654 5422
5291 5831
6034 5117
6019 5129
5925 5196
5402 5713
5730 5414
5822 5323
6068 5130
6004 5175
5159 6042
5931 5244
5222 5971
5463 5707
5583 5630
5213 6044
5382 5859
5332 5923
5578 5663
5229 6054
5488 5782
5282 6021
6054 5251
5918 5388
5994 5350
6075 5282
6108 5253
5165 6195
5848 5477
5777 5557
5430 5939
5964 5436
6086 5356
5177 6236
6276 5157
6156 5300
5135 6285
5749 5678
6580 4856
6254 5225
6490 4987
5832 5603
6191 5320
5347 6158
5867 5619
5903 5604
5762 5770
6153 5411
6098 5464
5700 5873
5644 5925
5280 6273
5860 5720
5412 6181
6215 5405
5823 5801
6545 5083
6424 5231
5751 5927
6461 5172
6371 5314
5856 5839
6474 5186
5353 6315
5374 6311
6171 5560
6444 5295
6010 5763
5688 6105
6297 5502
6284 5517
5977 5903
6322 5584
6396 5503
5284 6492
5599 6301
6310 5635
6361 5570
6465 5442
6213 5772
6635 5047
6137 5869
5640 6291
6594 5264
6251 5787
6648 4936
6368 5643
6100 5955
6318 5711
6257 5806
6497 5480
5709 6300
6414 5639
6240 5856
6551 5454
5630 6392
6334 5810
6038 6120
6326 5833
6306 5864
6248 5935
5939 6230
6381 5832
6349 5881
6529 5653
6445 5788
5942 6276
6225 6047
6333 5928
6524 5694
6567 5592
6489 5767
6412 5915
6353 6011
6589 5666
6605 5620
6140 6272
6139 6312
6340 6137
5796 6494
5872 6477
6337 6163
6597 5785
6653 5316
6328 6224
5965 6481
6511 6039
6330 6258
6164 6398
6532 6048
6411 6199
6486 6129
6471 6162
6281 6361
6315 6356
6438 6260
6210 6448
6579 6075
6544 6207
6606 6081
6484 6290
6288 6471
6295 6489
6525 6368
6468 6418
6622 6143
6634 6234
1707515443 2080441786
1
sift 488
33 25
213 236
43 45
41 26
58 67
334 558
99 68
70 71
89 69
1331 610
130 112
118 88
134 120
1556 853
302 171
133 154
144 163
1525 1115
266 232
200 127
180 135
1804 1015
333 198
179 143
177 194
2388 967
402 241
244 180
301 190
2085 1118
793 480
348 203
281 247
1886 1290
1343 402
363 224
368 223
2424 1085
2546 348
312 248
417 216
3244 1263
1661 456
375 243
351 260
3098 1471
828 807
437 240
499 222
3297 1400
1093 640
463 255
430 271
3807 1626
964 815
456 270
415 301
3763 2041
1207 856
371 424
527 299
2830 3050
1480 823
575 276
436 410
4769 2019
1603 782
565 310
337 592
5056 3063
1466 947
587 319
474 450
4969 3117
1351 1089
613 336
548 401
4646 3380
2420 728
378 693
637 364
3911 4079
1448 1110
697 376
738 377
6068 3001
1621 1011
820 354
676 422
5004 3791
1436 1142
588 489
742 421
6532 3505
2479 834
768 425
891 384
6370 4332
1488 1239
817 427
801 444
2498 847
1317 373
787 565
1838 1249
1039 463
719 638
1749 1287
810 621
718 719
1662 1356
875 639
1132 513
3040 1017
1015 573
996 584
2767 1141
937 620
912 659
2176 1366
1126 646
864 880
3969 957
916 824
1338 609
2232 1423
1307 690
934 924
1982 1844
1362 676
1031 876
2796 1362
1110 842
1433 658
2073 1804
1120 844
1372 699
2453 1585
953 987
1172 857
2258 1777
1154 875
1513 679
2765 1501
1326 789
1200 871
2672 1545
1508 720
1244 884
2508 1725
1475 763
1336 851
3561 1350
1500 771
1335 869
3683 1346
1676 759
1489 816
2282 2035
1490 832
1309 970
2799 1938
1412 888
1290 1001
3142 1830
1927 773
1461 923
3563 1693
1283 1116
1826 833
3073 2071
1565 910
1671 882
2571 2503
1365 1103
1319 1154
3544 1897
1792 908
1557 1060
2878 2405
1310 1345
1737 1052
3039 2273
1658 1160
1428 1296
3737 1885
1810 1105
1528 1248
2890 2500
1916 1056
1403 1353
3236 2393
2097 1005
1918 1119
3196 2495
1342 1533
2069 1098
4856 1741
1555 1388
1908 1210
3829 2078
1896 1238
1872 1261
3245 2625
1867 1284
2640 995
3599 2437
1905 1267
1541 1522
3567 2447
2143 1182
1850 1436
4147 2136
2250 1224
2422 1183
3637 2494
1930 1464
2614 1184
4148 2268
1750 1680
1813 1649
3372 2869
1742 1712
2325 1316
3793 2607
1932 1561
1471 2052
3622 2695
2481 1281
2328 1334
3523 2798
2530 1285
2637 1262
4283 2386
1875 1737
1575 2102
3902 2788
2337 1407
2306 1438
3876 2868
1774 1954
2381 1439
3792 3007
2332 1469
2893 1315
3624 3105
2141 1743
2444 1519
6059 2187
3785 1148
2935 1374
5358 2541
3433 1295
2997 1454
3498 3628
2520 1689
2691 1653
4670 2921
2818 1599
2849 1580
5804 2496
3267 1417
2423 1838
4483 3103
2987 1550
2939 1659
4044 3409
2892 1711
3103 1590
6192 2585
2329 2010
3249 1557
4676 3625
2324 2089
3593 1441
4586 3824
3126 1669
2466 2083
5436 3421
2434 2110
3254 1683
5349 3466
2977 1843
3095 1788
5172 3563
2903 1911
3274 1748
4813 3839
1678 3526
3019 1893
4802 3994
3505 1621
2735 2044
5810 3390
2625 2147
3252 1795
5530 3525
2462 2319
2584 2290
5622 3541
3562 1697
2529 2372
5612 3554
2465 2434
3160 1932
6047 3382
2428 2540
3310 1900
6214 3846
4087 1614
3021 2123
6371 3987
3399 1926
3099 2146
5998 4412
3084 2210
3776 1866
6346 4344
2387 2927
3235 2211
6578 4168
2685 2759
3239 2259
6431 4660
3161 2358
2513 2938
5903 5263
3169 2381
3343 2171
6215 4994
4553 1779
3082 2539
6482 4819
3521 2133
3380 2256
6054 5316
3833 2018
3344 2423
5999 5410
3626 2191
3513 2292
6480 4989
3594 2249
3339 2453
6265 5345
3570 2327
3259 2636
6622 5134
3460 2463
4900 1839
3656 2376
3879 2312
3564 2509
4136 2260
2264 4189
3987 2430
3675 2599
4391 2220
3533 2750
4561 2247
4446 2413
3135 3328
3413 3015
5127 2100
4649 2379
4478 2466
3243 3298
4420 2548
3781 2874
3616 2981
3805 2881
4569 2507
3759 2920
3069 3678
4372 2663
4135 2810
3434 3247
4613 2614
3932 3000
3924 3003
3295 3527
4982 2477
4726 2623
4097 2986
4326 2903
4701 2745
4779 2698
4609 2817
4202 3023
3824 3253
5116 2588
3472 3669
4141 3145
4398 3035
3574 3687
6013 2450
4388 3141
5190 2747
4691 3005
3177 4454
4657 3082
4594 3119
4163 3396
4638 3144
5735 2700
4765 3092
3817 3773
3554 4078
4311 3446
4618 3240
5335 2917
5223 3024
4772 3271
4663 3393
3935 3963
4947 3181
5382 3004
4973 3184
5707 2980
4919 3330
5441 3089
5045 3313
4867 3452
4844 3489
5457 3156
4753 3568
4214 4031
5067 3398
4273 4024
4693 3728
4537 3860
4819 3618
5490 3223
5372 3293
4485 4036
5119 3522
5796 3202
6088 3149
5380 3474
5504 3440
4223 4423
4985 3867
5822 3401
3801 5051
4603 4251
4332 4569
6421 3222
6589 3126
6465 3260
5764 3674
5929 3617
6261 3488
6066 3630
6133 3605
6396 3459
6173 3609
4039 5409
5838 3845
6312 3638
5505 4093
6471 3536
6019 3864
6122 3832
4799 4756
6607 3504
4962 4781
4894 4892
5052 4823
5124 4753
6237 4084
6497 3980
5740 4461
5600 4538
6254 4318
6579 4096
5310 5013
6140 4465
5516 4911
4752 5798
6490 4320
6556 4366
5610 5118
6449 4790
6290 5238
5801 5658
6310 5234
6653 5225
6377 5950
