1780862618 1988776702
1
sift 721
418 211
145 56
19 11
861 540
142 109
43 28
798 282
216 129
47 45
1091 592
402 291
53 41
1172 593
275 178
73 52
2054 1621
404 298
94 66
1269 763
285 222
100 61
2006 1827
427 321
119 68
1510 955
500 258
138 72
2494 1861
425 346
102 113
1888 1203
550 320
156 94
3069 2236
531 365
184 110
2153 1286
537 382
203 135
3913 1904
770 510
224 148
2440 1476
514 412
266 138
3968 1959
1017 527
271 141
2714 1751
793 361
256 154
4468 1841
827 719
282 170
3797 1430
630 410
260 207
3055 3031
1007 704
267 200
5220 1455
752 462
388 229
4562 2362
1266 907
338 257
2801 2457
644 569
377 272
4086 2670
1385 929
440 240
4106 2916
1055 424
524 227
4219 2938
1245 1119
430 265
4607 3197
839 594
431 267
4926 3182
1940 833
447 277
4536 3320
944 608
472 270
5028 3484
2014 1252
410 349
4548 3747
1009 684
529 285
6002 3170
1854 1803
457 324
4991 3754
1305 598
507 305
4807 4494
2549 1550
555 290
4299 4872
1323 655
572 303
6402 3767
2377 1800
499 345
5005 4686
1077 807
453 383
6471 3985
2576 1791
611 316
5311 5028
1161 863
567 364
6221 4461
2639 1780
593 352
5681 4887
1261 858
664 366
5576 5093
3511 1608
725 359
5566 5448
1319 829
496 494
3256 2103
706 376
6118 5083
1773 827
653 392
3972 1927
666 398
6226 6351
1329 1032
799 390
3791 2076
605 515
1468 1053
735 432
3778 2080
843 400
1653 1016
672 485
3117 2485
636 523
1607 1211
696 507
3699 2380
909 433
1860 1350
766 520
3580 2515
724 539
1898 1398
896 454
4686 2086
844 492
2441 1134
847 502
3902 2473
933 470
2063 1393
862 518
3692 2704
837 533
2167 1392
864 522
4445 2403
1107 437
3440 1044
697 640
4113 2591
965 503
1942 1633
850 586
4098 2689
786 637
2435 1491
768 680
5058 2385
927 578
2615 1592
999 576
3754 3063
1153 548
2748 1562
1080 583
5331 2355
990 628
2839 1616
1033 627
4646 2879
1016 632
2821 1701
1010 642
5338 2584
1073 646
3447 1472
1135 634
4366 3343
1169 635
2512 1901
1112 660
4302 3822
871 867
3078 1641
1004 722
5122 3222
985 759
2353 2025
1393 590
4901 3432
1062 746
2715 1846
1186 688
5882 3066
1342 623
2634 1963
1191 692
4668 3954
1054 799
2694 1967
1044 845
5303 3511
1095 835
2499 2273
1074 850
4631 4226
1070 856
2852 2061
1067 869
5343 3898
1277 733
2584 2302
1098 887
5734 3724
1367 738
3444 1813
1318 801
5510 4023
1418 764
5190 1474
1398 773
4027 5645
1178 913
2907 2255
1148 948
6099 3766
1308 861
3830 1867
1315 866
5465 4363
1138 979
3299 2109
1167 944
5546 4341
1351 872
3040 2372
1235 952
5878 4329
1436 881
4843 1693
1501 847
6375 4074
1443 884
3492 2202
1294 940
6214 4305
1282 966
4777 1779
1624 831
6135 4537
1403 923
3837 2094
1259 1020
6553 6142
1168 1125
3070 2647
1240 1052
1492 906
3551 2439
1525 905
1413 962
3452 2639
1484 931
1173 1301
4063 2469
1480 1021
1528 1062
3745 2702
1615 1012
1650 1007
3774 2684
2178 841
1504 1109
6337 1854
1469 1138
1370 1225
4297 2512
1907 933
1416 1229
4134 2621
1644 1079
1704 1058
3771 2834
1622 1127
1883 1003
4429 2599
1456 1284
1559 1185
3823 3059
1548 1208
1529 1294
3744 3140
1566 1378
1813 1215
4403 2841
1764 1262
2241 1035
3853 3113
1582 1403
1800 1268
5016 2531
1977 1150
2029 1144
4672 2746
1941 1227
2045 1164
4228 3014
1859 1308
1533 1542
3690 3325
2034 1231
1673 1479
4882 2915
1550 1597
1702 1507
4510 3154
1563 1649
1963 1418
4415 3360
2251 1271
2635 1151
4521 3344
2159 1375
2297 1324
4051 3838
1694 1768
1734 1754
5222 3265
2279 1402
1984 1535
5337 3332
1856 1723
2364 1425
4839 3735
2112 1537
2140 1526
5342 3401
1827 1809
3052 1234
5431 3381
2443 1462
1994 1717
5072 3765
2293 1539
2296 1564
5613 3968
2007 1816
2276 1619
5485 4050
2466 1543
2138 1736
5444 4110
2555 1517
1887 2002
5777 3893
2753 1467
2043 1831
5409 4202
2070 1839
2136 1847
6158 3854
3041 1463
3163 1432
6501 3666
2266 1801
2693 1590
5717 4353
1947 2105
2472 1769
6159 4086
2650 1705
2734 1687
6057 4175
2900 1607
2175 1998
6092 4393
2842 1664
2187 2022
6551 4391
2794 1706
2408 1879
6517 4852
2594 1817
2979 1644
6475 5251
2452 1898
2586 1834
2459 1913
2688 1811
2177 2160
2270 2071
2342 2026
3121 1655
2447 1970
3051 1720
2756 1840
3151 1692
2470 2018
2824 1845
2262 2182
3418 1588
3568 1576
2491 2093
2829 1919
3087 1795
2636 2046
2098 2529
2904 1921
3183 1786
4017 1529
2448 2212
2393 2249
3531 1668
2565 2152
2352 2318
3067 1890
2609 2259
2953 2052
2967 2042
2987 2058
3218 1966
3049 2113
2847 2243
3574 1838
3733 1798
3097 2108
2971 2193
4039 1758
3453 1935
3300 2015
2689 2419
2550 2552
2770 2371
3540 1941
2873 2335
3431 2004
3186 2156
2991 2300
2519 2711
2942 2366
3497 2014
3368 2073
3319 2114
3098 2268
3129 2275
2706 2674
3335 2225
3316 2239
5276 1665
2703 2843
3005 2570
3466 2233
3673 2153
3382 2307
3674 2177
3291 2410
3446 2305
3388 2349
3658 2261
3634 2270
3701 2251
3374 2442
3357 2454
3304 2501
5169 1806
3235 2633
3491 2432
4466 2060
3479 2458
3208 2701
3523 2446
3266 2640
4591 2037
3557 2462
3542 2489
3545 2559
4099 2356
3864 2484
3563 2658
3707 2582
3530 2695
3435 2819
3504 2770
3381 2874
4567 2278
3964 2547
3691 2718
3990 2565
4171 2492
4037 2574
3242 3109
3938 2678
3777 2772
3722 2814
3434 3002
3728 2835
4239 2566
4058 2675
4091 2682
3588 2975
3002 3579
4065 2735
4005 2785
3581 3021
3933 2861
3538 3071
3839 2932
3677 3005
4172 2774
4069 2858
4173 2832
3920 2976
3965 2991
4262 2895
3732 3121
3445 3345
3749 3139
4353 2881
3477 3367
4303 2924
4660 2696
4111 3030
3031 4151
4311 2953
4892 2588
3719 3247
4365 2952
3844 3207
4067 3098
4208 3072
4785 2759
3927 3236
4449 2980
5158 2590
3952 3259
4226 3122
5214 2617
4634 2962
3407 3931
4144 3273
4443 3097
4397 3132
3649 3687
5294 2716
5001 2840
4420 3156
4823 2959
3917 3574
4146 3383
5144 2855
4001 3557
3847 3731
5246 2870
5602 2799
4496 3275
5708 2766
3562 4168
4309 3480
5518 2899
4475 3392
4917 3094
4695 3229
4544 3351
5177 3006
5623 2900
4459 3445
4487 3425
4499 3498
4383 3615
4879 3196
4948 3203
4165 3925
5244 3107
4291 3836
4711 3433
4387 3819
4729 3444
4601 3602
4883 3330
4773 3426
4532 3716
4470 3804
5864 3047
4096 4279
4384 3974
4801 3549
4191 4228
4738 3681
5562 3214
4603 3921
5189 3408
4327 4275
4004 4627
4650 3955
5736 3253
5828 3228
5745 3268
5417 3467
5017 3705
5324 3577
4478 4365
4681 4088
4448 4434
5746 3396
4577 4324
5252 3699
4392 4568
4707 4160
4915 3939
5048 3853
5065 3879
4233 4800
5121 3869
4894 4071
5663 3582
3980 5128
6394 3248
4914 4157
5217 3950
5671 3695
5033 4113
6098 3459
5632 3750
5200 3997
6039 3529
4864 4308
4899 4287
5579 3808
6185 3464
6397 3353
5779 3740
5995 3631
5886 3698
5946 3673
5944 3692
5547 3964
5114 4298
4430 5010
5305 4180
5224 4238
5584 4025
6008 3801
5980 3849
6094 3773
5116 4400
6038 3817
5752 3978
5374 4266
6049 3856
5440 4270
6308 3720
5184 4474
5664 4216
4813 4840
6303 3830
4984 4721
6455 3768
6071 4048
6282 3930
5611 4385
5357 4567
5819 4317
6093 4189
5703 4464
5265 4801
5625 4670
5676 4655
5689 4653
6365 4221
6188 4377
6163 4408
5824 4716
5942 4662
5800 4756
5907 4727
5378 5079
6155 4588
5982 4710
5683 4922
5582 4998
6515 4432
5539 5240
6239 4767
6125 4870
5967 5019
6132 4913
6174 5015
6341 4991
6426 5003
6434 5139
6297 5359
6511 5124
5640 6248
6291 5650
6540 5315
1780862618 2080441786
1
sift 384
64 45
51 40
2441 803
1009 480
68 66
1943 457
81 67
2821 1016
1641 524
94 71
3440 402
119 69
5077 2400
1261 815
132 108
1898 1110
147 118
5268 5783
3040 941
140 124
2978 1011
217 120
4843 847
271 106
3234 1173
156 154
2694 1423
172 161
2911 1365
212 152
2581 1514
268 143
3058 1428
358 162
3701 1347
399 180
2715 1804
334 191
3209 1658
359 214
2852 1944
436 190
4069 2071
464 201
3774 2189
524 203
3745 2273
555 223
3771 2625
611 216
4063 2500
568 238
3690 2695
664 222
6161 1822
497 293
4403 2495
566 269
6373 2135
612 260
5431 2608
641 282
5072 3103
681 284
6027 3336
519 352
6057 3390
896 265
5613 3625
862 276
4839 4170
692 313
5777 3824
843 299
4793 4738
796 317
829 333
702 379
860 331
823 346
685 398
716 416
666 450
791 401
1073 354
773 461
1033 377
877 462
999 422
1000 434
1051 430
1105 440
1080 444
1127 441
864 604
928 600
1263 478
957 587
1238 491
1443 463
1214 514
1090 576
1181 594
1202 596
1312 565
1158 626
1211 632
1554 544
1342 609
1256 654
1525 573
1398 621
1696 552
1418 639
1240 742
1391 681
1410 707
1375 750
1427 765
1367 787
1315 824
1365 827
1265 924
1800 690
1867 692
1813 720
2029 676
1631 871
2227 698
1946 776
1873 842
2556 679
2013 789
1874 851
1587 969
1677 929
2297 763
1660 1002
1983 864
1651 1036
1770 1009
2034 908
1710 1103
1494 1303
2364 882
1786 1127
2734 833
1937 1052
1758 1154
2237 944
1871 1116
1984 1057
2051 1067
1877 1204
1997 1153
2421 1000
1857 1294
1991 1223
1891 1311
4835 754
2294 1187
2974 1006
2792 1059
2166 1248
2842 1072
2546 1149
2867 1071
1955 1373
2735 1111
1798 1554
2809 1112
2293 1261
2197 1348
2251 1353
2140 1436
3067 1176
2571 1312
3087 1182
2427 1354
2933 1253
2466 1382
2208 1542
3466 1148
2815 1323
2338 1490
3302 1219
3097 1281
3045 1313
2320 1598
3390 1238
2647 1450
3674 1184
3318 1268
3300 1285
3218 1316
2366 1706
2479 1705
2786 1544
2851 1553
2888 1546
2586 1737
2681 1680
2785 1702
2393 1954
2935 1679
3019 1682
3246 1559
3215 1589
3380 1509
3158 1649
2741 1863
4065 1381
3724 1456
3335 1580
2678 1964
4039 1438
4120 1448
2189 2584
2323 2397
3531 1653
5214 1295
2973 1953
3557 1683
3339 1784
2922 2014
4239 1557
3192 1978
4303 1590
3543 1843
4353 1614
4574 1550
4404 1627
4460 1621
3333 1994
3567 1909
4172 1748
3910 1839
2452 2863
4591 1666
3032 2368
4727 1618
3518 2010
3463 2032
3252 2180
3409 2080
3244 2242
4044 1889
4823 1691
4335 1860
3671 2074
4412 1869
2791 2823
3379 2286
4518 1846
5144 1697
4176 2009
3554 2319
4407 1972
3344 2491
4126 2151
4168 2214
4466 2110
5177 1875
4326 2192
4652 2043
3842 2458
5623 1866
3794 2570
4449 2259
4487 2327
4156 2518
6039 1870
3453 2938
6071 1904
4830 2210
4688 2301
3668 2904
5001 2211
5109 2202
4391 2626
5169 2225
4367 2696
3879 3012
5009 2428
2881 4118
5294 2359
5440 2312
4647 2659
5671 2261
5550 2323
3588 3298
3426 3531
5004 2636
5686 2414
4785 2750
4111 3141
5736 2430
4649 2864
5158 2662
5862 2452
6172 2379
5720 2531
4119 3295
6393 2331
5944 2507
4873 2878
5951 2523
6174 2450
4863 2900
6303 2413
4805 2951
4733 2993
4959 2885
5728 2645
5269 2808
4738 3023
5584 2745
4283 3424
6282 2548
5138 2928
6369 2565
4317 3482
6455 2562
5293 2975
6093 2747
6518 2554
4456 3537
5846 2887
6072 2828
5562 3005
4247 3805
4072 3962
5377 3093
4722 3430
5634 3101
3719 4454
5302 3331
5821 3151
5684 3200
6020 3106
3783 4636
5516 3323
4859 3701
5946 3240
4633 4060
5911 3333
5463 3546
6094 3279
5628 3509
5477 3582
5068 3813
5498 3691
6015 3449
4866 4128
6059 3475
5980 3568
5666 3727
5315 3941
6190 3515
6308 3452
5591 3879
6052 3687
6499 3472
6053 3840
5731 4117
5519 4229
5950 4036
5809 4135
5374 4526
6445 3907
6392 4004
6511 4093
6315 4473
6259 4586
6410 4556
6318 4652
6148 4807
6313 4856
6311 4860
6435 4793
5642 5675
6478 5125
6557 4788
6554 5881
