1789068863 1911602604
1
sift 492
68 77
8 12
14 10
99 95
19 22
27 24
461 790
29 35
39 57
526 705
50 56
53 67
980 1615
60 64
59 68
1803 1569
56 88
74 86
1627 1972
86 84
71 123
1554 2168
106 107
154 117
1962 2126
112 167
164 130
2131 2255
157 138
129 172
1922 2574
168 157
169 158
2058 3000
203 131
177 178
183 163
223 171
193 212
202 248
213 233
208 271
241 234
226 264
244 261
236 285
291 231
247 300
274 297
300 294
313 289
290 315
268 354
302 326
285 369
309 349
323 333
295 383
316 365
381 343
338 382
341 398
355 379
354 387
400 363
342 426
363 412
407 388
337 471
348 458
413 397
393 410
361 469
436 403
445 415
401 506
484 420
451 451
432 493
429 495
419 520
514 462
456 540
501 490
493 524
575 477
523 519
529 526
466 613
600 489
619 483
571 518
512 602
552 595
558 594
554 610
539 629
502 697
625 583
647 601
630 617
661 618
628 666
599 719
583 734
621 696
638 693
671 659
709 636
635 761
650 741
649 762
705 685
745 651
659 759
707 713
691 732
697 736
669 804
737 748
851 670
752 787
746 792
687 858
713 826
815 735
804 750
760 810
827 763
788 800
810 783
761 819
706 883
854 745
912 723
710 917
774 892
753 930
787 893
836 854
742 1013
844 876
818 956
826 943
990 793
830 944
1065 797
937 884
1050 809
807 1108
909 988
938 960
1207 776
900 1089
870 1163
1022 932
915 1078
911 1112
933 1084
1102 894
1060 939
1051 942
905 1169
982 1030
1084 937
944 1111
1090 941
1040 984
959 1107
920 1200
985 1080
1077 985
1086 981
962 1140
1100 976
1046 1032
992 1116
970 1165
921 1260
981 1145
1013 1113
1092 1018
1085 1033
1008 1144
1213 934
936 1278
979 1222
1005 1198
1111 1049
1029 1153
1278 918
1101 1123
1079 1152
1166 1048
1063 1176
991 1289
1171 1102
1116 1175
1145 1173
1054 1264
1184 1127
1164 1154
1042 1327
1179 1177
1094 1299
1201 1201
1322 1072
1137 1297
1103 1377
1317 1131
1161 1341
1128 1404
1246 1254
1399 1119
1349 1161
1036 1637
1044 1645
1183 1381
1301 1245
1502 1085
1209 1368
1215 1378
1586 1079
1258 1396
1147 1653
1334 1305
1228 1560
1310 1428
1478 1267
1471 1274
1298 1475
1430 1367
1252 1668
1281 1613
1373 1464
1556 1290
1283 1621
1576 1302
1451 1429
1243 1759
1362 1545
1465 1483
2002 1141
1827 1252
1413 1565
1259 1824
1364 1657
1493 1532
1598 1443
1395 1661
1474 1572
1468 1600
1559 1518
1439 1666
1483 1616
1588 1551
1506 1643
1526 1619
1489 1682
1384 1804
1652 1541
1581 1628
1428 1788
1552 1662
1485 1762
1440 1811
1473 1772
1664 1658
1548 1753
1704 1639
1410 1905
1656 1684
1760 1635
1806 1627
1738 1745
1770 1729
1630 1828
1629 1853
1722 1795
1670 1839
1838 1771
1361 2333
1565 2011
1645 1981
1739 1910
1475 2208
1751 1904
1703 1965
1890 1816
1900 1848
1513 2273
1780 1970
1729 2068
2216 1713
1640 2267
1912 1917
1679 2233
1872 1989
1839 2064
1613 2349
1785 2137
2096 1843
1856 2079
1980 1920
1825 2184
1812 2223
1822 2234
1901 2100
2045 1930
1923 2078
1893 2152
1326 3449
1978 2173
2062 2069
2021 2115
2099 2055
2111 2098
2612 1798
1929 2346
2057 2210
2317 1973
2130 2138
2704 1793
2070 2236
2145 2150
1951 2382
1824 2590
2123 2280
2448 2036
2343 2103
2013 2447
2405 2087
2115 2367
2158 2338
2162 2356
1994 2565
1949 2627
2259 2317
2202 2384
2060 2535
2237 2370
2103 2514
2333 2307
2396 2262
2212 2430
2203 2437
2378 2289
2475 2245
2496 2230
2446 2274
2090 2620
2012 2695
2050 2664
2132 2589
2266 2482
2540 2275
2172 2612
2286 2538
2593 2283
2190 2610
2165 2653
2404 2470
2434 2454
2692 2259
2675 2301
2390 2546
2461 2528
2491 2512
2176 2779
2727 2343
2359 2639
2568 2489
2634 2445
2331 2697
2330 2704
2553 2551
2575 2544
2240 2866
2283 2812
2482 2652
2180 2989
2029 3338
2142 3131
2929 2339
2871 2415
2946 2354
2666 2572
2571 2656
2656 2592
3059 2345
2609 2712
2820 2562
3034 2418
2439 2961
3309 2287
2901 2545
2522 2902
3054 2464
2573 2891
3069 2504
2784 2711
2344 3299
2762 2751
2455 3149
2743 2768
2742 2774
2748 2784
2616 2972
2502 3137
2211 3545
2774 2800
2431 3290
3217 2518
2995 2649
2506 3283
2785 2892
2835 2838
3240 2569
3384 2500
2797 2927
2693 3114
2998 2773
2851 2950
2700 3164
2597 3341
2852 2993
2772 3192
2744 3239
2660 3360
2856 3085
3576 2570
3359 2665
3800 2488
2956 3025
2764 3367
2978 3098
2999 3087
3157 2930
3107 2995
2931 3269
2863 3397
3108 3061
3953 2531
3112 3107
2972 3307
3260 3006
3302 2974
3090 3181
3257 3023
2889 3474
3277 3063
3478 2907
3274 3079
3473 2965
3287 3092
2918 3524
3121 3337
3370 3080
3105 3357
3620 2917
3434 3054
2887 3577
3788 2841
3567 3034
3161 3421
3196 3405
3275 3347
3358 3315
3481 3242
3514 3240
3535 3229
3372 3391
2983 3603
3722 3112
3577 3292
3657 3266
3268 3551
3292 3570
3322 3583
3918 3174
3721 3406
3762 3379
3825 3345
3935 3318
3296 3612
3893 3417
3764 3547
3426 3609
3483 3606
4009 3155
3863 3567
3934 3554
1789068863 2046133546
1
sift 92
1043 1601
168 95
201 168
226 288
275 230
248 297
268 299
355 259
390 272
371 484
456 458
555 421
407 590
449 618
707 457
788 473
659 578
810 498
758 636
761 645
726 686
662 789
774 683
845 640
703 832
743 863
981 727
944 901
959 982
1136 862
1008 964
1191 879
1473 780
1037 1065
1785 754
1044 1173
1806 889
1434 1093
1739 1019
1283 1250
1410 1200
1645 1119
2066 971
1101 1695
1168 1597
1912 1063
1274 1453
1451 1286
1243 1653
1738 1249
1848 1257
1538 1554
1493 1604
2212 1197
1643 1523
1459 1703
1628 1633
1640 1670
1642 1704
2090 1357
1526 1967
2033 1534
2398 1373
2455 1616
2190 1787
2306 1768
2162 1881
1970 2092
2142 2064
2180 2347
2461 2120
2633 2084
2053 2677
2160 2544
3849 1740
2580 2385
3089 2036
2448 2584
3473 1952
3135 2214
2267 3238
3846 2076
3724 2276
2835 2825
2881 2794
3320 2519
2974 3244
3658 2850
3460 3109
3764 2938
3318 3357
3372 3391
