281418 579740000
1
sift 126
19 7
160 55
91 28
226 126
95 35
319 71
167 67
624 212
271 79
378 116
382 99
516 250
504 140
620 184
615 261
533 265
546 272
1125 422
1220 317
989 264
944 302
1569 476
4945 1009
1184 291
1152 320
1457 542
4656 1318
1290 509
1357 547
1397 663
4306 2161
4350 357
1436 611
1717 667
4793 1991
1860 543
1722 689
2637 591
5260 2333
2222 584
1505 828
1969 728
1999 746
2266 668
2486 939
2214 802
1537 1072
3028 875
2376 814
1962 896
3607 1120
2321 898
2119 1036
3122 1243
2234 1004
2274 1037
3343 1378
2629 972
2736 942
4587 1249
2059 1173
2320 1128
3549 1527
3315 897
2970 960
4787 1269
2559 1096
2426 1161
4266 1423
2400 1187
2546 1225
4426 1411
2772 1174
2536 1303
3631 1780
3278 1181
2723 1473
4885 1732
3016 1371
3112 1341
4824 1759
2950 1405
3566 1281
4292 1905
2659 1656
3705 1325
5507 1757
5257 1138
3624 1394
4896 1872
3681 1436
3246 1762
4725 1962
4648 1396
4310 1495
5750 1747
3059 2047
3824 1756
4136 2478
4095 1760
3906 2045
4858 2228
4498 1992
2344 3886
4915 2329
5188 1844
4950 2170
4807 2388
5703 2037
5495 2254
5195 2408
4205 2818
5581 2309
5522 2675
5368 2423
5525 2459
5716 2781
4653 2841
5386 2559
5158 2693
5642 2773
4105 3625
5290 3044
5784 3144
5825 3111
5640 3957
281418 651405152
1
sift 152
420 136
787 156
49 14
271 91
2852 559
95 35
815 184
1109 183
93 43
1364 242
5083 611
160 61
4357 780
1466 331
167 71
1717 680
3630 756
319 77
4739 1032
1793 364
382 113
2715 629
4239 1077
300 143
4005 1391
2469 474
264 161
2310 751
4656 1233
504 189
2133 557
516 245
3835 674
4945 1214
525 274
2956 551
546 277
2705 815
533 280
4269 753
615 251
3087 1110
772 253
4394 830
944 259
3196 1099
843 282
4517 999
994 266
2847 1334
1220 318
4222 1037
1333 322
3583 1333
1184 359
1229 404
3818 1395
1290 487
1569 475
4118 1356
1394 570
1457 566
4136 1625
1505 579
1860 526
4896 1903
2405 471
1980 538
4808 2128
1807 585
2646 505
1676 656
2119 565
2922 514
2692 537
1969 650
2266 595
2637 561
2062 631
2222 616
2321 684
2860 612
2214 726
1537 973
2400 754
1962 848
3027 729
2629 776
2262 861
2112 917
2617 811
2320 868
2001 1008
2159 986
2486 912
3339 772
2536 913
2970 828
2559 944
3315 823
3957 863
3278 974
2950 1080
2344 1262
3414 1030
3122 1172
3640 1097
3549 1213
4310 1101
3343 1269
4266 1127
3681 1253
3705 1281
3213 1483
3420 1412
3680 1355
5096 1148
4587 1220
4210 1293
4787 1219
4426 1300
4648 1276
4572 1308
5255 1237
5568 1216
5359 1260
3631 1661
3906 1596
3584 1801
4885 1521
4385 1619
4105 1892
4950 1666
5188 1638
4498 1805
4824 1769
4811 1774
5626 1658
4915 1985
4205 2270
4836 2013
5750 1734
5260 1960
5525 2175
5386 2285
5581 2242
5522 2510
5625 2489
5716 2490
5315 3015
5825 2814
5640 3101
281418 683079722
1
sift 78
437 124
811 211
392 6559
426 180
549 339
1573 792
942 291
1134 287
861 539
1261 442
1457 532
1676 708
1717 713
1750 698
1816 744
1969 743
2214 848
2250 851
2112 922
1722 1299
2682 941
2733 950
2119 1131
2262 1169
2321 1150
3077 953
3171 1130
3279 1191
2953 1284
2059 1759
3032 1351
2629 1583
3681 1258
3122 1381
2536 1710
2670 1689
3549 1354
2486 1829
3677 1390
3420 1507
3607 1487
2940 1797
2772 1913
3273 1695
3690 1589
2950 1892
3165 1855
4210 1579
3307 1939
3893 1794
3427 1977
3331 2058
4691 1784
4136 2120
4990 2062
3059 3214
4811 2214
5765 1986
4816 2343
4192 2638
4896 2334
3824 3406
5632 2753
4424 3273
5823 2684
5688 2882
5195 3234
4205 3911
5753 3108
5389 3624
5784 3351
5642 3867
5158 4356
5685 4004
5448 4269
5698 4265
5639 4656
5825 4639
281418 690665857
1
sift 95
468 101
73 8
2852 332
232 67
197 62
1793 346
437 133
3630 536
1315 364
300 185
2133 366
549 221
5083 549
1668 333
1177 363
2225 417
1184 372
4239 819
1555 491
2963 334
2469 478
2405 430
5579 1499
1950 507
2119 521
2545 497
1722 605
2472 495
1999 576
2956 492
2646 589
2721 514
2234 726
2851 592
2860 594
3353 615
3112 688
3726 785
2922 645
3181 669
2452 820
3847 948
2993 721
3436 687
2560 859
4517 891
2614 821
2828 795
2536 966
5776 1197
2772 939
3488 829
3016 876
5638 1381
2222 1082
3935 797
2277 1201
5673 1644
2546 1106
3579 908
2950 1027
3957 928
4054 919
2400 1383
3339 1018
3502 1004
3689 1099
3640 998
5517 1154
3824 1109
3705 1203
5568 1259
4385 1265
3458 1494
5257 1492
4522 1475
4593 1462
5359 1525
5278 1444
4496 1630
5075 1656
5188 1558
5446 1556
4811 1723
4751 1852
5158 1930
4648 2061
5386 1886
5703 1792
4105 2466
4469 2315
5642 2080
5167 2234
5290 2203
5685 2114
281418 1778338741
1
sift 112
420 79
137 17
76 14
727 121
136 18
91 44
815 113
191 33
161 64
792 157
274 42
300 150
545 148
1242 98
478 143
1364 147
703 128
1224 163
1504 514
786 145
546 273
936 197
835 181
1536 206
2036 565
1291 169
939 299
2298 373
1595 190
1466 226
3667 919
1003 236
1290 376
4196 325
2089 223
1793 280
3979 1060
2813 258
1117 442
3835 363
2729 331
1493 386
2852 394
1394 438
3259 604
2927 476
1436 437
2469 425
2405 365
2311 746
3695 571
1397 486
3353 455
1980 434
4938 557
3415 607
1676 492
3630 507
2647 418
4631 624
3773 602
1962 605
3738 614
2120 575
3758 686
4062 638
3027 502
4195 674
2486 561
4473 678
4239 764
2970 603
4735 725
3579 610
4857 728
4336 758
3315 708
5124 724
2953 783
3196 922
4943 811
3278 770
4517 784
3122 835
5306 776
5104 832
3681 943
4829 848
3631 999
4118 1004
4410 959
4210 923
5737 888
4266 970
4367 1018
5107 1351
5517 915
5280 946
4572 1024
1506 3090
4615 1199
5666 1009
4945 1148
4809 1424
2667 1905
4656 1267
5194 1217
4648 1419
4866 1484
4306 1858
5625 1560
5101 1675
281418 2009681629
1
sift 114
95 26
160 52
167 62
226 137
319 73
378 120
504 183
624 220
615 208
516 252
1782 405
533 267
546 271
843 276
5626 1248
549 270
989 297
1134 344
5260 3068
737 356
665 372
1124 355
1097 525
1290 492
1479 534
1357 521
1457 571
1394 592
1860 545
1980 628
1717 713
1722 784
2637 608
1969 749
1999 810
1537 1021
2214 1008
1962 904
2376 876
3077 848
2234 1064
2574 955
2262 1095
2736 970
2159 1148
2486 1705
2059 1202
2321 1120
3122 1412
2629 1084
2400 1197
3343 1464
2320 1237
2559 1168
3681 1438
2426 1250
2970 1101
3549 1530
2546 1305
2772 1244
3566 1590
2723 1498
3016 1468
3671 1621
3278 1402
2344 1853
4587 1403
2950 1535
2659 1714
4787 1379
3112 1506
3705 1360
3624 1720
3137 1523
2747 1778
4266 1902
3442 1673
3966 1614
4824 1850
3584 1812
3059 2138
5750 1753
3943 1806
4310 1743
5160 1930
4648 1687
5096 1688
4136 2349
3590 2137
3906 2091
4859 2203
3824 2147
5495 1751
4698 2394
5188 1955
4424 2210
4807 2415
3782 2663
4950 2222
4915 2624
4105 2802
4522 2673
4896 2712
5525 2367
4205 2904
5716 2883
4653 2699
5386 2676
5642 2670
5241 2940
5158 3035
5825 2863
5290 3456
5167 4714
