491624696 736661850
1
sift 89
397 160
358 106
146 38
227 42
1750 466
103 60
3243 1105
339 137
2704 1505
3898 1123
373 158
436 231
577 213
483 248
522 245
544 297
781 249
512 383
749 316
634 439
866 359
1050 347
696 678
1078 561
1059 604
1080 594
1247 517
1108 627
1264 574
1337 563
1423 592
1269 671
1282 662
1257 744
1407 727
552 2586
1663 731
1880 702
1510 860
1455 874
1560 840
1653 814
1609 851
1446 948
1978 806
2037 798
1851 1078
2043 1055
2768 928
1974 1125
2068 1110
1699 1279
2625 1034
1850 1370
2442 1107
2419 1169
2905 1200
2464 1378
2838 1289
2936 1290
2815 1367
2078 1994
2930 1550
3894 1292
3280 1518
3755 1386
3002 1651
3083 1634
3017 1770
3765 1524
3617 1649
3999 1600
3889 1697
3873 1708
4279 1616
4393 1627
3783 1779
4262 1678
4234 1719
4214 1728
2667 2910
4451 1845
3857 2117
4331 2007
4092 2226
4261 2151
4308 2284
4568 2251
4374 2637
491624696 2119627969
1
sift 599
397 265
16 4
21 6
462 275
196 33
22 9
559 266
51 20
71 22
626 414
295 92
41 48
996 592
107 37
57 34
607 443
359 99
67 29
1127 706
163 113
64 43
675 397
394 258
98 36
1087 735
235 82
105 49
839 500
641 282
89 53
1223 990
200 90
117 85
947 584
699 402
132 93
1604 821
176 112
194 87
997 580
720 399
242 95
1750 770
276 167
228 118
1070 560
1099 374
241 115
1933 1231
379 124
222 127
1009 608
1086 690
271 147
2644 1066
221 244
285 138
1118 715
1250 683
311 145
2655 1830
403 150
278 165
1304 750
1109 1014
281 182
3243 1549
327 231
318 170
1498 830
1522 1004
308 185
3978 2448
479 181
315 215
1396 915
1424 1087
301 229
4121 2468
395 260
332 209
1580 881
1520 1193
335 223
3445 3487
527 255
350 230
1493 935
1836 998
390 241
4309 3023
470 316
425 245
2178 856
2333 964
443 262
4469 3570
657 299
392 301
1808 1000
1845 1263
461 263
714 308
500 254
1865 1075
2216 1490
410 306
1030 398
409 328
2016 1239
2786 1568
501 279
1189 445
427 350
1858 1384
2344 2100
703 248
1174 457
554 297
1954 1343
2417 2034
508 334
964 641
570 310
2006 1433
2903 1739
577 312
1568 490
572 319
2499 1345
3716 1457
469 411
1018 652
615 348
2460 1679
3114 1705
701 347
1517 532
533 433
2615 1771
2566 2109
644 364
1173 714
868 303
2931 1671
3033 2124
590 435
1297 722
659 385
2800 1787
3364 2212
646 406
1224 859
664 432
3645 1998
3331 2259
532 512
1816 718
741 415
3321 2651
3385 2397
632 479
1458 877
819 396
3584 2667
3160 2677
841 394
1963 751
668 474
3199 3122
3651 2358
680 476
1591 957
794 425
4157 3124
3577 2470
753 456
2085 862
726 473
3587 4216
3588 2567
850 423
1527 1145
900 412
4287 3560
3001 3268
647 536
1662 1088
867 471
4283 2446
820 493
1395 1377
683 541
4142 3003
872 503
1913 1071
755 547
4105 3231
1003 468
1819 1144
984 475
4576 3820
937 491
1767 1177
725 601
4514 4182
891 543
1983 1205
852 604
1072 518
1926 1261
962 555
1075 537
1828 1351
863 656
786 731
1634 2501
1289 515
1057 588
2726 1414
1135 571
1351 514
2912 1484
1055 625
1122 596
3027 1451
1298 545
1195 591
2779 1659
1058 671
1271 583
2257 2173
944 761
1300 593
3112 1806
1241 635
1219 643
3404 1665
1178 676
1361 602
3024 1954
1211 698
1197 708
2837 2161
1462 617
1368 659
3086 2071
1603 600
1401 665
4081 1662
1106 819
1029 879
2684 2409
1141 795
1380 685
3537 2028
1209 769
1244 780
3836 1925
1273 772
1525 705
3659 2070
1023 1031
1308 810
3366 2373
1253 908
1506 778
3670 2445
1488 822
1500 817
3441 2576
1233 983
1553 836
4219 2264
1760 757
1442 902
4161 2292
1329 978
1327 1002
4238 2285
1876 764
1494 936
4270 2369
1447 953
1542 968
4044 2521
1859 839
1640 931
3761 2903
1620 952
1660 963
3960 3135
1875 889
1917 878
4023 3138
1531 1107
1584 1060
4286 3236
1114 1688
1824 938
4225 3657
1443 1225
1801 991
4537 3673
1795 1008
1862 966
1716 1048
1537 1221
1613 1153
1708 1092
1638 1143
1343 1467
1687 1109
1516 1327
1482 1395
1844 1057
1857 1069
1598 1289
1771 1127
1518 1427
1753 1186
1887 1162
1988 1130
1806 1260
1802 1281
1984 1160
2188 1098
2175 1106
1968 1209
2170 1125
1739 1411
2035 1199
2198 1134
1615 1558
2138 1167
1953 1297
2194 1165
1777 1428
2427 1079
2203 1180
1803 1430
2249 1175
2131 1295
2157 1288
2078 1371
2028 1403
2033 1399
2050 1413
1774 1584
2118 1396
2279 1305
2386 1228
2242 1334
2209 1362
1921 1506
2548 1159
2848 1097
2088 1448
2680 1169
2143 1486
2055 1566
1878 1730
1799 1833
2585 1316
1959 1699
2544 1393
2084 1676
2605 1387
2030 1763
2110 1693
2229 1595
2626 1400
2461 1450
2127 1701
2223 1667
2298 1591
2364 1544
2311 1721
2169 1935
2205 1898
3815 1195
2453 1638
2262 1834
2505 1603
2713 1518
2555 1589
2176 1993
2266 1870
2166 2015
2747 1522
2689 1576
2693 1575
2465 1697
3935 1229
2762 1553
2388 1805
2186 2098
2662 1643
2267 2010
2741 1617
2162 2195
2869 1578
2380 1919
2468 1837
2375 1964
2331 2029
2896 1618
2328 2076
2610 1797
2474 1990
2668 1848
3143 1587
2542 1957
3289 1557
2613 1943
3141 1635
2604 2001
2538 2074
2935 1783
2736 1912
2934 1826
2752 1970
2536 2148
2874 1889
2500 2194
3236 1696
3420 1622
2774 2013
3298 1694
2579 2176
2842 1992
2515 2244
2479 2274
3278 1732
3327 1712
2667 2174
2685 2157
2949 1987
2902 2048
2816 2114
3067 1929
3119 1930
3337 1814
3032 2027
3181 1924
3198 1906
3221 1901
3242 1904
3517 1768
2658 2333
3028 2113
2858 2215
2855 2219
2976 2175
3277 2023
3241 2085
3173 2121
2865 2311
3398 1982
3496 1945
3562 1913
3560 1918
3444 1978
3130 2214
2593 2657
3263 2150
2631 2655
3500 2017
2374 3049
4103 1802
2944 2386
3170 2253
3634 2082
2674 2790
3990 1936
3657 2104
3907 2000
2898 2581
3158 2367
3041 2476
3120 2431
3285 2321
3081 2496
3479 2254
2797 2819
3400 2307
3274 2384
3169 2502
3394 2339
3357 2372
3511 2317
3532 2343
4162 2130
4203 2120
2601 3297
3301 2540
3132 2729
3421 2458
3559 2385
3523 2417
3568 2407
3269 2664
3019 2930
3338 2609
3914 2299
3742 2370
3503 2536
3898 2344
3156 2871
4519 2115
3446 2585
3430 2629
3163 2898
3676 2523
3292 2830
3814 2499
4059 2361
4327 2287
3550 2699
2979 3290
3787 2583
3516 2755
3467 2803
4338 2365
3621 2757
3663 2738
4153 2453
3168 3190
3345 3022
4084 2528
4260 2449
3833 2746
4061 2624
3882 2759
3970 2726
4533 2390
2978 3646
3644 2949
3941 2777
3539 3109
4068 2787
4501 2534
3808 2979
4344 2698
2918 4094
3579 3201
3392 3407
3955 2998
3493 3322
3904 3054
4237 2856
4090 3038
4317 2951
4082 3090
4220 3026
3692 3371
4269 3017
4326 2989
3696 3410
3271 3948
4380 3018
4236 3129
4530 2919
3748 3521
3458 3816
4067 3301
4322 3264
4029 3483
4274 3332
4133 3475
3848 3792
4184 3612
4527 3277
4531 3289
4295 3537
3881 3962
4242 3637
4022 3843
4296 3610
3977 3972
4477 3509
4089 3909
4460 3529
4517 3464
4375 3692
4070 4069
4350 3835
3921 4307
4446 3740
4455 3773
4164 4144
4471 3798
4547 3682
4399 4007
4559 3794
4462 4014
4199 4382
4298 4402
4601 3880
