579740000 651405152
1
sift 1677
23 25
31 32
12 12
79 91
109 123
21 22
50 60
32 38
27 28
267 326
117 145
33 37
54 62
36 40
38 33
493 515
127 164
37 43
71 77
53 64
41 45
554 568
143 168
43 46
75 80
67 71
47 56
666 681
155 169
51 58
121 126
72 74
52 59
821 645
186 224
57 63
116 141
90 105
59 65
812 782
206 239
66 67
144 121
94 106
61 70
832 907
510 442
70 72
119 160
135 127
81 68
1191 705
569 659
73 78
146 154
150 178
76 81
918 855
723 553
84 79
163 207
156 198
91 84
1077 783
653 658
78 119
189 194
182 190
98 87
981 947
776 610
93 90
187 202
196 230
88 97
1018 984
749 707
96 93
210 240
245 227
92 95
1190 876
887 715
101 103
333 269
219 272
115 92
1532 1461
833 743
106 115
327 336
226 267
108 122
1420 1583
825 927
122 125
323 347
241 306
128 138
1256 1861
1040 827
132 142
352 344
240 321
159 132
1491 1571
925 957
142 155
339 371
275 334
158 134
1777 1761
1153 960
148 162
376 362
317 318
165 151
1671 1933
1066 1059
171 149
447 470
303 350
145 188
1602 2061
1038 1170
180 165
476 475
367 354
176 173
1872 1903
1009 1214
177 214
526 439
355 367
179 225
1937 1834
1146 1169
215 180
558 467
365 389
197 196
2478 1625
1043 1290
199 210
504 538
371 392
208 195
2129 2075
1189 1157
201 216
571 529
412 381
217 193
2247 2182
1263 1247
213 212
542 566
433 492
222 201
2703 2179
1318 1233
216 215
582 542
539 476
204 234
2412 2517
1195 1432
246 219
605 530
604 491
227 236
2567 2654
1362 1370
239 235
591 561
577 527
221 249
3230 2244
1474 1287
248 229
525 632
588 688
231 244
2465 2906
1805 1518
259 237
641 528
716 572
249 246
2894 2747
1973 1725
256 238
668 595
685 654
251 247
3057 2833
2028 1711
253 271
659 641
755 775
277 255
2855 3132
2132 2399
273 257
594 731
843 836
254 278
3208 2955
2775 2109
276 262
728 650
974 760
306 243
3229 3084
2469 2372
265 280
720 665
916 794
271 276
3441 2971
2258 3032
284 263
663 710
970 922
302 259
3501 2972
2669 2870
270 288
761 651
954 933
280 284
3381 3443
2735 2914
293 275
690 723
1124 943
400 231
3395 3561
2935 3062
281 305
683 834
1222 1016
300 287
3260 3696
3518 2518
289 296
937 656
1179 1093
310 286
3239 3784
3384 2948
318 290
784 774
1046 1268
290 308
4306 2986
4199 3493
305 300
874 729
1279 1140
296 310
3504 3706
3748 4470
319 301
893 793
1348 1243
312 313
3760 3597
4725 3810
307 320
899 811
1298 1292
297 328
4077 3441
4916 4503
380 292
975 851
1047 1778
326 329
4324 3674
5188 4836
350 311
939 912
1419 1325
291 359
3660 4403
5499 4671
364 315
900 972
1492 1270
360 324
4003 4097
382 309
1028 861
1578 1440
338 339
4212 4015
324 355
894 1030
1745 1388
321 360
4025 4224
356 333
1048 917
1479 1880
369 338
5341 3420
340 343
999 1024
2429 1278
354 356
4040 4676
375 348
1052 985
1274 2655
384 351
4414 4360
383 353
1140 1020
1682 1949
385 370
4636 4329
397 375
1205 1061
2196 1603
394 386
5976 3829
408 374
1363 1023
1988 1943
378 403
4817 4840
429 368
1243 1172
1556 2734
427 372
5170 4911
417 378
1249 1220
2126 1897
436 369
5826 4726
416 391
1269 1219
1952 2108
424 397
5730 4874
419 417
1272 1229
2138 2007
403 438
478 379
1270 1232
2540 1694
437 412
432 418
1423 1127
2471 1811
439 422
444 426
1183 1500
2333 1960
470 407
472 406
1378 1269
2174 2311
434 434
490 393
1527 1213
2353 2253
448 437
492 409
1411 1300
2589 2333
483 419
465 436
1285 1458
2862 2227
453 447
503 410
1476 1327
2963 2148
522 401
463 457
1587 1386
2782 2453
477 458
486 452
1664 1362
2789 2529
499 448
519 441
1560 1509
2655 2793
484 465
506 459
1409 1668
2944 2691
487 469
489 472
1563 1513
3205 2485
475 518
660 408
1595 1491
2987 2678
509 487
520 484
2050 1204
3275 2683
523 480
533 478
1621 1490
3049 3007
609 454
485 589
1350 1956
4007 2494
597 486
575 502
1690 1530
3379 2962
606 497
626 498
1732 1521
3745 2711
630 488
603 524
2088 1346
3146 3628
622 522
665 509
2071 1380
3592 3323
615 555
634 541
1536 1887
4380 2952
645 556
669 544
1812 1564
4234 3425
757 490
584 616
1406 2212
3883 3854
915 440
696 543
1780 1661
4230 3648
712 540
650 571
1747 1734
4587 3450
681 569
710 560
1820 1708
4743 3409
651 597
658 601
2125 1533
4797 3554
642 618
652 642
2226 1512
4695 4094
708 604
625 712
1943 1731
4269 4750
726 617
751 594
1904 1942
4918 4073
731 619
743 608
2060 1818
4920 4679
649 702
753 615
2136 1763
4742 4944
756 614
611 746
2317 1709
5916 4061
734 669
828 579
2404 1665
5333 4555
705 709
781 624
2370 1796
5482 4701
748 670
741 689
2159 1993
5201 4886
838 586
831 598
2255 1934
5645 4721
797 640
860 588
2163 2086
5733 4698
803 655
759 699
2329 1985
5827 4864
799 664
839 613
2217 2111
5549 5026
844 620
800 683
1873 2506
861 621
823 672
2269 2116
848 660
635 857
2171 2243
767 738
790 725
2352 2145
792 730
802 726
1998 2492
765 742
809 719
2003 2493
826 708
1036 565
2553 2002
762 755
811 732
2309 2242
804 737
898 684
2316 2290
827 740
873 720
4512 1299
941 686
935 696
2410 2237
911 711
779 824
2435 2338
914 716
882 735
2535 2277
845 759
968 713
2399 2403
769 893
857 787
2698 2211
907 747
879 777
2393 2480
846 819
928 761
2809 2190
958 748
1020 736
2660 2350
895 800
901 801
2375 2667
983 763
897 823
2675 2510
972 776
871 872
3006 2323
896 848
1007 770
2781 2490
1019 771
906 866
2400 2921
1008 798
960 828
3108 2343
863 962
976 842
2427 3039
955 860
945 870
2913 2577
702 1312
985 849
3085 2462
1074 802
951 886
2917 2673
1187 754
1032 835
3154 2489
946 910
1033 845
3544 2267
1092 810
944 929
2683 3044
1049 852
1014 899
3104 2587
1169 784
1081 854
2977 2716
949 970
1117 839
2843 2918
1057 894
1080 875
2929 2844
997 976
1003 966
3052 2818
1128 868
1076 911
2989 2903
1209 822
1091 909
3292 2635
1154 869
1069 956
3023 2944
1149 880
995 1026
3273 2728
961 1058
1072 973
3142 2874
1044 990
1119 925
3118 2985
1096 944
1105 938
3253 2815
1334 789
912 1151
3272 2838
943 1125
1108 1002
3120 3023
1177 936
1141 998
3246 2933
1060 1079
1086 1045
2858 3449
1268 882
1199 941
3476 2737
1181 974
1121 1034
3237 2977
1254 916
1389 846
3452 2792
1144 1033
1332 879
3443 2805
1180 1006
942 1227
3787 2600
1257 939
1234 971
3035 3279
1303 913
1203 1007
3928 2585
1299 918
1110 1092
3711 2764
1167 1038
1357 903
3357 3071
1223 1005
1123 1100
2787 3774
1220 1022
1201 1040
4143 2542
930 1311
1361 928
4563 2389
1230 1029
1457 891
3486 3100
1281 1001
1198 1083
3594 3025
1227 1055
1079 1188
3356 3259
1432 920
1317 997
3301 3320
1293 1010
1102 1168
3156 3569
1095 1191
1373 982
3645 3117
1261 1063
1207 1122
3828 3001
1434 963
1171 1152
3372 3393
1193 1150
1217 1128
3531 3257
1288 1073
1519 932
3651 3180
1323 1062
1247 1126
3615 3244
1387 1043
1280 1108
3638 3380
1087 1302
1401 1057
3487 3524
1295 1111
1339 1091
3669 3392
1489 1017
1337 1098
4127 3103
1267 1148
1405 1080
4009 3203
1421 1065
1512 1031
4059 3163
1385 1120
1278 1184
3698 3562
1346 1143
1627 992
3851 3462
1513 1067
1355 1179
4008 3446
1495 1101
1554 1084
4806 2849
1403 1167
1393 1174
3718 3817
1417 1173
1505 1133
4037 3588
1266 1305
1537 1123
4172 3487
1329 1252
1306 1274
4010 3640
1507 1162
1325 1281
4122 3644
1360 1272
1494 1200
4447 3407
1647 1112
1430 1241
5202 2970
1354 1307
1396 1276
3635 4244
1482 1217
1594 1156
4417 3553
1557 1180
1456 1245
4251 3797
1436 1253
1559 1187
5143 3389
1056 1871
1744 1106
4111 4238
1300 1409
1827 1071
4429 3980
1359 1387
1792 1105
4454 3950
1446 1339
1752 1142
4523 3880
1542 1256
1624 1221
4073 4457
1264 1577
1623 1235
5023 3585
1497 1352
1330 1538
4131 4523
1641 1248
1444 1430
5484 3492
1379 1516
1572 1318
4747 3855
1596 1297
1471 1435
4718 3908
1643 1264
1564 1358
4544 4114
1702 1266
1940 1153
4810 3989
1634 1328
1861 1197
4951 3907
1561 1423
1686 1320
4688 4167
1673 1329
1251 1819
5149 3834
1743 1283
1670 1350
5106 3944
1742 1295
1447 1587
4566 4804
1660 1377
1523 1515
5144 4304
1626 1411
1772 1296
4984 4484
1731 1355
1640 1427
5120 4444
1688 1399
1583 1492
5461 4257
1540 1562
1783 1343
5419 4301
1609 1504
1890 1273
5485 4269
1674 1457
1729 1407
5606 4264
1790 1363
1835 1338
4823 4941
1698 1481
1798 1375
5608 4342
1709 1475
1600 1581
6017 4009
1580 1604
1769 1419
5281 4675
2187 1210
2033 1263
5270 4683
1934 1322
1618 1595
5271 4778
2195 1225
1837 1396
5326 4758
1794 1424
1654 1590
5720 4586
1813 1442
1836 1434
5524 4774
1778 1495
2133 1282
5506 4811
1846 1445
1945 1382
5872 4507
1712 1580
1741 1559
5951 4570
1644 1642
2214 1267
5941 4622
1547 1784
1782 1537
5664 4977
1765 1555
1880 1486
5971 4775
1928 1464
1508 1955
6098 4863
1932 1479
2069 1403
5940 5068
1788 1610
1884 1544
1802 1606
2331 1330
2831 1194
1882 1591
1911 1570
2739 1230
1844 1638
1834 1649
1797 1679
2307 1393
1764 1735
1730 1793
1913 1617
2112 1519
2067 1553
2073 1563
2030 1584
1942 1648
2045 1596
2305 1468
2266 1501
1677 2034
1919 1699
2300 1497
2156 1597
2392 1482
2013 1691
2072 1656
2162 1612
2002 1715
1879 1826
2243 1585
1909 1798
2185 1636
1914 1823
2086 1721
2170 1666
2507 1493
2113 1701
2044 1753
1955 1821
1992 1805
2368 1578
2012 1809
2189 1704
2096 1767
1959 1906
2075 1797
2304 1663
1854 2089
2123 1806
2326 1678
1806 2189
1785 2247
2869 1449
2100 1858
2870 1451
2034 1927
2337 1698
2875 1465
2210 1785
2102 1894
2379 1686
2257 1772
2202 1817
1982 2031
2700 1573
2530 1631
2428 1683
2154 1888
2261 1802
2169 1899
1966 2117
2019 2069
1898 2206
2673 1621
2273 1872
2188 1958
2253 1905
2084 2067
2356 1838
2438 1777
2230 1966
2231 1974
2241 1971
2658 1692
2390 1828
1825 2450
2482 1781
2444 1814
2026 2234
2503 1773
1896 2374
2203 2046
2405 1863
2440 1850
2374 1965
2457 1878
2376 1975
2420 1928
2556 1832
2286 2071
2699 1762
2554 1857
2287 2121
2192 2215
2082 2354
2575 1886
2595 1885
2521 1952
2454 2003
2365 2110
2274 2213
2284 2219
2777 1848
2745 1869
2251 2296
2983 1723
2625 1976
2414 2133
3092 1682
2492 2064
2618 2010
2674 1990
2310 2299
2522 2083
2630 2022
2980 1764
1816 2899
3140 1687
2616 2048
3086 1720
2740 1973
2802 1923
2396 2239
2633 2055
2459 2175
2568 2103
2181 2461
2861 1890
2566 2120
2558 2131
2726 2017
2545 2136
1996 2679
2834 1930
2709 2028
2423 2264
2676 2074
2924 1896
2611 2155
2691 2094
2468 2251
2615 2158
2741 2066
2462 2281
2544 2217
2097 2642
2565 2225
2620 2198
2485 2303
2695 2164
3313 1726
2559 2285
2928 2006
2662 2236
3886 1572
3201 1810
2747 2166
2670 2269
2688 2261
2865 2095
2338 2511
2806 2153
2998 1998
2509 2387
2473 2415
3090 1947
2606 2346
2778 2208
2956 2052
2381 2503
2542 2386
3538 1722
2971 2076
3012 2039
2706 2318
2446 2483
3097 1999
2797 2250
2743 2300
2038 3038
2818 2270
2239 2783
2601 2452
2373 2650
2839 2293
2962 2183
2813 2325
2527 2502
3039 2135
2510 2533
2864 2307
2940 2258
2732 2426
3144 2087
3014 2196
2893 2322
2701 2470
2766 2427
2804 2405
2817 2397
2635 2539
3003 2260
3164 2139
3041 2240
2494 2656
2788 2454
3178 2144
3091 2216
2621 2610
2610 2622
3625 1892
3139 2203
3347 2072
2978 2368
3027 2330
3418 2041
3385 2079
2941 2437
3098 2320
3656 1968
3096 2329
3163 2298
3264 2218
3209 2279
2852 2560
3212 2289
3191 2314
3008 2445
3080 2401
2841 2601
3708 2036
3116 2413
2722 2746
2933 2553
2942 2544
3478 2167
2976 2523
1841 4233
2972 2550
3143 2423
3401 2259
2991 2535
2613 2947
2770 2774
2866 2670
2708 2882
2436 3230
2761 2868
3168 2481
3220 2449
3157 2486
3335 2377
2993 2628
2549 3124
3257 2438
2729 2966
2964 2687
3293 2436
2836 2853
3061 2620
3081 2618
2845 2862
3125 2590
3235 2501
2754 3035
3733 2263
3222 2538
3902 2185
2560 3313
4035 2140
3022 2757
3283 2537
3797 2287
3033 2787
3192 2658
2932 2957
3290 2589
4063 2197
3289 2595
3570 2443
2657 3350
3182 2696
3100 2781
3307 2605
3371 2562
3001 2904
3075 2848
3111 2814
3188 2726
3587 2464
3271 2676
3278 2704
4030 2324
2627 3563
3128 2916
3234 2798
3155 2887
3302 2767
3375 2715
3492 2632
3298 2796
3891 2460
3069 3092
3218 2898
3790 2520
3378 2789
3170 3000
3421 2763
3623 2639
3604 2649
3499 2713
2472 3953
3697 2636
3337 2893
3010 3286
3329 2915
3439 2841
3613 2705
3207 3073
3545 2752
3396 2886
4976 2080
3309 2992
4029 2505
3871 2612
3037 3346
3735 2699
2742 3758
3602 2801
4066 2541
3833 2664
4098 2522
4097 2526
4031 2570
3627 2826
3769 2739
3321 3111
3521 2928
3879 2695
3559 2927
3537 2949
3380 3127
4263 2530
3821 2788
3580 2976
3810 2811
3866 2772
3610 2951
3619 2968
4592 2422
3862 2802
3872 2821
3980 2744
3311 3297
3691 2961
3897 2825
3419 3214
3732 2958
3287 3360
3915 2860
4064 2762
3649 3070
4885 2376
4015 2834
3707 3067
4013 2843
3773 3006
5245 2282
4026 2839
3457 3290
4036 2832
3662 3121
3950 2910
3927 2934
3763 3048
3715 3110
4147 2797
4087 2856
4248 2756
3916 2990
3778 3105
4387 2692
3360 3495
4197 2837
4390 2712
4188 2861
4697 2552
3753 3200
3685 3246
3784 3175
3369 3537
4292 2823
3365 3566
4318 2813
3710 3268
4002 3034
3624 3331
4373 2784
4272 2854
4095 2979
3672 3308
4016 3037
3896 3146
3956 3102
3888 3154
4637 2634
3962 3113
3969 3116
3633 3374
3983 3123
3438 3577
3829 3251
3864 3240
2857 4512
4648 2669
4196 2995
4240 2980
3671 3402
3892 3261
4233 3004
4293 2960
4022 3178
3931 3254
4024 3188
3998 3228
4685 2718
3665 3475
3993 3238
3785 3406
4048 3227
3333 3790
3800 3415
4539 2852
3939 3319
4237 3114
4693 2782
4239 3148
3382 3825
4385 3022
4224 3170
3855 3452
3817 3486
4326 3106
4221 3192
4419 3021
4431 3011
4107 3277
4344 3107
3643 3633
4148 3275
4377 3104
4181 3253
4266 3199
4297 3179
4301 3184
4218 3258
4271 3232
4231 3262
3893 3529
4325 3222
4479 3087
4337 3229
4433 3141
4184 3372
4482 3143
3653 3770
3578 3857
4840 2900
3659 3795
4493 3167
4369 3285
3744 3744
4457 3218
3755 3750
4004 3611
3392 4206
4529 3209
4609 3156
4768 3027
4309 3398
4226 3472
4259 3451
4210 3498
4104 3589
4162 3544
4256 3511
4569 3271
3647 4025
4957 3008
4633 3235
4461 3364
4496 3341
4323 3499
4561 3325
4594 3307
4468 3400
5207 2946
4189 3639
5359 2896
3911 3867
4042 3759
4728 3248
3979 3853
5209 2997
4319 3604
3989 3850
4686 3314
4348 3595
4346 3598
4932 3160
4320 3616
4499 3460
5378 2959
4550 3431
4257 3670
4402 3587
4209 3732
4069 3876
4683 3388
5066 3164
3589 4465
5125 3142
5344 3066
4070 3921
5362 3060
4520 3567
4532 3549
4722 3390
4480 3613
4599 3530
4844 3357
4394 3694
4367 3727
4861 3349
5045 3249
4694 3470
4721 3454
4314 3809
4565 3624
4897 3386
4905 3404
3944 4262
5054 3344
4966 3429
4463 3789
4838 3539
4536 3747
4638 3687
5353 3311
4339 3997
4121 4249
4762 3641
4490 3871
5470 3318
4471 3904
5212 3427
4641 3757
4653 3771
4545 3906
4504 3967
5315 3461
4730 3761
4825 3721
4748 3753
4167 4447
4291 4281
5273 3512
5190 3550
4934 3673
5263 3528
5643 3363
5670 3354
4438 4135
4858 3736
5075 3637
4790 3793
5129 3626
5707 3362
5641 3394
4704 3891
4673 3938
4969 3718
4391 4270
5307 3581
5477 3502
5790 3352
5973 3269
5371 3579
4472 4199
4893 3828
4781 3903
5110 3724
4299 4582
4960 3831
5233 3689
4947 3844
4962 3836
4494 4323
4519 4285
4430 4463
4434 4450
4543 4297
4258 4716
4664 4161
4785 4036
5037 3849
4999 3877
4474 4435
5385 3715
5844 3496
5310 3739
4801 4080
4099 4943
4734 4146
4655 4256
4764 4122
4507 4480
4917 4026
5047 3933
5821 3556
5186 3847
5930 3497
4882 4075
5053 3958
5388 3773
5894 3542
5291 3835
6083 3424
5264 3863
5227 3890
5062 4011
4774 4243
5044 4039
5515 3767
4625 4485
4981 4101
5103 4020
5946 3576
5734 3676
5713 3688
5845 3631
5069 4058
4954 4168
5294 3960
4579 4653
5287 3992
5084 4112
4372 4928
4699 4506
4671 4564
5543 3869
4832 4394
5189 4088
4649 4642
5100 4149
4872 4381
5163 4130
5085 4197
5629 3872
4584 4820
4857 4487
5576 3943
5284 4119
5194 4183
5674 3878
5055 4303
6034 3661
5025 4385
5618 3981
5846 3820
4645 4830
5895 3832
4891 4607
5067 4438
5386 4195
5652 4040
4922 4648
6126 3707
5743 4032
6023 3816
5052 4610
5040 4633
5724 4102
5018 4670
5366 4410
5646 4191
5575 4254
5842 4056
5459 4362
4741 4965
5214 4603
5558 4340
5809 4137
6160 3762
5275 4626
5065 4847
4842 5017
5816 4316
5404 4668
4906 5014
5786 4399
5414 4722
5975 4228
5520 4674
5830 4396
5418 4765
5602 4641
5958 4330
6000 4296
5776 4541
5877 4448
5907 4425
5744 4589
6012 4315
5798 4558
5544 4776
6039 4307
5686 4692
5374 4918
5918 4486
6135 4204
4998 5066
5711 4737
5937 4537
6092 4346
5860 4645
6066 4398
5566 4878
5591 4892
6145 4327
6104 4508
5603 4999
5772 4990
6174 4510
6001 4871
6026 4849
5904 4972
5853 5013
6093 4837
6138 4761
6070 4881
5861 5040
6191 4559
6200 4428
6102 4891
6077 4956
6170 4789
6048 5020
6108 5015
6205 4597
6172 5077
6204 5036
6197 5087
579740000 683079722
1
sift 217
187 193
4044 2567
162 147
208 217
542 532
218 302
262 339
667 713
279 551
453 404
728 743
407 587
470 594
629 950
473 619
544 686
761 814
597 694
528 879
832 856
730 679
768 665
1048 922
672 782
705 768
1028 1169
751 749
811 760
1249 1017
611 1050
767 857
1062 1272
802 848
639 1281
1140 1184
746 1137
857 919
1350 1055
689 1299
868 1028
1120 1487
898 1150
861 1353
1269 1346
1036 1131
1181 1105
1476 1390
1281 1046
1267 1059
1872 2334
1457 1026
1024 1442
2478 2120
972 1583
1312 1230
2071 2673
1360 1216
1037 1761
2217 2683
1432 1249
1436 1258
2675 2512
1173 1759
1329 1622
2362 2837
1174 1913
1320 1687
2809 3230
1483 1527
1356 1725
2525 3633
1304 1797
1225 1981
3650 2753
1446 1724
1430 1763
3928 2766
1261 2058
1194 2316
3443 3160
1316 1994
1395 1972
3751 3280
1340 2165
1422 2035
3381 4316
1895 1611
1223 2816
3156 5017
1452 2450
1622 2363
4003 4039
1577 2470
1903 1977
4251 4067
1643 2437
1600 2551
4487 3896
1555 2717
1542 2832
4073 4485
1626 2846
1808 2463
4324 4358
1702 2736
1623 2888
4025 5089
1687 3110
1803 2939
4081 5507
2635 2208
2444 2377
4306 5533
1946 3004
1756 3406
5270 4703
2086 2877
2378 2781
4718 5409
3092 2139
2000 3266
4212 6482
2357 2864
2047 3214
6193 5509
2468 2704
2688 2585
2808 2691
2266 3273
2036 3639
2206 3548
2532 3131
2296 3541
2414 3371
2185 3866
2784 3096
2222 3886
2294 3760
2875 3117
2462 3609
2905 3318
3136 3195
2575 3963
2279 4745
2773 3867
2777 3878
3144 3351
2915 3750
2607 4367
2725 4209
3059 3635
2693 4356
3801 3043
2748 4308
2649 4505
2699 4498
3001 4019
3155 3804
2864 4335
2819 4529
2936 4320
3005 4265
3589 3621
3015 4767
3625 3918
3111 4639
2652 5858
3691 3917
2899 5182
3130 4908
5845 2805
3604 4247
3385 4545
3744 4164
3199 4939
4304 3780
3390 4802
4016 4197
3911 4369
3656 4713
3454 5235
3753 4858
3046 6317
3278 5754
3766 4916
3437 5611
3614 5318
3422 5886
3025 6630
4506 4670
4178 5170
4103 5283
4579 4715
4511 4785
4969 4393
3724 6122
4543 4824
4337 5249
4482 5097
4336 5612
3773 6508
4024 6209
4384 5604
4244 6271
4097 6522
4435 6152
4697 5903
4449 6346
4851 5794
5386 5390
4787 6253
4577 6550
5004 6386
5617 5898
5602 6337
5726 6308
5880 6580
579740000 690665857
1
sift 219
69 69
85 85
115 111
162 102
122 120
218 159
195 199
264 178
262 221
295 280
338 304
353 325
377 317
375 329
442 362
425 385
470 368
473 369
472 398
454 426
477 446
547 394
603 600
763 523
915 458
689 605
746 576
747 611
781 599
1036 521
790 679
836 677
869 691
758 852
861 731
844 750
860 799
1019 670
853 838
997 709
943 747
891 807
1004 726
935 781
1010 787
855 950
1037 776
944 839
1343 650
956 916
1341 688
1096 860
1173 845
1517 690
1257 820
1092 959
1161 922
1174 939
852 1438
1304 897
1303 966
1223 1012
1366 967
1225 1106
1395 1011
1405 1027
1268 1149
1656 971
1337 1162
1187 1383
1255 1330
1443 1211
1542 1152
1555 1217
1425 1322
1452 1310
1734 1113
1756 1109
1837 1206
1646 1362
2646 979
1928 1212
1626 1423
1779 1358
1808 1343
1803 1368
1622 1561
1945 1419
2001 1449
2271 1376
2034 1503
1932 1654
2294 1445
2093 1626
2532 1382
2047 1671
2378 1490
2915 1342
2036 1793
2112 1758
2648 1475
2379 1650
2266 1734
2688 1548
2451 1740
2725 1684
2092 2117
3136 1518
2422 1948
2962 1630
2608 1856
2697 1813
2748 1795
2708 1836
2431 2031
3144 1610
2086 2368
2693 1930
2619 1994
2091 2500
2734 1995
2784 2056
2773 2080
2606 2253
2797 2136
2819 2143
2331 2550
2526 2595
3130 2118
3096 2157
3044 2203
2201 3121
3059 2255
2699 2620
3552 2111
3346 2212
3046 2487
2905 2667
2777 2867
2978 2637
3087 2531
3490 2252
3390 2420
3373 2510
4016 2165
3559 2392
3972 2210
3696 2349
3026 2921
3716 2362
3625 2466
3111 2934
3054 2985
3437 2596
3604 2541
3979 2402
3385 2897
3630 2724
3614 2806
3693 2858
3913 2775
3376 3194
4263 2659
4482 2546
4024 2935
4244 2828
3754 3192
4066 3081
4452 2853
4851 2601
3773 3422
3536 3661
4432 2963
4694 2810
4821 2725
4337 3070
5618 2414
3969 3471
4787 2834
5067 2706
5171 2675
4384 3200
4622 3034
3587 4023
4697 3044
3826 3834
4336 3412
4547 3265
4704 3238
4402 3588
5086 3076
4532 3495
4730 3389
4877 3299
5207 3172
4784 3453
4829 3469
4577 3860
4972 3509
5125 3410
4258 4238
5690 3156
5004 3538
5629 3282
5015 3726
5340 3612
5186 3791
5891 3382
5587 3603
5412 3706
5376 3809
4684 4286
5189 4010
5643 3757
5343 3967
5996 3725
5689 3965
5545 4137
6093 4231
579740000 858943217
1
sift 133
69 72
5844 2058
122 141
195 229
295 365
362 303
338 341
377 320
425 364
400 411
472 412
470 444
544 456
528 476
567 553
603 541
581 596
781 617
790 627
746 695
741 797
860 696
814 735
758 846
861 751
836 826
610 1255
853 831
869 808
844 882
855 1016
935 964
943 967
915 1010
997 983
956 1248
1161 1076
1370 1012
1268 1099
1304 1122
1223 1228
1255 1204
1225 1266
1337 1170
1303 1230
1443 1388
1542 1403
1702 1312
1452 1595
1626 1465
1756 1460
1837 1492
2252 1267
1622 1840
2034 1502
1852 1712
2086 1563
1945 1784
2725 1369
2206 1658
2294 1617
2092 1834
2646 1590
2199 1844
2047 1968
1932 2132
2784 1642
2036 2116
2954 1610
2579 1831
2266 2003
2748 1793
2379 2091
2905 1847
2688 1997
2710 1995
2693 2069
2978 1951
2649 2210
3144 1892
2606 2280
2619 2284
2699 2273
2431 2517
2422 2640
2906 2256
3044 2154
2936 2245
3979 1800
2451 2814
2773 2559
3046 2345
3970 1983
3972 2022
3444 2312
3111 2652
3821 2216
3240 2610
3587 2428
3416 2575
3716 2376
3390 2667
3625 2596
4016 2378
3278 3034
3383 2986
3913 2624
3026 3556
4482 2389
4263 2555
4066 2688
3630 3044
3766 2967
3457 3347
3724 3074
4024 2865
3375 3489
4103 3008
3773 3348
4402 2979
4822 2680
4550 3003
4303 3294
4730 2893
4787 2890
5086 3010
4694 3414
5189 3154
4577 3668
5166 3261
6116 2830
4851 3638
4877 3683
579740000 1778338741
1
sift 287
323 245
28 44
61 60
99 69
376 235
344 218
130 115
265 270
526 266
342 318
291 262
281 300
538 348
392 288
326 299
403 347
504 434
1419 722
426 372
453 370
591 393
1985 1401
489 384
509 376
663 466
1952 1467
444 415
597 359
761 484
2196 1547
584 445
611 437
720 568
2333 1574
730 422
751 441
875 503
2008 1870
797 480
626 640
939 561
2161 1858
811 512
768 575
900 681
2126 2144
705 639
767 585
899 786
2194 2153
857 535
831 609
1140 734
2642 2820
778 685
779 690
1118 867
3379 2256
896 605
960 603
1243 835
5021 3925
897 708
871 809
1229 956
995 719
906 820
1423 970
1432 593
1261 704
1409 1059
1181 770
1267 738
1780 999
1203 767
1457 707
1747 1194
1356 753
1016 1014
1595 1336
1110 955
1512 774
2071 1085
1435 840
1554 857
1671 1350
1198 1083
1436 943
1987 1202
1102 1306
1306 1089
1998 1282
1325 1116
1482 1057
2408 1216
1846 982
1788 1013
2317 1268
1302 1365
1561 1197
2410 1263
1643 1124
1600 1208
2217 1354
1729 1149
1396 1419
2362 1305
2300 979
1572 1315
3104 1206
1660 1285
1673 1302
2171 1766
2009 1101
1895 1160
2352 1654
1911 1190
1559 1488
2269 1720
1823 1392
1644 1614
2229 1788
2084 1333
1760 1517
3272 1331
1913 1420
1879 1438
2404 1677
2344 1300
2503 1264
2358 1793
1816 1665
2444 1362
2660 1651
1992 1591
2357 1412
2543 1701
1996 1640
2102 1575
3108 1465
2110 1581
2188 1579
2400 1904
2045 1695
2012 1726
3928 1310
1966 1746
2113 1729
3166 1501
1959 1879
2468 1600
3181 1531
2368 1749
2100 1996
3213 1650
2670 1635
2195 2065
2809 1967
2310 1986
3222 1499
3006 1854
2459 1932
2254 2161
2781 2048
2611 1954
2414 2073
2943 2091
2690 1931
3212 1618
3292 1912
2559 2062
2581 2079
3035 2140
2709 2068
2615 2110
3443 1948
2993 1908
3981 1515
3216 2259
2595 2196
2336 2508
3156 2356
3116 1998
2601 2341
4143 1956
2613 2385
3234 2016
2977 2601
3589 1947
3691 1913
4067 2064
4104 1807
3620 2034
4010 2092
3158 2238
3282 2184
3635 2274
2397 2917
2560 2783
4563 2004
3744 2083
3639 2142
4806 2049
4387 1885
3075 2558
5277 1972
3378 2323
3276 2389
4805 2146
3365 2361
3753 2234
3828 2685
3649 2278
4346 2067
4417 2483
3675 2297
4369 2089
4573 2594
4237 2141
3545 2488
4544 2924
3889 2317
3037 2948
3718 3673
3321 2718
3939 2384
5939 2499
4520 2249
4224 2486
4720 3412
3790 2715
3786 2790
5127 3194
4837 2264
4266 2566
4775 3626
4068 2752
5243 2245
5461 3295
3633 3079
4529 2609
5951 3091
4882 2528
5266 2443
5635 3653
4319 2894
3961 3138
5608 3813
4121 3103
5738 2466
6098 3692
4473 2974
5284 2647
3816 3605
4543 3011
5307 2688
5214 2778
4981 2892
4660 3072
4434 3243
3801 3927
5103 2923
4736 3229
5066 3062
5918 2758
4957 3209
4648 3476
4774 3395
5535 3064
5591 3070
5375 3171
5055 3399
4105 4030
4699 3723
5366 3289
6070 2962
5821 3174
4955 3724
5588 3478
5772 3491
6063 3314
5880 3523
5377 3881
5230 3972
6205 3258
6035 3776
6154 3840
579740000 2009681629
1
sift 1852
0 0
28 22
3 3
71 73
31 24
6 4
79 79
32 25
7 6
116 120
33 28
15 10
119 130
36 29
20 13
121 148
37 30
21 16
147 135
53 50
24 20
146 143
51 49
38 34
187 172
67 62
41 36
249 253
74 69
42 37
267 339
72 75
47 43
327 350
94 91
46 48
352 344
99 102
52 56
339 384
90 112
61 57
447 490
135 154
59 59
491 449
149 175
66 60
542 571
156 188
63 63
504 628
182 182
68 64
525 653
186 205
64 68
554 649
219 211
70 72
591 608
196 242
73 89
605 672
260 209
76 87
641 686
355 373
85 80
611 746
280 258
82 85
644 728
371 442
88 81
666 714
281 299
93 83
659 733
588 593
98 90
720 688
685 700
96 100
690 720
919 886
101 99
728 749
920 965
104 97
805 755
1054 1038
111 93
761 816
1047 1078
103 109
663 968
954 1227
108 96
767 826
1283 996
92 115
832 862
854 2439
106 117
899 817
1220 1330
102 122
894 903
1279 1521
115 119
874 942
1398 1397
124 126
900 955
1952 2061
122 134
1125 835
1508 1754
128 129
981 972
2196 2619
130 132
1048 946
2720 2250
131 133
1190 910
2138 2982
126 137
1028 1095
2126 3068
132 140
1142 1019
2629 2566
134 149
1080 1121
3275 2659
137 152
1084 1148
2481 3666
159 142
1062 1199
2862 3170
158 146
1205 1075
3205 2986
148 157
1118 1214
4735 2116
152 163
1052 1302
3379 3547
162 158
1018 1392
5867 2382
165 161
1120 1359
3771 3946
145 204
1140 1449
3883 3851
191 167
1191 1427
4743 4751
176 194
1269 1379
4226 3837
180 191
1243 1412
201 199
1249 1403
4475 5250
197 202
1233 1540
203 203
1261 1503
6065 5853
208 219
1272 1488
212 220
1409 1365
218 222
1378 1464
221 223
1281 1590
214 247
1476 1406
199 291
1329 1533
236 233
1527 1530
251 235
1436 1438
227 259
1363 1737
222 274
1446 1621
242 255
1812 1407
233 265
1394 1720
225 302
1520 1787
238 283
1320 1827
256 256
1563 1748
247 268
1423 1902
253 262
1690 1646
257 263
1560 1793
246 288
1536 1887
265 267
1285 2353
262 270
1904 1539
259 286
1587 1875
271 272
1595 1901
270 282
1747 1753
254 305
2051 1531
264 297
1664 1885
276 280
1757 1905
302 251
2071 1752
284 281
1777 2059
287 308
1895 1936
306 292
2145 1814
277 319
1886 1975
293 310
1943 2074
290 322
2553 1706
296 317
1958 2331
300 323
1854 2327
295 328
1965 2352
315 313
2256 2094
283 345
2060 2309
291 341
2171 2194
319 325
2159 2224
310 329
2163 2273
305 335
2229 2203
320 333
1872 2712
324 330
2403 2107
322 338
2129 2395
325 342
2309 2368
289 369
2226 2445
362 324
2217 2472
332 352
2412 2296
345 334
2407 2319
338 347
1996 2826
348 357
2269 2503
318 386
2323 2483
329 377
2388 2415
356 362
2399 2418
353 364
2535 2301
393 353
2236 2615
375 376
2478 2349
374 381
2543 2307
328 448
2909 2058
294 512
2107 2821
383 382
2410 2484
397 371
2329 2624
377 392
2604 2385
380 389
2465 2555
382 387
2660 2448
379 393
2393 2733
401 379
2370 2771
347 430
2984 2258
404 374
2675 2576
386 407
2375 2916
403 398
2809 2547
390 428
2321 3079
416 399
2525 2899
359 493
2221 3391
398 420
2872 2783
407 419
2781 2883
411 435
2917 2864
421 427
3085 2723
450 401
2477 3292
385 506
2435 3394
424 456
2712 3112
452 423
2408 3526
417 471
2567 3284
388 528
2943 2924
429 457
3006 2962
439 465
2960 3082
426 495
3208 2874
446 476
3253 2836
431 491
3120 3010
486 424
3052 3088
463 453
3467 2828
453 472
3042 3194
454 473
3216 3032
442 486
3142 3139
437 499
3166 3157
451 488
2703 3893
483 460
3544 2918
475 484
3501 2951
456 510
3476 2978
489 469
2858 3753
472 515
3056 3445
512 470
3294 3143
509 492
3118 3385
458 535
2977 3691
482 518
3292 3267
469 546
3223 3477
492 522
3594 3110
484 529
3615 3153
470 561
3239 3573
479 556
3634 3249
477 576
3504 3376
448 609
3104 3941
499 537
3497 3450
541 504
3156 3925
522 525
3181 3956
520 533
3750 3404
519 536
3441 3756
528 532
3531 3667
547 521
3443 3849
529 549
3751 3544
640 462
3372 3972
532 550
3272 4151
543 545
3718 3643
464 664
3638 3740
665 487
3698 3706
515 619
3760 3645
523 622
3357 4115
560 599
3609 3911
546 620
3669 3899
517 669
3487 4163
610 582
3828 3955
566 632
3288 4562
563 645
4009 3965
674 558
4008 3993
575 638
4130 3919
660 577
4003 4204
587 637
4010 4228
597 641
4026 4191
581 659
3851 4392
623 630
4071 4184
652 597
4067 4205
696 584
4523 3732
603 662
4073 4280
628 642
3645 4802
741 570
4417 4111
670 640
3635 4974
633 663
4059 4624
639 678
3685 5004
576 752
4324 4423
662 673
3744 4933
572 775
4810 4029
630 695
4414 4480
706 644
4212 4744
651 693
4511 4482
753 606
4454 4549
645 699
4251 4768
713 655
4982 4132
596 759
4685 4355
915 520
4487 4645
618 753
4014 5351
678 697
4755 4477
672 704
4806 4460
643 731
4445 4873
702 691
4037 5553
642 742
5120 4346
762 647
4068 5559
745 677
4483 4916
731 687
4720 4764
687 730
5272 4389
747 682
4718 4824
714 734
4544 5108
709 737
4447 5291
751 694
4143 5956
782 675
4315 5644
708 757
5177 4630
689 784
4817 5089
625 863
5341 4654
613 884
5940 4313
737 750
4799 5226
863 625
5752 4475
592 912
5258 4823
636 880
4984 5106
697 812
4688 5708
669 864
5303 5044
717 819
5270 5369
801 724
5386 5243
718 856
5073 5620
757 791
5839 4932
746 810
5143 5674
777 783
4977 5897
705 883
5420 5498
799 787
5799 5225
842 727
5635 5419
785 811
5109 5945
903 703
5872 5427
818 797
5038 6287
781 847
5319 6087
1076 627
5932 5456
1025 650
5461 5975
797 836
5473 5991
790 843
5651 6017
807 833
5800 5893
760 893
6113 6035
729 956
6173 6348
803 878
710 1022
811 875
814 876
911 763
765 930
772 927
876 822
830 898
881 852
944 794
837 891
827 916
846 894
820 935
861 895
787 1017
798 1014
873 896
860 924
961 844
866 915
771 1096
879 911
848 969
896 904
871 933
836 1000
794 1090
955 877
868 949
986 873
933 888
890 934
889 953
634 1514
956 901
851 1044
855 1050
857 1053
895 994
844 1077
906 986
951 929
796 1234
940 958
928 979
1010 914
942 970
936 980
953 967
945 987
977 963
935 1007
1022 932
901 1059
932 1024
774 1339
891 1094
946 1030
987 997
923 1068
898 1120
1026 992
983 1042
1030 1005
1093 939
1015 1031
972 1084
960 1101
908 1178
1004 1064
1072 1021
1081 1009
997 1087
1016 1076
1100 1012
992 1124
1029 1109
1019 1131
1002 1165
1003 1166
1017 1158
1073 1112
1023 1156
1245 940
1234 947
947 1243
1155 1046
1044 1173
964 1277
1060 1189
1117 1117
1094 1138
985 1278
1064 1212
927 1347
1096 1168
1086 1192
1092 1194
1115 1181
1007 1303
1110 1201
1152 1154
1198 1111
1103 1246
1128 1237
1193 1161
1065 1311
995 1381
1252 1097
1163 1204
1173 1202
1169 1205
1291 1085
1119 1260
1187 1197
1134 1253
1240 1137
1311 1086
1144 1267
1037 1369
1432 1026
1122 1289
1161 1250
1174 1244
1108 1319
1211 1231
1208 1239
1011 1467
1418 1066
1136 1321
1309 1139
1194 1281
1268 1211
1160 1318
1151 1334
1126 1372
1241 1251
1334 1184
1188 1323
1171 1342
1225 1305
1407 1162
1203 1332
1180 1357
1133 1435
1421 1171
1175 1385
1254 1309
1306 1256
1300 1268
980 1761
1181 1402
1223 1353
1204 1391
1123 1510
1323 1283
1489 1177
1293 1317
1472 1228
1354 1308
1297 1346
1447 1249
1230 1436
1435 1263
1614 1145
1457 1264
1712 1103
1325 1360
1336 1355
1288 1399
1326 1377
1107 1724
1604 1198
1360 1363
1148 1664
1308 1401
1838 1072
1408 1333
1149 1680
1366 1368
1397 1364
1317 1446
1248 1543
1304 1455
1401 1395
1487 1328
1216 1651
1434 1374
1337 1470
1247 1612
1395 1425
1315 1509
1365 1458
1554 1316
1497 1352
1370 1469
1340 1507
1749 1213
1158 1803
1373 1482
1232 1682
1346 1517
1548 1354
1267 1688
1351 1571
1561 1373
1402 1528
1444 1479
1405 1535
1393 1554
1442 1491
1266 1732
1802 1245
1380 1603
1443 1527
1473 1498
1633 1349
1616 1376
1425 1557
1564 1430
1596 1404
1430 1565
1591 1414
1512 1492
1415 1606
1681 1382
1599 1441
1482 1568
1623 1424
1396 1687
1555 1499
1655 1408
1546 1526
1284 1849
1572 1504
1518 1563
1339 1779
1542 1550
1452 1657
1540 1551
1385 1742
1581 1515
1456 1661
1523 1602
1519 1610
1673 1448
1426 1708
1451 1696
2195 1216
1557 1601
1687 1487
1647 1538
1507 1704
1515 1699
1654 1553
1537 1689
1834 1400
1495 1743
1644 1581
1549 1701
1619 1630
1606 1649
1412 1873
1445 1860
1577 1709
1588 1710
1509 1822
1708 1618
1698 1637
1467 1908
1755 1619
1656 1714
1530 1871
1628 1744
1659 1727
1468 1954
1481 1943
1510 1915
1702 1711
1626 1789
1678 1746
1692 1741
1227 2500
1622 1811
1610 1848
2092 1450
1861 1599
1791 1659
1696 1776
1575 1898
1725 1760
1524 1972
1665 1828
1417 2140
1735 1771
1955 1585
1700 1830
1674 1864
1788 1734
1539 2001
1646 1888
1742 1820
1940 1643
1715 1861
1721 1859
1815 1766
1534 2084
2058 1598
1768 1819
1649 1941
1766 1836
1778 1847
1672 1956
1535 2213
1769 1897
1818 1865
1808 1883
1782 1917
1803 1900
1615 2119
1817 1893
1847 1892
1624 2152
1878 1878
2500 1495
2338 1595
1879 1890
2133 1707
1783 1959
1762 1981
2240 1666
1945 1856
1683 2141
1798 1966
1852 1933
1618 2268
1689 2155
1635 2240
1844 1955
2209 1715
1795 2055
2254 1751
1636 2344
1756 2147
1343 3048
1779 2126
1914 1987
2066 1918
2111 1896
2017 1944
2312 1785
1928 2020
2057 1934
1833 2134
1989 2008
1785 2270
1835 2188
1888 2111
2002 2027
2068 1971
1731 2403
1694 2494
1932 2098
1771 2355
1913 2131
1986 2095
2113 1988
1837 2292
1993 2117
2115 2031
2042 2085
2045 2091
1853 2347
2007 2179
2047 2138
2072 2121
2344 1932
1885 2345
2055 2158
2495 1862
2013 2205
2192 2044
2157 2092
2278 1995
2073 2198
1719 2801
2128 2161
2084 2219
2361 1979
2242 2078
2043 2272
2117 2200
2150 2165
2172 2168
2112 2236
2038 2318
2293 2070
2009 2362
2189 2163
2378 2013
2206 2137
2436 1969
2086 2288
1899 2480
2033 2348
2100 2282
2291 2100
2102 2300
2170 2222
1959 2447
2165 2243
2182 2256
2069 2378
2143 2303
2257 2201
2299 2169
2000 2487
2266 2210
1994 2504
2146 2338
2659 1948
2271 2221
2249 2241
2303 2197
2320 2187
2241 2264
2232 2289
2019 2530
2076 2452
2034 2519
2211 2336
2374 2186
2658 2006
1960 2664
2222 2371
2670 2035
1971 2688
1772 3019
2185 2425
1970 2727
2272 2373
1846 2940
2203 2459
2799 2010
2310 2393
2549 2196
3451 1755
2273 2506
1963 2885
2508 2276
2036 2818
2082 2790
2364 2431
2601 2246
2334 2481
2487 2328
2587 2260
2231 2608
2501 2325
2459 2367
2026 2882
2268 2592
2856 2076
2729 2183
2710 2199
2438 2401
2180 2735
2093 2832
2457 2386
2164 2755
2305 2589
2356 2534
2568 2335
2391 2493
2462 2422
2368 2543
2460 2437
2532 2390
2294 2658
2428 2511
2409 2541
2700 2313
2270 2751
2379 2601
2591 2396
2441 2526
2453 2521
2608 2410
2449 2542
2509 2478
2343 2737
2939 2181
2633 2432
2618 2442
2431 2616
1919 3229
2964 2182
2631 2463
2440 2647
2284 2866
2243 2911
2680 2462
2283 2884
2376 2792
2498 2642
2732 2450
2615 2591
2627 2605
2521 2677
2561 2651
2444 2785
2414 2813
2078 3221
2559 2676
2701 2583
2707 2574
2539 2734
2279 3014
2188 3105
2423 2856
2475 2799
2616 2696
2648 2673
2606 2720
2505 2793
2807 2527
2513 2796
2865 2457
2651 2697
2169 3175
2545 2781
2688 2661
2581 2774
2406 2933
2647 2748
2696 2707
2331 3059
2596 2827
2773 2670
2763 2686
2881 2559
2849 2607
2468 2948
2776 2714
2690 2803
3064 2420
2745 2757
2603 2879
2676 2837
2574 2898
2503 2960
3097 2423
2863 2656
2474 2999
2841 2699
2842 2710
2527 2977
2983 2558
2796 2791
2924 2681
3000 2602
2422 3141
2800 2829
2288 3384
2214 3517
2808 2860
2483 3111
2665 2997
3073 2611
3092 2593
2485 3135
2819 2877
2640 3042
3124 2578
2661 3029
2747 2953
2980 2749
2534 3119
2818 2904
2786 2946
2693 3035
2564 3146
3099 2665
2575 3154
2826 2945
3140 2644
2857 2920
2546 3195
2854 2923
2797 2992
3065 2758
2725 3069
2777 3037
3005 2817
2646 3181
2951 2897
2874 2973
2998 2862
2595 3274
2979 2889
2867 3009
2926 2956
2810 3071
3234 2683
2785 3103
3258 2666
2885 3018
3015 2900
2443 3578
2891 3040
3055 2893
3111 2863
2565 3460
2750 3233
2741 3283
3059 2947
2886 3102
3680 2469
2912 3085
3075 2949
2748 3305
3018 3000
2839 3190
3025 3004
2899 3128
2873 3174
3136 2930
2708 3449
2542 3676
2556 3713
2514 3783
2936 3192
2975 3152
4377 2245
3144 3002
2905 3265
2962 3183
3021 3126
2620 3750
3165 3023
2689 3661
2906 3313
2959 3240
3218 2981
3094 3091
2941 3300
2915 3354
2966 3285
2971 3290
3107 3137
3240 3021
2771 3630
3746 2704
3045 3215
3376 2939
2572 3963
3046 3226
2993 3309
3625 2802
3096 3193
2446 4221
2821 3625
3079 3230
3047 3269
3087 3224
3060 3270
2812 3683
2903 3536
2722 3862
3400 3006
3222 3138
3184 3208
2970 3523
3733 2848
3155 3275
2743 3940
3313 3109
3116 3346
3044 3456
3033 3480
3797 2841
3654 2919
2965 3618
2864 3789
3341 3121
3194 3297
2599 4285
2613 4274
2972 3655
3617 2969
3001 3610
3432 3099
3582 3007
3337 3173
2898 3833
3291 3253
2883 3850
3343 3186
3119 3503
2978 3719
3231 3329
3002 3669
3072 3577
3257 3299
3280 3286
2877 3896
3039 3633
3418 3160
3190 3436
3143 3504
3538 3067
3080 3603
3886 2892
2933 3855
3536 3094
4178 2775
3220 3443
3008 3765
3879 2942
3013 3788
3421 3251
3261 3437
3168 3579
3378 3310
3212 3514
3133 3664
3727 3045
5251 2294
3803 3024
3199 3570
3130 3695
2869 4169
3278 3486
3394 3378
3235 3589
3469 3303
3545 3231
3801 3065
3390 3414
3449 3393
3396 3458
3366 3507
3170 3785
3329 3574
3304 3617
3293 3626
3763 3171
2904 4295
3794 3161
3589 3322
3595 3333
3990 3057
3478 3472
3747 3254
3633 3356
3375 3635
3707 3311
3185 3921
3437 3586
3559 3457
3864 3199
3344 3708
3554 3475
3346 3727
3408 3665
3481 3562
3758 3343
3454 3647
3558 3531
3743 3364
3402 3725
3422 3702
3490 3675
3406 3796
3720 3487
3385 3835
3061 4348
3943 3294
4619 2886
3649 3584
3145 4266
3562 3686
3457 3826
3697 3604
3619 3699
5378 2625
3916 3427
3283 4140
3681 3671
3753 3594
3307 4136
4322 3133
3614 3766
3708 3679
3081 4521
2742 5265
3772 3641
3380 4102
4207 3271
3806 3634
3678 3773
3552 3922
3840 3659
4719 2989
3876 3644
3270 4359
4080 3492
4281 3317
4062 3522
3282 4372
3417 4218
4140 3462
3687 3883
3551 4036
3871 3718
3495 4108
3662 3937
3492 4144
3542 4134
3783 3860
3696 3982
4170 3529
4215 3509
3984 3721
4478 3260
3549 4175
4024 3688
3597 4145
3716 4023
4293 3471
3547 4232
4265 3515
4280 3508
3606 4195
4185 3606
4239 3567
4058 3735
4278 3538
3484 4333
3732 4085
3525 4301
4309 3532
3906 3935
3754 4126
3737 4149
4074 3806
3830 4064
3722 4215
3405 4540
3993 3924
3683 4281
3877 4071
3587 4371
3778 4190
3715 4269
3862 4110
3866 4122
3773 4243
4310 3690
3795 4223
3931 4094
3550 4487
3500 4541
4086 3960
4181 3858
3913 4168
3841 4255
3847 4253
4218 3846
3784 4311
3888 4212
3373 4742
3894 4230
3228 5046
3937 4201
3074 5483
3728 4418
3656 4489
3779 4390
3383 4825
3816 4362
4200 3973
4066 4118
4187 3992
3369 4866
4097 4090
4064 4138
4258 3927
3983 4238
4188 4015
3833 4375
4166 4043
4962 3316
4158 4066
4152 4076
4326 3917
4623 3612
3994 4293
4263 4031
4375 3908
4106 4207
4087 4256
4244 4103
5086 3341
3887 4454
3416 5018
3899 4455
3371 5141
3909 4466
3929 4452
3947 4447
4142 4284
4648 3739
4103 4342
4328 4158
4168 4328
4283 4235
3811 4650
3693 4783
4493 3990
3560 4998
3892 4590
4206 4327
4752 3734
4240 4320
3479 5198
4016 4522
3691 4871
4236 4334
4147 4416
4257 4329
4408 4179
3639 5013
4319 4294
4348 4282
4221 4408
4300 4374
4622 4056
4304 4401
4104 4591
4687 4016
3738 5056
4395 4335
4013 4717
3793 5015
4099 4626
4224 4545
4371 4405
4336 4444
4869 3891
4363 4421
3969 4812
3713 5216
4452 4337
4385 4420
4297 4517
4320 4530
3987 4887
3980 4900
3849 5116
4313 4552
5066 3839
4796 4065
4995 3923
4004 4914
3838 5201
4041 4895
3979 5040
5054 3950
4442 4507
3950 5112
4150 4811
4736 4242
4256 4707
4567 4413
4594 4403
4570 4432
4402 4588
3949 5196
4227 4797
4121 4929
4612 4398
3860 5360
4696 4325
4220 4822
3881 5379
4482 4560
4384 4671
4658 4399
4349 4712
5190 3996
4176 4938
4642 4483
4362 4788
4500 4613
3653 5912
4107 5199
4126 5192
4346 4855
5011 4249
4679 4500
4272 4964
3896 5566
4298 4936
4947 4303
4520 4662
4222 5120
4545 4640
4271 5028
4532 4664
3829 5755
4337 4969
4216 5177
4877 4412
4325 5077
4165 5346
5025 4354
3768 5971
4401 4963
5334 4216
4383 5051
4266 5292
5758 3957
4580 4781
5543 4119
4522 4906
4438 5076
5206 4353
4578 4883
4361 5260
4427 5150
5267 4352
4787 4648
4146 5622
4609 4868
5408 4286
4340 5364
4588 4928
4497 5072
4659 4834
4506 5078
4416 5256
4686 4820
4975 4576
4290 5495
5007 4571
4504 5148
4223 5646
4548 5122
5175 4512
4577 5088
4457 5277
5354 4425
4740 4837
4948 4673
4694 4940
5218 4519
4699 4939
3946 6179
4724 4911
5442 4446
4721 5007
4467 5423
4730 5002
4660 5139
5376 4529
4392 5611
4697 5127
4456 5540
5126 4689
4911 4886
4821 4996
4449 5587
4303 5900
5071 4776
5129 4735
4781 5094
5470 4557
5014 4838
4981 4908
5638 4495
4986 4917
5227 4720
4936 4980
4584 5494
5653 4503
5214 4753
4933 5022
5110 4848
4434 5795
4543 5607
4645 5443
5307 4737
4647 5460
4860 5170
4950 5073
4589 5599
4917 5140
5643 4573
4704 5432
5239 4843
5263 4831
4708 5457
5010 5096
4592 5671
4664 5577
4793 5390
5040 5101
4961 5206
4874 5337
4734 5501
4824 5455
5396 4880
4538 5914
5233 5037
6006 4470
4791 5538
4893 5412
5053 5227
5667 4705
4969 5345
5055 5239
5366 4957
4749 5624
5310 5061
4829 5565
4649 5866
5069 5326
5336 5086
5207 5194
4764 5675
5666 4784
5266 5166
5291 5152
6013 4564
5535 4955
4972 5539
5340 5187
5090 5409
5343 5188
5683 4861
5194 5343
4634 6021
5077 5463
5407 5153
4883 5688
5401 5173
5220 5349
5036 5534
4762 5855
5717 4874
4774 5861
5315 5323
5230 5391
4980 5657
6032 4632
5265 5418
5097 5575
5224 5474
4940 5783
5787 4945
5085 5636
4785 5980
5048 5678
5618 5162
5502 5314
4994 5804
5287 5516
5891 4921
5477 5376
6045 4767
5186 5663
5986 4891
5103 5774
5096 5798
5914 4994
5888 5027
4727 6221
5369 5588
5101 5841
5532 5430
5117 5839
4838 6153
5350 5640
4999 5979
5003 6016
6056 4893
5020 6011
5808 5263
4722 6307
4897 6189
6052 4970
5545 5579
5114 6006
5284 5857
5920 5215
5853 5318
5895 5268
5324 5875
5576 5626
5035 6132
5696 5541
6101 5016
4973 6229
5250 6015
5832 5450
5183 6109
4615 6389
5873 5440
5351 5992
6121 5124
5464 5928
5526 5882
5056 6269
5829 5561
5760 5647
5790 5649
5602 5873
5748 5697
6066 5310
5379 6092
5151 6271
5382 6116
5363 6143
5390 6135
5537 6008
5763 5770
5861 5670
5772 5806
5551 6039
5582 6034
5798 5825
5559 6067
5566 6061
6014 5551
5588 6074
5596 6064
5550 6139
5676 6010
6048 5571
5425 6257
5904 5821
5641 6094
5721 6023
6010 5691
5973 5739
6176 5298
5726 6118
5743 6119
6095 5695
5961 6019
6100 5819
6116 5871
6016 6084
6112 6032
6037 6142
5738 6375
6070 6254
6188 6228
6200 6240
6197 6341
