62563091 579740000
1
sift 129
77 68
336 542
127 85
193 134
350 525
227 218
287 264
465 761
321 263
444 341
502 1048
535 473
627 544
647 1028
635 857
551 1350
740 1243
1072 689
614 1282
714 2024
986 898
1223 855
1316 2218
1040 1019
1149 1004
1426 2071
915 1320
908 1446
1430 2525
910 1430
1333 972
1505 2809
1089 1303
1104 1312
1733 3834
996 1544
1440 1037
1855 3443
1550 1072
1299 1321
1721 4343
1121 1643
1559 1174
2243 4487
1349 1305
1590 1173
2436 4417
1716 1225
1548 1405
3055 4009
1464 1622
1201 2635
3389 4544
2241 1316
1920 1577
4128 6087
1791 1808
2374 1555
4753 5668
3103 1343
2236 1883
1702 2688
2513 1756
2203 2000
2157 2073
2558 1853
2778 1803
2273 2378
2642 2185
2862 2296
2935 2206
2771 2379
3250 2036
2246 2962
2268 3001
2170 3144
2295 3111
2082 3457
3374 2222
2606 2979
2800 2818
3027 2603
3596 2294
2832 2905
2957 2774
3390 2652
2520 3625
2222 4304
2682 3680
2752 3690
3429 3005
2633 4026
3508 3015
3937 2936
3942 3044
3239 3716
3555 3454
3348 4016
3889 3572
4888 3025
3888 3821
4149 3604
4267 3781
3725 4337
5855 3130
5223 3373
4429 4222
3393 5525
5796 3394
4027 4679
4701 4103
5178 3766
4400 4392
4154 4697
4445 4482
4663 4336
4109 5004
5021 4376
6117 3773
5410 4263
4678 4851
4555 5171
4246 6116
5602 4787
5980 4727
5620 5233
5356 5617
6020 4972
6067 4993
62563091 651405152
1
sift 63
413 421
350 632
465 651
502 917
635 787
647 861
614 1000
986 684
1040 771
740 1172
766 1327
1089 913
1166 864
1333 776
908 1339
1220 994
1975 759
875 1640
1121 1264
1550 973
1548 1080
2157 1563
1593 2389
1702 2261
1514 2598
2148 1774
2170 2087
2520 1892
2559 1919
2051 2471
1855 2805
2076 2539
2422 2336
2800 2270
2223 2838
2295 2814
2338 2823
2268 2904
2633 2839
2436 3553
2680 3268
2661 3396
3348 3037
4154 2552
3888 2788
3092 3628
3725 3229
3915 3470
4445 3143
4109 3444
3389 4114
4999 3181
4292 3776
3712 4961
5045 3861
5732 3601
4106 4940
5620 3689
5410 3875
5222 4812
5330 4889
5920 4535
5968 4884
62563091 683079722
1
sift 677
115 164
29 47
12 21
250 458
118 166
27 29
192 721
54 65
46 56
368 558
139 233
45 75
281 605
110 110
77 86
420 729
168 250
69 112
446 916
198 196
94 103
576 1156
169 257
100 108
591 853
215 345
92 136
715 1399
334 483
88 140
555 985
256 501
97 132
963 1645
459 972
108 141
679 1014
351 385
113 147
838 2088
663 1481
128 158
846 1637
421 788
112 192
1066 1566
814 1401
119 175
825 1720
899 925
132 227
999 1798
835 1532
156 201
1035 1547
869 1498
194 168
1264 1673
854 1690
158 222
873 1951
866 1793
213 187
1127 2008
967 1904
183 224
1125 3523
1047 1835
157 260
1128 2193
1057 2220
161 287
1327 3900
1395 1917
180 272
1508 2217
1198 2184
184 277
1592 4040
1481 2349
189 290
1368 2528
1197 2420
177 314
1781 3517
1501 2365
187 299
1375 2900
1371 2827
203 271
1619 5433
2073 3781
273 229
1652 3113
1582 2829
178 390
1648 5827
2204 3576
201 323
1632 3353
1727 2723
202 357
2641 4061
2327 3620
227 302
1661 3355
1994 2315
197 399
2638 4753
1947 4568
216 472
1797 3187
1862 3402
263 333
2952 4433
2259 3942
247 373
1771 3444
2367 3284
292 312
2681 5080
1898 5054
245 410
2006 3062
2368 3599
321 338
2464 6330
2486 4415
300 360
2123 3156
2472 3505
278 403
3338 5243
2471 4536
297 386
1827 3909
2275 4526
322 414
3688 5151
2650 4488
319 457
1952 3817
2795 4418
310 476
3232 6208
3227 3814
311 533
2068 3832
2516 5633
308 536
2991 6619
2534 5124
348 454
2166 3923
2792 5026
333 510
3030 4572
336 532
2663 4466
2438 6050
360 505
2897 4907
312 642
2720 5049
2818 5313
399 499
2793 5234
440 452
2939 6048
3112 4661
373 571
3494 5100
370 711
2966 6279
3781 5629
478 514
3920 5557
549 434
3309 6086
3301 6500
418 640
4958 5504
385 867
3182 6295
3568 6292
436 690
5011 5723
428 725
4382 6354
4498 6063
442 744
5141 6045
441 791
444 808
535 619
450 823
386 1102
465 814
573 750
627 686
651 678
502 922
458 1093
724 641
839 550
754 614
527 944
606 811
525 988
718 710
541 950
713 728
560 921
749 731
697 796
551 1055
637 908
635 919
571 1067
614 1047
638 1043
813 803
690 997
671 1053
796 860
647 1169
646 1226
702 1103
598 1330
1027 756
1051 774
569 1597
735 1246
682 1380
793 1116
828 1048
864 1028
780 1221
832 1131
740 1381
753 1348
736 1432
766 1390
941 1085
799 1414
986 1150
816 1384
882 1331
1091 1077
803 1525
949 1294
765 1831
829 1633
1104 1230
888 1524
1214 1113
1072 1299
913 1624
934 1604
785 2053
915 1687
908 1724
1165 1297
910 1763
1284 1202
1386 1120
957 1732
1023 1631
947 1855
1019 1702
1000 1773
887 2029
845 2179
1007 1824
1034 1777
959 1932
1496 1201
1680 1072
1444 1240
1089 1710
936 2075
1167 1575
1188 1540
1060 1806
875 2343
1476 1268
1081 1825
1080 1851
1242 1504
1329 1395
1092 1869
1423 1360
1030 2062
1224 1632
1174 1829
996 2335
1356 1516
1134 1971
1159 1922
1438 1445
1333 1583
1454 1442
1408 1520
1175 1930
1103 2130
1142 2048
1097 2204
1154 2049
1392 1613
1457 1556
1026 2518
1132 2287
1349 1796
1182 2183
1121 2437
1044 2731
1238 2037
1249 2026
1650 1536
1440 1761
1630 1571
1255 2031
1201 2208
1269 2018
1297 1960
1446 1801
1163 2417
1205 2275
1247 2243
1590 1759
1337 2091
1241 2374
1548 1892
1559 1913
1281 2397
1491 2013
1312 2313
1578 1934
1420 2148
1365 2307
1309 2454
1306 2466
1308 2465
1380 2351
1442 2266
1273 2750
1466 2262
1633 2042
1340 2562
1712 1968
1467 2320
1316 2684
1464 2363
1409 2486
1716 1981
1326 2715
1520 2329
1546 2308
1351 2737
1479 2452
1374 2671
1584 2291
1628 2247
1473 2515
1343 2847
1500 2504
1425 2672
1571 2453
1484 2620
1516 2659
2109 1814
2162 1788
1888 2046
1579 2802
1357 3268
1659 2648
1702 2585
1876 2250
1791 2463
1707 2642
1975 2172
1372 3436
1720 2713
1656 2882
1729 2712
1639 2935
1515 3193
2241 1994
1588 3048
1904 2413
1638 2995
1795 2668
1723 2856
1669 2991
2644 1867
1920 2470
1907 2502
1240 4537
1867 2607
1493 3461
2148 2214
1594 3286
1531 3466
1758 3005
2330 2187
1574 3528
1879 2830
2078 2498
1618 3457
1853 2967
1894 2922
1679 3433
1757 3253
1743 3325
1855 3160
1665 3695
1378 4801
1981 2977
1990 3031
1936 3136
2088 2980
2273 2781
2373 2718
1881 3411
2428 2666
2355 2777
2542 2571
1940 3383
2322 2912
2064 3210
2422 2840
1676 4412
1829 3920
1977 3544
2558 2863
2037 3493
1801 4225
1899 3888
2203 3266
1987 3654
2229 3248
2667 2833
2170 3351
1934 3887
2452 3114
2339 3273
2061 3779
2076 3769
2778 2939
1943 4242
2160 3740
2378 3442
2009 4174
2713 3098
1998 4286
2435 3441
2842 2996
2236 3730
2425 3483
2222 3780
2066 4161
2523 3373
2513 3406
2329 3664
2541 3398
2294 3710
2243 3896
2328 3744
2209 3978
2220 4004
2297 3876
2896 3096
2365 3826
2268 4019
2244 4102
2288 4048
3005 3054
2334 4044
2643 3545
2768 3392
2832 3318
2281 4240
2584 3715
2586 3720
2569 3768
2142 4620
2520 3918
2338 4333
2566 3955
2651 3805
2217 4603
2642 3866
2130 4849
2862 3541
2029 5299
2295 4639
2935 3548
2343 4641
2702 4042
2197 5016
2112 5275
2800 3911
2802 3944
2456 4583
2313 4854
2836 3939
2183 5303
2549 4539
3431 3290
2487 4666
4743 2564
2501 4701
2957 3868
3229 3534
3695 3196
2645 4544
2791 4291
2571 4687
2751 4402
2335 5262
3250 3639
2712 4576
2901 4210
3027 4079
2748 4671
3653 3521
2369 5759
2774 4772
3374 3886
2924 4542
2389 5934
2677 5105
3554 3761
3596 3760
4113 3365
2947 4609
3394 4027
2856 4890
3563 3906
3669 3825
3348 4197
2680 5493
2822 5252
2418 6422
2675 5736
3429 4265
3079 4712
3101 4739
3194 4618
4289 3553
3279 4628
4021 3860
3115 4870
3102 4912
3968 3971
3926 4043
3053 5088
3808 4207
3239 4885
3609 4520
2920 5627
3266 5023
2849 6090
3906 4309
3350 4934
3937 4320
3507 4768
3497 4783
2946 5890
3111 5459
3337 5076
4531 3783
3410 5038
3406 5048
4149 4247
3595 4819
2845 6393
3463 5177
3915 4656
3539 5087
3422 5371
3113 6064
3417 5442
3555 5235
3466 5429
3114 6166
3116 6184
3152 6139
4962 3890
3133 6194
5696 3513
3352 5864
3283 6016
3347 5914
3264 6092
4525 4318
3390 5858
4581 4273
3725 5249
3941 5046
3636 5494
3639 5616
3683 5581
4334 4718
3560 5880
3948 5210
3537 6002
4129 5069
3618 5947
3892 5453
4621 4553
3573 6103
3788 5768
3351 6491
4345 4957
4810 4530
3830 5816
3802 5906
3509 6340
3786 6023
3898 5815
3940 5804
4062 5643
4167 5517
3407 6585
3730 6260
4445 5097
4376 5212
4901 4692
3752 6305
4159 5829
4050 6059
4154 5903
4539 5230
4081 6130
4126 6056
4547 5344
4116 6198
4700 5282
4293 5999
4096 6296
3899 6553
5178 4916
5643 4655
4109 6386
4663 5612
4390 6185
4814 5524
4678 5794
4303 6408
4887 5603
4396 6445
5855 4908
4745 6091
5038 5732
4865 6054
5815 5120
4692 6322
5399 5640
5097 6025
5846 5250
5021 6152
5857 5296
5976 5476
5665 6055
4851 6603
5602 6253
5658 6225
4888 6630
5620 6379
5102 6604
5899 6220
6190 5677
5929 6317
6221 6122
5440 6643
6117 6508
62563091 690665857
1
sift 125
127 85
113 102
227 159
287 178
321 224
549 242
439 362
535 369
599 344
462 521
813 440
759 509
1219 415
1412 395
1072 605
1040 670
952 798
1149 726
1168 768
1397 753
1089 966
1440 776
1438 789
1496 786
1223 950
1349 896
1590 845
1659 820
1559 939
1712 866
2644 675
1548 1027
2241 832
1449 1299
2308 892
2158 989
1867 1212
1791 1343
1884 1287
1717 1420
2315 1148
2513 1109
2374 1217
2064 1394
2273 1490
2568 1409
2842 1333
2170 1610
2778 1368
2245 1631
2599 1477
2148 1723
2429 1677
2339 1734
2569 1687
2338 1879
2771 1650
3259 1468
2500 1873
2220 2114
3596 1445
3250 1793
3620 1697
2896 2056
3416 1855
2957 2081
3507 1846
2520 2466
2862 2186
2295 2934
3717 1906
4004 1813
3926 1859
4525 1652
4359 1737
3348 2165
3349 2234
2832 2667
3609 2157
3239 2362
4412 2029
3942 2203
3374 2700
4901 2042
4531 2158
4477 2239
4149 2541
4928 2187
4228 2547
3915 2810
4445 2546
3725 3070
5796 2155
6118 2066
5574 2250
3555 3332
4678 2601
4268 2932
4154 3044
5223 2510
4745 2799
4692 2831
5817 2447
5926 2426
4246 3294
5410 2659
5399 2671
4888 2922
5021 2859
4109 3538
5815 2692
5096 3008
5602 2834
5857 2767
5846 2830
5976 2797
4663 3412
5437 3114
5747 3303
5319 3863
6186 3265
6020 3509
6117 3422
5999 3579
5330 4303
62563091 748678880
1
sift 64
2 9
220 349
227 544
416 417
365 668
514 864
627 977
821 774
444 1178
717 1785
1072 1712
831 825
810 1157
945 1384
1104 2264
1073 1095
1084 1149
1010 1719
1350 2681
909 1400
1219 1068
1009 3425
1628 2594
1214 1150
1181 1216
1539 1920
1920 3622
1616 1326
1305 1706
1302 2283
2896 2812
1581 1855
1294 2469
1532 2028
2241 1585
1463 2576
1766 2610
2256 1745
1587 3274
1802 3128
2402 2009
1901 3008
1851 3547
2673 2430
2154 2794
2400 2969
2919 2303
2716 2569
6209 1437
3179 3254
2354 3690
2210 3774
5113 2215
2563 3537
2676 3714
4218 2934
2734 3702
3280 3526
3800 3333
3878 3053
4484 3363
4743 3290
4474 3779
5907 3610
62563091 756063153
1
sift 226
4589 2443
27 42
88 72
119 107
180 133
202 187
204 190
187 230
201 333
315 211
238 268
278 354
271 378
341 400
388 350
420 379
400 448
458 432
365 585
384 540
364 742
441 580
545 461
525 503
571 536
541 575
551 695
444 975
584 674
702 555
596 703
614 729
690 752
647 806
640 943
701 864
794 773
638 1063
514 1519
766 944
829 907
785 1110
1008 906
988 977
1085 915
1000 1020
1032 999
1060 972
996 1045
1048 1003
845 1235
908 1240
934 1232
1163 1044
1264 1005
957 1389
1241 1147
1132 1260
1081 1318
1473 1089
910 1782
1239 1268
1201 1339
1323 1290
1240 1422
1365 1300
1165 1588
1306 1366
1247 1474
1121 1764
1283 1490
1542 1316
1315 1492
1044 2055
1516 1367
1460 1453
1316 1711
1084 2330
1639 1500
1574 1598
1550 1624
1520 1673
1513 1688
1200 2209
1357 1861
1380 1876
1314 1970
1933 1402
1374 1934
1402 1984
1656 1731
1294 2354
1757 1847
1581 2074
1934 1776
1554 2460
2336 1669
1336 2969
1801 2092
2243 1800
1539 2799
1922 2115
2066 2151
1628 2940
2293 2035
1777 2684
2329 2087
1792 2761
1638 3224
2574 1959
2365 2103
2436 2111
2501 2164
2707 2032
2130 2538
2637 2126
2473 2305
2442 2351
2791 2069
2524 2308
2029 2786
1853 3244
1990 2902
2434 2537
3101 2158
2210 2974
2265 2922
2082 3287
2165 3207
2064 3516
1851 4081
3268 2256
2041 3617
2432 3053
2477 2978
2489 3058
2272 3483
2426 3272
2797 2939
3182 2603
2651 3217
2400 3629
1996 4570
2794 3096
3237 2637
2251 3921
3099 2765
3347 2662
3053 2882
3560 2614
2476 3795
2980 3043
2675 3566
2404 4010
3205 3013
2106 5217
2946 3458
2716 3880
3473 2941
2338 4679
3116 3311
3068 3390
3833 2751
2915 3711
2918 3727
3393 3237
3152 3621
2703 4541
2669 4669
2680 4677
3539 3439
4101 2948
3283 3687
2676 4867
3855 3234
2610 5117
3500 3632
4013 3226
3730 3506
2563 5442
3279 3995
2849 4892
4749 2833
2624 5461
4114 3345
4164 3330
3422 3979
4038 3567
3775 3819
3645 3971
3089 4800
3372 4568
5161 3001
3074 5261
3937 4057
4739 3413
4619 3619
4073 4199
3984 4364
3497 5089
5670 3269
3733 5000
4311 4312
3908 4907
3915 4980
5675 3573
5128 3849
4660 4444
3981 5458
5897 3780
4396 5077
5311 4178
5851 4016
4701 5122
5410 4614
5243 4824
5954 4280
5133 5204
5434 4961
5023 5371
5975 4577
5523 5158
5314 5390
5431 5330
5879 5191
6186 4721
62563091 781759124
1
sift 170
555 5427
169 1852
20 75
633 4036
27 88
846 3618
293 2178
63 160
663 3674
112 292
1035 6398
876 6203
119 285
1062 6979
127 353
1501 7119
132 463
213 277
193 430
157 667
177 602
204 605
202 687
205 698
216 827
227 940
271 793
287 748
263 910
364 703
322 945
297 1085
315 1116
365 872
290 1351
341 1183
310 1462
373 990
311 1510
417 815
370 1155
412 1042
573 745
458 1121
514 1124
400 1863
616 1023
428 1861
439 1968
450 2054
442 2257
750 1083
724 1191
599 1638
560 1836
655 1652
627 1818
638 2050
648 2039
576 2623
690 1978
571 2907
674 2359
821 1699
635 3109
717 2456
598 3513
637 3232
810 2216
831 2161
740 2970
909 2294
949 2315
803 3111
824 2992
815 3242
864 3082
814 3565
829 3414
1049 2543
913 3203
924 3221
1084 2500
1104 2440
908 3573
1072 3096
1168 2762
1223 2538
958 3862
996 3678
1181 2845
986 3790
1000 3762
1007 4291
1032 4072
1128 3836
1044 4791
1340 3184
1473 2872
910 6752
1298 3529
1329 3510
1305 3621
1463 3257
1295 3979
1174 5021
1302 4074
1659 3147
1554 3530
1297 4585
1361 4207
1224 5176
1264 4896
1716 3314
1438 4679
1557 4216
1311 5394
1374 5097
1440 4845
1457 4882
1712 3869
1616 4287
1559 4520
1430 5110
1269 6369
1652 4351
1662 4394
1590 4717
1580 5187
1309 6972
1745 4631
1587 5511
1420 6523
1923 4174
1505 6337
1792 4840
1479 6768
1574 6748
2222 4232
1813 5584
2251 4739
2193 5301
1886 6610
1920 6546
1958 6451
2229 5575
2088 6076
2121 6349
2316 5851
2563 5283
2334 5948
2402 5875
2268 6430
2009 7497
2919 4976
2265 6816
2524 6188
2716 5903
2676 6057
2896 5685
2568 7216
3004 5942
2569 7524
2473 7602
2849 7322
3163 6468
3011 7285
3414 7045
4097 7195
4545 6660
62563091 858943217
1
sift 94
561 374
413 538
599 377
444 596
627 456
759 537
813 500
1411 481
952 1055
1168 950
1223 1016
1089 1230
1438 930
1496 947
1349 1123
1712 940
2158 904
1449 1282
1867 1421
1717 1785
1990 1500
2428 1300
2373 1322
2315 1348
1885 1770
2513 1460
2715 1434
2422 1591
2429 1610
2148 1833
2284 1839
2170 1892
2246 1866
3259 1451
2896 1642
2220 2038
2935 1658
2064 2286
2832 1847
3596 1617
2500 2178
2338 2357
2771 2091
2559 2338
2295 2652
3926 1748
2520 2596
2697 2524
3717 1915
3308 2256
2957 2558
3239 2376
4359 1909
3348 2378
4345 1995
3888 2216
3497 2413
3937 2245
5788 1775
3241 2689
4525 2076
4021 2314
3161 3185
4928 2141
4531 2289
3609 2960
4412 2448
4167 2610
4267 2719
4246 2830
4060 2987
4901 2618
3915 3414
5410 2555
4163 3399
4701 3008
4134 3623
5178 2967
4745 3239
5815 2756
5846 2743
5602 2890
5399 3009
5518 3032
4678 3638
4888 3557
6118 2881
5211 3472
5857 3274
5330 3580
5411 3564
6117 3348
6221 3074
5356 3741
62563091 1431199262
1
sift 188
2490 2015
27 28
63 42
4589 2195
119 77
180 101
197 142
187 165
201 198
315 148
250 182
278 210
271 226
388 216
400 260
384 276
458 253
450 277
420 293
441 318
525 289
596 389
584 407
444 561
682 362
637 492
690 487
627 529
638 590
785 541
829 592
1032 523
1008 611
1085 585
1048 613
1060 620
780 868
845 798
1007 708
863 816
934 783
1264 654
1163 703
797 1064
1132 763
957 973
1309 729
1165 862
1079 945
1159 881
1584 700
1104 962
1175 914
1044 1022
1473 762
1247 960
1365 891
1269 989
1516 924
1283 1063
1239 1111
1240 1178
1273 1243
1374 1136
1639 1014
1574 1094
1460 1174
1350 1279
1542 1159
1757 1047
2049 1003
1922 1058
1669 1310
1987 1118
1563 1427
2088 1085
1934 1192
2229 1108
1662 1458
1777 1439
1701 1539
2365 1201
1853 1773
2130 1570
2748 1341
2442 1444
2718 1383
1702 2120
2637 1426
2425 1510
2797 1455
2791 1462
2170 1770
2886 1467
2029 1970
3010 1433
1990 2034
2477 1686
2473 1753
2489 1738
2064 2071
2915 1571
2524 1823
3583 1424
3268 1513
2434 1938
2794 1746
2429 2044
3053 1662
3434 1563
2082 2405
2643 2051
2553 2105
3894 1520
2476 2184
2595 2153
3347 1718
3905 1553
2222 2547
2832 2091
3116 1972
3560 1802
3205 1941
3575 1818
2338 2749
3182 2001
2680 2377
4013 1722
2856 2336
3976 1822
5161 1549
3775 2005
3422 2176
3855 2031
2606 3068
3833 2081
4749 1756
2682 3014
3955 2053
4038 2023
3101 2649
3392 2429
3369 2491
3099 2814
3349 2595
3489 2523
2849 3251
3279 2822
3497 2714
3645 2629
4101 2465
3308 3102
4239 2431
4287 2407
3893 2681
3892 2725
4164 2580
3984 2773
3730 3026
3511 3226
3350 3365
3908 2954
4619 2563
4739 2517
4107 3088
4396 2926
3537 3747
4754 2780
4489 3037
4073 3343
3937 3542
4941 2834
3554 4060
5492 2997
4501 3535
4477 3642
5023 3347
4935 3467
4655 3712
4697 3831
5841 3250
4345 4419
5255 3851
5107 4054
6055 3776
5282 4535
6174 4029
6204 4083
62563091 2009681629
1
sift 123
127 80
112 171
227 222
287 297
350 653
321 269
535 450
465 816
462 623
627 580
529 728
635 1053
502 946
647 1095
1072 784
614 1589
740 1412
1124 981
766 1406
702 1706
986 1120
768 1625
915 1827
1760 750
1040 1131
947 1907
1105 1086
1149 1064
1201 1634
1223 1050
1333 1084
1174 1705
1550 1021
1457 1174
1316 2471
1220 1370
1590 1202
1505 2547
1559 1244
1440 1369
1610 2488
1349 1454
1311 1599
1574 2983
1716 1305
1548 1535
1514 3176
1464 1811
1920 1709
1855 3849
2241 1508
1791 1883
1934 3838
2752 1614
3071 1478
2434 3496
1702 2661
2273 2013
2386 3729
2157 2198
2778 1900
1886 5261
2513 2147
2203 2487
2436 4111
2935 2137
2642 2425
2633 4191
2295 2863
2682 2469
3055 3965
2170 3002
2520 2802
3389 5108
2771 2601
2246 3183
4451 5489
2606 2889
3374 2371
4314 5945
2957 2669
2082 3826
2800 2904
2268 3610
3250 2818
3596 2658
2832 3265
3429 2817
2222 4401
3103 3048
3507 2901
2559 4056
4149 2952
3889 3201
3907 3305
3555 3647
3239 4023
4888 3004
3892 3812
3348 4522
4027 4500
5929 3226
5727 3350
3725 4969
5796 3378
3915 4940
4106 4893
4663 4444
4154 5127
4779 4600
4429 5120
4678 4818
4292 5509
4246 5871
4110 6157
5223 4742
5602 4648
5327 4870
5518 4994
5620 5037
6020 5539
5980 6221
6208 5801
62563091 2080441786
1
sift 108
6012 251
20 106
388 782
88 216
116 223
441 1924
112 310
161 425
640 1736
180 405
202 427
888 4019
204 513
258 430
2153 3596
205 690
250 465
238 573
315 609
336 882
420 593
400 769
450 764
386 1148
560 869
525 1247
502 1379
545 1315
465 1904
571 1528
584 1614
596 1860
551 2344
541 2623
702 1760
614 2506
647 2379
646 2485
840 1599
794 1866
701 2588
740 2477
714 2700
785 2191
766 3024
829 2497
934 2263
845 2737
768 3420
1048 2031
1060 2259
803 3570
1030 2980
875 4096
1138 2760
1239 2524
1146 3004
1473 2110
1000 3980
1167 3253
1176 3301
1069 3960
1132 3672
1201 3431
1121 4055
1174 4205
1542 2874
1365 3202
1323 3889
1420 4101
1240 5053
1374 4320
1801 3126
1316 4666
1576 3868
1460 4288
1516 4197
1639 3998
2068 2955
2088 3005
1933 3271
1430 5589
1494 5343
1425 5682
1513 5820
1692 5232
1594 5799
1749 5178
1733 5635
1934 4871
2979 3169
1987 4970
2243 4393
1886 5641
2229 4558
2141 5644
2797 4340
2331 5768
2442 5563
2942 4909
3894 4378
2988 5941
3058 5979
3575 5597
4470 4967
4038 6001
4537 5738
5161 5468
