690665857 748678880
1
sift 54
159 544
331 788
304 356
330 447
650 862
357 469
344 492
659 1250
398 704
543 804
605 1712
599 840
600 865
1060 1732
801 895
675 1521
1655 3262
731 1435
997 1062
4094 3379
750 1595
839 1360
866 1338
906 1261
916 1315
832 1585
1149 1143
1077 1351
1007 1627
1147 1527
1012 1858
1360 1438
1281 1749
1316 1741
1300 1802
1423 1773
1697 1947
1684 2180
1855 1999
1716 2269
1937 2113
1791 2351
2650 1913
2029 2598
2137 3127
2158 3218
2560 2671
2118 3733
2853 3234
2724 3442
3669 3197
3588 3292
3642 3660
3876 3775
690665857 858943217
1
sift 454
384 461
364 659
1 9
541 741
10 18
548 880
346 899
30 32
618 774
44 46
661 867
416 1041
45 47
627 1151
36 73
835 1009
486 889
59 63
912 1017
69 72
819 1296
507 1007
54 122
945 1156
85 99
963 1208
575 1085
81 149
1051 1292
109 129
1373 2013
514 1272
86 193
1058 2766
120 141
1501 2049
614 1335
125 154
1597 2294
131 152
1605 2563
589 1479
123 177
2390 2186
148 150
3179 3148
886 1405
143 162
163 178
1138 1124
173 191
174 192
891 1715
206 181
196 198
908 1796
170 223
178 218
975 1820
164 252
199 229
948 2166
185 298
195 296
1054 1905
249 231
252 262
1018 2442
263 277
271 289
1154 2400
267 294
237 374
1492 3121
272 299
287 319
1934 3346
278 333
269 345
2256 2674
280 365
317 320
297 350
304 341
330 342
262 446
334 355
274 448
343 376
399 340
340 389
379 362
289 485
385 364
357 397
368 444
398 412
425 393
329 593
395 480
390 502
383 522
338 603
461 450
440 500
372 691
427 615
496 504
509 537
543 549
611 508
600 541
511 629
531 637
533 645
683 527
599 617
606 613
583 636
588 649
576 695
688 616
562 801
679 627
607 812
702 677
720 669
685 708
651 822
578 999
799 696
731 751
677 826
691 808
767 742
650 885
730 813
723 827
801 796
678 925
750 882
863 785
838 831
709 983
852 846
735 984
747 967
768 950
789 930
880 839
786 947
781 964
796 995
865 941
798 1055
834 1004
905 942
844 1010
917 954
847 1027
822 1078
875 1012
906 996
989 904
951 994
936 1011
849 1138
766 1286
1005 944
950 1016
902 1089
922 1076
896 1123
907 1150
775 1462
976 1109
1030 1035
1007 1068
962 1148
997 1087
857 1326
916 1248
1067 1061
966 1230
1069 1145
1012 1228
1149 1099
1137 1113
741 1964
1133 1134
1243 1067
1073 1218
1076 1216
1162 1170
1092 1240
1061 1298
1106 1266
1119 1313
979 1590
898 1824
1074 1411
1147 1347
1330 1204
1132 1417
1109 1460
1217 1323
1152 1403
1362 1205
1299 1282
1211 1388
1279 1314
1212 1421
1347 1294
1224 1433
1409 1237
1206 1492
1258 1428
1529 1171
1234 1489
1388 1320
1281 1476
1335 1514
1310 1595
1363 1546
1313 1657
1288 1770
1452 1538
1518 1468
1503 1502
1637 1372
1360 1728
1443 1616
1684 1369
1586 1493
1382 1761
1393 1745
1574 1543
1427 1763
1419 1784
1726 1447
1477 1762
1912 1395
1677 1610
1527 1771
1622 1698
1613 1742
1710 1648
1681 1695
1561 1840
1563 1861
1523 1935
1653 1845
1951 1607
1630 1866
1862 1706
1723 1833
1548 1997
1937 1666
1771 1808
1795 1793
1513 2097
1671 1968
1737 1909
2113 1624
1652 2076
1650 2091
2067 1741
1734 2003
1654 2132
1790 1961
1566 2286
1716 2105
1906 1915
1792 2117
2117 1834
1764 2210
1705 2328
1929 2068
2650 1592
1873 2178
2181 1870
2015 2036
2114 2038
1879 2357
2118 2100
2210 2022
1994 2284
2086 2212
2413 1930
1740 2814
2187 2141
2667 1847
2162 2176
2203 2154
2289 2081
2429 1992
2349 2073
2029 2448
1948 2640
2158 2289
1981 2583
1882 2753
2030 2518
2637 1951
2292 2220
2072 2507
2253 2280
2165 2378
2080 2559
2042 2618
2169 2415
2382 2223
1797 3195
2195 2426
2401 2244
2397 2255
2881 1956
2565 2175
2403 2314
2362 2376
2356 2409
2066 2881
1834 3479
2574 2257
2487 2345
2144 2847
2620 2273
2514 2361
2532 2355
2546 2389
2625 2336
2180 2906
2157 2960
2268 2805
2560 2456
2466 2596
2469 2606
2420 2667
1996 3516
2542 2560
2853 2334
2547 2651
2659 2555
2698 2532
2806 2466
2361 3017
2924 2440
2963 2420
2915 2461
2623 2747
2775 2624
2725 2681
3085 2358
2803 2623
2643 2764
2692 2756
2678 2830
2704 2840
3191 2391
3098 2468
2934 2652
2735 2855
3233 2384
2830 2743
2995 2648
2759 2910
2932 2718
3002 2650
2671 3009
2336 3532
2541 3217
2834 2890
2724 3044
2982 2754
2943 2817
2700 3100
3081 2688
2935 2865
2644 3226
2738 3118
3066 2733
2952 2883
2805 3153
3037 2898
3348 2602
2767 3274
2799 3239
2719 3357
3064 2914
3354 2639
3376 2638
3045 3043
3508 2632
3076 3010
2601 3638
2810 3414
3141 2993
3283 2930
3593 2695
3185 3079
3389 2893
3685 2682
3912 2569
3273 3027
3489 2842
2894 3546
3297 3034
2921 3556
2998 3482
3054 3404
3148 3272
3208 3227
2836 3684
3089 3423
3202 3294
3587 2921
2996 3591
3588 2979
3254 3340
3550 3187
3621 3122
3411 3353
3422 3348
3384 3393
3331 3437
3853 2978
3250 3561
3484 3343
4223 2757
3697 3198
3480 3458
3322 3601
3205 3699
2965 3765
3299 3683
3638 3464
3642 3504
3718 3426
4009 3155
3626 3539
4107 3223
3904 3436
4002 3336
3818 3587
3513 3742
4158 3354
4137 3432
3860 3668
4177 3509
4134 3575
4015 3698
4233 3626
4253 3654
4356 3564
690665857 1005924530
1
sift 137
3628 1504
44 23
69 57
95 119
111 115
120 128
125 154
140 157
174 130
187 143
173 181
207 195
199 215
278 231
330 295
287 358
344 321
340 344
398 311
357 366
435 308
396 381
531 474
606 531
543 601
683 475
599 563
651 553
588 630
679 592
642 635
678 602
720 598
838 616
852 618
750 704
767 693
702 754
723 742
951 604
801 684
731 902
839 821
881 798
1005 725
901 802
799 924
789 952
866 882
917 847
786 1025
916 930
997 887
1076 899
1093 908
1007 1013
994 1027
1149 917
1012 1022
1029 1080
1217 1002
1224 1019
1147 1078
1388 1026
1360 1068
1233 1228
1409 1103
1423 1143
1300 1315
1330 1360
1740 1160
1684 1205
1313 1582
1681 1303
2067 1117
1697 1366
1758 1382
1691 1437
1771 1548
1790 1670
1855 1655
2650 1240
2015 1540
1906 1791
2137 1636
2413 1493
2250 1591
2184 1656
2401 1617
2029 1883
2253 1827
2560 1725
2158 2113
2514 1962
2643 2038
3184 1865
2853 2046
2952 1992
2698 2171
2726 2174
2724 2181
2595 2280
2705 2282
2692 2378
2868 2238
2881 2234
3470 1966
2671 2556
3141 2194
3411 2114
3036 2403
3185 2293
2606 2756
2767 2667
3045 2459
3283 2327
3588 2156
3067 2522
3389 2372
3767 2196
3156 2588
3422 2493
3711 2367
2776 3161
3298 2792
3669 2577
3697 2563
3593 2646
4009 2429
4093 2606
3140 3357
3876 2810
4179 2759
3955 2989
3452 3531
3736 3690
4174 3670
690665857 1778338741
1
sift 60
332 394
507 384
184 112
1820 1388
384 388
162 153
419 405
534 407
194 141
548 552
185 150
536 507
590 418
286 214
541 580
289 231
618 581
3701 2152
321 271
698 629
315 277
701 715
4250 2894
288 313
819 764
660 794
835 876
1097 1005
912 878
1023 730
945 831
2061 1419
1501 1357
1225 1319
1597 1266
1649 1911
1605 1562
1544 1799
1583 1676
2555 1467
2262 1432
2441 1635
2016 1603
2361 1728
2231 2191
2214 1856
2536 2369
2518 1701
2391 2957
2635 1857
2512 3076
2379 2110
3869 3828
3181 2080
3244 2890
2509 2536
3514 2488
3466 2792
3806 2931
3721 3923
690665857 1911602604
1
sift 99
111 136
120 163
173 158
199 269
297 358
304 361
330 387
385 363
357 397
344 415
325 489
340 478
435 398
398 518
611 407
543 685
599 741
600 745
650 678
759 729
685 824
801 736
713 988
702 1021
731 984
880 833
787 990
750 1119
747 1137
799 1089
839 1033
789 1160
916 976
866 1102
951 1018
786 1388
1158 939
1007 1127
1133 1083
1076 1152
1012 1250
897 1704
1060 1337
1360 1173
1362 1176
1330 1216
1029 1651
1233 1356
1333 1267
1388 1214
1258 1582
1423 1464
1109 2331
1622 1626
1697 1628
2067 1383
1684 1730
1771 1713
1937 1617
1654 2192
2250 1657
1791 2101
1716 2447
1795 2410
2056 2124
2029 2150
2118 2068
1914 2419
2042 2437
2117 2379
2576 1986
2401 2133
2560 2064
1846 3407
2706 2378
2253 2767
1929 3528
2853 2544
2667 2679
2724 2652
2692 2810
2434 3228
2767 2986
3669 2546
3283 2754
2606 3552
3685 2586
3322 2784
3389 2773
3045 3141
3588 2800
3422 3006
3274 3309
3411 3253
3263 3456
3626 3102
3661 3085
4082 2929
3692 3489
690665857 2009681629
1
sift 193
85 80
111 119
102 158
120 134
159 222
178 297
224 269
280 328
304 347
317 392
340 419
369 450
362 486
385 455
368 561
398 515
426 473
394 521
446 576
521 623
600 662
611 682
576 810
605 784
599 847
679 843
629 981
839 794
852 792
731 895
691 950
705 1000
787 914
799 924
670 1131
726 1064
781 1007
750 1077
771 1059
916 901
730 1174
807 1094
796 1153
950 1050
859 1169
845 1202
688 1506
776 1369
959 1194
922 1250
939 1244
1007 1185
875 1469
1149 1211
1012 1353
1106 1305
1011 1425
993 1510
1027 1535
1162 1470
1152 1550
1217 1499
1211 1527
1310 1657
1109 2147
1212 2020
1343 1883
1368 1900
1206 2292
1561 1811
1358 2126
1476 2015
1490 2013
1382 2390
1654 2098
1671 2138
1445 2658
1475 2673
1758 2236
1548 2661
1662 2559
1650 2601
1518 2930
1856 2410
2335 1918
1764 2672
1462 3354
1813 2708
1994 2443
1793 2818
1687 3038
1684 3069
1630 3183
2030 2617
1845 2900
2080 2670
1929 3036
1795 3305
1948 3141
2253 2720
2143 2877
2382 2663
2137 2991
1718 4024
2255 2947
2520 2794
2157 3193
2155 3378
2541 2952
2203 3456
2169 3527
2550 3059
2111 3922
2487 3226
2212 3727
2252 3675
2531 3224
2392 3457
1969 4485
2420 3414
2733 3106
2921 3003
2667 3265
2675 3332
2602 3522
2349 3982
2596 3586
2362 4023
2165 4522
2637 3719
3387 3014
2909 3504
3076 3341
2806 3766
2659 4031
2935 3688
2897 3835
3661 3094
3008 3773
2775 4168
2828 4103
3297 3486
2546 4560
2510 4742
2402 5040
3034 4056
2853 4337
2917 4259
2886 4361
3081 4118
2601 4818
3263 3973
3192 4126
2834 4648
2678 4954
2725 4996
2810 4940
3422 4243
3299 4412
3200 4671
3412 4444
3070 4969
3044 5127
3254 4750
4238 3927
3495 4664
3588 4588
3172 5194
3382 4921
3471 4812
3809 4529
3389 5002
4023 4371
3238 5432
3293 5549
3202 5900
3612 5187
3294 5871
3469 5565
3509 5539
3967 5188
3896 5344
3769 5635
3983 5307
3791 5663
3737 5731
3539 6157
4137 5579
3480 6379
4235 5779
3947 6277
4174 6154
4329 6383
