756063153 768479201
1
sift 123
1455 3127
21 28
17 52
2143 3560
36 108
61 88
120 147
113 362
107 396
116 378
151 525
195 485
203 505
196 576
266 612
236 760
269 693
296 894
280 990
309 930
323 1320
378 1110
432 1029
379 1236
582 902
490 1176
775 938
535 1395
548 1504
510 1777
653 1419
566 1800
603 1911
651 1798
752 1537
759 2044
1013 1443
1018 1486
963 1658
807 2041
894 1916
905 1903
777 2396
887 2069
1034 1853
999 2002
1243 1616
928 2341
917 2404
971 2289
1109 2021
1000 2476
1045 2283
892 3054
932 2903
1063 2382
1042 2489
1055 2593
843 4223
1318 2013
1123 2705
1027 3197
1167 2675
1078 3135
1143 2884
1312 2239
1050 3366
1260 2583
1199 3025
1225 3103
1423 2492
1421 2594
1333 2890
1301 3089
1269 3337
1323 3302
1373 3242
1470 3076
1392 3344
1494 3176
1669 2977
1758 2758
1500 3550
1554 3697
1524 3884
1481 4092
1639 3614
1537 4345
1797 3441
1612 4228
1673 4041
1781 3640
1489 5155
1818 3822
1800 4152
2052 3655
1722 4895
2438 3168
1741 4905
1838 4574
2032 4421
2339 3785
2102 4376
2212 4383
2284 4288
2356 4196
2387 4178
1901 5830
2718 3869
2040 5613
2515 4315
2055 5633
2479 4602
2632 4262
2463 4757
2749 4833
4005 3413
2351 6276
2663 5444
2534 6284
3311 4764
4389 5513
4111 6316
756063153 781759124
1
sift 51
287 3191
13 33
42 88
59 160
116 790
161 463
151 909
190 605
173 797
187 687
211 1116
268 1074
314 990
378 793
266 2274
400 1183
432 1121
372 1845
420 1495
433 2888
575 2122
749 2214
649 3232
674 3057
691 3185
1013 1863
765 2970
1055 2329
1050 2659
908 3415
847 4040
1089 2872
990 3775
1020 3762
1045 3678
1240 3573
928 6222
1554 3053
1403 3538
1290 4310
1544 3933
1402 5109
1388 5317
1390 6076
1481 5581
1669 6399
2718 3442
2055 4791
2158 5431
2066 7497
2305 7602
756063153 1162772251
1
sift 87
1581 711
25 20
4897 2157
203 182
2318 842
274 225
379 220
2609 852
227 396
582 370
650 361
637 468
901 377
504 737
905 489
931 544
516 1072
843 755
917 761
1005 750
1184 697
1027 789
1114 753
1243 707
1265 729
1418 772
1394 800
1408 816
1487 969
1590 920
1456 1159
1796 976
1208 1695
2033 1136
1723 1343
1722 1466
1969 1652
2202 1487
1976 1725
1507 2649
2483 1414
2699 1306
2200 1632
2145 1687
2333 1593
2040 1953
2235 1816
2749 1500
2387 1782
2137 1998
3048 1534
2632 1880
3015 1702
2772 1902
2573 2065
2603 2161
2588 2199
3278 1779
2687 2237
2865 2081
3050 2005
2839 2278
3452 1945
2750 2468
3081 2281
2945 2509
2379 3549
2987 2682
3211 2650
3675 2356
3640 2415
3866 2800
3496 3241
3821 3299
4234 3113
4399 3033
4055 3317
5145 2720
4520 3017
4138 3318
3978 3552
5398 2686
4344 3329
4857 3199
5084 3348
5201 3617
5083 3833
756063153 1431199262
1
sift 880
176 146
162 138
2 1
40 27
170 95
11 7
417 348
287 173
13 8
297 255
409 262
17 11
552 319
755 374
31 15
624 331
801 301
33 17
946 428
1036 494
44 30
614 464
1127 566
47 26
1337 423
1455 970
55 34
1351 826
1112 771
60 40
862 2166
1879 1303
59 42
1985 1115
1509 669
57 56
1461 1595
2610 1069
61 53
2258 1139
1325 714
66 54
4149 1092
2435 1322
74 60
2143 1763
1320 725
77 59
2997 1701
2079 1934
86 57
3792 1561
1427 692
113 73
2776 1895
3906 1697
107 77
3130 1896
2823 1528
122 81
3507 1875
4006 1977
114 90
3189 2748
4428 1185
143 85
3869 2703
4632 2499
123 92
3583 2777
3633 1616
146 88
5009 2636
133 101
5241 3255
4928 2585
136 109
5382 3055
140 111
4291 4410
155 107
161 112
165 113
173 108
151 124
198 119
279 97
185 132
207 127
203 137
209 136
204 140
225 122
195 152
233 133
211 148
222 144
247 135
248 134
218 155
238 147
244 151
177 197
196 186
230 165
253 164
235 176
258 181
288 177
271 189
320 183
226 244
309 191
283 205
314 203
333 198
402 187
305 222
330 218
280 243
354 210
334 219
350 216
338 224
323 236
328 240
352 223
360 227
345 247
341 250
378 226
403 229
372 248
377 263
432 253
368 279
374 280
433 259
376 286
448 260
391 285
379 293
528 239
443 277
445 292
490 288
540 276
556 273
440 310
439 343
483 321
424 380
489 354
418 438
466 388
506 359
580 318
609 311
516 381
681 315
615 342
582 355
626 346
684 328
535 418
666 347
744 314
667 358
558 414
619 398
734 337
688 357
625 410
637 404
847 312
651 408
571 436
645 416
796 333
668 409
703 389
674 407
715 396
730 387
564 474
710 406
653 449
766 399
878 350
880 368
856 383
612 507
749 460
956 386
828 446
853 440
821 450
752 487
1016 417
526 707
797 484
819 489
970 451
981 452
1006 454
822 526
867 511
914 498
868 517
824 567
848 553
905 524
931 508
885 545
850 596
899 571
933 546
841 612
971 543
999 523
1052 499
998 538
975 561
896 600
915 585
907 592
978 562
943 577
906 611
1022 544
1008 573
830 655
1120 525
1146 516
1109 542
972 620
1149 532
950 625
1018 607
1003 613
1025 604
1063 590
1102 609
1135 606
1013 635
872 704
1049 629
1005 654
1028 647
1077 638
997 679
1175 619
1083 661
1144 632
1023 680
1062 671
1301 580
1080 670
1082 676
1074 686
1044 703
1164 675
1225 649
1496 584
1151 700
1415 617
1189 688
1131 721
1199 698
1204 697
1161 720
1089 762
935 913
1043 828
1134 787
1211 748
1132 815
1081 844
1185 781
1084 864
1155 833
1232 783
1260 763
1235 798
1184 841
1353 730
1376 727
1160 894
1296 785
1276 800
1248 825
1299 795
1475 723
1258 832
1356 810
1444 775
1546 741
1538 744
1434 804
1307 878
1332 854
1300 891
1558 753
1317 885
1347 857
1485 803
1460 822
1498 818
1374 880
1488 827
1366 899
1333 926
2911 575
1540 819
1644 777
1439 881
1394 909
1607 808
1367 924
1418 912
1456 889
1669 791
1483 893
1408 940
1380 957
1812 767
1588 862
1589 863
1389 973
1430 961
1636 859
1692 836
1487 954
1823 797
1402 990
1530 938
1474 960
1658 868
1675 855
1524 951
1268 1111
1388 1020
1443 1013
1670 914
1252 1196
1512 986
1724 906
1238 1259
1965 817
1499 1015
1642 956
1643 958
1390 1085
1604 974
1468 1036
1639 964
1602 982
1373 1125
1899 879
1490 1063
1470 1074
1975 849
1494 1070
1876 902
1559 1037
1980 867
1583 1028
1838 931
1330 1263
1673 1003
1422 1178
1702 993
1603 1039
1409 1202
1521 1106
1502 1132
1453 1174
1441 1195
1561 1109
1598 1094
1576 1131
1678 1052
2193 887
1403 1307
1634 1105
1981 959
2104 949
1473 1310
2176 943
1469 1320
1968 1002
2015 989
1847 1047
3174 758
1635 1231
1758 1118
1819 1091
1781 1120
1737 1153
2198 977
1935 1055
1952 1044
2055 1022
1776 1192
1637 1318
1705 1264
1747 1225
1611 1343
1786 1205
1943 1114
2107 1040
2022 1082
1934 1136
1906 1157
1779 1243
2115 1058
2077 1076
1927 1190
1903 1209
2343 1025
1718 1340
1989 1158
1844 1260
2031 1141
1880 1251
2083 1207
2103 1201
2059 1257
2095 1246
2148 1218
2254 1172
2133 1255
2392 1147
1917 1377
1619 1636
2030 1329
2244 1247
2016 1347
2180 1281
2389 1220
2002 1387
2052 1358
2283 1273
2013 1392
2414 1244
1909 1465
2239 1316
2166 1341
2403 1258
2386 1290
1978 1467
2323 1337
2651 1187
2461 1283
2124 1427
2494 1293
2126 1426
2300 1368
2069 1462
2001 1508
2496 1305
2082 1459
2327 1380
1842 1663
2344 1384
2221 1424
2412 1355
2455 1344
2454 1351
1948 1614
2668 1268
2479 1359
2136 1523
2481 1388
2351 1444
2604 1342
1969 1670
2226 1510
2102 1586
2256 1513
2342 1476
2864 1276
2484 1418
2845 1297
1993 1714
2745 1332
3186 1222
2128 1620
2442 1463
2356 1537
2331 1551
2436 1501
2565 1447
2810 1371
1901 1955
2684 1439
2338 1631
2600 1490
2608 1489
2846 1410
2377 1653
2615 1519
2286 1726
2558 1557
2538 1570
3001 1396
2908 1417
2305 1753
2203 1809
2525 1604
2601 1565
2689 1516
2648 1539
2346 1771
2801 1502
2633 1590
5364 1029
2199 1881
3168 1414
2308 1823
3184 1423
2947 1473
2920 1495
3294 1419
2873 1530
2532 1734
2699 1626
2712 1637
2724 1632
2662 1718
2766 1673
2889 1617
2614 1802
2333 2054
2749 1721
2732 1733
2884 1643
2882 1662
2444 1967
3016 1624
2437 2026
3070 1623
2537 1938
2498 1995
2978 1686
2833 1756
2935 1712
2482 2056
2640 1922
2812 1819
2760 1859
2603 2001
3293 1644
3058 1738
3315 1642
3327 1641
2685 1933
3235 1690
3096 1746
2664 1983
2605 2068
2431 2214
3226 1722
3263 1707
2443 2195
2692 1985
3131 1766
2740 1962
2976 1826
3711 1571
2700 2016
2952 1869
2786 1970
3244 1773
2933 1898
3124 1849
2972 1924
2751 2081
3132 1880
3069 1923
3028 1930
2694 2146
3013 1941
3002 1959
2902 2034
3472 1788
3876 1635
3040 1981
3008 2018
3700 1730
3558 1792
3599 1778
3204 1958
3940 1687
3066 2064
2986 2103
3419 1905
2800 2217
3311 1972
3234 2031
3626 1852
3566 1873
3050 2133
3606 1885
3129 2113
3127 2153
3490 1986
3175 2142
3384 2065
3153 2168
3474 2027
3641 1937
3156 2177
3430 2079
3567 2023
2676 2583
3537 2051
3516 2071
3018 2342
3456 2145
4573 1737
4759 1696
2723 2690
3377 2222
2948 2465
3903 1978
3152 2341
3157 2347
3146 2389
3498 2194
4418 1840
4808 1761
3782 2093
3719 2118
3260 2333
2765 2814
4015 2009
2817 2752
4094 1992
3380 2344
3202 2468
3287 2405
3552 2261
2990 2657
3551 2278
2844 2874
3718 2225
3795 2184
3411 2412
3369 2460
3671 2274
3570 2320
3361 2502
4020 2135
4438 2006
3773 2252
4848 1902
3612 2350
3979 2176
3413 2517
3330 2580
3638 2348
4084 2155
3575 2434
3878 2258
3604 2417
4276 2117
3761 2339
3808 2327
4137 2181
3278 2774
4007 2268
3589 2560
3236 2915
4040 2281
3944 2330
3619 2563
3883 2378
3582 2674
3667 2625
3862 2466
4452 2227
3395 2976
4359 2276
3281 3071
4063 2408
3993 2456
4280 2307
3462 2961
4859 2162
4404 2284
3845 2590
3689 2743
4860 2175
4346 2353
4004 2543
3746 2754
4115 2470
4551 2294
4285 2416
3615 2953
3898 2665
3572 3006
4361 2397
4117 2523
4315 2424
4545 2326
3632 2969
4068 2578
3603 3036
4343 2455
4501 2384
4072 2606
4027 2644
4555 2357
3936 2721
3988 2678
3968 2697
4456 2429
3994 2685
3760 2955
3872 2825
4155 2610
3899 2841
4152 2633
4567 2427
4677 2377
4005 2767
4391 2532
4858 2331
4140 2664
4477 2508
3995 2822
3681 3129
5298 2249
3871 2988
4706 2476
4967 2392
4863 2433
4828 2448
5410 2242
3075 3849
4193 2781
4745 2501
4656 2551
4949 2458
4320 2765
4722 2548
5158 2386
4913 2491
4727 2559
4405 2747
4364 2773
5173 2402
4453 2736
4144 2949
4986 2490
4148 2948
4079 3025
4125 2978
4038 3049
4739 2600
4387 2817
4710 2639
4459 2796
4235 2957
4430 2834
4690 2671
4180 3011
4575 2759
4275 2960
4689 2715
3864 3294
4420 2936
5389 2414
5307 2495
4704 2780
3601 3637
3827 3396
4317 3082
4804 2795
3929 3350
4197 3182
4786 2831
3983 3336
4021 3313
5317 2579
3892 3410
5089 2714
4347 3153
4133 3265
4904 2851
5358 2603
4954 2854
4427 3177
4752 3001
4701 3034
4829 2967
3992 3462
4907 2954
3998 3487
5475 2568
4509 3188
4199 3343
5110 2864
4489 3224
5077 2926
5263 2823
5444 2683
4793 3098
5066 2981
4057 3542
5335 2812
3841 3789
5118 3004
5228 2959
5477 2700
4970 3093
4463 3377
4491 3382
4161 3594
4892 3251
5147 3136
4421 3588
5327 3102
4514 3535
4412 3631
4552 3528
4729 3414
4696 3461
4400 3707
5074 3299
5380 3148
5423 3119
5426 3123
4856 3432
5428 3130
5343 3202
4825 3479
5232 3308
5337 3275
5484 3144
4141 4138
5174 3419
4482 3905
5517 3097
5371 3347
4587 3853
4539 3909
4645 3829
4874 3732
4843 3777
4984 3721
4694 3977
5128 3725
4923 3871
4969 3855
5206 3710
4906 3928
4835 3972
5143 3781
5464 3475
4930 3963
4166 4535
5370 3665
5114 3888
5163 3935
4201 4592
5411 3764
5455 3696
5381 3903
5344 3991
5182 4165
5487 3873
5414 4015
5534 3700
5188 4412
5538 3745
5098 4543
5329 4439
756063153 1707515443
1
sift 55
64 134
59 181
116 244
151 527
236 420
187 817
190 1132
211 1338
268 1015
356 718
410 801
314 1475
407 986
350 1603
443 1332
400 1945
471 1372
603 1120
502 2818
829 1428
653 2143
807 2381
1078 1896
892 2545
772 3777
1027 2428
850 3433
1089 2434
990 2939
971 3095
887 3457
1167 2329
972 3239
1091 2929
898 3935
1000 3355
1143 3071
1082 3833
1110 3626
1204 3927
1469 3089
1554 3116
1159 5584
1438 4311
1390 4691
1402 4772
1300 5796
2483 3574
2644 3964
2203 5003
2145 5764
3452 4779
2907 6237
5006 5795
4544 6653
756063153 1735922398
1
sift 104
177 169
151 229
253 211
244 226
235 246
394 288
379 316
372 325
391 454
384 507
407 967
653 628
582 742
587 848
775 644
629 1101
716 963
1061 690
1075 886
850 1087
805 1305
990 1095
829 1530
892 1514
807 1672
917 1523
928 1564
1164 1278
927 1979
898 2230
1176 1599
1408 1363
1091 1977
1257 1659
1307 1699
1330 1762
1216 2166
1438 1792
1443 1821
1238 2277
1838 1822
1265 3074
1429 2596
1738 2225
1583 2999
1616 3142
2194 2409
2128 3099
2200 2986
1684 4736
1722 4602
2515 2947
2342 3551
1989 4174
2842 2874
1976 4531
2498 3627
2482 3719
2350 4034
1945 5368
3427 2959
2320 4505
3082 3437
2527 4337
2603 4483
3214 3960
2145 6496
2138 6525
3129 4532
2645 5657
2778 5638
3255 4903
2955 5457
2990 5477
3184 5355
3223 5590
4075 4679
3128 6364
3452 6050
4666 4524
3161 7218
3037 7939
3783 6181
3594 6689
4205 5750
4193 5796
3424 7341
4616 5518
3796 6653
4070 6225
4201 6077
4837 5514
4022 6699
4252 6333
3929 7042
4722 6269
4327 6900
4089 7331
5464 5635
4989 6282
4204 7572
4146 7971
4027 8516
4275 8400
756063153 1960691938
1
sift 67
133 430
203 422
190 584
230 1205
379 610
407 818
357 977
432 1142
615 829
535 1210
660 1482
829 1233
834 1447
737 1963
731 2092
841 1673
932 1564
928 1675
752 2271
1078 1540
1027 1783
1089 1698
1301 1490
1062 2020
963 2705
1020 2460
907 2913
1502 1529
1143 2262
1216 2098
1159 2531
1034 3109
1316 2188
1355 2344
1312 2514
1260 3383
1694 2767
1423 3632
1499 3515
1722 3189
1675 3508
1537 4602
1758 4065
1870 3894
2632 2694
2438 3562
2136 4284
2066 4547
2030 4663
2356 4026
2148 5550
2730 4071
2515 4746
2581 4692
2752 4411
2948 4814
2945 4903
3252 4519
2926 5879
3762 4573
3788 5616
5113 4770
5145 4843
5064 5372
5537 4474
5200 6023
5168 6058
756063153 1988776702
1
sift 69
59 137
113 405
151 400
260 403
190 877
244 573
211 928
268 905
356 638
410 583
349 945
314 1324
377 1230
443 1131
400 1462
471 1391
433 1889
629 1151
502 2270
653 1795
555 2837
807 1588
667 2833
759 2309
731 2735
660 3447
772 2901
850 2617
990 2351
1089 2060
1010 2287
887 2882
892 2874
971 2650
765 4261
972 2980
1091 2675
1143 2590
898 3935
928 3768
1216 2696
944 4432
1110 3268
1042 3808
1469 2587
1020 5480
1176 4314
1561 2709
1354 3253
1390 3214
1233 4388
1492 3215
1402 4430
1260 5928
1660 3811
1594 4315
1678 5814
1758 5728
2022 5934
2092 5666
2320 5485
2052 6519
2373 6088
3001 6439
3675 5704
4544 5316
5357 5194
4837 6477
5537 6490
756063153 2080441786
1
sift 146
44 88
350 782
64 120
59 136
580 1924
85 223
113 212
943 1736
151 299
133 405
2022 3681
187 427
236 333
2134 5566
190 513
244 422
211 609
268 573
333 646
314 763
379 593
356 719
407 604
357 1010
443 764
471 699
433 1175
603 844
461 1315
468 1904
653 1182
535 1527
555 1760
777 1214
731 1381
674 1614
829 1296
850 1295
703 1860
807 1439
660 2417
915 1444
1078 1238
695 2344
772 1867
990 1659
765 2477
971 1788
806 2379
864 2588
1003 2031
972 2259
907 2497
928 2562
1164 1842
1082 2018
1089 2110
1204 1870
1050 2328
1167 2010
925 2891
1110 2191
944 3024
1216 2256
888 3677
1232 2263
1143 2662
951 3570
1176 2804
1268 2524
1235 2737
1199 3004
1354 2430
1020 3980
1247 3301
1300 3202
1307 3247
1390 3005
1240 3726
1260 3672
1339 3431
1402 3271
1659 2731
1290 3889
1469 3169
1869 2683
1367 4197
1552 3772
1499 3997
1722 3330
1453 4288
1684 3630
1594 4083
1576 4250
1549 4429
1544 4779
2092 3126
1597 5169
1710 4667
1800 4393
1675 4932
2145 3674
1934 4320
1791 4804
1776 4871
1758 4970
1720 5328
1847 4875
2480 3529
1708 5721
1688 5820
2174 4150
3452 2698
2632 3342
2438 3742
2483 3687
2055 4498
1925 4956
2256 4241
2235 4502
2372 4378
2087 5117
2120 5178
2260 4919
2342 4737
2213 5106
2496 4650
2476 4851
2752 4299
2351 5563
3010 4131
2939 4340
3675 3611
2945 4365
3001 5468
3380 5294
3253 5628
3565 5203
3184 5891
3552 5523
4194 5078
4204 5252
3567 6001
4254 5594
4411 5931
5530 4868
