Time/BA(s)	RefinedPose	ConstPose	IgnoredPose	RefinedPts	ConstPts	IgnoredPts	RefinedK	ConstK	IgnoredK	ResidualBlocks	SuccessIter	BadIter	InitRMSE	FinalRMSE	dAR=-1	dAR=0	dAR=1	dAR=2	dAR=3	dAR=4	dAR=5	dAR=6	dAR=7	dAR=8	dAR=9	dAR=10+	New Views	
0.787522	3	0	0	2817	0	0	1	0	0	14518	51	0	1.13014	0.329011	0	0	0	0	0	0	0	0	0	0	0	0	72750703	
1.3124	4	0	0	4192	0	0	1	0	0	24430	51	0	1.49327	1.17422	0	0	0	0	0	0	0	0	0	0	0	0	2011792801	
1.20362	4	0	0	3929	0	0	1	0	0	21880	51	0	0.887262	0.758081	0	0	0	0	0	0	0	0	0	0	0	0	2011792801	
1.17179	4	0	0	3918	0	0	1	0	0	21756	48	3	0.743805	0.735065	0	0	0	0	0	0	0	0	0	0	0	0	2011792801	
1.97497	5	0	0	6117	0	0	1	0	0	36846	51	0	1.94732	1.41579	0	0	0	0	0	0	0	0	0	0	0	0	1446198686	
1.62283	5	0	0	5486	0	0	1	0	0	30728	50	1	0.971097	0.854721	0	0	0	0	0	0	0	0	0	0	0	0	1446198686	
1.7436	5	0	0	5456	0	0	1	0	0	30262	49	2	0.821772	0.800989	0	0	0	0	0	0	0	0	0	0	0	0	1446198686	
1.68194	5	0	0	5449	0	0	1	0	0	30130	48	3	0.79185	0.782948	0	0	0	0	0	0	0	0	0	0	0	0	1446198686	
2.32991	6	0	0	6956	0	0	1	0	0	45088	51	0	1.64543	1.38746	0	0	0	0	0	0	0	0	0	0	0	0	1183258497	
1.98286	6	0	0	6426	0	0	1	0	0	37996	50	1	0.912012	0.798154	0	0	0	0	0	0	0	0	0	0	0	0	1183258497	
1.96327	6	0	0	6421	0	0	1	0	0	37684	49	2	0.776931	0.762944	0	0	0	0	0	0	0	0	0	0	0	0	1183258497	
2.29861	7	0	0	7133	0	0	1	0	0	43274	51	0	1.40839	1.19221	0	0	0	0	0	0	0	0	0	0	0	0	2119627969	
2.08094	7	0	0	6688	0	0	1	0	0	38988	51	0	0.828568	0.751477	0	0	0	0	0	0	0	0	0	0	0	0	2119627969	
0.0813438	7	0	0	6670	0	0	1	0	0	38814	1	0	0.739342	0.739342	0	0	0	0	0	0	0	0	0	0	0	0	2119627969	
2.59025	8	0	0	7415	0	0	1	0	0	44340	51	0	1.27246	1.09629	0	0	0	0	0	0	0	0	0	0	0	0	2118799435	
2.38422	8	0	0	7102	0	0	1	0	0	41044	51	0	0.831098	0.768226	0	0	0	0	0	0	0	0	0	0	0	0	2118799435	
2.22637	8	0	0	7088	0	0	1	0	0	40856	49	2	0.757093	0.751512	0	0	0	0	0	0	0	0	0	0	0	0	2118799435	
2.50195	9	0	0	7659	0	0	1	0	0	43254	50	1	1.0743	0.842084	0	0	0	0	0	0	0	0	0	0	0	0	362442651	
2.34825	9	0	0	7527	0	0	1	0	0	42532	51	0	0.755272	0.739827	0	0	0	0	0	0	0	0	0	0	0	0	362442651	
2.6448	10	0	0	8290	0	0	1	0	0	45958	51	0	0.983489	0.831836	0	0	0	0	0	0	0	0	0	0	0	0	1988776702	
2.6449	10	0	0	8098	0	0	1	0	0	45074	48	3	0.754022	0.742437	0	0	0	0	0	0	0	0	0	0	0	0	1988776702	
2.77878	11	0	0	8610	0	0	1	0	0	48398	50	1	1.09575	0.874559	0	0	0	0	0	0	0	0	0	0	0	0	1078340171	
2.65633	11	0	0	8386	0	0	1	0	0	47136	51	0	0.77366	0.75514	0	0	0	0	0	0	0	0	0	0	0	0	1078340171	
2.6349	11	0	0	8355	0	0	1	0	0	46948	50	1	0.744944	0.740303	0	0	0	0	0	0	0	0	0	0	0	0	1078340171	
1.59408	12	0	0	10131	0	0	1	0	0	56940	24	0	1.13681	0.85813	0	0	0	0	0	0	0	0	0	0	0	0	1707515443	
3.57109	12	0	0	9976	0	0	1	0	0	55494	51	0	0.775946	0.7523	0	0	0	0	0	0	0	0	0	0	0	0	1707515443	
2.97264	12	0	0	9962	0	0	1	0	0	55344	45	1	0.746077	0.743146	0	0	0	0	0	0	0	0	0	0	0	0	1707515443	
0.647818	13	0	0	12235	0	0	1	0	0	69246	5	1	1.2842	1.00849	0	0	0	0	0	0	0	0	0	0	0	0	1256872597	
4.61526	13	0	0	11645	0	0	1	0	0	65020	44	2	0.825922	0.790556	0	0	0	0	0	0	0	0	0	0	0	0	1256872597	
0.189686	13	0	0	11601	0	0	1	0	0	64748	1	0	0.781246	0.781246	0	0	0	0	0	0	0	0	0	0	0	0	1256872597	
5.82767	14	0	0	11922	0	0	1	0	0	74110	50	1	1.15755	0.968279	0	0	0	0	0	0	0	0	0	0	0	0	1584042216	
4.55424	14	0	0	11536	0	0	1	0	0	69976	51	0	0.815876	0.770655	0	0	0	0	0	0	0	0	0	0	0	0	1584042216	
4.96949	14	0	0	11492	0	0	1	0	0	69560	49	2	0.759609	0.755636	0	0	0	0	0	0	0	0	0	0	0	0	1584042216	
5.44974	15	0	0	12040	0	0	1	0	0	79010	51	0	1.14623	0.946796	0	0	0	0	0	0	0	0	0	0	0	0	1780862618	
5.27966	15	0	0	11682	0	0	1	0	0	74610	51	0	0.806576	0.773746	0	0	0	0	0	0	0	0	0	0	0	0	1780862618	
0.199124	15	0	0	11623	0	0	1	0	0	74028	1	0	0.761604	0.761604	0	0	0	0	0	0	0	0	0	0	0	0	1780862618	
5.3222	16	0	0	11739	0	0	1	0	0	79436	51	0	1.14585	0.995661	0	0	0	0	0	0	0	0	0	0	0	0	2102469315	
5.12334	16	0	0	11427	0	0	1	0	0	74600	46	0	0.82127	0.775007	0	0	0	0	0	0	0	0	0	0	0	0	2102469315	
4.91973	16	0	0	11387	0	0	1	0	0	74048	50	1	0.761146	0.756473	0	0	0	0	0	0	0	0	0	0	0	0	2102469315	
5.68386	17	0	0	12490	0	0	1	0	0	82172	50	1	0.988993	0.904635	0	0	0	0	0	0	0	0	0	0	0	0	306120494	
5.11991	17	0	0	12345	0	0	1	0	0	79414	46	0	0.77802	0.754199	0	0	0	0	0	0	0	0	0	0	0	0	306120494	
4.71442	17	0	0	12328	0	0	1	0	0	79184	43	2	0.748167	0.746288	0	0	0	0	0	0	0	0	0	0	0	0	306120494	
6.22456	18	0	0	12778	0	0	1	0	0	82692	51	0	0.924661	0.845966	0	0	0	0	0	0	0	0	0	0	0	0	159883320	
5.84054	18	0	0	12584	0	0	1	0	0	80782	51	0	0.769019	0.754333	0	0	0	0	0	0	0	0	0	0	0	0	159883320	
5.30845	18	0	0	12573	0	0	1	0	0	80628	49	2	0.749778	0.747841	0	0	0	0	0	0	0	0	0	0	0	0	159883320	
5.51113	19	0	0	12802	0	0	1	0	0	82660	51	0	0.908137	0.843467	0	0	0	0	0	0	0	0	0	0	0	0	1475597139	
5.65695	19	0	0	12655	0	0	1	0	0	81156	51	0	0.761708	0.748003	0	0	0	0	0	0	0	0	0	0	0	0	1475597139	
5.61977	19	0	0	12631	0	0	1	0	0	80928	48	3	0.742858	0.740988	0	0	0	0	0	0	0	0	0	0	0	0	1475597139	
5.42626	20	0	0	12753	0	0	1	0	0	82396	50	1	0.917979	0.811724	0	0	0	0	0	0	0	0	0	0	0	0	1503000354	
5.42144	20	0	0	12630	0	0	1	0	0	81122	50	1	0.750204	0.738877	0	0	0	0	0	0	0	0	0	0	0	0	1503000354	
5.79581	21	0	0	13671	0	0	1	0	0	88126	51	0	0.889786	0.831406	0	0	0	0	0	0	0	0	0	0	0	0	1761909473	
5.49812	21	0	0	13580	0	0	1	0	0	86396	44	1	0.752093	0.735627	0	0	0	0	0	0	0	0	0	0	0	0	1761909473	
6.11824	22	0	0	14451	0	0	1	0	0	91536	51	0	0.811594	0.778549	0	0	0	0	0	0	0	0	0	0	0	0	1039067838	
5.00093	22	0	0	14399	0	0	1	0	0	90716	40	2	0.74154	0.73385	0	0	0	0	0	0	0	0	0	0	0	0	1039067838	
6.77153	23	0	0	15507	0	0	1	0	0	96314	51	0	0.7797	0.748653	0	0	0	0	0	0	0	0	0	0	0	0	1196896543	
0.283262	23	0	0	15477	0	0	1	0	0	95938	1	0	0.73376	0.73376	0	0	0	0	0	0	0	0	0	0	0	0	1196896543	
6.24204	24	0	0	16534	0	0	1	0	0	101762	46	0	0.784713	0.747275	0	0	0	0	0	0	0	0	0	0	0	0	1738048405	
5.53553	24	0	0	16497	0	0	1	0	0	101380	33	3	0.734704	0.732348	0	0	0	0	0	0	0	0	0	0	0	0	1738048405	
6.87911	25	0	0	17472	0	0	1	0	0	106938	47	0	0.776438	0.74863	0	0	0	0	0	0	0	0	0	0	0	0	971269144	
0.300838	25	0	0	17424	0	0	1	0	0	106486	1	0	0.736023	0.736023	0	0	0	0	0	0	0	0	0	0	0	0	971269144	
7.75919	26	0	0	18396	0	0	1	0	0	111820	51	0	0.851252	0.80076	0	0	0	0	0	0	0	0	0	0	0	0	536394572	
6.94514	26	0	0	18222	0	0	1	0	0	110416	45	2	0.755034	0.74692	0	0	0	0	0	0	0	0	0	0	0	0	536394572	
8.30809	27	0	0	19616	0	0	1	0	0	117452	51	0	0.949227	0.795567	0	0	0	0	0	0	0	0	0	0	0	0	1139800839	
7.47001	27	0	0	19431	0	0	1	0	0	115974	44	2	0.750505	0.74228	0	0	0	0	0	0	0	0	0	0	0	0	1139800839	
8.28092	28	0	0	20816	0	0	1	0	0	123580	51	0	0.868856	0.79144	0	0	0	0	0	0	0	0	0	0	0	0	1339724796	
8.17571	28	0	0	20640	0	0	1	0	0	122066	48	2	0.748546	0.737374	0	0	0	0	0	0	0	0	0	0	0	0	1339724796	
0.365064	28	0	0	20633	0	0	1	0	0	121934	1	0	0.734308	0.734308	0	0	0	0	0	0	0	0	0	0	0	0	1339724796	
8.90854	29	0	0	21912	0	0	1	0	0	129556	51	0	0.816188	0.770749	0	0	0	0	0	0	0	0	0	0	0	0	1646429863	
8.60608	29	0	0	21827	0	0	1	0	0	128466	47	2	0.736914	0.727112	0	0	0	0	0	0	0	0	0	0	0	0	1646429863	
9.52254	30	0	0	23110	0	0	1	0	0	135880	51	0	0.773006	0.740392	0	0	0	0	0	0	0	0	0	0	0	0	1923562747	
0.413941	30	0	0	23077	0	0	1	0	0	135304	1	0	0.72184	0.72184	0	0	0	0	0	0	0	0	0	0	0	0	1923562747	
11.3858	36	0	0	27113	0	0	1	0	0	163258	51	0	1.1029	0.907281	0	0	0	0	0	0	0	0	0	0	0	0	281418	332492770	491624696	1159754689	1162772251	1615100174	
9.60409	36	0	0	26382	0	0	1	0	0	156256	49	2	0.752529	0.72913	0	0	0	0	0	0	0	0	0	0	0	0	281418	332492770	491624696	1159754689	1162772251	1615100174	
0.788434	36	0	0	26347	0	0	1	0	0	155842	1	1	0.72341	0.72341	0	0	0	0	0	0	0	0	0	0	0	0	281418	332492770	491624696	1159754689	1162772251	1615100174	
10.8384	40	0	0	29853	0	0	1	0	0	179090	51	0	0.915619	0.759527	0	0	0	0	0	0	0	0	0	0	0	0	251449938	289351068	1429073379	1735922398	1750469169	
10.6034	40	0	0	29741	0	0	1	0	0	177570	49	2	0.731842	0.721846	0	0	0	0	0	0	0	0	0	0	0	0	251449938	289351068	1429073379	1735922398	1750469169	
0.857239	40	0	0	29721	0	0	1	0	0	177322	1	1	0.718222	0.718222	0	0	0	0	0	0	0	0	0	0	0	0	251449938	289351068	1429073379	1735922398	1750469169	
12.1762	44	0	0	33331	0	0	1	0	0	202262	51	0	0.808209	0.735008	0	0	0	0	0	0	0	0	0	0	0	0	626637720	748678880	1537327672	1724217577	
12.6312	44	0	0	33261	0	0	1	0	0	201066	49	2	0.714567	0.708065	0	0	0	0	0	0	0	0	0	0	0	0	626637720	748678880	1537327672	1724217577	
0.983709	44	0	0	33253	0	0	1	0	0	200942	1	1	0.706557	0.706557	0	0	0	0	0	0	0	0	0	0	0	0	626637720	748678880	1537327672	1724217577	
13.4591	49	0	0	36890	0	0	1	0	0	222726	51	0	0.925907	0.802837	0	0	0	0	0	0	0	0	0	0	0	0	204405907	769617110	1472528885	1693986903	1928484021	
13.1512	49	0	0	36444	0	0	1	0	0	218994	49	2	0.725894	0.712499	0	0	0	0	0	0	0	0	0	0	0	0	204405907	769617110	1472528885	1693986903	1928484021	
1.15037	49	0	0	36417	0	0	1	0	0	218754	1	1	0.709699	0.709699	0	0	0	0	0	0	0	0	0	0	0	0	204405907	769617110	1472528885	1693986903	1928484021	
14.6716	54	0	0	40610	0	0	1	0	0	242768	51	0	0.851287	0.752645	0	0	0	0	0	0	0	0	0	0	0	0	69872513	579740000	672853355	1242253086	2009681629	
17.3039	54	0	0	40375	0	0	1	0	0	240624	49	2	0.717407	0.709558	0	0	0	0	0	0	0	0	0	0	0	0	69872513	579740000	672853355	1242253086	2009681629	
2.22313	54	0	0	40356	0	0	1	0	0	240440	1	2	0.707511	0.707511	0	0	0	0	0	0	0	0	0	0	0	0	69872513	579740000	672853355	1242253086	2009681629	
18.5072	57	0	0	44051	0	0	1	0	0	260354	51	0	0.849165	0.742013	0	0	0	0	0	0	0	0	0	0	0	0	651405152	1147732554	1778338741	
0.731318	57	0	0	43857	0	0	1	0	0	258730	1	0	0.71773	0.71773	0	0	0	0	0	0	0	0	0	0	0	0	651405152	1147732554	1778338741	
19.3741	60	0	0	46133	0	0	1	0	0	273454	51	0	0.827417	0.761566	0	0	0	0	0	0	0	0	0	0	0	0	1163718206	1418904103	1425359813	
1.59913	60	0	0	45933	0	0	1	0	0	271158	1	1	0.727618	0.727618	0	0	0	0	0	0	0	0	0	0	0	0	1163718206	1418904103	1425359813	
20.4164	62	0	0	48881	0	0	1	0	0	287000	50	1	0.782471	0.735787	0	0	0	0	0	0	0	0	0	0	0	0	19292366	1223175561	
20.6159	62	0	0	48761	0	0	1	0	0	285670	48	3	0.717045	0.71208	0	0	0	0	0	0	0	0	0	0	0	0	19292366	1223175561	
20.6775	66	0	0	55473	0	0	1	0	0	326098	51	0	0.808776	0.728871	0	0	0	0	0	0	0	0	0	0	0	0	268847495	1119887588	1428487141	1664374466	
2.25243	66	0	0	55289	0	0	1	0	0	324100	1	2	0.704372	0.704372	0	0	0	0	0	0	0	0	0	0	0	0	268847495	1119887588	1428487141	1664374466	
22.009	69	0	0	58841	0	0	1	0	0	342512	51	0	0.989516	0.793814	0	0	0	0	0	0	0	0	0	0	0	0	106157740	456750183	1308641291	
21.8911	69	0	0	58108	0	0	1	0	0	337194	49	2	0.717864	0.704152	0	0	0	0	0	0	0	0	0	0	0	0	106157740	456750183	1308641291	
2.4352	69	0	0	58066	0	0	1	0	0	336888	1	2	0.70177	0.70177	0	0	0	0	0	0	0	0	0	0	0	0	106157740	456750183	1308641291	
22.0252	71	0	0	60400	0	0	1	0	0	348328	51	0	0.850722	0.753245	0	0	0	0	0	0	0	0	0	0	0	0	433755102	1647351560	
21.5174	71	0	0	59912	0	0	1	0	0	345402	48	3	0.705673	0.700594	0	0	0	0	0	0	0	0	0	0	0	0	433755102	1647351560	
22.2768	71	0	0	59879	0	0	1	0	0	345228	48	3	0.699227	0.698687	0	0	0	0	0	0	0	0	0	0	0	0	433755102	1647351560	
22.2723	74	0	0	62547	0	0	1	0	0	360058	51	0	0.846136	0.731109	0	0	0	0	0	0	0	0	0	0	0	0	690665857	1005924530	1789068863	
25.317	74	0	0	62240	0	0	1	0	0	357916	48	3	0.706217	0.701657	0	0	0	0	0	0	0	0	0	0	0	0	690665857	1005924530	1789068863	
27.2402	74	0	0	62210	0	0	1	0	0	357732	48	3	0.700378	0.699668	0	0	0	0	0	0	0	0	0	0	0	0	690665857	1005924530	1789068863	
26.0644	77	0	0	64752	0	0	1	0	0	372554	51	0	0.798737	0.746402	0	0	0	0	0	0	0	0	0	0	0	0	62563091	595444731	1431199262	
26.1052	77	0	0	64303	0	0	1	0	0	369310	48	3	0.708275	0.701848	0	0	0	0	0	0	0	0	0	0	0	0	62563091	595444731	1431199262	
2.62771	77	0	0	64290	0	0	1	0	0	369158	1	2	0.700785	0.700785	0	0	0	0	0	0	0	0	0	0	0	0	62563091	595444731	1431199262	
23.9978	79	0	0	65802	0	0	1	0	0	377882	50	1	0.748678	0.71904	0	0	0	0	0	0	0	0	0	0	0	0	148862797	2080441786	
3.50432	79	0	0	65625	0	0	1	0	0	376494	1	2	0.703896	0.703896	0	0	0	0	0	0	0	0	0	0	0	0	148862797	2080441786	
27.2753	82	0	0	66870	0	0	1	0	0	383040	51	0	1.0241	0.780975	0	0	0	0	0	0	0	0	0	0	0	0	858943217	1911602604	2046133546	
27.9331	82	0	0	66483	0	0	1	0	0	380594	48	3	0.704187	0.699965	0	0	0	0	0	0	0	0	0	0	0	0	858943217	1911602604	2046133546	
3.55084	82	0	0	66463	0	0	1	0	0	380444	1	2	0.69899	0.69899	0	0	0	0	0	0	0	0	0	0	0	0	858943217	1911602604	2046133546	
28.2682	85	0	0	70863	0	0	1	0	0	402020	51	0	0.945364	0.766991	0	0	0	0	0	0	0	0	0	0	0	0	16635677	683079722	756063153	
29.1493	85	0	0	70111	0	0	1	0	0	397552	48	3	0.712249	0.704668	0	0	0	0	0	0	0	0	0	0	0	0	16635677	683079722	756063153	
27.7257	85	0	0	70083	0	0	1	0	0	397338	48	3	0.70329	0.701924	0	0	0	0	0	0	0	0	0	0	0	0	16635677	683079722	756063153	
26.251	86	0	0	72007	0	0	1	0	0	410056	51	0	0.815427	0.731502	0	0	0	0	0	0	0	0	0	0	0	0	736661850	
26.5018	86	0	0	71725	0	0	1	0	0	407504	48	3	0.705808	0.698658	0	0	0	0	0	0	0	0	0	0	0	0	736661850	
3.4784	86	0	0	71705	0	0	1	0	0	407352	1	3	0.697615	0.697615	0	0	0	0	0	0	0	0	0	0	0	0	736661850	
26.1647	87	0	0	71748	0	0	1	0	0	407720	48	3	0.703449	0.69882	0	0	0	0	0	0	0	0	0	0	0	0	7000692	
25.9695	87	0	0	71728	0	0	1	0	0	407478	48	3	0.695926	0.69471	0	0	0	0	0	0	0	0	0	0	0	0	7000692	
25.8879	88	0	0	72029	0	0	1	0	0	408774	51	0	0.792703	0.711234	0	0	0	0	0	0	0	0	0	0	0	0	64823111	
3.36769	88	0	0	71884	0	0	1	0	0	408016	1	3	0.690732	0.690732	0	0	0	0	0	0	0	0	0	0	0	0	64823111	
2.68071	89	0	0	72244	0	0	1	0	0	410040	1	2	0.699863	0.699863	0	0	0	0	0	0	0	0	0	0	0	0	750297218	
26.5331	89	0	0	72166	0	0	1	0	0	409382	48	3	0.691784	0.690494	0	0	0	0	0	0	0	0	0	0	0	0	750297218	
25.8263	90	0	0	72324	0	0	1	0	0	411082	49	2	0.701946	0.69588	0	0	0	0	0	0	0	0	0	0	0	0	674186001	
26.9205	90	0	0	72271	0	0	1	0	0	410498	48	3	0.690351	0.689349	0	0	0	0	0	0	0	0	0	0	0	0	674186001	
1.03026	91	0	0	72762	0	0	1	0	0	412634	1	0	0.692631	0.692631	0	0	0	0	0	0	0	0	0	0	0	0	768479201	
1.98119	91	0	0	72709	0	0	1	0	0	412314	1	1	0.688724	0.688724	0	0	0	0	0	0	0	0	0	0	0	0	768479201	
26.4881	92	0	0	73824	0	0	1	0	0	419604	50	1	0.749873	0.705215	0	0	0	0	0	0	0	0	0	0	0	0	167977404	
27.3054	92	0	0	73579	0	0	1	0	0	417904	48	3	0.692493	0.69053	0	0	0	0	0	0	0	0	0	0	0	0	167977404	
27.6282	92	0	0	73550	0	0	1	0	0	417696	48	3	0.689643	0.689153	0	0	0	0	0	0	0	0	0	0	0	0	167977404	
26.9201	93	0	0	74212	0	0	1	0	0	423512	50	1	0.730184	0.708843	0	0	0	0	0	0	0	0	0	0	0	0	781759124	
2.78781	93	0	0	73897	0	0	1	0	0	421030	1	2	0.692485	0.692485	0	0	0	0	0	0	0	0	0	0	0	0	781759124	
