1005924530 1789068863
1
sift 644
137 259
11 30
18 58
15 65
54 117
186 443
21 71
64 98
65 160
92 200
581 893
81 162
122 166
84 208
87 242
672 862
79 269
125 211
119 335
116 223
711 840
112 294
184 310
121 338
152 210
639 1264
179 373
216 358
177 486
169 471
833 1178
200 429
260 626
207 422
229 384
926 1162
218 415
339 705
220 438
191 533
847 1293
217 452
420 619
180 628
194 528
733 1616
226 524
302 957
204 783
304 531
707 1743
258 557
345 820
236 706
390 613
1010 1526
247 686
565 1211
360 519
457 678
983 1579
289 751
653 1201
321 756
440 739
1390 1445
335 787
735 1584
353 941
447 733
1378 1528
327 1085
838 1622
358 997
461 728
1246 1750
510 682
873 1588
364 1064
453 822
1318 1718
401 950
1016 1410
361 1231
455 948
1796 1496
488 911
946 1736
449 1123
631 689
1539 2477
471 974
1202 1387
466 1094
528 922
1915 2385
472 1185
1474 1617
450 1255
529 1079
2266 2081
507 1120
1359 1843
518 1413
485 1306
2003 3027
533 1381
1225 2077
609 1206
747 1052
1867 3938
568 1624
1442 1841
627 1450
625 1599
2169 3570
668 1412
1192 2238
614 1782
613 1733
2514 3681
673 1492
1026 3043
746 1480
675 1521
2664 3627
725 1491
1372 2133
693 1696
690 1701
3187 3017
881 1398
1395 2171
764 1643
793 1681
3312 2976
619 2441
1557 2036
897 1564
955 1432
2743 3861
810 1697
1361 2356
932 1589
952 1475
2546 4334
857 1778
1355 2404
860 1830
991 1540
2893 3648
930 1812
1593 2037
924 1916
1022 1693
3345 3489
1170 1436
1762 1913
928 1910
931 2106
3042 4341
1093 1744
1423 2429
942 2069
1123 1836
4252 3876
899 2293
1669 2212
1147 1901
989 2239
4134 4039
1153 1909
1387 2758
1070 2164
1102 2184
4580 4058
958 2516
1823 2195
978 2550
1365 1732
4794 3924
1063 2413
1840 2248
1270 1886
1428 1708
3471 6318
1032 2544
1634 2614
1131 2292
1030 2613
4179 5274
1234 2000
1962 2253
1106 2561
1334 2095
3761 6085
1187 2308
2100 2615
1082 2897
1366 2224
4616 4726
1196 2449
2151 2855
1279 2290
1349 2417
4467 5114
1346 2201
2407 2676
1051 3206
1420 2447
3764 6329
1291 2451
2035 3316
1266 2495
1744 2048
4528 5453
1126 3088
2170 3220
1141 3000
1767 2214
4195 6266
1206 2865
2064 3625
1394 2584
1694 2487
4090 6523
1254 2933
2157 3536
1439 2548
1930 2123
4919 5592
1504 2458
2229 3431
1160 3472
1541 2869
5250 6023
1354 2930
2340 3299
1652 2558
1491 2961
6154 5232
1511 2819
2108 3800
1440 2975
1774 2626
5723 5997
1431 3175
2135 3989
1768 2585
2197 2263
4517 7724
1458 3166
2176 3926
1417 3315
1582 3399
7258 4881
1564 3089
2598 3117
1639 2988
2133 2531
4644 7739
1618 3069
2475 3430
1397 3787
2022 2901
6277 6637
1437 3780
2012 4450
1836 2810
1738 3696
6155 7045
1705 3260
2711 3332
1604 3515
1808 3656
6603 7311
1514 3887
2397 4020
1660 3487
1965 3402
6400 7867
1655 3703
2773 3449
1865 3207
2606 2766
6757 7393
1701 3757
2210 4621
1785 3479
1900 4159
8344 6482
1806 3438
2395 4347
1708 3854
2482 3033
6207 9005
1858 3513
2691 3727
1832 3697
2243 3520
7341 7348
1877 3685
2373 4506
1997 3356
2645 2908
8223 7153
1876 3754
2708 4033
1860 4024
2444 3228
8167 8131
1889 4099
3131 3641
2161 3405
2141 3974
7072 9501
2126 3532
2787 4299
1896 4124
1850 4996
7602 9358
1793 4505
2692 4560
2212 3413
2319 3821
9294 7769
2191 3554
3009 4170
2005 4061
2439 3996
8060 9404
1792 4736
2971 4249
1975 4127
2676 3490
9018 9095
2139 3912
3237 4007
2132 4035
2629 3873
8057 9613
2034 4266
3074 4455
2270 3891
2316 4535
2082 4474
3107 4601
1837 5931
2616 3966
2252 4346
3040 4867
2370 4400
2402 4483
2428 4322
3205 4652
2452 4271
2263 4804
2416 4500
3095 4853
2593 4211
2951 3748
2368 4766
3220 4999
2410 4678
2519 4693
2525 4487
3470 4618
2533 4649
2228 5858
3572 3294
3487 4615
2565 4901
2865 4302
2198 6245
3362 4906
2626 4882
2339 6026
2235 6509
3902 4360
2581 5299
2477 5708
2218 6740
3443 5166
2430 6000
2713 5188
2909 4673
3228 5716
2889 4858
3377 4088
3123 4424
3963 4627
2667 5665
3620 3911
2853 4989
4037 4893
3029 5084
3386 4328
3293 4587
3929 5119
2888 5589
3112 5001
3182 5093
3627 5735
2860 5888
3290 4926
2725 6427
3831 5393
3013 5479
2670 6794
3519 4725
3064 7012
2974 5884
3687 4540
3454 4986
4344 4762
2671 7084
3094 5685
3529 4928
4333 4920
3017 5944
3628 4854
2559 7761
4141 5428
3130 5742
3283 5526
3477 5146
3707 6208
3069 6055
2721 7203
2967 6295
4120 5581
3273 5988
3822 4782
3331 5700
3949 6013
3719 5141
3459 5477
3000 6519
3928 6092
4206 4559
3554 5661
3248 6145
4189 5915
3045 6615
3178 6471
3520 5677
4200 5960
3803 5260
3281 6315
3505 5893
4115 6216
3343 6342
4455 4444
3670 5779
3595 7239
4154 5168
3479 6300
3416 6422
4643 5383
2894 7887
4220 5157
3955 5628
4711 5308
4047 5580
4548 4751
3415 6763
4628 5458
3811 6045
3852 6008
3926 6015
4177 6580
3514 6922
3704 6368
4137 5705
4405 6136
3174 7920
3155 7833
3452 7049
3784 7354
3925 6209
4076 6100
3750 6578
4659 5873
3266 7780
2905 9747
3402 7400
4228 6839
4143 6205
3651 6891
4349 5745
3799 8112
3556 7367
3504 7482
3716 7108
5199 6097
5066 4923
4695 5514
3442 8200
5281 6229
3510 7987
3875 7106
4005 6925
4873 6780
3543 8198
4439 6285
3684 7794
5559 6167
3655 8152
4094 7010
4410 6498
4868 7119
4075 7273
4185 7068
4372 6786
4626 7581
5185 5556
6008 4808
3934 7774
6179 5758
3872 8002
4482 6641
4019 7625
4974 7211
3890 8193
3909 7954
4148 7731
5274 6863
4278 7448
5157 6084
4985 6265
5217 7483
4452 7258
4138 8405
4136 8305
4567 9773
4281 7845
4623 7020
4017 8679
6152 6858
4397 7686
6962 4634
4633 7039
5425 8023
4351 8249
6201 5528
4393 8174
5464 7967
4585 7513
4625 7456
5768 6120
6244 7278
4032 9365
7243 4844
4861 7162
5794 8056
3974 9878
4602 8024
3930 9905
6680 7018
4697 7559
4945 7338
4690 7629
5920 8550
4588 7953
6309 5874
4444 8664
7588 6913
4421 9657
4274 9764
4698 8035
6256 9642
4608 8439
4674 8120
4857 7970
7159 7627
5277 7247
4719 8536
4897 8207
6612 9616
4581 9719
4817 8874
4740 9635
8516 8573
4860 8693
5866 7099
4603 9800
9545 7712
4844 9663
5196 8381
4352 9989
8198 9826
4940 9659
5547 7744
5728 7477
9289 9754
5068 8659
5708 7525
5077 9644
4964 9744
5243 8551
5086 8910
5357 8537
5882 7547
5722 7839
5206 9652
5565 8229
5388 8618
5482 8514
5299 8787
5212 9734
5278 9781
6265 7520
6488 7286
4864 9977
5932 8375
5756 9634
5296 9874
6192 7951
8533 5942
5669 9739
6578 7681
6046 8650
5309 9938
8556 6202
6580 7850
6041 9825
6171 8739
6622 7950
7076 8282
6160 8890
6571 8540
6778 9783
6368 9000
6716 8801
6395 9955
6526 9860
7861 8620
6549 9979
6996 9919
7264 9845
7201 9876
7812 9110
9427 7528
8575 8694
