1039067838 1761909473
1
sift 61
279 207
1052 397
377 258
1078 332
1320 599
1045 710
1410 616
1682 589
1524 646
1609 737
1996 636
1980 777
2609 1543
2804 1065
2806 1073
2776 1620
2901 1056
2726 1148
3259 1794
3136 1208
3802 1086
3536 2627
4759 1724
4615 1881
4351 2451
3637 2334
4722 2089
3517 3222
4670 2271
4651 2527
3752 3653
4517 2686
6627 2135
5121 2642
5597 2401
5428 2787
5601 2699
5830 2716
7039 2363
6015 3451
5615 2961
5881 3159
4624 4778
7628 3029
5324 4202
5743 3901
6896 3729
4860 4944
6589 4010
7497 3567
8116 3429
5491 5172
8345 4005
6639 4866
6582 5177
7385 4983
8554 5302
7494 6070
7369 6402
8516 6706
7771 8341
