1139800839 1183258497
1
sift 308
3470 1857
25 22
3264 5081
93 198
58 55
4679 2272
62 108
175 383
188 251
4246 2524
354 179
410 539
297 339
4364 2520
279 377
391 658
305 389
5356 3182
419 297
885 2027
339 424
386 435
1041 1842
381 441
477 355
1199 2151
344 583
404 580
1636 2368
460 544
432 596
2159 3681
481 569
425 668
1965 4371
498 588
466 695
2000 4295
632 662
640 750
1785 5246
879 615
708 763
2064 5158
1037 563
709 810
2923 8153
713 825
855 701
3792 6906
736 890
552 1221
3773 8378
703 948
789 887
821 975
890 992
714 1339
1272 770
889 1117
1015 981
1081 991
857 1271
1221 1020
1556 857
1131 1128
1153 1125
1044 1354
1076 1292
910 1681
1236 1182
745 2193
1112 1365
1260 1231
1823 931
1410 1155
1336 1214
1184 1463
1196 1496
1358 1359
1130 1667
1097 1715
1385 1393
1034 1907
1349 1510
1045 2066
960 2437
1483 1482
1171 1957
1187 1974
2105 1224
1247 2143
1591 1704
1980 1440
2667 1137
1049 2963
1018 3219
1504 1865
1355 2292
1544 1921
1525 1993
2052 1596
877 5280
1340 2500
1827 1805
1720 1994
1683 2038
1561 2301
1718 2060
2158 1745
1691 2218
1464 2825
2719 1666
2272 1883
1872 2486
1908 2501
2916 1721
1707 2871
1825 2773
1958 2644
1949 2771
2141 2497
2592 2028
2018 2677
2639 2026
2552 2088
2743 2059
1940 3076
2665 2162
3746 1771
2457 2560
2751 2374
2377 2730
2343 2826
2936 2343
2974 2429
2181 3433
3346 2335
2380 3163
1936 4323
3979 2118
2940 2774
2335 3611
4445 2001
2722 3053
2666 3197
4652 2070
2864 3150
2487 3730
4596 2138
2692 3592
3667 2650
4528 2276
2810 3492
3605 2739
3070 3255
2886 3499
3057 3352
2627 3914
3708 2769
3164 3316
2087 5512
3576 2951
2130 5361
2710 3958
3118 3580
5456 2244
2574 4300
4307 2681
3554 3239
3462 3410
2949 4077
3150 3901
2562 4687
2963 4110
2514 4873
2759 4426
3165 4010
4675 2747
3541 3697
3943 3301
4466 3003
3502 3933
3120 4443
3615 3853
2576 5484
3609 3926
2654 5431
5127 2883
4239 3413
3421 4288
3528 4177
3485 4252
2868 5369
7258 2387
4986 3101
4280 3705
2703 6011
5043 3270
3199 5154
5191 3250
5128 3311
4531 3789
3810 4333
4284 4037
4068 4286
5360 3432
5844 3196
3974 4485
3544 5227
3509 5324
4044 4468
4238 4368
3174 6128
3550 5440
3693 5306
4142 4678
3622 5541
7198 3011
5584 3686
5125 4014
4153 4740
4661 4329
3676 5564
4110 4893
5576 3852
5695 3815
5700 3858
4600 4648
5205 4195
4111 5233
5102 4349
4777 4646
4408 5026
4836 4655
4830 4730
6495 3811
7577 3349
4208 5626
4647 5258
4287 5706
4705 5270
4762 5201
5987 4204
7244 3717
5024 5051
4350 5813
3959 6305
5274 4886
5858 4490
5319 5027
4406 5992
6220 4355
3858 6794
5956 4519
3879 6763
3710 7195
4931 5525
4885 5618
5268 5193
4954 5583
4934 5611
4114 6485
6542 4359
3875 7165
5876 5062
6342 4733
4558 6469
5466 5552
5331 5734
5194 5883
4196 7183
4728 6431
3966 7949
6790 4736
4701 6575
5110 6370
5211 6317
5862 5795
5133 6498
6548 5368
7764 4508
4727 7273
5704 6034
4383 8011
6834 5432
6408 5766
7778 4742
7082 5690
5504 7132
7251 5781
5172 7948
5959 6870
6249 7003
5799 7645
6721 6721
6081 7884
6000 8089
5966 8293
7391 7029
6615 7929
7155 7546
6626 8344
7475 7897
7634 8009
7668 8077
7837 8294
7619 8636
1139800839 1475597139
1
sift 280
997 884
495 269
11 25
802 869
107 157
646 1479
554 285
157 189
1273 1184
136 216
945 1725
558 352
164 203
1765 1230
549 378
2725 2108
669 338
525 542
2685 1406
838 341
3243 3583
705 392
534 541
4221 2935
796 393
2472 6810
903 416
851 721
3454 4633
999 455
4265 4383
1010 484
804 791
4486 3526
1124 540
5204 4267
1194 595
784 831
3785 4572
1245 591
6004 6688
1405 555
1068 654
6789 5652
1218 636
7474 7010
1496 584
809 967
1022 829
1661 612
1556 877
1287 732
1619 744
1551 1414
1516 798
1509 812
1209 1894
1776 765
1576 873
1929 1214
1852 859
2220 773
1393 1657
1710 939
1577 1106
1794 1573
2590 854
2081 996
1565 1985
1715 1160
2044 1054
1745 1969
2036 1068
2809 928
1732 2097
2145 1148
2173 1143
1554 2529
2780 1082
2484 1206
2024 2088
2728 1194
2855 1180
1923 2278
2430 1419
2786 1390
2008 2327
3386 1293
3087 1460
2131 2226
3646 1327
3059 1492
2167 2202
2649 1638
2841 1606
2200 2576
3141 1568
3242 1541
2456 2434
2947 1615
2801 1692
2247 2994
3031 1690
3361 1590
2338 2949
2668 1913
3414 1641
2286 3110
3383 1655
3442 1729
2547 2774
3481 1872
3269 2009
2557 2921
4815 1526
3951 1874
4537 1862
4247 1794
4681 1716
4421 1991
3520 2190
3781 2099
3465 2395
4658 1844
4612 1853
2731 3202
2663 2925
4354 2003
2983 3010
5082 1807
4851 1901
2979 3257
4139 2115
4711 1968
3177 3317
4972 1892
5479 1803
4232 2596
5284 1859
4613 2076
3148 3781
4578 2092
4087 2237
3330 3656
3670 2489
4733 2132
3194 3794
5949 1825
3769 2478
2777 4802
3738 2507
3846 2463
3387 4092
4339 2352
5718 1998
3369 4272
4651 2284
4027 2553
5897 2652
6031 2036
4262 2522
5451 2858
5979 2101
4332 2586
4981 3467
4757 2417
5555 2203
5319 3325
5955 2147
5785 2181
4986 3661
4106 2840
4903 2444
4387 4182
3844 3149
5867 2274
3913 4701
5148 2490
6210 2249
5789 3338
3842 3383
5629 2403
5289 3678
6527 2215
4939 2711
5689 3497
4781 2826
5668 2437
5205 3761
5480 2546
4100 3374
5947 3426
5542 2569
4928 3014
5052 4225
5120 2982
4758 3169
4984 4403
5240 2940
6001 2618
5584 3913
5814 2721
5198 3189
4188 5274
5286 3210
5112 3472
3774 5802
5983 2998
6163 2953
4256 5284
4788 3682
5423 3433
5576 4136
6947 2809
6034 3171
5583 4189
4898 3818
6628 3022
5132 4684
6406 3146
6391 3185
5360 4531
7133 2965
7014 3064
6327 3880
7119 3026
6105 3456
4443 5556
4384 4675
6787 3252
6565 3972
6117 3538
6646 3367
6220 4190
6324 3525
6173 3579
6333 4175
7812 3030
7095 3435
6143 4455
7374 3390
7756 3220
7082 3999
7903 2970
6887 3675
5700 5119
6306 3945
7621 3607
4988 5830
7693 3610
6731 4379
4140 7181
7174 4178
5784 5139
5080 5974
6738 4631
7527 4401
7481 4305
4564 6854
6925 4818
4883 6356
5273 6098
7660 4550
6495 5240
7424 4751
7807 4463
5297 6378
4844 7216
7759 4671
5107 6832
4950 7120
7042 5703
6080 5683
6085 5858
7449 5908
5733 6515
6264 6022
7475 5747
6758 7511
7575 7338
1139800839 1923562747
1
sift 151
5906 4689
58 52
426 564
193 378
297 346
305 373
885 2096
1561 3075
519 287
381 390
3120 4641
2084 3958
358 435
386 466
5505 7077
531 389
460 535
481 512
498 496
466 723
842 553
632 656
1022 531
855 621
709 833
1037 768
1245 681
1015 907
1307 777
1131 975
1121 1133
1112 1210
1076 1316
1410 1012
1313 1087
1260 1198
1184 1366
1514 1065
1237 1347
1385 1193
1349 1358
926 2128
1483 1229
1130 1626
1556 1192
1610 1173
1504 1554
1187 2190
1294 2031
1355 2122
2158 1534
1525 2107
2456 1470
2052 1840
2160 1824
2915 1522
2592 1732
2936 1662
2665 1957
3021 1788
1940 2729
3647 1597
1825 3041
2457 2182
2378 2396
2343 2565
2181 2882
3492 2069
2722 2567
2704 2764
3957 2091
2864 2675
3605 2232
4675 1916
2940 2650
2596 3032
2167 3780
2666 3107
3165 2744
3714 2354
4396 2188
3708 2563
3667 2772
4466 2360
3070 3508
3528 3115
4445 2533
3368 3310
3275 3484
3943 3012
3609 3343
4306 2856
4531 2776
4724 2683
4284 3186
3267 4415
3485 4326
4068 3945
4824 3533
4397 3791
3879 4620
5774 3226
4350 4309
4777 3896
4986 3815
5024 3882
3959 5238
3544 5989
5191 4019
4208 5169
5128 4292
3710 6066
5858 3779
5043 4761
4408 5437
5113 4815
4558 5453
5704 4412
5205 4981
5373 4848
5987 4271
5331 5012
4114 6429
5789 4614
5695 4782
4885 5637
5194 5388
5576 4987
5863 4800
5499 5157
4406 6502
5689 5103
5700 5100
5052 6072
4701 6833
6495 4992
6220 5171
6409 5080
5956 5521
5959 6037
6692 5635
5799 6512
7082 5619
5905 6724
6182 6701
7520 5599
5966 7482
6882 7099
7595 6651
7669 7352
7475 7753
