1159754689 1163718206
1
sift 73
3432 6017
77 198
86 260
109 212
200 721
273 1040
301 911
288 1098
302 1005
298 1248
362 1047
337 1220
366 1305
454 1180
475 1667
471 1798
463 1992
445 2328
520 1703
599 1594
602 2314
644 2324
678 2187
858 1951
829 2559
782 3535
1010 3285
1057 2991
1004 3534
987 3840
1039 3732
1108 3376
1189 3551
1301 4504
2013 2480
1666 3428
1554 4128
1506 5720
1448 6150
1579 5904
1781 5208
1634 6261
2136 4435
1614 6830
1681 6585
1904 5690
1739 6388
1905 5773
1922 5973
2191 5247
1951 6273
3327 3358
1909 7317
2105 6754
2998 4572
2110 7359
2266 6770
2029 8120
2684 6051
2479 6862
2630 7087
2470 7955
2835 7633
3136 7298
3129 7403
3240 7250
3115 7952
2775 8218
3156 8043
2957 8200
3404 7426
3385 7888
4623 7672
1159754689 1188846234
1
sift 141
255 235
337 404
485 334
409 514
498 407
496 517
579 498
524 686
589 703
667 726
937 831
900 937
948 914
851 1028
1129 881
877 1201
1004 1088
1057 1132
1056 1203
1240 1103
1307 1341
1191 1496
1264 1439
1238 1673
1193 1858
1123 2085
1503 1618
1584 1565
1540 1610
1334 1948
1551 1700
1538 1745
1497 1852
1646 1783
1609 1907
1778 1870
1666 2401
1994 2092
1635 2658
2017 2251
1956 2349
2230 2280
1963 2538
2033 2478
2086 2610
2574 2230
2075 2755
2707 2186
1881 3286
2386 2498
2218 2804
3232 2121
2318 2773
2512 2698
2211 3400
2470 3264
2956 2721
2817 3180
3003 3072
2546 3726
3172 3095
3050 3297
2966 3446
3146 3436
2904 3803
2875 3833
3048 3717
2997 3822
3192 3603
3613 3349
3284 3847
3654 3394
3886 3381
3248 4215
3877 3556
3598 3828
4759 3023
3505 4302
4012 3801
3825 3927
4041 3859
3645 4272
4629 3576
4033 4056
3647 4599
3893 4330
3581 4796
3915 4641
3926 4640
4420 4180
4300 4371
3683 5217
4921 4103
4770 4415
3684 5710
4376 4877
5469 3961
3685 5965
4029 5495
4407 5122
4465 5071
4603 4963
4445 5233
4617 5300
5317 4985
4870 5676
4351 6857
4371 6844
6173 4968
6149 5015
5846 5270
4414 7086
4766 6792
5922 5481
5206 6268
4882 7040
5886 5769
6388 5568
5337 6856
5845 6211
6006 6197
5410 7162
5021 7810
5732 6826
6667 5884
5905 6946
6038 6954
6371 6667
6022 7263
6591 6648
5801 7525
6162 7223
6296 7134
6297 7138
7044 6575
7097 6566
6029 7804
6784 7146
6681 7276
6872 7457
7119 7397
1159754689 1223175561
1
sift 275
45 84
71 171
58 126
262 549
84 107
152 341
77 176
319 678
109 301
195 496
154 321
365 681
204 379
200 536
210 407
337 954
217 440
288 724
219 514
478 710
203 593
362 666
247 476
386 1125
255 615
463 1294
273 569
431 1112
302 535
603 1335
279 662
541 1295
301 550
829 2003
298 646
891 987
338 609
1076 2008
299 746
633 1833
411 559
1325 2890
359 669
755 1699
433 817
1299 3095
409 894
1081 1378
454 854
1483 3546
485 861
1121 2091
474 1073
1582 3489
471 1136
1389 1776
524 1016
1828 3238
520 1119
1201 2252
575 1029
1781 3765
588 1234
1193 2415
602 1247
1568 4751
579 1314
1334 2700
670 1148
1909 4733
635 1242
1248 3519
678 1172
1812 6543
644 1281
1449 2888
658 1413
2480 4239
667 1670
1538 2804
745 1467
2300 4827
915 1245
1620 2610
862 1449
2479 4528
780 1601
1666 2962
855 1625
2525 4688
858 1636
1635 4364
900 1663
2077 6660
965 1557
1883 3875
782 2041
2423 5403
1085 1385
1919 4084
1041 1577
3115 5341
1022 1624
2321 3862
824 2034
2798 6667
886 1954
3655 2454
994 1748
3129 5894
940 1919
1963 5249
937 1944
2999 6530
851 2255
4750 2344
997 1863
2770 7325
954 2128
2211 5148
1252 1657
3036 7111
1057 2409
2564 4657
1092 2377
3102 7851
1242 1920
3846 3540
1215 2046
3765 7282
1276 1985
2482 6436
1129 2345
3994 7278
1323 2110
3651 4276
1307 2189
4024 7604
1240 2429
3473 5145
1272 2394
4344 7871
1359 2232
3505 5292
1531 2061
5143 7051
1274 2566
2679 7552
1261 2605
1189 2916
3589 5500
1210 2869
1188 3099
3391 6151
1264 2846
1448 2508
5260 4191
1301 2986
1545 2603
3685 7054
1551 2742
1529 2992
3815 7074
1540 3030
1433 3687
3752 7491
1503 3465
1709 2832
3683 7660
1627 3109
1563 3833
3921 7441
1849 2968
1596 3795
3886 7738
1614 3739
1931 2974
5262 5617
1646 3729
1770 3445
4950 6074
1685 3708
2064 2960
4271 7232
1609 4227
2001 3206
4632 7115
1824 3698
2102 3271
4640 7727
1905 3798
2040 3536
6302 6773
2233 3159
2000 3761
7158 6412
2123 3507
2087 3597
1801 4255
2243 3276
2075 3830
1794 4722
1951 4310
1881 5104
2018 4611
2239 4053
1922 5091
2264 4126
2160 4576
2250 4678
2249 4904
2234 4938
2457 4472
2512 4406
2265 5243
2425 4812
2386 4979
2350 5189
2653 4452
2173 6370
2492 5239
2551 5077
3042 4117
2734 4838
2998 4552
2899 4817
2720 5366
2630 5626
2684 5744
3367 4721
2574 6602
3119 5362
2875 5849
2771 6145
2817 6050
3433 4860
2835 6051
2902 6177
2955 6206
3113 5929
3003 6350
3261 5807
2929 7047
3263 6193
3385 5911
3239 6504
3364 6134
3767 5345
3171 6835
2907 7716
3156 7207
2904 7849
2934 7874
3507 6360
3500 6454
3485 7046
3645 6590
4038 5787
3607 7110
3792 6616
3692 6969
3557 7456
4483 5904
3893 7101
4371 6472
4012 7240
4625 6539
4068 7588
4781 6993
4400 7903
5670 6798
5257 7579
4972 7960
6361 7364
7083 7941
1159754689 1425359813
1
sift 108
133 352
198 743
46 136
77 257
126 507
268 871
95 382
161 469
221 613
388 1109
225 457
209 584
315 1314
429 961
246 569
273 1047
516 2142
553 1840
301 908
299 975
1074 3772
844 2182
302 1060
288 1348
1148 3643
983 1947
298 1386
362 1151
1194 3699
996 2329
411 1128
366 1519
1438 4910
924 2858
408 1421
433 1458
1626 3991
878 3759
575 1276
599 2057
1567 5062
989 3362
602 2097
753 1656
1676 4901
1196 3847
678 2374
897 1964
1785 5809
1204 3953
883 2326
997 1981
1945 7055
1984 4496
1011 1985
829 2885
1928 7828
1882 5719
954 3039
959 3132
2171 6972
2203 4460
987 3258
1242 2136
2458 7545
1926 5840
1092 2881
1190 3440
2224 4700
1274 4117
1301 5404
2541 3801
1433 5885
2013 3558
2059 5881
1483 6539
1525 6192
1997 7057
1448 7181
1506 8088
2373 5801
1781 5783
2023 4936
2270 6760
1739 6237
2035 5311
3154 4493
1681 7761
1770 7477
2520 6800
2087 5986
2040 6199
2701 6429
2136 5997
2120 6108
2670 7865
1991 7096
2500 5296
4361 7794
2191 6726
2193 7074
2160 7802
2239 7314
2234 7778
2534 7023
2630 8234
3364 7400
3734 6658
1159754689 1615100174
1
sift 297
18 11
200 480
45 85
90 95
58 135
288 711
82 127
365 537
77 162
362 817
93 182
478 663
92 194
367 1041
118 240
780 1269
176 349
829 1898
185 440
831 1245
195 457
1039 2535
217 418
755 1418
204 443
1534 3284
210 489
633 1910
203 515
1634 3389
219 531
902 1554
273 583
1568 4292
279 604
1143 1944
302 571
1781 4008
299 699
941 3001
298 706
1681 5212
399 598
1121 2369
337 932
2480 3766
356 937
1141 2341
433 768
1909 5558
409 834
1201 2184
398 921
2479 4636
485 693
1449 2376
474 1068
2300 5222
463 1200
1755 2347
471 1219
2999 5286
575 1032
1716 2633
608 1036
2687 6032
644 1007
1956 2911
520 1275
3115 5176
504 1438
1635 4205
588 1195
2798 6287
621 1169
2500 2659
603 1268
3129 5667
670 1112
2848 3009
602 1320
3011 7042
618 1329
2212 4830
599 1479
3036 7060
678 1277
2610 3899
753 1220
3765 6859
745 1252
2382 4922
658 1600
3713 7099
734 1355
3183 3780
667 1636
711 1518
3579 4073
855 1384
858 1517
3793 4024
915 1417
862 1601
2421 7285
900 1576
927 1529
3513 5024
824 1759
886 1762
3505 5309
951 1685
782 2137
3409 5565
1022 1596
851 2044
3473 5623
994 1729
937 1897
3816 5250
1085 1643
1034 1792
3818 5651
954 2067
1104 1720
4268 5533
1010 2130
1092 1863
3584 7240
845 2797
1014 2289
3823 6711
987 2389
1167 1747
3842 6717
1004 2509
1252 1751
3926 6618
1215 1858
1057 2521
3813 6858
1040 2703
1307 1953
3953 6621
1530 1692
1237 2165
4028 6966
1193 2345
1311 2216
4438 6610
1276 2332
1323 2249
3825 7476
1189 2625
1274 2490
5488 6169
1272 2528
1550 2024
5195 7276
1264 2807
1334 2692
6938 5989
1349 2786
1374 2735
7158 6297
1301 3044
1359 2905
1551 2440
1545 2479
1312 3370
1540 2590
1448 2950
1188 4113
1783 2319
1538 2769
1423 3305
1210 4356
1433 3418
1503 3174
1709 2680
1849 2727
1646 3251
1685 3165
1563 3718
1914 2881
1401 4953
1609 3885
1824 3368
1822 3467
1590 4368
1579 4489
1753 3745
1739 3891
2064 3231
1919 3659
1794 4019
1801 4003
1770 4125
2040 3532
2087 3557
1905 4082
2018 3776
2215 3572
1951 4484
2160 3943
2017 4341
1922 4750
2226 3849
2264 3810
2250 4243
1921 5566
1881 5731
2346 4244
2234 4818
2265 4828
2033 5609
2249 5111
2386 4811
2350 4939
2512 4493
2551 4534
2492 4809
2424 5169
2466 5146
2426 5270
2727 4550
2775 4486
2525 5142
2899 4729
2528 5661
2630 5393
2939 4847
2684 5312
3119 4528
2707 5287
2897 4981
2971 4954
3308 4372
2956 5040
2487 6419
2817 5370
2917 5252
2470 6625
2966 5235
2621 6029
2771 5665
2902 5576
2835 5798
3364 4904
2574 6869
2875 5841
2929 5894
3146 5479
2734 6800
3003 6126
3067 5941
2796 6950
2898 6900
3008 6635
3349 5784
3171 6379
3367 6064
3507 5733
3239 6703
3385 6400
3279 6730
3893 5552
3412 6773
3314 7104
3156 7453
3449 6894
3607 6528
3762 6326
3616 6688
3707 6512
4035 5883
3647 6837
4204 5866
3557 7207
4012 6290
3746 6948
3990 6451
3558 7380
3886 6790
4351 6577
4068 7109
4306 7348
4300 7430
4857 6744
5469 5981
4558 7410
5059 7179
4957 7309
4445 7512
4940 7369
5670 6749
5438 7249
1159754689 1724217577
1
sift 70
2804 1696
559 346
89 67
355 590
4387 2454
989 1258
494 416
446 629
3093 3596
1964 1488
497 982
997 1515
1854 1703
1311 1680
2061 1786
2693 2479
2040 1974
2064 2043
2404 2802
2087 2218
2396 1950
3365 2432
2286 2090
1866 2791
3574 2374
2234 2529
2102 2829
3475 2446
2339 2752
1593 4812
3089 3038
2188 3261
1921 3872
3532 3098
2264 3287
2215 3616
3521 3512
2551 3147
2667 3064
5313 2807
2917 4411
3864 3664
4058 3578
3364 4541
4341 3459
4716 3299
2491 7094
4148 3740
3774 4729
4346 5030
3675 4930
3855 4976
4645 4731
4807 4112
4607 4524
4068 7173
4986 5214
5660 4927
4857 6127
5743 4964
6177 5549
5671 5666
6061 6125
6893 6115
5060 8143
6382 8346
6809 8382
6130 8577
7287 7898
7176 8351
1159754689 1780862618
1
sift 206
1621 1466
147 157
30 27
355 410
214 443
68 47
2804 3335
388 442
65 88
594 700
1376 1464
243 175
3147 3718
844 998
263 179
569 1027
1521 1751
227 264
4917 5156
1814 1924
250 258
869 1061
4023 3830
330 380
1882 2175
344 420
997 1067
4384 3594
407 373
1926 2184
348 466
883 1230
4853 3744
338 572
2270 2192
428 484
1092 1528
4805 4309
409 562
2670 3611
401 610
1206 1664
5035 4700
418 653
3592 2929
431 697
1311 1659
5346 5098
616 494
3475 3598
485 683
1276 1783
6104 5203
497 704
3532 3863
566 630
2074 1364
593 651
3521 4222
496 928
1506 2302
739 676
4148 3774
668 808
1593 2608
966 671
3855 4381
875 888
2040 2251
755 1005
4252 4376
804 999
2234 2109
1214 833
4467 4844
994 1058
2239 2166
915 1142
4302 5395
851 1343
1866 2741
877 1562
4649 5136
1051 1254
2087 2435
936 1458
4756 5183
1440 1348
2096 2558
1608 1282
4716 6021
1471 1465
2190 2915
1749 1291
4585 6691
1167 1961
2029 3225
1635 1643
5414 5714
1458 1888
2102 3417
2420 1592
4995 6466
2055 1905
2215 3269
1646 2412
5636 6029
1770 2333
2523 2984
1825 2373
5528 6267
1745 2747
2551 2990
2017 2731
5628 6508
2075 2868
2902 2899
2317 2500
5388 6957
2318 2517
2907 3216
2729 2206
5743 6616
2380 2478
3692 3446
1987 3330
2526 2738
3507 3823
2769 2620
2150 3711
3864 4078
3135 2674
2545 3500
3672 4523
2421 3712
4405 2265
3537 4749
2875 3288
3161 3190
4428 4586
3050 3374
2929 3473
4625 5094
3191 3245
2658 3857
3948 6293
3049 3587
3654 3113
4662 5385
2707 4437
3146 3820
4068 6385
3192 3880
2955 4360
4589 5862
3248 3935
3391 3701
5671 4990
3886 3449
3622 3779
5116 5563
3598 3825
4041 3927
4417 6681
3647 4602
3875 4338
5895 5283
3927 4593
3825 4794
5354 6241
4029 4793
4940 4069
5273 6486
4617 4632
3581 6109
5438 6361
5415 4144
4286 5384
6263 5758
4543 5335
4420 5825
5289 6998
6873 3917
4087 6634
5445 6864
6188 4415
4856 5663
4870 5872
4972 6014
5021 6129
5631 5575
5795 5478
5103 6679
5264 6572
5752 5921
5732 6281
5280 7044
6812 5441
7035 5462
6431 6246
6297 6580
6029 6840
6701 6382
6778 6547
6675 6711
7214 6734
