1183258497 1256872597
1
sift 67
328 431
302 472
570 575
561 787
1005 652
795 843
730 1209
1049 1136
1173 1033
1177 1076
1126 1214
1199 1196
1218 1239
1534 1462
1543 1610
1771 1413
1649 1576
1370 1966
1859 1519
1824 1654
1747 2155
1924 1919
1878 2003
1726 2363
2231 1886
1769 2564
2545 2195
2350 2526
2622 2394
2870 2507
2360 3087
3343 2677
3876 2639
4089 2609
3635 3027
3696 3018
3444 3522
3429 3621
3628 3602
4009 3701
4278 3829
4208 4321
4982 4184
4999 4400
4382 5382
4945 4719
5643 4530
6211 4208
5293 5206
5135 6438
8004 4433
6243 6309
6059 6854
6727 6327
7044 6160
6956 6298
7697 6171
7976 6102
7277 6547
6480 8129
8200 6586
7752 7103
8694 6025
6962 8663
6964 8732
8195 7502
8583 9059
1183258497 1339724796
1
sift 51
512 159
1269 422
1226 537
2071 619
1650 789
1674 839
2208 737
1753 1085
2197 942
2313 925
2194 977
2346 990
3575 947
3146 1069
2552 1205
3029 1131
3120 1243
3776 1165
4796 1104
3108 1451
3425 1363
3240 1514
3786 1395
3940 1465
3911 1475
3385 2053
4629 1670
5066 1611
4632 1710
4027 1895
4351 1966
4925 1910
5179 2126
5371 2095
6015 1941
5247 2251
4809 2756
5210 2808
5125 2919
7185 2516
4768 3737
4558 4001
5061 3696
6227 3162
7847 3189
3107 8587
6464 3816
6893 3880
7006 4209
8064 4505
6731 5881
1183258497 1418904103
1
sift 145
189 207
205 220
209 233
269 266
299 310
367 435
474 485
512 569
565 579
572 637
840 489
676 669
678 861
704 1344
993 1013
940 1293
1071 1119
1308 893
952 1536
1235 1177
1161 1495
1483 1388
1226 1743
1648 1341
1595 1389
1277 1834
1693 1442
1620 1670
1530 1837
1799 1485
1427 2169
1627 1984
1686 1966
1612 2158
1625 2147
1538 2525
2095 1709
1674 2708
1997 2109
2267 2056
1753 2993
1992 2415
1966 2597
2054 2433
1969 2640
2071 2486
1947 2750
2012 2722
2208 2532
2112 2673
2171 2670
2194 2702
2115 2828
2346 2682
2552 2395
2242 2976
2312 2940
2197 3154
2504 2729
2363 2994
2576 2764
2744 3114
2961 2966
2731 3586
3247 3094
2431 4487
2613 3960
3108 3476
3223 3431
3281 3409
3028 3758
3231 3810
3252 3780
3240 4332
3361 4236
3561 4063
3575 4333
3806 4027
3786 4142
3385 4893
3902 4184
3662 4785
3940 4345
3830 4625
4111 4148
3726 4923
4145 4414
4042 4629
4243 4234
4315 4271
4166 4606
3910 5220
4236 4652
3014 7733
4396 4910
4629 4749
4787 4766
5000 4890
4235 6092
5203 4812
6053 4104
4694 5622
4351 6279
5263 5044
4486 6024
6271 4080
4788 5734
4558 6317
4513 6691
5021 5877
5106 5989
5391 5807
4732 7082
5247 6216
5348 6134
5451 6049
5632 6029
5210 6682
5061 7055
5809 5942
5412 6670
5179 7338
5319 7191
5846 6385
5917 6344
4942 8088
5932 6641
5976 6626
6015 6842
6055 6875
5621 7866
6592 6497
6250 7210
5693 8186
6146 7489
7141 6518
7185 6515
7002 6882
6836 7162
7242 7039
6558 7896
7106 7867
7616 7848
8240 7240
7921 8073
1183258497 1446198686
1
sift 221
27 57
145 246
215 429
147 343
169 373
179 454
226 432
466 580
211 434
233 535
289 705
402 823
365 402
355 681
391 635
411 878
306 1080
420 869
418 926
483 912
419 894
447 816
478 1185
482 953
489 1026
502 1057
629 1135
470 1151
570 986
487 1267
652 1327
595 972
603 1017
606 1487
660 1411
677 1041
613 1451
666 1339
701 1392
867 1473
716 1340
795 1328
662 1540
1012 2192
775 1654
776 1750
816 1594
1129 1891
808 1701
958 1428
888 1566
1089 1979
767 2277
873 2016
1010 1619
1144 2132
1053 1682
1036 1924
981 1944
1016 3145
926 2156
1006 2190
1079 2000
1366 2457
1044 2189
1049 2657
1090 2205
1390 3438
1155 2390
1177 2594
1117 2547
1622 2720
1178 2621
1204 2574
1183 2651
1446 3307
1218 2597
1188 2866
1272 2847
1565 2934
1358 2540
1499 2835
1359 2663
1450 3940
1482 2525
1664 3775
1231 3391
1809 2713
1510 2800
1717 3779
1458 3263
1694 3151
1687 2923
1703 4499
1666 3198
1778 3248
1721 3623
1726 4368
1745 3545
1911 3310
1896 3478
1747 4439
2006 3249
1978 3517
1924 3992
1878 4143
2081 3740
1935 3984
2343 3303
1972 4079
2059 4005
2252 3611
2025 4033
2072 4020
2028 4169
2013 4341
2030 4180
2055 4464
2399 4382
2192 4510
1940 5364
2069 5435
2322 5286
2152 4657
2159 4902
2272 4859
2650 4311
2263 5005
2185 5276
2745 3917
2560 4932
2173 5401
2134 6141
2666 4720
2454 5554
2513 5067
2772 4590
2138 7095
2810 4826
2702 5296
2479 5797
2761 5224
2779 5548
2950 5022
2360 6527
2739 5567
2637 5877
2165 8446
2840 5706
2747 6529
2682 6524
2628 6509
3043 5605
2801 6383
3415 5495
3026 5733
2883 6331
2976 6154
3263 5894
2953 6238
2700 7442
3035 6286
3468 5804
2918 6693
3280 5896
3024 6559
3901 5361
3746 5240
2791 7467
2962 6942
3448 6285
3383 5911
3093 6820
3343 6456
3413 6470
4130 5029
3987 5389
3332 6953
3122 8058
3226 6802
3517 6681
3354 7574
3022 8338
3938 6115
3588 6905
4314 7552
3673 6739
3203 8087
3562 7265
4278 7784
3789 6963
3523 7911
3848 6971
4416 7731
3452 8444
3835 7657
6689 4088
4742 7921
3853 8031
4330 6654
4442 6643
4867 8405
4010 7883
4081 7864
4296 7294
4943 8581
4875 6484
4139 8148
4780 6889
4506 7542
4588 7515
5033 6922
5473 6362
4749 7517
4907 7464
4735 7879
4861 7904
4584 8431
5501 8340
5541 8711
6852 8232
1183258497 1646429863
1
sift 976
519 210
35 24
209 148
836 594
50 21
791 261
100 41
291 275
1969 1771
99 44
909 320
112 49
474 194
2242 2162
146 53
971 352
132 65
367 294
2814 2857
122 74
837 426
151 71
512 364
2699 3468
160 87
1273 399
201 81
676 438
7138 7704
188 115
1192 418
241 101
565 547
8039 6969
214 123
1253 502
307 120
714 501
7988 7067
252 147
1727 545
220 203
1058 519
217 225
1353 656
199 242
919 587
254 214
1807 745
286 190
940 590
393 150
1871 789
248 245
1106 555
358 169
1655 930
332 207
946 708
371 221
1945 802
374 227
994 676
303 268
2018 790
513 216
952 899
379 331
1829 931
470 257
1161 766
397 326
2344 814
372 384
1441 738
531 270
2311 860
483 313
1236 896
517 301
2230 917
537 292
1226 939
405 387
2361 1135
548 304
1375 906
584 295
2919 1078
480 408
1538 818
670 303
2750 1141
497 401
1295 967
402 531
2850 1262
439 478
1343 1032
627 347
3114 1199
785 310
1612 956
733 333
3338 1266
732 335
1617 1060
783 336
2895 1382
482 538
1404 1205
856 324
3524 1430
739 367
1627 1100
604 486
3689 1391
590 505
1686 1094
789 407
4379 1237
850 390
1530 1204
466 665
3348 1497
576 556
1574 1300
467 749
4053 1371
853 416
1826 1134
586 593
3995 1464
777 459
1693 1302
661 544
4181 1510
907 433
1625 1377
613 595
3842 1642
928 431
1546 1520
912 441
5146 1493
840 473
1967 1238
764 507
4215 1823
745 530
1674 1593
1096 404
4774 1905
822 496
2012 1413
942 467
4654 1956
966 472
2190 1359
780 574
4753 1961
864 542
2208 1407
793 582
5078 2022
647 709
1992 1553
1017 495
5068 2035
1022 504
2110 1595
867 573
5470 2097
721 647
2346 1542
684 705
6274 2242
910 591
2528 1463
1139 521
5831 2402
950 620
2313 1662
906 644
5819 2455
1281 567
2961 1417
915 759
5527 2583
1385 560
2197 1817
1012 715
5459 2629
1255 606
2115 1859
911 875
8328 2009
1308 608
2552 1708
1105 674
5670 2697
1083 713
1947 2209
1483 579
6824 2379
1101 760
2194 2382
1411 622
6340 2590
1130 736
3223 1926
1171 712
6667 2616
1089 842
2742 2263
1525 655
6190 2798
1356 725
2594 2460
1517 670
6918 2622
1294 784
3146 2126
1254 832
6599 2740
1324 791
3231 2192
1223 894
6322 2977
1129 973
2613 2603
953 1152
6733 3027
1396 822
3575 2148
1268 921
5810 3503
1580 756
3014 2430
1390 874
6904 3043
1798 663
3305 2325
1364 929
7011 2995
1497 856
3240 2419
1563 812
6461 3195
939 1295
3511 2347
1710 752
6900 3079
1659 783
2658 2954
1144 1091
7166 2991
1167 1086
3281 2639
1537 898
7230 2989
1633 850
5106 1950
1513 915
7119 3048
1247 1062
3662 2588
1383 1027
6665 3216
1373 1030
3726 2667
1565 945
7499 3090
2144 689
3385 2985
1518 984
7010 3312
1151 1213
4000 2632
1879 786
7331 3263
1490 1007
3334 3097
1941 764
7526 3199
1648 936
4796 2335
1366 1065
7019 3493
1671 950
4598 2440
1739 909
7393 3373
1622 997
4203 2694
1264 1182
8180 3427
1332 1142
3786 2992
1372 1129
7848 3570
1419 1110
3806 3037
1714 971
7427 3749
1999 853
4042 2943
1533 1085
8236 3648
1194 1385
4419 3005
2090 897
7671 3860
1858 988
4145 3365
1230 1400
8221 3742
1558 1146
4396 3273
1787 1021
8100 4628
1417 1246
4027 3670
1307 1334
8417 5887
1718 1069
4235 3655
1936 978
1399 1276
4351 3646
1302 1368
1754 1071
4486 3745
1258 1449
1287 1447
4751 3690
1995 1003
1607 1211
5203 3480
2277 937
1331 1456
4316 4116
2095 996
2079 1006
5179 3737
2146 991
2187 1001
4941 3857
1977 1064
2216 1043
5247 3747
2514 986
1768 1264
4558 4287
1694 1337
1528 1552
5210 3982
1653 1437
2467 1039
5976 3624
2073 1170
1763 1348
5102 4234
1778 1343
1154 2241
5879 3835
1724 1454
1464 1736
4787 4589
2523 1077
2457 1111
5842 3940
1890 1424
2113 1284
5391 4166
1809 1532
2379 1218
5061 4410
1779 1607
1916 1511
6015 3851
2071 1410
2131 1394
5318 4341
1958 1531
2493 1268
6726 3667
1978 1562
2013 1530
5172 4705
2385 1325
2443 1297
5444 4505
2185 1457
1918 1649
5632 4403
2064 1564
2267 1476
4769 5276
2203 1523
1896 1751
6557 3944
2941 1251
2153 1617
4973 5300
3265 1193
3192 1221
5119 5415
2661 1363
2318 1575
7002 3963
2734 1374
2894 1311
5640 4951
2020 1773
2093 1730
6710 4183
2184 1739
2616 1508
6227 4570
2557 1600
2092 1846
7242 4107
1935 2010
2040 1888
5412 5676
2526 1621
1948 2033
7724 4049
3187 1395
2811 1544
5621 5584
2002 2028
1914 2165
6148 5324
2992 1494
2222 1874
6813 4845
2578 1686
2332 1840
7157 4858
3309 1418
3229 1484
6081 5726
3184 1528
2061 2150
7223 4982
3278 1507
2702 1725
7006 5182
2140 2102
2477 1842
6464 5833
3135 1568
2252 2050
8382 4588
2832 1688
2390 1948
6836 5653
2159 2183
3005 1670
6731 6032
2844 1760
3505 1543
6041 6756
2225 2205
2729 1849
7853 5452
3418 1616
2772 1836
8535 5000
2964 1768
2480 2041
7820 5589
2359 2178
2907 1805
7971 5668
3919 1502
2794 1873
7847 5801
2228 2365
2817 1886
7545 6068
2727 1936
2456 2218
7946 5940
2943 1867
1965 2706
7456 6370
2721 2053
3400 1755
7982 6085
3345 1779
3644 1733
8660 5572
3836 1685
2662 2186
7172 7524
3161 1889
3189 1881
8064 6785
3720 1737
3428 1841
7619 7992
3105 1964
3029 2023
8266 7591
3247 1915
2263 2630
7630 8259
2863 2133
3946 1719
2780 2216
3616 1826
3483 1856
3307 1935
3828 1800
3046 2137
2615 2458
3108 2154
3310 2060
3723 1878
1939 3459
3120 2187
3133 2196
3425 2044
3643 1939
3077 2248
2969 2319
4129 1827
3586 2026
3607 2017
3496 2070
3399 2124
3638 2019
3009 2361
2517 2729
3955 1912
3992 1910
3917 1944
3824 1992
3606 2158
3218 2345
3756 2118
3203 2378
4226 1901
3202 2388
2725 2700
2993 2506
3321 2337
3831 2145
3406 2344
2922 2612
3026 2562
2950 2615
2485 3181
3508 2366
5067 1811
3849 2237
3715 2308
3144 2587
4301 2066
4007 2217
3215 2586
4971 1872
3778 2342
4210 2136
3477 2471
4155 2174
3073 2710
3062 2728
3776 2390
3541 2480
4270 2172
3097 2759
3841 2387
3918 2352
4369 2153
2849 3032
3438 2601
2956 2953
3023 2912
2784 3176
4731 2075
3359 2680
2760 3220
3220 2785
4080 2371
4271 2290
3975 2422
3987 2420
3561 2634
3883 2491
3117 2959
3217 2887
3998 2462
4863 2149
4107 2436
5095 2108
3988 2517
4570 2278
4354 2372
4003 2546
5263 2106
3772 2722
4506 2377
4658 2348
4257 2501
3504 2956
5338 2229
3253 3285
4808 2380
3867 2881
3431 3215
3925 2871
4096 2787
4869 2441
3888 2960
3536 3227
5811 2275
4227 2805
4266 2825
5132 2481
4018 3050
4660 2653
5310 2451
4500 2732
4158 2942
4156 2946
4879 2597
4837 2609
5339 2465
3288 3790
3416 3652
4691 2724
4362 2884
4081 3130
5229 2555
5209 2559
3835 3342
3735 3476
3866 3360
4179 3106
4635 2812
4130 3160
4139 3164
4008 3311
3929 3384
3437 3870
5202 2657
3746 3608
4507 2987
4459 3028
6864 2232
4630 2952
3589 3808
4785 2864
3985 3450
3532 3886
3588 3885
3938 3601
3634 3891
4704 3060
4170 3470
4556 3188
3093 4740
4308 3412
5120 2975
5129 2976
6271 2556
4561 3355
5429 2961
6033 2704
5248 3063
4225 3801
4681 3451
5000 3302
4639 3533
5717 2972
5191 3210
5030 3295
2642 6390
5897 2928
4925 3407
4140 4014
5917 2950
4795 3546
4572 3718
5064 3390
5733 3100
4584 3760
6052 2927
4682 3697
3328 5316
5709 3169
3968 4388
4091 4278
5891 3171
5181 3552
6407 2910
5773 3255
5677 3317
6650 2846
4749 3876
5505 3526
5414 3599
3775 5122
5696 3435
4775 3959
7461 2749
4791 3970
5806 3464
6659 3029
4907 3972
5277 3798
5128 3888
5366 3778
4656 4152
4554 4247
6297 3234
6031 3387
5606 3732
4684 4225
3850 5443
7034 3062
4562 4387
5029 4051
4632 4347
4566 4414
3997 5301
6722 3170
6695 3201
4836 4232
5675 3810
4497 4567
5382 3955
5910 3661
5846 3710
6344 3382
5953 3658
5005 4167
3384 6353
6077 3590
5013 4229
5950 3733
5413 4028
4735 4558
7286 3165
6354 3558
4487 4895
5033 4316
5265 4197
5521 4072
6985 3322
6176 3750
5859 3950
6649 3512
6453 3653
7233 3341
6309 3773
6941 3487
7582 3272
6609 3631
7648 3267
7102 3448
5744 4131
5534 4324
6605 3734
4746 5097
5327 4482
5542 4355
5184 4664
6586 3766
6278 3932
5858 4187
5685 4349
8312 3200
5573 4465
7605 3457
6055 4096
7291 3593
6101 4075
6273 4017
6966 3748
7765 3437
4623 5564
5660 4540
6598 3907
5754 4444
6173 4127
6884 3867
6592 3969
6872 3890
6825 3910
8554 3245
5355 5021
5778 4606
5222 5211
6964 3933
8044 3591
7284 3849
5612 4964
5356 5224
7885 3687
5075 5496
6415 4224
4812 5777
5820 4833
7117 3977
8329 3592
6045 4602
5906 4780
5747 5017
7919 3785
6742 4198
5371 5451
5741 5233
6761 4284
7782 3937
6773 4296
6121 4828
6554 4449
6746 4366
6898 4318
6478 4599
6871 4359
7357 4139
7484 4106
5495 5722
7409 4177
6141 5042
6587 4626
6230 5039
6270 5014
5520 5812
6861 4581
6494 4910
6799 4688
7477 4311
6356 5084
5983 5453
6156 5292
6682 4809
7304 4448
7200 4560
6484 5078
6280 5334
6291 5327
8223 4114
7571 4400
7431 4501
6754 4957
6550 5115
7764 4380
6795 4990
8361 4137
6597 5177
7133 4815
7185 4785
7246 4760
5175 6677
7831 4466
6752 5156
8496 4119
7504 4671
6560 5335
4479 8053
6279 5576
7405 4766
5238 6753
8024 4460
7625 4716
7127 5061
7031 5133
5418 6664
7169 5070
6499 5554
7269 5071
6513 5585
6362 5741
6640 5513
7038 5272
7068 5254
8277 4523
7252 5162
6074 6029
7134 5261
6963 5400
8579 4339
7098 5396
8470 4471
8281 4711
8515 4510
7203 5419
7981 4959
7180 5462
8151 4901
8659 4421
7407 5456
8366 4881
8438 4826
8377 4938
7615 5499
7584 5524
6694 6035
6785 5995
6673 6108
8463 4996
7920 5399
6331 6452
7869 5480
8363 5185
8072 5407
7903 5527
7334 5871
8311 5372
7388 5916
7683 5754
6876 6251
7862 5699
8170 5518
7110 6117
8594 5172
6520 6662
8006 5689
7417 6081
7264 6210
6958 6455
8638 5306
6701 6777
7120 6465
8310 5783
8500 5648
6933 6768
8412 5787
6401 7639
8045 6073
7231 6624
7064 6862
8545 5892
8215 6144
7933 6387
7608 6632
7736 6660
7939 6742
7832 6843
7597 7113
8422 6340
7538 7289
8419 6414
8268 6577
7876 6968
8591 6275
8351 6712
7728 7448
7321 7842
8090 7047
7689 7536
7340 8000
7927 7619
8341 7218
8213 7406
8278 7476
8669 6640
8561 7202
7804 8163
7137 8438
8647 7215
8208 8068
8539 7638
8026 8279
8325 8076
8490 8072
8610 8008
8517 8250
8657 8300
1183258497 1923562747
1
sift 1210
64 57
1 4
108 104
3 12
55 52
190 253
37 95
100 159
50 94
88 106
221 239
75 184
146 205
122 181
124 103
223 285
138 152
173 202
132 210
215 208
271 363
140 236
255 232
149 230
230 207
318 353
160 240
201 288
210 212
226 221
301 387
194 311
216 292
252 371
283 234
351 367
266 262
250 319
220 442
297 293
370 376
241 386
307 365
284 406
305 316
384 407
312 339
414 396
286 421
339 346
558 440
360 369
393 447
374 567
427 337
744 543
421 340
358 519
321 743
447 329
598 674
389 373
335 568
436 633
428 389
658 617
441 390
385 504
405 807
456 393
697 690
391 464
452 434
402 861
435 466
792 795
448 443
485 479
506 619
606 409
862 794
418 580
450 589
466 720
478 498
903 766
620 432
513 645
411 911
603 468
837 912
544 535
454 780
439 839
588 496
1003 800
569 512
580 602
470 797
629 513
932 884
774 448
583 604
480 761
686 482
1073 753
724 478
668 563
479 828
666 528
895 1092
690 516
549 736
591 689
652 553
968 1026
563 768
548 845
517 949
808 584
963 1054
701 621
627 708
542 896
662 656
1136 925
483 1059
727 667
597 814
695 723
971 1220
595 856
616 859
556 981
816 671
1046 1142
829 668
766 713
740 844
870 651
1007 1203
624 971
853 873
609 1214
637 948
1100 1123
929 664
817 933
804 941
751 816
1244 1030
825 742
843 927
613 1447
873 706
1131 1165
844 746
728 1044
656 1305
810 833
1238 1202
937 752
924 887
953 961
725 987
1352 1163
884 825
864 997
677 1488
1036 738
1192 1411
926 830
835 1039
907 1025
890 895
1253 1334
975 817
861 1024
827 1200
734 1095
1368 1261
917 901
822 1120
721 1547
1010 809
1448 1231
1141 732
849 1137
647 1873
995 866
1645 1131
1159 745
928 1144
735 1605
981 907
1434 1315
1175 786
1130 977
801 1541
1014 951
1319 1443
1062 918
1019 1115
948 1267
765 1342
1229 1552
1090 914
912 1410
939 1374
1052 956
1353 1449
857 1192
1408 993
868 1532
1032 999
1509 1326
723 1524
1158 1319
950 1533
1079 965
1456 1525
921 1141
1221 1506
831 1831
1128 975
1495 1520
1000 1127
1171 1649
1012 1472
991 1169
1734 1323
996 1167
1339 1661
969 1599
1178 974
1676 1446
1025 1149
1273 1836
1089 1528
1155 1012
1765 1384
1344 913
1364 1781
1312 1280
1174 998
2049 1277
979 1256
1525 1647
1016 2051
1020 1211
1562 2145
1190 1038
1537 1675
1129 1761
1360 950
2511 1450
984 1444
1517 1906
1216 1614
1184 1196
1792 1944
1206 1187
1458 2042
1324 1572
1231 1198
1829 1908
1623 967
1634 1911
1356 1568
1362 1129
2004 1747
1183 1347
1644 2174
1078 2113
1272 1257
1870 2002
1359 1219
1999 1945
1144 1961
1365 1210
2032 1939
1474 1139
1659 2528
1050 2241
1393 1193
1727 2342
1292 1316
2249 1823
1254 1746
1271 1339
1917 2141
1496 1151
2315 1793
1279 1741
1519 1178
2027 2096
1482 1229
2407 1846
1194 2014
1472 1239
2175 2080
1553 1237
1983 2203
1167 2129
1579 1245
2563 1885
1463 1366
2161 2082
1230 2146
1510 1358
2508 1976
1568 1373
1995 2286
1264 2092
1666 1333
1945 2472
1566 1475
1851 2710
1592 1688
1095 2126
2330 2230
1593 1496
2048 2403
1142 2417
1395 1646
2018 2527
1554 1596
2327 2295
1285 2149
1507 1678
2697 2068
1721 1523
2447 2245
1390 2076
2212 1218
2470 2255
1745 1534
1908 2958
1366 2123
1667 1626
2544 2215
1817 1509
2079 2723
1428 2132
1703 1644
2230 2657
1547 1883
2131 2881
1150 2781
1743 1604
2570 2357
1596 1840
2580 2389
1512 2064
1600 1871
3213 2047
1865 1554
2311 2766
1278 2456
2033 1464
2423 2609
1640 1844
2084 3112
1638 1962
1706 1748
2611 2463
1422 2161
2514 2600
1533 2218
1697 1772
3245 2165
1371 2281
2467 2717
1622 2131
1777 1718
3228 2251
2059 1539
2187 3358
1315 2671
1746 1859
2880 2587
1971 1611
2811 2654
1412 2589
1930 1654
3194 2449
2106 1582
2825 2644
1331 2818
1841 1821
2672 3004
1962 1783
2437 3346
1687 2201
2028 1732
2617 3126
2060 1729
2526 3236
1565 2392
1921 1901
3007 2750
2006 1788
3015 2803
1417 2911
2019 1835
2923 2954
2285 1672
2868 3029
1486 2773
2343 1662
3025 2888
1436 3125
3415 2610
1450 3325
2353 1803
2559 3489
2162 1957
3446 2611
1809 2427
1998 2104
3527 2604
2271 1891
2781 3238
1754 2544
2236 1935
3476 2649
1974 2190
3058 3082
1778 2498
2304 1969
3051 3130
2375 1948
3401 2785
1694 2915
2668 1736
3597 2678
2218 2083
3232 3065
1810 2727
2618 1760
3627 2790
2170 2128
3375 3036
2183 2239
2454 1930
3274 3323
2444 1980
2894 3472
2064 2381
2693 1801
3449 3166
2486 1955
3822 2828
1732 3207
2292 2122
3318 3304
2399 2077
3610 3016
2081 2562
2840 1777
4439 2499
2322 2168
2796 3797
1914 2978
2747 1916
2750 4079
2676 1958
3428 3161
1788 3218
2001 2533
3487 3239
2666 2006
3278 3354
2142 2647
2973 1847
3668 3127
1899 2800
4065 2756
2013 2874
2560 2182
3423 3335
2378 2321
2963 3652
2199 2598
2761 2090
3649 3167
3479 1790
3135 3473
1948 3038
2644 2204
3337 3410
2637 2231
3525 3164
2119 2794
2739 2232
3681 3155
2037 2970
3256 3450
1896 3352
2810 2200
3139 3632
2677 2269
3753 3136
2040 3093
2709 2307
3568 3271
2192 2919
3780 3140
2324 2819
2428 2663
3390 3409
1935 3464
3617 3303
2134 3135
2118 3149
3613 3332
1910 3629
3219 3665
2002 3431
2859 2396
4095 3284
2185 3157
3321 3569
1832 3939
2843 2442
3559 3778
2301 3075
3400 3527
2174 3387
3003 2360
4157 3405
2765 2568
3542 3399
2092 3553
2769 2563
3742 3871
3387 2227
3550 3422
1845 4579
2484 2981
3842 3814
2826 2565
3307 3768
1901 4441
2501 2973
4357 3371
2650 2772
4607 2865
2020 3904
2682 2856
4038 3660
2159 3611
3448 3809
2600 2961
3602 2268
2931 5413
2153 3681
3539 3960
1913 4673
3053 2567
3995 3810
2155 3745
3605 4057
1939 4684
3579 2340
3530 4506
2770 2962
3637 4077
1978 4610
3079 2676
4337 3534
3611 2352
3518 4270
2057 4332
3632 2365
5731 2886
2061 4335
3424 4570
2438 3545
2773 3041
4375 3641
3076 2729
4176 3599
2732 3193
3196 2640
4526 3562
3150 2675
3680 4300
2252 4052
2951 2937
4673 3490
3516 2535
2941 5766
2480 3657
3162 2847
4461 4042
3170 2852
4840 3314
2464 3992
3598 2532
4347 4337
3351 2702
4129 4026
2772 3520
3179 2866
4969 3764
3165 2905
4270 3881
2535 3953
3440 2681
4938 3793
3057 3095
3497 5146
2403 4498
2608 3618
5098 3678
3413 2802
3356 5386
2721 3695
3481 2830
5078 3847
3492 2825
3736 4877
2517 4202
3433 2882
5162 3818
3301 3012
4096 4293
2909 3513
3197 3107
5231 3897
3019 3285
4636 3736
2832 3613
3316 3044
5294 3934
3332 3087
4875 3823
2696 3951
3330 3105
5038 4174
3789 2776
4364 4520
2615 4134
3604 2947
4181 5354
2893 3570
4494 4487
2502 4557
2845 3639
4388 5096
3809 2835
4480 4553
2655 4157
3757 2877
4847 4703
4010 2744
5157 3833
3091 3555
3048 3572
5421 4127
3034 3604
3949 5396
2849 4027
4110 2809
4968 4603
3442 3320
4443 4641
3180 3654
3255 3508
4654 5001
3456 3321
4500 4656
2950 3969
3022 3735
4752 4934
3562 3256
4640 4530
2956 4058
2991 3841
5056 4760
3859 3094
4583 4636
2628 4909
3673 3226
4371 5556
3899 3110
4666 4787
2945 4151
3730 3217
4960 4948
3101 3815
4304 5225
2890 4281
4194 2903
5567 4491
3698 3296
4944 4566
3046 4143
3727 3263
5672 4462
4077 3064
4645 4953
2953 4331
4314 2878
5161 5017
3958 3182
4271 5446
3097 4041
4416 2870
5167 5110
2518 5422
5491 4264
2993 4355
2898 4509
5246 5046
4037 3186
4709 5134
3133 4112
4349 2975
4815 5479
2513 5519
4808 5121
2922 4616
2997 4418
5462 5094
4177 3115
4257 5890
3310 3906
4213 3096
5264 5337
4004 3255
3720 7190
3105 4284
3926 3343
5142 5439
3250 4019
5122 4961
3073 4375
4131 3260
5862 4844
3132 4313
5154 4963
3226 4171
3705 3643
5750 5109
3253 4233
4797 5349
2917 4913
3592 3801
5668 5191
3202 4424
4979 5274
3203 4457
4886 2893
5065 5700
3311 4292
4467 5978
2610 6016
4780 2948
5852 5097
3342 4232
4863 5514
3329 4519
3699 3787
5173 5696
3853 3680
4319 6355
3062 5200
3152 4804
5963 5043
4220 3386
5936 4585
3848 3974
3833 3791
5764 5288
3177 4874
5044 5558
3117 5208
3270 4761
5158 5811
3622 4189
5209 5594
3685 4356
3777 3977
5476 5705
3528 4414
5130 5692
2700 6340
4288 3504
5099 6219
4736 3206
6730 4398
3523 4882
4142 3649
5769 5596
4722 3246
5202 6013
3093 5662
3426 4736
6804 4702
4965 3160
6012 5204
3452 5108
3871 4118
4927 6650
4056 3888
5369 5922
3701 4823
2800 6163
4881 6837
3458 4901
5792 5585
3009 5986
4647 3484
6340 5183
3686 4666
6294 5363
3821 4681
4189 3859
5470 6329
4197 3926
5428 6383
3850 4734
4699 3533
5819 5929
4313 3822
5670 6190
3694 5067
4286 3945
6303 5470
4490 3779
5831 5999
3532 5306
4678 3670
6274 5617
3295 5673
5273 6923
3772 5037
4034 4575
6190 5790
4204 4271
5583 6589
3383 5567
4909 3589
6266 5787
3811 4992
6278 5638
4033 4692
5539 3328
7265 5133
4851 3653
6413 5526
4193 4428
3124 6200
6923 5364
3852 4987
5891 6185
3313 5935
4252 4326
6114 6049
4646 3896
4805 7638
4016 4965
3858 5100
6755 5469
4283 4460
6478 5591
3588 5565
4687 3930
6404 5748
3371 5868
5824 6507
3606 5652
4182 4642
6325 5833
4547 4120
6153 6146
3417 6009
4580 4178
7978 4855
3790 5417
7893 5070
3836 5377
4499 4336
6822 5658
4895 3898
6906 5630
3199 6613
3971 5206
5828 6990
3205 6661
7134 5573
4826 3998
5886 3374
6231 6435
4770 4059
6106 6749
3380 6244
4745 4128
6403 6360
5714 3501
6753 6004
3659 5763
5051 3882
5540 7633
4368 4677
6986 5805
3808 5603
4841 4110
6733 6082
4550 4493
6133 6808
3982 5387
4195 4981
7873 5394
4125 5198
6182 6842
4155 5182
4596 4599
7274 5776
3536 6224
6261 6778
3482 6465
5517 3747
6555 6484
5563 3712
6627 6318
3297 7048
5488 3796
6399 6767
5466 3875
6649 6415
3829 5910
5455 3891
6388 6795
5233 4073
6711 6472
3431 6869
4355 5171
6781 6411
4492 4995
7032 6168
3569 6592
6195 3511
7666 5713
3625 6504
6695 6509
3582 6801
5610 3923
7267 6029
5556 3999
6118 7269
4158 5609
5530 4033
6665 6607
5270 4311
5953 7552
4620 5052
6209 3578
6461 6998
4865 4767
7638 5839
4179 5571
4740 5027
7364 6205
3634 6797
6407 7140
3929 6144
5441 4409
7703 6030
3987 6033
6741 6829
3477 7183
5306 4589
8156 5728
4301 5515
7014 6698
4020 6133
4888 5033
6585 7164
3886 6497
6721 7014
3769 6813
5781 4141
6766 7073
3938 6447
6659 7132
4007 6495
5551 4508
7603 6325
5746 4302
7017 6858
4566 5512
4518 5522
7577 6387
5168 4885
6994 6934
4399 5726
4537 5507
6633 7285
4830 5210
7183 6787
4139 6342
5813 4309
7877 6308
4653 5456
7734 6338
4330 5981
4700 5540
6800 7283
4080 6630
6605 7373
3997 6872
5256 5104
7659 6600
4130 6588
7902 6393
4081 6731
4317 6179
7324 7023
4183 6514
7010 7291
3869 7417
4726 5718
8478 5992
5025 5436
7605 6827
4506 6456
5796 4800
7671 6803
4725 5772
6587 7636
3968 7586
5159 5379
7896 6677
5699 4936
6637 7629
4862 5941
4298 6585
7383 7111
5907 4797
7848 6747
4584 6563
5734 5012
7875 6847
4320 6666
6983 7507
4275 7228
5740 5029
8390 6341
5373 5357
8379 6298
4188 7455
5496 5264
8257 6655
5626 5169
7443 7391
4682 6591
5368 5398
7611 7376
4641 6209
8068 6997
4762 6457
4959 5764
7526 7474
5767 5080
7483 7490
5112 6126
4401 6673
8079 7362
4755 6052
7607 7444
4861 6543
6939 3981
8129 7361
4664 6232
7476 7558
4497 7184
5362 5448
7175 7751
4721 6197
8243 7177
4661 7075
6431 4450
8322 7322
5818 5151
8584 7557
4997 6556
5655 5361
5706 5365
8102 7776
4735 6968
5164 5938
6256 4919
4258 7708
5832 5359
5528 5677
4639 7280
5226 5990
5883 5388
4749 7120
5034 6287
5618 5637
4656 7356
6763 4620
5958 5344
4683 7317
5690 5619
6603 4813
4791 7174
5096 6468
6339 5178
5419 6505
6414 5120
6305 5238
5498 6420
4923 6902
6643 5041
5033 7430
6581 5119
6317 5399
5064 7529
5461 6440
5823 5933
6179 6059
5198 6834
6129 5635
5685 6897
5564 6479
6039 5779
5806 6755
6469 5453
6167 5759
6017 6402
6984 5176
7742 4757
5075 7660
8167 4473
6120 5837
5542 7469
6126 5904
5867 6326
6309 6680
5924 6245
6370 5689
6193 6916
4921 7618
6794 5445
6029 7145
6299 5912
7132 5322
6908 6124
6393 5878
6518 5767
6073 7109
5992 6502
6973 5482
5473 7750
6960 5640
6713 5850
6052 7310
6657 6077
7798 5402
5938 7677
6577 6262
6870 6037
6035 7609
6624 6260
6485 6429
6297 7583
8038 5331
7105 5863
6752 7398
6264 6802
6982 5987
7029 5957
7367 5765
6858 6228
7039 6074
6189 7147
7195 6066
6575 6833
6099 7477
6656 6817
7882 5870
7641 6166
8687 5092
7421 6529
6692 7289
7995 6150
7645 6512
8605 5613
7576 6629
8165 6136
7850 6466
7884 6475
7967 6473
7563 6896
8359 6174
7320 7223
8407 6289
8032 6718
8416 6363
7883 7286
8444 6846
8077 7353
8160 7512
8293 7482
7897 7753
1183258497 2102469315
1
sift 128
147 379
227 461
220 444
211 594
456 817
321 704
402 641
419 956
411 810
420 1029
428 1210
489 905
483 945
570 992
470 1303
502 1220
603 1198
1129 1952
606 1304
629 1346
1012 2643
652 1510
701 1499
1144 2250
666 1618
795 1550
1254 3199
775 1811
816 1716
1565 2416
808 1780
958 1526
1458 2801
889 1770
767 2398
1390 2992
873 2240
1053 1852
1687 2839
1036 2322
1079 2259
1809 2825
931 2946
1090 2648
1896 2788
1175 2391
1049 3049
1694 3475
1155 2668
1360 2334
1715 3391
1224 2769
1177 2988
1978 3158
1174 3111
1178 3177
2081 3617
1173 3590
1272 3198
2252 3417
1126 4263
1482 3118
2324 3396
1666 3751
1596 4237
2159 4688
1624 4148
1721 3897
2192 4650
1745 3957
1703 4876
2152 5322
2028 4030
1769 5168
2702 5561
2156 3846
1972 4351
3043 5110
1924 4794
2343 3907
2953 6246
1726 6330
2322 5741
3283 6634
2085 6483
2455 5747
3202 7290
2870 5666
2840 5784
3987 5934
2364 7765
2761 6184
4130 6814
2739 6558
2682 6928
3848 8154
2666 7089
2883 7225
3835 8268
2790 8190
2747 8417
4155 7993
2612 8812
2976 7698
4081 8364
3673 6610
3804 6656
4139 8219
3162 8499
3562 7751
4275 8100
3684 7896
3853 8495
4447 7961
4314 8107
4867 7644
4907 7309
4584 8000
4742 8272
4506 8160
5541 6740
4736 8329
5033 7583
5501 7918
5488 8307
4661 8887
6699 8338
6756 8667
1183258497 2118799435
1
sift 401
172 60
212 38
163 33
214 69
445 155
414 114
371 127
407 147
1248 454
458 124
531 189
351 202
1098 517
601 176
537 198
587 183
1104 742
498 350
777 271
826 256
1179 955
752 281
676 325
909 247
1682 824
932 261
732 309
990 252
1758 984
806 346
880 290
853 296
1532 1188
964 345
843 298
789 348
2223 1132
1003 338
783 357
850 370
2448 1056
1027 354
906 427
973 405
1964 1883
1138 400
1099 402
1192 381
3244 1841
1249 369
1022 490
1100 441
3243 1842
1145 436
1038 485
1017 511
3493 1779
1368 430
1517 411
1115 521
4092 1733
1253 532
1200 588
1244 578
3707 1931
1405 589
1633 497
1525 526
4651 1669
1621 574
1083 735
1563 569
4405 1894
1335 698
1739 580
1917 512
3711 2190
1705 609
1332 826
1442 699
3898 2262
1677 654
1497 794
2032 538
4159 2171
1854 660
1710 732
1628 775
4264 2397
1741 841
1858 748
1686 856
4626 2680
1734 849
1879 795
1870 817
5812 2332
1981 858
1941 792
1977 801
4378 3211
2009 937
2457 728
2200 804
5331 2932
2049 931
1718 1042
2090 868
5904 3061
1894 1078
1936 993
2385 843
6566 2857
2365 962
2222 914
1988 1030
5726 3210
2361 976
2346 925
2187 995
5972 3223
1835 1235
2267 1163
2344 1034
6232 3189
2015 1169
2318 1156
2327 1059
6497 3498
2067 1231
2204 1204
2330 1205
7830 3561
2355 1220
2379 1242
2697 1136
7001 3939
2617 1168
1933 1495
2611 1202
6856 4102
2381 1298
2208 1350
3100 1125
7613 4066
2393 1363
2313 1402
2896 1211
7668 4290
2508 1459
2961 1239
2493 1409
7494 5209
2713 1369
2552 1609
2880 1372
8664 4680
3018 1352
2538 1637
3309 1334
6350 6642
2669 1564
3346 1494
3491 1362
7308 5936
3335 1449
3223 1555
3007 1554
7956 5943
3194 1511
3029 1655
3232 1523
2872 1696
2907 1755
2787 1770
3365 1545
3723 1518
2981 1711
3862 1512
3992 1484
2720 1966
3058 1821
3184 1796
3527 1656
3843 1599
3146 1869
3044 1877
4181 1561
2575 2129
2844 2016
3390 1866
3108 1939
3406 1840
3613 1835
3955 1721
3616 1850
3128 2027
3575 1873
4095 1712
3627 1875
3247 2037
3405 1968
3581 2040
3120 2076
3305 2029
2815 2462
4096 1872
4771 1731
3649 2072
3776 2023
3425 2174
4347 2009
3281 2393
3988 2083
5007 1944
3946 2133
3756 2239
4015 2254
4210 2147
3142 2755
4357 2179
3561 2547
3348 2707
3753 2534
4243 2248
4145 2327
3774 2640
3867 2490
4156 2444
3564 2772
3976 2634
5470 2063
5065 2149
5229 2145
4006 2603
4461 2417
4572 2406
5764 2058
4451 2503
4362 2588
5769 2110
4847 2389
4796 2441
4673 2459
4657 2502
4409 2780
4328 2639
4960 2419
4808 2632
4478 2659
5462 2334
4632 2791
4936 2526
5973 2221
4863 2735
5161 2510
4784 2710
4629 2884
5722 2425
4821 2774
5339 2706
6855 2194
4968 2809
4795 2942
4938 2835
5400 2694
4681 3160
5888 2586
5231 2828
5203 2985
5252 2877
5672 2759
6104 2777
4760 3058
5077 2980
5824 2917
5142 2977
4430 3379
6271 2768
6506 2674
6153 2819
5709 3014
6015 2883
4866 3399
4704 3494
5534 3170
5098 3367
6722 2854
5430 3319
5160 3537
5000 3647
4969 3717
6792 2927
6101 3200
4718 3949
6821 2967
5720 3456
5939 3240
6084 3179
5677 3534
5358 3620
5567 3535
6877 3032
5426 3651
5056 3917
6407 3161
5998 3333
6755 3060
7504 2946
5580 3645
6428 3254
5917 3576
5852 3635
5857 3697
7431 3136
6266 3517
6114 3654
6726 3354
6325 3568
7213 3231
5846 3912
6106 3727
5476 4252
5932 4013
5828 4019
6823 3439
6964 3564
6599 3596
7230 3417
6650 3721
6392 3821
7577 3444
6055 4125
6741 3736
7018 3652
6885 3707
6557 3860
6781 3761
6815 3818
7660 3442
7526 3487
7002 3849
7770 3435
6237 4141
7068 3989
6766 3874
6399 4080
6673 4205
7849 3470
6200 4254
5444 5383
6585 3997
7384 3662
7644 4269
6707 3956
6711 4319
6682 4768
7848 3843
7007 4206
7831 4349
8174 3722
8079 3810
7863 4725
7893 3948
8222 3895
7920 5252
7175 4372
7442 4346
7358 5592
6923 4600
7122 4518
8278 5163
7382 4472
7659 4391
8057 5283
6748 4802
8156 4299
8544 5271
8129 4400
7611 4635
8281 5945
7156 4865
8546 4275
8679 7480
8180 4555
8257 4530
8684 7964
7637 4859
8415 4512
8029 4723
7875 4806
7473 4978
7877 4831
7840 4892
7142 5341
8383 4850
7099 5629
7627 5364
8533 5037
7718 5937
7902 6518
