1308641291 1537327672
1
sift 540
199 274
477 388
13 58
29 112
41 61
280 340
791 677
32 96
53 137
65 115
296 428
1422 1454
77 117
61 181
60 153
651 970
3563 2714
70 139
107 275
106 120
803 1093
3581 3145
108 125
104 363
103 146
1015 988
4009 3493
88 190
163 328
100 167
1065 1124
4738 2975
114 154
150 350
119 162
1082 1167
5532 4899
132 207
217 468
126 242
946 1429
6595 4454
166 222
309 558
185 224
1306 1558
5808 5606
196 218
299 660
174 240
1392 1965
6359 5657
180 239
370 590
176 285
1520 1810
6819 5690
138 333
386 858
215 264
1706 2138
7644 5693
202 294
466 795
208 321
2073 2224
6888 6613
295 289
425 946
223 367
2043 2326
6803 6785
320 287
470 945
262 345
2016 2771
8547 6933
254 390
462 992
242 420
2402 2485
8713 6944
264 386
414 1127
249 431
2397 2535
9370 7039
229 484
510 914
292 433
2635 3435
8986 7715
360 403
590 986
364 458
3375 3286
385 412
598 968
346 493
3170 4552
513 332
540 1126
313 578
4033 3748
430 423
719 852
393 470
3777 4343
401 454
755 1041
397 483
4727 4367
395 497
652 1325
493 413
4229 5244
373 530
720 1513
490 438
5476 6679
410 585
802 1283
420 593
5857 6319
566 499
735 1531
474 621
5446 6835
456 692
900 1461
509 694
6462 8029
506 740
871 1545
660 584
6207 8395
628 618
1016 1447
546 724
7518 8456
607 659
1005 1542
689 634
488 1061
982 1642
600 780
706 726
861 1978
751 687
536 1056
1152 1621
576 1012
611 950
830 2534
731 844
820 749
1086 1824
784 879
690 1042
1097 2247
797 865
872 769
1344 1801
829 859
746 1154
1190 2196
817 1003
836 964
1224 2175
876 903
806 1150
1273 2094
846 1095
707 1540
1284 2147
914 1030
1108 894
1455 1912
1307 772
774 1383
1516 2255
942 1035
1157 960
1427 3014
1046 1076
815 1412
1634 2544
1027 1114
910 1210
1565 2760
1071 1140
1246 1050
1515 2995
1118 1157
889 1479
1551 2901
1173 1184
1346 1072
1710 2682
1181 1206
1319 1145
1731 2738
1189 1266
1192 1275
1676 2958
1136 1397
1148 1436
1598 3320
1232 1330
1160 1450
2009 2465
1114 1511
1120 1566
1994 2606
1292 1318
1388 1203
1848 3117
1059 1707
1321 1355
1919 2903
1186 1601
1214 1544
1790 3440
1238 1519
1377 1337
1921 3672
1122 1757
1408 1345
2106 3469
1490 1301
1463 1416
2056 3646
1279 1736
1486 1437
2405 3063
1402 1584
1325 1806
2079 3893
1823 1241
1540 1506
2139 3837
1364 1785
1658 1444
2198 3897
1597 1504
1639 1592
2074 4256
1843 1438
1636 1665
2434 3584
1375 2064
1354 2205
2234 4184
1502 1894
1550 1869
2529 3653
1481 2062
1541 1958
2184 4481
1456 2156
1656 1896
2558 3722
1471 2428
1647 2126
2423 4032
1571 2315
1813 1971
2113 5096
2489 1543
1810 2059
2591 4074
2235 1712
1583 2474
2170 5663
2035 1897
2033 2004
3124 4573
2276 1883
1948 2262
3197 4495
2014 2152
1934 2296
3571 4084
1726 2661
1644 3046
2958 5219
1838 2654
2566 1878
3049 5079
1866 2640
2464 2031
3017 5302
2051 2427
1712 3357
3002 5558
1747 3257
1932 2775
3271 5886
2936 1823
1960 2825
2803 8041
2126 2670
2978 1948
4182 4851
2138 2842
2443 2497
3419 6049
2505 2455
2538 2436
3758 5563
1812 3933
2072 3185
3380 7269
1961 3502
2249 2891
4328 5551
2299 2923
2497 2631
3973 6519
2015 3478
2175 3189
3828 6940
2303 3035
2453 2807
3459 7966
2220 3194
2311 3113
3760 7239
2604 2700
2179 3484
3717 7429
2747 2777
2372 3445
4376 6175
2354 3623
2124 4139
3939 7624
2448 3524
2620 3213
3845 8410
2629 3284
2811 3011
4590 6248
2690 3276
2185 4371
4603 6427
3257 2635
3186 2722
4479 6788
2861 3094
2845 3137
4034 8676
3067 2886
2950 3197
4776 7211
4002 2524
2928 3390
4704 8055
3883 2633
3071 3260
5150 7145
3098 3313
3964 2740
5561 7820
3117 3393
2820 3874
5614 7913
3232 3361
3389 3219
5640 8518
2340 5594
3004 3766
5903 8383
3602 3174
4108 2855
6101 8135
3001 3865
2786 4277
6401 7953
3191 3788
3938 3181
6332 8443
3175 3854
3526 3523
3076 3992
3427 3797
3435 3809
5394 2514
2966 4517
4017 3433
3541 3861
3730 3811
3326 4235
3850 3771
4113 3645
4176 3691
3074 5031
3655 4222
3538 4438
3340 4802
3351 4845
3997 4110
3325 4978
3508 4833
3728 4536
3198 5370
3610 4729
3778 4662
3895 4645
3051 6128
4218 4304
4137 4442
2969 6421
5631 3255
4305 4229
3681 5175
3654 5355
4894 3777
3672 5399
4132 4783
4193 4730
4389 4534
4155 5071
4697 4200
4731 4182
4432 4671
4454 4649
4931 4293
3957 5869
3954 5891
4462 5012
3337 7391
4700 4773
4370 5392
3656 6914
3920 6394
5126 4541
3801 6825
3948 6532
4690 5326
4932 5128
4147 6706
4681 5604
6592 4097
5268 5108
4355 6413
4812 5608
4677 5824
4743 5739
4752 5857
5335 5454
4997 5845
4315 7182
5158 5669
4625 6415
4561 6603
4146 8083
4725 6340
5188 5939
5702 5552
4970 6400
4647 7088
5653 5916
4324 8508
4886 6953
5115 6873
5755 6210
5776 6290
5839 6359
5728 6529
5388 6960
7115 5276
6455 5986
5479 7136
7188 5394
5747 6934
7819 5189
5966 6842
5876 7054
6726 6233
5293 8268
7075 6021
7359 5851
6114 7245
5774 7791
5860 7847
6249 7246
6024 7638
6156 7543
5513 8491
7566 6075
8710 5464
6441 7349
6661 7028
6099 7985
8081 5901
5824 8462
7040 6623
6563 7417
6435 7869
6652 7586
6019 8592
6476 7992
6395 8250
7691 6570
6737 7754
5733 8730
8171 6345
6964 7735
6787 8059
6914 7957
7430 7354
7342 7464
7051 7812
7878 7020
8493 6583
7391 7613
6731 8461
8143 7144
7267 8091
8822 6736
6667 8709
6863 8671
9167 6723
8997 7082
9083 7320
7103 8724
8373 8163
8698 8115
8766 8206
9227 7880
9319 7921
8462 8595
8962 8259
8364 8646
9191 8126
8773 8478
7984 8722
8286 8735
9743 8271
1308641291 1647351560
1
sift 173
81 35
307 108
88 28
362 2210
96 54
128 47
301 135
161 88
835 5058
182 78
222 96
608 171
478 189
278 119
280 123
467 245
585 234
325 118
354 148
740 306
607 313
391 152
457 229
859 344
822 243
562 251
749 187
1738 897
940 445
684 286
651 334
1853 1222
910 512
653 402
803 369
2063 1216
1114 545
665 459
1200 427
3069 2244
1279 501
854 524
1015 478
3993 2188
1184 669
946 528
1126 558
5127 1989
1262 648
1111 574
1407 712
4030 2537
1239 683
1333 798
1709 765
4952 2319
1832 818
1396 941
1520 1121
4654 2471
1656 951
2571 1026
2091 1403
6604 2900
2361 1156
2354 1228
2535 1382
6083 3141
2459 1353
2304 1531
1872 1920
4608 4265
3257 1239
2605 1510
3122 1368
8268 3365
2406 1795
2635 1557
2718 1523
7122 4555
2640 1701
2458 1689
3170 1566
8633 4091
3548 1486
3072 1683
3995 1709
7654 5261
3343 1668
3147 1974
3777 1810
9797 5245
3836 2146
4059 1779
3457 2015
3888 2306
3570 2022
3972 1907
4314 2254
3742 2109
3690 2162
4743 2248
3970 2140
3678 2281
5919 1959
4595 1923
4229 2259
5100 2889
4268 2467
4513 2391
5592 2951
3295 3092
4917 2263
4874 3482
4628 2808
6346 2323
6816 3230
5946 2441
5481 2555
6054 3712
5734 2933
6339 2789
7783 3249
5857 3136
5811 3576
8702 3083
6551 3347
4916 4300
7421 3598
7494 3309
7524 3333
7705 3743
9235 2978
6352 4084
6702 4207
7687 3518
7105 4135
8067 3928
7577 4002
7256 4472
6370 5262
8908 3968
8172 4244
8000 4782
8088 4303
8832 4125
9746 4039
8195 4372
7446 4734
6830 5756
8228 4386
6030 6490
9289 4658
7949 4987
7518 5373
8318 5209
7750 5252
9148 4593
7777 5673
8261 5137
8252 5560
8598 7187
8096 5878
8888 5503
9131 5394
9537 5191
9009 5568
8446 5914
8707 5918
8781 5915
9548 5810
9403 6453
9588 6313
1308641291 1928484021
1
sift 1629
5 6
21 39
27 16
38 98
41 22
467 201
47 34
195 190
58 126
35 56
683 440
42 48
216 211
85 184
48 44
671 467
33 75
339 243
157 269
50 58
662 484
70 64
353 311
187 246
101 55
730 519
89 97
374 294
279 366
132 66
742 628
83 104
464 343
311 361
106 87
766 619
91 108
422 405
302 406
110 94
736 722
147 78
482 436
350 516
95 128
848 624
108 130
582 425
442 559
119 144
858 665
127 154
558 478
383 670
114 177
973 660
136 155
479 641
489 567
164 137
996 688
146 153
704 521
469 649
168 140
1049 928
151 169
630 776
588 556
185 159
1077 940
160 183
928 798
492 718
214 152
1374 850
291 147
955 971
421 1013
177 222
1298 1014
246 172
908 1066
494 859
239 218
1282 1111
276 236
1029 977
511 827
336 220
1208 1220
310 235
1087 978
559 792
293 245
1226 1259
288 262
1193 917
568 858
256 289
1494 1069
248 314
1052 1169
634 773
317 257
1692 1002
266 295
1191 1142
699 741
320 273
1485 1249
375 225
1262 1148
556 984
326 274
1416 1493
295 300
1184 1218
592 1133
429 212
1690 1280
324 303
980 1431
782 864
237 426
1935 1267
351 291
1329 1094
703 1079
367 279
1974 1370
331 329
1107 1344
620 1283
434 258
1530 1796
385 290
1006 1488
753 1081
342 360
1736 1589
389 313
1092 1435
761 1266
472 266
2631 1270
401 309
1166 1595
781 1295
349 390
1940 1731
359 455
1417 1377
922 1022
413 370
2067 1756
444 354
1169 1860
636 1961
453 355
2006 2016
557 299
1328 1602
1036 1044
446 398
2064 2066
493 356
1439 1444
987 1208
412 448
2270 1956
503 382
1556 1339
880 1347
459 427
2330 2394
622 304
1365 1628
925 1442
597 322
2042 2843
398 512
1459 1531
867 1608
544 348
3344 1876
522 387
1483 1495
990 1392
448 498
2476 2417
405 602
1272 1859
974 1462
428 569
3013 2119
495 536
1851 1332
1241 1387
523 500
4138 2048
659 396
1667 1463
1146 1620
601 447
3407 2445
628 431
1458 1826
1294 1409
584 473
3145 2650
454 656
1649 1637
1178 1659
524 586
3638 2463
485 676
1652 1647
1285 1485
468 701
3530 2648
541 588
1605 1818
1261 1560
625 522
3188 2840
884 353
1659 1821
1070 1957
661 502
4234 2354
543 601
1834 1759
1472 1599
549 597
4030 2511
569 594
1721 1933
1304 1897
418 865
3786 2694
566 603
1688 2012
1127 2395
650 550
3774 3008
660 560
2376 1515
1326 1969
603 626
3370 3374
639 596
1678 2142
1175 2397
793 538
3403 3397
570 743
1651 2188
1277 2085
609 686
4191 3017
837 505
1750 2089
1278 2254
689 636
3826 3286
807 544
2119 1772
1477 1923
805 551
4607 2849
655 681
1922 2017
1631 1746
757 621
3306 3911
809 580
2388 1748
1506 1907
815 568
3422 3853
701 733
2292 1866
1559 1925
926 542
3993 3308
605 874
1862 2244
1462 2481
654 810
3496 3872
1048 528
2125 2003
1534 2318
677 825
3835 3672
567 1107
1928 2217
1650 2107
627 931
3876 3622
1028 573
1858 2372
1700 2082
812 703
4204 3455
594 1077
1979 2149
1561 2407
895 671
3963 3827
664 986
1958 2288
1501 2853
819 758
4037 3798
1059 630
1982 2250
1523 2821
635 1163
4878 3098
678 1061
2159 2072
1687 2490
788 871
4341 3563
769 903
1989 2335
1611 2827
795 891
4317 3803
709 1070
2082 2322
1615 2999
1019 709
3542 4641
758 1025
2194 2190
1603 3062
696 1186
4470 3948
675 1284
2195 2376
1915 2398
1108 730
6007 3046
836 951
1890 2872
1756 2867
1076 769
5038 3478
984 828
2493 2130
1833 2775
872 914
4911 3778
827 1023
1995 2829
2321 2133
1291 696
5460 3424
1046 822
2597 2201
1986 2561
875 952
4558 4170
1303 725
2028 2935
1876 2869
1035 875
5435 3646
1242 768
2517 2416
2044 2617
960 938
5873 3448
786 1316
2640 2435
2146 2495
1030 911
5127 3952
1327 742
2259 2995
1874 3036
914 1049
4979 4149
870 1121
2675 2624
2036 2880
821 1250
5991 3560
1288 794
2801 2509
1953 3053
1377 767
6130 3571
1192 880
2528 3021
1819 3636
825 1356
4884 4430
967 1151
3485 2686
2282 2978
1074 1032
6105 3842
1125 1039
2557 3967
2445 2897
1063 1089
5338 4385
1173 999
2593 3993
2122 3597
1020 1152
5056 4716
1181 1034
3770 2858
2010 4025
1212 1006
4715 5024
924 1298
3255 3158
1939 4627
1145 1086
6623 4090
1315 924
2989 3779
2343 3610
1022 1209
5767 4658
1549 793
3466 3356
2533 3283
833 1509
6453 4272
1157 1134
2946 4108
2085 4481
1361 913
7222 3893
1246 1041
3430 3768
2390 4271
1248 1047
5019 5374
1141 1170
4311 3109
2478 4062
934 1383
5486 5144
1129 1230
3605 3758
2498 4512
1098 1260
6989 4306
1099 1271
3343 4045
2901 3592
1066 1341
4952 5874
1444 959
3867 3544
2986 3493
1319 1139
6949 4401
1265 1189
3804 3763
2592 4384
1276 1178
6580 4624
1346 1130
4082 3670
2711 4185
1296 1206
5317 5524
1320 1192
3955 3851
2765 4132
1233 1287
6083 5131
1219 1305
3648 4201
2702 4366
1050 1500
7552 4320
1625 949
3684 4331
2789 4327
1402 1150
5729 5485
1522 1029
4340 3667
2804 4300
1177 1402
6418 5012
1370 1201
3066 5129
2643 4700
1137 1486
6394 5290
1379 1225
3566 4540
2998 4131
1388 1238
6573 5176
1073 1661
3802 4357
3079 4147
1394 1281
6674 5128
1313 1408
3843 4394
3157 4358
1155 1656
6709 5204
1507 1196
3468 4922
2782 5041
1658 1101
6705 5350
1205 1601
4111 4490
3832 3733
1075 1795
5342 6854
1606 1171
4048 4828
3327 4440
1364 1385
7122 5121
1331 1449
3916 5092
3086 4748
1639 1173
5402 6949
1387 1389
4499 4449
3158 4676
1683 1162
6607 5847
1489 1311
3782 6141
2347 7551
1290 1590
7007 5479
1443 1373
4576 4777
2952 5020
1372 1467
7559 5418
1497 1334
4121 5691
4144 3882
1550 1299
7137 5769
1337 1561
4199 5756
2679 6609
1528 1329
5472 7754
1415 1437
5305 4508
3091 5175
1218 1793
6500 6569
989 2227
4525 5218
3637 4525
1539 1352
7039 6469
972 2337
4508 5378
3210 5032
1397 1516
7673 6123
1467 1450
4212 6237
2908 5730
1502 1416
7848 6036
1542 1410
4887 5043
2972 5565
1406 1624
6539 7370
1466 1617
5046 5116
3123 5235
1508 1553
7110 6866
1210 2092
4683 5699
4123 4121
1999 1228
6526 7517
1445 1749
4816 5552
2930 6159
1180 2332
8633 5801
1386 1852
5344 5038
4200 4292
1732 1413
7318 7006
2256 1182
4466 6289
4114 4727
2051 1282
7510 6884
1293 2114
4383 6582
2806 7585
1342 2034
7144 7177
1856 1472
4670 5935
3838 5181
2251 1290
7874 6759
1529 1832
4808 5727
3313 6038
1504 1880
7983 6714
1587 1786
5452 5151
2791 8171
1356 2152
7615 6991
2052 1388
5014 5707
3965 5321
1951 1480
7654 7227
2168 1363
5261 6035
3967 5326
1823 1616
9170 6351
2142 1393
5243 6082
2982 7447
1517 1964
8724 6838
1647 1812
5554 5858
3661 5880
1492 2015
7987 7657
2299 1366
5281 6195
3852 5568
1619 1888
8562 7257
1787 1712
5915 5632
3925 5665
1696 1819
7708 8009
1773 1742
6023 5678
4398 4952
1421 2280
7426 8458
2007 1550
5033 6902
3794 6103
2025 1530
9708 6674
1460 2223
4902 7219
3220 7652
2171 1490
9378 7230
1909 1703
5927 6068
4247 5597
2490 1369
9780 6547
2704 1310
6944 5622
4012 6243
1600 2024
8199 8420
2038 1622
6564 6085
4893 4787
1816 1804
9254 7557
1765 1874
6267 6483
3679 7114
1769 1878
8268 8884
1488 2310
6054 6860
4534 5515
2313 1502
9028 8413
1964 1725
7304 5650
4133 6719
2033 1682
9217 8595
2109 1650
6281 6873
4077 6863
1538 2317
8788 9994
1755 1975
5096 8571
4384 6316
1758 1977
9611 8480
1479 2499
5799 7638
3296 9950
1788 1939
9590 9006
2188 1663
6140 7217
4396 6385
1691 2074
1906 1863
6094 7262
4966 5391
1855 1934
2133 1741
6798 6522
4598 6130
1535 2513
1711 2178
6536 6903
4279 6999
1622 2400
2140 1790
5650 8441
4318 7031
2111 1815
2049 1893
6569 7312
3841 8530
2543 1669
1824 2183
6624 7306
4882 5995
1524 2929
1845 2221
7436 6626
4938 5949
2224 1895
1621 2725
8215 6113
4550 6653
2426 1775
1660 2674
6324 8019
4319 7295
2530 1751
2235 1919
7370 6875
4560 6713
2933 1556
2008 2044
6399 8160
5636 5349
2341 1877
1648 2761
6916 7674
5054 6127
2377 1862
2216 1951
7184 7558
4939 6404
2035 2083
1668 2802
8441 6700
4375 7621
2416 1890
2115 2058
7392 7598
4312 7896
1948 2279
2144 2057
6903 8589
5465 5910
1908 2442
1777 2700
7092 8493
3451 9843
2306 2013
2022 2266
7634 7906
4503 7387
2505 1928
1728 2852
7021 8885
4457 7648
2684 1839
2278 2060
7164 8735
4960 6745
3040 1702
2264 2102
9495 6749
4400 7955
1654 3172
2566 1937
6761 9416
4757 7140
1918 2583
2819 1816
7666 8427
4990 6861
1748 2979
2237 2199
7313 9953
4529 7651
2694 1921
2249 2220
7960 8482
4545 7923
2606 1970
2104 2409
7407 9979
4710 7905
2845 1854
2318 2210
7485 9070
4987 7436
2262 2299
1495 4397
7380 9199
5538 6801
2236 2365
1627 3743
7205 9365
5202 7163
2399 2229
2527 2113
7788 8803
5353 7019
1825 3101
2398 2324
8284 8633
4784 7888
2742 2023
2564 2158
8068 9939
5270 7203
2210 2548
2283 2478
9048 8094
4770 8051
2521 2228
1930 3009
8310 8824
5366 7258
1924 3013
2105 2752
8879 8908
4924 8032
2632 2161
1806 3439
9475 9962
5527 7149
1829 3348
2977 1990
9582 8998
4872 8357
2835 2042
2181 2726
4664 8915
1983 3020
1679 4164
5482 7596
3537 1851
2724 2159
5617 7787
2620 2284
2414 2559
5306 8947
2736 2211
2910 2078
6186 7932
1968 3212
2276 2774
6361 7785
2368 2672
1973 3258
5838 8676
1912 3496
1670 4606
5065 9732
1883 3623
2876 2193
6365 8140
2387 2804
1894 3804
6110 8643
2629 2538
2430 2836
6290 8470
3548 2019
2842 2390
6559 8022
3009 2276
2759 2482
6330 8432
2552 2736
2285 3079
6603 8224
2134 3372
2040 3639
6728 8102
3282 2176
2081 3587
6956 7807
3288 2186
2741 2613
7476 8762
3389 2163
2086 3652
7475 9938
2659 2732
2166 3446
7833 9033
2628 2780
2582 2835
8163 8793
3186 2309
2492 2959
8769 9172
2102 3688
2078 3805
9336 9072
2167 3547
3404 2226
2118 3708
2720 2743
2905 2568
3089 2434
2777 2724
2508 3067
3117 2503
2437 3254
2945 2640
3449 2351
2433 3298
2302 3632
2858 2772
3037 2663
2284 3812
2950 2753
3541 2408
2248 3913
3280 2543
2407 3616
2713 3060
3200 2656
2779 3042
3204 2702
3680 2465
3912 2386
3299 2682
2811 3080
2491 3699
2463 3806
3191 2801
2298 4267
2614 3504
3311 2756
3634 2622
3853 2532
2928 3138
4129 2476
2619 3799
2922 3203
3067 3054
2974 3160
4278 2423
3236 2958
2768 3551
4392 2404
2532 4168
3896 2687
3738 2766
3435 2911
3322 2996
3253 3038
3077 3190
3367 2980
3369 3002
4066 2683
3082 3230
3182 3188
2856 3586
2737 3901
2867 3601
2818 3773
2638 4183
2464 4644
3297 3156
3026 3430
2880 3716
2885 3732
3144 3358
4432 2590
2971 3692
3261 3291
3178 3389
4785 2430
3308 3282
2673 4407
2356 5245
3610 3118
3599 3134
3061 3691
4053 2938
4218 2854
3646 3183
2393 5364
4109 2963
3078 3818
2569 4838
2556 4889
3643 3245
4831 2578
3346 3523
4176 2964
3847 3171
3232 3711
2909 4243
3107 3962
3886 3250
3750 3384
3810 3335
4310 3000
3629 3524
3384 3835
4422 2954
3870 3363
3217 4046
4175 3173
3363 3904
4743 2820
3938 3362
3846 3462
3660 3666
4486 3031
3461 3987
3844 3631
4017 3468
3226 4312
2719 5305
3608 3928
4078 3472
3443 4112
4267 3296
3053 4619
3490 4113
3298 4326
3189 4478
3776 3885
4178 3454
3958 3724
3059 4702
3247 4467
3856 3840
4181 3495
2661 5869
3480 4269
3785 3969
2590 6261
4155 3589
3726 4039
3470 4317
3395 4395
3824 3964
3509 4291
3935 3858
4285 3474
4777 3087
3656 4219
4732 3146
3769 4172
4643 3216
3875 4069
4301 3577
4744 3174
4113 3877
3708 4294
5733 2861
3561 4458
3842 4223
2836 5676
4430 3536
3126 5019
3775 4354
3986 4154
5139 3125
4830 3278
4725 3354
3215 5122
4517 3627
5703 3026
4337 3937
4004 4448
3133 5502
4536 3766
4011 4451
4316 4059
3696 4775
3557 4893
4292 4133
4403 3990
3330 5230
4894 3514
5144 3355
5216 3332
3394 5234
2918 6470
4746 3737
4265 4378
4661 3867
4657 3875
3701 4957
2995 6398
4110 4602
4554 3970
4642 3931
3607 5166
5989 3170
4296 4424
3552 5361
4038 4786
3513 5444
4308 4482
5228 3617
4681 4056
4637 4092
4001 4910
3332 5922
4102 4831
4787 3999
5348 3640
4096 4868
5090 3892
3146 6649
5876 3442
4581 4334
4086 4962
3409 6039
3450 5971
4985 3992
4570 4375
3982 5180
4485 4550
4625 4405
5490 3800
3723 5666
5910 3550
4700 4374
4348 4802
4446 4688
3602 6070
3883 5669
4338 4915
5263 4064
5114 4238
3609 6310
5132 4274
5218 4240
6562 3427
4791 4529
5201 4333
5706 4021
4515 4870
4819 4612
4029 5845
5525 4160
4349 5263
5631 4181
3683 6709
3784 6531
3799 6510
3654 6847
3899 6409
5098 4600
5825 4166
4663 4929
5634 4303
3503 7241
5169 4646
3472 7421
5925 4250
5211 4667
4679 5109
4365 5735
4237 6093
5761 4445
4992 4940
4886 4989
4976 4947
3983 6855
4163 6491
3821 7166
3431 8045
4564 5504
5012 4977
5770 4552
4865 5105
4847 5147
5335 4800
4139 6730
6611 4076
4565 5609
6015 4455
5378 4805
4583 5605
4283 6396
6216 4381
4429 6020
5345 4858
4925 5228
7249 3821
4762 5420
7081 3873
6120 4476
6476 4278
5488 4837
4495 5990
4574 5792
5582 4796
5352 4924
4542 5881
5479 4905
5355 4973
6134 4586
5444 4943
6792 4190
4153 7097
5833 4782
5142 5275
5625 4887
6336 4565
4842 5705
5310 5226
4257 7117
5157 5441
5159 5451
5463 5213
4136 7520
4788 5987
6341 4664
6156 4785
7024 4277
4650 6305
6353 4695
5707 5075
4587 6443
5897 5014
5357 5438
5209 5607
4575 6585
5702 5197
5578 5341
5385 5500
5753 5219
5573 5404
5029 6049
4382 7260
5743 5322
5853 5247
5383 5638
4241 7780
4825 6432
6073 5089
5984 5155
5223 5876
6077 5101
5162 5981
4691 6757
7087 4519
8493 3975
5268 5927
5158 6046
7566 4345
5178 6077
4361 7608
6652 4792
4156 8325
5669 5554
5976 5302
4511 7176
6125 5199
4853 6608
6190 5187
6661 4833
5076 6422
5168 6295
4684 7049
4569 7287
4877 6793
5922 5574
4518 7456
7248 4660
5496 6091
5810 5763
6455 5211
5388 6309
7387 4670
6257 5415
6188 5514
5017 6877
5689 6042
5566 6176
5951 5795
4652 7463
6708 5094
6106 5660
6516 5315
8129 4477
6546 5288
5756 6114
5436 6518
7910 4597
6421 5472
6114 5778
8203 4517
6795 5154
5126 6979
4592 8042
4711 7788
7148 5034
6726 5368
6263 5870
7758 4794
5800 6453
6772 5379
6865 5323
6930 5279
5892 6420
7623 4880
7108 5163
6447 5818
6412 5861
5184 7252
4815 7862
7221 5167
6935 5401
5522 6955
6138 6272
6947 5396
4773 8039
6254 6124
6146 6301
5877 6617
5776 6754
4927 7827
7869 4923
4418 9296
4632 8646
6738 5715
4982 7926
6676 5815
4803 8260
7063 5455
5298 7430
4955 8008
6460 6206
5237 7622
7571 5224
6853 5854
7041 5653
6647 6078
4818 8562
7627 5289
8047 5062
7598 5333
6934 5849
5140 8025
6096 6833
5120 8100
6435 6471
6051 6924
6630 6244
6164 6818
6287 6694
5887 7130
7203 5682
5404 7742
7290 5643
6116 6945
6356 6662
5746 7368
6660 6354
7891 5331
6821 6178
4937 8788
5536 7728
8364 5114
9743 4507
7990 5359
5605 7708
7266 5842
6737 6421
5516 7933
6568 6685
5117 8690
7279 5944
5175 8560
6787 6486
7691 5667
7373 5950
9067 5015
7585 5813
5510 8211
8435 5345
6729 6659
4856 9339
5547 8179
7115 6290
7246 6155
7141 6277
6884 6543
6374 7110
7675 5857
6457 7080
5673 8119
7641 5924
6852 6705
5330 8758
7075 6442
7472 6110
6279 7366
6387 7288
6113 7706
6383 7331
5312 8982
8094 5770
5728 8333
6578 7195
8617 5561
8258 5803
7556 6333
6635 7220
8981 5427
6011 8107
8984 5458
6697 7196
5544 9020
6654 7291
7909 6246
6757 7263
9453 5335
7227 6841
7916 6307
7727 6474
7418 6790
7934 6401
6804 7365
8698 5953
8168 6315
6565 7791
6746 7604
7539 6896
8053 6548
9359 5673
6602 7948
6744 7775
8958 6003
7219 7226
8176 6557
6203 8808
8406 6456
5781 9405
8417 6450
9117 5989
7786 6882
8224 6570
7335 7231
8133 6689
9501 5741
8498 6501
8080 6789
7562 7123
8710 6388
7667 7061
7549 7152
6592 8341
7131 7550
8615 6497
9508 5852
7605 7183
7000 7778
8822 6412
8142 6837
7495 7302
9459 5965
6827 8201
7111 7813
6710 8415
7803 7255
7482 7529
6266 9270
7504 7545
6147 9466
7147 7995
7099 8077
7074 8141
6955 8433
9290 6493
6598 9067
7807 7489
8220 7206
6350 9443
8962 6813
6542 9248
8817 6939
8779 6976
7197 8299
8732 7043
6774 9027
7828 7677
7781 7745
7367 8194
8757 7065
8673 7131
7819 7746
7569 8093
7464 8257
8403 7399
8998 7073
9136 7079
9227 7028
8816 7337
7659 8329
7612 8406
9608 6797
8105 7946
9344 7030
6958 9258
7693 8352
6870 9375
7077 9110
8461 7734
7919 8236
7484 8796
7165 9193
6765 9582
9429 7134
8887 7542
8777 7690
8886 7665
8997 7601
8970 7666
7420 9180
8570 8052
7182 9454
8057 8662
9669 7145
9787 6598
9083 7764
8546 8265
8305 8501
7736 9069
9121 7777
7796 9095
8423 8502
7152 9614
6954 9756
7794 9169
8491 8577
8227 8856
6945 9821
7534 9499
8802 8438
9015 8264
9351 7956
8689 8723
9179 8244
8809 8631
9177 8275
9111 8332
8663 8841
8358 9150
9058 8542
8908 8694
7676 9607
8766 8854
8730 8944
8538 9984
9224 8487
8492 9288
7730 9699
9358 8514
8143 9516
8992 8961
9283 8667
9017 8934
9091 8891
7831 9715
9113 8913
8076 9617
8121 9668
9657 8395
8361 9575
8171 9698
9175 9147
9398 9016
8945 9392
8660 9586
8904 9469
9093 9436
8433 9789
8536 9825
8725 9786
8987 9688
8911 9782
9769 8836
9715 9389
9438 9689
9584 9619
9587 9630
9599 9729
9776 9743
