1339724796 1418904103
1
sift 279
115 592
168 746
11 35
25 61
172 832
213 490
34 116
38 109
280 953
186 778
46 104
32 148
502 2112
290 1007
37 143
58 153
533 1905
346 1238
77 229
87 201
589 2002
431 1195
88 309
93 311
652 2501
498 1862
97 289
105 320
755 2136
593 1597
100 402
135 337
971 2059
709 1428
136 346
143 318
866 3318
899 2459
162 366
159 569
1253 3018
986 2155
163 666
223 506
1342 3709
874 3223
176 833
199 706
1429 3801
1198 1932
232 560
234 664
1491 4091
1129 2808
253 652
331 677
1479 4616
1227 3256
258 1554
311 989
1762 4864
1164 3771
289 1396
363 968
1688 6340
1577 2719
335 1216
327 1275
1831 5931
1297 3818
406 965
370 1199
2304 7287
1311 3867
437 878
365 1226
2502 7222
1453 4900
344 1453
425 1140
3533 7306
1791 7121
429 1117
380 1438
2213 5553
439 1172
481 1051
2573 4974
420 1351
510 1118
2235 6285
522 1184
473 1383
2425 5854
456 1625
487 1552
2489 7967
626 1167
513 1670
2615 7572
537 1743
604 1437
3147 7048
560 1678
650 1414
678 1364
611 1559
552 2054
551 2233
605 1909
547 2336
643 1818
817 1421
672 1944
636 2181
619 2486
730 1939
618 2693
853 1580
741 1983
807 1786
825 1777
724 2244
882 1829
791 2111
834 1970
737 2532
860 1961
720 2630
865 1999
798 2206
900 2020
920 1976
1016 1977
905 2351
890 2423
958 2193
857 2652
839 2708
788 3180
913 2562
878 2732
757 3713
1078 1997
895 2787
980 2357
1050 2161
1003 2337
881 2977
743 4462
884 3219
893 3229
976 2703
990 2682
942 3154
1041 2948
1220 2108
984 3480
1155 2470
1108 2805
1085 2993
888 4742
1068 3285
1205 2395
947 4333
1101 3099
1207 2517
1153 2841
1111 3156
1120 3095
1349 2264
1045 4350
1266 2768
1023 4991
1216 3305
1255 3166
1056 5097
1321 2884
1320 3413
1493 2844
1199 4382
1305 3651
1471 3104
1296 3813
1442 3287
1350 3658
1566 2935
1375 3882
1715 2782
1511 3410
1423 3856
1705 2901
1560 3334
1282 5291
1352 4796
1512 3765
1482 4041
1371 4924
1570 3843
1591 3776
1592 3975
1470 4785
1597 4303
1602 4323
1664 4151
1492 5259
1736 4146
1670 4749
2132 3224
1902 3878
1596 5643
2301 3240
1773 4982
1899 4673
2002 4214
2100 4181
2189 3996
1825 5479
2172 4356
1817 5819
2053 4893
2069 4905
2004 5264
2074 4969
1949 5712
2271 4398
1870 6243
1954 6263
2253 4925
1965 6280
1919 6633
2239 5071
1982 6274
2151 5650
1941 6842
2012 6416
2130 5949
2068 6266
2096 6105
2145 5912
1983 6795
2182 5732
1934 7281
2042 6585
2201 6158
1991 7612
2245 5983
2192 6494
2251 6216
2126 7338
2334 6152
2393 6208
2528 6386
2281 7725
3120 4733
2380 7674
2408 7822
2524 7465
2969 5782
2963 5958
2480 8198
2594 7872
2855 6721
2805 7636
2652 8176
3060 6878
3298 6275
3022 7339
3175 7925
3204 7991
3227 7953
3380 7562
3282 8011
4001 6317
3565 7748
3682 8084
4032 8109
4489 6987
5522 7565
1339724796 1646429863
1
sift 625
36 90
70 146
37 91
72 154
38 109
83 187
49 112
132 322
58 133
87 163
61 143
158 292
81 208
88 161
116 195
155 340
99 217
105 252
96 345
142 465
127 232
129 397
120 282
178 386
124 342
159 364
135 311
185 609
126 362
201 315
114 422
237 539
137 375
214 577
140 381
221 570
246 474
233 580
203 607
293 729
205 604
239 605
247 512
360 855
245 585
272 515
365 471
350 1013
255 587
281 513
277 723
340 1215
287 501
319 519
307 637
430 1022
297 590
330 551
335 626
534 1328
337 561
296 738
295 795
569 1373
305 949
325 811
355 693
619 1410
357 780
427 633
310 1029
702 1876
391 734
420 686
324 1031
914 1858
395 799
414 825
383 863
931 2055
417 920
482 732
406 963
1218 1575
481 808
456 919
410 1169
1121 1915
444 1017
459 1032
439 1061
1095 2032
537 939
527 970
457 1188
1130 2024
528 1023
783 837
530 1055
1077 2405
448 1312
620 1113
484 1207
1165 2390
511 1154
613 1359
623 1019
1243 2187
496 1384
637 1299
583 1125
1363 2044
570 1201
728 1242
486 1750
1451 2154
626 1235
669 1417
543 1579
1207 2709
649 1271
659 1463
592 1451
1172 3067
573 1637
625 1644
552 1753
1241 3104
642 1512
737 1407
545 1919
1354 3277
611 1663
878 1157
618 1648
1669 2952
792 1236
710 1527
730 1477
1493 3600
714 1520
834 1314
817 1378
1591 3461
814 1375
697 1830
825 1450
1727 3244
757 1714
884 1425
704 1880
1643 3552
772 1770
839 1593
879 1556
2037 2805
806 1669
743 1855
906 1599
1525 4873
956 1401
722 1982
920 1645
1774 3941
913 1676
925 1662
909 1693
1902 4335
990 1542
1003 1546
901 1765
2132 3966
888 1782
942 1817
818 1965
2262 4252
797 2233
1056 1706
1006 1726
2197 4457
974 1803
831 2284
1016 1741
2365 4217
896 2012
829 2440
975 1822
2094 5450
995 1904
947 2148
1004 1900
2183 5280
900 2251
1040 1937
992 1998
2516 4785
980 2048
1221 1541
959 2221
2361 5549
833 2665
977 2382
922 2461
2409 5437
1069 2126
1199 1766
1053 2349
2495 5423
1106 2094
1270 1859
1127 2080
2828 4734
1126 2151
1068 2534
1076 2407
3476 4065
1170 2093
1212 2211
1039 2705
2608 5948
1108 2417
1310 1971
1111 2414
2700 6181
1101 2459
1193 2322
1219 2277
3156 6229
1337 1976
1246 2192
1331 2184
4200 4790
1175 2460
1344 2085
1277 2384
3240 7310
1350 2109
1287 2326
1348 2265
3538 6735
1393 2181
1371 2255
1603 1866
3681 6889
1280 2439
1457 2346
1368 2466
4067 7762
1305 2695
1375 2595
1394 2531
5287 7547
1216 3117
1316 2809
1705 2103
5306 8315
1334 2783
1514 2419
1289 2990
1327 2834
1292 2973
1211 3537
1646 2262
1539 2456
1235 3399
1470 2588
1691 2250
1152 3987
1468 2664
1395 2992
1639 2391
1442 2879
1657 2489
1427 2944
1625 2564
1766 2454
1369 3249
1282 3684
1494 3095
1482 3151
1476 3194
1780 2551
1561 3020
1570 3078
1789 2603
1592 3045
1595 3073
1738 2781
1558 3229
1751 2761
1664 3017
1711 2859
1771 2746
1765 2907
1619 3167
1742 2966
2169 2479
1613 3340
1745 3156
1647 3466
1736 3223
1622 3578
1779 3129
1579 3782
1750 3274
1942 3036
1400 4649
1792 3239
1809 3350
1680 3649
1391 4878
1991 3086
1896 3092
1722 3630
1770 3613
1724 3802
2053 2985
1854 3522
2159 2861
1925 3338
2115 3025
1898 3520
1920 3505
1895 3670
1803 3874
1969 3449
1993 3480
1735 4100
1882 3795
2102 3347
1574 5350
1965 3645
1949 3693
2507 2845
2497 2790
1948 3772
1982 3827
2184 3278
1941 3851
2096 3610
2051 3667
2126 3737
2100 3644
1746 4614
1820 4403
2301 3306
2192 3654
2151 3812
2042 4016
2591 3102
2512 3273
2029 4095
2251 3747
2315 3618
1914 4489
2311 3676
2016 4377
1853 4952
2068 4220
2313 3800
1913 4847
1880 4989
2725 3184
2121 4240
2674 3292
1923 5041
2201 4207
2084 4574
2508 3819
1960 5093
2143 4461
2223 4306
2566 3680
2460 3852
2514 3837
2498 3917
2517 3884
2414 4025
2127 4924
2155 4767
2168 4858
2154 4877
3120 3180
2817 3655
2281 4494
2265 4592
2683 3901
2041 5476
2750 3824
2435 4322
2334 4604
2297 4827
2373 4585
2383 4627
3418 3149
3060 3674
2480 4379
2161 5467
2729 4353
2475 4490
2408 4869
2380 5445
2467 4739
2194 5762
2899 4314
2650 4479
2500 4963
2492 5611
3017 4003
3174 3871
3214 4276
2457 5355
2466 5353
2758 5424
2668 4855
2561 5135
3128 4542
2520 5333
2805 4586
3162 4570
2609 5124
2676 5110
3353 4636
2532 5526
2751 4942
3517 4390
3029 4280
2902 4504
3815 4210
2833 5023
3001 4632
3458 4735
2889 4972
2599 5855
3360 4998
2942 5146
2981 5091
3295 5132
3049 5147
3071 5170
3316 5283
3300 4923
3216 5105
4001 4287
2900 5757
3079 5401
3432 5158
3160 5294
2834 5988
3189 5801
2963 5733
2837 6005
3532 5300
3339 5101
3009 5858
3236 6001
2983 6008
2819 6546
3204 6092
3370 5435
2652 7447
4255 4505
3470 5358
3391 5528
3995 4968
3016 6150
3132 6245
3604 5583
4041 4844
2984 6682
4118 4961
3597 5784
3761 5533
4189 5044
3309 6298
3278 6475
3627 5987
3667 5924
3877 5619
4209 5182
3354 6547
3816 5833
4575 4718
3566 6217
3593 6231
3708 6064
3905 5802
4037 5673
3954 5806
3378 6782
3285 7077
4054 5727
3051 7922
3642 6392
4253 5584
3311 7345
3190 7763
4308 5578
3369 7519
4236 5832
3575 6966
3643 6772
3705 6646
4366 5794
3357 7746
3472 7417
3688 7590
3373 7764
4385 5709
4306 6495
3943 6313
3441 7557
4710 5936
4015 6282
4182 6061
4138 7165
3412 7841
3438 8016
4391 6611
3549 7809
3362 8269
4023 7626
3879 6946
3952 6880
4403 6645
5430 4999
4465 6225
4668 6236
4410 6498
3749 8032
4078 7734
3964 7604
4127 7180
5164 5826
3961 7705
4128 7281
4505 6785
4329 6811
4421 6736
4451 6948
3987 7867
4147 7515
4381 7319
4295 7262
4058 7948
4764 6539
3797 8335
3985 8117
4830 6442
4009 8094
4581 6673
4746 6787
4257 7558
4050 8145
4370 7946
4333 7634
5291 6004
4708 7063
4792 6621
4489 7455
5160 6346
4631 7131
4289 8030
4723 7038
4349 7931
5073 6421
4613 7464
4977 6656
4402 8001
5051 6643
4606 7479
5154 6451
4717 7393
4535 7772
4770 7254
5064 6902
4293 8328
4356 8302
4889 7301
4713 7573
5881 6032
5423 6609
5038 7171
5912 6126
5243 6863
4500 8323
5321 6796
5327 6950
4673 8052
5307 6912
5400 6857
5233 7133
5394 6886
4996 7651
5973 6408
5417 6990
5247 7431
5033 7828
5537 7032
5053 8285
4694 8358
4641 8399
6050 7087
4925 8226
5826 6873
5516 8038
5171 7985
6199 6663
7820 5678
6008 6965
5525 7837
6579 6737
5399 8017
5489 8308
5771 8343
6371 7794
6184 8127
8662 6370
7137 7370
6560 8340
7292 8191
8268 7518
7893 8071
6921 8472
7639 8420
1339724796 2118799435
1
sift 219
359 462
99 111
129 193
502 899
261 359
281 380
572 790
330 403
400 498
675 1038
353 575
357 592
755 1310
390 610
482 667
749 1353
527 657
456 777
866 1276
461 1086
563 866
1128 1406
523 1036
613 851
1169 1797
620 1137
689 1098
1047 2350
668 1192
728 1172
1429 2152
724 1180
660 1330
1573 2394
814 1209
737 1350
1698 2319
878 1142
893 1218
1671 2685
710 1618
885 1301
1807 2548
757 1720
925 1402
1609 4396
743 1948
983 1513
2815 3236
1020 1600
1056 1558
2525 3705
947 1873
1000 1826
2352 4045
1023 1812
1087 1682
2333 4361
1130 1654
1255 1458
2488 4174
1337 1450
1118 1880
2723 3919
1199 1793
1262 1714
3341 3973
1120 2036
1165 2023
3080 4505
1352 1853
1243 2076
2877 5227
1287 2028
1344 2045
3090 5066
1226 2269
1363 2174
3225 5024
1408 2367
1167 3167
3596 5026
1465 2401
1597 2512
3031 8006
1780 2365
2037 2115
4007 7009
1406 3263
1710 2791
5570 5374
1669 2885
1738 3062
5245 6153
1810 2976
1642 3316
5237 7294
1419 4224
1942 2879
5335 7253
1941 2883
1732 3277
4512 8910
1845 3304
1826 3606
4962 8644
2048 3325
2051 3354
5436 8319
1931 4023
2674 3186
5794 8072
2192 4058
2234 4010
6447 8280
2365 3740
2317 3928
6732 8362
2315 3965
2197 4646
6635 8710
2506 4225
2716 3954
7512 7990
2509 4356
2373 4669
8104 8666
3055 3633
2512 5142
2691 4887
2747 4815
3128 4233
2767 5062
2758 5518
3403 4933
2917 5818
3483 4994
3006 5839
3360 5456
3516 5277
3498 5431
2870 7049
3535 5539
3457 5992
3861 5376
4065 5199
3166 6892
3686 5862
3675 6098
3802 5897
3708 6111
3888 5940
4236 5418
4011 5793
3641 6523
4106 5751
4043 5910
4166 5710
4639 5357
4622 5391
3916 6917
3688 7315
4170 6541
4231 6446
4067 6884
4277 6501
5294 5133
4682 5841
4710 5909
4000 7428
4020 7451
4702 6385
5645 5679
4084 8181
4300 7737
4052 8265
5247 6330
5051 6811
5287 6553
4668 7491
4763 7500
4210 9041
4943 7770
4919 7821
5126 7810
5725 7229
5654 7379
5500 7872
5359 8085
5241 8482
6579 7108
5040 8838
5321 8570
5177 9164
5673 8730
5542 8897
6560 7783
5830 8927
6347 8485
6206 8688
6685 8449
6451 8802
5945 9250
5722 9370
7448 7960
6116 9247
6849 8598
7523 8545
7299 8778
6947 9083
7530 8638
8570 8260
8167 8830
7921 9191
8126 9136
8559 9198
8008 9384
8718 9216
8759 9422
