1418904103 1646429863
1
sift 362
111 90
201 163
143 91
1119 475
153 133
309 161
187 173
893 608
218 195
266 198
295 317
2056 1476
337 311
402 272
560 549
2497 1289
435 294
670 315
558 575
2244 1886
569 364
579 547
791 476
3094 1915
833 444
926 551
955 537
3758 2024
838 585
1197 561
1226 471
3476 2154
904 637
861 667
840 693
2517 2709
1225 569
1460 513
780 904
4063 2634
1014 679
1554 601
1216 626
3393 3244
1080 733
1106 837
1095 724
3224 3966
1051 808
1351 686
965 963
3776 3461
1054 962
1176 896
1218 920
3794 3702
1352 778
1495 766
1196 1019
4029 3777
1172 1061
1509 870
1546 905
3878 4335
1536 899
1873 780
1167 1235
6096 3472
1866 825
1625 919
1205 1232
4969 4144
1743 939
1706 970
1402 1108
4495 4485
1473 1154
2158 956
1183 1474
6385 3710
1498 1201
2095 1017
1364 1434
6497 3969
1442 1302
1966 1094
1493 1280
5940 4601
1421 1378
1984 1100
1632 1236
7915 5112
1548 1308
1837 1204
1497 1416
5921 6540
1912 1263
1435 1669
1777 1450
8075 5818
1901 1304
2401 1121
2303 1207
7353 6605
1635 1520
1970 1314
1559 1663
2520 1151
2762 1113
1939 1477
2212 1312
2919 1195
1567 1804
1749 1731
2463 1372
1976 1645
3105 1242
2532 1407
1977 1741
2337 1546
2722 1413
1798 2037
2392 1541
2415 1553
2117 1765
2761 1446
2966 1417
2561 1675
2682 1542
2263 1710
2693 1648
3229 1402
2708 1593
2553 1750
3340 1375
3219 1425
2640 1771
2886 1632
3002 1712
2258 1932
2285 1922
2828 1859
2458 1866
2020 2251
3154 1817
2279 1998
2657 1822
3780 1697
2357 2048
3140 1788
3713 1714
2788 2012
2491 2221
3779 1809
2901 2103
2991 2093
2702 2382
2976 2162
2881 2228
5097 1706
2175 2765
3162 2219
4046 1933
2805 2417
2989 2349
4462 1855
3976 1911
3217 2315
3658 2109
2664 2624
3156 2414
3341 2326
3099 2459
3123 2502
3810 2192
3250 2896
4796 1988
4333 2148
3287 2879
4246 2182
3935 2296
3651 2695
3421 2533
3409 2639
3397 2861
4667 2244
4924 2255
4368 2461
3979 2534
4332 2419
4072 2605
3882 2595
4238 2493
3305 3117
3960 2603
3897 2739
4153 2665
3412 3121
4619 2551
3240 3306
3284 3275
4276 2684
3675 3136
4489 2664
4785 2588
3842 3077
4594 2746
4027 3037
3321 3543
4075 2962
4142 2992
3975 3045
3856 3111
4151 3017
4123 3009
4660 2824
4428 2966
3257 3793
4041 3151
4892 2986
3678 3449
3330 3824
5993 2645
4146 3223
4125 3305
5018 2973
4361 3193
4621 3156
6518 2576
4225 3409
4733 3180
5504 2988
4665 3239
4401 3396
4317 3686
4511 3343
3662 3917
4812 3480
4181 3644
4418 3518
7807 2582
4771 3338
4259 3676
5836 3296
5642 3073
4704 3659
6988 2951
3613 4623
5123 3675
4678 3980
4497 4021
5291 3684
5691 3489
7345 3168
7612 3086
5711 3692
5767 3701
5415 3857
6735 3323
4992 4080
7041 3250
5650 3812
6104 3609
7320 3230
7210 3264
4196 4999
6092 3655
5917 3752
5146 4240
6024 3745
6279 3646
5505 4053
7593 3292
6494 3654
5407 4103
6626 3624
7380 3391
4986 4404
7195 3567
6878 3674
6591 3802
6106 3988
6842 3851
5562 4263
5910 4129
7338 3737
6107 4123
4752 5159
6682 3982
5539 4451
5857 4280
6882 3963
6607 3994
6585 4016
7461 3819
6158 4207
7117 3926
7082 3954
6266 4220
6433 4126
6317 4287
7921 3722
4611 5563
6618 4210
5842 4574
5215 5171
7039 4107
5581 4877
5905 4644
7896 3943
6152 4604
6868 4272
7191 4340
4971 5746
5862 4975
7055 4410
6259 4843
5776 5435
6041 5283
7355 4489
6643 4924
7587 5041
6985 4846
7725 4494
7162 5653
7636 4586
5958 5733
7674 5445
5184 6373
6571 5357
7866 5584
8198 4379
7868 4736
7279 6462
7278 5124
7232 5179
7990 6093
6577 5526
7822 4869
8088 6558
6437 5757
5717 6231
7030 5469
6779 5628
7688 5186
7964 5024
7096 5759
7586 5533
8165 5325
7521 5872
7904 5879
6619 6884
7975 6105
8172 5950
8077 6049
7391 6547
7027 7558
8111 6586
7995 6797
7973 6831
7739 7841
8176 7447
1418904103 2118799435
1
sift 81
214 46
222 57
433 192
364 136
1338 966
670 196
837 250
1689 1259
733 312
724 458
1846 1698
926 403
888 464
2646 1619
1119 429
1460 380
2343 2099
1554 417
1351 591
3041 2922
1278 644
1438 575
3529 3395
1409 618
1873 592
3835 4764
1124 891
1625 777
5554 4774
1966 856
1866 967
7363 6011
2112 899
2201 1037
8209 5445
2056 1163
2244 1180
2762 1137
3105 1172
2532 1350
3229 1218
3166 1458
2174 1974
2919 1714
3481 1513
2488 1917
2943 1911
3758 1654
4093 1597
2920 1996
3713 1720
5097 1558
5040 1600
4382 1793
4333 1873
4796 1853
4462 1948
3801 2152
3409 2393
3945 2268
4414 2327
4619 2365
5079 2277
5560 2573
4749 2884
5186 2868
5115 3482
7545 3062
7593 3186
6385 3912
5576 4382
6494 4058
6557 4030
6999 4488
5309 5529
6960 4676
6000 5139
8071 4815
7162 5349
7851 5744
7647 6223
