1431199262 2080441786
1
sift 179
1547 626
117 68
135 60
149 70
3947 1299
497 126
219 106
345 176
5171 1901
374 179
418 174
512 147
8288 3218
538 183
437 203
480 208
659 172
476 231
572 201
465 227
608 225
629 277
848 397
1244 361
1061 387
1334 511
925 445
978 450
1443 491
1104 544
1414 495
1596 600
1402 612
1293 710
1870 561
1820 797
1586 760
2127 655
1834 901
2015 692
2014 869
1891 909
1746 1004
2103 929
2109 1123
3001 761
2687 850
2400 1354
2710 1041
2062 1298
2692 1819
2511 1156
2731 1286
3172 1721
2784 1331
2964 1321
3274 1730
3151 1290
3162 1371
3939 1635
4308 1384
4146 1540
3466 1974
4431 1489
4421 1592
4176 1963
4318 1618
4169 1739
4119 2002
5295 1496
4796 1622
4025 2286
4601 1710
4827 1698
4365 2172
4042 1928
4740 1851
4455 2212
4837 1829
4847 1873
4565 2267
3937 2104
5334 1817
4914 2230
4957 1997
4422 2176
5422 2174
5207 2112
5039 2263
4701 2449
6402 2032
6619 2057
4798 2548
4648 2610
5853 2218
6548 2194
5924 2305
5563 2536
5298 2715
6310 2409
6704 2354
6479 2527
6658 2504
5736 2731
5420 2889
6853 2549
6923 2676
5979 2763
6215 2750
6368 2833
6697 2663
6086 2869
6557 2792
6323 2853
6684 2873
7375 2820
7043 2924
7200 2896
7027 2956
5520 3600
6132 3324
5857 3511
7012 3302
6747 3319
7301 3097
7378 3246
7391 3317
8011 3396
6396 3881
7288 3439
8140 3367
7243 3589
7836 3412
8233 3374
8538 3327
8256 3392
7788 3585
6742 4192
7262 4150
9731 3747
8119 3756
9716 3536
9220 3480
7890 3944
8359 3752
8497 3856
9682 3899
9821 3852
8932 3866
9455 3667
9913 3877
8142 4275
7944 4549
8684 4077
8133 4350
8010 4697
9365 3779
7676 4953
8370 4745
9720 4539
8627 4854
9099 4433
8304 4969
8689 5292
9693 4827
9267 4532
9540 5858
9122 4825
7616 5936
9218 4838
8948 5099
9134 5059
9578 4498
9324 5057
9275 5175
8438 5939
9476 5260
6013 9714
9516 5890
