1475597139 1503000354
1
sift 109
136 48
121 71
11 6904
308 143
363 180
300 150
326 236
291 164
374 187
525 337
884 493
509 218
450 238
670 361
1095 1030
520 270
574 288
652 389
1766 1020
613 296
759 377
1050 527
1375 1566
676 405
821 386
903 790
4267 2588
1081 575
1111 581
1408 860
5848 3187
1288 657
1538 609
1379 943
4848 4245
1575 671
1549 737
1737 883
7080 4062
1303 908
1496 839
1367 1345
5686 5366
1644 779
1778 752
1561 1242
7009 6704
1863 841
1588 969
2667 1736
1459 1097
1831 1031
4075 1915
2111 1055
2136 1183
4036 2153
2725 1089
2239 1352
4464 2274
2264 1487
2767 1485
4338 2405
2751 1495
3416 1433
3873 2865
3688 1388
4282 1348
4575 2687
2687 1707
4311 1426
4635 2714
3609 1629
3988 1608
5005 2790
4049 1609
3196 1851
4730 3110
3332 1869
4095 1922
5880 2778
4758 2013
4893 2101
5662 3085
3793 2697
4654 2607
5682 3251
6839 2082
5097 2638
6533 3045
5433 2659
5512 2791
6129 3344
5394 3088
6345 2966
5695 3661
7097 3031
6118 3485
7042 3728
6639 3385
6805 3435
7693 4169
6782 3534
5744 4021
6776 3727
5694 4700
7145 3869
7283 5010
6394 5872
6999 7019
1475597139 1646429863
1
sift 226
1223 572
62 33
159 79
878 794
140 137
241 181
2152 871
368 183
283 283
3519 2283
298 263
362 284
5122 3356
358 395
459 366
4935 3564
456 414
549 356
5851 4841
596 350
440 511
6921 4770
493 593
552 531
5675 6688
435 705
789 485
594 647
710 557
694 844
752 749
836 665
757 908
716 1033
937 776
712 1086
1041 706
874 983
638 1411
943 948
872 1106
1355 719
1199 824
743 1376
1044 1058
1176 1014
997 1149
1215 1004
885 1379
1384 933
1380 951
951 1439
1236 1320
1279 1290
1426 1257
1830 1052
1025 1953
1313 1655
1465 1470
1342 1690
1931 1219
1397 1672
1713 1341
1049 2238
1256 1899
1613 1569
1740 1475
1570 1701
1474 1897
1643 1875
1682 1909
1904 1754
2046 1680
1751 1974
1796 2117
1629 2357
1858 2270
2297 1888
2040 2193
1708 2599
2320 1917
2483 1891
2321 2073
2289 2131
1597 3158
1982 2527
2524 2029
2100 2487
2415 2190
2527 2245
2495 2311
2961 2092
2160 2771
3395 1946
2106 3182
2930 2453
3736 2065
2670 2720
3490 2299
3223 2478
2250 3420
2123 3870
2963 2719
2465 3202
3118 2640
3126 2696
2338 3585
2542 3255
3113 2777
3564 2548
3561 2554
3494 2661
2981 3144
2718 3416
3645 2654
2942 3215
3167 3010
3982 2507
3703 2659
3618 2873
2932 3623
3262 3289
4632 2490
3743 3082
2482 4448
3345 3582
3897 3125
2710 4566
3476 3713
3667 3634
3632 3823
2515 5916
4526 3346
3764 3925
4140 3620
5102 3110
3672 4089
4461 3538
4696 3405
4476 3574
4563 3586
3310 5032
3719 4374
4857 3583
3812 4293
4774 3770
4193 4228
4120 4424
4238 4388
4617 4094
3906 4828
4422 4292
5305 3840
4416 4468
4192 4871
4153 4964
4566 4571
4648 4476
5039 4160
4109 5309
4262 5168
4298 5210
4570 5165
5253 4392
4325 5545
5193 4729
5248 4722
4834 5302
5494 4487
4771 5443
6273 4058
4897 5416
4370 6035
4642 5798
4899 5543
6497 4141
5498 5028
4427 6317
5891 4721
4013 7213
5421 5365
4817 6078
6199 4789
6521 4578
6032 4992
5601 5438
6399 5059
5649 5728
4998 6551
6365 5199
5758 5777
6442 5356
5559 6079
6169 5610
4943 7140
4833 7766
5061 7484
5907 6173
5450 6862
6558 5820
5811 6417
6042 6431
7107 6048
6301 6753
6037 7268
6733 6469
6517 6698
6238 7564
5698 8250
6868 7115
6821 7331
6747 7581
6518 7849
7057 7229
6803 7589
6403 8023
6481 8092
6389 8187
7031 7668
7363 7242
6434 8244
7116 7829
7231 7940
7599 7544
7076 8257
7159 8313
1475597139 1923562747
1
sift 58
253 304
160 220
122 334
469 330
878 1399
829 531
712 2129
877 1192
1528 982
1041 1745
1237 2030
1810 1721
3992 3381
2434 1470
2431 3958
2253 3031
4460 3968
2202 3780
2838 3231
5122 4976
3861 2573
4005 2661
6359 3883
2796 4950
3460 3801
6805 5778
4313 3301
3661 3815
7627 5495
3648 4019
3338 4614
6118 7313
3716 4253
3976 4113
6216 7473
3847 4303
3587 4896
6707 7238
3497 5103
3761 4981
6921 7453
4253 4575
3666 5521
7666 7603
4136 4987
4326 4988
4190 5171
3999 5619
4122 5604
4580 5350
4225 6072
5240 4992
5009 5379
6611 4032
4422 6995
5346 6142
6032 7639
5747 7753
