1503000354 1615100174
1
sift 156
2063 959
109 43
160 62
162 74
1912 1394
212 143
170 79
254 124
2470 1154
250 133
326 146
311 180
2553 1253
275 200
366 170
353 191
2847 1894
303 254
456 179
411 198
3736 1976
436 205
437 559
423 252
4206 2064
460 266
1137 582
445 281
4356 2078
583 334
1240 731
613 359
4381 2534
550 382
1594 866
584 379
4676 2566
799 461
905 1713
942 505
6405 2097
1230 442
1601 1104
1054 507
4091 2817
1130 646
1923 1080
1164 736
6230 2350
1271 716
2297 1476
1347 729
6187 2749
1154 844
2247 2183
1283 787
5756 3143
1090 954
3059 2181
1343 860
6048 3033
1102 1044
3785 1896
1604 794
7421 3429
1429 911
4259 2032
1553 856
7225 4817
1735 779
3196 2462
1386 1004
1538 1050
2786 2978
1607 1020
1400 1151
2617 3647
1622 1058
1674 1033
5529 2657
1498 1153
1977 1019
6318 2642
1624 1209
1930 1098
4373 3596
1887 1261
2038 1343
2763 5774
1984 1386
2257 1591
3169 5192
2447 1568
2872 1590
4977 3465
2960 1781
3747 1628
6322 2790
3334 1728
3591 1698
6019 2961
2920 2019
3380 2022
2974 5767
3445 2073
3528 2090
5053 3664
3915 1970
3587 2102
7029 3304
5052 1937
2797 2987
5838 3822
4559 2291
5488 2096
5505 4499
4781 2418
5723 2195
7563 3673
4948 2442
4754 2626
6951 4329
5425 2543
4639 2872
7016 4440
5349 2728
4903 2944
7022 5561
6768 2331
5156 2851
7672 5362
4852 3100
5432 2869
4964 3141
5538 2868
5608 3010
5278 3488
5354 3573
6150 3193
4697 4488
7195 3132
6133 3630
6932 3335
6220 3817
6699 3657
5204 4910
6847 4384
7124 4644
7613 4240
7471 4429
7493 4510
7450 4710
7090 5034
7473 5368
6552 6934
7675 6357
1503000354 2011792801
1
sift 65
7421 3310
267 171
94 91
493 1321
161 97
1607 1330
194 168
621 1108
200 157
2257 1267
293 220
929 1526
517 456
4559 2374
535 630
2538 4943
741 798
4460 3016
957 844
3027 5253
1060 884
7086 3032
846 1248
930 1396
7179 3067
1020 1314
1703 1461
7471 3662
1601 1794
1461 2546
6847 4397
2375 1724
1211 4183
7493 5122
2186 2177
2153 2417
6292 6380
2061 2670
1877 3438
3321 2081
3199 2362
3223 2508
3748 2837
3251 3467
3690 3170
2670 4514
4616 3085
3558 3844
4013 3579
3485 4096
3608 4004
3046 4915
4730 3400
4906 3355
4505 4114
4417 4229
5505 3613
4664 4250
4931 4193
4537 4650
5865 3747
5053 4680
5276 5728
5167 6170
6722 6328
