1646429863 1923562747
1
sift 338
36 107
41 159
61 147
167 269
53 205
101 386
65 210
200 283
67 206
120 365
95 230
201 459
137 420
150 447
249 548
280 710
169 519
261 796
257 797
446 812
304 845
324 859
387 807
442 980
367 747
416 873
408 761
464 958
351 1221
426 912
478 839
536 906
425 1048
417 1217
433 1025
599 1246
531 861
418 1411
701 719
830 931
411 1556
542 997
598 911
776 1019
496 1120
502 1334
568 1067
821 1072
595 1447
656 1449
705 1305
840 1073
754 1252
655 1647
647 1547
888 1104
955 1043
712 1649
704 1488
927 1084
833 1268
670 1906
715 1472
887 1228
1015 1057
898 1675
842 1528
933 1266
1047 1132
851 1911
768 1809
1114 1082
832 1746
853 1945
874 2076
928 1830
929 1781
931 1908
915 2065
1160 1684
802 2472
860 2766
997 2131
1145 1738
1003 2286
917 2657
1086 2129
1549 1428
1257 1812
986 2600
1182 2092
1138 2142
1006 2723
1039 2717
1071 2544
1399 1877
1319 2030
1394 2881
1231 2222
1260 2247
1148 2460
1199 3785
1343 2498
1333 2155
1370 2158
1544 2654
1246 2911
1438 2075
1269 2545
1398 3166
1405 2629
1365 2491
1525 2294
1311 3472
1290 2994
1547 2355
1532 2427
1364 3797
1605 2333
1624 2496
1650 2370
1507 3354
1739 2238
1665 2742
1566 2682
1757 2803
1529 2873
1732 2618
1457 3157
1621 3236
1499 3305
2142 2377
1586 3135
1464 3810
1722 2998
1747 3165
1720 3071
1629 3778
1514 3629
1917 3283
1716 3234
1642 3814
1751 3352
2139 3037
1888 3093
1827 4026
1608 4331
1816 3763
2033 3038
1935 3768
1836 3520
2324 3014
2165 2978
2022 3847
2027 3432
2338 3058
2010 3464
2172 3881
1839 3992
2164 3427
2074 3466
2337 3569
2041 3657
2623 3061
2167 3476
1956 5001
2053 3695
2398 3659
1685 5377
2153 5064
2183 3611
2817 3134
2060 3906
2242 5617
1963 4285
2608 3412
1850 4903
2290 5446
2050 4052
2318 4176
2091 3951
2097 6329
2757 2879
2283 4503
2137 4143
2787 4293
2150 4335
3853 2707
2144 4571
2481 5691
2238 4251
2717 3976
2333 4093
2455 5929
2378 4457
2596 4515
2174 5182
2798 5790
2388 4424
2518 4790
2066 5515
2697 6190
2486 4126
3108 3876
2538 4152
3026 6084
2625 3953
2888 4385
2506 4355
3155 6153
2158 5652
3114 4451
2759 4041
3068 6511
2729 4202
3657 3713
2612 4616
2910 7140
2710 4375
3140 4820
2599 5106
3201 6509
3183 4150
3019 5303
2728 5200
3029 7132
3059 4951
3756 3988
2958 5207
3279 6637
3081 5112
2923 5546
2471 7183
3195 6998
2942 5609
3071 5476
3459 4684
3236 6990
3133 5451
3325 5115
3106 5571
3932 5638
2901 6034
3356 5232
3331 5279
3457 6827
2917 6268
3663 5177
3159 5717
3312 7291
3198 5822
3508 5536
3233 5864
3570 6747
3780 5075
3572 5485
3096 6434
3860 6803
3164 6342
3486 6027
3227 6224
3734 7373
3299 6133
3864 5466
3886 5306
3815 7445
3161 6871
3502 6240
2921 7551
4198 6828
3202 6985
4136 5703
3885 5565
4625 7635
3464 6755
4109 5773
3234 7583
6087 7775
3717 6526
4140 5834
3759 6564
3526 7136
4713 5432
3773 6680
3533 7280
3854 7243
4038 6331
3891 6797
4253 6271
3876 7120
4089 6486
4888 5517
3643 7656
4740 5662
4622 5898
3925 7248
3970 7174
4330 6559
4184 6652
4357 6465
4555 6196
4055 7330
4349 6897
4292 6995
4356 6886
4152 7356
5844 5142
4250 7097
4057 7621
4722 6356
4174 7313
4748 6617
4616 6635
4354 7470
4567 7184
5250 6713
5134 6551
4388 7586
4768 7424
4797 7078
5417 6488
4771 7454
4638 7548
5301 6872
5398 6761
5789 6284
5156 7398
5057 7493
4994 7605
5496 7660
4992 7639
5243 7563
5711 7519
6971 6385
6464 7476
7024 7060
6406 7695
7166 7757
1646429863 2118799435
1
sift 451
217 111
221 127
271 142
315 196
300 156
270 189
396 192
292 198
321 179
438 325
320 247
335 309
519 360
336 357
404 289
513 380
421 290
416 296
551 403
459 271
407 348
561 412
390 370
441 340
600 416
475 429
427 495
957 438
578 402
611 374
686 591
495 511
674 379
780 592
644 427
473 688
731 666
579 543
520 652
801 662
655 526
850 497
970 657
703 626
812 569
896 780
785 603
909 580
919 777
713 735
763 791
878 814
789 816
856 794
825 967
752 913
988 748
1094 856
897 868
1111 728
1126 829
1064 801
1117 771
1164 969
978 993
1142 826
1359 851
1069 1042
1276 844
1172 1019
1325 843
1113 1137
1166 1106
1431 878
1275 1110
1542 925
1218 1242
1243 1171
1610 1043
1667 980
1616 1013
1375 1209
1476 1163
1216 1363
1402 1218
1522 1204
1303 1291
1632 1101
1268 1409
1417 1239
1433 1247
1418 1334
1426 1301
1407 1350
1360 1495
1195 1714
1518 1515
1886 1180
1363 1648
1661 1403
1870 1270
1510 1561
1527 1618
1936 1303
1644 1569
1706 1558
1873 1360
1528 1796
1708 1609
1910 1484
1699 1702
1975 1451
1878 1518
1714 1720
1925 1556
2135 1381
1711 1829
1782 1771
1912 1721
1766 1793
1950 1801
2023 1655
1826 1850
1855 1948
1600 2114
1760 2016
1987 1854
1939 1843
2032 1833
2126 1869
1719 2133
1485 2626
2148 1873
1497 2707
1915 2037
2085 2045
2546 1589
2154 1939
2056 2195
2344 1840
2332 1889
2440 1905
2097 2063
1783 2450
2191 2084
2160 2048
2044 2174
2325 2029
2350 1973
2187 2076
1957 2868
2136 2147
2248 2095
2335 2441
2118 2239
2390 2023
2551 2365
2457 2011
2200 2402
2488 2446
2451 2123
2517 2083
2639 2393
2482 2131
2555 2145
3365 2327
2149 2735
3210 1950
3298 2598
2805 2115
2380 2632
3364 2615
2423 2634
2372 2789
2781 3062
2348 2833
2465 2706
3036 2879
2634 2547
2589 2664
3044 2925
2946 2444
2881 2490
3350 2975
2884 2588
3530 2438
2585 3910
2952 2885
3320 2701
3480 2985
2772 3192
2910 3161
3292 3186
3169 3014
2504 3881
3851 2883
2740 3596
3155 3165
3496 3182
3950 2673
3546 2942
3250 3513
2975 3500
3990 2764
3745 3233
2950 3576
2846 3721
3667 3354
3060 3494
3451 3160
2951 4510
3068 3569
2994 3659
3618 3965
3195 3406
3666 3074
3142 4634
2843 3931
3199 3487
3654 4058
4347 2791
4732 2663
3943 3859
5056 2578
3493 3424
3963 3849
3301 3648
4820 2779
4214 3928
3236 4019
4075 3200
4334 3932
3283 4136
3570 3843
4314 3946
4323 3169
3790 3672
3952 4398
3894 3585
3778 3724
5000 3634
4501 3136
3866 3706
4183 4259
4040 3495
3394 4278
4827 3804
3710 3912
3843 3842
4718 3976
3062 4917
3336 4507
3983 4778
4198 3735
4217 3740
4541 4232
4067 3909
4096 4125
5196 3885
3413 5057
3849 4640
4598 4342
4561 3877
4398 4070
4658 4378
4092 4413
4006 4751
3984 5133
5172 3814
4551 4282
4880 4441
4328 4585
5254 3989
4585 4669
3487 5929
4307 4718
5045 4396
4087 4987
4457 4646
4528 4834
5095 4430
4221 5123
5240 4365
4990 4619
4807 4766
4630 4985
4453 5084
4306 5286
5457 4565
4764 4936
4138 5592
5040 4932
4312 5544
5474 4625
4505 5383
4785 5128
6108 4205
4703 5566
4368 5624
5079 5025
5548 4919
5698 4725
4454 5750
4507 5792
5772 4715
6102 4501
5586 4887
4763 5537
5539 4949
4998 5456
5215 5228
5544 5043
5703 5006
5896 4881
4711 5945
5424 5518
5399 5252
6311 4626
5653 5349
5164 5575
5943 4937
5452 5581
5019 5790
4460 6510
5832 5418
4421 6690
4449 6770
4546 7089
5710 5401
5307 5931
5883 5472
6254 5017
5408 6032
5793 5679
5754 5638
5153 6473
5861 5862
5282 6353
7937 4496
5936 5909
5749 5852
4798 7297
5926 6035
5332 6729
6385 5416
5578 6483
6250 5574
6241 5605
6525 5392
5372 6805
5694 6431
6064 6111
5882 6314
6164 5939
7321 5203
6860 5397
5778 6663
5952 6389
7476 5163
5903 6541
6178 6439
7488 5231
6877 5545
7027 5726
6711 5801
7237 5616
6393 6523
6924 5846
6564 6260
7651 5597
7677 5490
6734 6134
6118 7013
5993 7106
8022 5428
7069 6156
6304 7000
6579 6644
5864 7543
5541 8132
7222 6383
6643 6811
7293 6577
7431 6330
6528 7026
6307 7475
7120 6711
7424 6534
7547 6553
7970 6103
6236 7491
7967 6440
6737 7108
7627 6716
6467 7535
7498 6917
6296 8260
6286 7840
6893 7322
6600 7955
7762 6884
6310 7972
6487 8104
8237 6449
7997 6835
7590 7315
6942 7734
6628 8056
6370 8418
7169 7661
7009 7867
7405 7693
7865 7366
6157 8899
7019 8072
6762 9612
6649 8397
7793 7580
6997 8107
6707 8419
6796 8570
7083 8184
8003 7480
6915 8601
6956 9667
8220 7494
8051 7785
6952 8602
8468 6915
7304 8469
7368 8649
8181 7776
7860 8209
7892 8243
7778 8311
8152 8048
7884 8295
8340 7783
8085 8172
7667 8556
7983 8265
7076 8985
7150 9251
7497 8770
7993 8507
8301 8453
8070 8730
6857 9387
8355 9174
7974 8971
7745 9344
