16635677 736661850
1
sift 139
267 199
59 70
212 162
6437 5444
95 53
509 434
414 173
383 159
8019 5571
368 190
652 532
430 295
1048 602
396 354
629 581
472 286
912 806
544 262
1879 1222
397 433
1961 888
664 325
2328 1313
798 313
1369 1615
896 297
1866 1562
747 523
3633 2417
735 609
1800 1822
971 589
3191 2759
778 724
2026 1976
1004 607
6273 2045
875 663
2418 1829
837 739
4344 3085
1199 626
2370 1965
995 773
5219 2902
1086 779
3314 2712
1469 627
4368 4741
1092 849
3685 3670
1014 995
5430 4481
1220 1018
4389 3280
2010 754
6748 3795
1435 950
3924 3708
1261 1293
6568 4174
1967 1159
4349 3717
2171 1105
7162 4011
1972 1308
5108 4300
1675 1503
7514 3907
2326 1321
7292 5364
2760 1273
8402 3969
2254 1478
7301 6593
1999 1808
7209 4926
2983 1515
7874 6840
3315 1493
8442 4557
2656 1916
9196 6000
3479 1633
8056 7033
2650 2280
8370 7221
2795 2204
3199 2152
8981 8315
3327 2429
3024 2828
3155 2780
3849 2391
3706 2528
3907 2831
5428 2305
3925 2995
6577 2430
3189 4285
5052 2921
4215 3402
5938 2806
5138 3067
4753 3452
5150 3599
5575 3709
4869 4440
6744 3433
5719 3957
6319 3762
6810 3550
5589 4176
7076 3471
5439 4302
6027 4155
5978 4231
6761 3817
6240 4350
6187 4387
7573 3692
7018 3933
7220 4274
8284 4390
6631 5352
8158 4751
6109 6172
8033 4919
6783 6296
7284 6139
8168 5872
8761 5664
8207 6102
8858 5810
8228 6480
9238 5755
9028 6214
8538 6686
8550 8564
