1911602604 2046133546
1
sift 279
323 328
72 53
79 167
51 76
419 516
80 82
82 191
74 96
553 522
66 134
151 273
95 147
631 754
105 157
170 310
99 170
921 1256
135 161
254 473
211 139
1079 1030
163 243
273 552
180 305
1300 1632
176 424
386 541
205 322
1572 1399
311 324
321 687
368 303
2778 1844
278 440
315 756
243 650
2789 2640
459 385
468 1028
303 564
2750 2898
320 636
532 1196
378 570
3460 3880
382 675
536 1233
475 669
4075 4118
492 665
593 1326
493 738
4980 4971
517 704
746 1627
447 929
5050 6593
544 713
812 1644
597 848
5919 7108
505 1092
851 1699
605 880
6691 7787
610 934
930 1585
866 689
799 854
857 1762
766 885
889 841
876 2276
867 889
742 1022
1033 1893
1094 767
657 1506
1012 2054
950 1029
764 1385
1089 2043
1003 1094
942 1294
1109 2645
983 1259
1083 1090
1194 2604
916 1582
920 1756
1878 1891
1258 1207
952 1911
1471 2757
1491 1088
1100 1545
1476 2883
1637 1067
1596 1098
1314 4223
1392 1307
1473 1314
1693 4561
1249 1579
1248 1647
2121 3413
1096 1974
1198 1724
1907 4610
1195 1732
1457 1544
1943 5092
1857 1460
1138 2581
1889 5640
1404 1982
1863 1568
1951 5727
1809 1663
2676 1222
2108 5209
2379 1373
1359 2420
2349 5251
1547 2153
1534 2198
2634 5008
1709 2047
1677 2398
3255 4255
1762 2247
2849 1589
3062 5478
1768 2437
1560 3043
3188 6751
1934 2357
1718 2822
2880 7638
1946 2445
1778 2747
5143 6641
2504 1933
2214 2210
4917 7305
1897 2731
2416 2129
4691 7691
1930 2804
2002 2681
1981 2736
2238 2361
1941 2820
3384 1722
2308 2375
2147 2619
1818 3281
1872 3374
2411 2527
2089 3096
2104 3256
2981 2274
2827 2428
3167 2294
2109 3611
2615 2870
2443 3194
3684 2141
3172 2553
2047 4210
4415 1917
3031 2718
2821 3056
4334 2103
3314 2862
2613 3672
4510 2159
2227 4707
2449 4126
3132 3326
2759 3734
2477 4180
2902 3630
3325 3316
3416 3291
2556 4375
2957 3798
3367 3499
2919 4139
3673 3327
3985 3031
3065 4093
3194 4102
3184 4307
3479 3888
3448 4049
3131 4778
3375 4565
3717 3928
3895 3728
3288 4891
4604 3418
3995 3820
2833 6042
4822 3386
5322 3081
3352 5182
3145 5670
4111 4095
2646 7559
3350 5715
3412 5687
5351 3484
3121 6491
3282 6143
3604 5518
3849 5141
3525 5860
3774 5346
3517 6074
3534 6120
4639 4549
3449 6559
3913 5596
5447 3969
3337 7373
5036 4468
4105 5504
3629 6577
5358 4190
4866 4764
4042 5682
5072 4668
3533 7444
5840 4101
5180 4818
3791 6812
4790 5437
4315 6004
4006 6588
3919 6830
4370 6105
3745 7531
4496 6052
6063 4471
3943 7336
5218 5435
4168 7016
4429 6748
4641 6383
4955 5967
4489 6725
4837 6269
5557 5412
4575 6902
5613 5433
4468 7335
4463 7422
5099 6419
5141 6327
7388 4366
4523 7656
5523 6218
4937 7371
5395 6613
5813 6079
5945 5973
6234 5804
4811 7809
5815 6772
6720 5805
6541 6084
5420 7471
6331 6917
6139 7329
6696 6839
6036 7562
6647 6986
7035 6824
