19292366 1159754689
1
sift 71
820 3992
170 77
1030 5174
231 86
180 95
585 185
801 279
828 273
1058 314
1019 337
952 433
1013 575
1443 476
1257 588
1516 520
1623 545
1476 673
1932 602
2196 574
461 3733
1948 644
1721 858
1838 951
2658 782
2130 954
2739 1010
2803 1004
2635 1057
2100 1284
2870 1193
3859 1301
3572 1374
2536 1709
4535 1770
5990 1590
4802 1905
4777 1919
5028 1934
4754 2000
5093 1921
5714 1864
5434 1951
5774 1922
5609 2186
4699 2512
5516 2266
6442 2173
5936 2300
7278 2160
5659 2534
5488 2684
7498 2249
6552 2466
6886 2492
7044 2508
7462 2470
6128 2896
7333 2628
6557 2835
7579 2796
6434 3239
6438 3317
7292 3263
7637 3246
7352 3428
7219 3647
7755 3707
7884 3449
7372 4012
4732 6521
5971 6376
19292366 1163718206
1
sift 3854
20 25
9 11
2 3
32 42
17 19
11 12
55 65
50 60
12 13
67 72
129 154
14 17
119 142
61 68
16 18
159 171
137 163
22 28
153 174
69 75
24 29
189 201
171 213
30 45
202 208
150 184
42 48
195 243
211 205
38 55
206 233
194 244
46 51
213 239
235 237
49 52
222 248
249 297
52 49
232 266
257 312
56 56
242 272
305 355
53 67
295 341
321 370
60 62
366 385
318 352
65 63
372 430
349 407
68 79
364 408
326 359
76 74
384 449
379 415
73 78
397 445
315 393
75 84
400 455
374 451
78 82
415 454
371 434
74 87
434 476
420 477
77 88
412 473
389 452
79 91
438 488
426 479
82 92
436 515
418 508
86 90
450 518
429 493
80 96
477 520
460 538
88 100
484 591
481 540
92 104
499 559
479 548
95 109
494 573
491 592
102 101
531 551
596 527
99 107
535 561
523 565
98 115
516 579
510 622
106 103
509 610
495 671
103 110
502 670
551 680
109 113
524 674
604 693
111 117
563 626
607 712
115 125
550 660
659 681
118 129
547 661
624 718
112 135
570 659
640 709
116 136
540 679
651 702
121 133
589 703
620 751
125 128
575 676
660 742
120 140
618 734
626 773
117 146
615 699
670 837
122 143
641 705
706 819
128 137
608 752
820 785
123 144
653 747
829 885
124 145
664 739
802 938
131 141
708 724
771 1055
127 151
672 815
860 943
138 147
716 807
821 1011
132 161
739 866
838 1066
144 157
748 865
863 1029
143 160
766 856
874 1020
141 165
750 897
895 1022
146 170
774 887
848 1092
148 168
777 931
902 1044
149 169
793 904
849 1089
152 173
857 992
1009 998
155 175
813 1052
906 1034
147 182
851 1012
983 1059
162 178
866 1042
852 1160
165 180
865 1048
972 1093
161 189
896 1056
1037 1004
169 181
907 1075
861 1247
167 194
898 1146
953 1120
170 198
942 1099
984 1143
174 196
1003 1037
1002 1121
178 195
933 1147
967 1191
166 219
1006 1107
1011 1149
182 202
975 1156
1012 1185
190 203
1026 1150
1030 1154
175 221
992 1226
1043 1239
184 211
1014 1225
1110 1171
198 227
1007 1297
1106 1256
210 217
1031 1217
1122 1205
204 231
1213 1072
969 1541
219 224
1060 1209
1175 1263
221 225
1076 1231
1147 1314
208 238
1048 1233
1102 1406
229 222
1062 1344
1193 1423
214 251
1085 1232
1259 1317
225 240
1087 1307
1276 1362
238 229
1108 1236
1201 1441
245 228
1100 1321
1228 1420
227 254
1057 1310
1238 1410
217 261
1144 1266
1226 1474
212 274
1115 1262
1209 1526
234 253
1107 1324
1234 1544
252 236
1071 1389
1270 1469
236 255
1068 1408
1318 1459
230 259
1095 1399
1314 1427
240 263
1094 1466
1359 1450
205 319
1176 1338
1355 1465
256 256
1179 1378
1332 1487
244 278
1138 1407
1326 1497
260 258
1174 1387
1202 1712
253 268
1190 1384
1327 1547
259 269
1184 1418
1578 1367
246 285
1132 1565
1626 1333
275 252
1286 1370
1434 1522
264 267
1204 1458
1441 1540
261 276
1186 1506
1354 1645
263 279
1248 1456
1474 1534
255 288
1267 1442
1407 1654
265 299
1262 1451
1395 1650
271 291
1210 1586
1402 1657
283 283
1269 1486
1337 1729
274 306
1275 1528
1440 1652
266 323
1277 1558
1298 1793
288 293
1348 1533
1540 1595
276 304
1330 1493
1469 1678
302 280
1329 1563
1336 1816
286 331
1255 1649
1525 1646
287 336
1350 1583
1508 1800
293 334
1338 1599
1487 1782
297 330
1419 1550
1532 1812
304 326
1344 1627
1411 1885
300 337
1400 1591
1581 1768
303 333
1421 1572
1571 1737
323 308
1303 1704
1530 1827
307 339
1376 1638
1328 2096
309 340
1484 1530
1591 1823
313 332
1433 1609
1521 1894
308 343
1427 1655
1460 2035
324 346
1607 1460
1594 1796
325 354
1447 1686
1582 1880
331 351
1451 1696
1605 1843
333 358
1461 1719
1609 1845
335 360
1448 1699
1621 1842
332 362
1218 1997
1588 1923
339 363
1494 1715
1712 1788
414 318
1535 1740
1620 1889
338 372
1473 1730
1631 1913
329 392
1518 1797
1798 1770
336 380
1362 1830
1682 1859
344 374
1563 1790
1690 1957
334 396
1468 1858
1749 1886
347 366
1678 1683
1750 1979
341 376
1575 1789
1748 1976
343 381
1550 1867
1756 1978
354 373
1405 2015
1700 2080
353 387
1523 1926
1771 1995
356 390
1630 1783
1781 2002
368 378
1857 1611
1759 2032
365 386
1610 1840
1739 2066
359 394
1601 1871
1660 2222
355 402
1589 1996
1785 2077
352 412
1663 1922
1724 2153
395 368
1713 1888
1784 2095
382 391
1659 1966
1790 2137
373 404
1693 1932
1815 2058
369 420
1643 2091
1853 2114
350 442
1941 1736
1765 2184
370 419
1710 2018
1799 2182
380 409
1638 2057
1880 2106
362 441
1719 2054
1931 2101
422 388
1797 1939
1806 2261
403 406
1728 2029
1889 2176
410 405
1805 2027
1758 2390
405 413
1733 2117
1675 2533
386 429
1764 2103
2027 2046
408 421
1817 2028
1930 2177
393 446
1900 1949
1952 2156
440 398
1740 2143
1876 2407
416 438
1804 2100
2002 2146
423 433
1793 2124
2032 2295
399 466
1885 2041
2176 2234
381 483
1833 2127
2058 2368
406 471
1767 2313
2023 2402
430 447
1773 2332
1990 2450
428 457
1672 2522
2074 2355
445 437
1869 2220
2083 2346
433 464
1965 2158
1960 2490
411 495
1904 2252
2037 2479
443 461
1955 2208
2185 2294
427 484
1902 2310
2119 2422
435 485
1957 2260
2182 2321
453 467
1788 2584
2053 2505
461 465
2001 2342
2205 2330
425 509
1997 2370
1845 2872
439 496
1886 2496
2120 2461
432 517
2018 2380
2126 2464
501 443
2091 2258
2167 2471
449 507
2118 2271
2301 2409
424 547
2115 2231
2217 2428
473 486
2025 2389
2340 2449
465 500
2066 2337
2218 2487
480 487
2071 2381
2312 2491
451 528
2050 2454
2226 2502
442 536
2116 2506
2207 2640
468 523
2008 2602
2337 2530
485 505
2214 2403
2123 2950
458 535
2252 2432
2382 2569
489 503
2254 2462
2210 2761
467 533
2259 2439
2204 2775
487 510
2127 2620
2355 2610
472 532
2044 2747
2274 2713
444 587
2183 2631
2318 2699
486 544
2361 2412
2356 2673
492 542
2258 2554
2359 2685
503 531
2244 2579
2400 2679
493 552
2282 2568
2080 3351
469 598
2221 2671
2369 2766
498 549
2279 2623
2442 2706
508 546
2396 2508
2464 2652
506 564
2193 2879
2191 3167
500 593
2330 2722
2347 2926
518 554
2504 2578
2391 2847
515 584
2310 2838
2420 2815
522 576
2329 2901
2424 2880
614 512
2549 2581
2398 2939
528 585
2351 3037
2560 2790
549 562
2392 2995
2577 2863
541 582
2484 2888
2264 3368
548 571
2376 3031
2586 3060
574 550
2406 3028
2668 2985
534 597
2467 2974
2524 3160
527 604
2510 2925
2616 3066
545 594
2718 2681
2594 3094
566 569
2499 2989
2743 2937
555 588
3044 2547
2663 3026
529 625
2692 2825
2657 3057
538 617
2496 3122
2572 3150
507 667
2543 3063
3024 2755
583 583
2430 3255
2653 3090
567 613
2555 3074
2674 3171
553 628
2836 2802
2701 3176
568 621
2619 3092
2755 3182
592 605
2541 3159
2828 3073
586 620
2842 2908
2851 3102
537 668
2562 3175
2597 3442
590 618
2643 3132
2898 3070
552 648
2761 3071
2824 3158
582 634
2611 3272
2660 3344
584 642
2745 3107
2723 3268
601 629
2778 3085
2702 3356
571 649
2483 3604
3119 2975
598 632
3022 2962
2820 3262
520 719
2956 3039
2636 3577
564 662
3310 2736
3051 3068
602 639
2873 3161
2777 3369
610 644
2894 3260
2887 3266
559 691
2740 3320
3048 3099
616 652
2868 3334
3133 3067
621 645
2827 3238
2727 3525
588 684
2627 3729
2829 3390
557 707
2669 3517
2865 3427
561 704
2843 3429
2986 3245
579 696
2854 3278
3740 2687
597 697
2960 3293
2947 3370
625 672
2864 3426
3257 3104
656 658
2830 3497
2989 3410
627 686
2916 3389
3090 3307
654 663
3026 3271
3039 3365
661 690
2953 3346
2957 3480
605 748
2908 3416
3138 3286
628 731
3031 3297
2782 3749
645 750
2877 3605
3007 3470
677 727
2988 3421
2869 3701
667 741
2938 3546
2943 3608
693 711
2818 3682
3120 3372
611 821
2863 3763
2982 3631
689 716
2949 3658
2792 3797
680 728
3049 3590
3151 3496
686 726
2998 3648
2866 3756
698 722
3148 3504
3161 3507
688 746
3069 3610
3199 3459
678 760
2996 3700
3127 3549
738 692
3207 3511
3848 2938
642 835
3097 3675
3072 3652
652 830
2930 3884
3106 3669
643 861
3089 3712
3351 3377
702 756
3168 3671
2785 4047
711 758
3154 3694
3140 3678
676 822
3330 3476
3149 3676
718 754
3301 3593
2926 3955
669 844
3047 3889
3290 3552
705 771
3027 3909
2906 3976
681 810
3153 3862
3175 3723
758 732
3234 3810
3512 3396
682 826
3256 3837
3107 3804
728 783
3226 3882
3223 3759
712 804
3417 3706
3095 3819
737 774
2811 4466
3206 3811
731 784
3261 3908
3167 3903
729 797
3632 3529
3322 3734
751 781
3421 3747
3724 3327
763 776
3613 3569
3101 4014
754 793
3197 3972
3287 3828
742 812
3163 4110
3172 3989
733 838
3441 3842
3585 3634
732 840
3385 3907
3237 3933
761 799
3220 4089
3390 3830
745 832
3245 4076
3480 3844
753 831
3182 4165
3254 3993
779 805
3341 4003
3460 3874
788 806
3177 4225
3137 4159
787 824
3558 3925
3503 3863
765 854
3730 3768
3399 3900
799 813
3922 3601
3058 4354
786 834
3475 4020
3600 3779
757 867
3873 3662
3798 3689
776 850
3568 3947
3619 3875
741 891
3420 4085
3622 3926
783 849
3283 4259
3498 4035
740 912
3282 4271
3312 4405
815 823
3357 4217
2607 5639
770 880
3087 4688
2934 5052
764 892
3620 3983
3824 3870
804 851
3615 4028
3738 3961
790 870
3517 4126
4018 3681
811 862
3540 4111
3262 4590
780 896
3594 4058
3886 3937
785 902
3847 3856
3645 4236
823 869
3690 3974
3687 4172
840 864
3705 4013
3567 4396
801 926
3644 4088
3426 4515
836 881
3706 4053
3624 4407
816 919
3679 4158
3704 4229
812 935
3703 4146
3814 4251
789 955
3532 4387
3758 4190
791 959
3382 4631
3793 4446
850 875
3790 4093
3795 4218
831 910
3880 4025
3924 4257
962 796
3900 4039
4003 3988
832 922
3627 4383
3864 4442
826 941
3754 4247
3862 4234
893 878
3789 4295
3842 4520
842 950
3734 4389
3124 5591
872 909
3872 4208
3910 4449
853 934
3495 4765
4045 4292
839 954
3661 4533
4162 4233
827 967
3023 5714
4118 4269
882 915
3870 4353
3890 4629
818 987
3544 4908
4009 4451
890 924
3857 4462
3925 4657
946 879
3764 4585
3946 4602
822 1003
3921 4364
4013 4597
931 895
3731 4701
4006 4605
843 984
4407 3924
4007 4655
756 1134
3835 4556
4017 4614
854 962
3972 4363
3914 4857
884 947
3905 4606
4260 4334
819 1039
3943 4551
4139 4535
845 1000
3736 5015
3889 4914
828 1040
4079 4472
4439 4254
935 927
4370 4174
3807 5034
834 1045
3938 4723
4057 4714
870 974
4089 4587
4258 4427
825 1062
3867 5047
4163 4603
891 970
4231 4509
3976 4889
868 997
3927 4966
4222 4638
824 1079
3971 4896
4321 4484
876 1002
4024 4842
4027 4893
864 1027
4137 4659
4585 4256
941 949
3471 5725
4302 4674
847 1064
3979 4934
4460 4391
908 991
4446 4422
3995 5044
894 1013
4303 4612
4244 4712
887 1030
4532 4361
4333 4645
963 951
4763 4192
4173 4845
939 972
4001 5066
4034 5019
911 1008
3737 5578
4545 4413
936 979
4228 4871
4354 4667
910 1026
4349 4710
4405 4607
978 952
4300 4840
4199 4874
835 1118
4281 4897
4172 4970
921 1018
4298 4956
4288 4890
943 988
4635 4588
4364 4822
934 1014
4250 5024
4052 5226
986 971
4310 4983
4733 4428
886 1084
4254 5057
4276 4992
974 986
4272 5061
4516 4708
897 1073
4213 5136
4237 5081
915 1057
5046 4342
4751 4539
904 1070
4295 5179
4223 5119
929 1049
4950 4470
4104 5289
957 1031
4426 4996
4220 5194
951 1046
4453 4973
4615 4694
914 1100
4697 4737
4246 5183
923 1097
4256 5264
4776 4599
930 1091
4552 4955
4679 4698
964 1065
4771 4734
4443 4948
949 1087
4504 5048
4311 5139
903 1128
4425 5116
4469 4978
954 1094
4438 5123
4634 4775
919 1125
4642 4910
4672 4774
965 1080
4458 5228
4484 4994
990 1060
4396 5313
4377 5142
970 1088
4555 5213
4688 4853
959 1102
4591 5166
4416 5095
905 1169
4366 5443
4449 5097
932 1133
4584 5199
5076 4544
938 1124
4536 5299
4380 5319
912 1163
3985 5912
4480 5270
998 1074
4383 5500
4723 5017
940 1131
4661 5223
4531 5235
971 1103
5208 4693
4923 4856
996 1086
4603 5334
4750 5020
1104 953
4274 5704
4629 5156
888 1199
4325 5663
4482 5309
924 1164
4793 5168
4493 5361
736 1500
4694 5287
4454 5410
960 1151
4717 5263
4569 5295
979 1130
4547 5444
4556 5352
994 1110
4676 5338
5212 4669
1023 1076
4122 5955
4500 5436
918 1206
4728 5318
4341 5628
944 1187
4960 5100
4663 5272
997 1126
4973 5092
4485 5490
1000 1116
4558 5548
4863 5065
1021 1113
4599 5532
4616 5354
1029 1111
4944 5243
4436 5567
1025 1135
4840 5489
4481 5526
980 1208
4571 5635
4812 5211
1086 1085
4995 5412
4681 5325
1054 1114
5037 5197
4753 5269
1040 1144
4910 5491
4617 5424
1034 1158
4894 5340
4610 5439
952 1271
4917 5486
4708 5343
1151 1050
5225 5216
4499 5574
1013 1204
4785 5671
4098 6087
1047 1174
4541 5919
4870 5212
1135 1083
5620 4762
4720 5441
1081 1152
4806 5689
4668 5428
1045 1193
4731 5767
4934 5232
1019 1220
4359 6204
5389 4787
1103 1136
5221 5363
4630 5643
1028 1216
5089 5563
4780 5506
1032 1219
5001 5697
5071 5204
1089 1179
5031 5739
4658 5645
1056 1210
4757 6048
5464 4819
1133 1123
5520 5250
4625 5702
1027 1257
4685 6250
4875 5484
1142 1148
4924 5960
4853 5536
1114 1184
5290 5622
4948 5447
1069 1229
5293 5625
4502 5879
1038 1264
4521 6512
4742 5684
1091 1222
5080 5835
5114 5293
1116 1197
5045 5888
4675 5746
1044 1269
5119 5823
4932 5547
1020 1304
4976 6009
4508 5964
1093 1237
5189 5787
4837 5666
1243 1078
5284 5762
5014 5566
1066 1276
4914 6280
5082 5493
1161 1175
5289 5832
4966 5629
1123 1223
5036 6268
4999 5594
1063 1294
5296 5925
5202 5449
1125 1240
4982 6368
5055 5603
901 1569
5260 6091
4687 6053
1117 1272
5356 5970
5283 5419
1145 1250
5291 6074
4947 5807
1113 1300
5203 6235
5238 5476
1183 1224
5495 5844
5149 5656
1124 1291
5466 5947
4885 5897
1096 1341
5331 6196
4838 6041
1146 1281
6134 5425
5309 5546
1141 1293
5405 6137
5506 5393
1239 1202
5416 6127
4963 6120
1148 1299
5360 6307
5183 5865
1128 1329
5393 6195
4633 6552
1196 1245
5411 6282
4539 6784
1214 1241
4913 6966
5397 5696
1177 1295
4650 7579
5364 5782
1156 1309
5547 6088
5040 6207
1126 1361
5829 5822
5377 5873
1166 1312
5674 5940
5053 6306
1168 1323
5222 6651
4713 6835
1191 1302
4883 7220
5319 5981
1121 1402
6014 5797
5425 5868
1185 1335
5534 6202
5429 5949
1084 1475
4637 7851
5564 5781
1178 1357
6190 5713
4977 6614
1170 1364
5491 6405
5121 6442
1198 1342
5814 6031
5798 5626
1230 1325
5245 6921
6067 5460
1227 1336
5614 6270
5044 6635
1180 1382
5654 6230
5247 6316
1149 1426
5661 6232
4908 6881
1219 1353
5249 6946
5453 6093
1242 1339
5722 6203
4859 7014
1160 1421
5861 6104
4631 7498
1293 1283
5019 7414
5742 5758
1263 1315
5587 6380
5479 6171
1233 1354
5625 6399
5392 6275
1155 1432
5381 6945
5672 5921
1163 1431
5817 6279
5472 6156
1078 1596
5719 6370
5445 6301
1189 1401
6077 6080
5497 6158
1251 1352
5592 6623
5702 6060
1261 1346
5981 6194
5380 6361
1224 1371
5684 6547
5849 5945
1215 1386
5931 6296
5344 6570
1200 1412
5646 6624
5417 6577
1005 1742
5574 6748
6118 5803
1225 1388
5643 6658
5725 6116
1153 1505
5765 6507
5787 6049
1271 1365
5865 6436
6064 5846
1313 1330
5887 6424
5582 6335
1264 1379
5583 6805
5492 6535
1235 1417
5551 6958
5821 6191
1216 1434
5647 6831
5677 6332
1205 1447
5878 6568
5964 6097
1356 1316
5925 6523
5688 6517
1254 1416
6588 5951
5692 6492
1281 1397
5891 6643
5658 6567
1222 1461
5833 6656
5652 6617
1194 1491
5965 6544
5717 6597
1296 1396
6079 6376
5908 6411
1217 1501
5285 7748
5656 6725
1301 1409
5913 6605
5651 6747
1289 1422
5755 6855
5712 6696
1229 1499
5671 7060
6455 5987
1253 1471
5793 6955
5648 6844
1257 1468
5906 6836
6145 6258
1342 1385
6000 6803
5678 6819
1294 1438
5941 6909
5958 6454
1265 1476
5650 7305
6623 5958
1311 1433
6640 6234
5937 6480
1273 1484
5773 7205
5747 6812
1302 1455
6151 6767
5973 6542
1290 1477
6232 6679
5972 6581
1266 1514
5997 6968
5562 7147
1679 1176
5881 7158
6149 6389
1287 1495
6323 6652
5801 6802
1295 1485
5591 7613
6070 6501
1220 1602
6076 6996
5852 6776
1352 1439
5875 7279
5835 6825
1384 1415
6187 6893
6164 6474
1308 1480
5783 7546
6209 6463
1258 1570
6069 7214
5854 6888
1221 1621
5993 7318
6562 6181
1272 1567
6345 6929
6030 6687
1371 1449
5699 7765
5805 7030
1349 1510
6566 6724
5901 6920
1351 1515
6900 6433
6275 6486
1439 1440
6175 7166
6606 6218
1334 1538
5888 7523
5683 7265
1360 1524
6174 7174
5638 7337
1299 1619
6575 6746
7471 5710
1415 1489
6419 6898
5909 7036
1312 1612
5816 7653
5368 7987
1389 1525
5828 7654
6048 6939
1370 1537
7006 6398
5752 7293
1369 1543
6440 6993
6143 6833
1280 1661
6307 7137
5727 7412
1341 1577
6313 7131
6186 6809
1391 1527
6289 7207
6158 6901
1428 1494
6841 6689
6155 6869
1305 1632
6160 7399
6200 6927
1413 1519
6269 7267
5905 7177
1498 1437
5784 7926
5985 7181
1292 1665
5946 7763
6150 6997
1504 1445
6223 7402
6299 6828
1373 1580
6298 7310
5598 7781
1366 1597
6784 6818
6178 7052
1374 1592
5695 8039
6116 7111
1386 1585
6199 7526
5826 7521
1420 1566
7045 6647
6386 6820
1459 1523
6475 7256
6748 6528
1396 1607
6236 7576
6044 7254
1429 1575
6589 7340
5954 7417
1617 1376
6473 7514
5982 7406
1450 1557
6389 7646
5704 7833
1452 1554
6565 7477
6319 7051
1422 1608
6662 7383
6417 6970
1394 1626
6605 7450
6147 7285
1345 1685
6904 7161
5944 7626
1514 1496
6266 7880
6197 7330
1409 1622
6432 7784
6095 7500
1465 1556
6697 7451
6131 7478
1505 1516
6537 7685
6453 7107
1445 1605
6349 7918
5994 7678
1424 1634
6903 7364
6581 7013
1432 1635
6643 7637
6930 6699
1492 1574
6755 7541
6460 7167
1387 1695
6352 8021
6382 7236
1454 1624
6635 7786
6491 7140
1390 1705
6580 7855
6636 7017
1467 1628
6978 7489
6522 7099
1458 1636
6836 7708
6600 7056
1453 1643
6865 7664
6391 7320
1435 1675
6896 7663
6586 7127
1491 1613
7062 7507
7312 6451
1443 1668
7268 7304
6133 7677
1455 1664
7040 7560
6292 7497
1612 1463
6981 7709
6449 7370
1562 1536
6710 7953
6505 7358
1431 1710
6811 7920
5870 8093
1524 1616
7558 7234
6303 7628
1457 1694
6860 7903
7480 6459
1438 1711
6838 8026
6569 7362
1372 1765
6928 7843
6558 7380
1511 1642
7065 7958
5422 8216
1502 1660
6263 8184
6528 7460
1488 1676
7409 7772
7005 7032
1536 1639
7198 7809
6858 7134
1558 1620
7373 7800
6671 7379
1423 1745
7435 7782
6513 7491
1573 1601
7528 7695
6632 7449
1509 1684
7330 7944
6163 7956
1561 1623
7481 7923
6693 7423
1463 1726
7642 7793
7055 7086
1430 1757
7154 8148
6336 7961
1541 1666
7171 8157
7170 7064
1358 1819
7503 8015
6946 7347
1482 1725
7668 7894
6711 7726
1551 1671
7745 7858
6305 8119
1470 1733
7750 8185
6898 7670
1516 1703
6974 7588
1493 1727
7181 7391
1680 1498
6690 8052
1497 1731
6787 7836
1317 1933
7138 7660
1567 1697
6743 8063
1496 1760
6866 8056
1586 1674
7206 7802
1622 1625
7527 7438
1519 1739
6943 8050
1658 1588
6785 8151
1639 1615
7367 7753
1556 1728
6703 8180
1577 1707
7420 7806
1627 1648
7197 8022
1500 1786
7460 7868
1425 1851
6918 8175
1569 1724
7259 8036
1548 1754
7382 8047
1517 1780
7800 7615
1533 1779
7519 7965
1570 1744
7694 7875
1479 1834
7822 7884
1364 1980
7485 8139
1526 1810
7770 8197
1604 1732
7812 7890
1566 1778
1644 1702
1649 1701
1803 1548
1585 1772
1375 2026
1503 1874
1615 1751
1657 1721
1543 1833
1593 1787
1629 1749
1580 1806
1538 1915
1608 1802
1559 1900
1623 1808
1662 1775
1596 1847
1726 1735
1603 1852
1691 1773
1634 1828
1510 2021
1723 1752
1527 2004
1696 1777
1827 1688
1778 1723
1741 1756
1618 1872
1704 1791
1673 1818
1614 1902
1288 2463
1544 2020
1698 1795
1757 1767
1635 1882
1686 1820
1694 1814
1651 1869
1654 1873
1650 1891
1695 1829
1637 1928
1611 1971
1666 1878
1745 1803
1641 1953
1565 2085
1598 2017
1705 1853
1783 1801
1718 1855
1860 1761
1692 1912
1747 1838
1730 1848
1711 1908
1891 1781
1727 1924
1923 1759
1555 2241
1751 1917
1699 1975
1721 1951
1779 1887
1624 2119
1717 1969
1418 2541
1665 2049
1738 1959
1720 1982
1821 1864
1684 2036
1590 2214
1863 1846
1949 1792
1768 1955
1760 1964
1734 1983
1681 2069
1683 2071
1731 2000
1847 1899
1619 2207
1823 1927
2012 1784
1668 2138
1770 1998
1597 2309
1862 1930
1775 2012
1859 1931
1689 2148
1809 1991
1753 2073
1780 2033
1843 1970
1810 2008
1829 1981
1794 2030
1729 2116
1951 1868
1776 2064
1789 2048
1978 1849
2004 1837
1820 2023
1830 2011
1808 2074
1801 2086
1840 2031
1992 1895
2020 1865
1743 2174
1800 2109
1655 2349
1879 2051
1884 2047
1874 2062
1835 2110
2122 1835
1802 2171
2081 1881
1975 1986
1888 2090
1892 2093
1837 2155
1867 2125
2158 1839
1832 2168
1814 2205
1928 2050
1964 2014
1831 2191
1954 2040
2000 2007
1849 2178
1939 2070
1963 2044
1914 2111
1836 2219
1983 2045
1708 2415
2166 1901
1912 2136
2105 1958
1828 2255
1868 2204
1969 2082
1946 2099
1961 2088
2155 1929
1944 2132
1936 2144
1935 2147
1906 2188
1924 2169
1981 2128
1991 2122
2021 2097
1703 2528
1894 2247
2054 2078
1940 2202
1967 2180
2295 1876
2104 2056
1933 2240
2161 2003
1982 2183
2043 2126
2190 1984
1986 2193
1870 2378
1927 2284
2052 2152
2013 2192
1919 2306
2046 2173
1854 2417
2171 2055
1932 2314
2010 2233
2031 2217
1994 2266
1916 2364
1948 2324
1972 2316
2174 2105
2192 2087
2088 2200
1881 2459
1925 2388
2172 2129
2026 2312
2106 2227
1826 2600
2051 2299
2073 2285
2184 2162
2101 2265
1934 2457
2494 1920
1895 2526
2142 2237
1999 2401
2047 2351
2154 2229
2233 2141
1636 3163
2131 2279
2078 2344
2033 2398
2177 2248
2260 2154
2163 2275
2945 1776
2109 2353
2093 2374
2036 2429
1909 2601
2186 2272
2179 2287
2151 2322
2211 2246
2136 2350
2181 2298
2132 2362
2236 2251
2096 2419
2149 2376
2024 2529
2225 2293
2042 2525
2170 2382
1995 2589
2165 2393
2160 2441
2325 2288
2256 2356
2009 2646
2357 2267
2075 2587
2276 2363
2315 2323
2098 2585
2159 2497
2095 2596
1942 2794
1929 2837
2322 2339
2153 2540
2358 2315
2246 2435
2017 2739
2102 2628
2065 2669
2022 2733
1979 2852
2156 2592
2241 2481
2216 2515
2234 2504
2266 2475
2319 2423
2303 2446
2408 2358
2284 2470
2220 2551
2030 2832
2197 2595
2375 2400
2242 2556
2477 2325
2452 2367
2465 2343
2332 2488
2979 2022
2124 2753
2141 2721
2316 2521
2271 2574
2203 2638
2157 2716
2215 2625
2321 2535
2405 2452
2111 2818
2219 2633
2605 2283
2245 2618
2306 2564
2386 2477
2443 2437
2437 2445
2394 2492
2371 2516
2092 2942
2372 2523
2388 2512
2729 2228
2283 2624
2069 3010
2251 2675
2056 3076
2228 2730
2446 2517
2435 2542
2449 2562
2196 2910
2596 2425
2460 2560
2451 2572
2015 3280
2418 2605
2428 2599
2168 3000
2790 2317
2481 2558
2507 2546
2552 2513
2650 2465
2364 2737
2385 2717
2235 2976
2290 2894
2469 2635
2339 2853
2488 2637
2486 2648
2403 2774
2687 2500
2485 2666
2397 2807
2538 2641
2585 2607
2489 2704
2924 2399
2566 2649
2463 2763
2578 2651
2505 2727
2544 2690
2429 2870
2367 2980
2546 2709
2269 3152
2537 2719
2810 2527
2305 3105
2559 2705
2784 2567
2568 2744
2503 2841
2548 2788
2645 2689
2395 3078
2626 2751
2536 2896
2812 2616
2667 2725
2476 2990
2564 2858
2576 2839
2535 2919
2575 2876
2638 2796
2648 2787
2581 2891
2263 3403
2571 2911
2699 2740
2601 2868
2771 2678
2625 2865
2719 2746
2666 2834
2655 2855
2637 2881
2675 2822
2512 3038
2661 2864
2892 2643
2754 2748
2786 2734
2685 2866
2592 3014
2314 3489
2639 2977
2635 2991
2570 3054
2540 3117
2720 2912
2680 2968
2387 3415
2530 3173
2709 2970
2737 2949
2514 3222
2079 4164
2841 2848
2526 3211
2751 2955
2885 2812
2651 3084
2911 2809
2769 2973
2678 3072
2553 3240
2850 2914
2752 3001
2935 2795
2593 3196
2714 3046
2695 3114
2762 3035
2757 3040
2997 2799
2937 2873
2508 3386
2641 3210
2533 3349
2664 3174
2779 3047
2907 2944
2805 3034
3014 2824
2587 3304
3528 2524
3004 2851
2940 2923
3036 2817
2936 2927
2767 3108
2808 3080
2758 3125
2888 3012
2919 2982
2554 3406
2766 3127
2614 3324
3165 2768
2707 3221
2950 2984
3098 2859
2840 3129
3061 2916
2872 3101
3034 2959
2838 3135
2902 3062
2849 3128
2973 3006
2770 3215
3078 2935
2297 4033
2739 3285
3040 2997
2910 3118
3009 3025
2951 3089
2845 3197
3142 2931
2889 3162
2703 3357
3057 3005
2794 3256
2647 3464
2832 3239
2913 3151
2835 3241
3045 3027
3179 2954
2704 3391
2788 3313
2971 3119
2068 5001
2705 3437
3110 3024
2658 3535
2822 3315
2952 3164
2721 3444
3050 3088
2975 3146
2909 3230
2855 3294
2987 3148
3056 3095
2964 3183
2879 3303
2807 3373
2411 4018
2972 3188
2684 3581
3157 3049
3011 3170
2744 3486
3892 2555
2914 3291
2883 3331
2876 3337
2747 3502
2825 3401
3075 3139
3238 3009
2955 3249
2821 3439
3021 3209
2749 3541
3267 3017
2582 3827
2679 3685
2773 3539
3038 3228
2870 3436
3259 3041
2803 3534
3250 3064
3452 2898
3000 3296
3076 3229
3193 3145
2884 3458
3015 3308
3085 3246
3146 3199
2991 3350
3189 3178
3092 3265
3270 3116
2897 3519
3208 3187
2858 3599
2932 3469
3008 3398
3126 3300
3198 3235
2944 3509
3062 3355
2966 3499
3080 3359
3109 3339
3060 3383
3084 3361
3388 3093
2622 3987
3183 3306
3144 3333
3296 3193
3019 3466
3139 3340
2891 3655
3063 3428
3176 3336
3258 3276
3229 3312
3067 3484
3181 3364
3311 3243
3074 3508
3169 3397
3274 3298
3285 3295
3055 3544
3260 3328
3002 3623
3196 3422
2862 3839
2990 3672
3202 3424
3303 3321
3013 3657
3118 3554
3209 3449
3200 3463
3787 2971
3201 3495
3155 3548
3093 3622
3276 3420
3271 3434
3131 3617
3086 3664
3410 3309
2716 4115
3328 3400
2995 3802
3217 3557
3081 3719
3253 3526
3435 3329
3212 3603
3293 3501
3518 3254
3325 3456
3379 3395
3136 3702
3522 3264
3395 3380
3318 3479
3190 3647
2923 3929
3156 3698
3265 3571
3268 3580
3337 3493
3134 3730
3053 3826
3192 3686
3289 3566
3294 3585
3347 3512
3329 3531
3123 3784
3412 3454
3323 3565
3370 3515
3391 3498
3185 3745
3284 3636
2985 3943
3539 3354
3378 3532
3446 3461
3637 3287
3368 3561
3592 3326
3443 3474
3066 3899
3365 3578
3511 3407
3514 3405
3213 3752
3129 3858
3432 3518
3352 3606
3371 3616
3249 3766
3300 3724
3356 3665
3313 3722
3463 3573
3490 3547
3363 3699
3317 3754
3504 3560
3251 3846
3415 3659
3617 3450
3394 3687
3675 3382
3451 3638
3587 3490
3298 3813
3484 3624
2921 4238
2859 4344
3434 3693
3493 3630
3442 3688
2816 4463
3210 3927
3578 3559
3331 3817
3103 4043
3602 3538
3340 3831
3383 3789
3545 3644
3678 3505
3414 3770
3549 3656
3821 3343
3288 3934
3958 3250
3431 3809
3369 3881
3158 4095
3573 3705
3748 3527
3934 3323
3536 3748
2798 4721
3387 3904
3650 3650
3548 3758
3485 3816
3618 3708
3488 3825
3393 3916
3419 3895
3659 3673
2917 4557
3552 3785
3482 3854
3526 3815
3638 3718
3088 4273
3491 3853
3560 3798
3500 3860
3529 3834
3865 3485
3461 3896
3616 3761
3688 3703
3809 3563
3553 3849
3079 4349
3334 4036
3374 3994
3543 3879
3720 3711
3527 3905
3609 3838
3366 4049
3791 3674
3572 3897
3476 3970
3755 3738
3591 3890
3626 3877
3581 3919
3612 3901
3483 3996
3448 4040
3404 4078
3751 3787
3599 3918
3623 3911
3574 3946
3756 3796
3343 4180
3843 3704
3537 3985
3515 4019
3152 4505
3788 3795
3608 3948
3744 3861
3001 4800
3712 3892
3418 4168
3666 3949
3693 3928
3955 3666
3563 4051
3647 3981
3521 4100
3523 4097
3501 4127
3667 3977
3861 3822
3403 4282
3686 3982
3597 4066
3455 4227
3763 3944
3486 4191
3777 3930
3470 4241
3757 3964
3547 4169
3785 3942
3672 4044
3931 3808
3631 4106
3665 4086
3778 3986
3920 3868
3320 4564
3772 4005
3715 4060
3472 4346
3735 4055
4005 3799
3766 4057
3590 4239
3178 4928
3782 4048
3759 4084
3936 3920
3750 4109
3719 4141
3605 4260
4494 3457
3935 3938
3338 4699
3852 4021
3519 4432
3701 4198
3960 3932
3660 4278
3774 4156
3894 4008
3834 4069
3918 4001
3780 4162
4072 3872
3673 4296
3643 4341
3698 4287
4128 3857
3173 5153
3551 4522
3981 3966
3601 4459
3775 4237
3362 4839
3962 4006
3593 4493
4123 3910
3345 4936
3827 4200
3850 4187
3902 4124
3674 4438
4215 3864
3871 4178
3883 4183
3792 4305
3670 4512
3228 5230
3895 4194
3947 4129
3949 4135
3714 4481
3786 4371
3696 4519
3968 4112
3820 4309
3456 4899
4023 4073
4036 4064
4071 4041
3977 4151
3815 4376
3944 4196
3799 4418
3832 4368
3221 5376
4084 4070
3951 4210
3984 4166
3868 4338
3516 4907
3700 4624
3957 4206
3562 4846
3767 4547
3967 4207
3646 4728
3726 4620
3956 4240
4020 4182
4044 4160
3745 4644
4091 4121
4083 4138
3806 4531
4264 4009
3819 4525
3582 4924
3654 4821
3966 4299
3653 4848
3859 4504
4142 4119
4077 4186
3683 4801
4041 4230
4002 4281
3510 5070
4314 4016
4051 4255
3941 4425
3743 4764
3964 4379
3996 4312
3876 4552
3963 4385
4180 4155
3505 5161
3975 4424
3932 4506
3725 4882
3851 4664
4063 4318
3896 4608
4119 4261
3952 4496
3909 4611
4871 3755
4080 4324
3884 4662
3732 4921
4245 4181
4218 4199
3162 5825
4043 4395
3992 4490
4100 4347
4038 4431
4075 4386
3906 4676
3942 4617
3987 4514
4132 4317
4176 4286
4301 4179
4061 4450
4110 4408
4190 4307
3969 4622
3697 5084
4212 4303
3507 5401
4069 4479
4095 4455
4198 4319
4124 4423
4188 4337
4103 4458
4389 4171
4204 4345
4064 4529
4441 4120
3917 4778
4133 4454
4308 4263
4060 4561
4560 4056
4375 4209
3636 5297
4165 4435
4082 4566
4414 4188
4182 4433
4015 4654
3998 4685
4097 4554
4088 4577
4208 4420
4257 4378
4233 4401
3970 4758
4158 4502
4465 4189
4059 4661
4033 4690
4269 4410
5101 3807
4181 4510
4160 4549
4140 4578
5163 3776
4004 4742
4121 4615
4583 4134
4031 4720
4054 4711
4187 4550
4278 4475
4175 4596
4053 4745
4211 4565
4423 4327
4270 4558
4055 4827
4050 4843
4343 4467
4200 4665
4127 4761
4621 4223
3926 5073
4327 4543
3437 5850
4348 4530
4772 4143
4385 4491
4428 4443
4399 4488
4166 4747
4595 4288
4115 4855
4297 4633
4116 4867
4283 4656
4530 4365
4217 4727
4601 4306
4579 4329
4185 4777
4197 4767
4221 4749
4125 4904
4561 4390
4335 4671
4330 4704
4101 4985
4935 4122
4205 4881
4154 4944
4319 4733
4279 4795
4093 5032
4865 4204
3816 5503
4282 4829
4207 4923
4580 4495
4184 4949
4529 4553
4315 4814
4376 4719
4473 4652
5068 4107
4592 4524
4286 4902
4378 4759
4306 4887
4437 4707
4576 4594
4623 4536
3882 5533
4318 4913
4456 4731
4864 4335
4408 4815
4511 4703
4557 4687
4922 4311
3974 5429
4028 5333
4452 4816
4468 4792
4332 4963
4316 4984
4368 4920
4406 4888
4309 5006
4040 5359
4474 4833
4235 5101
4578 4706
4263 5090
4066 5351
4304 5055
4478 4866
4554 4771
4489 4860
4549 4788
4736 4618
4632 4702
4073 5395
4242 5193
4702 4678
4622 4757
4357 5063
4328 5109
4566 4854
3953 5618
4611 4784
5207 4212
4550 4876
4645 4738
4179 5302
4410 5016
4538 4892
4432 4995
4568 4884
4714 4713
5167 4277
4219 5290
4582 4879
4129 5414
4820 4647
4433 5035
4273 5259
4388 5108
4247 5298
4067 5525
4567 4931
5065 4421
4340 5214
4192 5388
4398 5146
4795 4722
4860 4660
3950 5753
4651 4916
4466 5113
3830 5998
4674 4943
4997 4630
4777 4861
4464 5170
4737 4906
4313 5385
4606 5042
4156 5585
4483 5196
4861 4803
4752 4927
4409 5294
4230 5522
4726 4969
4881 4818
4371 5372
4740 4971
4476 5256
4878 4862
3993 5842
4527 5225
5629 4105
4640 5104
5033 4730
4965 4828
4732 5068
4767 5031
4880 4938
4535 5292
4832 5000
4665 5175
4706 5145
4836 5014
4848 4991
5079 4756
4788 5069
4344 5565
4317 5600
4980 4898
5103 4736
4562 5316
4779 5085
4738 5141
4648 5222
4930 4954
4821 5072
4604 5300
4783 5125
4372 5576
4789 5137
5120 4779
5051 4894
4831 5111
4978 4980
5013 4961
4467 5535
4727 5275
4457 5569
5304 4689
5030 4974
4693 5346
4384 5667
4920 5096
4734 5308
4869 5167
4879 5163
5099 4933
4781 5281
5769 4244
4813 5276
4646 5432
4574 5529
4619 5479
4988 5107
4586 5523
4755 5356
4695 5423
4791 5336
5186 4917
5233 4905
4682 5468
4724 5431
5165 4968
4647 5501
4827 5350
4926 5229
4678 5505
4707 5473
4822 5374
5041 5133
4902 5282
5129 5046
4856 5342
4808 5405
5267 4918
5060 5144
5025 5207
4845 5386
4954 5274
4991 5247
4690 5564
5253 4962
5052 5203
5095 5129
4657 5587
5357 4873
4430 5808
4236 6075
5164 5086
4652 5614
5115 5159
4833 5466
5187 5078
4712 5596
5195 5077
4849 5462
4952 5360
4039 6460
4850 5474
4699 5641
4102 6367
5005 5332
4892 5437
3986 6609
4698 5646
4890 5446
4337 6027
5021 5335
5243 5080
4523 5806
4463 5878
5057 5306
4889 5475
5541 4748
4899 5481
5217 5151
4495 5877
5351 5003
4996 5422
4830 5588
5137 5267
5166 5246
4981 5453
5160 5265
5087 5353
4673 5786
4600 5866
5028 5482
4350 6211
3904 7193
5169 5341
4998 5554
5400 5088
5170 5373
5075 5471
5096 5456
5073 5513
4802 5773
4786 5793
5224 5369
5111 5488
4994 5624
5237 5379
4958 5680
4872 5756
5155 5494
5286 5371
5241 5415
4178 6766
5209 5464
5359 5321
5354 5348
5077 5648
4492 6290
4766 5959
5258 5472
5047 5688
4764 5991
5219 5542
4760 6018
5314 5458
4649 6138
5199 5586
5256 5530
5565 5173
4921 5871
5216 5599
5211 5616
5707 5059
4238 6981
4747 6146
4810 6071
5058 5799
5147 5719
5412 5463
5070 5794
4444 6586
4919 5953
5156 5712
6120 4835
4573 6408
4431 6657
5525 5339
5402 5528
4888 6039
5350 5601
4942 6013
4761 6269
5449 5512
5104 5837
5093 5857
5530 5406
4798 6249
5558 5382
5323 5669
6028 4993
4893 6133
5578 5365
5301 5707
5440 5573
4927 6110
5088 5916
5320 5699
4915 6160
5097 5929
5020 6035
5403 5655
5110 5936
5011 6064
5556 5467
5387 5673
5318 5741
5550 5509
5143 5950
5482 5592
5193 5901
5504 5580
5117 5997
5670 5404
5138 5978
5415 5692
5775 5317
5026 6144
5268 5834
5226 5886
5398 5728
5141 5995
5229 5891
5436 5685
4901 6308
5244 5889
4520 6942
5373 5775
4746 6600
4905 6356
5443 5736
5451 5724
6117 5155
5297 5892
5921 5296
5539 5630
5448 5743
5232 5983
5546 5664
5329 5911
5132 6153
4972 6362
5108 6197
5382 5855
6233 5121
5345 5902
5303 5956
5718 5515
5125 6222
6025 5344
5007 6425
5413 5900
4970 6479
5399 5910
5686 5610
5657 5631
5035 6410
5618 5682
5306 6065
5940 5445
6873 4863
5352 6021
6136 5362
5786 5607
5257 6206
5264 6198
5811 5604
5214 6276
5310 6168
5136 6392
6106 5418
5435 6002
5338 6141
5736 5681
5682 5723
5701 5701
5261 6261
4990 6708
5735 5709
5853 5636
5930 5584
5527 5908
5396 6107
5335 6215
4722 7188
6243 5381
6242 5387
5754 5731
4941 6853
4969 6824
5206 6430
5462 6057
5740 5763
5500 6019
5234 6427
5456 6113
5758 5769
5528 6001
5505 6028
5488 6051
6479 5304
5613 5894
5280 6383
5594 5905
5067 6743
5498 6052
5086 6718
5624 5896
4353 8020
5098 6723
5386 6285
6173 5556
5741 5824
5012 6919
5602 5946
5698 5874
5324 6394
5274 6483
5475 6173
5190 6638
5434 6273
5563 6047
5685 5918
5288 6502
5194 6662
5499 6167
6006 5705
6699 5268
5600 6014
5554 6117
4847 7311
5213 6695
5586 6079
5911 5828
5470 6303
5458 6355
5346 6561
5468 6329
5316 6645
5791 5952
5085 7038
5855 5904
5246 6752
5774 5973
6075 5761
5800 5972
6252 5677
5100 7059
5538 6302
5372 6601
5988 5851
5711 6084
5663 6177
5772 6058
5496 6428
5770 6077
5593 6284
5690 6210
5568 6324
5844 6054
5788 6126
5807 6102
6377 5694
5636 6291
5923 6026
6078 5914
5605 6338
5795 6165
5567 6413
5579 6390
5721 6255
5751 6220
5589 6386
5756 6226
5421 6775
5737 6262
5897 6099
5863 6148
5490 6649
5827 6216
5904 6139
5771 6266
5641 6381
6054 6011
5666 6365
5601 6466
5612 6462
6404 5780
5910 6170
6234 5898
5847 6231
6194 5928
5227 7253
5850 6263
5880 6233
5933 6188
5557 6653
5517 6719
6157 6015
5836 6297
6378 5849
5092 7565
6568 5748
5991 6184
5516 6770
5760 6396
5876 6295
5705 6468
5452 6953
6312 5944
5857 6323
5882 6353
5535 6847
7567 5239
6184 6098
5768 6498
5713 6615
6253 6069
5834 6471
6166 6174
5809 6508
5639 6726
5823 6500
6607 5864
5553 6933
5426 7210
5968 6379
5902 6455
5484 7096
5074 7907
6483 5990
6023 6364
5522 7049
6354 6082
5868 6541
5617 6857
5961 6449
6260 6178
5262 7612
6482 6008
6057 6357
6325 6135
5932 6485
5480 7172
5631 6882
6012 6434
6052 6401
5837 6650
6227 6259
6021 6450
5924 6566
5781 6755
6366 6180
5957 6563
6826 5856
6408 6140
6001 6537
5785 6810
5866 6709
5383 7554
6201 6354
6655 6007
5976 6611
5812 6808
5691 6971
5315 7749
6062 6543
6290 6315
5662 7069
6103 6538
5894 6791
5548 7300
6015 6667
6119 6559
6247 6422
5886 6839
5960 6756
5744 7027
6132 6574
5822 6947
6702 6083
5813 6962
6050 6688
6043 6697
5945 6822
6262 6464
5358 7821
6188 6564
6373 6371
6979 5933
5986 6816
6241 6546
6268 6514
5983 6871
5877 7020
5947 6930
6286 6526
5995 6877
6255 6584
5914 7005
6279 6555
5738 7208
5955 6960
6902 6070
6239 6659
6415 6470
6029 6908
6310 6593
6357 6549
6535 6369
6331 6587
6094 6879
6061 6922
6371 6565
6153 6814
6469 6476
5596 7535
6531 6440
6065 6952
6731 6287
6773 6278
6300 6700
6560 6458
5977 7104
6231 6817
6411 6625
6073 7029
6130 6977
6750 6318
6456 6612
6335 6739
6198 6894
6990 6179
6027 7105
6107 7035
6213 6907
6353 6764
6510 6603
6367 6761
6536 6589
6594 6548
6177 7010
6358 6811
6783 6391
6857 6336
5748 7556
6148 7061
6068 7155
6871 6326
6749 6444
5979 7287
6380 6826
6530 6676
6334 6887
6501 6713
6701 6515
6324 6904
6009 7281
6845 6407
6293 6963
6161 7120
6071 7237
6051 7280
6013 7327
6024 7322
6207 7125
6376 6941
6381 6935
6508 6815
6497 6868
6472 6889
6108 7333
6776 6630
6451 6954
6997 6420
6346 7075
5797 7754
6265 7154
6681 6740
6314 7146
6250 7212
6385 7067
6273 7199
6308 7182
5710 7922
6708 6786
6123 7428
6036 7531
6740 6758
6438 7080
6649 6886
6321 7231
6420 7129
6326 7238
6405 7148
6790 6772
6880 6702
6109 7530
5936 7755
6271 7323
7437 6236
6612 6988
6125 7540
6341 7273
6524 7081
6484 7128
6496 7114
6969 6663
6228 7425
6665 6967
6364 7274
6162 7517
6726 6912
6316 7345
7070 6588
6439 7219
6533 7123
6617 7068
6433 7250
6629 7062
7553 6217
6104 7673
6642 7072
6406 7299
5767 8055
7052 6682
6877 6854
7215 6527
7520 6281
6202 7590
6653 7095
7002 6753
6763 7024
6550 7258
6807 7022
6573 7248
6967 6863
7340 6489
6909 6934
6821 7037
6620 7245
7106 6760
6684 7186
7027 6859
6599 7289
6608 7286
6818 7093
6356 7586
6369 7575
7162 6769
6718 7221
6176 7837
6493 7469
6796 7160
6374 7617
6384 7599
6563 7435
6360 7689
6663 7352
6503 7537
6920 7118
7231 6830
7438 6641
6661 7405
6851 7218
7009 7078
6825 7270
7096 6999
6485 7651
6327 7824
6486 7693
6870 7283
7153 7016
6538 7639
7146 7034
6557 7633
7145 7040
7061 7103
6840 7338
6650 7543
7113 7077
7431 6762
6342 7900
6541 7697
6837 7369
7242 6979
6185 8061
6810 7415
6766 7461
7131 7116
6874 7376
7223 7047
6893 7373
7314 6959
6520 7791
6689 7624
6728 7581
7347 6969
6952 7368
6601 7777
6989 7346
6492 7878
6913 7455
6019 8176
7178 7195
6814 7596
7043 7342
7258 7141
7130 7268
6591 7832
7007 7400
6934 7493
6458 7981
7675 6730
7540 6892
7018 7424
6798 7692
7359 7109
7192 7295
6771 7752
7134 7356
7244 7242
6765 7759
6760 7771
6885 7649
7779 6620
6911 7635
7229 7294
6914 7644
7213 7321
6502 8031
6850 7733
6762 7816
7759 6707
6659 7915
7450 7110
7440 7122
5990 8192
7075 7495
6844 7799
7309 7297
6883 7783
7239 7413
6999 7687
7191 7487
6848 7857
7299 7381
6842 7873
6401 8155
6937 7835
6011 8207
7283 7482
6686 8068
7358 7430
7088 7740
7855 6578
7464 7349
6991 7845
7262 7577
7193 7686
7486 7354
7120 7779
7356 7496
7013 7869
6917 7964
7513 7348
7292 7629
7541 7350
7091 7829
7152 7798
6897 8007
6892 8033
7439 7508
7230 7773
7524 7445
7369 7666
7472 7549
6559 8181
7237 7818
7474 7558
7368 7684
7718 7244
6390 8191
7274 7842
7456 7675
7441 7702
7643 7453
7290 7879
7114 8029
7086 8059
7071 8073
7484 7730
7331 7908
7129 8075
7633 7607
7628 7627
7362 7941
7064 8135
7473 7853
7412 7916
7313 7988
7518 7830
7429 7937
7216 8105
7361 7998
7741 7593
7826 7303
7462 7955
7387 8014
7272 8113
7791 7494
7766 7634
7426 8041
7596 7906
7846 7367
7743 7797
7729 7812
7793 7668
7714 7872
7757 7808
7802 7674
7751 7870
6725 8217
7692 7980
7674 8032
7705 7993
7695 8005
7787 7847
7623 8109
7689 8044
7724 8004
7626 8150
7773 8090
7833 7901
7733 8132
7806 8101
7848 8027
7875 7864
7835 8111
7821 8171
7888 7911
7882 8146
19292366 1223175561
1
sift 248
318 164
48 19
759 517
98 72
96 78
706 374
125 134
1814 975
147 126
225 97
849 447
209 188
1531 1244
350 327
255 197
953 511
274 194
2289 1273
828 569
307 203
906 538
439 287
3721 3262
685 833
406 377
1411 534
428 484
5936 4827
923 768
552 396
1853 616
597 459
5609 5908
952 817
527 592
1591 739
742 684
7551 6935
1013 1029
752 714
2473 672
995 633
845 1425
1167 578
1487 964
903 703
1444 1017
934 821
2032 809
1019 954
1205 1167
1105 893
4098 1152
1332 760
1257 1234
1369 755
2943 1448
1066 926
1516 1119
986 1018
4590 1186
971 1034
1305 1238
998 1120
4355 1249
1235 1118
1552 1133
1360 1113
2597 1779
1044 1508
1770 1250
1734 965
3355 1694
1637 1068
1932 1247
1694 1063
2167 2545
1854 1031
1948 1281
1867 1094
3175 1908
1999 1214
1721 1636
1692 1400
4007 1693
1973 1282
1983 1571
2087 1256
4246 1671
1491 1792
2451 1750
1599 1736
5582 1432
2576 1302
2130 2128
1972 1754
4484 1643
2525 1457
2280 2110
2897 1362
4780 1735
2788 1649
1925 2527
2117 2215
3798 2156
2171 2168
1979 2469
2773 1838
3914 2288
2160 2377
2196 2390
2876 1836
4859 2299
2476 2114
2449 2314
3774 1725
4500 2524
3001 2059
2635 2409
2571 2357
5319 2457
2139 3030
2536 2832
2592 2515
4276 2955
3347 2113
2803 2863
3487 2056
6391 2291
3338 2132
3041 2722
2870 2415
4875 2763
3658 2095
3362 3122
3543 2355
4482 3169
3086 2723
3699 2879
3063 2962
6449 2493
3393 2971
3859 2986
3876 2700
4139 3752
3259 3334
3410 3539
4179 2574
5053 3212
3623 3112
3646 3810
4738 2674
5852 2806
4607 2893
3816 3668
4466 2996
6150 2937
4805 3016
4535 3445
4282 3649
6513 2816
3906 4018
4291 3813
4388 3707
7138 2680
4464 3670
5288 3150
4891 3412
6945 2882
3659 4698
4399 3860
4901 3558
6355 3193
4786 3687
4754 3761
4677 3852
5447 3702
4802 3798
4699 4406
4872 3771
6435 3396
4151 4334
5434 4310
5261 3569
6632 3405
4245 4539
7002 3537
4777 4084
6918 3571
4580 4560
5073 4777
5150 4065
4712 4521
6063 4080
4941 4515
5567 4186
5774 5091
6158 4124
6823 3908
6496 4722
7411 3718
5741 4507
6552 4754
7364 3812
5097 5572
6831 4678
5976 4790
7021 4146
5488 5744
6837 4355
7359 4141
6295 5190
7439 4109
7533 4208
7278 4576
5911 5280
6341 4994
7230 4749
7541 4278
6796 4731
6886 5239
7650 4374
6684 5125
7210 5034
7086 4921
6780 5193
7498 4904
6522 5357
6770 5311
7611 5212
6937 5271
6760 5693
6670 5763
6747 5738
6557 6051
6442 6370
7301 5581
6433 6505
7292 6193
6913 6066
7743 5555
7372 7240
6304 6886
6763 6463
7637 7089
7083 6832
7462 6635
7878 5915
19292366 1425359813
1
sift 99
170 257
230 267
180 382
234 325
472 458
507 493
634 889
835 877
805 997
828 1047
901 1003
932 1171
845 1330
1089 1105
923 1377
1013 1276
952 1458
1027 1503
1149 1426
1170 1398
1205 1532
1220 1561
1200 1739
1257 1697
1254 1768
1416 1735
1596 1533
1304 1983
1584 1583
1500 1731
1490 1960
1721 2092
1770 2266
1948 2147
2100 2115
2289 2161
1925 3166
1916 3323
2160 2881
1979 3414
2130 3039
2051 3307
6415 1392
2809 2515
2449 3385
2157 4172
3050 2695
2625 3283
3129 3906
3631 4012
3743 3901
3410 4596
3721 4311
3646 4994
3696 5161
4433 4052
4004 4616
3956 5075
3859 5404
4249 4736
4988 4181
4622 5089
4619 5237
4291 5717
4399 5619
4657 5446
4821 5445
5096 5297
4754 5791
4632 5952
4786 5885
5117 5661
4598 6727
4649 6853
4808 6766
4535 7477
6429 5059
4830 7771
5505 6367
5073 7263
5488 6446
7097 5054
4600 8176
5372 6794
6354 5852
6108 6403
5659 7023
5288 7920
5774 6953
5318 7999
5603 7931
5782 7910
6732 7073
6342 7765
6661 7892
6438 8152
7093 7586
7361 7274
7278 7802
19292366 1475597139
1
sift 52
247 319
122 304
148 308
351 799
519 737
1060 897
204 363
284 374
503 1173
1445 1714
1176 1936
344 450
427 613
639 1737
1723 2046
1340 1748
1069 1576
1454 2136
1109 2178
1835 1918
1607 1974
1820 2751
1745 4311
1511 4036
2435 2961
3621 3518
1863 3723
2284 2899
3205 4905
3266 3356
3044 4391
2315 4049
2762 3923
2841 5834
3370 4339
3644 4223
3333 3434
2518 6875
3146 5034
5587 5330
3909 5122
3068 6993
4509 5045
5615 6091
4181 6118
4385 7145
4986 6169
7499 5636
5382 6345
5641 6776
6153 6514
6970 6685
19292366 1503000354
1
sift 949
202 118
61 78
14 20
93 125
56 74
12 27
896 609
69 109
16 32
235 223
42 123
22 36
1057 792
194 168
52 48
257 263
53 124
38 62
2430 1875
371 201
45 58
321 259
80 122
47 61
3985 2641
326 313
57 55
429 306
116 162
59 126
4425 2411
389 396
85 91
426 457
125 176
102 99
4453 3480
620 400
64 142
640 404
128 184
78 150
495 520
88 130
481 549
149 250
84 161
660 523
122 134
670 521
174 237
148 143
820 547
133 163
1102 486
182 271
144 164
674 750
113 211
849 823
211 256
132 182
874 576
121 200
895 873
210 274
138 173
1002 548
118 210
899 878
187 342
131 191
697 854
141 194
1016 933
274 311
124 214
906 942
164 188
1074 918
271 378
155 203
953 1054
178 196
1122 886
370 303
204 180
1110 976
227 178
1234 1008
287 391
259 175
1238 940
263 181
1540 995
286 413
284 187
1318 922
253 208
1228 1275
353 353
300 217
1283 1255
236 280
1328 1206
307 411
214 304
1012 1821
309 240
1582 1210
405 436
344 238
1785 1152
244 339
1592 1403
443 450
219 376
1355 1662
276 302
1724 1350
467 445
221 389
1411 1757
329 284
1880 1406
458 460
331 285
1990 1438
324 293
1789 1577
485 583
308 320
2185 1384
352 294
1953 1522
440 763
238 425
1690 1711
332 346
1748 1690
518 595
369 318
2119 1527
304 390
2053 1587
597 584
461 270
1739 1837
427 296
2210 1545
526 723
451 290
2312 1619
288 424
2032 1855
661 578
423 321
2074 1811
380 347
2203 1723
625 637
414 334
2126 1797
425 354
2087 1935
527 799
285 514
1931 2136
341 462
2003 2049
642 668
486 351
2653 1659
493 365
2340 1868
571 963
468 377
2867 1646
515 345
2755 1686
731 838
359 512
2207 2063
465 403
2869 1683
654 1069
403 465
2478 1888
444 431
2702 1774
753 856
487 422
2727 1835
564 412
2275 2217
678 1079
447 535
2464 2073
616 405
2674 1970
839 831
492 525
2398 2211
579 458
3033 2182
705 1046
549 499
2205 2574
621 480
2660 2470
742 1130
503 605
3120 1906
686 447
2851 2359
842 1025
636 492
2828 2115
569 594
2887 2388
951 1095
652 561
2616 2847
787 479
4052 1967
823 1266
643 600
4354 1912
756 507
3007 2553
986 1090
627 625
2989 2554
529 782
3127 2547
1146 1011
878 506
3206 2508
728 612
3124 2837
934 1271
700 645
2981 2893
757 611
3399 2642
1124 1102
732 664
3133 2922
730 672
2318 4424
994 1298
689 787
3172 3247
1086 508
3460 2988
971 1429
638 884
3645 2753
930 598
4027 2644
1191 1169
568 1076
3889 2756
822 671
4058 2736
1105 1346
1001 593
3073 3820
528 1195
3600 3333
1035 1465
894 657
2948 4073
843 689
5422 2271
1024 1508
693 930
4679 2541
780 780
3976 3017
1315 1178
832 720
4585 2608
826 744
4199 2876
1177 1400
824 756
4007 3058
924 701
4172 2924
1092 1544
1033 643
4018 3127
701 1014
3376 3839
1358 1276
754 921
3140 4172
911 746
3480 3850
1137 1571
718 1015
3567 3772
944 737
4750 2761
1096 1685
914 779
4545 2943
886 822
3795 3673
1432 1333
974 788
3761 3736
762 1060
4992 2916
1198 1565
1069 761
4222 3458
1098 811
4854 3060
1230 1550
1280 712
3798 3915
836 1106
4439 3424
1542 1343
790 1211
4672 3204
783 1242
4963 3152
1235 1674
1065 910
5309 2850
957 1037
4046 3831
1345 1604
1148 841
4516 3411
1116 872
4443 3506
1556 1456
1028 993
4720 3318
1141 945
4380 3607
1458 1557
963 1110
4617 3479
1121 982
4392 3674
1180 1925
943 1146
4223 3814
979 1153
4569 3645
1290 1776
1225 941
4404 3756
999 1177
4237 4049
1576 1521
1264 957
5537 3102
1017 1192
4030 4364
1429 1678
1229 1026
3995 4555
1386 935
4246 4276
1423 1804
1217 1044
4502 4076
1215 1055
4863 3941
1422 1856
1281 1031
4321 4430
1334 991
4556 4254
1734 1607
1482 915
5159 3740
1216 1096
4098 4802
1492 1909
935 1472
4500 4380
1214 1122
4875 4091
1768 1589
1133 1250
3915 5254
1233 1138
4377 4618
1491 1984
909 1595
5787 3390
1306 1172
4629 4449
1587 2036
1548 1049
5742 3496
1431 1127
4780 4356
1617 2028
1219 1326
4932 4297
1465 1163
5319 3962
1999 1633
1366 1240
4034 5494
1454 1183
4678 4676
1694 1930
1351 1322
4838 4520
1668 1118
5446 3945
1898 1717
1683 1114
4751 4674
1543 1291
5652 3824
2052 1624
1662 1188
5964 3682
1558 1336
5727 3872
1991 1665
1364 1490
6220 3664
1586 1310
5202 4467
1803 1836
1428 1461
5909 3959
1519 1390
5598 4175
1914 1779
1612 1317
5055 4829
1585 1352
5071 4884
1430 2679
1371 1628
4540 5602
1457 1579
5802 4206
1692 2085
1604 1419
4630 5554
1720 1332
4658 5563
1370 2933
1800 1282
5407 4763
1698 1359
5343 4921
1577 2481
1674 1385
6386 4229
1730 1372
5835 4687
1776 2184
1271 1857
6178 4500
1635 1470
5672 4914
2088 1844
1251 1901
6748 4166
2111 1174
7220 3964
1808 2449
1323 1786
5852 4919
1224 2011
5497 5298
2245 2038
1597 1556
5562 5310
1745 1426
6336 4907
2108 2257
1373 1828
6143 5069
1794 1431
5712 5484
1837 3063
1717 1526
5972 5303
1727 1505
5692 5580
1757 3832
1559 1687
7502 4546
1390 1915
6528 5213
2019 3051
1455 1877
6975 5007
1820 1495
6417 5457
2697 2239
1471 1859
4859 7195
1665 1625
6391 5530
2447 2612
1922 1433
6319 5570
2054 1395
6449 5600
2576 2447
1912 1502
5950 5778
2031 1445
6150 5756
3347 2071
1843 1581
6945 5387
1686 1825
6299 5754
2219 3334
1859 1671
6216 5848
1613 1965
7047 5379
2769 2695
1511 2153
6219 6374
2166 1494
6513 6187
2498 3421
1862 1732
6966 6046
1962 1667
7138 5935
2876 2960
1875 1790
6186 6896
1691 2061
6569 6541
2403 3747
1936 1778
6918 6347
2165 1640
6667 6588
2571 3445
2321 1596
7304 6230
2421 1560
7124 6887
2271 4187
2315 1609
6974 7045
1982 1849
7085 6962
2582 3535
2477 1567
7490 6860
2177 1726
7367 7193
2773 3380
1954 1969
7856 6331
2095 1858
7785 6787
2737 3587
2098 1885
7704 7315
1978 2002
7796 7306
2535 4360
2151 1869
7859 6952
1967 2096
2913 3871
2216 1851
1884 2223
3213 3526
2552 1707
2065 2116
2788 4136
2225 2003
2186 2076
2944 3950
2397 1981
2505 1889
2581 5098
2365 2013
2332 2111
4180 2958
2537 1922
2979 1755
2631 5425
3056 1739
2481 2080
3896 3489
2266 2300
2637 2007
3001 4754
2260 2321
2879 1876
3237 4489
2220 2375
3179 1767
3088 4948
2566 2082
2709 2019
3388 4426
2758 2101
3015 1987
3343 4739
2771 2122
1940 3360
3543 4559
2242 2703
1949 3455
3659 4697
3260 1966
2109 3106
3354 5289
2385 2580
2892 2201
3375 5287
2647 2431
2754 2395
3786 4639
2700 2458
3036 2317
3553 5156
2144 3608
2129 3659
3340 5538
2919 2410
3169 2303
3566 5204
2766 2690
2306 3550
3516 5351
2569 3149
2651 3068
4077 4379
3356 2418
2914 2832
3515 5371
3021 2707
2825 3123
4133 4328
2840 3109
3323 2601
3962 4668
3547 2472
3228 2706
3623 5349
2256 4357
3255 2791
4060 4566
3006 3074
2426 4014
3483 5857
2544 3758
2720 3474
4464 4460
3034 3079
2575 3748
4760 4202
3461 2682
3605 2577
3028 7083
2559 3828
2946 3327
4343 4781
3456 2863
2419 4447
4861 4226
3118 3265
3111 3284
4338 4964
2787 3699
2638 3987
4645 4770
3250 3240
2804 3803
4836 4852
2675 4011
3181 3428
4466 5278
2902 3761
3751 2868
4554 5265
3178 3465
3472 3161
4401 5615
3612 3044
3463 3192
4078 6004
3496 3199
3313 3433
4616 5586
3832 2910
3978 2827
4169 6168
4946 2350
2338 5629
5396 4761
4083 2796
2704 4556
6185 4085
4371 2659
4452 2610
4774 5699
3965 3006
3992 3013
4822 5732
3768 3305
4090 3057
5068 5581
3066 4300
3209 4102
5657 5432
2955 4506
2907 4637
5026 6220
4410 2875
2884 4730
5165 6044
4175 3154
3079 4661
5104 6158
2891 5123
3968 3527
5815 5488
4189 3322
3861 3690
4693 6921
4221 3351
3208 4650
5155 6729
5163 2746
4357 3306
5005 7090
4160 3477
4181 3485
4942 7179
3969 3713
4406 3340
5098 7046
4126 3628
4595 3253
5808 6377
4621 3249
5775 2560
5707 6757
3987 3790
4922 3103
5386 7347
4847 3185
3563 4487
5781 6847
5087 3066
3132 5356
6001 6791
3258 5169
5180 3054
5741 7124
3437 4844
3297 5163
6341 6699
4402 3642
5382 2966
6380 6653
3759 4564
4727 3546
5988 7086
4376 3802
4665 3620
6644 6543
4082 4161
4385 3869
6832 6386
5167 3325
3952 4388
5845 7474
3491 5205
4489 3896
5911 7450
4271 4180
4707 3794
6999 6595
5255 3435
3359 5811
6020 7542
4035 4753
5051 3781
6790 6907
5079 3773
5224 3684
7189 6612
4144 4725
4064 4837
6856 7106
5013 3952
4871 4066
7364 6684
4478 4448
4703 4247
6821 7388
4981 4084
4561 4560
7313 7042
4744 4408
4880 4316
7440 7236
4755 4505
5213 4101
7476 7412
4653 4659
5641 3727
7671 7321
5462 3918
4845 4619
7473 7471
4066 5627
5206 4334
5770 3870
4980 4664
4567 5167
5100 4563
4340 5479
3780 6390
5698 4005
3960 6015
5164 4597
5233 4524
5207 4549
4002 5945
4789 5152
5412 4482
5304 4616
4816 5199
4117 5967
4247 5847
5086 5022
4040 6439
5301 4950
5329 4947
6006 4310
5738 4600
5077 5532
4568 6037
6367 4287
4890 5719
4958 5709
3918 7403
4423 6395
4414 6457
6404 4486
5136 5681
4915 5986
5469 5403
7450 4021
4582 6553
7702 3983
4375 7101
6166 5016
5824 5275
5930 5360
5921 5495
5137 6346
7001 4745
5914 5540
5195 6348
6877 4893
6268 5304
4952 6746
6654 5103
6357 5357
6902 5063
6029 5684
5945 5746
5602 6036
5081 6920
6656 5359
6106 5749
5813 5943
6426 5588
6842 5344
7303 5053
6125 5819
5313 6825
6314 5727
5398 6747
5357 6833
6935 5475
5437 6876
5998 6173
6132 6206
6284 6117
7724 5219
5332 7435
7513 5470
6463 6097
5498 7183
7340 5678
7036 5872
7325 5721
6327 6455
6555 6356
5850 7077
7076 5958
6381 6574
6560 6432
7692 5668
7213 6074
6451 6732
6997 6309
7431 5957
6721 6576
7449 6022
7571 5975
6272 7118
7412 6140
5818 7535
7787 5877
7081 6563
6956 6748
7204 6610
7028 6789
7626 6294
5443 7703
6620 7231
6530 7314
7221 6727
7444 6570
7483 6561
7669 6423
7540 6666
6650 7557
7538 6987
7273 7276
7580 6997
7623 7261
7096 7609
7524 7567
7802 7687
19292366 1615100174
1
sift 382
70 36
65 58
117 73
147 135
116 74
305 176
96 82
230 201
170 162
125 144
495 188
184 181
612 503
209 186
271 150
426 269
240 173
1149 702
255 189
182 203
771 279
274 180
1637 1136
439 318
297 197
1016 465
307 198
1533 1388
472 348
239 284
906 505
353 191
1867 1148
585 440
405 205
953 507
370 254
1824 1188
634 488
386 265
1853 694
458 266
1538 1487
805 531
428 291
1487 968
467 281
2289 1396
801 604
537 256
1758 845
485 334
3407 2522
828 583
449 382
2055 772
625 309
4187 2747
932 601
642 330
1749 927
552 364
3743 3284
903 679
597 379
1682 1574
527 461
4235 3252
923 719
661 419
2660 1154
518 497
4835 2907
952 768
598 477
3007 1253
705 584
3631 4559
1019 932
742 646
2793 1391
983 641
5261 3389
1254 843
677 956
2167 1741
934 716
4821 4179
1013 1032
908 866
2943 1413
1044 838
5346 4245
845 1260
971 911
3498 1583
1265 723
5096 4896
1027 1112
1066 856
4354 1394
986 954
5480 4702
1205 970
1366 731
2616 1894
1222 805
5372 4963
1058 1127
1302 767
4341 1420
1126 891
4730 5820
1443 1008
998 1026
3172 1711
1295 804
5505 5316
1490 1036
1369 821
4246 1620
1124 1044
5936 5222
1360 1103
1235 1033
3137 2013
1332 1019
6837 4653
1257 1195
1063 1251
4007 1789
1177 1151
6107 5266
1305 1198
1734 1020
3925 1837
1694 1098
6770 6050
1948 1007
1608 1159
4034 1811
1516 1275
1526 1355
1319 1456
3761 1976
1491 1386
1854 1255
1874 1135
4484 1769
1763 1244
1770 1328
1692 1296
4276 1995
2062 1114
1932 1320
1870 1262
4436 1992
2078 1160
1721 1517
1599 1494
4780 2078
1577 1564
2092 1330
2052 1209
4163 2292
1757 1401
1831 1550
1999 1250
4853 2162
1651 1514
1838 1685
1760 1482
5429 2041
1973 1349
1983 1773
2245 1343
5801 2063
2108 1591
2224 1638
2235 1498
4658 2403
1964 1719
2160 1863
1972 1786
4531 2501
2296 1663
2085 2043
2403 1628
4501 2534
2576 1568
2451 1749
2117 1963
6399 2097
2130 2067
2051 2187
2913 1724
5151 2670
2196 2104
2449 2050
2876 1781
4875 2817
2972 1784
2280 2249
2571 2073
4859 3132
3129 1762
1979 2690
2773 2022
4139 3601
2139 2590
2658 2137
2476 2240
7304 2350
3347 1797
2739 2130
3338 1800
5053 3112
2966 1957
2967 2132
3101 2115
5149 3202
2870 2345
2635 2521
2631 2543
6888 2607
2536 2680
2803 2509
2944 2493
4482 3730
3088 2442
2157 3696
3658 2220
5427 3266
3543 2291
2625 3525
3001 2626
6946 3007
3537 2349
3876 2692
2525 3249
7166 3027
4077 2202
3698 3003
3243 2714
6711 3439
4128 2339
3410 3350
3331 2823
6355 3815
4805 2212
3859 3044
4441 2329
6576 3929
3623 2728
4291 3594
4919 2209
6858 4474
4179 2459
4399 3548
3553 2851
7284 4337
4343 2418
3906 4007
3299 3185
6258 5260
3786 2872
4786 3418
4219 2637
7054 5836
4554 2519
5020 3336
5559 2227
3672 3170
4777 3659
3259 3913
4901 2755
4535 4125
3395 4032
4388 3325
4802 4082
5147 2883
4282 3425
5288 3814
4836 3100
4464 3441
4699 4493
4574 3399
4466 3488
5526 4130
5243 3080
6485 2608
5476 4198
5461 3035
3659 4488
4830 4898
4616 3585
4942 3415
4649 5123
3566 4910
5451 3335
5434 4484
5374 3388
4872 3894
5097 4948
5004 3963
4724 4246
6496 4019
4245 4942
6341 3657
5990 4368
5567 4055
4667 5054
5855 4489
6235 3753
6158 3923
5516 4829
5140 4786
5781 4384
5774 4750
7303 3664
5955 4407
4431 6434
5449 4929
5741 4644
7278 3943
5527 5023
5911 4710
6777 4219
6522 4487
6831 4243
4899 5995
6684 4419
6062 4847
5488 5312
7359 4196
5971 5018
6294 4939
6350 4851
7230 4477
6886 4809
6859 4739
5846 5368
5318 6278
5772 5439
7473 4429
7533 4550
5976 5422
7527 4518
6552 5146
7439 4603
6780 5042
6850 5377
6663 5113
7650 4520
7498 5111
6161 5531
6103 5746
7119 5327
6760 5291
7646 4988
6557 5798
5618 6889
7849 4903
7210 5642
6415 6148
7203 5631
6670 6095
6052 6755
7476 5563
6433 6704
7557 6623
7372 6290
7611 6029
7594 6992
7426 6280
7219 6837
7071 7467
7462 6625
7636 7418
7851 6912
7291 7497
7884 6894
19292366 1646429863
1
sift 93
190 202
362 350
850 485
622 706
904 628
785 772
816 817
827 793
1070 1161
1545 1115
1352 1283
1301 1370
1445 1340
1435 1489
1723 1680
1711 1732
2026 1754
2000 1807
1726 2395
2090 2007
2021 2338
2154 2194
2388 1946
2412 1954
2179 2318
2086 2427
1977 2592
2357 2398
2102 2841
2223 2670
2375 2561
2751 2283
2422 2633
1561 5631
2503 2920
3061 2636
2806 3071
3522 2811
3777 2866
3328 3243
3100 3571
3369 3744
3212 4008
3775 3813
3749 4141
3457 4555
3700 4265
4579 3586
3981 4476
4413 4068
4050 4535
3932 5058
4473 4292
3719 5621
4084 4984
4878 4205
4779 4420
4856 4818
5042 4729
4827 5143
5456 4532
4739 5500
4893 5448
4986 5610
4684 5961
5771 4704
5769 4865
5325 5618
4698 6447
6573 4822
5626 5742
5711 5827
5539 6047
6331 5394
5900 5729
5594 6401
5809 6344
5903 6382
6807 5930
6843 5999
5681 7282
6247 6626
5262 8272
6075 7274
6875 6514
6046 7780
7474 6615
6909 7286
6111 8288
7130 7801
5768 8473
7407 7641
7107 8033
19292366 1923562747
1
sift 141
102 109
103 256
100 276
165 163
162 248
256 272
229 375
190 458
333 330
348 325
435 562
545 557
534 906
763 879
779 889
799 894
887 964
997 990
785 1353
1045 969
854 1224
905 1174
1032 1138
1023 1234
982 1321
850 1531
1018 1268
1113 1160
1486 989
1166 1320
1114 1721
1070 2085
1493 1499
1780 1233
1414 1643
1134 2223
1292 1914
1548 1584
1634 1540
1261 2219
1479 2050
1331 2353
1615 1895
1569 2052
970 5261
1624 2089
1741 1899
1662 2038
1536 2454
1992 1866
1745 2164
1945 2170
1887 2250
1711 2618
1843 2356
2407 1797
1723 2662
1627 3443
1975 2512
1927 2669
2081 2716
1726 3557
2021 3058
2283 2692
2654 2457
2089 3525
1987 3868
2153 3531
2375 3355
2086 4226
2154 3982
2780 2929
2179 4176
2357 3659
2348 3675
2388 4088
2223 4908
3181 3137
3383 3078
2678 3855
3444 3046
2935 3573
2435 5098
2566 4751
3378 3444
2437 5406
2751 4503
2528 5320
3961 3131
3270 3828
3450 3667
3202 4111
2488 5873
3563 4095
2744 5974
3751 4061
2814 6376
2922 6080
3387 5188
4020 4066
3514 5118
4406 3831
3266 5884
3526 5427
3370 5818
4494 4116
3418 5847
4286 4528
4132 4765
4083 4899
3457 6196
3427 6380
3328 6704
4456 4857
3384 7130
3300 7401
4096 5564
3522 6975
4084 6553
4674 5581
3777 7381
6963 3631
4471 5919
5546 4717
4772 5791
4583 6213
4050 7247
5500 5124
4473 6995
5255 5778
5825 5305
4206 7682
6153 5167
6194 5286
5454 6048
7242 5348
5452 7326
5209 7679
6310 6853
6404 7135
6546 7740
19292366 2011792801
1
sift 53
4017 2525
80 43
84 97
121 157
141 168
219 236
324 220
325 343
285 469
447 630
489 748
446 863
1001 661
590 2027
981 1474
1457 1002
1794 1024
1734 1330
2108 1267
2087 1428
1735 1852
1428 2546
1751 2523
3077 1868
2161 3330
2575 2837
1895 4496
3496 2362
3543 2374
2838 2835
2298 3580
4554 2671
3861 3170
3076 4229
4181 4096
5988 3032
2915 6946
3612 5717
4755 4114
4980 4250
3383 7273
5781 4397
7364 3674
7473 3662
6255 4187
4567 6170
7120 3947
4715 6318
7146 5605
5567 7961
6483 7003
7301 6432
7705 7935
