2011792801 2102469315
1
sift 154
158 85
206 100
1012 431
433 148
837 330
683 284
3081 1332
533 329
821 573
1232 600
4526 3501
802 624
947 561
1892 602
5350 3864
1304 539
1305 608
2002 803
7273 3006
1173 676
1233 678
2196 812
5622 3842
1512 628
1628 690
1883 1048
6145 3765
1252 843
1590 798
2124 1490
5836 4344
1375 1022
1522 1113
3576 1508
6196 4283
2516 882
1788 1334
2093 3116
7914 3668
2139 1159
2301 1109
3462 2150
6652 4229
2384 1199
2226 1299
4658 2307
2069 1451
2433 1357
5004 2715
2451 1453
2470 1518
3281 4231
3128 1441
3013 1541
5475 2607
2774 1764
2769 1781
5338 2727
2861 1761
3269 1671
4854 3033
2859 2135
3625 1783
4163 3540
3286 1967
3205 2093
5389 3013
2888 2293
3701 1823
7121 2891
3214 2160
2365 3202
5838 3719
3545 2421
4010 2190
4204 5857
3757 2404
3507 2677
7071 3813
4113 2355
4059 2528
6745 4188
3918 2914
3842 3003
5887 4899
4124 2872
3871 3101
7551 4967
4324 2804
3753 3386
7776 5233
4322 3071
3878 3486
5693 7772
4461 3032
5069 2761
4572 3170
4821 3203
4795 3224
5627 2813
3920 3966
4225 3909
4669 3679
4690 3706
5196 3401
5685 3150
4083 4388
5468 3578
4259 4683
5412 3819
5455 3824
5107 4106
6584 3421
6140 3772
5671 4016
5062 4540
6071 3880
5837 4116
5265 4755
5631 4392
5776 4355
5501 4735
5425 4888
5746 4558
5819 4660
5492 5065
5550 5002
5364 5195
6633 4270
7108 4111
7030 4208
4586 6426
7399 4168
4555 6729
6804 4905
6711 5024
6244 5318
6059 5744
6762 5819
7045 5620
7663 5336
7745 5379
8039 4613
6996 5956
7941 5236
7926 5477
7856 5823
6938 6480
6526 6967
7357 6288
7717 6380
7752 6440
6692 7620
7522 7979
