2046133546 2080441786
1
sift 195
68 108
94 113
115 139
165 215
151 297
231 213
202 374
357 192
278 440
299 519
320 565
286 852
563 304
391 630
370 875
379 924
479 740
527 642
456 914
451 1071
465 1063
449 1193
518 972
532 938
583 880
455 1522
506 1263
588 1066
626 952
737 954
586 1810
600 1747
702 1312
703 1694
655 1937
685 1839
742 1716
865 1555
815 1768
839 1799
780 2098
1116 1297
916 1983
791 2480
827 2260
792 2517
837 2639
786 3015
875 2604
803 3051
959 2598
1186 1960
1242 1922
1106 2128
1149 2067
1080 2337
968 2810
1097 2295
1055 2501
1386 2063
996 3283
1117 2898
1501 2150
1139 2986
962 4400
1109 3242
1420 2500
1179 2947
1466 2422
1144 3312
1203 3114
1221 3098
1190 3429
1220 3555
1277 3775
1362 3462
1195 4254
1193 4447
1251 4292
1241 4412
1301 4222
1638 3054
1592 3276
1684 3143
1556 3658
1787 2953
1535 3870
1877 2878
2050 2703
1507 4208
1615 3850
1580 4088
1498 4503
1481 4730
1818 3361
1706 3845
1653 4289
1611 4672
1717 4310
1534 5233
1503 5571
2113 3295
1433 6304
1832 4118
1713 4472
1651 4758
1655 4815
1921 3953
2531 2892
2165 3471
1772 4947
2013 4510
2076 4404
1901 5157
1833 5748
2464 3943
1986 5381
2203 4805
2079 5480
1871 6579
1923 6257
2499 4405
2004 6131
2213 5113
2554 4470
2022 6438
3046 3891
2176 5685
1951 7152
2236 5788
2605 4774
3433 3743
1959 7408
2188 6204
1957 7658
2805 4660
2216 6376
2801 4919
2332 6441
2565 5646
2536 5787
2305 6811
2963 5018
2272 7067
2724 5968
2184 8124
2613 6710
2905 5953
2436 7449
2838 6730
2466 8192
2525 8219
2653 7917
2855 7253
2786 7625
3192 6766
3323 6593
2860 7886
2473 9887
3149 8269
4050 6055
3083 8746
2986 9669
3100 9534
3290 9425
3667 7444
3998 6922
3608 8120
3442 9515
3475 9508
3782 7808
4904 5945
3757 8168
3692 9409
4165 7203
3825 8498
3837 9414
3781 9484
4760 6753
4597 7142
4326 7882
4530 7788
4193 9454
4312 9480
4045 9695
4305 9708
4540 9590
4649 9661
4730 9651
5568 7600
4933 9060
5741 7912
4968 9314
5646 8635
7587 8299
