251449938 362442651
1
sift 63
183 118
301 168
496 216
667 208
630 500
1263 425
1690 463
1326 538
1281 608
977 757
1076 770
1272 828
1376 824
1443 944
2051 937
2253 1103
1850 1383
2148 1281
2289 1218
1707 1698
1700 1718
3077 1273
2333 1871
2460 1846
3272 1562
2586 2017
2675 2066
2866 2354
3249 2147
2855 2427
3450 2191
6063 1715
4366 2733
4503 2686
3581 3390
4298 3233
4948 2875
4714 3176
6124 2595
5401 2914
5089 3304
3975 4615
6147 3498
5718 3897
5664 4003
7184 3544
7153 3554
8036 3429
6725 4105
7294 4033
6457 4503
6923 4409
6837 4760
5119 6269
7240 4638
7000 4821
6745 5080
7638 4692
7015 5068
6584 5770
6055 7272
7977 5557
7360 6297
251449938 413499319
1
sift 132
387 687
29 30
104 112
39 39
83 110
1365 1134
123 92
186 176
132 140
145 145
2089 2308
167 206
206 227
290 301
400 464
2261 2342
229 332
362 485
346 399
628 685
3894 2982
575 600
3922 3660
630 662
926 754
4258 4832
924 945
4678 4935
1028 1279
1199 793
4232 5732
1037 1332
4806 5250
1376 1178
1099 1322
5632 5084
1371 1121
6757 5878
1443 1288
1445 1138
5963 7149
1697 1342
6247 6374
1582 2182
1484 1775
6269 7154
1677 1734
6410 6245
1850 2146
1710 1740
7398 6272
1700 2044
7048 5875
2460 1868
1804 2359
7291 7524
2058 2295
6527 6298
2174 2285
2254 2393
2243 2233
6026 6965
2289 2607
2539 3649
2586 3361
6964 7106
2692 3321
2794 3500
2675 3469
7993 8070
2957 3246
2976 3455
3272 3430
3613 3354
3094 3735
3727 3198
3450 3590
2925 4349
3581 3573
3250 3938
3032 4328
4035 3243
3137 4449
3436 3927
3064 4692
4389 4850
3289 4643
3592 4557
4948 4796
3273 5735
3836 4887
4895 5473
5265 3617
4484 4148
5110 5260
3975 5687
5573 4809
4714 5863
5659 4903
5240 5409
5089 6176
5391 5767
5058 6263
5401 5958
5858 6169
5345 6194
7184 5044
5727 6641
5664 6134
5870 6018
5968 6600
5966 6622
6365 6807
7171 6218
6686 6734
6331 7125
6514 7285
6725 6720
6362 7361
7110 6947
6923 7145
7622 6506
6778 7426
7360 6805
6837 7406
7770 6504
6457 7845
6929 7507
6670 7685
6591 7855
6669 8060
7893 7766
251449938 897658064
1
sift 59
115 134
357 360
421 389
599 771
869 761
899 922
1341 726
1037 1135
1319 1204
1395 1211
1510 1324
1548 1432
1979 1183
1504 1702
1718 1552
2116 1461
2034 1620
2287 2015
2382 2522
2907 2281
3216 2755
2710 3406
3414 2779
4321 2298
3645 2758
3281 3265
3655 3034
3551 3371
3719 3318
4093 3609
3848 4085
4385 4129
4162 5058
5834 3741
4927 4792
5046 4765
6374 4484
4260 7054
7256 4305
5179 6224
7971 4109
5483 6008
6406 5341
7728 4633
6703 5593
7458 5357
6912 5981
6693 6253
6620 6315
6548 6405
7165 5830
6229 6917
6361 6819
6860 6372
7198 6084
7246 6425
6931 6897
7277 6688
7128 7225
251449938 1188846234
1
sift 66
446 2256
132 54
186 62
183 113
372 151
438 211
496 286
667 255
562 314
630 334
1028 576
1076 686
2051 703
1874 800
1850 1103
2460 1135
2174 1455
2138 1609
2217 1586
3272 1439
2879 1722
2675 1928
2865 1871
2692 2009
4035 1559
3137 1898
3450 1852
3249 2092
3613 1961
3250 2331
3610 2258
3581 2280
5646 1790
4503 2252
6063 1910
4948 2315
4714 2755
4389 3171
5401 2773
5089 2997
5058 3072
5239 3119
5345 3250
6078 2943
6668 2921
7184 2859
5664 3399
6885 3155
6725 3603
6837 3727
6923 3828
6457 4130
7533 3847
7000 4083
7230 3997
5870 4764
6591 4355
7163 4144
4760 6183
6331 4936
7841 4149
6584 5047
6908 4894
7413 4623
7893 5021
6707 7366
251449938 1724217577
1
sift 238
2416 3161
7 28
8 31
82 117
154 194
20 42
38 57
77 129
136 224
45 78
97 169
400 697
297 324
124 225
177 193
414 779
321 351
249 310
234 357
569 936
316 764
367 307
386 506
547 1112
357 705
335 611
437 571
703 1138
460 622
405 647
500 664
923 1296
398 750
503 708
481 995
827 1699
468 850
624 795
563 914
1099 1285
620 1006
556 972
640 975
869 2108
658 928
739 885
782 937
1070 1580
519 1550
669 1129
684 1265
1103 1560
1125 1199
693 1248
715 1313
1303 1887
953 1495
755 1225
1069 883
1163 2351
899 1841
911 1274
853 1455
1479 2423
991 1666
1166 1110
971 1397
1775 1920
1048 1922
1058 1360
1090 1333
1718 2830
1037 2026
1297 1239
1182 1459
1979 3553
1307 1944
1245 1388
1283 1429
2081 3506
1368 2138
1138 2162
1446 1602
2366 5274
1395 2147
1866 1327
1530 2145
2839 5760
1510 2383
1492 2359
1649 2313
3084 5518
1321 2913
1542 2543
1622 2455
3520 4766
1504 3415
1352 3312
1628 2697
4696 4004
1697 2673
1885 2382
2085 2239
3064 7010
1536 3338
1613 3116
1657 3136
3722 5795
1677 2915
1746 3148
2039 2592
3445 7055
1938 2819
1869 2924
1648 3661
3863 6295
2009 2971
1899 3516
2218 2862
4022 6143
1982 3573
1879 3665
1886 3706
4019 6195
1841 4028
2023 3507
2334 3114
3934 6582
2116 3798
2227 3448
2327 3499
4182 6605
2830 2671
1952 4439
1733 6141
4093 7733
2460 3224
2042 4241
2239 4367
4324 7244
3590 2781
2514 3810
3018 3333
4627 7066
2382 4291
2325 4673
2542 4012
5076 6226
2907 4065
2748 4204
2719 4453
4741 7182
2896 4210
3032 4000
3428 3743
4819 7351
2752 4754
3523 3680
2842 4669
5400 6286
2880 4746
2922 4727
3660 3837
5192 6721
3343 4090
3152 4527
3329 4477
5518 6318
3352 4531
3229 4852
3668 4275
5352 7339
2794 6393
4076 3969
4297 3856
5143 7862
3645 5121
3817 4445
3629 5193
6013 6675
3066 6610
3114 6611
3674 5803
5314 7938
3719 5537
3581 5876
4373 4937
5905 6995
3768 5784
3715 6020
3710 6173
6637 7398
3216 7963
3613 6534
4202 5464
7336 8398
3805 6268
3848 6280
3803 6985
3975 7448
3860 7379
4614 6045
5152 5675
4180 7537
4703 6476
4424 7715
4328 7278
4619 6882
4496 7612
5964 5245
5112 6497
5042 8271
4776 7323
4841 7423
5119 8351
4936 7766
5705 6420
5411 8081
5379 7097
5083 7839
6851 7033
6177 6208
5233 7878
6432 7767
5198 7982
5164 8283
6639 7646
5728 7254
6231 7048
7503 6971
5525 8249
5614 8421
6247 7764
6889 7093
6780 8102
7350 7719
7509 7952
7527 8556
251449938 1735922398
1
sift 251
151 53
81 67
28 12
67 40
184 109
133 46
170 101
142 107
241 141
247 133
164 135
187 130
267 153
248 145
205 148
259 156
379 244
273 157
230 170
246 207
385 243
397 323
373 249
370 252
415 251
502 343
354 330
537 241
531 266
600 533
425 306
393 347
554 268
864 484
349 390
461 333
543 304
781 536
510 320
496 332
555 309
879 596
804 560
528 365
655 381
1115 584
868 641
642 434
729 414
1178 591
1006 710
670 464
819 445
1073 643
1257 674
1032 456
1003 472
982 768
1263 686
716 742
908 628
1204 697
1235 738
1224 693
934 869
933 991
1432 675
1279 733
1881 1056
1626 809
1065 847
1172 893
2224 1052
1537 876
1281 962
1219 1044
1849 1361
1442 1041
1622 974
1309 1151
2159 1226
2018 853
1430 1112
1392 1129
2714 1211
1656 985
2025 1166
1407 1158
2380 1417
1777 960
2324 1180
1508 1239
2734 1518
1855 1059
1566 1828
2471 981
3952 1340
1723 1332
2039 1415
1449 1871
3101 1722
2144 1299
2248 1682
1992 1370
3594 1576
2120 1384
2781 1670
2281 1341
2929 1826
2321 1530
2289 2437
2328 1590
3386 1711
2376 1675
3902 2285
2577 1634
3398 1734
3391 1511
3724 2633
3212 1833
2659 2289
3282 1820
4187 2929
3044 1921
3479 1874
2965 2105
4363 2920
3487 1847
3462 1923
3085 2037
4075 3389
3475 1880
3593 2135
3908 1784
7035 2345
4201 1909
4637 1824
3904 2347
3270 4341
3413 2421
4037 2216
4173 2550
4387 3340
3846 2344
4527 2162
4692 2471
4719 3265
5045 2149
4096 2616
3921 2923
5110 3284
5739 2256
6081 2280
4232 2894
4687 3870
3893 3146
5261 2619
4258 2952
5144 4067
5060 2640
4252 3131
4319 2936
5993 3570
4292 3023
4290 3147
6264 2540
4602 4591
4606 3181
4818 3149
4678 3270
7156 3274
5486 2822
5635 2886
5220 2997
6026 3878
6160 2661
6156 3029
4937 3165
6591 3654
5262 3073
4734 3845
5104 3348
6410 3860
4924 3699
4884 3758
5408 3428
4981 5429
6298 3035
6265 3057
5809 3215
5529 5214
6132 3116
5611 3370
4577 4124
7336 4635
6874 2951
6089 3377
5303 3904
7486 4728
5815 3760
7077 3312
6884 3322
6013 5968
6084 3748
6626 3522
6034 3809
7078 5606
6258 3958
6569 3949
7754 3669
7771 5149
6856 3951
5812 4430
7554 3773
5998 6420
6269 4319
6170 4420
7438 3929
6063 6591
6629 4232
7232 4191
6602 4467
8057 5019
6830 4389
7073 4290
6918 4955
6787 6200
7211 4317
6999 4459
7315 5029
7681 6011
7075 4585
6633 5312
7398 5143
7240 6847
7231 4916
7653 4750
6698 5820
7294 6875
7804 5092
6951 5975
4902 8356
7781 6691
8092 4741
7433 6330
7411 6105
7042 6455
6966 7534
6857 6772
7809 6257
7460 7088
