268847495 289351068
1
sift 1927
125 107
36 50
7 9
152 152
87 112
24 23
221 195
124 96
26 28
185 225
109 97
37 34
251 286
196 239
46 46
285 313
169 180
51 47
335 359
258 215
52 51
332 357
257 256
53 55
362 351
333 298
54 57
365 386
273 269
62 62
388 431
533 376
48 75
420 483
347 341
70 66
439 515
453 423
76 68
433 517
428 510
63 104
397 628
479 503
84 74
512 542
514 635
90 89
612 482
601 675
83 100
494 576
581 593
108 85
478 622
778 687
99 98
484 639
510 691
104 93
562 598
772 781
117 105
599 532
591 661
114 122
652 740
721 876
119 125
590 605
700 716
121 126
705 791
736 896
168 95
720 782
645 785
123 131
760 745
748 968
135 124
780 889
682 765
126 137
801 863
909 771
127 145
813 984
857 743
116 166
1187 692
876 911
145 139
933 910
841 899
154 155
952 925
1028 763
136 170
949 938
913 913
174 148
882 1013
904 1001
165 159
1286 752
1001 815
166 156
926 1016
988 1041
178 157
901 1042
799 1157
157 181
1125 934
1077 1130
184 179
911 1039
953 1078
212 161
1038 999
1050 1179
182 186
939 1156
983 1099
192 197
1120 1027
1134 1406
181 212
941 1196
979 1141
193 211
1022 1170
1281 1362
217 194
1036 1158
1005 1184
230 231
1061 1151
1265 1394
237 220
1255 1036
985 1220
218 263
1137 1180
1107 1713
222 257
1098 1274
1143 1276
228 247
1177 1209
1450 1539
227 255
1199 1227
1172 1337
245 252
1181 1313
1433 1575
250 262
1037 1498
1162 1392
274 224
1243 1343
1606 1646
261 245
1230 1366
1184 1453
248 279
1322 1275
1632 1745
246 296
1156 1485
1345 1533
284 273
1382 1316
1627 1833
297 250
1249 1482
1360 1538
290 267
1402 1326
1857 1670
271 295
1198 1547
1594 1567
255 339
1325 1437
1890 1680
306 268
1343 1435
1690 1752
296 299
1434 1405
1767 1820
288 342
1608 1278
2013 2384
298 334
1494 1508
1975 1762
317 316
1391 1544
1962 2507
321 321
1440 1608
1877 1873
319 345
1445 1610
2863 1940
302 368
1474 1588
2906 2010
318 361
1528 1530
2492 2229
305 375
1403 1734
2429 2294
326 365
1548 1630
2510 2235
324 395
1520 1669
2668 2344
340 390
1516 1704
2549 2525
356 372
1722 1520
2536 2589
376 366
1536 1691
2837 2451
354 393
1703 1675
2164 3259
338 420
1823 1580
2433 3162
380 373
1820 1659
2784 2620
382 379
1613 1796
2940 2729
427 356
1741 1755
3089 2556
352 427
1792 1756
2780 2975
412 401
2110 1590
2849 2762
366 487
1655 1944
2577 3332
385 462
1878 1781
3030 2990
373 485
1641 2019
2876 3132
367 491
1596 2137
2977 3071
401 449
1688 2037
2694 3337
369 508
2178 1674
3064 2993
404 461
2062 1772
3258 2876
402 490
2296 1790
2983 3188
384 524
1913 1891
3583 2586
406 518
2065 2018
3002 3342
403 538
1765 2042
2953 3235
413 543
1830 2279
3077 3291
423 526
1955 1918
2687 3541
434 505
1733 2415
3777 2777
498 474
1872 2145
3103 3411
447 513
2217 2047
4152 2565
473 495
1915 2343
3289 3402
526 473
2155 2190
2919 3878
497 484
2097 2198
3325 3383
520 486
1797 2647
3208 3645
469 564
2024 2365
3157 3752
545 496
2119 2285
3897 3115
393 705
1894 2642
3743 3328
517 571
2165 2357
3851 3295
504 587
2300 2307
3825 3369
657 445
2182 2416
3999 3301
572 523
1867 3050
3909 3511
575 546
2555 2191
3517 3743
560 566
2109 2568
3507 3993
536 621
2267 2492
3564 4085
516 638
2629 2273
3890 3855
566 599
2143 2805
3848 4020
548 637
2525 2358
4030 3810
531 664
2632 2303
5797 2960
554 676
2322 2549
4015 3866
658 562
2421 2585
4020 3971
867 463
2354 2720
4012 3907
655 579
2502 2588
4267 3846
444 958
2400 2700
4735 3606
768 553
2773 2464
4126 4075
614 708
2805 2461
3873 4338
697 668
2590 2709
3812 4432
663 682
2406 2924
4653 3796
929 530
2118 3441
4004 4427
507 1008
2601 2743
4739 3799
624 749
2723 2704
4809 3770
607 798
2996 2512
4819 3785
627 764
2529 3004
4084 4459
680 727
2489 2961
4501 4206
818 643
2614 2900
3960 4877
668 755
2759 2813
4229 4482
649 787
3100 2535
4420 4428
735 721
3225 2482
5438 3734
656 823
2582 3044
4142 4791
835 671
2671 2939
3820 5298
724 742
2746 2874
4383 4643
651 846
2922 2732
4333 4744
653 843
3274 2491
4703 4503
714 751
2645 2995
4203 5110
670 814
2699 3000
4849 4671
759 726
2986 2755
4287 5192
681 849
2763 2950
5027 4629
775 728
2384 3450
4844 4706
679 856
2962 2846
4083 5585
715 799
3057 2775
4792 4959
709 818
3405 2528
5028 4900
674 886
2758 3137
4479 5427
675 887
2698 3256
5658 4435
710 847
3006 3046
5299 4831
683 900
2980 3087
4481 5598
786 769
2814 3243
5454 4711
757 868
2951 3114
5428 4776
528 1416
3648 2510
5806 4535
808 794
2835 3302
5245 5056
767 878
4091 2354
4971 5353
1052 665
2301 4153
4583 5807
771 882
3373 2908
5152 5336
678 1006
3368 2971
5274 5145
811 831
2600 3688
5527 4985
791 857
3296 3118
4952 5548
763 919
3552 2877
5149 5778
770 930
3219 3220
5856 5342
779 924
3116 3321
6193 5186
838 870
2641 3813
5748 5682
762 970
3232 3312
6862 4902
712 1033
2560 4099
6146 5475
783 962
3310 3308
5366 6487
914 795
3264 3374
6533 5306
821 920
3315 3307
5917 5752
806 941
3576 3067
7185 5038
863 872
3209 3480
6212 5594
845 904
2885 3836
6108 5694
1011 730
3183 3617
6544 5545
833 956
3470 3555
6479 5590
1119 722
3161 3648
5934 6252
951 854
3505 3529
6981 5446
716 1116
4122 2819
6978 5490
844 1002
3487 3558
6501 5904
847 1011
3138 3695
6344 5980
887 979
3403 3671
6264 6193
894 971
2995 3885
5897 6598
875 990
3551 3542
6321 6154
794 1049
2775 4358
7329 5518
809 1052
3319 3784
5768 7086
982 912
3857 3339
6258 6488
862 1015
3594 3607
5846 7091
1023 883
3724 3478
6145 6633
859 1034
2756 4816
6520 6278
872 1032
3555 3698
6773 6391
967 952
3948 3377
5672 7688
961 985
4768 2915
7097 6146
830 1107
3940 3548
6485 6791
907 1030
3839 3642
6850 6420
1096 905
3591 3965
7055 6610
996 996
3579 4019
6590 6895
903 1056
3742 3804
6499 7202
1275 829
3374 4425
6991 6582
854 1138
4714 3252
6705 7773
915 1060
3768 3840
7031 6707
1041 983
3590 4124
7521 7250
974 1022
3896 3841
7459 6392
928 1057
3577 4310
7358 7429
1205 895
3707 4104
7816 6085
947 1066
3534 4502
6959 7736
925 1091
3659 4252
7884 6884
837 1260
3664 4477
7529 7504
958 1058
3388 4820
7573 7608
932 1113
3427 4929
7508 7592
902 1171
4074 3981
7826 7705
870 1225
4003 4113
7941 7174
899 1193
4409 3763
1315 902
3778 4514
7965 7396
1215 960
3736 4538
1043 1043
4051 4211
7987 7758
1033 1050
4050 4242
1002 1081
4520 3874
8118 7843
1021 1064
3952 4424
997 1101
4381 4077
960 1148
4446 3956
956 1161
4261 4237
1208 998
4329 4275
1026 1110
3586 5297
1059 1080
4491 4223
1148 1046
4180 4642
1089 1083
4402 4468
999 1205
4528 4471
1072 1133
3631 5560
1049 1172
4561 4508
1116 1095
3963 5129
1115 1105
4372 4735
1104 1118
4143 4940
1174 1072
4386 4806
1153 1102
4034 5228
1103 1163
4593 4717
1202 1088
5385 4017
1145 1144
5461 3982
1290 1054
4427 4904
1087 1230
4448 4921
1227 1115
4719 4714
1152 1190
5975 3733
1165 1181
4384 5098
1193 1195
5248 4334
1095 1308
4522 5003
1030 1404
4437 5202
1157 1247
4847 4762
1083 1347
4443 5237
1131 1280
5031 4793
1146 1267
5076 4763
1155 1270
5046 4983
1190 1239
4927 5156
1088 1358
5114 4971
1271 1201
5202 4911
1228 1249
4673 5415
1159 1319
4783 5331
1060 1447
4209 5946
1160 1327
5811 4407
1264 1246
5628 4598
1224 1290
5170 5018
1192 1321
5863 4391
1302 1229
4915 5279
1237 1292
5750 4576
1219 1312
6559 4071
1244 1305
5212 5162
1421 1149
5435 4923
1197 1379
4304 6215
1129 1460
5136 5254
1326 1265
4729 5662
1251 1356
5758 4774
1359 1250
5301 5187
1361 1259
6246 4462
1319 1338
4487 6137
1294 1383
5262 5285
1240 1442
4469 6212
1158 1510
5162 5407
1430 1226
4358 6493
1385 1277
5668 4975
1267 1421
5255 5386
1329 1357
5257 5462
1489 1198
4721 6163
1273 1448
5492 5263
1252 1462
5596 5247
1293 1424
4846 6129
1340 1381
5106 5759
1305 1433
5638 5270
1370 1359
5064 5873
1062 1714
6085 4930
1366 1378
7245 4306
1195 1576
4637 6612
1351 1451
5987 5183
1405 1389
4829 6601
1514 1279
6022 5216
1416 1395
5307 5870
1353 1487
5475 5634
1550 1264
6020 5374
1369 1465
4775 7000
1321 1518
5709 5781
1409 1425
5115 6561
1398 1440
5033 6857
1392 1455
6898 5006
1377 1474
6844 5099
1543 1300
6650 5194
1439 1428
5966 5705
1331 1554
5584 6150
1477 1396
5814 5878
1390 1527
5040 7163
1379 1566
5259 6957
1194 1783
5968 5934
1601 1355
5530 6507
1490 1470
5731 6225
1452 1524
6115 5856
1374 1603
7377 5081
1316 1693
5772 6371
1167 1892
6210 5916
1365 1662
5538 6809
1509 1525
5448 6969
1492 1568
5739 6549
1500 1587
5570 6868
1541 1562
7512 5258
1438 1698
6793 5566
1592 1542
6819 5666
1524 1601
5976 6513
1629 1513
6612 5872
1531 1599
6160 6395
1465 1687
6132 6562
1491 1658
6100 6702
1677 1501
6731 6051
1496 1660
5832 7106
1415 1784
6926 5965
1468 1754
7023 5947
1595 1617
6562 6419
1488 1765
6670 6345
1599 1623
7032 6031
1576 1668
6858 6205
1553 1696
7330 5852
1590 1678
6396 6798
1446 1884
6356 6842
1555 1733
6777 6535
1775 1571
6550 6784
2342 1263
7817 5768
1537 1802
7449 6126
1623 1717
6747 6805
1646 1710
6358 7304
1235 2419
7778 5978
1704 1665
7241 6621
1650 1749
6671 7344
1559 1834
6987 7074
1686 1706
7443 6737
1622 1791
6504 7630
2014 1516
7687 6548
2258 1401
8061 6027
1551 1911
7307 7025
1628 1811
6835 7627
1709 1738
6343 7841
1620 1829
7432 7190
2041 1536
7200 7425
1562 1921
7372 7751
1658 1809
8072 6348
1566 1932
8132 6480
1728 1763
7888 7513
1946 1622
7856 7690
1557 2030
8089 7370
1711 1841
8096 7851
1712 1851
1746 1837
1769 1886
1729 1923
1749 1905
1668 2034
1800 1879
1726 1945
1634 2087
1705 1982
1662 2083
1720 1997
1904 1823
1974 1782
2054 1711
1951 1793
1919 1827
1773 1957
1817 1912
1718 2033
1736 2006
1810 1937
1713 2062
1759 2011
1940 1850
2540 1531
1811 1968
1801 1994
1770 2028
1670 2179
1838 1984
1809 2023
1982 1871
1828 2009
1971 1898
1816 2061
1829 2053
2049 1852
1731 2178
1959 1947
1964 1949
2135 1815
1848 2098
1950 1995
1907 2041
1891 2060
1869 2094
1694 2301
1886 2088
1815 2168
2019 1970
1933 2075
1897 2108
1918 2102
1868 2172
2252 1806
1939 2116
1929 2131
1928 2138
2634 1652
1833 2226
2174 1890
2082 1978
1901 2170
1855 2222
2092 2000
1993 2115
2011 2104
2315 1825
1911 2216
2063 2051
1508 3077
2369 1839
2058 2109
2042 2132
2464 1821
1798 2408
2100 2099
2093 2113
2163 2057
2195 2024
2004 2231
2077 2174
2122 2139
2368 1929
2005 2272
2033 2245
1675 2802
2149 2129
2020 2266
2465 1915
1902 2450
2045 2292
2121 2232
1945 2437
2729 1840
2975 1789
2139 2295
2304 2187
1991 2547
4005 1577
2278 2240
2247 2289
2237 2322
2888 1960
2144 2442
2218 2353
2031 2629
2287 2333
2242 2386
2221 2414
2361 2312
1931 3006
2424 2323
2224 2502
2233 2500
3458 1870
3054 2070
2401 2392
2345 2457
2393 2435
2208 2641
3256 2014
2150 2786
2085 2947
2339 2515
2255 2650
2522 2399
2787 2251
2263 2682
2585 2385
2419 2529
2444 2527
2588 2417
2657 2368
2265 2798
2447 2578
2414 2610
2416 2612
2431 2599
3044 2241
3026 2258
2397 2675
2426 2638
2395 2689
2564 2520
2639 2475
2417 2684
2367 2770
2562 2557
2390 2746
2199 3099
2148 3255
2563 2628
2418 2809
4855 1753
2893 2424
2260 3063
2851 2455
3800 2001
2704 2595
2599 2701
2543 2778
3075 2378
2769 2559
2597 2724
2463 2897
2765 2593
2133 3451
2535 2835
2586 2795
2742 2667
2748 2657
2461 2973
2741 2679
2170 3433
2493 2944
2246 3298
2212 3390
2545 2938
2683 2783
2565 2912
2882 2640
2692 2806
2473 3075
2685 2834
2710 2821
2517 3049
3024 2574
2478 3101
2766 2779
2664 2901
2455 3167
2589 3028
3187 2511
2612 3017
2909 2752
2752 2881
2735 2942
2377 3378
3411 2439
2740 2979
2427 3338
2542 3213
2524 3249
3032 2768
2732 3054
2743 3036
2846 2953
2855 2988
2929 2917
3022 2851
2700 3139
2789 3064
3496 2472
2936 2930
2993 2889
2818 3074
2793 3093
3043 2873
2927 2984
3092 2838
2994 2951
2889 3062
2910 3042
3203 2771
3098 2869
2472 3487
2512 3476
3000 3029
2914 3106
2762 3241
2824 3201
3334 2731
3273 2803
3182 2879
3033 3038
2879 3171
2974 3094
3504 2609
3314 2785
3020 3090
2959 3151
2527 3583
2800 3331
3216 2974
2921 3297
2881 3349
3189 3078
3050 3203
3323 2962
3045 3242
3107 3185
3094 3200
3110 3197
2866 3427
3278 3073
3097 3232
3560 2807
2997 3363
4038 2495
3266 3128
3133 3264
3841 2662
2952 3474
2992 3506
3878 2686
2892 3597
3246 3299
2715 3776
3972 2648
3220 3340
3177 3384
2890 3646
3268 3317
3105 3454
3679 2920
3321 3346
3701 2970
2817 3852
3734 2954
2707 4012
3529 3214
3173 3544
3755 2992
4297 2643
3391 3381
3140 3624
3733 3060
3194 3578
3112 3653
3425 3380
2726 4142
3545 3288
3049 3739
3570 3267
3190 3625
3572 3270
3350 3477
3630 3211
3305 3526
3930 2945
3672 3172
3142 3708
3281 3593
3290 3587
3593 3300
3753 3142
3071 3835
3832 3113
3422 3505
3547 3412
3527 3435
3079 3905
3540 3446
3200 3791
3500 3534
3364 3683
3893 3180
3023 4115
3493 3551
3977 3159
3120 3990
3530 3546
4662 2782
3343 3754
3722 3376
2706 4712
3546 3584
3413 3718
3316 3825
3229 3947
3235 3946
3559 3605
3629 3521
3412 3800
3819 3398
3510 3690
3295 3964
3666 3513
3387 3891
2913 4638
4244 3196
3471 3823
3674 3601
3261 4233
3754 3590
4150 3372
2971 4780
3725 3657
4586 3127
5075 2871
4021 3465
3855 3576
3484 4021
3859 3619
3883 3599
4303 3444
3924 3677
3802 3781
3750 3860
3898 3729
4343 3464
3039 5048
3703 3945
3565 4174
3762 3922
3486 4378
3561 4257
4174 3631
3904 3806
3794 3927
4047 3726
3784 3957
3936 3817
3842 3921
3830 3941
3939 3832
3932 3876
3683 4152
3609 4292
3426 4690
4193 3707
4344 3634
3716 4183
4237 3702
4135 3769
3792 4114
3913 3984
3862 4057
4039 3910
4026 3915
4191 3773
3950 3980
4029 3950
3926 4041
3966 4007
3894 4084
3706 4366
3854 4182
4146 3901
4576 3622
3557 4694
3717 4385
3773 4315
3731 4376
3835 4269
4044 4042
3886 4207
3322 5140
3669 4516
3691 4473
4382 3765
3746 4404
3951 4170
4396 3780
3849 4294
3789 4373
3607 4701
4755 3621
4471 3766
3875 4321
3905 4264
3798 4405
4054 4138
3892 4287
3868 4337
4422 3815
4031 4177
4373 3868
4327 3914
3929 4282
4310 3924
3955 4274
4553 3757
4239 4015
3359 5288
4111 4148
4264 4008
3911 4367
3840 4494
4924 3612
3780 4593
4121 4180
4718 3725
5230 3473
4070 4278
5063 3579
4119 4261
4068 4326
4313 4096
5338 3462
4833 3740
4028 4412
4017 4444
3942 4562
4389 4091
4182 4299
4288 4200
4517 4010
4607 3948
4415 4123
4075 4476
4186 4344
4104 4441
4169 4384
5092 3699
3818 4856
4650 4037
4623 4073
4166 4537
4113 4592
4173 4539
3998 4726
4345 4359
4850 3996
4408 4352
4071 4731
4503 4271
4490 4303
4167 4651
4421 4381
4252 4597
4544 4301
3976 4887
4831 4098
4463 4401
4282 4603
4374 4506
4666 4250
4455 4419
4228 4704
4763 4204
5705 3565
3553 5640
4556 4390
3634 5470
4574 4393
4757 4255
4078 4899
4495 4512
4291 4723
4518 4515
4706 4377
4920 4218
4806 4324
4527 4584
4649 4493
4347 4786
4826 4362
5160 4068
4485 4692
4430 4738
4385 4790
3923 5273
4190 5002
4659 4606
4160 5096
4516 4750
4592 4697
4219 5046
4624 4668
5701 3775
4654 4650
4747 4580
4534 4767
4674 4654
4686 4657
4442 4867
4873 4524
4418 4906
4331 5013
4865 4567
4306 5052
4632 4755
4836 4622
4789 4658
4248 5170
4612 4824
4307 5117
5016 4489
4814 4689
4710 4784
4801 4710
4399 5061
5191 4361
5032 4530
4110 5397
5711 3953
5138 4437
5539 4088
4603 4924
5078 4544
4787 4799
3900 5686
4571 5017
4573 5032
4435 5157
5241 4430
4677 4953
5000 4722
4112 5530
5340 4388
5070 4667
4484 5205
4543 5132
4640 5072
4120 5578
4974 4809
4230 5484
5690 4168
5192 4653
4931 4883
5234 4627
5298 4583
5734 4188
4885 4943
5083 4787
4097 5731
4431 5378
4362 5436
4898 4967
4818 5085
5531 4398
4681 5215
4587 5301
4041 5928
5074 4864
4907 5035
4412 5471
4956 5009
4953 5020
5339 4662
4316 5614
4269 5698
4225 5806
4848 5212
5322 4761
4982 5092
4715 5338
4464 5568
6259 4082
3917 6502
3919 6521
6482 3997
5505 4713
4995 5214
4887 5319
5009 5217
4998 5250
4946 5315
5169 5091
4265 6088
5250 5044
4740 5502
5395 4898
5439 4869
5360 4934
6006 4445
5069 5269
5080 5267
5029 5333
4679 5645
5068 5291
5306 5071
4913 5443
5486 4895
5084 5299
4800 5551
4453 5995
5098 5327
4782 5596
5317 5119
4508 6036
5491 4991
5008 5481
5264 5252
5323 5189
4498 6092
5086 5419
3888 7209
4570 6024
5232 5340
6169 4595
5490 5102
5025 5571
5499 5130
6420 4457
5661 4999
5223 5439
5022 5638
5992 4805
5760 4939
5007 5679
5545 5152
5619 5109
5358 5357
5574 5159
5437 5293
5800 5016
4275 6890
4723 6168
5419 5341
5229 5536
4589 6388
5394 5406
5416 5390
6399 4661
6407 4663
6631 4547
5116 5711
5565 5278
5276 5549
5060 5819
5434 5458
5996 5029
5297 5604
5186 5766
5166 5815
4941 6179
5877 5168
5133 5932
5190 5881
5676 5403
5743 5346
4811 6532
5498 5537
5012 6248
5217 6000
4970 6402
5315 5842
5639 5514
5396 5775
5864 5366
5616 5553
5325 5885
5624 5569
5618 5575
5551 5674
5342 5969
5389 5891
5423 5884
5656 5642
5824 5501
5349 6057
5878 5468
5091 6504
5955 5450
4902 6888
5867 5523
5608 5792
4938 6878
5544 5869
5669 5735
6051 5447
6389 5226
5910 5562
5785 5690
5589 5974
6569 5191
6572 5199
5741 5796
6673 5148
6549 5233
5948 5670
5421 6315
6281 5432
6064 5579
5770 5857
5858 5776
5485 6261
5812 5851
5972 5695
5476 6300
7690 4708
5175 6893
5605 6218
5717 6105
6061 5738
6224 5618
5738 6151
6410 5498
7427 4948
6048 5862
5985 5961
6038 5901
5336 6915
5472 6700
6300 5720
6303 5719
6086 5938
5653 6499
5890 6175
5564 6649
6093 5976
6126 5911
5721 6427
5026 7578
5953 6143
5726 6501
6574 5612
5600 6720
5351 7117
5612 6719
5541 6819
6125 6094
6463 5736
6379 5820
7815 4984
6153 6103
7332 5277
5151 7577
6385 5861
6163 6131
6458 5823
7128 5426
5938 6418
6369 5919
6140 6194
5362 7297
6522 5826
5622 6923
5944 6482
5995 6443
6416 5963
6192 6228
6154 6287
5914 6613
6031 6518
6325 6147
6447 6025
5598 7118
7452 5395
6057 6509
7671 5276
6584 5952
5521 7251
5525 7267
6954 5703
6577 6021
6302 6275
7001 5672
6373 6210
6717 5897
6090 6602
7091 5660
6242 6415
6216 6458
5905 6855
5946 6822
5553 7400
6261 6459
5923 6899
6245 6525
6531 6199
6044 6792
5886 6968
6111 6714
6371 6384
6448 6312
5776 7169
6593 6224
6290 6556
6359 6466
6211 6661
6509 6323
6517 6320
6003 6936
7613 5533
6305 6644
6367 6572
6659 6269
6276 6693
7144 5854
6233 6772
7231 5858
6729 6310
6516 6519
5728 7492
6526 6533
6402 6662
7455 5740
6505 6581
7182 5977
6682 6425
6656 6497
6565 6580
6097 7175
6307 6941
6483 6744
6708 6552
6285 6967
6695 6578
6750 6579
7386 6008
6661 6698
6611 6778
5647 7782
7034 6340
7384 6068
6790 6625
6665 6770
7286 6173
7267 6204
6604 6852
6171 7339
6566 6898
6283 7206
6718 6804
7152 6380
6438 7111
7017 6570
6653 6931
7405 6257
7284 6366
6704 6944
6891 6779
6829 6841
6638 7020
6768 6924
6730 6946
6820 6866
6921 6769
7394 6346
6632 7089
7657 6202
7306 6520
6620 7216
6468 7371
7222 6691
7558 6378
7063 6827
7179 6756
8102 5552
6333 7587
6217 7687
7206 6777
7471 6537
7603 6416
6955 7010
7266 6741
6934 7040
6910 7099
7186 6849
6811 7195
7177 6865
7758 6289
7551 6531
7923 6116
7154 6906
6374 7666
6831 7274
6441 7636
6571 7581
7042 7121
7444 6787
6644 7541
6781 7438
7322 6929
7105 7152
7393 6908
6423 7749
7721 6618
7224 7123
6977 7359
7631 6771
6783 7565
7155 7199
7501 6907
7349 7067
7016 7381
7492 6947
7156 7273
7966 6453
7764 6748
7400 7122
7799 6752
7598 6963
7123 7451
7317 7298
7626 7022
7290 7358
7698 6989
7644 7085
7246 7477
7963 6726
7540 7254
7238 7555
7274 7518
7556 7332
7525 7368
7517 7383
7605 7412
7808 7213
7403 7617
7827 7233
7361 7675
6965 7820
7899 7159
7441 7659
7833 7386
7651 7589
7812 7398
8009 7102
7600 7661
7355 7783
7537 7725
7991 7305
7554 7772
7881 7548
8036 7235
7702 7716
7988 7407
7738 7776
7876 7767
8083 7637
268847495 362442651
1
sift 140
192 242
228 385
290 413
413 533
480 1244
614 982
656 1373
1192 1037
925 1419
1244 1141
1240 1161
1095 1328
1273 1212
928 1621
1430 1119
1219 1473
1003 1786
999 1832
1267 1626
1294 1618
1251 1828
1321 1923
1496 1728
1489 1884
1452 1963
1473 1957
1628 1944
2078 1590
1331 2619
1576 2371
1712 2208
1817 2082
1907 2043
1997 2010
1833 2285
2025 2114
1950 2448
1893 2611
1364 4515
1828 2895
2086 2688
1897 3137
1744 3701
2588 2729
2692 2671
2130 3650
2857 2775
1933 4175
2344 3334
1868 4803
2789 3068
2524 3411
3050 2941
2545 3506
3168 2999
2101 4429
2562 3614
1791 5931
2824 3490
2664 3626
2630 3791
3043 3497
2463 4213
3894 2833
3189 3508
3789 2968
2424 4563
3187 3730
2994 3951
3422 3597
4865 2836
3025 4256
3049 4218
3966 3314
3053 4750
3246 4466
3292 4474
3295 4778
4239 3710
4958 3440
4045 3920
3900 4022
4484 3711
3672 4554
3547 4889
4193 4059
5276 3553
4263 4150
4031 4406
3528 5188
4706 3886
4831 3843
4230 4399
4166 4601
4374 4367
3855 4995
3801 5192
3746 5265
4710 4425
4472 4683
3917 5634
4686 4966
4820 4858
4219 5468
4677 5264
4135 5852
4640 5513
5069 5159
4063 6346
3942 6591
5743 4707
5734 4734
5078 5392
4310 6371
4946 5854
5551 5259
5317 5688
4623 6773
5741 5587
4814 6808
4385 7541
4564 7380
4998 7134
5914 6108
5564 6698
5619 7223
6416 6313
5598 7478
6281 6777
5905 7284
6441 6896
6044 7401
7907 5778
5890 7567
6516 7015
7764 6090
7118 7116
7616 7173
7538 7444
7697 7520
268847495 413499319
1
sift 136
123 121
184 175
207 220
228 214
245 256
290 387
356 314
497 619
634 650
614 696
628 779
779 954
915 1027
1002 1004
1219 1239
1374 1141
1421 1225
1267 1388
1251 1477
1273 1473
1197 1664
1237 1663
1321 1674
1575 1538
1366 1876
1681 1632
1670 1737
1685 1799
1628 1949
1904 1695
1713 1886
1907 1864
1720 2152
1950 1954
1406 2975
2025 2002
1897 2253
1939 2247
2083 2348
2130 2417
2418 2484
2086 3046
2638 2777
2497 2993
2881 2734
2825 2852
2463 3238
2789 3032
2735 3180
3449 2627
3044 3119
2095 4551
3675 2630
3596 2872
3189 3392
3194 3396
3000 3585
3246 4008
4031 3389
4054 3502
4331 3525
4337 3663
4239 3953
4624 3866
4193 4171
4374 4039
4246 4272
4303 4226
4310 4219
4335 4216
3942 4736
4764 4004
4543 4140
4174 4669
4958 3977
4686 4336
4677 4516
5232 4079
4643 4629
4997 4275
4078 5279
4836 4834
4649 4991
5426 4221
5192 4500
4679 4996
4527 5200
6084 3959
4848 5061
5564 4312
4640 5341
4634 5363
4937 5077
5574 4546
5323 4841
5322 4871
4257 6136
5985 4471
7206 4058
5743 4998
5100 6034
5295 5818
5770 5481
5317 6103
6620 5300
5069 6962
6516 5436
7017 5113
5946 5951
5598 6456
5250 7368
6956 5621
7178 5519
6147 6281
6126 6423
6463 6189
7313 5670
7119 5822
6171 6740
6948 6036
6416 6555
6394 6995
7538 6016
6852 6611
7828 5865
6541 6984
7386 6222
5824 7966
7800 6116
7286 6979
7454 7101
7913 6687
7067 7583
7852 7360
7935 7646
7929 7809
268847495 507090750
1
sift 235
221 213
295 597
114 72
349 440
388 426
123 133
563 637
1050 1217
119 136
824 1279
338 850
184 276
664 613
2960 1706
207 246
653 1764
535 726
228 339
1402 1201
2718 2805
245 325
1993 2280
681 1307
290 449
1022 1647
4268 2558
412 422
2020 3956
715 1257
595 373
1170 1640
3897 3254
413 624
2599 3853
855 1162
497 718
1181 1849
4849 4306
634 784
2373 4977
792 1357
614 908
1703 1711
5028 5402
1142 647
2520 5701
1544 1636
948 755
2923 2465
4583 5966
703 1092
2866 5777
1770 2566
887 1078
2502 3197
7185 5044
1172 883
2914 5924
1872 2795
779 1364
2759 2948
7573 5787
907 1166
2743 6373
2258 2403
1417 917
2746 3274
925 1457
2163 2653
1192 1228
3551 3873
1376 1099
2992 3893
1002 1643
3116 6044
1095 1522
3896 4616
1089 1533
5114 5578
1244 1445
2762 7410
1197 1517
5461 5375
1240 1516
4592 5988
1219 1576
5966 4962
1273 1538
5060 6777
1329 1526
5915 5266
1267 1615
6654 5191
1370 1553
5668 7146
1489 1577
5707 7432
1882 1301
7512 6355
1377 1857
6100 8097
2414 1177
1496 1847
6604 8220
1728 1693
1628 1876
7471 8779
1473 2378
1901 1773
1452 2441
1709 1999
1773 1957
1833 2159
1712 2562
2078 2132
1950 2340
1576 3116
1907 2467
1720 2774
1680 2934
1939 2550
1817 2733
2882 1944
2032 2650
2260 2452
1809 3296
3495 1839
2418 2401
1897 3284
2278 2619
2462 2700
2733 2536
2107 3513
1868 4085
2287 3189
3447 2325
2544 3019
2343 3423
2929 2798
2683 3031
2787 2956
2948 2873
3750 2427
2855 3222
2545 3760
2735 3888
2524 4321
2789 3941
3626 3113
3050 3988
3683 3342
2824 4471
3817 3539
3083 4346
3167 4258
3189 4271
3510 3965
3422 4138
3187 4614
3194 4629
3044 5090
3246 4915
3672 4207
3746 4437
4463 3899
6079 3022
4873 3740
4169 4117
3295 5649
4239 4154
3801 4655
4331 4130
3926 4853
4844 3996
4031 4872
4119 4845
6653 3231
4001 5331
4764 4451
4706 4549
3484 6614
4484 5082
3904 5821
4166 5507
4740 4875
4193 5587
4516 5217
4865 4999
4327 5792
4263 5960
4864 5314
4710 5509
3942 6656
4820 5634
5075 5364
5078 5463
6606 4170
5323 5330
5669 4964
4310 6868
4174 7435
4135 7531
7824 4279
4640 7376
4677 7568
4946 7458
5174 7106
5812 6221
5426 7054
6689 5755
5743 6629
5317 7412
5741 6950
7151 5745
7206 5764
5553 7505
7959 5287
6565 6668
6044 7737
8041 5795
5667 8527
7017 6782
7031 6977
7913 6293
6038 8696
6382 8339
7812 7006
5717 8838
7386 7626
7764 7491
7305 8119
7473 8082
7286 8367
7616 8393
6620 8851
268847495 897658064
1
sift 92
5164 2391
2960 2944
193 248
404 558
836 658
246 358
2582 4592
319 335
1399 1413
783 920
299 476
2759 4871
497 831
1543 1553
1104 1147
770 860
821 852
1809 2702
2710 3781
967 867
948 1078
2278 3202
3495 3224
788 1360
870 1319
3352 4795
3731 3888
1026 1481
1244 1366
3256 5186
4146 4310
1219 1508
1089 1675
4531 5904
7472 3594
1240 1651
1268 1721
6369 6945
1294 1768
1003 2373
1251 1872
1438 1637
1489 1646
1509 1758
1452 2396
4837 1137
1537 2660
1712 2340
1773 2619
1950 2823
1833 3094
1918 2999
2025 2867
1997 2954
1893 3496
2251 3997
2692 3333
2856 3255
2344 3989
2929 3269
2562 4195
3050 3548
2524 4487
3167 3588
3049 3887
3229 3826
3246 5045
3422 4776
3939 4185
4674 3730
4174 4183
3914 4423
3816 4564
4193 4488
4239 4496
4044 4902
4956 4106
3966 5309
4263 5129
4463 5253
3942 6651
4640 5872
4686 5894
4839 5893
4982 5738
5078 6817
5110 6869
5455 6444
5741 6316
5423 6802
6416 6899
7286 6493
268847495 1119887588
1
sift 318
35 83
157 251
56 113
70 139
93 188
201 419
89 209
175 278
135 193
274 453
116 246
182 363
123 244
311 537
150 216
193 347
210 386
351 482
254 310
299 556
245 540
338 740
400 855
306 546
349 754
448 719
404 889
380 772
423 818
561 927
525 840
438 815
511 949
658 1171
534 1004
614 1205
495 1133
715 1127
557 1085
628 1182
572 1197
654 1334
624 1405
821 1336
681 1245
690 1288
775 1082
776 1705
741 1203
680 1327
757 1185
872 1590
683 1420
709 1388
833 1207
928 1558
763 1312
785 1346
767 1369
657 2746
1020 1113
792 1481
774 1637
1103 1504
782 1600
1066 1574
887 1509
1190 1731
947 1485
1283 1430
1252 1476
1350 1769
1089 1755
1274 1553
1171 1725
1237 1997
1260 1642
1123 1838
1159 1779
1228 2136
1234 1835
1271 1807
1115 2152
1219 2236
1192 2114
1276 2023
1303 1952
1251 2341
1376 1792
1333 1965
1264 2050
1267 2390
1329 1932
1464 2073
1244 2256
1681 2501
1248 2490
1454 2349
1273 2535
1330 3786
1369 2281
1578 2148
1294 2615
1379 3756
1409 2364
1530 2431
1240 2944
1585 3548
1544 2119
1497 2766
1600 2082
1614 4118
1859 1876
1802 2247
1666 2146
1628 4351
1541 2419
1886 2296
1473 2808
1810 3914
1492 2756
1929 2327
1838 2220
1964 3783
1645 2573
1560 4048
1624 2642
1897 4025
1576 2917
1787 3327
1713 2710
1828 4415
1669 2876
2048 3052
1590 3122
2146 4024
1788 2842
2004 3204
1537 3769
2130 4183
2045 2577
1770 3882
1728 3315
2212 4639
2019 2773
2168 3381
1773 3238
2081 5144
1833 3179
2247 3448
1711 3540
2418 4325
2093 2791
2242 3640
1670 3743
2086 5355
1901 3167
2611 3273
1710 3678
2463 4925
1712 3683
1993 4677
1971 3341
2434 4986
1990 3329
2442 3618
3532 2003
2497 4994
1950 3542
2224 4146
1855 3986
3016 4347
2132 3402
3068 3430
2100 3484
2769 5126
2151 3535
2472 4250
2011 4020
2822 5088
1939 4462
2589 4192
2077 3989
2639 5683
2594 3281
2760 3975
2205 3846
2564 5964
2278 3770
2762 4031
2199 4247
2941 6185
2194 4354
3306 3496
2252 4304
2952 6292
2543 3887
2576 4638
2260 4588
3155 6357
2823 3634
3112 3803
2526 4126
3246 6437
2613 4530
2445 5097
2735 4564
3194 7008
2269 5537
2473 5094
2771 4532
3626 5889
2692 4667
2512 5132
3553 3502
3914 6461
2520 5133
2493 5246
3107 4220
5242 5092
2855 4718
2743 4941
3493 3864
3966 6789
2545 5382
2866 4880
2597 5272
4499 6353
2929 4809
2915 4852
3049 4665
4974 5753
3031 4761
2945 4889
2588 5579
4864 6142
2944 4943
3497 4093
3043 4869
4184 7298
3395 4345
3020 5082
3022 4963
5317 6705
2573 5856
3052 5334
3098 4933
2664 5691
2992 5725
3050 5081
2551 6207
3539 4855
3422 4705
2742 6027
3561 4886
2994 5580
2789 6122
3200 5546
3500 5022
3047 6085
3879 4622
3167 6176
3190 5898
3238 5823
4044 4917
4064 4737
3666 5285
3519 5879
3418 5991
4097 5028
3734 5573
3426 6350
3593 5993
3510 6306
3596 6044
3867 5805
3229 7076
3755 5800
3785 5976
4017 5799
3821 6006
3780 6153
4135 5692
3997 5803
3802 6450
4164 5987
4068 5948
4587 5322
4263 5844
4452 5618
4189 6049
3894 6619
4000 6432
4167 6690
4023 6838
4389 6198
4837 6394
4193 6631
4327 6469
5087 6286
3935 7272
4031 7282
5429 5841
4776 6459
4718 6592
4720 6936
4257 7288
4678 6945
4902 6793
4818 6934
5287 6738
5418 7083
5266 7063
5272 7233
5563 7199
5434 7315
6537 6419
7020 6030
268847495 1159754689
1
sift 256
44 123
60 126
56 119
228 494
70 147
150 223
76 155
356 769
78 214
119 289
89 198
381 897
93 202
166 221
135 196
628 1206
123 264
274 315
192 357
872 1525
175 448
312 572
193 388
657 2311
254 373
338 708
210 470
1237 2096
245 577
404 905
296 512
1228 2232
299 605
463 822
380 681
1219 2287
403 864
554 742
402 878
1251 2294
511 984
561 990
525 996
1268 2396
634 1063
715 1049
607 1271
1612 2881
681 1194
654 1316
624 1542
1964 3537
680 1270
757 1148
774 1356
2095 3380
639 1402
792 1366
767 1415
1897 4051
833 1310
763 1517
702 1954
2159 3909
887 1615
1089 1785
1003 1560
2130 4212
947 1814
1252 1653
1103 1564
2081 4569
1023 2010
1271 1702
1235 1658
2212 4260
1244 1925
1377 2072
1376 1833
2086 5111
1329 1964
1477 1945
1192 2270
2233 4916
1190 2402
1439 2049
1273 2341
2463 4645
1370 2176
1544 1928
1247 2697
2813 4584
1369 2377
1240 2804
1294 2693
3016 4876
1340 2565
1559 2847
1473 2520
2562 5658
1600 2475
1635 2759
1624 2670
2913 5562
1492 3173
1913 2458
1576 3089
2564 6486
1838 2544
1929 2497
2019 2373
3515 5077
1823 2706
1971 2724
1590 3328
3246 6839
1724 3344
2045 2784
1728 3475
3484 6385
1773 3390
1918 3147
1712 3532
3710 6387
1537 4252
1912 3215
1673 3668
4145 6806
1833 3366
2020 3251
1921 3256
3966 7147
1585 4332
2211 2877
1711 3917
3943 7304
1872 3547
2093 3181
1901 3574
4640 7337
1950 3521
1990 3538
1939 3675
2139 3298
2168 3247
1893 3774
1771 4366
2242 3281
1882 4023
1907 4148
3112 2556
2205 3434
2011 4058
2470 3289
2133 3782
2224 3717
3286 2903
2077 4341
3553 2836
2576 4171
2543 3900
2278 4476
2743 4052
2199 4823
3031 3805
3043 3947
2260 5313
2692 4467
2472 5130
2524 4986
3395 3802
2493 5384
2855 4649
2497 5349
3020 4518
2735 4995
2866 4774
2944 4700
2929 4716
2545 5367
3161 4492
2817 4981
2762 5157
2520 5856
3107 4612
2613 5490
3094 4880
2551 5784
3049 4936
3391 4443
3168 4756
2789 5388
3005 5236
2994 5244
2664 5944
3315 4846
3422 4807
3413 4943
3426 4980
2952 6509
3256 5433
3734 4654
3322 6324
3190 5715
4097 4390
4044 5436
3666 5153
3773 5144
3475 6907
3997 5119
5209 4145
4263 5628
4017 5297
3510 6253
3894 6200
4541 4949
3802 5862
3893 6451
4135 5538
3780 6080
4239 6065
3911 5966
4508 5364
3985 6869
3790 6384
4071 5990
4031 6809
4327 5657
4719 5721
4023 6923
4190 6487
4341 6337
3913 7245
4230 6824
4533 6374
4019 7188
4416 6554
5011 6147
4776 6308
4088 7297
4729 6551
4193 7288
4985 6279
4678 7041
4710 6698
4556 7169
4537 7249
4885 6893
4887 7052
4787 7222
5338 6612
5116 6979
5725 6260
5306 6890
5434 7286
5639 7212
268847495 1428487141
1
sift 342
57 36
34 16
347 196
2469 1725
7618 7571
95 39
221 91
295 158
394 275
2806 1772
251 104
256 139
601 305
332 334
5254 4192
285 144
388 201
636 489
463 377
374 236
372 243
843 495
645 412
563 303
478 415
878 741
1011 358
521 399
664 419
1112 700
783 471
692 501
800 449
987 785
1104 448
749 487
650 695
1050 776
861 538
985 535
1120 500
1077 784
1099 582
941 574
711 706
1414 751
1076 666
1199 516
1068 570
1312 833
1162 645
882 653
926 659
1527 802
1343 692
1080 620
1022 719
1419 881
1276 817
1198 671
937 866
1849 732
1490 842
1181 782
1136 861
1344 1058
1704 787
1284 886
1070 1022
1632 1043
1523 863
1017 1056
1309 957
2079 951
1829 942
1402 909
1403 952
1888 1214
2113 850
1434 959
1440 1020
1877 1249
1765 984
1516 976
1137 1187
2357 1202
1823 981
1722 917
1444 1210
2745 1391
1872 1001
1533 1159
1843 1087
2271 1663
1683 1120
1655 1218
1581 1346
2429 1723
2414 1116
1743 1217
1703 1270
3311 1579
1971 1344
1607 1362
1941 1190
3205 1703
1894 1401
1549 1594
1741 1411
2849 1904
2330 1228
1867 1361
1861 1406
2983 1983
2062 1513
2065 1343
1717 1591
3123 2183
2249 1539
1556 1981
2518 1255
3414 2164
2776 1355
2060 1499
2206 1408
3647 2551
3103 1437
1922 1653
2057 1605
3115 3308
2837 1645
2502 1400
2400 1467
3632 2827
3315 1519
2173 1678
2582 1537
3825 2993
2561 1865
2145 1804
2204 1746
4080 2899
2690 1835
2847 1510
2385 1881
4849 2619
2645 1966
3069 1637
2962 1777
4142 3115
3765 1554
2923 1806
2703 1937
3564 3676
2607 2049
2623 2024
2986 1991
4383 3157
3032 1926
3209 1887
3319 1871
3979 3578
4586 1523
3605 1790
2949 2230
4735 3090
3184 2032
3373 2133
3116 2294
4268 3391
3278 2222
3577 2036
4409 1734
4952 3433
4225 1838
3787 2018
3264 2319
4583 3698
3731 2061
3219 2339
4051 1964
5527 3327
4632 1875
3139 2419
3726 2115
5768 3610
3724 2192
3551 2248
3487 2323
5481 3821
2972 2696
5164 1736
2887 2695
5245 4332
3555 2531
3788 2341
2836 3049
5856 4153
3911 2430
5198 1943
4561 2276
5271 4685
4446 2305
3636 2634
3590 2685
6560 4276
4487 2317
3757 2560
6899 1739
7407 4302
3771 2582
5453 2059
3640 2738
7055 4496
5406 2093
3087 3340
3505 2925
8068 4254
3773 2711
3427 3032
4381 2429
7367 5091
4415 2574
3676 2961
5046 2375
7938 5472
4167 2736
3940 2850
3760 2996
7573 7512
4280 2771
3944 2908
3793 3073
7529 7911
4818 2882
5484 2437
4003 3163
4304 3299
4261 3086
3963 3447
4847 3092
4440 3235
5165 2854
5416 3018
5461 2979
5076 3225
6730 2567
5136 3216
4770 3458
5475 3026
4371 3697
4812 3514
5178 3357
4741 3564
5975 2992
7063 2598
5301 3377
5538 3263
3706 4653
5707 3292
4512 4029
4985 3909
4528 4025
5511 3500
6145 3427
4690 3979
5114 3767
6359 3375
5569 3751
5596 3747
6162 3569
5275 3933
5255 3993
5963 3655
6505 3440
4673 4529
5898 3752
6100 3673
5159 4203
6582 3618
5987 3820
5550 4071
6659 3630
5758 3971
5709 4011
6302 3753
5815 4000
4905 4688
5863 3983
6987 3589
6115 4124
7264 3652
5011 4915
7661 3577
6793 3977
6832 3937
6085 4773
6729 4054
6009 4401
6696 4575
5328 4948
6206 4368
5731 5354
7888 3792
7452 3989
7604 4263
6590 4454
6783 4469
5956 5177
7636 4190
5915 5251
6461 4868
7031 4539
6796 4721
7512 4413
6024 5292
6713 4953
6731 4980
7552 4934
6311 5399
6488 5256
6851 5355
6562 5467
7687 4819
7274 5350
7885 4716
6747 5571
7314 5453
6952 5536
7104 5594
6978 5813
7414 5672
5966 6974
6848 6032
6177 6585
7614 5959
7675 5653
7668 6117
6844 7625
7571 6446
7377 8387
7898 8646
268847495 1724217577
1
sift 52
228 416
779 1703
1089 1520
1240 1696
1219 2091
1773 1881
1321 3091
1728 2446
1833 2433
1901 2374
1575 3037
1681 3077
1712 3098
2260 2807
1950 3512
1809 3787
1907 3740
2287 2964
2077 3459
3495 2385
2788 2943
2929 3299
2463 4731
3050 3895
2130 5826
2524 5214
2994 4686
3422 4112
3500 4578
3893 4679
4463 4126
3746 5223
5582 3765
4516 4494
5029 4109
3146 7488
4800 4826
4764 6336
4810 6501
4193 7899
4031 8382
4174 8259
4946 6849
5669 5994
5553 6434
6592 6120
5351 7937
5743 7797
7305 6265
5667 8394
7761 6814
7319 7851
268847495 1750469169
1
sift 213
19 6477
55 43
26 14
3280 2185
61 36
125 66
258 124
154 72
221 90
256 147
601 309
260 116
273 131
388 181
636 551
347 185
354 233
563 301
843 571
483 238
664 358
1120 439
878 552
710 345
700 418
1080 568
876 592
845 414
923 463
1022 650
1050 728
783 560
839 611
1181 729
1077 766
861 590
958 703
1402 746
1112 793
932 743
1158 672
1494 785
1312 888
1704 754
1419 826
1255 934
1107 1003
1316 961
1553 865
1638 857
1527 879
1490 971
1344 990
1703 1089
2079 951
1522 978
1468 1153
2872 1208
2429 1293
2135 1046
1971 1117
2400 1369
1790 1753
2368 1094
2062 1258
2614 1326
2271 1584
1955 1398
1994 1444
2705 1304
2960 1586
2257 1315
2414 1302
2502 1396
3205 1685
2851 1358
2518 1412
2582 1489
2983 1791
2394 1633
3274 1286
2600 1727
2648 2556
2776 1503
2837 1502
2923 1609
3632 2087
3103 1413
2539 1635
2746 2048
5536 1899
3290 1474
3041 1605
3577 1821
4079 2482
3032 1688
3350 1591
3116 2119
4126 2510
2462 2182
3832 1630
3551 1979
4085 2704
3273 2082
3487 2061
4051 1962
4849 2444
2624 2497
3618 2158
6899 1480
4142 2776
3936 2079
3603 2301
4381 2198
4383 2854
4684 2124
4478 2211
3940 2391
3980 3490
4047 2502
2836 3268
5046 2103
4268 3495
4632 2380
3591 2746
3896 2566
4583 3605
4225 2555
3534 2853
3636 2797
4952 3475
4415 2480
4229 2578
3760 3114
5768 3445
4345 2708
5165 2501
5173 2836
5856 3603
3545 3493
3570 3480
5301 2901
5366 4002
5453 2466
4280 3035
5461 2923
6146 3861
4818 2835
4844 3577
5739 3103
6560 4151
7326 2657
4741 3788
5596 3354
7055 4089
5416 3448
6152 3163
5987 3265
7407 4111
5843 3311
5709 3514
5511 3668
7367 4687
5898 3751
5275 3838
5114 3947
7987 4436
5904 3840
5638 3690
4616 4554
8068 4683
5406 4078
4322 5259
4905 5712
7689 5468
6659 3863
6216 4011
6731 4149
7508 5596
5043 5055
6729 3900
5966 4719
7529 6097
6093 4155
6302 4124
6832 4215
7376 6244
6595 4140
7031 4121
6085 4772
7965 6611
7459 4069
5956 5057
6696 4966
6811 4448
6590 4578
7512 4472
7721 4213
6910 4739
7032 5131
6918 4965
6788 5088
7191 8519
7355 4784
7274 5111
7915 4914
7869 5310
6319 7066
6407 7363
8040 5909
7452 7237
8041 8243
8099 8267
