281418 781759124
1
sift 174
48 21
641 260
4491 2454
2166 9405
90 30
296 61
1189 465
5223 2597
264 94
433 153
1308 528
7943 2661
436 253
484 225
1543 643
6798 3023
837 310
732 377
1465 908
7226 3034
905 623
1048 549
1605 854
7245 3652
999 601
1078 560
1754 837
7676 4062
1104 585
1163 591
1982 896
8137 4089
1216 559
1185 600
1900 1070
8342 4485
1256 634
1123 732
2200 1006
8518 5779
1198 735
1468 727
2448 1129
1348 816
1709 943
2759 1214
1438 1123
1790 931
3005 1538
1810 934
1636 1055
3442 1573
2504 776
1727 1115
4235 1406
1930 1191
2302 1084
2918 1951
2134 1183
2477 1140
3517 2182
2370 1186
2347 1286
4299 2056
2500 1309
2544 1304
3512 2509
2253 1486
2168 1653
3857 2537
2353 1965
2983 1649
4876 2208
3911 1691
2997 2079
4096 2591
2800 2253
3524 2102
4031 2723
3490 2174
3603 2232
5672 2247
3810 2329
3423 2686
4178 3539
5038 2015
2948 3477
6095 2639
6263 1925
3239 3282
5152 3147
5373 2170
4873 2492
5067 3402
4536 2732
6515 2158
6057 3384
3262 4174
3685 3617
5998 3564
4406 3189
4492 3156
6611 3373
4886 3459
5130 3440
6542 3449
5610 3230
6044 3053
7530 3828
4944 3696
6064 3210
8234 3621
5301 3630
4884 4094
6704 4389
5615 3601
5448 3675
8309 3829
4220 4717
4593 4426
8797 4208
5838 3603
6592 3410
7749 4646
6935 3453
6735 3559
8798 4271
7003 3553
6116 4125
7060 5176
4418 5451
6269 4002
6613 5564
7339 3455
4356 5908
8793 5049
6683 3907
6723 3927
7489 5880
4838 5414
8416 3447
8861 5420
5817 4875
7807 3791
7326 6895
8061 3788
8406 3734
8308 6167
6309 4865
7660 4274
8784 6772
7895 4217
6878 4660
8251 4263
8364 4252
7866 4449
8326 4324
6260 5533
8781 4246
8223 4849
6316 6318
8492 4915
8226 5124
7248 5861
8959 4825
6575 6702
8684 5168
8011 5701
6556 7207
8424 5826
9067 5213
8602 6335
7656 7175
7397 9601
281418 1078340171
1
sift 133
40 100
190 394
168 427
49 168
288 496
262 773
290 498
875 1162
332 466
335 562
412 625
1279 1813
416 622
616 994
556 861
1158 2199
485 1155
647 1018
648 1335
1139 2665
627 1298
787 1152
679 1317
1296 2951
814 1014
1075 1437
997 2326
1307 3424
1144 1434
1215 1499
1116 2098
1485 2948
1086 1730
1072 1781
1408 2038
1815 5731
1334 1458
1008 2066
1547 2785
2498 4208
1201 1947
1269 2216
1660 2614
3345 4350
1407 2209
1657 1900
1576 3503
3615 6319
1715 2249
1755 2980
1590 3736
3162 7929
2049 2736
1949 3010
1927 3254
3511 8024
2371 2445
1821 4028
2016 3107
5101 6002
1777 4138
2021 3745
1730 4406
5667 7234
2091 3345
2323 3115
2288 2984
5595 8552
2104 3527
2163 4239
2437 3584
1878 5466
2304 4244
2018 4796
2390 3938
2249 4410
2105 4996
2351 4275
3063 4549
2282 4595
2257 4770
3364 4356
2211 4939
2060 5586
3038 5430
2606 4172
3363 3237
3550 4766
2566 5103
3359 3630
3107 5681
2699 5096
2560 5666
2825 6386
2597 5694
2921 4625
3167 6233
3133 4747
2632 6363
3306 6653
3204 5242
2876 6268
4962 4379
3582 5203
3463 5670
3946 5923
3708 5228
3597 5718
4099 5757
2844 7575
3973 5417
4241 5950
4258 5274
3978 6256
3947 6813
3503 7568
4236 6362
3730 7981
4129 6847
3625 8531
3758 8598
4133 7668
6244 5325
7390 7364
5164 6838
5406 6536
6795 8192
4443 8341
4470 8333
4852 8059
5352 7371
5204 7963
5174 8179
281418 1960691938
1
sift 60
408 245
759 444
249 267
333 362
2304 2451
290 256
3442 1422
328 277
810 1182
3758 5456
326 321
4876 2831
364 374
1034 1719
3428 5946
416 533
7393 4233
667 474
1958 2008
4602 6263
637 594
1002 1451
2294 2185
6296 8049
1544 999
1503 1121
1970 2826
1446 1200
1979 1754
2482 3898
2023 1818
2170 2036
2716 3775
2351 3969
4133 2368
2975 4225
2945 3517
3625 3569
2797 4758
3894 4146
3502 4438
3712 4728
4129 4095
4710 3689
4342 4617
4388 4868
4287 5031
4404 5541
4863 4571
5192 4661
4758 7480
4650 5715
5642 7189
5648 7339
7134 7061
6119 7943
8890 6094
7938 7338
9083 6717
8293 7915
