306120494 536394572
1
sift 52
2077 1017
2888 2544
424 482
1653 8072
514 470
2059 1965
5061 5850
569 767
7916 5675
552 808
3309 1519
568 842
922 901
2419 2212
1611 1352
1301 1974
2993 2062
1498 2356
1876 2291
3374 2300
1415 3589
1534 3269
3749 2205
2023 4752
4096 2259
3975 2381
4767 3807
4126 2556
2767 3875
4408 5530
5592 2931
6593 2919
4389 6025
5220 3725
5931 3501
5485 5462
4156 5325
6417 3555
8363 7477
8399 3794
7787 4283
7848 8231
6708 4974
7850 4467
6655 5318
8518 4233
7877 4614
6767 5351
7495 5019
8329 4594
7243 6027
6602 6687
306120494 971269144
1
sift 90
848 534
4152 2995
19 22
278 356
3444 6181
84 54
4123 1939
170 357
247 275
3391 2311
262 323
319 399
6064 2620
393 461
425 726
488 837
524 1139
623 1061
711 1191
796 1238
1498 918
1553 1052
820 2202
1876 1091
1534 1386
1522 1438
1984 1151
1418 1824
2670 1202
2161 1463
1172 3049
2464 1352
1414 2330
2415 1481
2024 1823
2778 1632
2992 1743
1987 2492
3413 1773
2438 2278
3399 1858
2414 2532
2029 3521
2396 2905
3215 2272
2695 2867
5376 1781
4555 1961
2393 3602
3966 2290
2799 3056
4767 2136
2499 3903
2297 4906
3694 3103
4389 2730
5485 2377
4288 3260
3500 4407
6027 3120
4970 3824
5628 3630
4050 5087
3944 5401
4381 5990
5527 4778
4860 5556
4305 6382
5172 5486
5234 5576
4474 6409
6555 4578
4573 7067
5450 6072
7533 4401
5101 6839
5648 6393
4641 8098
7848 4716
8350 5043
4741 8997
6449 6749
6596 6715
6928 6877
7194 7799
6769 8568
7461 7899
7652 7795
8608 6794
7062 9033
306120494 1256872597
1
sift 111
446 307
41 24
73 93
1184 1942
145 70
466 349
1087 752
137 109
2334 3379
222 268
572 330
1183 799
247 425
2203 5691
424 282
608 342
3873 2053
514 400
3511 3423
558 523
985 527
2844 2870
701 508
3444 8071
598 621
996 711
7018 2284
425 1322
569 1042
848 821
7691 3670
922 893
1054 959
1507 800
711 1556
1285 994
1671 919
796 2029
1498 1179
1954 1005
1370 1482
1484 1360
2411 1235
1611 1324
1553 1456
2059 1431
1597 1563
1876 1465
1813 1722
1984 1683
1571 2562
2249 1825
2464 1887
3098 1500
2968 1568
2161 2162
2273 2059
2767 1937
2241 2603
2024 3053
4223 2244
2992 2228
2778 2391
3186 2871
2997 2354
3310 2480
5932 2439
3413 2521
2414 3862
4101 3146
3033 3015
2858 3321
5753 3656
3433 3375
3176 3850
7915 2836
2636 4682
3966 3295
5261 4356
2919 4585
3304 4969
6063 4213
2799 6098
3500 5434
6654 3941
4437 4255
5239 3789
7243 4223
4540 4462
4489 4716
7977 4308
4288 5122
4970 4749
7054 5082
5527 4463
6027 4452
7414 5451
4735 5856
6661 4241
8532 5903
6668 4400
3945 8059
6722 7738
5477 5942
6627 5231
8365 6882
6420 5420
4860 7900
5234 8589
7533 7226
7848 7162
306120494 1988776702
1
sift 118
466 291
1649 1071
588 288
924 441
996 489
1888 1410
1029 487
1049 500
1118 580
2648 1788
1059 542
1271 606
1174 654
3768 1429
1458 607
1404 698
1707 866
2844 1749
1509 858
1643 870
1944 954
2588 2388
1628 922
1787 891
1813 1015
4220 1785
1664 952
2091 904
1885 1143
4152 2246
2505 1009
2127 1312
1904 1464
5959 2516
2953 1270
2853 1543
2594 1715
5087 3168
3130 1565
2767 1698
3332 1670
5755 2895
4325 1384
3453 1638
3280 1761
6564 2994
3461 1789
2990 1901
3186 1897
7938 3434
3407 1862
3568 1800
4103 1742
7326 4564
3746 1773
3599 1893
4134 1766
6422 5619
4000 1817
4125 1771
4276 1741
8460 5059
3969 1837
4101 1957
3593 2213
3426 2582
3751 2185
4123 2065
4848 2490
3757 2282
3374 2703
5253 2891
4644 2147
5699 1995
5778 2815
4847 2232
3899 2593
5248 3324
4591 2606
5064 2527
7238 2586
5931 2283
4702 2713
5980 3096
4994 2595
5005 2625
5999 3496
5293 2591
4709 2802
5878 3608
6022 2477
4599 3032
6381 3829
6226 2521
4320 3475
6699 4011
5535 3108
5756 3278
7575 3854
7088 2916
6796 3055
8093 4418
6132 3413
7174 3167
6860 5490
5855 3887
6517 3611
6720 3537
7414 3658
6686 3953
7547 3706
8115 3764
7360 4314
6975 4607
8532 4225
6288 5570
7550 4986
8787 5612
306120494 2119627969
1
sift 211
284 331
587 351
42 25
373 356
86 67
362 444
1888 964
144 81
924 689
272 154
466 537
2844 2966
533 250
787 891
554 287
511 592
4220 2409
588 349
909 1012
745 373
996 814
6422 5486
1041 431
1118 877
785 539
1174 971
7541 5466
275 3580
1269 996
994 544
1389 1258
7602 6461
1059 545
1768 1161
1028 640
1510 1230
8394 6079
1192 578
1719 1351
1271 585
1275 1957
8460 6474
1142 662
1655 1758
1643 651
1702 1510
7906 8297
1240 815
1941 1674
1538 846
1813 1538
1628 821
1943 1780
1787 769
2633 1188
1349 1069
1904 2048
1595 955
1954 1737
1985 834
2235 1995
1664 985
2226 1976
2191 910
2674 1882
2213 1085
2279 2150
1553 1430
2894 2287
2236 1407
3705 1855
2144 1465
3280 2268
3084 1231
2767 2679
1812 1818
3332 2507
2706 1434
3453 2564
2646 1605
2990 2983
3516 1400
3186 2973
3105 1499
3751 2810
3060 1614
4123 2789
2798 1720
3725 3498
2464 2073
4101 2827
4515 1447
3593 3725
3342 1702
4276 2809
4846 1433
3866 3644
3599 1675
3971 3316
3233 1772
5293 2859
3353 1750
3934 3368
2992 2025
3747 4015
5041 1535
3910 3896
3741 1825
3898 3905
3969 1770
4275 3683
2677 2445
5083 3321
3766 2042
4391 3789
4770 1747
4703 4293
4170 2016
4156 4301
3992 2140
4792 4279
4324 2008
6522 2842
4496 1974
4320 5031
4262 2052
5931 3558
2830 2754
5861 3873
3921 2260
5005 4098
4000 2253
5219 4323
2877 2812
5065 4499
4372 2190
6022 3952
4494 2203
5753 4100
4848 2477
5756 4917
3861 3189
4591 5244
4955 2739
4712 6053
3935 3456
5906 4288
4822 2823
6720 4518
4326 3188
6063 4361
4665 3192
6686 4800
5377 2974
7088 4916
5172 3234
6132 5767
4767 3564
6796 5340
5778 2995
6243 5846
5157 3481
7174 5191
6299 2826
5823 6669
5542 3349
6394 5961
7238 2647
7470 5709
6339 2922
6373 6553
5450 3740
6196 7084
5253 3859
6553 6682
4556 4370
8430 5702
5999 3526
7896 6099
7290 3115
6975 6915
6832 3386
6372 7796
6381 3731
7743 6456
5674 4199
7854 6709
6056 3997
7466 7080
7554 3334
7359 7279
5357 5035
6772 8076
6003 4647
6288 8741
7897 3869
8026 7969
7113 4240
8172 8626
6084 5320
6248 5295
7511 4658
6860 5105
7159 5662
7023 6065
8631 5235
6427 7170
7225 6866
6557 7855
6555 8103
8065 6658
