433755102 672853355
1
sift 1049
301 390
71 131
30 32
449 662
28 42
70 126
272 434
158 164
77 145
604 892
95 177
83 139
396 451
145 183
91 174
813 1418
114 205
120 152
381 462
180 264
123 178
1085 1459
156 244
113 192
358 509
187 263
135 198
1162 1854
198 328
129 222
411 619
254 373
160 194
1684 2076
213 325
147 236
454 719
263 361
181 204
2325 3463
206 331
173 261
552 611
255 391
193 230
2962 3403
237 357
200 284
555 655
253 452
191 314
3204 4954
260 392
202 305
593 664
288 471
205 310
3492 4764
294 403
235 320
545 698
312 457
244 317
3957 5374
349 453
238 355
557 730
364 426
221 412
4290 5513
339 495
308 299
474 857
397 419
257 369
4029 6342
321 538
262 366
600 717
334 517
256 381
4563 6503
353 532
270 374
583 800
391 500
277 409
4570 8128
362 525
314 376
587 796
395 565
316 405
368 528
285 455
541 939
414 589
282 468
357 621
319 433
840 803
473 670
276 493
406 536
303 491
806 964
498 756
293 523
383 592
350 486
744 1080
651 647
360 508
460 527
372 501
816 1054
602 737
370 553
470 595
394 503
753 1276
666 868
384 515
438 681
387 605
760 1299
731 810
376 686
477 653
445 577
907 1083
751 962
433 659
488 733
456 626
932 1102
702 1066
421 690
643 683
427 691
852 1249
821 980
479 618
521 847
435 709
888 1397
787 1039
531 574
549 811
632 516
939 1358
824 1142
508 672
554 805
412 860
996 1288
854 1154
426 826
599 804
504 746
927 1523
989 1031
605 649
613 865
590 674
935 1691
961 1073
628 630
689 791
534 825
1087 1735
849 1243
507 897
667 878
535 921
1196 1553
984 1106
550 902
703 881
845 643
1191 1641
972 1170
728 794
749 992
649 975
1386 1442
1026 1128
669 991
810 1021
735 905
1164 1881
945 1264
723 955
765 1147
754 883
1219 1797
975 1304
872 837
876 1036
755 977
1290 1879
1121 1219
979 767
843 1075
718 1093
1352 1944
1175 1195
722 1085
898 1169
916 842
1450 1954
991 1492
805 1027
963 1161
902 934
1841 1551
1205 1179
828 1024
892 1326
715 1235
1805 1727
1181 1202
850 1009
934 1256
983 869
1622 2074
1105 1403
708 1303
959 1272
1012 862
1648 2185
1158 1509
815 1082
1005 1315
910 1022
1655 2216
1330 1267
985 952
1088 1338
917 1047
1774 2215
1331 1354
793 1348
1015 1531
847 1399
1675 2585
1258 1812
915 1461
1074 1489
884 1548
1946 2349
1525 1670
1067 1226
1083 1477
998 1329
1532 3667
1472 1729
956 1479
1080 1514
1106 1234
2287 2248
1676 1715
1176 1140
1091 1558
1028 1370
2708 1961
1567 1880
1262 1126
1274 1268
1220 1196
1853 2883
1295 2232
1299 1185
1141 1606
1206 1261
2910 2098
1562 1969
1132 1451
1144 1613
1147 1416
3037 2102
1548 2069
1190 1364
1238 1537
1129 1590
3438 2127
1719 1875
1128 1595
1372 1500
1248 1360
2176 3213
1688 1986
1297 1393
1099 2326
1350 1371
2108 3629
1975 1742
1289 1572
1291 1910
1501 1367
3063 2498
1831 2030
1228 1711
1654 1542
1307 1614
2731 2847
1783 2111
1237 1767
1414 1862
1286 1708
2492 3232
1767 2238
1470 1505
1519 1903
1160 1927
3752 2315
1729 2518
1517 1481
1282 2228
1431 1598
3896 2592
2078 2065
1257 1884
1560 1978
1367 1810
3058 3334
1490 3266
1364 1815
1610 2071
1426 1868
3035 3442
1686 2686
1313 2058
1518 2272
1392 1972
3743 2910
1986 2343
1569 1791
1621 2116
1583 1778
3988 3341
2085 2301
1493 1894
1526 2353
1444 1987
3059 4408
1940 2603
1530 1923
1488 2478
1485 2011
2823 4959
1772 2928
1361 2183
1545 2507
1546 1953
3737 3771
2227 2391
1327 2291
1433 2869
1578 1981
3004 4682
1727 3164
2011 1547
1713 2412
1356 2357
3312 4263
2029 2598
1628 1990
2006 2133
1513 2162
3414 4403
1929 3166
1527 2200
1855 2632
1539 2210
3085 4985
2041 2970
1221 2808
1961 2601
1510 2362
3322 4947
2381 2626
1695 2202
1908 2851
1616 2369
3199 5340
1977 3270
1838 2096
1968 3155
1731 2275
3597 4847
2694 2521
2026 1960
2031 3081
1716 2472
3583 5189
2390 2891
2103 2022
2305 2790
2200 1965
3119 6039
2807 2510
1802 2427
2126 3086
1576 2909
3768 5087
2534 2752
1760 2522
2333 2769
1868 2505
3994 4975
2849 2520
1806 2608
2191 2979
1653 3153
3798 5445
2321 3286
2114 2364
2205 2972
2020 2502
4224 4939
2393 3210
1753 3049
2336 2813
2018 2634
3274 6771
2213 3632
2139 2519
2165 3087
1861 2927
4681 5019
2700 2874
2457 2264
2231 3237
2313 2401
4342 5659
2456 3264
2215 2548
2167 3636
1661 3748
5148 4923
2659 3118
2072 2735
2605 2849
2003 3028
5057 5058
2803 2968
2343 2615
2501 3041
1933 3234
5036 5099
2686 3404
2311 2680
2376 3271
2567 2476
4306 6001
2999 3013
2214 2792
2414 3269
2420 2622
4730 5512
3034 3070
2625 2460
2434 3308
2056 3170
6037 4297
2996 3265
2500 2611
2379 3506
2404 2724
4839 5793
3156 3223
2207 3012
2416 3505
2044 3337
4672 6043
3352 3123
1937 3655
2602 3287
1955 3710
5930 4851
3367 3097
2206 3147
2635 3568
2349 2971
4937 5911
3122 3514
2975 2447
2643 3557
2263 3329
4780 6130
3232 3413
2184 3510
2884 3227
2236 3496
4968 6062
3433 3316
2403 3192
2553 3831
2389 3222
5170 6065
3360 3623
1963 4100
2488 4493
2851 2646
5299 5976
3216 3927
2895 2667
2704 4032
2450 3253
5479 5996
3699 3576
2612 3093
3257 3532
2485 3384
4593 7233
3416 3862
2781 2986
2790 4084
3116 2716
4976 6837
3375 3909
2597 3373
3424 3550
3001 2870
5233 6609
3484 3895
2474 3690
2918 4224
2666 3345
4953 7115
3571 3844
2607 3589
2930 4247
3227 2797
4739 7603
3763 3717
2795 3283
3139 3950
2821 3268
5134 6969
3887 3572
3054 3044
3123 4030
2914 3338
5859 6397
2917 4902
3183 3017
3065 4425
2152 5074
5368 7379
3983 3607
3017 3292
3269 4231
3010 3302
5867 6734
3667 3930
2982 3383
3282 4264
2860 3551
5444 7617
3529 4059
2944 3472
3114 4528
2868 3604
6170 6721
4755 3020
2596 4082
3617 3952
3044 3444
5410 8206
3473 4306
2976 3624
3158 4618
2801 3876
6135 7188
3716 4073
3247 3326
3386 4286
2743 4034
6504 6565
4311 3507
3323 3382
3212 4574
3388 3328
6316 6937
3525 4551
2609 4529
3129 4740
3098 3815
8224 5600
3941 4241
2800 4182
3275 4598
3791 3168
6040 7854
3471 5136
3893 3056
3321 4560
3512 3526
6352 7340
3625 4997
3206 3843
3410 4485
2883 4200
5940 8326
3956 4866
2630 4933
3354 4603
3170 3899
6134 8056
4036 4790
3009 4075
3373 4548
3219 3867
6378 8328
4300 4413
3697 3435
3403 4622
3891 3233
6731 8493
4553 4261
2847 4442
3452 4637
3762 3453
7758 7688
3934 5251
3515 3766
3469 4676
2978 4396
7332 8541
4375 4746
3945 3448
3595 4625
2805 4980
8572 7451
4963 4197
3790 3666
3456 4943
2919 4727
5537 3914
3048 4447
3389 5347
3970 3484
4326 4931
3457 3962
4237 4206
3746 3782
4612 4660
3431 4037
3860 4828
3159 4428
4490 5120
2891 5000
3837 5137
3614 3939
4208 5754
3750 3860
3777 5400
3581 3977
4657 5283
3231 4446
4034 4942
2965 5008
5293 4696
3377 4327
3962 5185
3924 3811
4678 5379
3296 4520
3735 5686
2881 5402
5098 5311
3811 3957
4304 4932
3685 4129
4746 5651
3789 4036
3760 5935
2900 5505
4850 5624
4126 3742
4332 4992
3455 4490
4636 5903
3437 4578
4263 5331
4361 3566
4825 6075
4272 3695
4856 4623
3325 4853
4677 6302
3080 5332
4413 5219
3240 5070
5620 5457
3843 4201
3996 5942
3626 4489
4535 6560
3659 4456
4724 5125
3527 4704
5406 5654
3867 4242
3820 6589
3015 5746
4946 6154
4053 4057
4346 5676
4267 3910
4763 6520
3544 4914
3997 6301
3110 5737
5880 5537
3190 5559
4190 6162
3672 4794
4753 6736
3800 4827
4340 6113
4649 3858
5103 6352
3687 5129
4632 5784
4092 4432
5517 6176
3923 4724
4179 6419
4135 4415
5948 5867
4393 4105
4323 6225
3846 4993
6155 5858
3778 5149
5783 4889
4166 4434
6035 6025
3773 5198
4971 5790
4112 4611
5092 7197
4317 4298
4449 6391
4030 4770
5428 6763
4145 4717
4917 5917
3932 5111
5664 6510
4138 4758
4967 6002
4627 4183
7135 5210
4127 4859
4771 6266
3911 5263
4726 8135
4171 4817
4281 7357
4421 4416
5399 7050
4938 4031
4910 6278
4027 5305
5390 7133
5192 4071
5847 5524
3670 6117
5226 7415
4253 5157
5876 5565
4774 4463
5773 6608
4052 5564
4977 6398
4191 5333
8180 4815
3829 6127
5207 6343
4196 5508
5159 7817
5077 4477
5121 6615
3883 6108
5941 6761
4875 4816
4692 7354
3446 7397
6191 6412
4869 4890
5837 5950
4555 5277
5641 7363
5117 4664
5363 6539
4412 5483
6410 6200
4891 4982
5167 6814
4411 5556
5107 8387
5199 4750
5017 7058
4180 6116
5316 8161
5609 4546
4718 7686
4533 5743
6297 6575
4360 5930
6331 5616
3489 8185
5432 8269
4719 5552
5079 7165
4698 5575
5863 7628
4153 6315
5502 6644
4641 5646
5714 8213
5173 5161
5769 6385
4183 6327
5767 8138
4794 5604
4583 8313
4099 6636
6231 7410
4417 6063
5277 7191
4893 5713
6317 7284
4273 6512
5509 6842
5409 5314
5744 8508
4703 6003
5324 7100
4994 5715
6468 7241
5264 5494
5056 7577
4446 6345
6712 6960
5473 5341
5521 6885
4933 5832
6161 7958
6439 4360
5541 6878
4569 6258
6580 7211
5102 5744
5002 7812
5333 5531
6795 6977
5482 5567
5920 6436
5104 5939
6536 7440
4715 6305
5505 7135
5945 5209
6513 7654
4615 6505
5069 8064
4773 6341
6120 8355
4309 7251
6091 6547
5680 5606
6489 7743
4671 6605
6020 6711
4350 7337
7327 6852
5853 5543
5672 7308
5807 5623
6667 7660
4504 7172
6389 6459
5981 5510
6840 7564
4764 6746
5611 8103
6315 5132
6487 8180
5646 5910
5118 8614
4519 7443
7014 7584
4125 8489
5335 8586
5007 6659
7962 6765
6262 5380
5396 8589
5841 5893
6727 8085
5673 6060
6685 6709
5215 6499
6862 7989
7045 4894
6944 6528
4979 6923
7953 6974
6032 5794
7428 6263
5080 6804
7004 8123
5518 6275
6274 7674
4975 7039
7403 7714
5549 6387
6599 7592
5336 6642
7369 7891
5831 6152
6565 8010
5244 6910
7376 7941
4985 7338
6230 8526
6546 5507
7602 7948
5597 6460
7099 7509
4419 8434
7538 8041
5850 6214
7189 7640
5334 6834
7211 8409
5989 6095
7618 7182
5155 7140
8154 7466
5794 6486
6720 8175
5506 6870
7795 8033
5096 7601
7454 8221
5286 7311
8144 7716
6045 6279
7031 8549
5019 7907
8590 7344
5721 6839
8164 8623
5246 7635
7828 8576
5152 7831
5640 7065
7864 8581
6339 6085
5803 6841
8231 8505
5780 6976
5710 7384
8410 8532
5889 7190
5610 7741
8200 8636
5799 7475
6814 6096
8347 8628
5873 7426
6058 7079
7696 8674
7410 5855
6763 6237
5516 8219
6511 6653
6874 6317
7091 6191
5836 7947
6818 6384
5346 8592
6561 6786
5382 8608
6948 6488
7104 6371
6064 7819
5711 8450
6622 6850
7886 5988
6136 7736
5971 8080
6126 7915
6379 7412
6255 7693
7432 6365
7621 6245
6205 7884
6962 6832
6695 7130
6581 7320
6838 7059
8171 6139
7675 6450
8253 6115
7347 6749
6245 8266
7186 7030
7238 7024
8006 6413
7319 7111
5754 8659
6480 8137
6388 8377
7101 7567
7381 7348
7123 7645
6371 8548
8076 6825
6644 8310
7414 7530
7309 7725
7421 7596
6394 8580
8643 6543
6850 8444
8251 7075
7265 8246
6869 8533
8246 7283
7958 7630
7118 8492
7200 8546
6698 8647
7771 8125
7451 8519
7801 8391
8023 8438
8691 7676
8335 8307
7635 8646
8546 8474
7500 8676
433755102 769617110
1
sift 88
7173 6021
26 53
70 230
30 65
77 223
83 237
132 490
90 315
106 242
160 493
113 313
135 346
173 472
205 591
221 645
250 469
204 651
256 566
241 768
278 661
270 692
257 737
274 832
285 802
316 764
337 793
321 1033
360 1325
384 1002
1128 1958
394 1244
461 1243
1132 1960
540 1059
575 1846
1364 2177
551 3040
980 1749
1160 3156
979 1860
1185 1484
1253 3024
814 2934
1269 2476
1356 2721
1963 5861
1392 3317
1433 4719
2214 5097
1619 4684
1793 4524
2343 4715
1653 5922
2003 4345
2157 5540
2020 4547
2539 4003
2262 7203
2056 6116
2366 5876
3001 4788
2184 7344
2485 6147
3247 5268
2596 6840
2859 6419
3323 5377
3231 5794
2800 7006
3457 6124
2930 7036
3431 6407
3287 7791
2964 7868
3410 8751
3811 6559
3672 8390
4086 8610
3924 8712
4145 8280
5059 7450
4127 9191
4700 8448
4671 8977
6851 6474
6315 7088
5705 9411
5831 9557
433755102 1647351560
1
sift 374
5520 8613
30 56
70 157
120 204
106 144
83 137
77 150
123 253
94 263
95 225
114 281
132 384
116 336
143 269
129 340
193 299
269 412
154 270
156 285
173 381
243 661
183 418
176 452
206 409
309 629
199 484
191 508
213 460
350 890
204 506
221 516
212 504
375 804
190 627
285 522
296 465
434 896
257 540
348 538
260 568
450 935
270 553
349 578
277 543
483 891
357 700
362 685
346 744
491 910
353 714
368 815
360 925
421 1167
383 828
449 907
406 779
492 1048
416 730
488 847
393 986
469 1140
385 1136
506 1004
445 924
499 1261
456 1047
502 1114
539 1149
566 1135
535 1055
590 992
534 1393
514 1561
599 1112
604 1115
562 1395
639 1276
714 1159
749 1144
845 990
575 1572
678 1532
717 1526
728 1398
718 1508
686 1648
708 1936
741 1534
754 1442
755 1611
715 1965
902 1335
770 1632
850 1476
898 1586
843 1598
875 1590
814 1687
934 1578
917 1494
808 1844
921 1634
1005 1517
1057 2217
834 1995
892 1912
873 1982
1080 2168
980 1765
1133 1454
1088 1608
1091 2333
958 1867
1067 1770
1141 1749
1147 2271
1040 2004
1015 2165
1301 1599
1233 2074
942 2543
1253 1854
1364 1903
999 2919
1076 2469
1190 2213
1367 2237
1206 2170
1285 2053
1187 2312
1414 2240
1160 2492
1299 2169
1372 2078
1392 2522
1286 2762
1269 2409
1355 2388
1488 3173
1186 3371
1430 2468
1383 2603
1433 3690
1530 2454
1447 2532
1443 2663
1661 3110
1399 2868
1421 2718
1654 2447
1855 3055
1519 2811
1261 3799
1539 2783
2072 3069
1504 3217
1345 3524
1578 2812
2020 3469
1527 3169
1561 3291
1618 2871
1770 4273
1610 3123
1636 2996
1588 3508
2054 3483
1839 3076
1750 3030
1614 3818
1814 4173
2218 3462
1664 3795
1880 3431
2333 3153
2165 3706
1832 3546
1846 3577
1908 4210
1963 4641
1673 4536
1807 4043
1961 4079
2215 3982
2156 3195
2003 3678
2031 3920
2313 3804
2042 4165
2157 4013
2305 3860
2343 3761
2269 3837
2539 3440
2205 4637
2214 4271
1985 4816
2048 4633
2414 4215
2336 4076
2282 4306
2461 3977
2184 4797
2506 3919
2874 3429
2304 4339
2509 4206
2975 3275
2203 5229
2501 4205
2635 4103
2407 4409
2933 3902
2349 4662
2488 4724
2262 5083
2780 4213
2605 4175
2485 4948
2457 4806
2786 5066
2518 5002
2602 4896
2088 7169
2261 7190
2962 4143
2593 5311
2944 5016
2993 4770
2710 5017
2596 5468
3227 4525
2827 5428
2824 4777
2704 5510
3267 4449
2891 5275
3114 4798
2930 5243
2990 5087
3029 5098
3094 4893
3386 5179
3010 5188
3001 5710
3257 4706
3113 6079
2982 5393
3117 5924
2896 5754
3282 5857
3247 4928
3223 5889
2820 6066
3139 6369
3565 5488
3012 6632
2774 7531
3617 5575
3403 6646
2837 8187
3452 5953
2881 7522
3750 6078
2987 7556
3269 6713
4563 4898
3756 6102
3183 7006
3370 6675
3595 6907
3811 6086
3287 7046
3965 5666
3957 6161
3746 6921
3947 5741
3775 6222
3837 6716
4112 6390
3672 6591
3711 6701
4138 6144
3962 7142
3420 8534
4034 6421
4378 5848
3427 9270
4384 6022
3777 7370
3735 7922
4475 6602
4484 6223
3997 7067
3354 9213
4204 7297
5043 5548
4066 7021
4263 6568
4421 6783
5199 5437
3820 7977
4290 6722
4304 7166
4250 6803
3939 7773
4086 7416
4283 7574
3794 8474
3841 8331
4029 7779
4439 7350
4235 7039
4196 7124
4323 7194
3911 9194
3808 8566
4114 7820
4134 8128
4724 6988
4193 7971
4177 8078
4253 8370
5122 6794
4437 8132
5058 6814
4599 7763
5248 6638
4589 7909
4719 7470
4153 9049
4190 9009
4607 8092
4340 8833
4707 8369
4858 7733
4974 7646
4637 8226
5079 7898
4360 9255
5305 7914
4933 8116
4967 8203
4891 8501
5326 8202
4706 8770
4761 8679
4569 9199
5161 9035
4971 8292
4786 8944
6380 6452
5303 9047
5521 7798
5267 8909
5799 7667
5576 8695
5208 9356
5614 8756
5850 9285
6851 6894
5382 9304
5711 9010
5945 9160
6315 7912
5509 9434
7490 8272
6818 7753
5794 9341
6054 8933
5831 9352
5809 9441
6545 8789
8026 8065
433755102 1789068863
1
sift 276
12 8
6048 3647
110 43
108 63
169 117
209 104
243 106
236 136
344 99
287 127
264 161
306 141
273 172
337 154
290 250
492 168
309 314
403 240
462 223
401 287
361 432
620 261
548 296
410 392
515 329
754 256
755 289
685 327
514 420
480 447
491 467
776 365
879 419
639 566
691 543
1156 375
875 602
913 636
727 824
770 831
807 836
958 714
1111 663
1062 688
1313 587
1076 708
1280 606
1261 654
1090 784
1741 553
1155 817
1505 685
1430 709
1656 640
1464 758
1269 852
1052 1062
1388 860
1559 944
2180 731
1565 953
1340 1074
1614 1003
1368 1175
1421 1143
1479 1286
1817 1079
1285 1426
1427 1360
1477 1337
1721 1174
1797 1152
2048 1107
1792 1322
2001 1220
1664 1572
2585 1132
2261 1266
2233 1281
1673 1640
1909 1433
2210 1354
2015 1453
3243 1110
2663 1272
1884 1667
2251 1475
2308 1513
2066 1832
2471 1690
3646 1339
3001 1515
2786 1620
2546 1765
2269 1956
3060 1597
3844 1403
3935 1392
2177 2136
2310 2064
2955 1854
3143 1801
3672 1716
2461 2345
3068 1927
2987 1967
2709 2154
3654 1814
2875 2165
4760 1576
3184 2032
2292 2864
3387 2005
2827 2582
3074 2422
3208 2339
2738 2725
3830 2124
3775 2224
3878 2214
3355 2526
2993 2766
3620 2415
3718 2463
3634 2633
3895 2535
3509 2799
3655 2734
5194 2074
5172 2091
2490 4203
3764 2737
4794 2245
3661 2835
2960 3510
3588 2925
3864 2869
3794 2961
5454 2282
5164 2388
4453 2641
5841 2219
4623 2611
5241 2426
5700 2294
4043 2970
4564 2716
2992 4139
4144 2958
4742 2675
3947 3212
4589 2817
5377 2610
5307 2644
4250 3228
6698 2281
4811 2908
4628 3016
4169 3425
4301 3435
5427 2862
4103 3735
4791 3267
4328 3680
5380 3099
5195 3210
3951 4262
4607 3696
5952 3022
5269 3445
4738 3770
4960 3671
6345 2954
4550 4073
5213 3676
6156 3150
4438 4250
4531 4191
6205 3131
4807 3996
4526 4209
4437 4364
6511 3102
5358 3863
4789 4311
6303 3344
5051 4193
6123 3584
5108 4285
5305 4302
5425 4338
7793 3154
6139 3911
8472 3018
4708 5041
6775 3624
5404 4517
6339 3970
5776 4427
6431 3945
5743 4483
4767 5318
6084 4289
6962 3869
4751 5529
5759 4617
7419 3732
6387 4226
6177 4420
5575 4921
6010 4577
8330 3589
5471 5367
5766 5157
6054 4877
7472 4143
6764 4422
8493 3823
5320 5891
6882 4497
8310 3992
6270 4962
6545 4767
8266 4082
5303 6249
6535 4997
5860 5772
5424 6230
6292 5390
6396 5364
6582 5220
7609 4651
3965 9486
6434 5424
7227 4910
6663 5868
6635 6048
7473 5528
6361 6398
7560 5691
6633 6286
5049 8792
7531 5745
5405 8145
8251 5307
5809 7616
7513 5941
6294 6992
6277 7010
6745 6595
7130 6319
7401 6173
7666 6074
6467 6979
7025 6783
7503 6587
7148 6810
5625 9779
8272 6280
7708 6723
6457 8203
8520 6470
6668 8071
8557 6539
8312 6767
8659 6521
8104 7158
7887 7412
7868 7821
6715 9286
7616 9110
7371 9817
8593 8233
8027 9707
8485 8570
8112 9716
