507090750 748678880
1
sift 152
92 92
87 97
276 412
259 317
154 101
382 316
146 114
339 540
426 386
400 188
480 396
385 324
449 1732
597 546
617 260
612 568
834 367
772 1632
771 523
965 390
902 574
910 433
918 1333
640 914
1006 423
1184 580
817 535
960 2126
1370 1838
1107 586
2089 1382
1182 629
1134 1725
1849 1687
980 861
2464 1713
1217 787
1129 1872
2069 2250
1201 871
2255 1946
1339 1022
1089 2030
2502 2806
1537 987
1056 7046
2095 921
1188 2554
2695 2749
1669 1100
2599 2197
2308 1002
1553 2080
3181 2679
2398 1375
3293 2437
1337 2580
1382 3347
3118 3355
2915 1285
2665 3192
3299 1229
1404 3575
3328 4583
3045 1290
2985 2791
2016 1842
1773 3488
3513 5047
2484 1581
5129 3470
2885 1412
1693 3980
4616 3999
2598 1636
4985 5213
2877 1519
1739 3912
4277 5860
3460 1447
5199 5185
2392 1936
2340 4890
5550 7167
2809 1755
6602 4235
3677 1544
2132 5903
8097 5157
3546 1684
5578 5083
2973 1954
2226 6071
6959 6342
5025 1986
5716 4998
5523 2086
2648 4854
6103 7518
4141 2632
7846 4262
3953 2757
2824 5652
6264 8111
3964 3081
6806 4870
4439 3359
3320 4836
8389 6173
5702 3310
8146 5314
3187 5955
3768 5464
7116 7979
6677 3102
8480 5170
6606 3230
3700 7115
5251 3965
6701 6228
5726 3932
4138 5979
4613 4922
8582 5565
5277 5398
4274 7164
6286 4717
8637 6056
3792 8608
4174 7578
6378 4871
6985 8510
7965 4124
4272 7597
8371 3982
8729 6740
7967 4317
5301 6786
6844 5134
6945 5154
5447 8290
8275 4503
7659 5453
7332 5699
8657 4926
6709 6081
5466 7821
5800 7938
8675 5802
6367 8281
8445 7887
8484 8443
507090750 897658064
1
sift 333
869 471
54 128
83 95
68 177
144 149
597 772
86 194
116 167
107 250
159 208
752 799
185 211
394 509
137 301
370 318
714 975
194 319
417 572
180 484
334 387
884 1191
281 442
473 527
256 535
298 602
862 1281
247 625
586 580
330 549
471 437
888 1347
449 474
588 653
388 657
527 528
1022 1182
374 681
585 762
404 920
718 831
1407 1033
415 1011
710 630
513 1286
826 750
1207 1186
822 671
1253 784
664 1318
723 923
1378 1149
772 901
1357 1164
618 1578
879 851
1162 1384
755 1078
1618 1077
978 1811
814 1093
1403 1409
1244 769
1395 1413
1172 1547
907 999
1769 1169
1188 821
1639 1190
912 2595
1159 985
1635 1553
1134 1025
2371 1514
1051 2355
762 1603
2088 1792
1089 1157
2069 1991
1485 1708
1208 1088
1926 2419
1143 1228
1955 2271
1170 2541
1096 1330
2205 2126
1040 1433
2062 2297
1237 3117
1313 1132
2255 3051
1166 1363
2252 3129
1843 1781
1289 1325
2867 2491
1514 1146
2707 2610
1339 3037
1404 1348
2695 2858
1463 1458
2619 3202
1619 2302
1507 1481
2566 3283
1761 1265
3296 2702
1508 2579
1382 1679
3199 3004
1575 1509
2731 3317
1499 3280
1457 1759
2792 3755
1516 1651
3032 3581
1997 2229
1609 1570
2948 4871
1533 1675
3181 4592
1760 2741
1577 1646
4359 3566
2116 1300
3511 4448
1471 3798
1701 1539
3917 4375
1553 1744
3912 4260
1706 2944
1614 1721
4616 3740
1779 1538
4102 3958
1839 3224
2090 1416
3937 4447
2282 1332
4725 3987
2221 2950
1665 1710
8032 3809
1658 1787
5608 5186
2849 2327
1586 2012
7277 5227
1737 1778
5964 5025
1886 4068
1827 2053
5912 6718
1903 1983
6264 5600
2300 3367
1301 3752
6915 5673
1847 2136
5331 7170
2036 4212
2084 1975
6481 6109
2022 2076
7074 5450
2192 3906
2143 2005
7147 6020
1832 2660
5998 6646
2632 3380
1957 2619
6822 6505
2819 1947
6576 6021
2569 3736
2055 2798
6701 7038
2562 2340
6959 6863
2579 3900
2503 2450
7535 7192
2159 3094
7116 7099
2728 3703
2340 2823
1979 3577
7943 7348
2764 3832
2725 2428
3141 2149
4344 2434
2774 2411
2956 2269
2395 5120
3291 2218
3112 2503
2777 4157
2618 3148
3161 2513
2920 3937
2421 3463
2284 3853
3078 3935
2516 3408
3255 2614
2968 4608
3173 2783
2925 3070
2710 5307
3361 2701
2798 3269
3697 4360
3189 2893
3090 3027
3627 4938
3410 2903
3394 2953
3694 5092
3049 3244
3267 3111
3864 4878
3221 3256
3431 3126
3103 6625
3284 3405
3445 3354
3600 6047
3102 3916
4098 2963
3996 5368
3019 4167
2880 4627
3451 7041
3930 3320
3422 3989
4267 5354
3792 3760
3988 3548
4281 5547
4274 3374
3841 4047
3586 7291
4258 3588
3675 4348
4580 5882
3887 4101
4001 4007
4613 6005
3760 4392
3952 4123
4103 6972
3824 4352
4935 3419
5393 6132
5646 3211
4452 3826
5198 6529
4238 4033
4451 3866
5783 6877
4272 4042
3948 4404
5794 6986
4811 3833
5245 3599
6385 6266
4154 4496
5235 3757
6320 7075
4321 4487
4614 4285
6798 7261
5116 3972
4138 4776
3899 5253
4173 4838
4414 4645
5092 4163
5204 4208
4200 5030
5043 4431
4990 4521
4207 5279
4844 4735
5012 4655
5101 4633
5045 4700
4449 5242
5473 4482
5587 4488
4243 5761
4915 5045
5521 4847
4016 6836
6233 4542
4862 5833
7764 3926
4943 5795
6891 4308
7435 4183
6484 4697
5960 5129
5217 6593
5900 5961
5789 6212
6006 5949
5463 6817
6013 6162
7412 5176
6629 5920
6049 6727
6558 6210
6603 6204
8503 5048
7376 5872
6950 6316
6782 6670
7344 6824
8367 6493
8177 6802
7702 7269
8466 6734
8673 6742
8632 6796
8587 7093
7439 7412
8764 7245
8508 7400
507090750 1119887588
1
sift 81
1655 2303
850 740
133 244
2251 6553
967 1004
399 294
5717 3432
314 461
5138 5086
1002 1085
456 434
8291 6827
471 563
1100 1793
596 1281
8481 6781
1083 1154
1398 1397
1610 1008
1060 1510
1228 2114
1224 1726
1308 1915
1533 1755
1208 2321
2067 1479
1538 2535
1586 2067
1607 2187
1693 3315
1576 2286
1517 2398
1773 3167
2022 2544
1969 2734
1957 3238
2169 2818
2384 2707
2159 3179
3113 2500
2340 3542
2562 3683
3865 2305
2723 3250
2467 4018
2904 3056
2725 3693
2550 4462
3320 4348
2633 4339
2798 4809
3259 4707
3183 4226
3222 4718
3890 4332
3193 5451
3422 5559
4419 3896
3445 5539
4138 4705
3364 5869
3420 6592
3965 6306
4543 4808
4388 5088
4258 6176
4293 5895
4566 6480
5960 5844
5118 6157
4629 7008
4987 7195
5317 6467
5587 6631
7657 5064
5571 7147
7053 5983
7805 6052
6614 7264
7365 7128
7771 7283
507090750 1159754689
1
sift 73
2060 1781
850 708
133 264
1207 822
784 1063
339 494
8481 6272
1307 1194
398 455
1533 1785
647 1734
351 570
8291 6958
471 497
1002 1204
1220 673
1193 1092
1398 1069
1610 952
1224 2001
1364 1854
1157 2226
1208 2239
1228 2270
1308 2064
1445 1925
1517 2404
2067 1593
1586 2215
1538 2415
1607 2234
1301 4023
2384 2365
1969 2638
1773 3574
1957 3390
2169 3161
2159 3366
1832 4252
2109 3692
2340 3521
2562 3532
3865 2775
2550 3675
2452 5313
3049 3679
2798 4716
3887 4996
4419 3733
3445 5795
4138 4807
4293 5671
3941 5388
4154 6065
4497 5895
6826 4417
5960 5628
4839 6559
5118 6382
4987 7100
4915 6839
5509 6698
6292 6324
7657 5143
6013 6263
5587 7288
5571 6894
7804 5411
6614 6385
7636 6533
7771 6641
7117 7176
7376 7337
507090750 1428487141
1
sift 202
213 91
137 94
592 513
146 107
324 118
194 196
834 683
426 201
597 158
428 291
1090 1869
379 339
637 303
617 548
1585 1269
612 418
1363 334
816 628
1700 1694
771 516
1055 500
986 620
2095 1397
775 786
1332 526
1033 906
1668 1803
1137 679
1768 656
1011 951
2232 1543
1217 776
1647 719
1182 833
3214 1610
998 1058
1335 897
1237 864
2304 2204
1234 882
1849 782
1201 909
2133 2469
1572 940
1520 996
1496 1161
2615 2299
1689 907
2089 959
1537 1340
2804 2156
2080 992
1775 1080
1562 2326
2758 2930
1590 1331
1711 1270
2138 1716
3044 2687
2794 1002
2356 1220
2018 2016
3126 3304
2903 1184
2369 1468
2142 2045
4595 3303
3197 1400
2948 1534
2392 1847
4352 3868
2571 1738
2465 1806
2231 2012
4481 4840
2772 1619
3814 1348
2581 1765
6607 4477
4028 1275
3181 1537
2151 3624
6262 4876
3166 1689
3234 1805
2610 2994
6677 5275
2753 2078
3272 1823
3337 2505
6431 5555
4218 1562
3293 1910
2558 3391
7405 5158
2964 2096
3064 2080
3304 2638
7404 5862
3937 1865
4043 1812
3314 3038
8290 5807
3743 2026
4350 1784
2777 3886
7383 6623
3426 2375
3873 2248
3661 3028
7572 6961
4616 2207
4396 2319
3512 4142
8371 6824
5434 2076
5318 2188
4247 3512
5580 2220
4306 2619
3372 4435
5154 2429
4357 2705
3620 4387
6152 2192
6044 2294
2969 5872
5124 2750
4189 3625
6253 3193
4487 3461
5375 2979
7826 2925
4985 3378
6120 2850
5966 3698
5841 3010
6372 2840
6490 3602
8388 2430
7525 2591
4440 5455
5199 3626
4983 3794
6145 4276
8394 2524
6192 3278
4442 6640
5578 3767
7231 3049
4946 6093
6602 3348
7740 3026
6977 4539
6324 3564
7432 3292
6332 4955
6103 3815
6853 3610
7044 4685
5716 4146
3968 5931
8236 4235
4726 4993
7146 3761
5665 5962
6984 3885
6806 3937
5142 6559
5907 4399
8146 3579
4492 8023
6959 3983
8097 3673
5335 6789
6355 4413
6701 4496
8062 4773
8078 4057
7533 4422
5632 7125
8312 4197
6450 5135
7087 5772
6893 5065
8319 4385
5269 7977
7375 4980
8759 5071
6286 6511
5787 7512
8208 5547
5011 8602
8480 5583
8314 5680
7254 6544
8421 6558
8637 6465
8014 7518
8504 6671
8359 8356
7889 8620
507090750 1429073379
1
sift 80
592 374
634 366
1006 472
1108 430
1182 465
1264 454
1095 514
965 546
1045 524
1268 523
1190 639
1090 751
1409 692
1668 720
1495 911
1537 960
2095 791
1914 1047
1777 1195
2070 1193
2142 1184
1923 1259
2033 1277
2291 1226
3304 1066
2308 1445
3214 1229
2804 1315
2396 1509
2304 1607
3677 1360
3043 1615
3530 1534
3042 1681
3461 1634
2976 1914
2757 2196
4691 1917
4326 2152
4595 2158
3093 3074
5989 2063
6253 2002
6391 2038
4624 2586
5281 2468
4565 2716
5359 2609
7383 2180
4666 2880
7044 2373
8345 2273
5142 3091
7854 2532
7080 2683
6607 2899
5333 3797
6885 3087
7496 3004
6526 3383
7340 3181
8290 2935
7944 3034
8657 2848
6606 3506
7551 3168
4481 4835
8833 3052
4662 5525
7357 3910
8571 3518
8275 4136
8371 4229
5932 5828
6378 5422
7724 5025
7644 5073
8350 5076
8160 5461
6728 7771
507090750 1724217577
1
sift 263
51 60
2640 6143
78 143
124 168
159 147
244 289
186 384
276 276
216 336
253 332
310 322
241 443
234 504
183 764
417 323
339 416
334 738
586 465
456 629
585 476
418 820
624 673
628 762
487 1054
877 640
757 790
626 1024
773 828
1235 587
1270 594
822 877
772 1041
755 1156
713 1277
918 1108
1159 910
815 1443
967 1259
979 1241
1109 1124
1134 1107
1089 1154
919 1377
1708 867
960 1515
1395 1140
1063 1487
1129 1426
1290 1315
1024 1682
1122 1532
938 1944
1229 1499
1553 1216
1061 1951
1007 2165
1166 1832
1491 1491
1684 1314
1364 1703
1224 1880
1533 1520
1382 1700
1289 1974
1826 1384
1516 1696
1301 2053
1308 2043
1208 2346
1136 2646
1445 2004
2163 1400
2380 1338
1670 1826
1899 1620
2073 1538
1575 2090
1975 1639
1739 1931
1795 1851
1903 1897
1779 2081
1957 1881
3784 1295
1517 2802
1538 2743
1693 2446
2174 1884
1773 2374
1839 2385
1681 2915
1658 3147
1586 3616
2159 2433
2764 2051
1737 3664
3026 2064
3118 2037
3511 1889
1821 3555
2119 3063
2893 2343
2284 2961
2229 3091
2503 2696
2452 2807
2132 3458
2299 3242
2319 3259
3328 2354
2342 3290
1896 4383
2340 3512
2516 3257
2648 3141
4733 2095
4343 2219
2957 2943
3141 2806
2112 4501
2467 3740
2798 3299
3733 2569
2824 3266
3112 3077
2618 3699
3163 3165
2110 5104
3781 2701
3513 2958
2498 4101
2839 3641
1989 5965
3280 3382
2633 4551
2550 4930
3612 3538
2832 4261
2650 4811
2723 4629
3187 4029
2904 4541
3729 3765
5532 2751
4277 3397
3019 5060
6264 2699
3988 3895
3899 4126
4427 3725
2882 5912
3514 4998
3952 4251
3010 5807
4138 4112
3792 4755
3959 4578
3165 5931
4841 3876
4538 4108
3255 5957
5027 3913
4143 4595
3267 6340
5301 3953
4174 4964
3543 6329
4154 5210
4757 4609
4833 4554
4923 4512
3741 6112
4437 5223
7312 3589
4001 5801
3933 5987
3339 7888
4293 5666
6747 3899
5277 4927
4065 6264
4681 5539
7379 3826
4094 6394
4828 5512
4348 6016
6299 4335
5427 5106
4272 6209
5447 5215
5646 5108
4451 6336
5836 5136
6603 4643
4964 5994
7116 4406
6180 5002
4452 6929
5800 5409
4449 6979
5092 6090
6476 4993
6895 4826
8098 4259
7499 4597
6576 5143
4811 7039
6139 5531
4421 8056
6762 5402
5382 6765
6764 5451
6508 5592
4777 7844
7037 5584
5057 8029
6927 5649
8041 5138
5479 7428
5789 7141
5116 8347
5955 7165
5587 7899
6055 7102
8557 5297
5764 7800
5528 8257
7226 6127
7053 6450
7222 6314
6291 7434
7088 6562
6368 7359
7712 6212
7424 6641
6240 8093
7458 6849
8119 6265
6877 7547
6629 7797
8687 5899
8052 6600
6742 8088
8066 6807
7825 7088
8516 6377
8037 6973
6866 8220
7885 7273
8054 7156
7567 7673
7345 8137
8114 7498
7435 8259
8548 7159
7570 8264
7824 8368
7873 8414
8473 7883
8475 7951
8797 7802
8042 8604
8507 8537
507090750 1750469169
1
sift 367
213 90
52 52
592 511
245 204
146 98
187 100
107 132
834 643
294 300
114 146
324 148
137 131
1006 828
428 360
194 185
382 147
267 201
965 906
833 680
383 174
426 181
360 330
1264 718
770 833
442 227
563 191
379 423
1585 1068
2296 2514
685 239
559 348
593 325
1410 1240
3640 2887
637 301
612 359
588 371
1537 1161
4925 4364
443 520
771 430
700 435
2051 1050
4162 5896
532 598
862 421
617 569
1861 1216
5665 4911
722 472
1161 398
816 561
1923 1354
5142 5727
1055 439
1207 427
665 701
2095 1261
4565 6966
1184 455
1094 499
986 568
1668 1819
5711 7328
885 591
858 640
763 745
2133 2195
6885 6594
1332 484
1049 583
821 830
2308 2184
6486 6994
775 923
1374 592
1095 796
2615 2334
6728 6891
1113 684
1075 739
1032 855
2809 2317
7958 7988
1217 728
1335 695
1201 746
3043 2526
931 975
1572 641
1154 806
3233 2839
1011 951
1647 650
1234 785
5024 2448
998 990
1186 894
914 1090
3492 3510
1182 888
1370 814
980 1137
3625 4036
1237 978
1849 729
1141 1102
4595 3263
1520 871
1689 867
1333 992
4352 3422
2023 762
1768 857
1544 973
3765 4291
1177 1302
1775 982
1339 1601
6391 2971
2080 880
2152 878
1455 1584
5726 3479
1968 931
2089 902
1496 1574
4245 5010
2087 957
1711 1089
1459 1989
4481 4709
2205 1117
1842 1293
1706 1586
7404 3876
1518 1877
2255 1252
1562 2205
6607 4337
2902 1100
2356 1325
1886 1827
6431 4583
2773 1305
2753 1400
2018 1820
7675 4396
2106 1753
2500 1564
2392 1573
7854 4869
2464 1608
2948 1404
2231 1881
7687 5302
3814 1206
3197 1396
2142 2003
7080 5652
3129 1436
3166 1433
1958 2203
7572 5474
3273 1426
3181 1489
2178 2105
8360 5354
2199 2138
2334 2025
2598 1964
5360 8183
2835 1694
3234 1656
3230 1653
8290 5465
3437 1597
3272 1667
1973 2580
7405 5982
3532 1625
2964 1833
1884 3515
8657 6354
3064 1798
3293 1795
3461 1936
8350 6950
4350 1556
3900 1692
3047 2210
4015 1649
5293 1456
2518 2637
3274 2048
3883 1791
3728 1947
3218 2122
3743 1902
2744 2453
3426 2103
4010 1839
2610 2643
3857 1962
3873 1979
2151 3493
3304 2301
2930 2523
3042 2556
4299 2034
4396 2341
3823 2285
3488 2501
4904 2252
2558 3495
5154 2198
4306 2444
3753 2804
4189 2508
5937 2102
2623 4177
6044 2119
5327 2367
3524 3291
2662 4290
4616 2566
3314 3640
3661 3416
4529 2705
2777 4451
3136 4054
4487 2861
3409 3884
7895 2089
5199 2654
5026 2937
6120 2391
4903 2785
3586 4305
4357 3093
6192 2440
4881 3283
4748 2979
4985 2900
3620 4426
3968 3533
5841 2730
5478 3082
5375 2923
5191 3087
5427 3220
4726 3297
6959 2513
3372 5239
4983 3348
6512 2691
5731 3252
5580 3194
5288 3603
4626 3855
6253 3013
4276 4209
5642 3519
4171 4578
7147 3022
6490 3290
6216 3409
5908 3670
5966 3605
3901 5404
5716 3836
4440 4664
5378 3998
7146 3256
4571 4691
5578 3947
7231 3268
7826 3431
6853 3445
6602 3616
5266 4667
6808 3558
6324 3788
5968 4146
4962 4719
6103 4059
6578 3908
5294 4743
7356 3684
6145 4151
8146 3490
6078 4241
5766 4517
6880 3992
8607 3491
5296 5164
6700 4090
6806 4215
6977 4121
8355 3717
6355 4472
6587 4357
8582 3665
7469 4074
6025 5135
8603 3743
7375 4149
4264 7207
7565 4096
8312 4029
5476 5884
6865 4748
8319 4076
8236 4207
7533 4531
6893 5120
6762 5081
8363 4311
5441 6454
5078 7073
4586 7904
6985 5312
5405 6678
7044 5267
6450 5630
6332 5742
6594 5576
8314 4777
7254 5226
5557 6674
8426 5077
8062 4772
5269 7301
6323 6872
5335 7372
5532 7355
8563 5449
8014 5283
7312 5682
6937 6532
7595 5845
6170 7236
8421 5609
5632 8116
7120 6415
8221 5784
5598 8273
7087 6471
8208 5836
8171 5866
7331 6443
8504 5806
5795 8243
8557 5725
8637 5841
5750 8437
5965 8222
8389 6268
7581 6580
7618 6796
6643 7968
6406 7998
8675 6050
8445 6495
7296 8291
8812 7591
8839 7293
507090750 1780862618
1
sift 63
1798 2983
241 224
216 325
917 3613
471 704
199 410
222 454
1301 3830
3939 512
449 953
699 1364
1980 4858
2588 5305
645 1691
1039 1436
2284 5876
4646 5088
1188 1339
1193 1528
3031 5189
1016 2040
1134 1914
3741 5757
1159 2045
1239 2220
1583 2140
1761 1937
1382 2945
1609 2436
2090 1955
1821 2215
1614 2913
2342 2026
2067 2608
1773 3350
1693 3598
1934 3046
2383 2568
1832 4376
2634 2967
1957 4549
2467 3774
2340 4222
2642 4441
2803 4792
2504 5824
3474 4784
3518 4951
3329 5674
4094 4571
4841 4408
4223 5204
4274 5399
4497 5283
4422 5511
3941 6957
4618 5858
4173 6617
5245 5919
6013 5758
5553 6758
8203 6361
8017 7180
