626637720 1429073379
1
sift 309
4 1
26 39
8 9
172 252
18 25
42 67
24 40
205 296
46 80
69 99
54 88
185 362
65 90
91 261
68 135
268 491
71 159
129 222
82 139
334 406
81 140
135 251
116 171
389 566
133 152
131 269
134 248
352 657
165 337
188 321
176 331
456 865
182 408
238 441
239 334
562 769
214 410
289 419
272 565
517 886
274 504
304 484
359 628
674 757
316 469
278 552
380 646
630 870
308 671
348 580
397 648
587 1067
407 681
463 616
409 711
666 986
445 753
405 1114
490 959
686 1028
582 687
501 855
545 795
635 1211
471 1014
478 1005
529 876
654 1302
539 1142
569 1254
607 1274
879 1247
684 1070
759 1031
657 1145
1001 1673
773 1007
644 1592
777 1050
991 1823
658 1394
670 1608
723 1246
1037 1927
743 1306
897 1354
834 1754
1157 1966
892 1369
981 1522
975 1437
1222 2218
988 1457
1078 1868
959 1604
1314 1979
910 1793
986 2120
1172 1462
1445 1964
1181 1863
1155 2135
1308 1782
1453 2222
1180 2104
1290 1923
1110 2729
1495 2771
1292 1937
1650 1623
1298 2193
1371 3358
1338 2040
1342 2134
1278 2348
1789 2493
1105 3123
1593 1866
1288 2434
1659 2936
1451 2108
1424 2214
1583 1977
1857 2618
1352 2334
1350 2350
1538 2080
1717 2914
1303 2479
1504 2217
1327 2483
2027 3061
1705 2056
1626 2396
1648 2513
2248 3237
1642 2406
1436 2973
1637 2552
2279 3470
1581 2717
1644 2617
1842 2448
2221 3624
1716 2648
1643 2807
1835 2861
2207 3768
1649 2896
1713 2971
2300 2509
2305 3738
1673 3112
1603 3599
2094 2816
2380 4315
2339 2393
1862 3172
1651 4271
2532 4612
1924 3182
1961 3343
2104 3420
3976 3380
1968 3392
2393 2665
2186 3238
3006 4459
1923 4017
2204 3244
1888 4189
2684 5396
2105 3613
2129 3662
2052 3779
3168 4523
1883 4480
2145 3900
2125 4110
2774 5308
1821 5144
1991 4697
2655 3136
2904 5130
1998 4788
2413 3821
2489 3748
2455 6979
2006 5198
2249 4351
2556 3991
3513 4409
2218 4724
2581 4172
2690 4075
3288 5113
2572 4255
2386 4829
2534 4926
3044 5990
2858 4392
2689 4812
2956 4706
3173 6081
2603 5184
2953 4429
2977 4877
3899 4831
2569 5624
2593 5718
3410 5234
3531 5707
2835 5190
2711 5513
3633 5558
3257 6510
3451 4845
3494 4799
3720 5659
2975 7496
3190 5325
3400 5232
3512 6110
3401 6773
3041 6791
2923 7188
3054 7752
4564 5336
3646 5762
3301 6442
3704 6578
4306 6050
3804 5683
3873 5952
4174 6074
3854 7036
3019 8358
3701 6517
3930 6888
3698 7505
3959 6197
3931 6282
4378 6156
3639 8339
3543 7246
4055 6358
3954 7131
3895 7665
3568 7501
3892 6949
4453 7757
4002 7598
3796 7250
4061 6992
4794 7157
4821 6124
4640 6406
4448 7015
4084 9017
4364 7128
4380 7205
3957 8635
5184 6863
6380 5025
4490 7135
4371 7511
4874 7759
4334 7838
4089 8524
4485 7395
5852 7171
4369 8114
4711 7554
4993 7168
5403 8381
5698 6603
4635 7917
4947 7420
5443 8992
5116 8407
4502 8488
5186 7362
5672 9263
6564 6573
4209 9382
5030 8187
5966 7389
4982 8348
5242 7972
5453 8551
5195 8079
4896 8780
5422 8923
5733 7570
5134 8589
7321 6743
5082 8711
5010 8904
6673 7526
5243 8791
5594 8385
6052 9352
5680 8431
5869 8295
6343 9242
6000 8636
6369 8793
7827 8224
6962 8918
626637720 1472528885
1
sift 139
6097 5642
30 55
212 553
37 104
8155 9155
54 98
1151 2903
79 97
70 317
1475 2385
171 201
124 464
1495 3818
272 348
254 375
1799 3939
271 376
183 623
2202 4012
321 366
291 460
2532 6490
407 390
277 681
3083 4944
316 641
273 810
3044 7501
515 666
546 721
463 1062
611 916
744 758
644 1177
769 1116
752 1140
547 1772
922 1090
971 1039
986 1710
1054 1578
848 2285
1227 1485
1302 1596
1427 1487
865 3656
1576 1610
1526 1706
990 3136
1417 2241
1617 1963
1620 1974
1051 4288
1583 2121
1672 2043
1603 2218
1546 2358
1651 2284
2104 1885
1819 2183
1354 3496
1290 3857
1581 2922
1267 4129
2052 2330
1289 4518
1413 4062
1660 3264
2105 2553
2136 2600
1348 5402
2083 2957
2359 2704
2100 3045
1991 3661
2372 3127
1821 4556
2006 4100
1862 5258
2008 4710
1918 5095
2103 4545
2927 2944
1716 6859
2479 4265
2204 5208
3401 3328
2218 6352
3276 4267
3556 4098
2248 7569
3967 3861
4652 3370
3716 4607
6035 3047
3403 5974
3895 5175
4248 4697
2774 8273
4693 4528
3350 6648
4323 5028
3821 6214
4454 5096
3965 6624
3257 8632
4944 5325
4101 6608
3494 8307
3771 7539
4205 6649
5233 5565
3972 7718
5669 5561
5890 5482
3954 8661
4089 8237
5086 7780
6292 6729
6401 6756
7005 6530
5444 8495
6849 6767
5130 9557
6826 7455
7389 7031
8210 6537
6847 7723
6149 9064
6049 9388
6461 8886
7390 7721
7985 7658
5904 9790
7995 8304
8203 8511
8634 8654
8468 9025
8756 8868
626637720 1537327672
1
sift 441
169 83
130 95
112 44
121 56
173 82
153 108
151 57
155 64
158 97
170 103
117 85
156 99
175 94
201 127
208 80
192 98
197 105
297 210
210 120
252 110
510 286
375 188
229 118
231 136
636 292
464 202
224 146
284 128
628 312
555 302
222 155
285 139
610 391
663 319
324 183
295 214
751 338
581 400
356 171
298 224
828 479
808 358
390 256
389 259
920 528
827 374
410 254
428 243
1016 574
788 612
480 252
434 289
1252 505
846 581
527 263
496 287
1255 515
1063 513
662 299
561 375
939 680
1082 519
689 361
639 384
1086 630
900 597
722 412
782 410
1362 579
989 619
713 444
719 458
1368 586
1138 707
791 454
712 493
1521 729
1403 631
777 472
892 480
1540 773
1563 686
833 541
1198 461
1460 930
1069 1128
902 617
943 600
1558 938
1909 1080
1052 584
1022 618
1856 866
1840 1129
950 772
1372 661
1763 941
2482 915
1067 894
1273 785
1692 1057
2576 1239
1171 903
1477 738
1739 1062
2168 1546
1242 859
1314 845
1921 1144
2301 1519
1590 752
1502 793
2088 1118
2792 1350
1324 885
1308 901
1922 1225
2363 1566
1677 801
1336 964
2230 1172
3212 1280
1684 879
2259 747
2355 1165
3123 1577
1954 839
1489 1060
2584 1136
3049 1832
1568 1035
1817 1028
2284 1237
3533 1740
1656 1114
1628 1184
2568 1246
3149 1867
1791 1132
2340 1008
2464 1300
3627 1756
2087 1139
1986 1251
2787 1317
3713 1966
2232 1176
2431 1151
2437 1499
3726 1981
3482 939
2267 1208
2942 1386
3593 2047
2104 1331
2422 1206
2818 1441
3420 2204
2002 1436
1966 1551
2299 1722
3447 2233
2156 1438
2515 1275
3002 1415
3782 2223
2556 1303
2548 1482
2966 1528
4676 2000
2461 1584
2743 1472
3655 1399
4832 1986
3324 1355
2663 1609
2894 1636
4437 2117
2453 1785
2265 1894
3236 1647
4197 2355
3103 1583
3567 1491
2902 1747
4052 2429
2498 1883
2481 1897
2985 1803
5329 2563
3078 1712
3515 1719
3326 1774
4964 2918
3935 1639
3200 1821
3262 1807
4232 3427
3256 1881
3267 1816
2817 2096
5027 3086
3312 1971
3098 2052
2988 2128
5371 3040
3609 1869
3197 2059
3357 2010
5715 3257
3997 1802
3502 1967
4127 1783
5274 3521
3559 2001
4320 1750
3014 2239
6903 3478
3328 2126
3561 2075
4648 1752
7038 3445
4414 1796
3918 1991
3703 2165
8575 3166
3665 2130
3856 2079
4594 1861
8710 3466
4405 1995
3651 2260
4523 1925
7335 3972
4548 2088
4578 1950
4106 2127
6705 4294
3178 2785
4693 2087
4230 2309
6118 4922
4453 2210
4901 2099
4059 2471
7285 4121
4377 2262
4412 2330
4753 2289
6678 4796
4250 2538
5889 2093
4772 2356
6282 5176
4806 2472
4684 2391
4886 2405
5877 5870
5379 2364
4571 2510
4619 2522
8843 4334
4551 2809
5835 2278
4251 2874
7057 5362
5079 2596
4798 2577
5725 2377
9181 4535
4923 2678
4510 2758
5009 2567
8968 5289
6280 2439
5773 2434
6167 2350
7320 8566
5190 2784
6276 2381
5380 2648
4611 3091
5062 2801
5620 2642
5628 2669
5262 2781
6046 2572
5660 2720
5736 2676
5277 2927
5391 2838
5593 2837
5171 3002
4387 3454
4944 3135
6097 2688
5340 2942
6022 2746
5929 2911
5315 3011
5651 2898
5663 3028
5848 2937
5785 2981
5856 2968
5211 3284
5163 3269
5719 3076
5173 3463
6658 2731
5714 3172
6158 3066
5028 3593
4884 3685
5692 3361
6183 3053
6141 3104
5767 3523
6919 2840
6453 3016
6308 3342
6221 3121
5830 3349
6633 3213
5535 3611
6925 3047
5671 3701
6881 3153
6186 3525
6861 3165
6101 3527
6095 3638
7700 2940
5973 3645
8395 2991
6248 3544
7781 3035
7110 3383
6266 3622
5729 3943
6263 3938
6279 3788
6748 3620
5724 4287
6674 3795
8327 3247
7338 3634
4365 6010
6025 4285
7133 3747
7084 3816
4913 5308
7698 3596
8251 3430
6464 4123
7468 3778
8249 3475
6745 3991
6701 4197
7279 3892
9021 3386
6706 4199
7100 4000
7002 4131
7019 4224
6148 4737
7998 3798
6839 4337
4931 5948
6808 4316
7119 4221
8058 3861
6918 4442
8315 4040
8243 3886
8466 3850
7193 4561
7726 4171
7818 4130
7209 4608
7334 4350
8123 4065
8155 4164
7157 4651
8236 4144
7250 4789
8096 4206
8420 4170
7121 4891
6894 5071
8006 4415
7641 4706
7286 4895
8956 4142
6807 5316
8073 4564
9079 4141
7368 5062
7295 5171
8188 4647
7173 5253
8326 4689
6952 5492
9015 4418
8176 4967
7886 5098
8500 4805
8501 4840
8306 4950
8518 4912
8565 4847
8815 4732
8189 5142
9108 4671
8477 5066
7588 5632
7067 5939
8585 5119
8842 5085
8736 5107
7815 5639
7901 5654
9043 5092
9202 4906
8779 5685
9266 4876
7489 5997
9330 5239
8190 5604
8670 5483
8474 6728
8673 5571
9220 5204
9253 6416
8642 5634
9067 5882
9072 7050
7907 6723
8757 6527
8262 8070
9427 6914
626637720 1664374466
1
sift 328
1760 2519
1296 1965
4 3
188 363
13 15
71 110
6141 7577
1957 2956
24 44
238 498
26 50
85 91
2175 3290
54 84
278 552
65 90
75 114
5383 7648
69 86
349 618
79 87
74 121
5571 7520
82 116
501 800
133 137
77 221
116 168
684 1134
129 224
192 250
165 283
773 1045
195 416
186 342
205 309
644 1473
239 432
185 433
274 360
670 1565
289 447
253 573
272 505
710 1777
304 496
324 465
316 475
897 1323
328 628
263 572
305 652
981 1509
356 570
389 599
369 674
1267 1539
380 680
368 845
407 678
1078 2036
463 658
470 689
445 706
1284 1818
409 843
630 802
479 771
1209 2371
405 1069
643 918
515 931
1348 2085
529 958
562 1149
614 939
1586 1785
607 1187
666 949
686 927
1350 2646
777 960
674 1104
619 1250
1643 3045
759 1016
661 1218
725 1141
1649 3459
972 1796
642 1376
658 1414
1924 3141
1172 1438
635 1551
782 1225
1862 4005
1278 1726
954 1092
883 1289
1264 8570
1180 2037
959 1215
925 1265
1998 4658
1110 2340
991 1195
1148 1138
2386 4586
1338 1837
923 1558
1061 1362
2372 4869
1650 1543
1018 1455
967 1682
2407 4844
1308 1917
1054 1553
834 2198
2569 5064
1181 2373
1121 1479
1087 1621
2835 4854
1388 2033
1041 1826
1125 1780
2689 5492
1244 2361
1157 1925
1222 1937
3190 4592
1292 2363
1300 1941
1164 2495
2581 6953
1583 1947
1314 2035
1324 2051
3494 4737
1525 2044
1333 2281
1445 2104
3301 5078
1538 2026
1400 2246
1336 2341
3808 4449
1343 2413
1725 2167
1477 2278
3646 5385
1637 2188
1552 2506
1328 2818
3543 5608
1352 2802
1717 2399
1664 2207
3873 5536
1502 2588
1804 2427
1716 2227
2991 7693
1705 2325
1857 2377
1250 3713
3193 7589
1589 2638
1789 2491
1644 2723
3568 6803
2103 2099
1565 3017
1497 3225
4227 5869
1927 2365
1616 3029
1817 2627
3884 6540
1713 2850
1595 3112
1836 2737
3796 7080
1620 3286
1987 2597
1818 2957
3804 7462
2028 2682
1766 3835
1651 3602
4502 7076
2094 2950
2027 3179
1990 3281
4728 6904
1603 4842
2072 3214
2104 3539
4947 6659
1874 4252
2208 3362
2052 3810
4469 8012
2129 3644
2006 4683
1788 4966
4380 8250
2690 3278
2248 3959
2287 4040
6068 6042
2534 3763
2596 3712
2556 3752
5030 7708
2358 6006
2713 3783
2951 3467
5082 8934
2977 4391
2532 4657
2684 5180
5930 8957
3110 4413
3006 4955
3032 5228
6369 8775
3302 4840
3288 4895
2866 5931
7580 8262
4414 3755
3720 4440
3044 5777
8701 7474
3313 5453
3085 5770
3168 5788
7322 8808
3633 5159
3266 5564
5230 3455
3054 7275
3559 5344
3704 5168
4323 4996
3899 4892
3451 5754
3428 6792
3257 6363
2975 7538
3137 7973
3453 6242
3567 6173
3930 6336
3114 7470
3401 6608
3760 6694
4153 5705
4032 6110
3918 6561
3639 6974
4001 6325
3892 6739
3954 6500
4704 5454
4174 6224
3895 7386
5750 4851
4061 7334
4334 6355
4002 7529
4702 6126
4364 6701
4087 7701
4490 6780
6194 5049
4288 7287
3988 8404
4448 7261
4084 8189
4378 7705
5074 6879
5184 6503
4816 7152
4980 7250
4944 7046
4982 7094
4935 7587
5049 7486
5079 7500
4806 8236
4324 8959
5869 6632
5116 7783
4896 8163
4771 8444
5389 7456
5404 7593
5261 8075
6636 6155
5034 8548
5797 7962
4943 8815
5672 8133
5785 8900
6564 6943
5567 8454
5621 8972
5422 8679
7294 6935
6136 8489
8602 6184
5965 8749
7474 6929
6061 8838
6157 8885
6595 8544
8262 6760
7725 7405
7126 8513
6608 8857
7931 7852
8563 7798
8124 8391
9199 9015
