651405152 1147732554
1
sift 1004
12 13
77 110
32 38
82 68
87 99
71 84
81 88
105 97
97 98
141 94
133 114
91 128
103 129
149 150
179 121
198 135
211 187
261 160
217 181
176 230
196 228
254 201
315 246
213 229
228 220
267 284
276 211
278 242
331 278
239 270
231 286
283 353
232 306
258 346
350 507
293 316
300 313
384 464
314 333
367 301
504 519
390 296
368 345
586 455
432 314
301 408
568 529
421 329
470 300
573 764
419 337
303 442
717 758
466 320
352 411
771 774
360 401
359 441
786 777
502 348
369 462
823 730
456 449
605 377
796 833
527 419
546 417
820 864
687 395
535 503
862 872
690 414
459 617
743 1082
484 590
437 700
1025 805
725 429
584 523
1145 748
509 600
752 435
888 954
460 694
645 526
990 909
642 538
713 510
910 1167
512 699
790 480
1049 1085
590 616
666 571
1078 1326
643 589
636 622
1490 1050
959 483
653 655
1217 1294
552 809
525 902
1040 1505
720 713
780 678
1250 1281
638 834
727 750
924 1775
626 870
709 799
1369 1165
615 950
686 888
1173 1427
839 727
782 817
1546 1127
833 745
972 688
1299 1377
1002 680
816 851
1643 1175
1168 608
1037 689
1582 1308
644 1105
982 784
1759 1249
1019 765
969 826
1803 1350
767 1072
986 832
1619 1527
804 1012
1119 818
2255 1176
1112 823
908 956
1623 1606
1242 785
872 1039
1861 1418
832 1120
975 1014
1535 1774
1126 925
1348 807
1826 1517
877 1141
1272 869
1771 1572
1179 922
1198 919
1814 1570
1185 929
1064 1015
1929 1483
769 1493
1028 1062
1652 1829
1057 1054
1429 850
1964 1551
965 1147
847 1394
1433 2163
922 1252
1163 1030
1633 1892
951 1265
1248 993
1685 1847
1289 971
974 1226
2153 1447
1083 1118
1266 990
1753 1856
1105 1101
1206 1052
1747 1880
1108 1161
1087 1245
2015 1884
1089 1268
1199 1168
2140 1879
1355 1053
1431 1003
1818 2251
1314 1148
1103 1390
2047 2083
1076 1417
1246 1271
2016 2128
1096 1424
1592 1010
2215 2064
1460 1081
1074 1471
2475 1889
1336 1193
1372 1174
2654 1895
1798 965
1414 1163
2758 1935
1129 1487
1525 1104
2776 2105
1608 1109
1700 1077
2205 2630
1616 1162
1233 1568
2712 2175
1437 1342
1505 1282
2479 2373
1211 1654
1543 1292
2430 2452
1647 1258
1422 1423
2336 2615
1744 1195
1590 1323
2760 2385
1200 1812
1326 1594
2457 2785
1773 1231
1300 1702
2511 2885
1617 1346
1338 1665
2938 2533
1730 1319
1403 1592
3216 2340
1920 1196
1682 1359
2492 3115
1486 1541
1772 1330
2921 2632
2398 1043
1497 1538
3154 2592
1324 1786
2039 1184
2965 2800
1596 1473
1839 1340
2733 3245
1702 1412
1333 1887
2555 3504
1342 1877
1844 1362
3365 2637
1519 1618
1852 1396
3098 3126
1561 1625
2118 1261
3378 2819
1729 1528
1760 1542
2752 3609
1466 1875
1430 1938
3411 2858
1615 1724
1966 1477
3681 2811
1735 1749
1799 1673
3077 3672
2359 1316
1715 1770
3053 3717
1358 2303
2023 1506
3979 2994
1766 1758
1564 1979
3011 4102
2081 1468
1909 1610
3450 3464
2604 1277
1986 1600
3259 3693
1573 2044
1659 1946
3277 3687
1594 2055
2381 1403
2956 4356
1484 2270
1849 1807
3207 3910
2037 1636
1997 1688
3165 4026
1493 2304
1705 1997
4248 3066
2007 1709
2001 1771
3689 3422
1881 1886
1523 2370
3707 3447
1811 2067
2197 1684
3318 3938
2512 1524
2085 1850
3164 4368
1720 2271
1768 2262
4618 3058
1867 2130
2390 1656
3732 3692
1676 2429
2353 1713
4281 3381
2082 1945
2764 1535
4453 3348
2003 2115
1681 2640
3449 4223
1924 2274
2134 2050
4623 3320
1887 2384
2483 1793
3311 4766
2397 1852
2198 1994
5036 3216
1959 2302
1955 2339
3363 4743
2780 1678
3223 1484
4225 3734
1904 2468
1854 2605
4286 3761
3171 1559
2470 1966
3999 4132
2663 1859
2442 1982
3812 4415
2618 1878
1990 2516
3625 4720
2874 1792
2338 2169
3377 5092
3064 1764
2833 1936
4563 3845
2748 1983
2262 2337
4133 4238
2515 2133
2578 2102
3832 4572
2750 2016
2912 1976
4440 4032
2628 2121
3024 1921
3712 4779
1932 3227
2728 2116
4171 4472
2148 2740
2519 2298
3688 5026
2835 2082
2179 2713
4591 4165
2334 2514
3123 1960
4011 4807
3822 1668
2576 2286
4915 3875
3319 1870
3031 2062
4524 4314
2366 2617
2931 2157
4678 4174
2831 2224
2500 2549
4957 3878
2974 2171
2022 3425
4343 4582
2878 2240
2824 2320
4971 3935
2569 2540
3084 2140
4652 4317
2888 2255
3131 2137
4237 4763
2190 3186
4079 1778
4318 4711
3056 2190
2743 2458
4287 4812
2936 2291
2150 3301
3963 5138
2650 2545
2637 2557
4307 4868
2443 2812
2509 2767
4120 5157
2486 2808
2507 2824
5027 4254
3002 2334
3142 2242
3290 6986
2426 2963
2885 2485
4396 5002
2378 3081
2770 2633
5950 3722
2661 2786
2477 3017
3806 5743
3698 2033
2577 2925
5231 4234
3270 2241
2154 3596
6170 3759
3580 2091
3110 2389
4632 5000
3405 2185
2539 3086
4380 5284
3438 2195
3111 2467
3642 6551
2648 2989
2940 2665
4399 5343
2681 2955
3122 2510
4963 4718
2714 2936
3169 2493
5685 4200
2915 2751
2302 3582
4937 4841
3000 2692
2673 3132
5192 4651
3324 2407
2827 2949
5954 4209
2892 2864
3540 2277
3840 6654
3233 2532
3422 2378
3780 6884
3214 2589
2376 3585
6083 4268
3636 2272
2751 3198
5163 4860
2903 2976
3224 2634
5324 4801
3386 2490
3209 2679
4413 6016
3173 2746
2830 3230
5309 4910
3694 2382
3374 2618
5530 4761
3121 2895
3045 3008
4860 5525
3115 2995
3232 2861
4862 5776
2602 3600
2575 3746
5771 4930
2373 4184
2508 3931
5161 5422
3940 2436
3476 2741
6051 4862
3991 2454
3183 3143
4557 6578
3537 2720
3020 3306
5425 5262
2913 3449
3027 3385
4504 6750
3634 2769
2719 3822
5856 5028
2765 3738
3299 3131
5169 5600
3855 2684
3366 3106
5015 5920
3691 2855
3976 2705
5301 5592
3364 3233
3727 2913
6923 4641
3388 3234
2783 4086
5785 5290
3432 3202
2679 4312
5194 5932
4242 2658
3579 3084
6085 5199
3612 3061
2850 4033
5437 5715
3683 3029
4324 2685
4781 6852
4167 2774
3843 2978
5139 6133
4352 2701
4323 2716
6106 5266
4089 2874
3048 3881
6557 5053
4202 2863
4062 2951
4698 7238
3604 3265
3474 3362
5774 5576
3985 3032
2919 4245
6604 5145
3219 3780
3910 3189
6477 5203
2788 4687
3226 3852
6124 5501
3879 3246
4122 3085
6376 5429
4228 3042
3052 4310
5692 6021
3461 3588
4735 2801
5146 6817
4437 3006
4102 3236
5780 6013
2945 4613
3618 3537
5557 6271
3469 3674
4469 3072
6452 5482
2933 4739
3953 3373
5716 6113
3506 3752
3697 3590
5942 5996
3188 4399
3699 3604
5661 6321
4621 3100
3721 3649
5282 6954
3872 3554
4240 3339
6680 5528
4481 3242
4705 3092
5946 6211
3939 3547
3896 3583
5822 6343
3242 4489
3166 4677
6147 6005
4420 3325
3502 4036
6052 6264
4779 3173
4492 3384
6455 5914
4026 3636
3716 3944
5881 6540
4117 3634
3986 3725
5405 7224
3600 4168
3977 3813
5559 7065
3562 4263
4839 3291
6644 6060
3133 5121
4157 3740
7007 5749
4710 3438
4707 3460
7488 5006
3647 4337
4065 3908
6179 6619
4042 3962
3180 5279
5936 6922
4262 3836
3705 4433
5869 7276
3448 4785
4134 4070
7113 6007
4005 4216
3372 5061
6213 7000
4195 4066
4068 4206
6413 7044
3802 4492
3893 4404
7345 5959
4270 4006
5386 3298
7177 6225
3703 4652
3381 5100
6945 6622
4027 4349
3638 4798
7413 6036
3665 4800
4378 4071
6822 6903
6301 3024
4197 4256
6273 7577
4096 4371
5095 3508
7139 6764
5574 3305
3925 4567
5986 7921
4008 4486
5311 3416
6610 7482
3648 4887
3552 4997
5833 7972
4924 3612
4444 4118
7398 6721
4070 4508
3906 4706
7053 7325
4361 4240
4222 4380
7317 7017
3189 6009
5404 3465
7421 7644
4694 3934
5436 3469
7326 7934
3300 5674
4123 4558
7464 8001
4049 4643
4990 3700
4578 4146
4056 4703
4366 4410
5098 3684
6092 3343
4154 4705
3971 4947
3845 5104
4315 4669
4587 4413
4168 4818
4657 4345
4014 4996
3467 5819
3988 5074
5372 3801
5693 3629
5154 3948
5873 3576
4785 4344
5041 4075
5219 3939
5193 3973
5389 3844
3828 5434
3961 5316
5563 3846
4116 5257
4525 4879
4607 4792
3948 5500
4799 4619
3708 5946
4001 5492
5225 4218
5264 4182
4429 5098
4803 4702
5236 4282
4793 4751
6432 3632
4267 5315
4750 4829
6375 3685
4021 5623
5490 4154
5427 4244
5356 4305
6078 3862
5091 4522
5167 4493
5127 4540
5992 3998
6504 3765
4761 4993
5845 4134
4214 5725
5753 4231
6122 4030
5102 4716
4802 5033
4609 5281
5327 4610
4159 5936
4390 5646
4118 6080
6676 3867
5273 4733
5266 4754
6531 3985
6466 4034
4446 5781
5907 4386
5419 4717
6172 4252
5392 4764
5647 4573
4642 5538
6608 4056
5498 4701
4676 5517
4340 6106
6637 4096
6066 4437
5078 5119
5089 5115
4597 5800
4796 5509
4428 6159
3776 7529
5214 5090
5897 4662
5230 5105
4699 5809
4755 5763
5363 5072
5124 5246
4047 7142
4822 5738
6616 4384
5293 5172
5149 5295
5882 4787
5509 5029
6281 4586
6158 4699
5136 5376
6883 4309
5547 5056
4533 6459
4769 5979
6529 4542
5443 5162
6266 4695
4510 6610
5005 5622
4842 5904
4424 6860
6463 4647
4615 6505
6065 4899
5258 5443
4402 7022
6403 4769
6023 4973
4929 5926
6706 4592
6449 4757
4601 6688
5013 5843
6952 4520
6518 4768
4630 6694
4668 6657
4201 7594
5513 5355
5773 5176
4649 6740
6003 5079
5539 5396
5100 5886
5368 5611
3946 7954
6496 4884
6940 4674
5002 6158
5299 5768
5521 5518
4908 6371
6286 5069
5550 5549
6546 4970
6090 5221
5029 6297
7403 4450
6188 5209
5742 5526
7212 4663
4740 7195
5073 6480
6182 5332
4962 6807
5362 6187
4988 6754
6784 5059
5244 6412
4920 7021
4790 7429
6263 5441
5660 5956
6742 5165
6433 5358
6443 5350
5805 5857
6972 5068
5164 6700
6938 5097
5842 5858
6791 5191
5752 5965
6541 5379
6401 5478
6274 5584
5866 5953
6490 5477
6256 5618
4809 7688
5734 6197
5469 6546
5639 6330
6396 5651
7178 5125
6113 5893
7033 5238
6232 5842
5612 6564
6275 5887
5274 7145
6619 5661
6034 6213
6613 5695
7066 5364
5210 7321
4893 7825
7254 5220
6201 6075
7035 5408
5148 7478
5516 6941
5886 6511
6958 5535
5932 6499
5083 7671
6812 5696
6814 5751
5534 7209
6312 6292
5468 7322
5885 6794
6550 6147
7051 5707
5346 7617
6202 6522
5527 7384
5218 7762
5865 6978
5929 6920
5951 7040
6285 6681
6732 6217
6047 6973
6042 6992
6890 6099
6744 6245
6970 6033
7215 5806
6774 6298
5618 7624
6309 6883
5610 7765
5739 7657
6037 7376
6738 6572
6022 7416
5749 7675
7152 6140
6712 6635
6236 7178
6276 7181
5637 7826
6795 6670
5625 7882
7407 5880
6131 7496
7353 6004
6068 7574
5928 7695
5445 7984
7357 6148
6937 6732
6661 7064
7445 5944
6671 7106
6480 7350
6514 7353
6600 7311
6511 7431
6469 7476
7460 5964
5843 7945
6497 7588
6886 7202
7183 6959
6771 7521
7203 7076
6845 7616
7347 6955
6333 7961
6755 7775
6786 7859
7211 7510
7276 7685
7294 7757
651405152 1242253086
1
sift 321
162 169
192 178
105 80
133 108
268 222
311 239
175 142
176 145
499 404
377 275
262 173
384 234
515 398
510 330
440 263
504 369
675 500
537 344
551 338
549 352
1033 676
593 445
568 355
662 376
1125 656
694 610
743 388
717 456
1401 929
677 650
771 449
801 444
1871 1253
846 555
786 489
888 450
1687 1494
865 597
820 543
862 497
1689 1587
943 588
910 538
923 552
2289 1537
1018 611
796 766
1040 602
2799 1469
1005 639
1145 592
1049 666
2270 1819
1340 545
1078 643
1317 578
2352 1936
1104 767
1173 733
1251 776
2608 2019
1359 753
1283 787
1299 783
2917 1861
1277 876
1433 730
1439 807
3325 1772
1376 909
1643 778
1660 786
2557 2543
1257 1114
1582 838
1509 890
3472 1856
1741 1231
1490 923
1685 804
3162 2436
1853 1209
1533 894
1535 942
3384 2262
2050 1119
1623 912
1557 1009
3280 3126
2165 1032
1918 866
1450 1213
4165 2550
1998 1222
1514 1140
1803 948
3823 2898
2019 1262
1546 1167
1633 1086
4716 2448
2126 1440
1826 973
1565 1252
4794 2488
2393 1391
1655 1154
1878 1023
4334 2868
2333 1435
1964 1018
1619 1314
4934 2681
2651 1441
2016 1010
1908 1081
5074 2826
2130 1841
2047 1048
1861 1220
5171 3097
2341 1719
1814 1313
1947 1273
5303 3065
2295 1774
2145 1412
2215 1407
4861 3456
2605 1649
2433 1279
2205 1498
5737 3280
2456 1785
2758 1173
2153 1558
2254 2034
2430 1413
2336 1510
2231 2093
2653 1316
2479 1467
2718 1726
2492 1477
2457 1551
2893 1798
2357 1615
2371 1618
2856 2253
2712 1559
2752 1613
3139 2081
2654 1821
3191 1565
3106 2129
2955 1668
3011 1663
3185 2132
2760 1917
3164 1707
3148 2219
3363 1609
2965 1882
3420 2056
3207 1737
3311 1817
3531 2190
3053 2105
3044 2140
3208 2481
2807 2350
3259 1979
3959 2061
3290 1951
4150 1588
3347 2401
3277 2039
3378 2000
4254 1955
3278 2211
3840 1919
3782 2274
3712 2011
3754 2024
3973 2204
3707 2100
3165 2517
3547 2430
3681 2153
3450 2304
3696 2370
3688 2186
4478 1928
3718 2391
4011 2119
3625 2317
3998 2311
4738 1995
3077 3231
4425 2217
3318 2834
3999 2373
4417 2255
3963 2393
3806 2465
3759 2567
4225 2321
4548 2208
3982 2560
3920 2478
3983 2480
4128 2602
3812 2596
4163 2463
3926 2827
3642 2856
4343 2419
4017 2776
4282 2449
3780 2833
4245 2663
4624 2356
4488 2423
4422 2617
4171 2623
4252 2592
4276 2734
4120 2689
4396 2556
4711 2472
4142 2727
4326 2647
4824 2494
4591 2483
4237 2729
4636 2788
4399 2691
5036 2357
4592 2831
4618 2659
4318 2907
4708 2756
4575 2728
4563 2759
4052 3304
4715 2630
4248 3013
6080 2264
4413 2916
4362 3004
4682 2954
4698 2741
4678 2823
4782 2917
5869 2319
4985 2632
5270 2591
4937 2749
4915 2810
4570 3256
4639 3064
4905 2891
4771 3172
4957 2936
4524 3346
5209 2950
4837 3083
5115 2939
5199 3069
4963 3112
5192 2977
5133 3162
5980 2618
5350 2934
5766 2835
4863 3315
5950 2671
4667 3466
5177 3139
5672 2976
6384 2748
6106 2809
5405 3164
6061 2983
5685 3045
5496 3153
5606 3224
5692 3082
6170 2869
5793 3141
5537 3177
6124 2904
6570 2994
5384 3278
5301 3338
6461 3165
5139 3407
4971 3455
6901 2978
5494 3242
5437 3284
5282 3365
5774 3254
5808 3253
5530 3382
5993 3247
6051 3235
5785 3350
6010 3341
6083 3354
6291 3270
5954 3418
6376 3286
6273 3383
6453 3349
6619 3358
5964 3470
6610 3414
6097 3472
7137 3228
6766 3454
651405152 1256872597
1
sift 59
325 168
329 186
1342 1256
270 199
443 226
577 335
2933 2832
1069 622
1185 655
2558 944
2945 3117
1006 791
1121 961
2081 1355
6218 2291
1756 977
1550 1157
2398 1298
3776 3204
1846 1138
2551 1273
3031 1430
3708 5299
4061 2619
2874 1617
2946 2080
6894 4669
5948 2994
3976 1890
3683 2128
4612 7005
4627 3738
2914 3412
4470 2628
4893 6767
5697 3216
3178 3692
3893 3096
5087 6588
5700 3798
4990 3162
4750 3361
6288 3786
5073 3380
5866 3378
6681 3995
5693 3490
6958 3199
6099 5449
4502 4475
6078 3902
6601 6314
7068 3592
4960 4523
7051 3717
7033 3898
5605 4573
6511 5350
7182 5347
651405152 1425359813
1
sift 493
162 194
17 38
40 44
222 222
63 62
69 106
482 579
85 94
78 114
494 597
123 117
165 151
680 663
195 263
227 259
676 736
313 237
335 264
827 932
250 331
332 320
898 909
351 315
353 323
1033 955
407 393
406 479
920 1083
612 354
402 539
1155 987
540 550
435 715
1125 1007
458 688
766 462
1137 1220
711 545
439 917
1166 1254
633 602
595 656
1401 1193
703 611
543 822
1180 1420
649 661
800 657
1276 1335
787 747
775 789
1127 1556
748 829
807 765
1097 1817
841 774
960 679
1542 1346
784 868
875 777
1640 1375
672 1005
902 783
1483 1805
667 1127
1197 666
1785 1995
1004 773
842 929
2106 1949
897 901
907 985
1968 2357
1487 767
1147 958
2158 2666
1157 962
1051 1045
1848 3369
958 1264
1133 1068
2289 2560
1118 1161
1142 1132
2414 2527
1428 951
1056 1280
2421 2744
1315 1042
1148 1269
2356 2848
930 1535
1577 971
3198 2174
1307 1158
998 1496
2394 3092
1098 1408
1203 1311
2599 3208
1575 1002
1192 1343
2838 3012
1570 1024
1207 1383
3028 2869
1510 1131
1335 1326
2680 3609
1558 1150
1172 1534
2705 3630
1620 1167
1413 1334
3006 3455
957 1964
1392 1365
3478 2913
1281 1515
1601 1261
3599 3189
1496 1354
1323 1499
3949 3110
1742 1224
1678 1268
3313 3637
1621 1337
1498 1464
3150 3883
1649 1372
1589 1436
4370 3073
1896 1281
1364 1713
2985 4489
1492 1594
1357 1853
3912 3535
1223 2183
1572 1609
3239 4219
1566 1694
1462 1831
3387 4043
1351 2102
2195 1345
3671 3899
1521 1800
1666 1661
3535 4098
1636 1718
1917 1517
3447 4718
1874 1570
1532 1948
3753 4337
1842 1699
2272 1445
3472 4862
2193 1479
1517 2225
4181 4236
1583 2188
1688 2059
4350 4410
1476 2463
1847 1952
4716 4146
2385 1542
1653 2235
4965 3949
2100 1756
2004 1929
4300 4777
2364 1625
2416 1619
4152 5224
2164 1789
1610 2519
4325 5112
2540 1617
1870 2336
3975 5523
2462 1761
2427 1877
4097 5405
1703 2901
2258 2076
4625 4906
2601 1927
2823 1802
4935 4592
2362 2111
1902 2750
4275 5476
2674 1945
1911 2872
4830 4986
2330 2267
2392 2234
4851 4971
3094 1796
1716 3517
4334 5625
1868 3160
2731 2080
5302 4597
2309 2446
2013 2999
4992 4996
2030 3016
3465 1772
5391 4655
2739 2202
2028 3080
4753 5407
2573 2321
2250 2665
5052 5155
2844 2169
2582 2354
4848 5679
2669 2319
2677 2311
5240 5490
2629 2331
2152 2986
4959 6050
3085 2108
2219 2882
6154 5199
2194 2944
2999 2196
4766 6558
1970 3528
2675 2428
5277 5970
3013 2223
2285 2903
4921 6678
2794 2468
3082 2312
6921 5223
2380 3043
3021 2384
6631 5580
2943 2467
2481 3136
5998 5908
3194 2431
2041 4032
6362 6161
2541 3139
3221 2439
5217 7613
3357 2335
2447 3316
7107 6002
3204 2509
2372 3509
6626 6541
3163 2572
2775 3122
6265 6887
2638 3313
3376 2534
6227 7077
2821 3183
2692 3358
6032 7411
2911 3226
2683 3596
6666 7047
3069 3194
2525 3890
6900 6919
2816 3564
4283 2372
3582 2704
2487 3989
3050 3310
3627 2723
4635 2308
3308 3030
2790 3710
3283 3168
2957 3588
3393 3055
3263 3253
3564 2936
2754 3885
3286 3304
3551 3015
4191 2661
3412 3163
2668 4240
4073 2883
3749 3124
3687 3180
3446 3440
3672 3264
3362 3562
3842 3165
3511 3441
2517 5048
3804 3223
2991 4079
2594 4916
3796 3285
3468 3552
4491 2906
3491 3566
3464 3590
3217 3951
4077 3261
4019 3319
4447 3079
3158 4123
5245 2659
4442 3108
3624 3621
3321 3956
3839 3556
5645 2584
3631 3716
3440 3913
3205 4304
3591 3813
4205 3460
3800 3711
4328 3448
4264 3484
4291 3536
4203 3617
4454 3504
3593 4053
4259 3659
4820 3321
3156 5028
3235 4872
3805 4010
4355 3705
3153 5225
4762 3584
3287 5036
3584 4483
4251 3900
3344 5037
5058 3499
4718 3714
3615 4645
4572 3870
4125 4258
4216 4326
3658 5013
4000 4577
4006 4584
3650 5063
3655 5091
3905 4859
4431 4305
4885 3928
4114 4692
3827 5045
3927 4974
3706 5258
4689 4180
3964 5060
4875 4130
5109 3941
3730 5487
4438 4733
5049 4086
4172 5061
4555 4693
4423 4927
4274 5072
4916 4336
4187 5196
4331 5125
5632 3955
5248 4176
4460 5253
4226 5516
4057 5671
4804 4869
4866 4891
5047 4761
3483 6858
4936 4981
5620 4395
4948 5019
4759 5300
5489 4687
3402 7624
4878 5313
5518 4730
5681 4620
6189 4314
5628 4682
4982 5263
5352 4969
4534 5895
5031 5358
4255 6356
4449 6137
5573 5016
5130 5414
4311 6482
5367 5308
5982 4920
5847 5020
5741 5076
5690 5172
5275 5533
4748 6110
5455 5508
5963 5183
5040 5836
6161 5170
6425 5049
5438 5702
4321 7316
5578 5669
7002 4827
5298 5886
7318 4573
4238 7764
5334 5957
5624 5770
5711 5742
6544 5274
5837 5682
6593 5309
6349 5484
4544 7615
4299 8105
5118 6626
5849 5938
5189 6718
4819 7437
5129 6856
4526 8123
7314 5246
4847 7534
5155 7003
7022 5566
4995 7327
6636 5761
6481 5829
4739 7945
6933 5640
6394 5956
4765 7985
7417 5323
7336 5453
5939 6433
6596 5985
5976 6843
6620 6251
6271 6682
5675 7481
7165 6118
6683 6575
5953 7330
4907 8281
7031 6321
5841 7529
6581 6861
7148 6329
6071 7399
5415 8144
6708 6883
6715 6904
6982 6684
6777 6962
6430 7307
7174 6599
7386 6353
6648 7364
6694 7372
6860 7244
7375 6741
6796 7539
6698 7662
6572 7912
6986 7650
7058 7638
7310 7668
6562 8270
6872 8291
7360 8292
651405152 1778338741
1
sift 3198
111 122
24 27
5 9
140 110
38 40
17 20
144 145
37 42
20 30
162 169
72 75
25 32
206 233
104 108
29 35
222 230
180 188
60 25
268 249
199 192
39 45
257 277
192 200
45 53
287 354
203 211
56 47
482 476
311 321
51 57
494 485
292 391
46 62
499 497
375 364
58 59
646 645
426 431
50 61
658 650
472 402
54 69
675 643
379 515
69 74
714 655
513 523
71 72
680 676
510 534
70 73
676 687
555 516
78 76
749 680
560 566
74 84
813 859
521 620
80 80
851 865
593 580
85 81
898 884
587 622
76 91
827 1031
694 574
83 87
937 1014
651 660
87 94
1086 940
715 628
92 101
1035 1026
677 690
95 96
1090 1037
822 597
101 95
1125 1140
707 737
102 97
1097 1065
722 722
88 118
1152 1115
799 769
106 99
1166 1113
806 777
105 113
1127 1156
802 825
110 111
1137 1187
846 839
109 112
1276 1149
925 832
124 104
1155 1168
864 907
120 115
1286 1174
936 916
141 109
1214 1221
943 918
123 121
1288 1277
1005 890
119 123
1296 1431
948 941
128 119
1401 1384
978 956
129 129
1482 1469
1202 876
130 134
1602 1492
979 1018
126 139
1571 1459
1018 1007
133 142
1640 1503
1039 1053
156 126
1689 1674
1050 1066
147 135
1785 1704
1210 1060
155 151
1848 1639
1187 1190
149 155
1838 1795
1201 1274
164 149
1834 1850
1251 1268
179 146
1871 1839
1257 1258
157 163
1968 1919
1277 1252
165 165
2090 1993
1459 1164
178 166
2010 2088
1340 1352
168 180
2066 2053
1359 1351
188 161
2383 2029
1365 1353
187 164
2270 2147
1377 1499
175 181
2286 2145
1524 1416
182 175
2158 2284
1526 1637
189 170
2356 2190
1637 1563
176 186
2289 2259
1754 1641
196 183
2394 2371
1857 1537
160 228
2482 2516
1777 1668
183 204
2631 2349
1748 1747
235 156
2565 2540
1741 1764
190 197
2060 3370
1670 1913
198 190
2585 2573
1978 1603
197 202
2608 2583
1774 1878
253 158
2825 2410
1992 1733
177 227
2680 2636
1853 1959
195 213
2904 2414
2165 1701
214 193
2678 2686
2019 1965
208 205
2998 2408
2088 2063
212 208
2420 3101
2513 1846
227 191
2778 2745
2231 2125
211 220
2787 2837
2126 2255
217 223
3105 2562
2295 2105
245 206
2798 2931
2341 2206
229 229
2925 2879
2333 2223
223 240
2838 3037
2253 2513
228 237
3162 2728
2259 2525
239 239
3199 2700
2355 2382
247 235
3028 2949
2464 2261
241 244
2819 3246
2393 2340
232 254
2917 3234
2191 2770
256 246
3478 2786
2634 2238
259 242
3387 2992
2456 2462
319 215
3150 3332
2605 2329
278 247
3701 2885
2400 2670
237 286
3415 3248
2581 2447
262 266
3472 3499
2587 2486
250 275
3515 3391
2499 2667
280 259
3635 3349
2559 2610
281 262
3313 3736
2591 2563
315 245
3437 3674
2671 2604
267 290
3535 3547
2842 2450
272 291
3589 3560
2718 2621
282 278
3558 3677
2802 2537
320 251
3671 3613
2580 2836
274 298
3669 3701
2785 2637
276 301
3447 3961
2590 2913
301 267
3384 4145
2727 2757
306 270
3455 4106
2893 2618
275 314
3599 3868
2961 2574
286 300
3831 3691
2786 2822
300 288
3949 3649
2856 2848
313 285
4038 3575
2859 2840
294 296
3912 3732
2805 2947
293 310
3752 3885
2935 2994
335 273
3773 3959
2864 2978
299 304
3692 4105
2924 3007
283 325
3975 3883
2711 3199
307 313
3823 4099
3249 2634
336 293
4217 3771
3106 2871
304 322
4350 3708
3421 2559
325 305
4149 4001
3139 2899
351 276
4213 4000
3062 3110
409 248
4152 4089
3148 3085
298 328
4275 4006
3200 3068
338 299
4354 4017
3420 2908
316 332
4256 4246
3208 3180
330 320
4325 4380
2978 3509
303 345
4541 4224
3185 3283
332 337
3651 5227
3358 3146
314 352
4965 3835
2951 3744
342 330
4522 4459
3966 2903
331 351
4334 4716
3504 3212
360 317
4806 4151
3457 3288
329 353
4595 4508
3424 3361
345 333
4515 4657
3459 3371
390 302
4625 4592
3347 3636
348 348
4181 5028
3531 3483
357 344
4716 4594
3654 3435
430 308
4300 5040
3586 3506
470 284
4610 4809
3477 3683
334 386
4921 4412
3724 3449
355 362
4959 4445
3556 3599
353 368
4766 4760
3292 4063
364 363
4747 4833
3339 4008
350 375
4714 4930
3547 3717
368 365
5037 4599
3759 3611
356 371
4952 4659
3736 3694
407 350
4934 4746
3542 3966
367 372
5779 4062
3693 3844
374 369
5052 4743
3696 3898
415 361
4896 4961
3782 3872
395 373
4753 5135
4285 3462
396 376
5875 4163
3673 4022
344 437
4743 5191
4128 3663
455 355
5331 4647
3851 3930
387 393
4848 5235
3926 3906
358 415
5599 4624
3786 4160
423 378
5008 5137
3973 3985
480 349
5240 5001
3959 4005
365 422
4730 5643
3861 4212
406 398
5391 4993
3998 4127
419 395
4851 5553
4052 4432
354 463
4992 5351
4439 4087
412 410
5743 4847
4254 4287
459 387
5304 5224
4667 3870
385 447
5863 4919
4276 4281
405 421
5171 5447
4233 4349
413 419
5895 5131
4636 4115
437 409
5217 5801
4592 4159
427 420
5898 5297
4040 4808
443 405
5668 5668
4523 4335
433 413
5587 5870
4245 4723
420 443
5160 6529
4570 4389
432 434
5998 5570
4330 4708
466 403
5235 6508
4174 4848
501 389
5832 5739
4771 4192
456 418
6086 5554
4417 4799
429 462
6032 5669
4425 4851
507 392
5736 6070
4196 5076
463 452
6227 5629
5255 3979
481 432
5759 6258
4530 4810
485 426
5768 6305
4807 4539
452 472
6127 6019
4685 4675
475 450
6876 5488
4654 4798
474 456
6096 6231
4711 4777
512 412
7197 5446
4887 4678
503 441
6479 6123
4782 4862
458 503
6553 6049
5133 4584
491 464
6081 6649
5555 4237
506 446
5756 7066
4677 5161
484 473
6474 6331
4903 4871
444 521
6900 6180
4930 4977
527 430
7006 6279
6080 4130
500 470
6488 6917
4906 5064
516 458
6974 6500
5270 4757
502 478
6834 6686
4335 5968
488 510
7029 6546
5484 4672
565 442
6631 7003
5532 4744
535 471
6770 6854
4708 5616
517 490
6419 7389
5209 5073
524 506
6726 7075
5432 4991
526 508
6924 6936
5429 5006
546 488
6327 7581
5300 5167
553 477
6928 6982
5246 5287
541 500
7107 6804
5012 5705
605 453
7168 6809
4682 6463
511 529
6568 7546
5791 5092
624 444
7105 6970
5477 5293
496 556
7274 6995
5199 5572
629 451
6896 7858
7271 4235
505 552
7427 7396
6980 4487
544 524
5452 5453
585 483
5899 5152
552 519
6025 5100
504 567
5447 5469
453 651
5603 5337
588 495
5336 5597
609 486
5536 5432
687 459
5717 5548
604 513
5606 6028
551 558
6364 5236
549 562
5835 5849
540 577
5981 5751
542 584
5782 6241
678 507
5566 6499
613 559
5766 6303
644 540
6310 5865
568 617
6384 5839
573 612
6219 6201
692 535
5793 6688
557 647
6067 6522
599 603
6353 6248
716 531
6570 6059
645 568
6028 6916
611 600
6191 6817
704 551
5806 7260
673 561
6901 6132
617 610
6804 6290
595 636
6061 7147
653 596
6624 6578
578 673
6461 6998
626 621
6075 7532
620 652
6575 7008
637 629
6730 6886
625 649
6787 6862
708 587
6964 6668
701 593
6799 6939
706 599
6635 7125
686 615
6428 7453
669 623
6747 7275
649 641
6653 7426
638 658
7451 6465
633 679
7193 7053
670 640
7039 7302
699 632
7280 7097
671 659
6713 7784
776 588
7120 7551
647 681
6999 7804
718 662
7143 7724
696 688
7344 7646
683 696
7258 7766
656 723
7490 7177
693 697
7449 7800
751 671
667 725
800 619
665 736
705 708
752 678
648 746
766 668
643 759
672 761
717 729
727 724
811 672
858 624
674 789
711 763
743 748
723 758
809 689
750 756
763 745
724 779
787 735
871 653
796 734
767 774
810 733
801 741
780 768
861 685
728 829
739 823
771 788
786 770
798 762
841 718
845 713
828 732
709 868
889 682
765 810
775 799
823 749
741 858
883 706
634 959
908 695
901 711
768 863
850 757
832 782
812 803
816 811
844 784
795 845
838 791
769 898
836 807
807 864
833 820
782 889
820 846
903 767
842 824
872 801
887 797
950 760
879 822
773 954
899 818
866 853
847 879
926 800
906 837
888 850
1168 691
897 849
951 808
891 867
917 843
862 899
885 885
874 894
907 870
839 923
960 834
910 873
958 841
971 833
922 881
1008 831
875 936
902 922
972 883
1109 802
1010 875
916 924
945 911
814 1085
909 957
804 1196
1197 816
1092 877
933 970
965 939
983 931
966 953
975 952
954 979
995 958
1014 950
1266 817
989 971
1278 828
1057 949
1240 871
1074 943
1111 927
1078 946
1004 989
1126 921
957 1054
1118 938
1051 977
982 1029
1289 866
969 1048
1301 856
1098 967
986 1055
942 1128
987 1057
998 1033
981 1072
1041 999
955 1119
1049 1001
1001 1063
994 1074
1027 1032
1112 984
1040 1027
1019 1088
1064 1021
1034 1086
1103 1013
924 1246
1076 1040
1139 997
1174 985
1056 1075
1284 920
997 1171
1062 1077
1044 1117
1083 1068
1108 1058
1123 1035
1183 993
1119 1049
1294 933
1072 1101
1053 1138
990 1215
1105 1094
1170 1019
1102 1121
1179 1030
1147 1091
1235 1002
1089 1167
1173 1067
956 1311
1268 991
1160 1095
1208 1045
1192 1082
1260 1003
1169 1122
1134 1165
1099 1200
1176 1126
1088 1217
1198 1104
1196 1111
1216 1087
1135 1182
1297 1000
1181 1144
1153 1175
1207 1116
1175 1166
1321 996
1272 1052
1012 1323
1141 1210
1319 1004
1224 1135
1264 1080
930 1464
1142 1220
1199 1176
1209 1172
1575 915
1157 1227
1291 1090
1238 1162
1115 1278
1252 1161
1302 1103
1195 1226
1246 1192
1304 1123
1311 1108
1366 1043
1261 1180
1406 1010
1242 1205
1262 1184
1236 1212
1185 1255
1258 1195
1249 1199
1336 1097
1368 1069
1148 1303
1248 1219
1315 1151
1330 1136
1145 1317
1250 1223
1422 1046
1503 998
1307 1193
1172 1327
1154 1343
1273 1229
1293 1216
1487 1025
1282 1231
1314 1204
1309 1213
1392 1142
1254 1276
1350 1189
1313 1218
1414 1120
1299 1247
1300 1249
1217 1331
1473 1098
1227 1337
1117 1449
1543 1047
1428 1154
1339 1245
1431 1170
1351 1236
1281 1305
1318 1285
1241 1382
1592 1064
1429 1209
1186 1450
1364 1272
1343 1293
1347 1295
1335 1312
1372 1288
1405 1264
1369 1291
1280 1385
1437 1237
1283 1389
1362 1308
1420 1261
1397 1297
1488 1232
1461 1248
1415 1281
1671 1107
1496 1235
1472 1259
1957 983
1381 1354
1451 1294
1306 1430
1480 1283
1708 1133
1649 1173
1329 1418
1682 1160
1305 1466
1421 1349
1355 1422
1532 1270
1370 1409
1460 1329
1441 1357
1444 1363
1442 1366
1518 1301
1434 1378
1371 1438
1757 1186
1499 1342
1577 1292
1477 1376
1558 1307
1554 1315
1533 1335
1408 1452
1510 1365
1666 1267
1511 1371
1456 1426
1462 1425
1581 1333
1512 1387
1498 1407
1471 1432
1556 1370
1596 1345
1521 1395
1958 1146
1702 1289
1525 1400
1490 1445
1647 1332
1493 1453
1433 1496
1509 1440
1598 1380
1844 1250
1535 1434
1557 1428
1546 1436
1744 1321
1595 1421
1824 1287
1572 1446
1492 1524
1349 1688
1830 1290
1565 1458
1516 1494
1627 1420
1517 1493
1589 1442
1938 1241
1742 1356
1505 1538
1561 1475
1625 1441
1643 1437
1559 1516
1579 1512
1491 1596
1652 1454
1664 1447
1805 1381
1620 1498
1619 1506
1523 1582
1616 1517
1798 1397
1642 1497
1607 1527
1582 1554
1930 1336
1694 1489
1548 1621
1566 1600
1633 1548
1659 1532
1773 1461
1612 1567
1862 1408
1766 1484
1645 1566
1726 1519
1316 2015
1476 1792
1583 1647
1678 1569
1676 1580
1665 1595
1573 1695
1663 1601
1661 1606
1701 1590
1660 1631
1772 1553
1675 1624
1751 1570
1623 1694
1688 1634
1759 1578
1635 1686
2020 1410
1706 1626
1852 1520
1747 1608
1924 1477
1685 1666
1683 1682
1610 1768
1799 1613
1883 1543
1719 1679
1651 1763
1686 1728
2040 1451
1752 1659
1753 1663
1735 1685
1746 1691
1730 1724
1843 1609
1839 1617
1725 1742
1653 1808
1939 1549
1667 1805
1703 1773
1810 1661
1986 1530
1782 1713
1920 1579
1884 1614
2007 1535
1783 1735
1842 1658
1812 1693
2201 1414
1847 1662
1845 1671
1954 1583
1942 1616
1875 1684
2573 1306
1962 1620
2039 1558
1917 1653
1921 1651
1803 1778
1849 1732
1674 1910
1760 1845
1916 1665
1866 1739
2117 1523
1899 1700
1767 1859
1823 1793
1893 1727
1779 1886
1949 1706
1529 2138
1907 1758
1570 2103
1887 1780
1901 1767
1874 1810
1854 1833
1997 1710
1995 1720
1807 1918
1950 1769
1846 1876
1903 1823
1929 1802
1870 1861
1590 2144
1941 1803
1904 1830
2003 1753
1975 1777
1905 1851
2314 1534
2276 1545
1959 1817
2249 1557
1868 1906
2000 1788
1818 1967
2005 1782
1964 1822
2016 1787
1947 1855
1861 1948
1908 1893
1911 1894
1878 1935
1946 1870
2002 1832
1826 1996
1970 1896
2306 1605
2193 1667
1833 2035
2024 1860
2009 1885
1909 1976
2489 1528
2083 1814
2008 1901
2032 1872
1980 1928
2085 1826
2128 1789
2349 1619
2272 1660
2015 1916
1932 1992
1982 1953
1943 1995
2409 1623
2018 1956
1990 1987
2213 1774
1851 2113
2036 1966
1540 2725
2013 1997
2047 1981
2123 1898
1985 2039
2023 2006
1966 2071
2411 1712
2402 1725
2034 2031
2240 1841
2025 2050
2140 1950
2104 1986
1948 2118
2182 1909
2698 1597
2134 1973
2262 1857
2354 1804
2202 1914
1880 2228
2238 1897
2076 2052
2133 2003
2282 1887
1790 2465
2030 2114
2303 1904
2206 1977
2218 1975
2100 2082
2265 1943
2179 2013
1910 2310
2153 2048
2267 1963
2167 2059
2054 2180
1902 2415
2410 1903
2022 2216
2361 1955
2176 2087
2416 1941
2154 2117
2322 2005
2633 1818
2381 1980
2335 2017
2292 2061
2194 2119
2148 2185
2038 2366
2004 2438
2279 2084
1574 3384
2540 1970
2145 2230
2105 2314
2483 1999
2164 2218
2197 2184
2324 2112
2041 2488
2436 2049
2509 2011
2512 2009
2375 2092
2359 2106
2169 2292
2401 2099
2365 2130
2188 2285
2283 2187
2332 2173
2070 2546
2382 2134
2370 2150
2196 2302
2190 2324
2447 2104
2297 2212
2342 2178
2247 2257
2287 2243
2183 2411
2217 2343
2159 2456
2690 2025
2211 2393
2828 1971
2442 2160
2497 2128
2275 2312
3223 1781
2309 2288
2316 2306
2849 1990
2330 2297
2152 2582
2345 2279
2250 2422
2269 2409
2307 2354
2560 2142
2552 2149
2373 2267
2227 2491
2264 2430
2327 2355
2374 2277
2378 2273
1993 3040
2396 2295
2343 2378
2424 2276
2479 2239
2302 2482
2569 2182
2430 2286
2362 2379
2336 2427
2290 2501
2558 2197
2485 2251
2328 2446
2624 2153
3085 1947
2434 2308
2385 2381
2643 2170
2325 2502
2245 2598
2492 2281
2528 2260
2392 2420
2595 2215
2451 2352
2454 2356
2443 2377
2437 2389
3064 2000
2903 2086
2405 2493
2372 2515
2477 2399
2422 2453
3057 2016
2463 2412
2481 2400
2533 2341
2551 2333
2568 2303
2426 2466
2627 2249
2515 2390
2518 2388
2808 2172
2614 2290
2507 2424
2511 2437
2363 2633
2487 2490
2594 2338
2674 2282
2185 2940
2579 2376
3417 1912
2555 2443
2652 2334
2181 3006
2486 2555
2685 2326
2368 2709
2562 2478
2545 2503
2450 2614
2457 2613
2578 2460
2576 2469
2714 2331
2822 2244
2779 2283
2750 2313
2524 2566
2771 2299
2364 2780
2458 2661
2629 2468
2504 2651
2897 2229
2638 2479
2768 2363
2539 2624
2654 2495
2453 2716
2510 2672
2205 3118
2729 2435
2583 2595
2794 2402
2613 2570
2659 2533
2844 2337
2888 2294
2684 2509
2664 2549
2604 2616
2901 2301
3072 2186
2853 2374
2628 2607
2398 2942
2646 2606
2673 2584
2626 2625
2731 2532
2663 2609
2650 2623
2813 2452
2932 2335
2639 2643
2911 2394
2696 2627
2653 2674
2526 2838
2677 2663
2741 2597
2867 2458
2618 2736
2700 2664
2756 2612
2525 2902
2940 2419
2743 2645
2772 2611
3291 2148
2712 2678
2522 2928
2764 2631
2501 2957
2745 2659
2681 2720
2861 2543
2637 2763
2809 2622
2728 2702
2582 2872
2655 2776
2804 2653
2884 2569
2758 2705
2679 2799
2959 2520
2817 2695
3056 2431
2668 2901
2943 2586
2736 2813
2912 2626
2977 2557
2739 2832
2938 2617
2751 2823
2765 2802
3163 2403
2852 2714
2923 2675
3123 2454
2770 2860
2830 2772
2835 2767
2878 2732
2919 2699
3111 2499
2826 2824
2754 2924
3540 2169
2788 2888
2661 3039
2675 3027
2831 2835
2670 3046
2575 3140
2821 2881
2800 2907
2937 2727
2967 2710
2909 2759
3017 2666
2645 3099
2881 2858
2795 2973
3019 2690
2823 2936
2885 2854
2966 2746
2876 2884
3039 2691
2870 2906
2946 2791
3022 2707
2862 2915
2958 2782
2921 2855
2752 3066
3071 2684
2931 2862
2889 2914
2816 3018
2999 2764
3050 2731
2949 2869
2981 2812
3694 2200
2892 2934
2974 2839
3031 2761
2874 3000
3033 2785
3217 2628
3043 2787
3113 2723
2875 3032
2915 2982
3041 2815
2567 3310
2960 2945
3746 2231
4079 2140
3143 2738
2970 2958
3233 2655
2891 3052
3040 2867
2992 2929
3021 2900
3045 2873
3110 2773
2602 3325
2850 3129
3125 2805
3435 2489
2955 3030
3027 2951
2783 3207
2863 3143
3312 2632
3000 3010
2789 3215
3128 2890
3224 2766
2975 3076
3209 2818
3623 2421
3169 2894
3053 3022
3090 2988
2965 3120
3173 2910
3122 2964
2991 3106
2996 3105
2936 3160
3073 3036
3063 3050
3329 2740
3182 2968
3176 2989
3407 2687
3142 3021
3184 2974
3011 3141
3077 3083
4035 2293
3324 2792
3054 3131
3165 3028
3180 3014
3232 2944
3091 3092
3405 2722
4356 2204
3218 2997
3878 2433
3212 3008
3238 2972
3351 2827
3498 2688
3295 2904
2748 3510
3270 2960
3214 3048
3485 2726
3153 3130
3191 3102
3119 3159
3984 2445
3248 3043
3098 3173
2913 3338
3048 3223
3263 3042
3675 2660
3055 3237
3029 3250
3194 3150
3650 2706
3131 3196
3097 3232
2873 3503
3359 3004
3196 3170
3042 3295
3069 3277
3172 3210
3290 3104
3277 3138
3588 2821
4003 2596
3411 3015
3755 2739
2517 4321
3265 3155
3486 2952
3246 3175
3060 3344
3044 3358
3285 3153
3388 3081
3341 3135
3438 3056
3401 3069
3591 2916
3211 3259
3738 2831
3299 3172
3154 3323
4328 2519
3216 3293
3156 3353
4454 2492
3482 3067
3612 2979
3227 3302
3274 3255
3727 2927
3580 3025
3020 3562
3308 3219
3278 3264
3288 3258
3037 3569
3921 2810
3137 3446
3207 3413
3259 3330
3534 3125
3480 3152
3076 3604
3468 3169
3235 3390
3283 3337
3602 3111
2858 4030
3251 3385
3367 3284
3507 3185
3552 3162
3345 3314
3158 3585
3272 3406
3051 3762
3306 3359
3271 3432
3522 3201
3506 3218
3189 3590
3327 3373
3386 3308
3408 3291
3698 3137
3592 3176
2760 4428
3427 3287
3318 3389
3178 3638
4731 2551
3954 3003
3765 3119
4569 2657
3487 3252
4521 2689
3551 3213
3205 3630
3469 3276
3393 3335
3247 3540
4635 2640
3376 3372
3379 3365
4255 2880
3366 3405
3297 3496
3300 3497
4283 2876
3525 3281
3204 3711
3461 3319
3394 3396
3391 3407
3446 3351
3953 3074
3629 3231
3353 3480
4072 3041
3365 3463
3426 3398
4611 2730
3432 3401
3188 3818
3311 3588
3584 3298
3544 3320
3657 3280
3833 3195
3943 3154
4175 3054
3340 3615
3473 3440
3500 3418
2929 4457
3638 3321
3627 3326
3582 3356
3355 3642
3822 3244
4270 3053
3687 3312
3463 3514
3373 3647
3670 3340
3372 3653
3449 3546
3436 3558
3476 3528
3986 3191
3764 3301
3409 3616
3467 3545
3440 3595
3910 3249
3466 3564
3146 4174
3615 3429
3412 3661
4446 3035
3560 3477
3132 4195
3742 3357
3730 3376
3579 3484
3593 3465
4475 3047
3396 3729
3430 3695
3681 3428
3620 3470
3619 3489
3442 3692
4398 3096
4431 3086
3842 3336
3491 3640
4068 3235
3052 4518
3537 3589
3605 3538
4205 3189
3872 3346
3581 3568
3706 3471
3699 3498
3521 3658
3720 3479
3381 3859
3471 3743
3362 3912
3767 3456
3843 3400
3777 3453
3616 3587
3668 3565
3428 3852
3909 3393
3816 3448
3749 3530
3721 3542
3399 3902
4011 3334
3604 3668
4122 3299
3707 3601
3697 3621
3947 3416
3574 3738
4551 3147
3750 3598
4096 3345
3939 3444
3703 3662
3096 4714
4094 3354
3628 3727
3762 3618
3758 3624
3688 3686
3852 3550
3631 3767
3665 3746
4375 3257
3769 3650
3364 4164
3900 3544
3930 3527
4077 3412
3691 3754
3655 3785
3120 4780
3683 3760
3991 3488
3832 3623
3624 3807
4049 3447
3993 3504
3642 3810
3565 3892
3606 3853
3528 3945
3445 4102
3566 3900
3570 3899
4005 3520
3902 3614
4001 3532
3672 3814
3897 3628
3903 3629
3717 3802
3689 3843
3896 3671
3834 3721
3829 3726
3812 3748
4507 3274
3705 3856
3905 3678
3836 3759
3510 4119
3596 4014
3906 3718
4447 3333
4139 3524
4240 3455
4062 3596
4420 3362
3562 4109
3879 3782
3474 4242
3825 3820
3771 3879
3806 3839
4885 3145
3858 3799
3971 3703
3983 3700
3732 3941
3790 3878
3976 3710
3745 3939
3756 3921
3844 3862
4979 3126
4167 3578
3820 3887
3741 3990
4208 3559
5642 2842
3739 4011
3518 4291
4188 3586
3573 4205
4726 3263
4089 3699
3956 3808
4795 3241
3978 3800
3483 4407
4021 3775
4269 3592
4199 3645
4373 3535
4660 3341
4032 3803
3985 3855
3778 4088
3708 4169
3886 3973
3931 3923
3821 4065
3992 3881
4026 3846
4037 3848
3801 4107
3925 3958
3845 4061
4228 3702
4732 3329
4784 3300
4141 3787
3780 4153
4071 3861
3962 3952
3977 3940
4145 3794
4180 3783
3892 4075
3712 4298
4008 3942
3934 4035
3715 4310
3951 4025
3944 4045
3988 3996
4936 3266
3904 4118
4086 3915
4216 3805
4442 3646
3963 4056
3840 4189
4027 3981
4024 3987
3955 4086
3600 4527
4899 3311
4000 4066
4658 3502
3796 4312
4102 3962
4479 3667
3920 4168
4599 3554
3980 4110
4292 3811
4355 3786
4065 4047
4423 3749
4120 3972
3839 4315
3901 4247
4080 4057
4738 3474
4009 4124
4451 3756
3940 4216
4322 3850
4223 3927
4119 4038
4125 4037
4418 3796
3826 4396
4366 3840
3464 4879
4296 3888
4237 3943
4591 3655
4499 3755
4203 3977
4406 3821
4148 4041
4324 3895
3791 4470
4531 3724
4107 4117
4616 3660
4191 4027
3999 4233
4014 4244
4043 4210
4047 4208
4461 3829
3828 4498
3884 4430
4210 4058
4218 4054
4663 3656
3917 4401
4058 4220
4084 4193
3794 4559
4019 4269
3634 4772
3554 4858
4028 4274
4880 3493
4185 4125
4258 4070
3867 4533
4118 4223
4399 3955
4341 4023
4082 4296
4168 4204
4361 4043
4804 3625
4725 3722
4163 4271
4154 4290
4315 4135
4568 3897
4378 4096
4025 4460
4226 4250
4318 4152
4131 4366
4153 4340
3700 4881
4473 4031
4684 3813
4340 4162
4053 4490
3636 4973
4388 4129
4408 4121
4641 3880
4735 3793
4172 4364
4343 4197
4879 3673
4214 4348
4187 4376
4514 4055
4247 4331
4161 4409
5123 3490
4321 4254
4059 4567
4133 4488
4252 4388
3754 4957
4042 4631
4426 4209
4414 4228
4281 4373
3967 4747
4459 4199
4311 4361
4512 4146
4143 4537
4346 4342
4123 4593
5211 3521
4157 4547
4225 4485
4150 4556
4613 4072
4390 4329
4710 3949
4162 4562
4142 4586
4502 4202
4151 4585
4393 4344
4088 4688
4440 4311
4567 4154
5902 3275
4326 4452
4323 4454
4307 4471
4155 4666
4718 4053
4494 4332
4537 4261
4468 4367
4169 4668
4672 4122
4491 4352
4702 4101
4762 4029
4548 4279
4260 4609
4953 3816
4500 4371
5560 3437
4380 4510
4319 4572
4395 4500
4673 4156
4264 4633
4171 4722
4489 4416
4424 4502
4251 4677
4657 4203
4362 4574
4031 4890
4843 3982
5958 3327
4291 4635
4469 4462
4050 4904
4607 4299
4488 4461
4273 4696
4384 4602
4271 4704
4642 4320
4524 4449
4455 4578
4509 4515
4982 3914
4511 4519
4449 4603
4815 4138
4348 4702
4623 4404
5024 3905
5295 3734
4117 4950
5003 3938
4267 4830
4383 4730
4590 4520
4352 4783
6330 3317
4634 4478
4487 4673
5517 3659
4869 4176
4428 4769
4552 4615
4268 4908
4464 4758
4678 4473
4647 4530
4668 4496
5343 3809
4542 4649
4492 4728
4878 4213
4557 4645
5862 3537
4864 4257
3837 5385
4819 4365
5126 4016
4465 4817
4453 4836
4387 4894
4563 4717
5178 3988
4649 4622
4597 4680
4367 4924
4363 4932
4633 4636
4481 4832
4578 4725
4808 4431
4652 4644
4460 4863
4761 4512
4639 4674
6438 3392
4790 4477
4618 4713
4572 4779
5119 4112
5036 4182
4517 4844
4621 4755
4474 4906
5196 4085
5101 4157
4785 4573
4890 4419
3788 5697
4587 4820
5525 3863
4615 4801
4734 4660
5083 4214
5019 4305
4744 4663
4699 4729
4746 4667
4400 5052
5109 4217
6018 3664
4841 4551
4525 4955
4803 4646
4549 4953
4504 5008
4884 4553
4757 4749
4676 4831
4993 4423
4836 4632
3716 6071
4823 4670
4723 4793
5427 4076
4769 4765
4700 4834
4948 4536
4970 4524
4998 4513
4600 4999
4739 4838
4575 5020
4796 4782
4768 4819
4812 4778
5202 4336
4655 4967
4606 5018
5375 4207
4737 4880
4985 4587
4916 4671
5296 4302
4729 4907
5029 4563
4929 4684
5124 4486
5219 4400
5131 4489
4588 5120
4933 4738
5299 4385
4304 5417
4429 5298
3761 6397
5315 4379
4138 5635
4799 4920
4306 5443
3887 6138
4526 5210
4707 5038
4994 4711
4821 4926
4827 4916
4544 5215
4347 5470
6467 3753
5480 4306
5402 4384
4980 4781
5495 4307
5574 4248
6229 3869
4857 4948
6505 3773
4765 5066
4755 5071
5229 4597
4917 4889
4971 4837
4534 5332
5372 4507
4331 5603
5058 4795
4909 4946
4781 5090
4986 4869
4845 5026
5347 4565
4585 5321
4963 4892
4774 5115
4866 5022
4728 5176
5443 4499
5005 4876
4919 4985
4983 4910
4968 4923
4957 4942
5352 4614
4584 5381
4617 5346
4907 5017
5215 4733
6311 3963
4946 4988
6608 3837
5523 4491
4797 5172
5426 4605
4441 5649
5354 4695
5307 4741
5940 4259
5396 4656
4632 5424
6998 3723
3946 6622
4914 5106
4920 5093
5056 4979
5550 4576
5274 4803
4988 5034
5266 4815
4712 5367
4974 5069
5575 4588
4955 5082
5010 5047
5189 4897
4940 5124
5298 4843
5711 4526
5444 4739
4698 5454
5885 4420
5035 5078
5273 4893
4748 5426
5436 4787
4547 5754
5060 5079
4456 5924
5423 4812
5226 4966
4805 5368
5416 4826
5127 5045
5015 5139
6301 4226
5049 5117
6962 3875
4898 5272
4540 5830
6046 4437
4802 5445
4862 5353
5149 5067
4894 5305
4793 5473
4644 5737
5847 4606
5408 4911
4944 5266
4860 5395
4436 6168
4892 5360
4973 5244
5657 4768
5438 4902
5055 5189
5401 4943
5982 4566
4937 5327
5490 4883
5563 4841
5319 5027
4915 5380
4872 5480
5741 4770
5690 4794
4989 5322
5306 5085
5030 5292
5227 5148
6538 4319
5113 5226
4990 5350
5395 5035
5404 5033
6677 4222
5085 5259
5359 5084
6296 4481
5165 5206
4694 5888
5361 5099
5583 4933
4905 5524
4342 6620
5258 5173
4789 5772
5187 5234
4923 5538
5476 5050
4941 5534
5078 5377
5647 4970
4628 6191
4889 5654
4949 5550
5013 5491
5183 5308
5016 5523
5002 5557
4945 5636
5115 5430
5492 5128
5378 5209
5139 5410
5948 4875
5132 5435
5632 5056
5984 4859
5356 5240
5065 5526
5504 5153
4763 6111
5516 5150
5663 5065
5978 4888
4564 6552
5163 5441
5181 5423
5685 5061
4849 5926
5144 5472
5392 5248
6059 4867
5473 5192
5169 5456
5291 5348
6520 4611
5386 5263
4767 6162
4630 6480
5180 5468
6111 4854
5441 5237
5072 5605
5479 5208
5842 5011
5167 5498
6247 4789
5173 5505
5136 5568
5244 5457
5047 5682
5508 5229
5413 5324
5236 5500
5150 5581
5617 5184
5282 5466
5293 5459
5379 5372
5671 5165
4302 7250
5399 5364
6561 4694
5221 5529
4962 5880
5828 5095
5350 5438
5292 5510
4943 5949
5362 5449
5660 5196
5753 5166
4818 6308
5192 5618
5437 5389
5503 5341
5051 5852
5686 5212
5688 5217
5080 5810
5589 5283
5368 5508
4856 6285
5233 5646
6555 4807
5552 5355
5130 5805
5118 5834
5897 5155
5177 5774
6517 4850
5728 5249
5461 5476
5518 5413
6055 5118
5405 5571
5327 5658
5637 5363
5613 5382
5275 5731
5796 5267
5155 5882
6496 4914
5539 5475
5213 5823
5763 5301
5765 5306
7318 4390
5489 5546
5025 6179
5324 5755
5488 5569
5770 5335
5681 5402
5367 5719
6020 5207
5261 5856
5415 5678
5345 5771
5971 5238
5317 5803
5466 5638
5468 5631
5194 5960
5572 5530
5435 5698
5419 5726
5777 5387
6883 4790
5301 5877
7031 4699
5252 5932
5469 5671
5063 6243
5023 6324
5726 5452
6122 5198
5218 5992
5625 5541
5514 5642
5871 5369
5537 5660
5500 5693
5280 5981
5843 5404
5985 5331
5279 6024
5965 5362
5043 6441
5440 5833
6743 4951
5755 5521
6206 5218
6918 4860
6234 5200
5384 5921
5614 5661
6158 5256
5239 6139
6047 5336
5739 5551
5248 6136
5713 5582
5774 5542
5781 5545
5590 5723
5381 5989
5658 5689
6029 5408
6871 4945
5455 5925
5100 6474
5530 5847
5373 6090
5727 5652
5772 5626
6050 5434
5605 5794
5778 5639
5509 5897
5643 5760
6490 5178
5730 5677
5434 6036
5610 5815
5360 6178
5471 6002
5995 5527
5825 5667
5597 5890
5833 5663
5870 5641
5284 6365
5714 5782
6333 5311
6094 5499
5819 5692
6184 5412
5677 5836
5818 5712
6888 5042
5382 6255
5747 5793
6044 5567
6230 5406
5104 6692
6045 5576
6195 5450
6442 5286
6023 5594
5873 5711
5624 5975
6812 5123
5841 5757
5852 5743
6368 5366
5338 6432
6616 5223
5799 5819
6288 5428
6142 5544
5644 5984
6090 5592
6003 5656
6637 5222
5931 5728
6065 5620
6263 5471
5363 6440
5463 6266
7045 5023
6244 5489
6170 5539
5622 6052
6107 5600
6236 5502
6396 5393
6676 5233
5742 5954
5838 5859
6506 5358
5805 5905
5527 6257
5031 7019
6000 5745
6316 5504
6037 5741
6378 5479
6207 5598
5859 5913
6161 5653
5393 6535
5748 6045
5942 5866
5785 6009
5651 6190
5665 6202
5648 6234
5934 5917
5494 6447
5954 5906
5866 5979
6298 5595
5389 6617
6038 5857
6582 5422
5758 6146
5628 6299
5936 5951
5789 6121
6063 5855
6188 5724
6051 5872
5865 6039
6449 5528
5901 6004
5638 6327
5526 6479
7452 4788
5939 6012
5950 6006
5856 6117
6494 5543
6185 5792
5980 6007
5588 6470
6775 5361
6110 5893
5493 6603
5486 6627
5634 6453
6274 5762
5692 6412
5760 6323
6175 5901
6134 5957
5311 6986
6093 6017
6375 5746
6084 6037
5945 6196
6588 5589
5845 6294
5346 6968
5993 6147
7450 4891
5707 6472
6852 5405
6340 5807
5970 6224
6433 5747
6280 5878
6172 5995
5878 6340
5704 6527
6562 5680
6303 5881
6276 5903
5499 6787
6550 5687
5846 6398
6657 5591
5930 6302
5869 6376
6113 6118
6304 5886
5612 6678
6137 6095
7212 5201
6953 5384
6049 6216
6481 5765
6270 5942
6432 5806
6861 5482
7134 5276
5992 6287
6131 6157
6097 6208
6271 5977
5810 6509
6877 5490
7458 4936
6156 6156
6678 5650
5973 6403
6041 6317
6400 5919
5928 6448
5716 6672
6266 6076
5882 6506
6252 6104
5886 6513
6126 6269
6531 5867
7336 5195
6232 6153
5586 6882
6349 6042
6315 6109
6708 5718
6480 5940
7260 5277
6337 6093
6022 6468
6613 5835
5802 6691
6009 6495
6129 6371
6189 6273
6796 5686
5955 6568
6379 6094
6753 5735
6171 6346
5850 6677
5784 6763
6087 6462
6421 6103
6259 6244
6660 5854
6309 6215
6397 6130
6694 5829
6100 6485
5967 6613
5771 6810
5735 6857
6543 6005
7249 5373
6403 6166
6214 6391
6078 6565
6273 6322
5964 6676
6752 5837
7027 5608
6092 6575
6338 6274
6577 6032
6282 6355
6106 6574
5803 6876
6179 6483
6544 6113
6503 6145
5858 6802
7360 5315
6540 6142
7086 5601
6970 5714
6413 6277
5976 6757
5953 6773
7002 5691
6118 6606
6534 6175
6124 6604
7432 5232
5837 6909
6659 6031
6389 6353
6452 6262
5474 7385
6644 6083
6672 6054
6529 6237
6210 6560
6220 6544
6679 6064
6443 6339
6394 6408
6377 6430
7278 5511
6600 6209
6697 6110
6732 6067
7076 5752
6147 6729
6784 6043
6359 6511
5442 7555
6602 6264
6557 6341
5544 7432
7169 5709
6350 6579
6844 6047
6477 6464
6894 6016
6320 6626
6417 6554
6504 6471
6425 6564
6514 6481
6242 6726
6671 6293
6618 6364
6563 6443
6933 6001
6815 6160
6680 6307
5719 7349
5908 7128
5840 7207
6486 6547
6307 6705
6334 6687
6341 6685
6105 6963
6365 6662
6908 6101
6619 6431
6683 6349
7266 5694
6546 6515
6472 6584
6923 6102
6399 6671
6401 6673
7125 5887
6446 6633
6119 6991
7012 6025
7026 6014
6213 6873
6163 6951
6058 7074
6448 6653
6868 6218
6470 6641
6469 6645
5684 7492
6895 6204
6523 6605
7035 6038
6604 6525
6740 6389
6239 6897
6919 6189
5907 7278
5635 7580
6447 6703
5694 7520
5745 7471
6256 6911
7181 5898
6511 6665
6451 6724
6845 6332
6468 6730
5811 7438
6262 6962
6275 6960
7156 5993
6875 6348
6039 7258
5723 7576
6597 6659
6021 7297
7028 6188
6099 7201
6982 6261
6376 6907
6430 6858
6835 6451
6034 7317
7065 6181
6759 6532
6321 6987
7122 6126
6586 6732
6186 7149
6489 6842
6996 6304
6487 6865
7163 6122
6700 6637
7251 5988
6734 6608
6961 6392
5621 7744
6249 7130
6822 6570
7030 6343
6013 7475
6620 6808
6388 7071
6381 7085
6722 6722
6915 6536
6814 6646
6795 6674
6450 7043
6786 6710
7277 6125
7388 5929
6283 7269
7033 6488
6541 7033
6196 7374
6706 6829
6605 6979
6824 6751
6739 6819
6886 6679
7025 6555
6193 7413
6848 6748
6409 7215
7081 6492
6773 6838
6598 7041
6957 6651
7079 6531
6391 7289
6125 7561
6216 7451
6455 7219
6369 7327
6431 7312
7058 6614
6615 7098
6132 7635
6952 6779
6944 6782
6482 7308
6515 7277
7403 6129
6323 7464
6940 6795
6720 7048
6069 7704
6197 7605
6695 7087
6074 7706
7417 6124
6518 7332
6558 7296
7315 6383
6291 7542
7453 5946
6463 7382
6246 7604
6698 7142
6501 7380
6286 7571
7312 6427
7313 6436
6906 6949
6762 7095
7241 6562
6791 7102
6596 7336
6593 7341
6853 7044
6833 7081
6945 6966
6742 7170
7068 6825
7007 6905
7460 5982
7102 6791
6043 7815
7004 6927
7179 6697
6610 7357
6798 7155
7014 6928
6989 6965
6328 7651
7152 6790
7128 6824
6408 7615
7321 6566
7281 6625
6661 7405
7186 6807
7082 6954
6917 7152
7060 7001
7019 7055
6890 7203
7062 7024
7077 7007
7020 7080
6938 7161
7284 6744
7093 7015
6991 7138
6715 7428
7298 6747
6880 7299
7140 6994
7038 7120
6986 7180
7053 7107
7183 6974
7112 7062
6771 7448
7051 7151
6755 7481
7074 7140
6807 7461
6721 7543
6897 7378
6977 7333
7099 7185
7047 7264
7032 7287
6689 7644
7132 7162
6847 7510
7346 6853
7357 6835
7194 7136
6788 7612
7317 6973
7131 7242
6930 7485
7430 6707
7203 7176
7151 7255
7393 6841
6769 7660
7311 7034
7104 7345
6985 7479
7022 7443
7177 7276
7178 7292
7264 7166
7204 7322
7206 7323
7422 6879
6937 7622
7306 7159
7296 7178
7441 6821
6140 7922
7240 7310
7115 7473
6968 7630
7265 7315
6832 7758
7066 7595
7162 7503
7113 7574
7227 7424
7117 7584
7136 7563
7368 7199
7224 7455
7048 7676
7471 6764
7073 7672
7137 7628
7111 7649
7198 7589
7276 7483
7408 7212
6691 7872
7229 7565
7381 7329
7291 7486
7302 7499
7232 7613
7275 7567
6717 7890
6836 7856
7353 7444
7424 7334
7476 7018
7428 7393
7254 7716
7300 7681
7309 7689
7295 7732
7484 7026
7211 7817
7182 7830
7383 7668
7502 6624
6817 7925
7491 7047
7407 7712
7210 7871
7072 7916
7470 7606
7488 7359
7447 7826
7477 7770
7142 7948
7494 7931
651405152 2009681629
1
sift 615
111 205
24 76
77 110
140 200
37 84
87 113
162 254
180 269
105 117
268 353
311 385
130 146
341 411
292 533
133 169
376 426
377 481
183 222
482 523
379 459
175 243
515 564
375 545
176 244
499 628
472 557
262 327
676 692
510 522
275 338
675 731
537 548
350 347
658 752
587 607
316 443
646 783
564 650
331 436
680 787
560 658
334 433
714 1094
555 660
384 402
1033 1203
593 719
440 463
1017 1187
651 779
504 550
1125 1140
715 818
551 547
1035 1269
722 741
549 578
1090 1238
694 926
568 571
1166 1303
707 985
573 609
1288 1340
936 808
591 591
1243 1534
846 952
662 670
1401 1563
864 963
743 671
1483 1513
978 836
812 635
1528 1537
799 1184
717 762
1689 2216
1039 801
771 727
1871 2050
943 997
783 709
1531 2882
806 1136
796 785
1848 2349
980 1137
801 793
1953 2202
1005 1186
786 810
2049 2117
1251 1366
709 1057
2010 2328
1138 1397
847 823
2158 2559
1210 1429
634 1223
2090 2596
1187 1376
862 840
2383 2365
1277 1367
820 931
2289 2589
1340 1235
888 871
2394 2493
1205 1509
767 1100
2352 2887
1359 1391
910 959
2270 3050
1439 1493
924 1076
2798 2541
1377 1603
885 1144
2482 3399
1257 2012
965 1056
2557 3315
1427 1597
1028 1014
2608 3330
1754 1439
1078 995
2778 3266
1526 2034
1072 1081
3028 3034
1748 2045
1040 1135
3162 2951
1741 2084
1049 1146
2917 3360
1853 2024
990 1240
2950 3703
2165 1775
954 1313
3447 3111
2043 1923
1083 1183
2787 4055
1978 1928
1145 1154
3384 3581
2019 2085
994 1360
3325 3750
1998 2232
1019 1346
3231 3960
2088 2248
1020 1348
3558 3636
2126 2284
1246 1149
3387 3876
2310 2474
1317 1102
3912 4012
2355 2455
1153 1257
4152 3902
2609 2250
1004 1462
3831 4536
2333 2593
926 1666
4861 3682
2254 2765
1250 1202
4334 4258
2393 2660
1220 1228
4165 4526
2130 3047
1122 1325
4181 4481
2499 2711
1000 1559
4256 4820
2456 2913
1058 1446
4354 4425
2605 2676
1173 1341
4874 4326
2671 2755
1299 1459
4766 4729
2231 3286
1433 1438
4716 4949
2587 2910
1249 1785
4522 5105
2951 2655
1643 1306
4848 4872
2559 3044
1509 1468
4576 5367
2718 2841
1535 1516
4959 5023
2590 3019
1505 1600
4934 5059
2762 2893
1490 1663
5171 4887
2877 2854
1533 1599
4794 5451
2802 2993
1456 1733
5217 4973
2856 3617
1519 1680
4753 5859
2859 3091
1623 1567
5737 4971
3269 3201
1685 1532
5587 5142
3148 3509
1655 1643
5008 6013
3106 3583
1546 1796
5668 5260
3139 3587
1198 2610
5160 6085
2961 3940
1660 1704
4922 6370
3420 3309
1549 1821
5235 6389
3696 3405
1514 1857
6096 6130
3200 4253
1676 1722
6900 5769
3673 3575
2145 1342
6628 6004
3531 3798
1450 2078
6227 6357
3339 4160
1557 1918
6922 6120
3504 3880
1565 1941
3347 4169
1908 1606
3982 3550
1826 1696
3547 3961
1619 1880
4417 3332
1582 1926
4254 3477
1803 1769
2711 5917
1851 1746
3759 3992
1420 2333
3736 3980
1929 1677
3973 3810
1663 2033
3851 3949
1705 1972
3861 4009
1818 1868
3782 4102
1964 1768
3586 4460
1674 2061
3959 4019
1731 2021
4592 3615
1861 1958
4233 4173
1909 1963
4425 4063
1875 2019
4128 4384
2047 1860
4245 4539
2016 1886
3957 4885
1947 2164
4711 4206
2215 1847
3724 5400
2362 1804
4052 5033
2275 1938
4530 4473
2390 2017
4782 4408
2197 2227
4422 4619
2006 2638
4636 4784
2345 2209
3358 6266
1616 3547
4439 5087
2116 2624
5255 4104
2123 2633
4807 4691
2646 2015
4477 4879
2205 2574
5012 4638
2153 2684
4276 5786
2339 2465
4771 5064
2343 2473
5270 4686
2336 2511
5199 4952
2328 2572
5209 4926
2434 2458
5477 4931
1966 3261
4813 5575
2430 2585
5452 5088
2653 2387
5071 5350
2813 2283
4667 6385
2795 2342
4887 5662
2758 2398
5133 5994
2457 2778
5806 5280
2371 2877
5766 5548
2913 2418
5606 5733
2555 2933
6384 5162
2712 2861
5603 5794
2891 2729
5981 5691
2776 2837
6025 5688
2752 2897
5447 6253
3089 2658
6061 5738
2743 2968
5793 6148
2654 3137
6461 5799
2760 3054
5555 6467
2515 3351
5900 6443
3216 2808
6355 6375
2699 3279
6653 6384
2807 3193
7000 6344
2862 3144
2955 3071
3191 2904
2670 3436
3297 2795
2756 3341
2405 3959
3011 3149
2340 4422
3053 3239
2375 4446
3573 2859
3376 3006
2965 3474
3372 3078
3277 3184
3044 3481
3164 3379
3207 3344
3122 3453
3259 3319
3290 3300
3311 3343
3278 3536
3449 3326
2895 4186
2659 4634
3165 3888
3378 3533
3951 3118
3897 3206
3688 3400
3707 3402
3077 4298
3638 3493
3625 3523
3681 3505
3672 3511
3450 3751
2809 4911
4150 3216
3537 3673
4043 3298
3732 3626
3769 3616
3645 3746
3780 3639
3318 4219
3712 3776
3797 3722
4011 3549
3754 3853
4348 3450
3836 3848
4053 3733
4171 3659
3840 4056
3920 4093
4286 3765
3999 4233
4399 3891
3812 4410
4120 4130
3778 4451
4267 4049
4142 4133
3642 4597
3365 5116
4395 4042
4287 4124
3377 5225
3963 4431
4344 4121
3689 4741
3886 4555
3983 4495
4548 4050
4252 4340
3758 4934
4738 4034
4225 4483
4563 4381
4282 4610
4488 4472
4307 4651
4326 4680
4440 4583
4341 4701
4623 4444
4524 4531
4504 4575
4615 4475
4318 4833
4591 4607
4237 5031
4247 5070
4575 4745
4618 4738
4905 4462
3779 5989
4698 4739
4841 4573
4525 5078
4860 4696
4805 4782
4639 5066
4681 5050
4441 5477
4552 5365
5180 4568
3909 6301
5463 4477
4957 4908
4937 4937
6370 4075
4915 5101
4985 5040
5373 4690
5282 4788
5100 4970
5347 4748
5869 4437
4634 5756
4971 5200
5015 5172
5226 4984
5115 5109
4490 6139
5146 5107
4863 5580
5258 5075
6721 4221
5350 5021
5192 5186
5029 5443
7426 3882
5176 5354
5027 5599
5207 5351
5469 5191
5227 5470
5362 5361
5169 5581
5850 4976
5822 5013
5980 4902
5405 5397
5177 5684
5950 4969
6257 4770
5537 5360
4961 6095
5494 5458
6220 4922
5672 5349
5973 5129
5363 5726
6188 5036
5508 5603
6328 4950
6124 5114
5139 6116
5893 5358
6516 4954
5496 5808
5036 6329
5692 5680
4939 6429
6057 5490
6008 5565
6085 5494
6023 5572
6534 5211
5425 6185
5360 6260
5954 5760
5856 5848
5964 5781
6106 5664
5685 6030
5774 5984
5758 6058
5936 5928
5808 6037
6083 5826
6051 5853
7171 4985
6122 5834
5713 6170
6619 5468
5437 6392
5530 6333
5833 6129
6291 5809
6376 5766
6110 6005
6232 5884
6038 6162
6850 5503
6170 6086
6413 5960
6897 5586
6273 6092
6147 6193
6142 6223
5986 6367
5559 6478
6734 5880
6334 6196
7233 5445
7306 5357
6179 6306
6213 6317
6680 6051
6324 6288
6822 6023
6610 6264
6455 6411
6899 6320
7137 6278
7281 6187
7034 6440
7151 6413
7389 6359
6813 6507
7291 6488
7494 6453
