674186001 736661850
1
sift 136
4596 2072
361 189
9 10
671 578
15 31
60 62
564 477
25 50
34 91
145 229
907 457
80 132
483 851
167 185
1509 853
375 206
708 1176
382 225
3490 2102
234 384
784 1619
251 433
3160 2813
250 566
1007 1777
324 442
3642 2759
328 524
1171 1849
304 626
5205 2457
346 542
1400 2088
329 601
5431 3973
423 502
2092 1546
259 856
9989 5794
351 609
1554 2605
392 612
443 623
2494 2402
444 663
507 607
2062 3776
604 534
435 722
2724 4244
518 633
476 757
3136 3504
474 779
502 759
3110 5059
323 1274
608 742
4292 4316
562 902
875 731
4102 4811
622 1127
567 1293
4920 4423
1348 683
1009 949
6540 7562
653 1509
612 1606
8208 8147
813 1345
1131 1283
8432 8742
1089 1614
1260 1503
8038 9919
1556 1245
1319 1728
8229 9977
1520 1582
2088 1603
8879 8859
1626 2429
1944 2045
1506 3120
1837 2558
3596 1763
1763 3556
3392 1884
1686 4285
2013 3313
2684 2485
2298 3151
2804 2646
2343 3204
3464 2237
2643 2991
2159 4155
2418 3600
3439 2608
2423 3901
2552 3933
2063 5908
3081 3993
3577 3433
3835 4417
3881 4578
6175 3403
5468 4200
6264 4407
3997 7062
7035 4187
4875 7188
5310 6686
4976 7311
5114 7540
6492 6277
5263 7565
8642 4941
6351 6714
5279 8065
7220 6124
5586 7884
5704 8069
7019 6758
5651 9092
6760 9904
7911 8015
8171 8352
8472 8556
9484 8054
8164 9246
8611 8966
9863 8299
9711 9525
674186001 750297218
1
sift 1454
40 28
66 41
3 3
68 45
83 71
11 10
46 32
152 101
15 13
120 82
168 161
19 12
75 50
142 109
25 14
135 86
248 162
24 20
117 99
198 133
27 16
216 158
229 200
22 22
208 163
204 171
34 25
231 187
363 252
37 35
280 242
228 183
50 29
568 276
318 305
43 33
455 365
270 237
60 34
610 519
468 239
70 42
616 555
290 254
73 44
779 488
412 310
69 61
789 489
331 249
82 47
556 649
417 370
80 54
811 501
357 236
96 74
747 546
485 419
87 83
820 536
621 455
99 78
858 612
785 381
115 76
829 645
572 517
113 81
997 593
628 506
103 89
827 739
632 508
109 93
873 688
540 590
129 92
930 666
692 498
153 94
1233 707
697 524
105 128
817 803
617 541
149 102
1283 711
682 549
151 103
940 819
877 450
150 104
1027 891
764 587
145 115
897 853
719 634
157 111
1214 856
865 641
147 131
960 904
947 627
155 135
1235 966
941 756
185 119
1285 774
970 769
180 137
1425 961
904 920
192 132
1185 1053
999 851
194 136
1819 928
892 1039
187 149
1625 1093
1101 834
178 167
1472 1228
845 1213
167 181
1779 1222
1126 886
202 169
1803 1221
1247 883
211 159
1849 1218
1369 833
242 154
1521 1472
1373 870
218 196
1746 1355
1234 1016
241 170
1710 1382
1522 907
217 205
1643 1436
1299 1064
175 241
1602 1537
1354 1047
247 178
1652 1579
1315 1065
232 186
1580 1694
1418 1088
250 191
1747 1757
1510 1194
275 179
1988 1441
1353 1426
238 203
2187 1427
1509 1211
255 195
1874 1708
1572 1234
281 182
1975 1574
1881 1032
272 192
1936 1728
1609 1344
258 212
1932 1607
1712 1301
260 220
2158 1557
1848 1231
251 233
1773 2000
1713 1353
259 229
2466 1483
2045 1457
240 247
2266 1751
1981 1551
293 211
2409 1727
2057 1661
319 207
2393 1943
1971 1600
309 228
2311 2060
1867 1928
289 246
2186 2078
2741 1583
273 262
2162 2146
2145 2170
274 268
2628 1977
2347 1904
310 244
2723 1966
2295 2083
324 231
2512 2073
2025 2270
375 216
2508 2161
2679 1930
382 223
2284 2330
2420 2105
307 283
2904 2174
2482 2084
355 238
2875 2121
2440 2139
312 302
2705 2391
2622 2129
346 256
2878 2198
3114 1900
322 300
3024 2325
2309 2430
401 259
2206 2875
2604 2573
344 304
2707 2680
3250 2280
396 264
2564 2586
2545 2768
340 306
2777 2702
3340 2284
391 273
2784 2428
2717 2797
371 298
2968 2541
2996 2568
389 308
2926 2432
3318 2638
392 314
3029 3003
3294 2876
486 257
2966 2925
3522 2625
411 315
3815 2639
3836 2635
492 266
3570 2724
3100 3401
364 360
3694 2699
3736 2940
410 350
3791 2644
4100 2862
514 295
3676 2950
3614 3208
413 349
3598 2952
3490 3491
420 338
3482 3194
4230 3098
466 329
3691 3087
3555 3472
444 347
5776 2233
3977 3710
435 356
4410 2746
3501 3542
459 351
4323 2841
4393 3435
415 384
3805 3112
3642 3566
483 357
3986 3050
4434 3512
471 378
3516 3484
3801 3446
449 390
3135 4040
4261 3770
481 372
3856 3244
3252 4226
490 366
3545 3740
4050 4289
499 367
4036 3165
4097 3540
465 408
3652 3742
4479 4006
469 421
4421 3027
4340 3459
500 375
3659 4060
6633 3176
512 389
3607 3716
4594 3399
518 393
4715 3392
5249 3767
510 427
3941 3620
3899 4296
599 368
4581 3674
5768 3851
560 396
4408 3379
4558 4099
533 433
4651 3798
3762 6055
552 420
4481 3487
4915 4192
558 432
4519 3935
5727 4196
547 447
4827 3462
4940 4518
491 499
4623 3854
5605 4339
506 490
4625 3871
5432 4322
613 415
4578 4001
5577 4472
588 437
4630 3961
5425 4582
584 442
4321 4332
4824 5416
626 409
4868 3876
6248 4618
675 402
4655 4282
5084 5685
714 386
5788 3362
6225 4933
730 383
4838 4109
6000 5275
609 453
3665 5354
7197 4583
709 411
5149 4020
5381 5912
546 513
5385 4050
5789 5424
519 547
4821 4595
6130 5315
800 373
4596 4792
6015 5502
604 476
7183 3300
6491 5178
484 604
5138 4325
5431 6156
713 446
4763 4729
5778 5960
629 485
4939 4559
5745 6099
647 493
5689 4389
4859 7343
671 496
6066 3999
6400 5606
691 492
5239 4819
5786 6113
771 466
7031 3709
6713 5466
611 563
6150 4328
5974 6013
652 550
4850 5058
6773 5575
693 533
5909 4621
6459 6059
575 609
5057 5007
6832 5657
766 503
5271 5012
7157 5655
661 573
6763 4201
6837 5776
791 507
5200 5103
6895 6023
802 502
6589 4388
6399 6378
665 576
4697 6050
6190 6716
679 581
5643 4998
6798 6110
712 557
5847 4999
6569 6588
773 526
5832 4935
6916 6527
698 577
5979 5030
6953 6761
830 511
6205 4771
7437 6290
803 522
5107 5793
7650 6343
725 591
6590 4769
8277 5826
815 539
6270 5050
7432 6564
702 611
6018 5028
8018 6101
734 598
5937 5589
7616 6580
743 595
6224 5070
7860 6465
622 687
5816 5838
7172 7217
670 673
5780 5464
7742 6931
663 681
6761 5423
7957 6784
793 603
6781 5427
7202 7471
784 623
5810 6258
6169 9959
666 734
7246 5213
7809 7101
745 679
8083 4948
7581 7335
767 657
8354 4887
7956 7140
750 680
7146 5534
8429 6928
859 613
6104 6435
7795 7369
768 712
6827 5841
9989 7312
751 760
6573 6047
8926 6899
880 626
7118 5616
9987 7450
1064 574
6877 5902
9993 6758
932 631
6387 6648
9986 7472
861 695
8657 4898
7365 8358
849 720
7272 6002
8369 9953
992 619
6529 6522
9023 7195
979 636
6601 6902
843 748
7212 5888
9994 7397
875 728
7475 6268
911 701
8424 5336
7906 8797
761 849
6856 6921
1218 583
6810 7385
8997 8296
885 753
9935 6105
1015 676
8952 5981
9426 8067
908 777
7982 6625
956 763
8376 6357
8559 9018
944 788
7563 7209
1076 689
8095 6640
9443 9503
874 840
7946 7231
986 768
8916 6740
899 824
8015 7427
964 797
8705 7014
1106 724
8697 7180
1263 668
7836 7800
1180 718
8924 7179
972 835
7755 8537
816 1003
8102 8299
1014 823
8286 8023
1054 829
8822 7703
1032 844
9967 7536
1210 778
9961 7928
1172 801
9170 7810
1129 887
8193 9118
1144 885
9789 8613
1223 896
1037 1026
1171 946
995 1099
1137 976
1221 931
1152 989
1123 1017
1089 1062
1196 998
1274 940
1260 963
1115 1085
1377 900
1201 1071
1167 1122
1434 895
1055 1272
1352 994
1641 847
1288 1086
1298 1073
1737 843
1382 1014
1316 1096
1159 1298
1488 972
1317 1119
1400 1043
1273 1182
1635 921
1525 978
1822 860
1449 1029
1355 1133
1227 1303
1463 1061
1319 1200
1327 1192
1282 1268
1347 1189
1500 1056
1681 975
1405 1174
1466 1124
1305 1306
1399 1204
1394 1227
1424 1219
1493 1168
1721 1031
1518 1161
1588 1113
1642 1098
1074 1723
1519 1216
1778 1060
1301 1431
1386 1348
1238 1605
1529 1304
1556 1295
1563 1290
1950 1092
1576 1317
1640 1279
1691 1250
1711 1262
1617 1335
1626 1347
1494 1439
2143 1068
1492 1455
1749 1312
1575 1408
1612 1379
1865 1247
1793 1308
1632 1385
1536 1454
1604 1421
1703 1368
1551 1464
1697 1376
1667 1404
1619 1448
1700 1419
1683 1433
1745 1405
1898 1323
1429 1689
1598 1509
1656 1474
1628 1510
2197 1220
1649 1533
1716 1488
1562 1615
1725 1490
1631 1564
1458 1809
1699 1532
1868 1417
1665 1617
1526 1815
1832 1507
1601 1702
1872 1475
1899 1512
2169 1363
1845 1556
1590 1856
1561 1909
1965 1498
1795 1643
1949 1520
1817 1623
1659 1825
2492 1305
1777 1714
2448 1329
2069 1481
2034 1525
1587 2030
1748 1854
2064 1543
2054 1566
1886 1753
1873 1771
2264 1477
2080 1594
1998 1680
1953 1720
2084 1595
1901 1794
2074 1634
1765 2012
2030 1709
1960 1796
2133 1620
1842 1969
1963 1835
2115 1669
2022 1788
1862 1980
2396 1540
2205 1640
1944 1923
2009 1880
2012 1869
2026 1841
2156 1707
2964 1356
2031 1849
1728 2162
2191 1699
2353 1593
2178 1735
2088 1811
1970 1970
2125 1792
2062 1866
1850 2069
2048 1893
2506 1578
2167 1795
2591 1535
2268 1715
2168 1813
1923 2065
2307 1744
2150 1868
2342 1742
2239 1870
2135 1960
2601 1618
2053 2046
2289 1863
2630 1641
2538 1703
2543 1706
2104 2052
2148 2021
2265 1922
2298 1911
2075 2075
2203 2013
2236 1991
2225 2009
2345 1926
2240 2007
2230 2022
1806 2465
2316 1978
2404 1925
2103 2130
2811 1695
2446 1936
2276 2051
2441 1948
2087 2168
1964 2333
2494 1932
2308 2056
2481 1965
2570 1916
2160 2187
2379 2071
2906 1758
2288 2138
2397 2128
2554 2059
2301 2202
2459 2115
2912 1885
2650 2063
2684 2058
2067 2543
2411 2214
2352 2269
2642 2080
2421 2251
3551 1663
2467 2221
2616 2124
2368 2304
2452 2287
2791 2112
2857 2096
2190 2686
2664 2256
3050 2048
2866 2134
2660 2298
2405 2511
3257 1994
2273 2735
2885 2196
2648 2372
2479 2510
3504 1952
2781 2285
3189 2061
2924 2211
2879 2239
2883 2268
2780 2368
2318 2849
3200 2113
2922 2303
2758 2474
3243 2158
3380 2131
2765 2528
2932 2389
2734 2618
2993 2353
2810 2522
2946 2407
2653 2721
2803 2552
2849 2490
2587 2889
2967 2485
3111 2413
2801 2745
2958 2572
2510 3076
3229 2409
3304 2364
2918 2672
2974 2615
2694 2919
3330 2425
2896 2756
3392 2405
2483 3230
2873 2796
3110 2600
3082 2640
2701 3073
3737 2291
3195 2634
3213 2636
3136 2701
4267 2183
3205 2689
3459 2588
2667 3387
3763 2482
3997 2423
3000 3025
3464 2734
3177 2905
2783 3346
3785 2564
3261 2898
3517 2757
2986 3153
3487 2808
2945 3222
3278 2938
3628 2736
4092 2496
4309 2433
3749 2728
3366 2986
3510 2893
4072 2566
3420 2958
4008 2632
3923 2683
3403 3032
3514 2945
2979 3410
4240 2581
3520 2978
3780 2848
3878 2804
3492 3039
3571 2985
3854 2856
3647 2965
3601 2993
3922 2836
3361 3207
3761 2941
4299 2705
3370 3291
3537 3178
3721 3084
4561 2671
3857 3041
3256 3511
3649 3166
4718 2642
3468 3336
4196 2878
3693 3147
3190 3635
3162 3701
3630 3256
3839 3146
4239 2959
4075 3055
3799 3233
3305 3670
3890 3191
4019 3130
4339 2972
4318 2989
4088 3124
3596 3541
3731 3468
4383 3083
4023 3282
3851 3411
4010 3298
4664 3006
3549 3795
3577 3754
4061 3352
3085 4474
4962 2883
3903 3539
3638 3775
4037 3431
4512 3136
3586 3862
4397 3223
4767 3035
4143 3405
4590 3161
3455 4180
3621 3964
4028 3552
3381 4311
4476 3268
4024 3585
3698 3918
3966 3656
3969 3677
4352 3393
4102 3595
4311 3480
4070 3648
3347 4532
4165 3574
4805 3169
4467 3418
3885 3938
4208 3599
4468 3432
3835 4021
4399 3503
3572 4379
3564 4467
4719 3389
3580 4487
4442 3634
4559 3569
4193 3896
4286 3806
4136 3980
4929 3312
5295 3163
6125 2924
4381 3872
4249 4005
4175 4068
4642 3650
4789 3534
4725 3594
3706 4588
4529 3804
4486 3915
4457 3934
4292 4147
4705 3823
4900 3627
4622 3939
5563 3279
4583 4008
4937 3615
4754 3809
4698 3886
5218 3453
4792 3777
3826 4790
4436 4187
4848 3773
4535 4141
5951 3210
4920 3758
4605 4151
4949 3761
5125 3664
6061 3276
5035 3762
4712 4145
4194 4654
4878 4009
5080 3829
3881 5043
4747 4219
5405 3647
4465 4494
4432 4607
6755 3199
5217 3885
5355 3784
4601 4542
5046 4102
4121 5022
5336 3927
4870 4350
4422 4823
5072 4162
4665 4610
5184 4100
5747 3738
5076 4207
5036 4235
4735 4587
6088 3611
5524 3966
4867 4464
6848 3359
5011 4359
4873 4530
4826 4637
5458 4158
4571 4959
4726 4875
4729 4879
5477 4287
4290 5400
5581 4264
5818 4120
5094 4602
6393 3881
5680 4286
5310 4507
5043 4712
5004 4757
5322 4537
5171 4646
5070 4736
5424 4486
5281 4599
5534 4462
5449 4522
5389 4590
5356 4609
6271 4124
5621 4459
6520 4044
6129 4233
5986 4316
5286 4751
6264 4224
5461 4651
5486 4659
4917 5098
5547 4685
5545 4697
4560 5743
4911 5225
4957 5172
5242 4962
4615 5784
4784 5491
4865 5369
5234 5053
4972 5331
5268 5055
4894 5514
5849 4743
5658 4871
6030 4652
5925 4708
5699 4911
7087 4188
6794 4372
5287 5217
6855 4377
5089 5465
7086 4278
5918 4892
6699 4527
8157 3790
6790 4488
5254 5402
4683 6354
5452 5271
4964 5835
5982 4938
6175 4854
5275 5443
6368 4807
6989 4483
5099 5735
5989 4996
5614 5248
5299 5542
5501 5401
5719 5262
5468 5515
5651 5366
5759 5298
7347 4452
5695 5410
6069 5131
6127 5119
6423 4994
5996 5188
6912 4753
6487 5011
6591 4969
6703 4934
7288 4630
5898 5421
6492 5088
6278 5193
7019 4836
6882 4922
6012 5467
5376 6057
6390 5278
5868 5646
5923 5607
6545 5191
6464 5263
6304 5357
6158 5473
6197 5456
6600 5221
5216 6433
5877 5722
8113 4450
6101 5567
5436 6199
5433 6249
6438 5392
7250 4907
6622 5290
6204 5618
6140 5694
5444 6455
5975 5905
6645 5438
6514 5548
6628 5477
5372 6635
7486 4942
5840 6094
6445 5644
7045 5169
6747 5425
6498 5643
6899 5363
6424 5775
6265 5939
7220 5175
5971 6211
5962 6224
6525 5790
6577 5748
6909 5489
7035 5391
5775 6559
8028 4928
5899 6478
7092 5531
7308 5333
7538 5195
6808 5875
6344 6302
7273 5471
8171 4997
6570 6142
7261 5588
7076 5779
7147 5719
7324 5551
7245 5631
5831 6925
6300 6518
7105 5781
7163 5739
6838 6036
7673 5340
7336 5624
6812 6100
5737 7146
7461 5580
6531 6453
6829 6214
7151 5911
7141 5929
9610 4688
7576 5577
7280 5843
8176 5251
7515 5660
8127 5276
7866 5432
8161 5269
7669 5565
6992 6207
6817 6385
7145 6037
7175 6014
8800 5062
6256 6960
7685 5666
5988 7249
7646 5754
6286 7072
8687 5227
7339 6054
6825 6606
7214 6255
7402 6082
7835 5757
7942 5725
7641 5976
7025 6575
7046 6560
8455 5486
8266 5599
7052 6579
6488 7220
7971 5827
7887 5893
8075 5789
6987 6753
7573 6138
7589 6145
8326 5718
6668 7187
8512 5623
7510 6323
6871 7001
5207 9293
9481 5218
7370 6544
7756 6222
6974 6998
7827 6193
8229 5952
7706 6339
8585 5769
9614 5252
9624 5260
8053 6178
9121 5587
7527 6633
7911 6330
7997 6263
7629 6568
9050 5680
7224 7034
9642 5375
7389 6887
6879 7442
9119 5728
7426 6911
7531 6812
7119 7263
9138 5770
7612 6802
7877 6615
8385 6294
7644 6853
7652 6896
8472 6331
8208 6566
7743 6904
8801 6218
8504 6420
8098 6722
7812 6941
8237 6644
8037 6771
8605 6406
7936 6912
8584 6537
8962 6337
8542 6584
8040 6933
9996 6122
7914 7124
7686 7323
9278 6277
7899 7188
7925 7194
8640 6715
8164 7039
8355 6932
8844 6622
9863 5780
6757 8672
8807 6706
8117 7182
8971 6638
7967 7307
9494 6448
8360 7223
6847 9059
6077 9813
7159 8506
8270 7365
8908 6991
8864 7040
8701 7200
7794 7818
8086 7595
9009 7028
6643 9595
9544 6690
8080 7632
8698 7288
9086 7033
9797 6430
9349 6897
9480 6801
8758 7293
9107 7084
9117 7106
9750 6578
7736 8153
8432 7543
8598 7467
8838 7327
7949 7974
7293 8890
7782 8190
9341 7081
8989 7294
7996 8001
7745 8313
8950 7409
8078 8030
7948 8180
8690 7587
9057 7394
8323 7901
7886 8355
8886 7521
7637 8832
8558 7870
8325 8087
9022 7542
8363 8174
7790 8825
7619 9101
8342 8208
7859 8783
8878 7779
8642 8002
8287 8384
9195 7606
7963 8762
7678 9193
9373 7538
8674 8100
9236 7639
7579 9392
9217 7723
9281 7672
8502 8359
9144 7799
8462 8580
9307 7824
9476 7662
9410 7792
9852 7324
8298 8985
9440 7893
9342 8020
9028 8306
9045 8334
8166 9308
8909 8476
9572 7908
9559 7942
9220 8266
9748 7755
9587 8031
9556 8164
9711 7963
9074 8894
9292 8648
9723 8098
9643 8261
9037 9039
9843 7921
9509 8522
9186 8971
8681 9458
9070 9223
8868 9394
9692 8408
9094 9218
9277 9079
9984 9040
9780 8344
9233 9968
9302 9221
8067 9883
9645 8808
9588 8950
9165 9463
9644 8978
9209 9494
9848 8651
9719 9146
9646 9398
9197 9741
9621 9474
9537 9690
