7000692 674186001
1
sift 129
245 136
81 28
328 129
75 41
1105 500
123 47
306 163
120 69
1051 739
309 167
704 251
499 145
1127 743
576 233
828 259
696 250
1314 720
733 328
656 323
618 351
1235 772
838 324
752 306
747 343
2110 1875
900 310
946 567
952 346
2683 1850
924 421
1083 513
793 586
3530 1569
975 499
1438 552
956 570
5105 4121
1254 531
1295 688
1090 689
7655 3668
1558 561
1463 638
1479 609
4323 7277
1490 665
1380 783
1528 843
8853 4719
1912 1113
1652 967
1710 1089
8174 5814
2271 1174
1603 1189
1861 1144
7620 6498
2338 1455
1961 1129
2347 938
2450 1963
2329 1041
2185 1291
2602 2104
2275 1318
2564 1355
5003 1488
2134 1686
2687 1468
3272 2075
2862 1463
2597 1587
2345 2984
4324 1837
3715 2062
6032 1765
3261 2329
3914 2343
4483 2236
4616 2160
3887 2552
4167 2446
4664 2724
4388 2480
4713 2305
5264 2773
4668 2423
4295 2654
4647 3101
4017 2830
5087 2687
6102 3242
5374 2806
5477 3054
7239 3349
5791 3118
5274 3396
6317 4331
6147 3081
5625 3374
7351 3969
4879 3885
5256 3881
8435 3942
5278 3996
5525 4194
7188 5313
4667 5215
7017 3799
7638 6808
5933 4457
8851 3370
9942 5840
5616 4865
7446 4350
8470 6578
5386 6071
7112 5004
9276 6183
7133 5286
8544 4722
9450 6957
7986 5162
7595 5468
9368 7974
8999 5095
8408 5420
8855 9896
8265 7466
7000692 1789068863
1
sift 93
676 545
24 24
52 32
706 551
46 40
70 52
2796 2581
157 118
164 149
3477 4150
233 163
254 165
4215 4309
311 243
314 236
7594 8073
431 428
555 513
623 548
707 653
1018 639
984 770
968 859
1393 1031
1714 926
1417 1278
1358 1730
1635 1423
2043 1466
2426 1366
2447 1669
2234 1893
2216 2027
5921 1110
2631 2147
2852 2593
2863 3196
3313 2707
3452 2680
3128 3190
3022 3575
3768 3019
3604 3562
4441 3198
4353 3312
4389 3457
4290 3612
3687 4461
4569 3815
3021 6275
4382 4371
4434 4335
4940 4148
4427 5278
4806 4823
5419 4391
4423 5863
4574 5617
4689 5623
6221 4457
4645 6199
5145 5678
5101 7140
7262 5125
5937 6385
5040 8669
6100 7407
7494 6223
7658 6149
5930 8657
8393 6032
7396 6756
8105 6312
6845 7665
6885 7939
7064 8124
7287 8017
6733 9267
8094 8153
7835 8516
8242 8354
8049 8634
8512 8309
8167 8732
8562 8390
8965 8500
9432 7884
9486 8113
9185 8594
9198 8765
9526 8808
9735 8397
9674 9596
