736661850 750297218
1
sift 226
166 166
50 14
22 18
3939 7209
58 101
29 20
429 362
91 25
53 33
4668 8626
241 419
62 34
908 1653
106 44
51 60
477 458
97 46
1432 1109
101 73
131 72
1822 2663
132 54
1636 1812
202 102
115 133
3988 2314
341 92
2723 2938
450 128
229 115
4408 6059
199 149
4914 6426
495 228
185 184
5815 5637
206 216
6075 6065
600 268
225 223
5729 6966
193 335
7156 7340
851 357
274 271
5794 7312
433 233
775 420
565 190
6593 8099
442 231
676 518
407 304
7167 7850
502 293
1146 352
542 256
613 267
1119 408
465 377
612 314
1389 573
856 229
452 482
1114 854
461 493
531 445
1144 921
662 346
582 432
1272 913
534 476
633 393
1513 840
758 342
487 577
1768 884
555 572
807 453
1545 985
862 768
1438 550
1849 946
1141 701
853 1211
2088 1043
1075 931
1060 1085
2704 1404
1223 1066
1397 990
2191 1921
1503 963
1245 1295
2402 1932
1377 1174
1614 1062
3028 1792
1600 1147
1450 1279
3164 1710
1512 1220
1537 1319
3048 1880
2136 976
1728 1200
3776 1866
1154 2432
1742 1547
3504 2701
1603 1811
1679 1747
2857 3279
2392 1273
1562 2009
3241 2941
2007 1520
2429 1347
5059 2600
2004 1605
2497 1486
5149 2719
2045 1923
3042 1408
4237 3634
1747 2625
1884 2405
4811 3595
2561 1952
2485 2058
4316 4147
2557 2075
2806 1969
6132 3163
2237 2734
2421 2688
5409 3764
2648 2552
2102 3491
5133 5031
3333 2482
3782 2308
5788 4778
2072 4792
2417 3762
5496 5099
2759 3566
5261 2310
6203 5957
3840 3220
3893 3308
8619 4969
3772 3590
4390 3261
7008 6185
3274 4864
3725 4450
7413 5913
4598 3806
4417 4021
7253 6172
3946 4552
4407 4224
8442 5341
6603 3055
4384 4773
8142 6214
3440 6046
3969 5556
8148 6565
6337 3594
4187 5391
9976 5953
4343 5262
4774 5001
8246 7300
3973 6156
5695 4359
9919 6770
5012 5087
5404 4853
8672 7294
5174 5378
6695 4409
8742 7543
6686 4507
4645 6633
8776 8024
5196 5795
4367 7470
4535 7265
6757 4837
6277 5088
6124 5175
4980 6706
5774 5878
8056 4753
5289 7089
5228 7372
4941 8002
4722 8810
8966 4677
6465 6983
7594 6223
8299 5780
7075 6803
9091 5365
5891 8641
8419 6008
8015 6330
7861 6751
9192 5864
8556 6331
9960 5948
7303 7467
6624 8633
8545 6866
7545 7724
8369 7378
9246 7039
7494 8710
8090 8090
9067 7387
8795 8395
9525 7963
9737 9530
736661850 1472528885
1
sift 195
120 147
31 32
1679 1171
1294 1189
423 168
91 50
337 209
106 57
5979 2102
2974 1964
1289 1198
102 68
361 264
298 119
4789 2746
4151 2289
1907 1276
341 123
300 347
258 149
4611 3840
3367 3285
1554 1816
292 154
496 279
450 225
6209 7846
4054 3056
1937 1622
580 237
484 327
495 305
9322 6328
4970 3049
2663 1655
560 299
631 417
732 267
5198 3256
3834 2675
521 439
624 440
775 432
4469 3961
3740 2798
715 539
1056 746
1113 642
5926 4206
3648 3058
1272 625
1052 773
1146 694
5674 4397
6847 2822
1134 790
1259 1074
1354 758
5144 4824
7667 4325
1474 721
1453 1048
1155 905
7014 4544
7025 5647
1280 901
1886 865
1849 816
6999 5307
8360 5689
1665 957
1432 1153
1656 1023
6394 5967
8486 6189
1636 1126
1854 1361
1513 1200
5724 6724
9883 6376
1769 1149
1648 1517
2176 1000
7788 5121
9254 9249
2695 888
2205 1540
2192 1164
7134 6429
9707 8763
2415 1319
2224 1589
2605 1310
8769 5562
2033 1651
2268 1722
2377 1485
7423 6687
2402 1567
2450 1837
2704 1596
8490 7262
2735 1705
2723 1973
2925 1658
8632 7337
3915 1520
2658 2172
2799 1959
9387 7330
3484 1692
3458 2622
3940 1597
9432 9031
3047 1963
4602 2604
2955 2060
2919 2161
3773 3221
3752 1930
3902 1989
4001 3366
3750 2055
3970 2070
3597 3773
3580 2328
3987 2183
4275 4089
4183 2166
4730 2251
5172 3751
4010 2630
4222 2554
5176 3969
3776 2830
5149 2231
5526 3714
4575 2524
4205 2705
6298 3617
4438 2863
3461 3535
5764 4187
4526 3155
5514 2796
6306 3904
5253 3027
5213 3090
6074 4340
5371 3047
5409 3208
6498 4669
5444 3527
5913 3591
7871 4487
6322 3465
6515 3657
6976 5147
5788 4128
6387 3803
8129 4792
6375 3900
6412 3967
8196 5141
5030 5010
7413 3894
6853 8142
7253 4056
7603 4025
9360 7278
6312 4697
8398 3829
9630 7326
8136 4151
7961 4432
9203 8400
8041 4455
7008 5236
9506 8167
8809 4367
6551 5842
7378 5299
8756 4742
8775 4803
8246 5152
8455 5127
8211 5368
8141 5558
9963 5061
8672 5731
8630 5788
9405 5295
9976 5533
8914 5819
8148 8200
