756063153 1005924530
1
sift 91
1113 409
357 149
1389 1464
2085 62
1982 625
433 191
2756 3114
515 285
2341 1056
709 383
6911 5451
897 544
3132 1366
1279 483
7532 7526
1194 793
3668 1661
1465 669
1340 778
4335 1930
944 1206
1638 766
2249 4204
1590 952
1221 1655
5413 2661
2461 1424
2358 1526
6145 2597
2314 1773
2413 1714
6487 2865
1555 3045
2238 2084
6026 3148
2296 2278
1942 2888
8750 3132
3499 1816
2163 3415
8435 3718
3201 2302
2897 2581
6587 4622
4251 2039
3925 2402
2716 3442
4570 2243
4799 2908
4485 3293
5126 3176
4381 4608
3554 6045
4176 4940
5236 4253
6335 3620
4595 4722
4207 5212
5336 4372
3528 6645
4563 4861
3352 7288
6418 3852
4746 5185
6253 4225
7945 3670
6424 4329
7430 4063
5162 5577
4747 6159
5353 5530
7445 4220
3816 8397
8322 4077
7763 4347
5449 6395
5735 6537
7723 4934
5924 6557
5698 6804
5483 7357
6869 6417
5535 8321
7434 6941
7860 7112
7177 7912
8070 7680
7917 7940
9057 7197
7806 8911
7993 8870
756063153 1789068863
1
sift 54
325 172
67 44
944 2865
75 88
1012 741
296 197
2114 4487
275 388
3484 1427
607 439
2163 6763
527 588
3347 2269
795 684
2336 6423
838 836
3081 2551
1004 1516
5449 9955
1040 1721
4174 2457
1093 1606
1981 1640
4848 2270
1900 2296
2831 1896
4165 3052
2513 2227
3044 2371
5395 4433
2425 3525
3839 4311
7591 3658
4087 4728
4421 4484
6487 4302
3537 6104
4017 6263
6382 5494
4541 5425
4191 6377
5179 5969
4103 8280
4022 8737
5078 7743
4758 8666
7413 5846
5392 8135
6451 6768
5501 8634
5989 7857
7924 8327
7871 9441
9095 8599
