768479201 781759124
1
sift 439
44 115
124 400
86 209
59 174
92 259
112 532
143 333
167 510
145 361
158 434
147 477
226 450
173 524
181 675
189 536
194 595
197 497
225 719
204 535
200 649
201 718
281 734
191 865
246 640
276 687
252 1017
273 834
261 789
245 893
266 1050
346 838
235 989
295 857
323 870
263 1169
301 972
289 1010
324 914
293 1011
319 1149
280 1166
427 1344
327 986
355 1118
376 840
388 1612
410 1154
400 1227
374 1291
490 1377
433 1162
429 1466
489 976
545 1490
450 1288
443 1447
531 1126
463 1979
503 1307
536 1375
411 1847
609 1641
509 1374
596 1766
492 1501
601 2040
589 1358
607 1753
557 1609
765 1739
625 1440
680 1892
604 1602
682 2113
707 1677
656 1980
673 1746
716 2234
666 1798
743 1916
693 1764
814 1983
640 1971
802 1800
664 1933
659 2644
757 1850
970 1686
749 2071
972 1770
735 2386
805 2193
799 2213
785 2611
865 2090
797 2498
952 1893
809 2673
859 2161
850 2468
733 2628
1075 1873
989 1867
934 2361
1062 1863
971 2190
964 2147
868 2650
1026 2046
979 2269
900 2575
913 2694
829 2889
938 3133
960 2497
885 2902
985 2430
847 3789
965 2530
758 3589
966 2544
1158 2221
1316 1895
1006 2589
994 2697
1233 2625
974 3228
1297 2518
1107 2645
1270 2692
1078 3035
1140 2951
1036 3542
1366 2887
1164 3277
1087 3428
1510 2262
1293 4515
1304 2907
1258 2937
1332 2831
1296 4532
1217 3283
1330 3031
1093 4024
1750 2846
1131 3841
1377 3071
1324 2996
1506 3654
1281 3771
1439 2997
1436 3081
1298 4785
1185 4339
1376 3415
1353 3649
1556 3688
1468 3813
1356 3644
1371 3674
1798 3178
1521 3667
1247 4415
1421 3552
1172 6727
1504 3993
1437 3560
1471 3692
1676 4147
1608 3580
1390 4220
1761 3095
1739 3897
1473 4370
1636 3784
1542 4123
1860 3856
1347 5286
1664 4284
1550 4416
1826 4091
1866 3424
1710 4322
1857 3570
1900 3935
1732 4143
1781 4019
1851 3718
1939 4069
1616 4671
1744 4308
1892 3773
1805 4475
1613 4838
2072 3726
1741 4592
1922 4429
2036 3722
1878 4413
1796 4605
1874 4579
1838 4535
1792 4755
2046 4295
2585 3403
2058 4343
1988 4614
1989 4645
1907 5429
1833 5161
1751 5654
2147 4395
2191 4779
1942 4887
1955 4910
1996 4904
2288 5478
2216 4419
2303 4266
1945 5173
2039 6589
2173 4784
2057 4881
1975 5225
2218 5859
2050 5400
1728 6987
2282 4788
2271 5777
2106 5244
2102 5230
2285 4803
2165 6498
2060 5425
2833 3902
1971 5988
2388 5816
1982 6641
2576 4470
2222 5444
2665 4909
2299 5333
2091 6102
2027 6493
2341 6060
2344 5250
2459 5278
2108 6458
2505 5634
2114 6614
2351 5667
2190 6544
2407 6172
2138 6832
2554 5185
1863 8262
2394 6669
2316 6271
2468 5643
2311 6315
2747 5307
3195 4350
2464 5793
2291 6483
2442 6467
2492 5949
2391 6389
2408 6337
3177 4884
2257 7274
2456 6143
2701 5368
2990 5863
2658 5672
2805 5136
2708 5520
2900 6197
3035 4998
2672 5974
2552 6195
2881 6477
2301 7396
2715 6265
2622 6282
2628 7307
2449 7000
2929 6032
3501 4812
3300 5732
2797 6037
2684 6776
2657 6635
2813 6922
3287 5341
3220 5535
2998 6021
3403 5675
2910 6345
2896 6484
3329 5453
2602 7783
2908 6466
2801 6770
2608 7282
3654 5530
2743 7271
3167 6064
3105 6445
2903 7466
2977 6791
2340 9122
2898 7098
3066 7372
2762 7557
2551 8310
2540 8431
3537 6503
2696 7844
2955 7398
3996 5156
3289 7119
2928 7227
2864 7773
3070 6926
2820 8398
3577 6069
3229 6981
3032 7184
3923 6552
2995 7500
4273 5120
2723 8396
3461 7451
2847 7923
3482 6712
3104 7320
3411 7634
3323 7279
2777 8419
3085 7499
3401 8126
3227 7716
3226 7241
3170 7475
3277 8810
3141 7926
3130 7603
3817 6787
3889 7733
3280 8275
3464 7480
3127 8331
4041 7368
3306 8346
3586 7261
3364 7703
3733 8523
3319 8353
3396 7985
4004 6934
4187 7348
3172 8827
3605 7909
3079 9053
3919 8180
3490 8243
3653 7851
3245 8821
4140 7761
3855 7501
3305 8938
3101 9273
3708 9193
3707 8306
3983 7434
4385 6725
3780 9162
3944 7646
3409 8932
3627 8498
4226 8362
3638 8689
3824 8285
3547 9042
4078 8862
3650 8980
3687 8846
3611 9100
4126 9231
4155 7866
3832 8872
3802 8867
4353 8997
4462 7216
3775 9012
3531 9331
4402 8981
3871 9014
3930 8863
3741 9258
4826 8446
3876 9060
4050 8668
3916 8951
5091 8111
4228 8228
4129 9044
4001 8896
4843 8911
4097 8871
5171 7413
4855 7995
4689 9157
4308 9170
4628 8491
4925 8215
5114 8813
5766 7252
4901 8323
4355 9271
5021 9115
4100 9435
4608 8914
4255 9399
5763 8233
5149 8225
5038 8783
5027 8671
5254 8899
4921 8854
5379 9516
4641 9322
5154 9211
5082 9357
5165 9294
7337 8877
6551 8781
6478 9327
