850672740 1375567567
1
sift 128
535 768
31 32
32 80
63 102
211 313
839 1291
105 160
115 145
111 303
368 469
1832 1984
144 296
250 334
190 319
505 668
2830 3173
175 473
221 406
219 509
911 965
4545 2820
329 475
506 641
303 884
1085 895
3777 3445
443 928
591 727
485 961
1049 1081
3957 3468
439 1795
814 979
504 1874
1177 2007
2975 4672
525 1837
871 1059
630 2782
1395 1776
4657 3603
988 1008
1260 1120
713 2713
1330 2422
6366 3723
854 1912
1255 1255
893 2494
1668 2181
4269 5325
1011 1904
1393 1682
965 2766
1515 2701
4290 5343
1164 2239
1301 1991
1406 2772
1919 2272
6682 3968
1509 2134
1386 2416
1640 2616
1833 3062
5646 5164
1328 3024
1671 2519
1431 3240
2805 2231
5294 7649
1754 2393
1646 2699
1405 3450
1958 3344
7897 6171
1268 4004
2345 2326
1233 4255
2481 3423
1538 3415
3133 2372
1363 4005
3052 3092
1366 4832
4597 2003
1478 4595
3209 3676
1816 3749
3087 3264
1630 6004
3585 3864
1839 5015
2474 4625
2054 5458
2943 5066
2203 5058
3642 3431
2198 5588
3924 6887
3136 4035
3463 5314
2247 6646
5049 5692
2349 6973
3525 5666
3183 5979
4292 6996
3615 5612
4023 5301
3403 6839
5741 5649
4872 4494
3720 6215
3108 7661
6432 7738
4514 5282
3817 6525
4064 6847
3855 6514
4815 7073
5001 7094
4886 7534
5179 7233
5067 7669
5990 6259
6276 6932
6388 6878
