897658064 1724217577
1
sift 59
2225 2068
121 224
3609 7733
505 423
3223 2386
852 861
1303 677
1025 1107
1157 1154
922 1841
1370 1426
2609 1157
1651 1696
1679 1700
1324 2383
1538 2081
1688 2124
1983 1897
1791 2348
2404 1766
1844 2732
3344 1701
3046 1868
2732 2160
2393 2512
1639 4091
2341 2671
2450 2696
2503 3077
1712 5901
2522 4291
3706 3384
4437 2948
2758 5121
3548 3895
4158 3612
3520 4081
5716 3013
4542 3712
3496 4729
3318 5537
4776 4112
5253 4126
5442 4206
4837 4964
5323 4466
5836 4203
3866 6336
4042 6209
4085 6280
4094 6869
5978 5231
3972 8347
4182 8258
4488 7899
7096 5280
5242 6979
5136 7944
7400 8538
897658064 1780862618
1
sift 332
473 797
4262 5164
4 10
50 111
27 58
55 177
3581 5188
4217 5609
86 155
154 290
100 253
145 257
4215 6553
142 306
157 326
166 283
163 336
172 341
211 335
216 349
244 488
208 383
191 495
248 442
262 506
303 359
279 413
309 456
237 601
270 522
338 590
295 507
437 704
311 663
387 895
428 634
360 833
464 614
474 953
368 830
406 1045
458 927
523 823
526 829
505 879
495 959
574 1008
612 1606
513 1130
555 1092
583 1069
771 1236
560 1104
726 941
695 1067
808 1258
598 1247
579 1321
822 998
860 1237
735 1177
680 1354
821 1339
852 1380
718 1396
750 1532
874 1453
961 1295
797 1662
903 1407
899 1444
867 1832
819 1638
923 1466
965 1440
1080 1924
959 1819
999 1404
952 1665
1110 2965
989 1740
901 1780
1020 1660
1377 2248
922 1941
1061 1679
1144 1664
1960 2467
1017 1810
942 2112
991 2002
1878 2730
1019 1907
985 2045
1025 1914
1639 3260
1067 1880
1146 1793
1088 2166
1835 2907
1018 2268
1157 2023
1265 1937
1582 3485
1199 1978
1073 2286
1228 2071
1603 3442
1183 2088
1094 2293
1342 1936
2781 2095
1099 2351
1353 1942
1458 1897
2048 3295
1246 2111
1211 2265
1416 1955
1900 4056
1038 2876
1655 1682
1437 1963
2366 3613
1277 2246
1507 1871
1325 2251
2662 3594
1216 3198
1366 2183
1193 2468
2540 5012
1527 2491
1624 1841
1450 2198
2909 4893
1636 2367
1285 2591
1521 2194
3206 4526
1465 3070
1508 2382
1433 2693
3752 3830
1467 3167
1570 2436
1744 2678
3080 5139
1620 2762
1652 2780
1730 2765
3474 4612
1840 2561
1593 3111
1590 3146
3578 4858
1584 3583
1684 2929
1679 2945
3536 5199
1775 3190
1721 2913
1872 2770
3544 5611
2298 2619
1787 2990
1651 3335
3689 5756
1958 3259
1768 3208
1876 3237
3718 5861
1838 3502
1844 3427
1983 3271
3853 5876
1831 3756
2005 3246
2012 3269
3896 6133
2142 3147
2014 3414
2396 2915
5446 5245
1713 4150
2036 3418
2136 3388
4866 6892
1807 4136
2269 3199
1975 3821
5024 6797
2143 3577
2149 3438
2341 3371
4844 7068
3285 2572
2186 3614
2450 3299
5713 6110
2393 3692
2430 3552
2340 3863
5782 6180
2528 3661
2388 3788
2428 3823
2303 4366
2210 4496
2737 3565
2398 4157
2485 4128
2411 4381
2673 4098
2416 4689
2999 3718
2779 4018
3093 3615
2660 4376
2804 4005
2661 4326
2650 4468
2253 5247
2325 5122
2619 4549
2748 4428
2712 4401
2823 4222
2349 5305
2423 5179
2867 4569
3145 4009
2535 5051
2716 4869
2216 6159
2720 4922
2963 4696
2573 5187
3159 4397
2897 5204
2870 4851
3311 4119
3266 4673
3052 4736
2616 5425
3211 4820
2719 5340
3107 4771
3027 5094
3385 4284
3084 4953
3272 4789
2811 5378
2758 5579
3064 5148
3397 4630
3460 4631
3255 5134
3300 4912
3246 5146
3465 4914
3344 5047
2345 7209
3244 5423
3371 5143
3318 5224
2845 6482
3186 5887
3983 4498
3374 5399
3258 5672
3548 5156
3155 6267
3302 5731
3501 5272
3588 5182
3783 5079
3094 6432
3408 5696
3005 6943
3976 4990
3452 5824
3562 5498
3701 5371
3419 6066
3583 5709
3924 5207
3757 5532
3702 5509
3610 5681
3613 5784
5029 4112
3741 5539
3599 5919
3468 6613
3320 6668
3971 5373
3611 6398
3628 6383
4105 5714
3778 6316
3521 6931
3929 6242
4000 6114
3816 6555
3826 6592
4778 5206
4731 5261
3767 6957
4032 6520
4100 6466
4487 6412
4086 6590
4721 5607
4837 6616
4747 5591
5202 5114
5130 6507
4247 6599
4005 7003
4700 7112
4520 6607
5249 5589
5048 6882
4779 6645
4711 6793
6162 5758
5122 6825
5401 6643
5631 6628
6174 6181
6981 6562
