971269144 1147732554
1
sift 103
214 722
320 890
27 73
40 89
260 824
348 933
100 185
139 259
356 1226
434 755
185 383
250 551
449 1017
530 891
259 902
441 1049
959 2495
689 1382
523 1098
643 1786
1124 2663
681 1647
740 1594
677 2067
1134 3234
1315 2199
716 1897
826 1577
1172 3301
1649 2843
1189 1395
931 2479
1308 3268
1687 4278
1111 2055
1019 2538
1587 4069
2070 2899
1174 2119
1218 2425
1644 3752
1348 7936
1262 2717
1553 2036
1992 3725
2347 3662
1457 2204
1405 2506
2180 4371
2500 4933
1276 3127
1497 2731
1815 6186
2383 5399
1659 2444
1533 3237
2403 4829
2590 4808
1145 5890
1548 3431
2524 4820
3244 6037
1493 3811
1504 3772
2250 6807
3529 7909
1778 3711
1859 3528
2576 5809
4742 7220
1615 4955
1670 6323
4606 6777
6151 7169
1893 4713
1923 4976
1943 4980
2084 4739
2238 4788
2116 5489
2027 6983
2324 5683
2310 5729
2925 4920
3187 4890
2876 6342
3398 5264
3106 6279
3664 5206
2949 7204
3503 5910
3413 6349
3339 6640
3427 6391
3452 6649
4227 4927
3081 7784
3809 6074
3845 6270
4688 6293
4377 7459
5210 6360
5849 7884
971269144 1256872597
1
sift 861
260 427
135 156
2 2
91 111
7 7
11 13
300 399
204 271
10 11
168 264
20 30
30 37
386 514
265 356
35 63
347 391
42 54
43 55
515 764
291 337
53 61
431 653
93 68
56 64
735 1100
424 545
45 95
582 1046
100 137
50 90
778 1358
442 807
65 86
789 1045
194 266
71 93
1308 1518
635 936
88 103
969 1601
220 251
104 91
1387 2058
877 1536
112 83
1132 1704
232 317
107 138
1246 2484
1070 1374
117 121
1184 1723
259 299
141 141
1973 1985
1213 1198
178 175
1399 1983
292 412
156 236
1798 3193
1153 1818
186 210
1518 1867
321 466
179 253
2246 3367
1883 2001
172 288
1760 2081
367 462
193 257
2403 3361
2070 1874
202 247
1187 4053
346 617
209 301
3157 3579
2160 2287
223 339
2204 2441
399 594
253 297
3065 3693
1695 3397
250 325
2230 3086
583 835
247 347
2814 4081
2008 2793
244 361
2493 3381
473 1170
279 308
4138 3245
2005 3409
306 274
3334 2771
633 931
256 432
4004 3384
2347 2846
277 411
3178 4543
643 908
275 425
3052 4669
2728 3297
288 430
3447 6014
655 921
334 444
3593 5436
3468 3538
325 483
4714 4794
670 934
323 532
3749 5512
2609 5100
350 502
4508 5768
657 1020
351 566
4083 5405
3088 4336
369 534
4535 6615
808 920
377 553
3946 5772
3507 4009
405 568
5398 5894
783 979
395 612
4320 6440
4865 3074
438 590
4554 7092
886 854
451 579
6197 7573
3977 3957
403 651
4929 7345
740 1080
465 616
7173 7734
3728 4625
412 702
6356 6341
800 1054
547 533
7190 8290
3911 5209
503 633
5708 7571
823 1064
444 723
7609 7867
4163 6430
617 540
5531 9068
793 1182
470 732
7963 8398
4740 6283
482 725
6789 7239
837 1143
481 759
8241 3979
601 649
6468 8043
848 1158
525 727
5652 5683
469 839
6446 8922
881 1167
495 776
5060 6197
476 851
1111 1207
665 628
5528 6269
489 826
1061 1494
519 806
5819 6688
534 821
1454 1256
668 691
6579 7096
507 956
1291 1399
540 955
6051 8331
594 874
1089 1834
627 815
6163 9045
544 1082
1063 2028
669 832
8544 7052
609 968
1112 1942
636 901
7784 8123
620 959
1158 2049
604 1041
8286 7885
602 1063
1421 2004
678 938
644 1034
1660 1733
671 992
781 885
1504 2054
913 760
756 948
1320 2630
828 892
722 1042
1790 2177
624 1268
807 990
1511 2886
641 1269
765 1092
1651 2920
795 1069
923 964
1941 2487
745 1172
948 999
2253 2357
773 1228
1039 972
1903 2945
799 1249
1077 952
1875 3185
760 1388
918 1179
2084 2832
902 1229
838 1294
2051 2897
997 1151
919 1245
2169 3423
991 1194
805 1485
2424 2949
942 1261
867 1379
2341 3500
924 1385
915 1401
2630 3233
928 1439
1015 1367
2678 3237
1058 1303
1064 1340
2944 3715
1034 1415
957 1546
3033 3631
955 1566
908 1712
3398 3654
1103 1369
1052 1456
4683 2714
988 1609
1131 1343
2914 4316
1091 1465
1127 1418
3414 3824
1142 1414
1121 1457
3164 4131
1065 1594
1114 1501
2925 4408
1036 1663
1156 1449
2820 4760
1062 1656
1189 1424
3298 4299
1323 1319
1098 1655
3690 4203
1211 1484
1567 1221
3845 4154
1191 1556
1216 1533
3925 4153
1200 1555
1151 1683
3339 5139
1194 1608
1154 1685
3313 5185
1346 1516
1122 1835
3756 4653
1253 1641
1113 1946
3985 4360
1273 1697
1022 2344
3394 5462
1354 1613
1284 1694
3513 5551
1470 1523
1264 1750
3886 5076
1177 1939
1386 1670
3847 5480
1553 1509
1261 1833
4227 5064
1202 1964
1119 2192
5214 4966
1329 1782
1235 1986
4964 5338
1317 1866
1208 2082
4441 6070
1318 1893
1238 2029
4925 5465
1229 2089
1352 1887
4307 6324
1506 1749
1433 1896
5403 5323
1243 2280
2052 1342
4749 6042
1328 2096
1356 2045
4923 5901
1338 2075
1548 1792
4539 6710
1442 1933
1619 1771
4758 6485
1365 2201
1359 2218
4864 6455
1556 1898
1418 2122
5359 6075
1585 1880
1423 2138
5014 6428
1513 2032
1484 2107
5486 6380
1462 2161
1521 2131
5463 6564
1581 2047
1445 2312
5273 6910
1451 2313
1570 2112
5164 7130
1714 1894
1754 1829
5558 7323
1498 2333
1489 2397
6305 6858
1559 2270
1501 2417
6005 7696
1680 2127
1707 2093
5155 9024
1738 2022
1676 2253
6739 6767
1458 2650
1632 2391
5787 8509
1700 2251
1763 2125
6271 7758
1743 2228
1765 2223
6744 7032
1592 2626
1749 2374
6369 7589
1645 2612
1747 2416
5935 8503
1925 2150
1904 2276
7431 6711
1717 2645
1773 2521
6072 8811
1766 2565
1641 2905
6453 8572
1850 2443
1497 3402
7860 7217
1762 2649
1847 2511
7698 7497
1882 2462
1966 2395
8285 7415
1779 2707
1748 2785
1803 2691
1697 3069
1821 2701
1580 3571
2023 2490
1929 2592
1893 2635
1727 3037
1736 3002
2061 2453
1849 2741
1994 2594
1942 2652
1857 2805
1852 2808
2139 2500
1781 3111
2287 2412
1823 3053
2127 2599
2113 2633
1774 3328
1928 2961
1961 2927
1795 3404
1871 3177
1788 3518
2201 2720
1809 3489
1915 3194
1964 3108
2421 2536
1958 3207
2192 2801
2256 2711
1989 3126
1972 3220
2096 3046
2042 3203
1974 3454
2080 3290
1920 3721
2199 3144
2059 3483
2091 3551
2318 3116
2343 3091
1978 3881
2486 2909
2290 3295
2166 3595
2419 3139
2408 3200
2431 3219
2298 3554
2278 3611
2348 3498
2299 3626
2291 3684
2325 3665
2610 3149
2629 3142
2468 3512
2117 4271
2302 3886
2581 3336
2412 3691
2356 3795
2660 3283
2546 3495
2618 3386
2497 3613
2476 3688
2361 3917
2709 3316
2351 3994
3320 2803
2570 3617
2382 4001
2429 4054
2390 4123
2532 3862
2339 4289
2558 3850
3293 2980
2731 3606
2798 3531
2586 3864
2656 3784
2846 3525
3187 3178
2933 3449
3434 3021
2415 4403
2483 4224
2641 3959
3667 2913
2838 3690
2793 3754
2405 4490
3231 3304
3106 3507
2710 4006
2571 4261
3079 3598
2620 4212
3516 3249
3495 3302
3216 3576
2622 4359
2681 4292
2758 4176
2972 3912
3053 3835
3235 3678
2934 4018
2860 4133
3368 3599
3437 3565
2879 4161
3308 3706
2938 4080
3385 3620
3222 3797
3061 3958
3647 3455
3010 4077
2867 4296
3341 3816
3679 3502
3133 4129
3671 3625
2422 5820
3618 3725
3452 3903
2986 4469
2811 4851
2175 7256
2971 4596
3120 4452
3604 3969
3025 4591
3613 4019
2825 5113
3698 3988
2832 5231
3192 4571
3387 4367
3873 3924
2776 5614
3332 4553
3401 4474
3416 4493
3246 4811
3005 5281
3927 4005
3129 5089
3518 4559
3550 4545
3664 4456
3344 4912
3477 4731
2773 6142
3430 4783
3260 5122
2685 6382
2865 6101
3580 4752
3602 4715
3251 5418
3825 4500
3488 5018
3611 4828
3835 4568
3331 5506
3377 5433
3703 4871
3056 6098
3299 5665
3824 4749
3407 5498
2970 6287
3378 5616
3738 5016
3866 4764
3732 5074
3511 5527
3402 5725
3382 5951
3840 5184
4052 4754
4558 4278
3884 5226
3885 5243
3723 5599
4116 4776
3722 5656
3692 5722
3724 5765
3924 5322
3834 5574
4131 4969
3973 5364
4176 4979
4774 4380
5352 4023
4008 5355
4148 5069
4852 4357
3903 5735
4104 5262
4185 5150
4746 4514
3887 5856
5064 4322
3989 5657
3790 6078
4125 5410
4180 5370
3960 5880
3856 6120
4067 5682
3915 6066
4182 5600
4547 5056
4608 4989
4041 5919
4319 5490
4407 5434
4244 5794
4331 5661
4915 4910
4350 5782
4370 5826
4284 5982
4514 5597
4857 5268
4186 6151
3975 6591
4890 5257
4560 5687
5536 4662
4161 6246
4031 6491
4563 5751
4170 6376
6102 4402
5521 4865
5418 5087
5720 4884
4397 6392
4181 6724
5729 4957
4505 6273
5208 5496
5024 5711
4238 6748
7144 4095
4887 5921
4029 7252
5350 5473
4442 6525
5920 4947
4631 6264
5624 5282
4520 6443
4916 6018
4308 6857
4380 6762
4681 6321
4250 7044
4124 7454
4315 7203
4690 6544
4679 6582
4210 7493
4537 6798
4526 6835
5007 6241
4584 6805
5004 6297
4401 7226
5947 5413
4650 6716
4293 7532
4440 7279
4763 6687
4797 6685
4788 6735
5247 6228
4849 6669
4382 7533
4259 8109
5070 6557
5784 5929
4619 7250
5858 5892
5071 6645
4716 7162
5018 6717
5289 6437
4552 7512
6086 5731
4793 7191
4262 8450
4868 7080
6070 5865
4588 7633
6067 5888
4831 7258
6063 5968
4809 7381
4928 7372
5468 6677
6349 5828
5215 7030
5583 6682
4542 8436
5385 6934
4799 8032
4983 7662
5856 6537
5440 7013
4876 8024
5074 7593
5492 7001
5028 7743
5325 7320
5462 7109
5380 7246
4863 8187
5234 7499
5546 7050
5863 6756
5185 7654
5677 7154
6073 6674
5263 7917
5272 7942
5145 8209
5217 8117
5968 6969
5835 7158
6250 6636
4731 8985
5923 7134
5563 7695
5130 8430
5880 7260
5572 7739
5402 8059
6850 6201
5556 7900
5762 7574
5830 7519
5796 7583
5502 8096
5307 8419
6160 7105
6419 6715
5961 7427
5367 8458
6171 7307
4956 9079
6423 6931
5309 8871
5576 8589
5808 8278
5902 8160
6319 7436
5998 8126
6700 6981
6206 7979
6240 8134
5437 9107
5797 8929
7265 6964
7475 6836
6845 7451
5860 9051
6409 8336
7241 7200
6376 8399
6640 8026
6990 7636
5794 9124
6464 8434
6225 8865
7038 7644
7883 6892
6673 8178
6278 8825
7581 7174
6880 8009
6934 7978
7374 7568
7319 7702
6480 8783
6542 8748
6663 8601
6632 8775
8092 7318
7124 8296
7008 8449
8123 7386
6571 8995
7304 8497
7383 8407
8436 7545
6775 9082
7910 8176
7056 9016
7943 8343
8407 7861
6784 9120
7852 8481
7655 8856
7799 8797
8760 7930
7912 8905
7775 9036
8096 8920
7960 9006
8623 8708
971269144 1584042216
1
sift 403
260 111
38 22
87 34
320 276
139 105
356 188
182 127
185 144
414 344
259 118
778 436
240 165
183 189
426 380
230 158
1304 593
265 180
247 151
1163 828
257 159
1296 606
340 205
294 190
1486 1010
292 193
1369 609
348 296
267 251
1687 1181
325 195
1308 655
400 311
357 198
2427 1719
323 218
1428 657
423 325
332 237
2790 2124
330 268
1583 634
681 373
401 294
2951 2084
441 323
1525 696
635 459
451 349
3641 2136
380 396
1193 801
545 565
552 324
3022 2669
455 391
1815 718
689 542
575 455
3316 3476
523 484
2159 1188
929 618
636 458
3727 3798
783 493
1901 1321
1024 643
736 534
3909 3917
649 650
1825 1551
1025 686
837 563
6259 4799
900 580
3052 1221
786 1011
726 690
7252 4603
888 600
2649 1482
1251 729
919 601
7026 4836
1320 499
2254 1694
1027 940
826 693
6721 5273
774 749
2271 1955
1415 763
830 717
8420 5903
956 723
2684 2159
1398 873
1019 765
8957 5921
920 831
2837 2056
1315 1152
1033 758
9054 6119
896 901
3946 1681
1125 1367
1359 705
1127 848
3747 1773
2082 1107
998 973
1058 945
3821 1753
1225 1776
1504 761
809 1396
3593 2062
2373 1622
1669 820
1513 871
4658 1711
2036 1997
1284 985
931 1331
3855 2397
2189 2102
1216 1046
1405 963
4083 2267
2347 2192
1523 925
1557 924
3642 2596
2936 1854
2026 827
1420 1096
3871 2438
2597 2626
1189 1227
1645 1017
4464 2261
3544 2063
1244 1276
1660 1062
4503 2244
2770 2480
1235 1311
1314 1256
4443 2327
3529 2494
1618 1103
1533 1195
5428 2238
3991 2302
1430 1337
1349 1427
3565 3310
3870 2392
1530 1284
1537 1436
4097 2967
3728 2543
1333 1639
1700 1382
6790 2220
4163 3153
1553 1538
1827 1317
5573 2591
4023 3430
1904 1339
1640 1619
5930 2607
5019 3017
1506 1763
1730 1561
4606 3376
5472 2984
1850 1526
1670 1724
5548 2971
4647 3490
1778 1634
1727 1695
4582 3600
4504 3625
1272 2482
1735 1780
6042 2866
4860 3560
1966 1636
2079 1638
6077 3403
3997 4259
2027 1658
2334 1527
8187 2977
5382 3752
2336 1525
2287 1579
7216 3609
5534 3817
1818 1982
2249 1689
6428 4064
5528 3827
2020 1845
2308 1688
7822 3659
5061 4263
2251 1774
2348 1804
7074 3894
5059 4295
2626 1697
2338 1901
5657 4993
5679 4015
2464 1830
2417 1915
7408 4036
5239 4457
2149 2200
2444 1966
7146 4356
6237 4037
2578 1853
2542 1883
7627 5224
6052 4756
2630 1932
2650 1960
8694 5695
7634 4051
2773 1928
2399 2274
6973 6918
5511 5433
2681 2255
2753 2343
8943 5842
8440 4131
3300 2041
3237 2081
7300 8365
7736 4889
3839 1931
3308 2306
8472 7680
8762 4652
3192 2390
2933 2545
8819 8357
8220 5070
2798 2665
4176 1987
7545 5555
3081 2682
3503 2472
7071 6149
3847 2393
3207 2892
9040 5156
3187 2942
3033 3207
8493 5651
3380 2910
3613 2811
8556 6783
3495 2906
4261 2427
4360 2419
3428 3096
4079 2634
4290 2538
3738 2978
3359 3471
4045 2813
3677 3253
3413 3543
3863 3090
4186 2805
3957 3117
4775 2614
5042 2524
4925 2610
3144 4100
3889 3393
3856 3439
6369 2258
4637 2810
2815 4733
4284 3102
4067 3302
4911 2733
4078 3335
4964 2784
3836 3755
3320 4327
4585 3128
4601 3161
5123 2950
3407 4464
4008 3819
4407 3509
4957 3094
4029 3912
4126 3882
5007 3424
4135 4057
5145 3400
4994 3503
4185 4076
4943 3673
5401 3435
4403 4099
5031 3756
4699 3967
4557 4104
5263 3706
5370 3676
4377 4284
5209 3814
5358 3767
4983 3970
5733 3655
4712 4214
4649 4274
4923 4219
4510 4902
5073 4433
4949 4707
4887 4762
4885 4765
4817 4866
4635 5049
4891 4852
4516 5298
4690 5130
5343 4617
4978 5026
6880 3954
5561 4768
6561 4182
6364 4394
6382 4413
6567 4439
6409 4561
6221 4771
5856 5176
6109 4956
7005 4382
5863 5381
6842 4579
5970 5311
7717 4411
6204 5458
6317 5492
6102 5705
7745 4721
5575 6298
6732 5334
7068 5118
7069 5128
6702 5473
6528 5632
6974 5491
9027 4374
6339 6015
6425 5989
6955 5791
6098 6776
6179 6679
7148 5820
8576 5113
8108 5463
6885 6128
7456 5819
7872 5767
7900 5822
8498 5729
8525 5843
6756 7033
7669 6392
6875 7236
7672 6680
7187 7100
8706 6164
8461 6451
6731 8137
7960 7159
8554 6808
8314 7096
8751 6965
8997 6761
8442 7397
8606 7267
7655 8180
7755 8121
8901 7068
9062 6828
9088 7058
971269144 1738048405
1
sift 67
139 73
5938 7275
131 130
183 96
249 171
366 207
441 232
455 270
830 302
716 378
736 467
1019 522
931 594
1265 622
1118 843
1405 731
1516 825
1670 965
2364 1108
2338 1133
2238 1544
2794 1485
3277 1377
1699 2984
4732 1404
2876 2066
3214 1887
3337 2043
3495 1979
3359 2170
3452 2318
3210 2465
3413 2392
5211 1962
3939 2415
3368 3157
4126 2654
4891 2579
4399 2908
6040 2351
4994 2784
4949 3090
4943 3502
5857 3239
6149 3113
5491 3495
4391 4151
4885 4115
6916 3445
6221 3838
6885 3803
4093 6375
6733 4212
8473 3737
7003 4276
5561 5843
7980 4712
5849 6302
8310 4678
7167 5312
6473 6219
5773 7437
6317 6701
7548 5942
7575 6668
8769 6070
7973 6784
971269144 2102469315
1
sift 52
35 71
210 408
211 475
375 777
381 890
395 908
412 1145
562 1377
555 1548
620 1563
799 1717
765 1870
1052 1741
1091 2408
1238 2516
1352 2410
1151 3445
1229 3284
1346 3187
1619 3047
1365 5091
1766 3366
1521 4536
1495 5096
1489 5435
1823 3806
1632 5334
2335 3560
1961 5145
1907 5733
2207 4645
2431 4759
2290 6061
2622 5223
2468 6597
2340 7741
2656 6574
3434 5183
2722 7098
2618 7944
2867 7687
3120 7262
3257 7242
2986 8196
4608 5285
3284 8790
3722 7762
3824 7814
3488 8761
5486 5785
4778 6999
5971 8126
