1162772251 1196896543
1
sift 518
104 122
22 36
71 87
37 55
142 167
62 85
123 144
65 84
189 181
66 82
136 147
89 113
212 197
94 118
144 163
128 143
323 269
138 155
161 174
179 173
480 387
190 215
194 170
177 198
894 736
230 216
184 185
193 206
958 715
236 227
229 192
220 210
2204 1880
316 299
242 240
310 253
2344 1920
334 395
286 267
270 292
2468 2257
407 374
349 246
322 266
2901 2439
435 365
341 294
411 297
2845 2668
391 390
419 316
426 334
3248 3200
396 397
384 358
418 348
3693 3540
456 388
454 350
477 351
478 444
443 402
447 407
538 436
463 433
472 440
615 448
496 437
437 488
539 540
526 465
569 464
600 503
578 462
562 534
586 554
597 510
616 500
623 523
529 658
626 541
674 550
646 551
624 577
661 598
633 588
639 607
705 605
689 580
752 535
648 774
726 564
688 606
808 700
725 574
822 511
971 722
699 639
710 649
891 791
714 667
691 697
872 866
792 603
682 731
948 846
1068 536
975 593
981 833
796 732
811 748
1066 814
925 679
1079 629
1065 854
849 771
869 763
1037 961
839 800
940 762
1131 862
832 877
1069 716
1056 942
1149 680
898 875
1027 987
965 815
1020 809
1146 944
1074 768
992 890
1007 1348
1138 769
976 928
1229 1035
990 915
1070 876
1205 1072
988 974
953 1024
1310 1114
964 1016
1033 947
1294 1159
1087 950
1013 1047
1314 1228
1035 1031
1102 1003
1435 1234
1005 1098
1132 993
1274 1487
1243 922
1175 1009
1659 1124
1326 927
1525 842
1433 1347
1009 1306
1325 952
1312 1529
1100 1218
1280 1049
1505 1344
1338 1030
1130 1247
1608 1340
1303 1054
1321 1053
1726 1222
1134 1328
1363 1076
1727 1270
1278 1199
1348 1136
1509 1488
1396 1107
1429 1093
1666 1338
1518 1052
1349 1165
1680 1332
1215 1334
1248 1301
1596 1426
1177 1429
1438 1166
1383 1626
1353 1289
1335 1336
1576 1511
1284 1409
1339 1331
1667 1451
1503 1174
1270 1439
1639 1518
1388 1305
1350 1374
1671 1505
1342 1401
1508 1263
2001 1476
1532 1244
1556 1224
1722 1735
1441 1400
1493 1373
1749 1732
1590 1317
1683 1235
1724 1776
1539 1369
1593 1350
1882 1664
1447 1489
1462 1502
1635 1951
1676 1311
1454 1532
1954 1669
1637 1389
1689 1503
1837 1754
1921 1288
1718 1500
1771 1875
1761 1454
1919 1330
1977 1702
1694 1566
1699 1602
2094 1642
1716 1658
1741 1644
1945 1789
1696 1692
1776 1597
1892 1862
1729 1673
1644 1811
1967 1801
1720 1761
2126 1475
1865 2031
2275 1390
2290 1391
2111 1815
1900 1666
2137 1540
1958 1960
1988 1641
1640 2027
2020 1935
2571 1377
2025 1679
2032 1946
1899 1752
1929 1747
2170 1863
1938 1764
1810 1934
2178 1943
1918 1790
2050 1718
2075 2052
2035 1738
2027 1758
2118 2020
1743 2169
2594 1525
2250 1989
1962 1905
2064 1867
2097 2152
2031 1900
2049 1893
2077 2193
1780 2293
1981 1984
2481 1852
1904 2102
2096 1902
2427 1901
2041 1975
1985 2059
2277 2075
2087 1953
2153 1952
2228 2137
1934 2197
1871 2308
2579 1903
2022 2121
2121 2015
2235 2181
2533 1759
2038 2132
2269 2158
2520 1772
2313 1930
2349 2097
2238 2009
2110 2156
2650 1929
1854 2512
2037 2267
2314 2249
2047 2270
2273 2066
2369 2304
2224 2146
2195 2184
2373 2368
2149 2241
2199 2213
2618 2222
3103 1655
2241 2188
2565 2286
2257 2185
1922 2573
2282 2656
2512 1981
2287 2236
2386 2565
2372 2164
2402 2140
2611 2470
2109 2467
2695 1972
2744 2496
2734 2007
2091 2612
2769 2494
2642 2096
2444 2294
2580 2820
2435 2330
2708 2099
2892 2490
2447 2325
2294 2486
2817 2657
2477 2323
2469 2340
2926 2572
2792 2073
2491 2353
2789 2817
2554 2319
2509 2369
3022 2606
2466 2415
2597 2301
3139 2543
2450 2442
2605 2307
2732 2964
2575 2350
2511 2424
2750 2996
2411 2541
3323 1872
3119 2619
2576 2408
2645 2398
3193 2592
2698 2372
2563 2528
3039 2711
2513 2654
2595 2609
2909 2848
2675 2559
2679 2564
3209 2595
2639 2630
2651 2649
2865 2908
2829 2463
2785 2508
2924 2943
3013 2311
2788 2547
3746 2400
2724 2646
3110 2348
2819 3177
3157 2329
2781 2671
2888 3075
3643 2085
3019 2451
3124 2824
2777 2697
2765 2715
3094 2912
2416 3146
2784 2718
4051 2034
2931 2582
2875 2642
2978 3104
2895 2635
2666 2891
3136 2983
2805 2731
2930 2611
3507 2830
3000 2579
3160 2480
3153 3117
3018 2596
3025 2586
3583 2947
3006 2626
3231 2481
3523 3003
3132 2554
2896 2855
3826 2937
2531 3360
3551 2391
3302 3441
3194 2638
3064 2743
3156 3618
3389 2546
3031 2809
3040 3700
2803 3098
2953 2926
3460 3456
3014 2876
3122 2814
3831 3151
3065 2881
3268 2739
3885 3153
3346 2698
3101 2892
3823 3371
2903 3163
3045 2980
3650 3595
2908 3179
3282 2793
3889 3344
3276 2825
3343 2777
3871 3465
3141 2971
3070 3113
3571 3737
3348 2871
3201 2986
3868 3664
3092 3175
3588 2776
3505 2868
3515 2884
3760 2724
3290 3071
3198 3256
3461 3067
3679 2889
3130 3394
3601 2966
3508 3050
3800 2858
3222 3362
3446 3180
3463 3183
3502 3172
3865 2852
3171 3505
3593 3142
3577 3193
3310 3491
3475 3350
3242 3570
3415 3403
3413 3405
3653 3232
3368 3534
3330 3580
3704 3247
3719 3281
3097 3752
3539 3543
3675 3429
3867 3285
3482 3663
3699 3536
3733 3515
4016 3074
3844 3424
3839 3442
3794 3538
3590 3690
3856 3479
3498 3742
3842 3507
3723 3658
3837 3621
3845 3616
3706 3721
3966 3480
3829 3638
3684 3753
4043 3264
3850 3739
4041 3431
3946 3720
3907 3745
1162772251 1256872597
1
sift 618
3 3
6 7
27 19
401 383
21 13
37 26
54 38
65 54
38 25
933 803
94 82
36 28
119 79
58 78
53 23
1328 1231
104 86
45 51
189 161
67 70
60 50
1884 1853
90 144
73 67
323 296
89 96
80 65
2219 1896
236 189
81 73
498 413
128 101
98 90
3541 2860
316 297
138 125
480 433
137 127
145 124
402 416
140 130
604 526
190 181
169 120
503 474
171 118
894 722
247 214
152 137
586 531
144 147
812 869
306 253
168 138
872 884
177 178
1095 827
391 407
184 174
948 993
233 168
1137 900
407 400
232 195
1229 944
219 218
1299 1139
423 394
273 188
1310 1130
251 242
1563 1334
396 455
279 220
1161 1416
255 251
1402 1486
478 397
249 260
1638 2270
269 252
1887 1533
435 456
290 266
1885 1875
315 264
1996 1773
456 438
310 272
1765 2113
286 298
2204 2029
389 535
321 289
1920 2178
342 292
2080 2375
559 505
339 314
2094 2014
311 337
2480 2009
648 475
356 305
2020 2166
347 327
2344 2481
600 565
447 291
2235 2051
383 328
2468 2609
594 605
362 368
2097 2608
421 354
2901 2197
673 546
443 406
2744 2452
500 366
3050 2259
674 625
409 440
2978 2512
517 405
3248 2509
705 624
477 452
3278 2618
544 411
2845 3211
615 718
489 463
3039 2861
386 556
3693 3346
661 777
573 399
3959 3004
493 471
808 793
437 519
3681 3422
568 436
890 923
562 453
540 476
891 962
526 494
575 450
1012 895
545 479
582 437
1000 946
571 483
572 484
971 994
626 459
574 501
1007 953
570 528
639 488
1027 973
606 540
607 537
1131 881
616 530
617 542
1205 1170
710 507
642 573
1383 1237
633 591
682 589
1314 1391
664 606
784 522
1274 1450
658 678
602 753
1435 1369
689 655
810 561
1312 1538
773 594
699 662
1509 1353
688 689
728 675
1659 1227
765 639
762 642
1448 1428
722 711
943 602
1505 1382
816 674
838 656
1433 1451
787 725
714 844
1680 1384
858 721
790 791
1576 1580
796 789
852 738
1608 1658
871 720
849 759
1727 1568
877 741
893 747
1668 1661
830 801
936 780
1740 1609
832 894
940 805
1666 1723
1077 768
985 840
1674 1767
1068 783
1114 763
1892 1549
1010 863
1019 857
1726 1726
976 942
1069 852
1722 1751
1013 925
856 1152
1671 1836
1043 951
1009 1013
1860 1748
1080 974
1192 875
1865 1761
1174 947
1132 1021
1771 1897
1272 906
1418 861
1725 2040
1087 1114
1086 1116
1954 1712
1202 1004
1147 1111
1997 1757
1276 1017
1235 1059
1833 1964
1222 1095
1390 1011
1967 1858
1302 1056
1253 1134
1882 1981
1415 1033
1199 1225
2650 1510
1296 1118
1298 1127
2001 1972
1321 1096
1278 1151
2099 1921
1213 1246
1265 1194
1803 2432
1079 1517
1370 1137
2111 2161
1333 1199
1450 1113
2075 2223
1439 1138
1350 1205
2118 2215
1326 1272
1248 1401
1958 2413
1363 1262
1342 1299
2228 2245
1325 1342
1601 1110
2212 2330
1270 1417
1394 1264
2277 2266
1460 1220
1585 1136
2358 2172
1347 1350
1593 1171
2427 2121
1354 1390
1348 1442
2269 2322
1704 1186
1595 1276
2314 2335
1464 1405
1477 1397
2250 2415
1303 1591
1497 1396
2152 2533
1365 1523
1539 1381
2458 2249
1475 1446
1637 1340
2369 2428
1553 1430
1429 1581
2373 2425
1922 1147
1518 1554
2386 2423
1710 1432
1714 1433
2565 2282
1549 1605
1501 1675
2286 2655
1737 1458
1502 1678
2170 2919
1404 1803
1684 1525
2732 2387
1462 1747
1889 1387
2178 3014
1751 1528
1694 1593
2580 2580
1776 1514
1816 1483
3119 2186
1700 1644
1715 1641
2926 2376
1862 1480
1943 1426
2865 2478
1676 1677
1773 1617
2769 2596
1846 1534
2043 1406
2481 2964
1686 1737
1905 1578
2611 2803
1769 1706
1900 1619
2789 2620
1811 1702
2044 1529
2750 2706
1841 1692
1938 1631
2615 3058
1959 1627
1916 1673
2707 2996
1844 1775
1733 1952
2692 3241
1783 1885
1858 1792
2817 3100
1956 1685
2290 1504
3094 2816
1732 2098
1748 2100
3124 3120
1965 1785
1951 1817
3145 3271
2070 1709
2003 1827
3022 3433
2242 1680
2188 1711
3801 2729
2046 1864
1962 1941
3139 3360
2108 1822
2085 1847
3264 3290
2383 1653
2023 1934
3136 3466
2126 1849
1878 2136
3302 3284
2019 1946
2293 1742
3372 3259
1994 2007
2038 1961
3456 3288
1728 2510
1927 2123
3529 3243
1854 2262
1904 2175
3571 3410
2248 1819
2201 1892
3731 3338
2091 2010
2469 1720
3523 3622
1934 2218
1968 2159
3583 3631
2516 1700
2137 1998
3777 3578
2367 1833
2109 2066
3890 3460
2123 2096
1974 2302
3831 3664
2092 2144
2394 1898
3996 3491
2339 1943
2552 1839
2067 2304
2900 1651
2121 2288
2514 1909
2068 2365
2278 2150
2375 2068
2271 2169
2413 2032
2569 1931
2186 2316
2324 2179
2150 2363
2390 2115
1859 2795
2434 2112
1991 2598
2257 2319
2425 2133
2486 2106
2329 2265
2402 2174
2527 2088
2294 2354
2313 2350
2714 1973
2415 2246
2273 2414
2523 2188
2193 2577
2595 2165
2510 2297
2225 2588
2669 2141
2035 2819
2627 2301
2491 2406
2550 2368
2629 2328
2526 2417
2537 2411
2705 2283
2475 2520
2647 2360
2511 2494
2749 2285
2631 2390
2597 2420
2681 2380
2037 3197
2605 2526
2757 2378
2677 2477
2397 2730
2573 2569
2698 2462
2723 2435
2651 2513
2377 2777
2683 2515
2529 2779
2674 2636
3080 2275
2805 2530
2645 2717
2636 2744
2675 2701
2747 2657
2466 3005
2762 2678
2864 2579
3337 2241
2719 2794
2718 2802
2679 2904
2894 2690
2958 2661
3043 2616
2953 2774
2664 3185
3817 2212
3133 2662
3381 2545
3114 2733
3014 2825
3454 2538
3229 2686
3122 2810
3058 2866
2928 3032
2782 3267
3101 2848
2908 3106
2424 3813
3242 2763
3505 2595
2796 3331
3070 2959
3250 2797
3176 2928
3838 2482
3195 2918
3167 2955
3360 2800
3228 2909
3276 2867
3008 3180
3158 3015
3308 2868
2985 3280
3479 2793
3064 3175
3538 2759
3470 2815
3092 3152
3602 2732
3247 3022
3171 3103
3588 2762
3255 3029
2999 3340
3275 3045
3141 3246
3310 3074
3324 3075
3055 3393
3473 2971
3100 3356
3249 3202
3564 2932
3599 2902
3489 3033
3419 3098
3172 3374
3031 3585
3295 3303
3476 3140
3415 3196
3443 3293
3410 3335
3620 3125
3948 2784
3926 2833
3659 3149
3704 3129
3714 3132
3502 3365
3491 3379
3457 3414
3667 3193
3520 3395
3382 3592
3719 3269
3761 3249
3374 3657
3447 3632
3697 3392
3482 3649
3811 3383
3807 3446
3695 3579
3881 3337
3725 3571
3911 3302
3834 3441
3535 3784
3798 3607
3696 3769
3844 3644
3923 3554
3884 3735
3837 3821
3932 3771
4001 3706
3829 3873
4038 3725
1162772251 1308641291
1
sift 328
11 25
133 104
46 48
64 73
115 102
233 201
144 166
206 169
182 181
262 348
177 195
205 252
239 241
342 309
308 250
246 247
250 286
380 378
369 301
290 264
261 326
493 422
376 424
309 316
296 336
581 570
427 490
299 331
315 324
568 596
472 533
339 339
327 385
563 639
569 610
304 410
355 480
571 652
633 607
358 486
467 427
863 854
671 735
489 482
444 540
1147 1260
710 800
426 551
500 512
1240 1342
796 823
411 579
517 520
1235 1464
854 898
565 474
529 522
1370 1398
1175 899
501 549
544 529
1415 1450
977 1093
547 535
540 573
1390 1696
1132 1086
545 577
574 625
1474 1629
1133 1140
751 608
621 741
1700 1660
1139 1183
681 710
729 714
1842 1742
1455 1053
760 701
752 750
1844 1977
1308 1241
773 719
762 782
1914 2098
1336 1289
785 816
830 789
2728 1695
1348 1290
794 887
824 1004
2249 2020
1497 1202
915 963
908 1049
2036 2374
976 2081
927 1065
906 1096
2561 2053
1362 1485
985 1044
1048 1078
2113 2446
1689 1436
1040 1148
1101 1123
2346 2375
1350 1882
1067 1329
1164 1286
2486 2377
1357 2079
1202 1291
1197 1333
2023 2817
1731 1770
1306 1228
1242 1337
2537 2325
1900 1713
1419 1405
1335 1523
2631 2313
2062 1590
1332 1533
1395 1487
2757 2476
1776 1877
1424 1482
1380 1621
2573 2831
1852 1999
1773 1301
1501 1548
2494 2973
1733 2304
1575 1522
1684 1411
2514 2947
1841 2171
1862 1267
1699 1505
2916 2589
2440 1797
1710 1559
1556 1956
2976 3024
1916 2236
1795 1692
1799 1766
3602 2812
2004 2119
1737 1860
1636 1976
3114 3201
2186 1980
1943 1638
1846 1744
3576 3814
2012 2235
1870 1825
1805 1920
3987 3741
2069 2259
1966 1814
1959 1975
4035 3645
2037 2346
1902 2134
2102 1970
2313 2088
2005 2078
2014 2090
2137 2323
2456 1816
1989 2238
2371 2166
2019 2209
1908 2385
2210 2311
1986 2297
2081 2204
2402 2184
2238 2085
1985 2378
2279 2337
2048 2316
2179 2207
2273 2357
2209 2231
2131 2344
2839 1961
2367 2267
2190 2455
2257 2452
1921 2822
2236 2470
2329 2392
2550 2216
2345 2401
2425 2361
2298 2485
2231 2556
2557 2373
2320 2497
2383 2437
2338 2619
2471 2380
2422 2420
2931 2101
2449 2414
2525 2358
2047 2929
2725 2217
2328 2570
2444 2582
2376 2605
2503 2517
1924 3284
2516 2560
2466 2617
2560 2675
2617 2532
2554 2694
2675 2745
2253 3064
2523 2861
2701 2744
2683 2723
2627 2791
3084 2425
2880 2674
2645 2804
2632 2932
2791 2760
2805 2741
2719 2883
2856 2706
2533 3144
2540 3208
2723 3005
2796 2887
2788 2945
2734 3044
3000 2770
3089 2742
2875 2927
2908 2959
2646 3511
2756 3173
2710 3240
2999 3062
3046 2850
2822 3092
3284 2842
2930 3009
3071 2892
3132 2970
3065 3097
2975 3146
3064 3063
2829 3391
2894 3256
2803 3428
2928 3264
3101 3060
3014 3180
3155 3050
3076 3136
3176 3126
2773 3569
2853 3481
3443 3002
3138 3162
3294 3042
3912 2687
3418 3011
3379 3083
3699 2873
3174 3253
3177 3266
3256 3273
3422 3072
3402 3160
3218 3499
3511 3225
3641 3130
3330 3436
3533 3244
3621 3204
3070 3723
3540 3301
3171 3636
3760 3210
3426 3419
3345 3598
3538 3521
3508 3457
4046 2702
3714 3359
3498 3501
3251 3804
3811 3470
3322 3862
3554 3663
3939 3307
3824 3400
3619 3648
3685 3754
3404 3860
3956 3297
3684 3853
3697 3707
3891 3538
3844 3835
3653 3803
3899 3624
4013 3576
3999 3599
3935 3752
3898 3882
3972 3850
4041 3580
4005 3946
4045 3883
1162772251 1339724796
1
sift 498
54 74
22 37
25 40
37 62
142 158
58 75
71 87
65 82
189 192
62 88
123 133
66 84
212 202
89 110
136 130
128 147
1932 2002
138 148
141 138
144 161
2468 2255
198 169
161 153
194 168
2901 2360
216 175
177 188
184 178
190 208
193 205
229 198
230 210
249 227
236 223
316 296
242 237
310 249
334 385
322 262
286 279
402 336
297 294
285 326
391 400
328 356
384 358
407 390
426 349
418 355
396 402
419 370
435 382
456 408
447 406
443 414
478 458
496 446
437 500
538 436
441 523
472 499
615 442
526 485
578 468
594 479
569 492
515 552
600 480
562 540
597 519
661 551
626 541
646 559
648 562
529 720
674 557
705 631
657 599
689 573
673 689
633 630
675 596
808 749
752 542
627 670
872 758
688 614
726 595
891 794
725 603
807 533
971 769
678 664
699 652
948 788
822 527
710 669
981 925
682 726
691 730
1027 912
1068 535
796 718
1065 883
811 756
925 710
1066 884
902 731
869 763
1056 975
839 802
966 727
1146 976
898 793
1149 660
1007 1324
870 847
832 923
1205 1093
940 816
965 850
1228 1115
1020 854
976 903
1324 1143
992 919
1033 877
1435 1155
1009 932
990 967
1421 1200
1138 822
988 1005
1294 1336
964 1033
1070 941
1319 1341
1087 997
1013 1076
1314 1368
953 1141
923 1237
1274 1523
1102 1016
1100 1056
1596 1249
1326 907
1525 870
1433 1414
1243 1043
1338 1021
1312 1572
1518 978
1130 1311
1505 1364
1349 1077
1321 1164
1680 1277
1248 1275
1278 1247
1509 1471
1348 1197
1215 1363
1608 1409
1353 1231
1177 1500
1726 1304
1438 1203
1270 1396
1666 1371
1376 1284
1284 1416
1383 1651
1388 1297
1339 1342
1639 1426
1497 1217
1503 1220
1727 1340
1532 1207
1396 1346
1576 1556
1556 1228
1342 1444
1667 1554
1441 1378
1447 1376
1659 1559
1350 1489
1429 1399
1671 1562
1427 1412
1508 1326
2001 1296
1595 1293
1357 1545
1546 1745
1539 1391
1642 1318
1722 1640
1454 1518
1590 1397
1724 1747
1462 1528
1593 1433
1749 1765
1683 1375
1571 1547
1954 1609
1560 1565
1637 1501
1967 1612
1676 1467
1718 1447
1771 1798
1699 1472
1921 1261
1837 1759
1689 1525
1696 1594
1892 1736
1633 1660
1644 1698
1628 2112
1694 1661
1729 1664
1860 1800
1741 1659
1761 1641
1977 1734
1640 1784
1720 1718
1882 1807
2027 1465
1776 1683
1635 2242
1919 1563
1900 1677
2094 1744
1779 1838
2571 1366
1865 1975
1965 1704
1899 1768
1945 1903
2126 1631
2025 1706
2111 1828
1929 1776
1743 1991
2020 1910
1938 1813
1918 1833
2170 1862
1980 1804
1962 1825
2032 1961
2137 1746
2345 1647
2250 1869
2049 1786
1810 2060
2235 1942
2031 1842
2520 1681
2075 2145
2064 1891
2594 1653
2178 2085
2038 1977
2087 1969
2481 1885
1871 2265
1934 2162
2118 2183
2121 1958
2149 1946
2077 2305
1985 2142
2096 2037
2349 2061
1904 2282
2041 2149
2228 2217
2313 1905
2238 1993
2277 2192
2350 1906
1854 2485
2097 2423
2199 2074
2047 2227
2314 2257
2512 1865
1835 2559
2618 2008
2224 2096
2110 2220
2269 2323
2273 2124
2195 2198
2369 2239
2143 2247
2241 2186
2650 2016
2109 2318
2257 2196
2373 2367
2236 2313
2482 2118
3119 1844
2695 1944
2402 2179
2282 2569
2053 2552
2411 2202
2565 2349
2554 2132
2708 2005
2789 2176
2287 2392
2734 2034
2386 2577
2271 2434
2435 2281
3193 2027
2370 2357
2037 2713
2744 2452
2676 2119
2575 2197
2786 2544
2469 2326
2477 2330
2769 2565
2444 2369
2466 2375
2892 2481
2509 2345
3323 1812
2580 2909
2597 2295
2491 2420
2817 2702
3041 1980
2576 2391
2611 2973
2793 2210
2511 2491
3139 2495
2698 2350
2675 2489
2732 2939
2829 2379
2563 2648
2865 2778
2645 2574
2651 2571
2888 2768
2450 2789
2679 2566
3039 2656
2724 2541
3013 2284
2750 3013
2761 2519
2785 2511
2978 2764
2416 2969
3019 2386
3124 2664
3275 2229
2641 2780
2909 2902
2765 2658
2895 2545
2926 2905
2875 2573
3006 2508
3746 2397
3000 2528
2805 2732
3136 2771
2931 2601
3160 2450
3022 2871
3110 2505
3231 2421
2893 3269
2788 2800
2953 2623
3153 2966
3194 2488
3018 2605
3507 2704
3242 2475
2784 2868
2819 3371
3064 2641
3276 2517
3523 2715
3031 2681
2513 3384
3264 3147
3450 2457
3132 2654
3040 3451
3157 2684
2894 2941
3801 2804
2531 3485
3346 2599
3302 3310
3229 2685
3025 2831
3826 2908
3014 2849
2896 3014
3456 3379
2777 3196
3218 2726
3958 2984
3065 2853
3057 2929
3831 3244
3101 2926
2803 3320
3571 3505
3551 2626
3141 2937
3650 3459
3282 2815
3643 2584
3460 3621
3045 3066
3457 2750
3583 3539
3310 2864
3070 3125
3996 3097
3130 3078
2866 3408
3885 3328
3343 2891
3201 3106
3823 3385
3324 3030
3463 2947
3871 3515
3714 2756
3348 3044
3959 3453
3679 2822
3360 3096
3953 3743
3446 3028
3461 3021
3023 3438
3198 3270
3268 3209
3760 2848
3505 3082
3800 2827
3171 3395
3865 2791
3508 3141
3601 3086
3502 3197
4016 2670
3593 3184
3699 3101
3577 3252
3514 3317
3330 3486
3475 3431
3673 3276
3653 3298
3097 3741
3539 3510
3591 3466
3413 3626
3691 3427
3498 3597
3719 3479
3588 3583
3675 3533
3222 3749
3867 3389
3706 3572
4043 2992
3839 3460
3794 3543
3844 3491
3966 3524
3907 3636
3842 3699
3829 3714
4041 3618
1162772251 1431199262
1
sift 794
396 323
8 4
38 41
63 67
11 11
354 514
28 37
79 94
144 138
40 44
594 591
57 58
215 155
184 173
87 88
661 551
129 93
233 238
219 247
157 99
623 644
136 120
277 346
310 304
146 127
705 682
152 137
409 376
380 348
170 140
1012 1106
160 165
470 386
393 405
158 170
1312 1182
177 158
483 456
530 399
182 159
1205 1419
193 189
365 615
526 520
206 188
1545 1350
217 177
440 548
569 597
214 181
1674 1568
229 200
606 535
626 546
204 236
1803 1559
232 206
563 613
616 585
239 217
1671 1727
244 204
562 673
633 621
242 214
1722 2138
246 227
639 693
682 594
308 215
1771 2078
250 268
802 579
739 616
274 264
1865 2051
283 267
663 854
691 692
290 271
2001 2258
252 311
790 716
688 703
339 248
2111 2348
299 278
765 747
671 732
309 284
1997 2488
315 289
838 681
520 1043
304 299
2118 2658
328 295
791 850
699 741
342 294
2250 2571
327 305
769 923
689 798
369 269
2622 2260
279 358
819 851
714 815
341 307
2277 2711
355 297
844 847
825 721
343 336
2427 2657
356 324
873 841
720 880
358 392
2707 2398
376 383
862 930
796 853
382 402
2611 2581
371 412
852 969
803 922
560 287
2580 2619
377 449
871 958
932 799
397 425
2386 2860
422 413
999 1022
845 908
427 429
2923 2753
444 441
1009 1230
940 915
443 450
2769 3311
481 431
1104 1150
990 996
426 482
3022 2985
493 417
1150 1234
977 1063
517 395
3750 2762
464 460
1277 1224
976 1066
500 433
2926 3837
411 524
1414 1214
983 1056
489 466
3136 3807
472 485
1222 1698
1073 1065
467 496
3583 3538
496 494
1394 1473
1087 1059
501 492
3516 3760
529 472
1011 2374
1083 1110
547 480
3965 3350
544 501
1629 1311
1153 1128
513 536
3302 4164
561 502
1354 1609
1138 1220
540 528
3993 4072
545 530
1585 1508
1154 1391
581 500
514 584
1728 1427
1348 1229
568 532
565 540
1660 1523
1308 1330
571 556
627 506
1759 1478
1318 1363
578 560
572 572
1524 2278
1362 1356
485 729
574 608
2123 1696
1265 1569
599 577
692 511
1853 2027
1502 1341
564 662
597 641
2434 1690
1462 1409
583 664
621 646
1878 2193
1347 1530
757 526
619 679
1816 2553
1898 1138
646 660
681 633
2289 2031
1175 1836
642 669
640 685
2067 2270
1350 1672
690 652
579 826
2065 2275
1539 1502
751 631
710 690
1933 2512
1454 1665
704 699
725 720
3567 1484
1525 1630
657 795
734 715
2311 2345
1584 1635
837 622
744 711
2639 2245
1513 1709
789 671
955 583
2681 2222
1593 1748
834 680
762 775
2433 2496
1497 1886
771 763
773 762
2218 2796
2091 1566
860 706
830 737
2798 2248
1842 1804
794 783
752 838
2985 2103
1776 1875
721 924
795 825
2271 3036
1733 2033
896 793
883 804
2697 2873
1900 1806
760 1001
865 858
2107 3938
1843 1932
774 998
811 959
2761 2869
1814 1982
824 944
869 938
2747 2900
1800 2076
980 863
907 977
2782 2857
1874 2028
953 957
822 1114
2982 2697
1962 2047
915 1031
965 972
3097 2718
2121 2146
1034 914
908 1047
3242 2856
2026 2267
886 1088
930 1044
2584 3899
1960 2365
985 1005
1022 986
2718 3697
2105 2202
927 1085
992 1049
3524 2813
1991 2356
1064 974
914 1134
3774 2692
2478 1942
1079 976
1188 883
3295 3148
2247 2224
988 1075
1076 1003
3113 3643
2313 2227
1067 1014
1040 1053
3191 3590
2321 2387
924 1161
1373 831
3374 3883
2389 2332
1043 1076
1130 1011
3837 3286
2236 2511
1177 988
1113 1062
3514 3836
2466 2404
1085 1116
1078 1133
3520 3834
2257 2677
1133 1122
1152 1105
3753 3627
2444 2555
1052 1191
1149 1117
3695 3708
2354 2703
1418 965
1405 980
3751 3752
2485 2678
960 1545
1193 1143
3704 3827
2431 2732
1110 1273
1202 1162
3397 4121
2037 3215
1276 1129
1090 1387
3840 3671
2509 2676
1172 1288
1164 1321
3788 3930
2491 2710
1272 1196
1242 1267
3639 4151
2931 2362
1112 1510
1235 1368
2511 2791
1298 1282
1532 1164
2698 2672
1346 1303
1221 1492
2540 2808
1370 1382
1243 1583
2739 2679
1291 1515
1693 1159
2647 2754
1382 1424
1508 1300
2675 2872
1322 1514
1355 1472
2646 2918
1644 1211
1399 1460
2469 3314
1579 1293
1481 1402
2600 3083
1501 1388
1669 1243
2651 3132
1395 1504
1339 1589
2799 2995
1293 1660
1336 1611
3188 2742
1302 1666
1358 1602
2532 3689
1424 1578
1474 1543
2867 3254
1467 1565
1406 1640
3030 3201
1376 1685
1641 1432
2529 4152
1575 1524
1687 1463
2645 4034
1862 1328
1380 1803
3064 3240
1689 1537
1732 1511
3419 3020
1714 1548
1588 1703
3101 3435
1620 1680
1650 1671
2953 3712
1829 1490
1823 1505
3014 3632
1748 1613
1685 1670
2894 3926
1710 1689
1636 1766
3172 3450
1556 1839
1357 2143
3551 3054
1731 1715
1723 1725
3176 3472
1811 1649
1773 1707
3200 3490
1738 1740
1699 1781
3343 3321
1603 1883
1612 1881
3132 3646
1684 1810
1737 1779
3070 3842
1799 1728
1676 1837
2771 4198
1640 1913
2139 1482
3417 3657
2192 1467
1846 1723
3045 4142
1869 1714
1795 1786
3600 3526
1741 1872
2082 1604
3312 3964
1805 1808
1705 1940
3201 4069
1514 2272
1708 1957
3733 3578
2022 1677
2045 1668
3811 3821
1909 1822
1863 1861
3844 3962
1729 2080
1709 2197
3724 4202
1916 1867
1835 1977
3699 4233
1838 1994
1880 1938
1743 2186
1696 2349
1986 1870
1752 2269
1844 2085
1966 1964
1989 1955
2102 1858
1915 2064
1980 2030
1974 2043
2140 1904
2014 2042
1852 2289
1787 2436
1890 2243
1993 2098
1959 2162
1616 2874
2019 2095
2175 1986
2023 2140
2193 1979
2189 1992
2456 1811
1937 2294
2113 2089
2142 2066
2012 2220
1985 2265
2226 2022
2043 2210
2137 2111
2149 2130
2064 2241
2005 2339
2362 2006
2221 2120
2238 2115
2531 1898
2248 2132
2209 2216
2038 2410
1961 2514
2047 2414
2320 2110
2341 2102
2279 2176
2256 2213
2164 2318
2186 2305
2131 2367
2165 2363
2633 1949
1921 2734
2512 2062
2308 2287
2096 2492
2329 2281
2422 2170
2146 2467
2180 2468
2375 2273
2287 2396
2338 2351
2231 2455
2367 2340
2273 2431
2951 1851
2550 2181
2425 2316
2339 2420
2838 1959
2394 2377
2174 2640
2298 2538
2253 2588
2520 2355
2503 2406
2471 2447
2402 2502
2691 2263
2561 2389
2636 2333
2383 2576
2328 2665
2486 2485
2514 2461
3013 2015
2609 2393
2557 2448
2617 2417
2442 2598
2457 2586
2465 2645
2318 2786
2241 2871
2537 2565
2607 2487
2527 2584
2525 2592
3057 2090
2494 2668
2376 2782
2560 2601
2677 2491
2725 2454
2576 2617
2742 2473
2641 2570
2631 2610
2790 2430
2345 2886
3455 1975
2839 2411
2627 2680
2898 2386
2406 2910
2612 2779
2558 2820
2533 2867
2523 2878
2449 2944
2595 2810
2574 2838
2435 2984
2757 2699
2683 2798
2704 2785
2791 2707
2792 2724
2916 2608
2708 2825
2051 3981
2573 2994
2870 2706
2513 3103
2958 2671
2805 2805
2556 3102
2873 2793
2928 2797
2674 3081
2914 2858
3157 2685
2796 3000
3192 2684
2756 3075
2827 2959
2896 2922
2788 3042
2751 3109
2536 3547
3614 2452
2803 3077
2872 3037
2908 3009
3687 2462
2719 3370
2728 3389
2743 3395
3386 2701
3046 2929
3325 2770
2723 3478
2516 3915
2408 4050
3072 2972
2875 3212
2447 4056
3848 2479
3000 3095
2880 3301
2855 3392
3408 2821
3084 3066
3018 3126
3043 3111
3099 3069
3152 3044
3185 3059
2999 3339
2734 3928
3076 3228
3104 3205
3155 3158
3274 3067
3036 3368
2979 3489
3174 3198
3575 2901
3158 3244
3294 3094
3089 3382
3114 3342
3138 3330
3880 2733
3289 3145
3171 3319
3334 3115
3143 3362
3198 3309
3214 3297
3379 3108
3385 3133
3065 3620
3565 3031
3389 3160
3290 3315
2948 3861
3461 3204
3130 3658
3458 3232
3146 3691
3422 3306
3532 3164
3251 3560
3512 3302
3150 3831
3098 3909
3006 4022
3602 3242
3433 3494
3345 3640
3601 3326
3511 3442
3641 3276
3367 3685
3218 3875
3453 3614
3498 3553
3309 3828
3489 3672
3177 4012
3308 3874
3322 3864
3482 3706
3268 3945
3330 3889
3348 3877
3779 3353
3563 3679
3714 3456
3368 3896
3144 4117
3424 3887
3360 3994
3554 3825
3528 3894
3446 3987
3891 3378
3444 4055
3539 3984
3697 3847
3464 4076
3621 3943
3626 3944
3970 3377
3685 3904
3508 4054
3675 3924
4046 2954
3645 3990
3976 3473
3945 3593
3822 3848
3999 3455
3550 4135
3770 3982
3671 4063
3743 4016
3703 4130
3949 4007
4008 3902
4034 3742
3865 4145
4045 3748
4041 4114
4043 4221
1162772251 1472528885
1
sift 62
342 286
421 290
315 302
339 330
1043 1194
489 426
544 441
1276 1136
540 471
545 486
1890 1760
571 515
572 539
1970 2583
773 529
735 567
2375 2152
763 702
795 773
2629 2020
830 725
985 903
2749 1996
1147 1014
1202 966
2714 2211
1390 893
1272 958
3043 2753
1420 965
1296 1105
3915 3530
1235 1210
1474 1036
1360 1170
1700 1005
1737 1392
1710 1424
1773 1378
1799 1423
1555 1700
1684 1653
1943 1404
1636 1814
1846 1516
1844 1670
2102 1741
2516 1743
2019 2267
1959 2354
2108 2221
2523 1934
2383 2075
2367 2125
2503 2073
2688 2230
2723 2872
3158 2845
3185 2966
3114 3160
2980 3623
3970 2936
1162772251 1584042216
1
sift 381
21 28
65 71
38 48
54 56
53 47
104 104
67 73
60 62
73 75
81 88
189 170
89 111
152 135
166 150
128 108
323 292
138 133
162 161
172 148
236 215
480 472
230 232
219 244
347 328
251 226
604 556
334 216
255 255
362 353
249 285
933 885
316 310
315 269
386 550
310 279
1095 888
396 473
342 297
607 519
321 370
1137 892
559 522
383 324
658 688
421 335
1402 1517
673 567
437 426
816 693
489 435
1606 1556
705 585
544 429
1080 764
477 503
1638 2136
615 769
506 493
1381 998
568 425
1996 2024
864 595
562 452
1601 1159
545 480
2635 1738
808 725
540 484
2065 1193
571 479
2204 2197
890 924
574 540
1580 2397
617 516
2315 2106
981 846
606 537
2067 1936
616 578
2545 1924
891 958
642 586
2660 1587
688 632
2161 2568
872 1050
664 657
2433 1818
810 557
2468 2350
1007 931
773 583
2552 1846
847 539
2901 2514
971 1015
699 651
2475 2499
602 740
2845 3240
1000 988
734 629
2605 2413
714 684
3344 2701
1131 1173
762 649
2705 2441
791 662
3248 3469
1319 1017
838 628
2597 2608
852 647
3541 3116
1205 1116
795 782
2377 3493
796 800
3693 3739
1324 1258
830 815
3233 2746
1019 774
1274 1386
936 877
3337 2891
1010 821
1509 1311
985 848
3141 3177
1009 875
1596 1399
976 913
1068 823
1576 1529
1013 891
1022 882
1674 1535
999 941
1418 691
1608 1616
1104 883
990 1029
1749 1547
1043 984
1085 1043
1722 1679
1087 1115
1150 1061
1666 1759
1202 1019
1390 935
1671 1755
1147 1103
1235 1069
1740 1708
1175 1139
1213 1178
1865 1763
1222 1192
1296 1125
1771 1957
1226 1250
1086 1478
1837 1883
1370 1124
1474 1084
1997 1688
1325 1230
1394 1166
2001 1700
1347 1208
1349 1216
1882 1886
1350 1217
1363 1279
1967 2005
1517 1170
1524 1224
1977 2003
1270 1466
1593 1198
1920 2110
1475 1313
1773 1099
2075 1960
1477 1378
1704 1201
1833 2337
1454 1436
1595 1342
2250 1832
1460 1481
1497 1476
2032 2077
1501 1489
1554 1497
2286 1831
1633 1473
1637 1544
2112 1996
1710 1485
1799 1456
2020 2169
1737 1501
1944 1347
1803 2503
1462 1874
1714 1582
2111 2164
1846 1492
1769 1570
2097 2266
1943 1494
1844 1580
2118 2310
1816 1632
1700 1785
2349 2117
1938 1542
1890 1584
2094 2379
1429 2318
1684 1910
2235 2257
1779 1758
1750 1860
2277 2226
1959 1620
2044 1567
2314 2263
1783 1863
1956 1667
2650 1986
1989 1651
2046 1622
2269 2363
1838 1855
2107 1610
2373 2259
2108 1618
1811 2098
2427 2220
1859 2020
1986 1833
2358 2360
1854 2069
2383 1576
3119 1816
1904 2040
1728 2378
2565 2352
2091 1830
1974 1983
2580 2422
2516 1579
1858 2297
2732 2313
2248 1837
2201 1896
2228 2875
2109 2023
2293 1866
2386 2770
2294 1873
2123 2093
2769 2460
2514 1773
2216 2112
2568 2749
1934 2439
1927 2475
2590 2741
2367 2041
2375 2084
2750 2573
2457 2068
2257 2262
2481 3255
2271 2261
2486 2145
2892 2599
2527 2132
2037 2595
2926 2696
2523 2194
2503 2216
2692 3194
2194 2494
2225 2516
3022 2888
2719 2158
2629 2283
3193 2757
2631 2320
2879 2097
2819 3475
2627 2351
2511 2462
3039 3141
2550 2433
2749 2311
2978 3289
2573 2463
2681 2383
2891 3488
2747 2445
2645 2544
3139 3104
2675 2549
2668 2655
3145 3285
2714 2668
2762 2620
3456 3019
2723 2764
2914 2649
3372 3250
3188 2437
2466 3479
3136 3607
3092 2542
3043 2640
3583 3167
2894 2792
3114 2605
3264 3563
3195 2692
3167 2733
3302 3521
2743 3492
3058 2889
3156 3787
3101 2844
3602 2505
3731 3582
2782 3502
3064 3022
3615 3669
3505 2647
2928 3344
3996 3387
2953 3328
3308 2851
3831 3796
2985 3320
3185 2993
3826 3814
3133 3091
3418 2788
3959 3863
3103 3395
3295 3122
3415 2977
3247 3272
3564 2967
3255 3356
3620 2968
3489 3149
3070 3623
3343 3513
3762 3186
3122 3783
3699 3317
3926 2943
3695 3399
3697 3439
3667 3472
3793 3385
3514 3682
3528 3780
3807 3729
3833 3703
3719 3812
3837 3772
4038 3398
3878 3741
4021 3642
3988 3792
1162772251 1646429863
1
sift 569
104 105
22 31
25 33
37 54
142 149
62 76
71 78
66 71
212 190
65 74
123 129
89 98
323 285
94 100
136 132
128 127
480 416
138 139
145 143
161 157
894 828
190 200
194 158
177 165
1178 792
230 208
184 170
193 194
1095 974
236 228
229 178
195 282
1158 961
316 283
249 233
307 201
1932 2039
357 329
242 241
299 251
2080 2087
334 353
310 248
286 263
2161 2051
391 381
322 276
303 305
2204 2072
407 375
297 310
341 291
2344 2224
396 387
405 281
485 289
2745 1936
456 393
411 332
384 368
2310 2301
538 427
418 366
454 359
2468 2327
615 450
477 356
419 400
2901 2628
600 507
447 397
443 413
2845 2683
594 514
472 453
496 443
3693 3042
623 515
437 492
441 497
586 579
526 476
578 474
648 556
569 501
597 526
661 559
562 588
616 524
674 555
529 664
626 591
705 599
646 583
633 635
673 710
639 643
689 598
808 741
726 561
675 624
872 786
688 612
657 674
890 789
725 589
678 654
891 845
752 570
699 657
971 806
669 700
710 665
948 888
682 719
822 602
981 867
787 651
691 761
1066 876
926 551
792 676
1027 965
760 714
770 729
1065 944
714 819
824 699
1056 1000
1068 547
796 739
1146 950
1079 608
925 734
1007 1255
898 759
966 740
1205 1166
839 851
869 852
1228 1171
902 820
832 890
1294 1261
870 878
940 855
1274 1414
965 860
1149 736
1421 1286
908 930
1020 859
1312 1464
992 909
990 931
1261 1541
858 1134
964 1007
1314 1531
1087 879
953 1047
1433 1415
976 1039
1033 986
1596 1331
1138 891
988 1045
1680 1336
1013 1050
1070 983
1509 1508
1005 1097
1009 1153
1383 1652
1102 1063
1326 928
1659 1439
1100 1181
1525 905
1666 1438
1130 1213
1338 1035
1727 1448
1396 1021
1303 1098
1639 1546
1497 992
1175 1233
1726 1462
1376 1082
1177 1297
1667 1577
1518 1066
1363 1157
1546 1687
1215 1325
1278 1268
1671 1607
1236 1345
1308 1278
2001 1409
1348 1222
1411 1204
1882 1606
1248 1410
1284 1391
1749 1795
1438 1235
1349 1323
1722 1817
1447 1273
1265 1476
1967 1665
1532 1221
1503 1246
1977 1673
1270 1505
1353 1413
1771 1841
1429 1355
1339 1450
1954 1729
1495 1318
1362 1471
1837 1816
1342 1489
1350 1486
1860 1862
1273 1601
1441 1421
1892 1834
1556 1315
1388 1515
1945 1908
1493 1426
1595 1369
2020 1893
1590 1378
1462 1506
2094 1856
1477 1501
1676 1321
2032 1970
1548 1474
1539 1490
1865 2182
1593 1480
1357 1716
2111 1937
1689 1418
1683 1431
2178 1969
1637 1485
1699 1428
2118 2002
1685 1560
1718 1538
2170 2037
1694 1620
1921 1416
1958 2251
1644 1686
1560 1778
2097 2102
1761 1663
1729 1700
2075 2149
1741 1697
1716 1750
2235 2034
1720 1752
1640 1823
2077 2187
1919 1585
1776 1719
2250 2032
1696 1806
2275 1420
2481 1889
2571 1295
2027 1603
2228 2236
1965 1644
1743 1855
2277 2195
1988 1654
1731 1868
2349 2157
1900 1741
1929 1730
2269 2261
2137 1611
1454 2413
2314 2243
1918 1775
1779 1932
2282 2403
1899 1808
1810 1915
2565 2272
1902 1828
1801 1989
2351 2546
2025 1785
1981 1807
2650 2398
1916 1861
1938 1852
2618 2418
1835 2003
1904 1965
2386 2649
1962 1909
2035 1869
2622 2526
2153 1821
2049 1892
2891 2274
2064 1895
2041 1929
2892 2296
1780 2283
2031 1956
2373 2841
2594 1677
2164 1884
3119 2204
1871 2196
2096 1960
2369 2891
2005 2093
2087 2008
2744 2549
2245 1907
2520 1773
3571 2001
1934 2255
2038 2140
2580 2758
2121 2082
2345 1901
2568 2846
2195 2017
2313 1945
2888 2527
2517 1836
2199 2098
2769 2656
2238 2084
1985 2345
2909 2653
2372 1982
2168 2206
2786 2774
2143 2229
2047 2344
2732 2913
2273 2142
2209 2227
3139 2575
2512 1985
2110 2340
2817 2871
2224 2230
2091 2384
2750 2986
2338 2173
2037 2491
2924 2783
3103 1740
2695 1940
2926 2877
2709 1935
2257 2310
2789 3045
2053 2532
2109 2471
3022 2791
2411 2172
2287 2309
2819 3043
2241 2369
2179 2482
2865 3030
2554 2165
2370 2342
3039 2886
2431 2287
2444 2306
3124 2828
2454 2298
1991 2789
3153 2919
2294 2459
2236 2524
3136 3010
2734 2115
2477 2353
3264 3125
2466 2405
2576 2315
3506 3074
2469 2414
2661 2268
3523 3155
2491 2427
2882 2109
3801 2940
2416 2517
2509 2444
3052 3693
2511 2454
2540 2442
3302 3428
2793 2233
2698 2362
3583 3269
2605 2449
2639 2441
3650 3314
2641 2503
2645 2516
3826 3126
2450 2712
2595 2605
3460 3525
2563 2637
2675 2529
3823 3505
2765 2438
2531 2691
3996 3289
2829 2406
2651 2608
3958 3438
3013 2257
2679 2597
3831 3639
2761 2535
2646 2666
3889 3593
2536 2770
2730 2604
3959 3541
2785 2542
2931 2434
3175 2368
3323 2278
3274 2322
2738 2771
2784 2718
2875 2635
3000 2548
2781 2760
2788 2747
3157 2439
3019 2552
2805 2766
3006 2607
2930 2667
2895 2717
3242 2456
2833 2788
3018 2644
3160 2541
2922 2757
3031 2669
3110 2619
3312 2506
2812 2928
3173 2652
3450 2497
2473 3553
3064 2764
3014 2804
2896 2932
3025 2817
3346 2616
3041 2814
3113 2784
3057 2824
3800 2385
2894 3021
3141 2800
3515 2576
3294 2721
3046 2901
3389 2708
2803 3285
3461 2681
3132 2921
3101 2978
3036 3039
2953 3151
3282 2852
3104 3029
3092 3092
3343 2872
3218 2979
3276 2942
3097 3119
3198 3019
3045 3180
3229 3012
3130 3112
2798 3577
3268 3023
3231 3072
3100 3205
3865 2633
3122 3202
3642 2797
3360 2990
3551 2881
3146 3237
3023 3394
3798 2768
3171 3283
3070 3458
3222 3306
3256 3286
3679 2950
3714 2937
3310 3295
3508 3120
3502 3176
3324 3370
3463 3253
3457 3259
3446 3279
3505 3307
3330 3476
3475 3354
3684 3153
3593 3263
3201 3660
3653 3238
3348 3538
3685 3233
3368 3540
3723 3199
3366 3551
3577 3372
3498 3527
3807 3230
3413 3630
3839 3191
3794 3335
3837 3267
3473 3699
3514 3649
3733 3470
3675 3544
3482 3751
3719 3568
3539 3723
3832 3429
3844 3411
3845 3533
3591 3762
3867 3554
4009 3317
3691 3756
4016 3345
3806 3737
3978 3608
3966 3695
4041 3420
4043 3716
1162772251 1647351560
1
sift 298
2075 2555
19 27
63 84
136 144
87 101
2250 2363
133 134
310 264
144 154
234 205
2212 2607
177 190
320 329
195 183
239 209
2277 2606
219 259
393 398
328 317
246 203
2611 2512
274 247
527 478
496 447
279 251
2386 2966
299 284
682 558
529 483
304 312
2770 2754
358 404
923 980
526 518
422 386
2926 3471
338 575
1090 948
569 574
500 443
3136 3771
428 548
1083 1106
633 598
547 475
3583 3781
592 523
1154 1382
646 639
599 596
605 607
1462 1185
627 677
597 635
751 555
1318 1411
689 721
752 691
699 714
1336 1401
725 712
737 769
657 829
1362 1603
684 843
794 744
714 807
1342 1655
902 905
760 790
865 796
1539 1544
940 983
926 765
906 819
1593 1786
1063 935
811 965
908 912
1454 1952
1177 855
969 943
988 937
1694 1794
976 1056
965 991
1084 902
1842 1821
1518 911
1254 812
924 1263
2091 1617
1133 1254
1040 1130
1067 1392
1880 1974
1236 1239
1164 1324
1172 1330
1774 2253
1175 1425
1242 1281
1348 1258
1841 2169
1292 1492
1339 1413
1395 1367
1800 2270
1347 1555
1380 1553
1350 1565
2121 2052
1699 1302
1532 1435
1551 1437
1991 2256
1376 1702
1322 1967
1497 1704
1929 2675
1357 1947
1514 1781
2180 1241
2143 2552
1685 1673
1556 1873
1805 1647
2444 2440
2037 1566
1730 1762
1731 1763
2931 2088
1616 2048
1741 1886
2022 1610
2698 2475
1776 1855
1915 1928
1900 1916
2509 2649
1835 2013
1696 2310
1899 1939
2224 3179
1988 1864
2003 1973
1980 2058
2760 2645
2149 1895
1787 2426
2520 1733
2701 3158
2236 1907
2045 2164
2313 1903
2867 3200
2512 1829
2005 2226
1795 2646
3176 3053
2064 2314
2014 2278
2192 2147
3256 3402
2341 2081
2096 2234
2209 2154
3100 3770
1985 2479
2278 2199
2047 2447
3733 3314
2105 2381
2023 2523
2138 2358
3419 3610
2287 2337
2328 2206
2113 2465
3637 3768
2641 2123
1939 2744
2790 1927
2273 2470
2471 2193
2839 1908
2554 2311
2221 2481
2211 2494
2411 2471
1921 2848
2422 2303
2257 2644
2725 2115
2298 2524
1904 3202
2533 2290
2425 2435
2709 2269
2376 2571
2449 2527
2338 2680
2838 2312
2557 2498
2560 2562
2617 2558
2485 2733
2576 2672
2345 2890
2466 2777
2675 2635
2870 2410
2525 2758
2465 2905
2191 3312
2645 2760
2873 2595
2930 2835
2829 2640
2796 2740
2447 3603
2596 2955
2896 2700
2710 3213
2875 2737
2822 2780
2948 2928
2805 2862
3000 2768
2513 3535
2894 2861
2651 3205
2556 3514
2734 3135
2999 2910
3089 3067
3641 2618
3031 3020
3422 2877
3018 3051
3065 3059
3461 2942
3104 3043
3138 3037
3174 3129
3368 2883
3014 3201
3157 3164
3294 2972
3101 3163
3010 3367
3227 3070
2908 3508
3398 3019
3177 3232
3064 3595
3130 3305
3198 3257
3218 3449
2803 3802
3155 3379
3171 3597
4046 2462
3743 2925
3551 3225
3036 3667
3379 3318
3718 3117
3539 3189
3621 3125
3330 3541
3426 3368
3588 3310
3770 3173
3865 3081
3251 3687
3498 3531
3446 3588
3533 3530
3714 3348
3935 3157
3538 3560
3675 3557
3939 3287
3444 3764
3482 3788
3679 3615
3653 3700
3850 3633
4008 3239
3722 3748
4041 3345
3824 3686
3867 3704
3917 3813
4013 3737
3960 3897
4047 3843
1162772251 1707515443
1
sift 368
54 67
22 30
25 33
39 55
104 107
37 58
71 80
66 76
142 165
89 102
136 127
123 133
189 192
128 134
131 140
143 157
212 203
216 179
144 175
161 170
323 279
191 216
179 171
167 187
480 401
334 449
219 228
242 234
894 841
391 404
286 258
285 292
1178 797
407 390
297 307
328 382
1095 976
396 443
418 351
477 336
1137 1072
456 406
496 436
435 491
1563 1539
423 582
515 520
538 452
1887 1528
615 462
626 418
570 500
1638 2019
600 515
578 502
597 532
2204 1891
539 673
616 544
648 569
2344 2145
674 562
646 579
675 596
2468 2418
673 655
688 595
627 690
2901 2392
705 654
725 598
714 617
2845 2572
1066 715
726 607
699 688
3693 3365
872 867
624 761
822 563
971 823
527 1041
691 804
948 882
796 725
925 709
981 901
811 811
966 724
1065 902
1149 616
1068 678
1229 1023
869 819
902 800
1205 1071
849 865
839 905
1007 1407
898 896
992 837
1294 1260
1074 792
1033 870
1509 1146
976 926
1138 842
1314 1323
988 1007
1331 773
1592 1168
1070 928
990 1012
1435 1391
1243 878
1102 1028
1433 1427
1005 1132
1087 1057
1680 1268
964 1287
1079 1120
1274 1666
1013 1264
1303 1043
1608 1388
1148 1189
1338 1040
1666 1327
1518 1112
1321 1281
1383 1570
1388 1231
1248 1401
1635 1381
1503 1186
1339 1338
1726 1316
1270 1460
1396 1395
1576 1467
1631 1202
1441 1408
1596 1506
1347 1481
1447 1409
1312 1799
1593 1315
1539 1405
1667 1491
1683 1311
1571 1425
1671 1563
1284 1696
1645 1371
1724 1608
1676 1419
1462 1587
1722 1621
1921 1215
1761 1404
2001 1415
1718 1507
1696 1558
1659 1690
1741 1640
1882 1521
1498 2141
1729 1676
1640 1780
1967 1668
1965 1524
1988 1509
1771 1863
1720 1788
1904 1649
1837 1785
2025 1612
2020 1647
1977 1704
2126 1644
1893 1790
2094 1751
1918 1834
2594 1487
1865 2028
1962 1796
2035 1779
2111 1815
1981 1853
2096 1774
1958 1965
2064 1805
1810 2102
2032 2014
2049 1829
2571 1571
2178 1946
2031 1871
1835 2131
2075 2097
1780 2246
2345 1723
2250 1940
2050 1916
2153 1886
2282 1927
2264 1820
2164 1893
2118 2105
1934 2189
2121 1985
3119 1562
2022 2083
2077 2206
2212 2100
2110 2179
2199 2132
2269 2092
2257 2091
2246 2117
2228 2165
2287 2162
2277 2112
2481 1967
2953 1729
2427 2021
2349 2078
2238 2223
2512 2000
2235 2256
2350 2126
1871 2715
2618 1980
2053 2443
2402 2121
2351 2267
2520 2063
2705 1934
2368 2263
2734 1954
2793 1948
2565 2153
2554 2156
2650 2087
2692 2118
2408 2279
2491 2302
2767 2080
2466 2346
2611 2236
2386 2533
2597 2253
2595 2320
2744 2421
2576 2344
2509 2477
3145 2158
2511 2494
2698 2373
2865 2402
3041 2144
3025 2198
2789 2516
2563 2626
3110 2169
2369 3020
2785 2468
2473 2849
2769 2588
2761 2612
2580 2776
2786 2570
2450 2973
2777 2649
3506 2270
3019 2431
3274 2282
3039 2559
3006 2476
2679 2833
2926 2679
2605 2935
2875 2644
2817 2800
2895 2663
3018 2578
2978 2654
3312 2399
2732 2946
3139 2548
2765 2905
2579 3212
2893 2880
3157 2574
3222 2522
3124 2682
2979 2725
3113 2645
3193 2637
3268 2538
3588 2376
2750 3222
3045 2767
3160 2714
3022 2840
3194 2698
2896 3031
3746 2434
3282 2675
3643 2469
3136 2886
3389 2659
3310 2777
2888 3357
3141 3015
3153 3078
3456 2837
3446 2920
3040 3329
3523 2881
3798 2680
2416 3741
3801 2704
3130 3261
4045 2334
2819 3665
4016 2465
3343 3152
3302 3383
3252 3280
3461 3095
3826 2913
3691 2965
3332 3316
3583 3388
3198 3470
3515 3176
3615 3450
3324 3399
3704 3054
3868 3170
3679 3105
3368 3477
3823 3267
3591 3314
3865 3039
3885 3182
3413 3522
3601 3417
3831 3341
3577 3445
3593 3425
3719 3437
3539 3603
3733 3476
3845 3368
3475 3679
3706 3600
3842 3505
3535 3702
3886 3564
3907 3559
3794 3652
3966 3511
3978 3578
4041 3483
3699 3735
1162772251 1724217577
1
sift 232
809 1147
38 51
1150 1179
44 58
251 207
81 101
1553 1508
255 218
262 275
315 268
1580 1556
383 366
342 263
339 269
2201 2072
506 340
337 295
356 297
2293 2279
437 408
421 286
444 304
3058 2961
606 473
443 311
449 376
562 526
489 406
544 401
563 591
568 390
540 445
639 507
545 448
571 469
728 644
570 485
633 494
664 825
634 509
602 646
838 624
734 560
784 541
791 683
773 595
762 638
816 707
796 699
873 696
769 908
830 772
871 763
810 893
1168 620
852 862
929 799
985 834
1013 769
1020 839
1050 910
952 991
1104 1014
1057 939
1078 936
1009 1193
1029 1030
1374 778
1213 981
1272 856
1138 1000
1366 1156
1043 1186
1298 923
1265 1268
1147 1098
1390 961
1394 1234
1235 1163
1420 1064
1477 1395
1347 1154
1318 1205
1222 1905
1370 1290
1655 1076
1637 1496
1474 1248
1497 1386
1524 1708
1451 1456
1301 1621
2065 1368
1501 1483
1700 1352
2123 1505
1475 1562
1773 1298
1633 2130
1710 1461
1862 1339
1630 2273
1714 1490
1719 1485
2166 1613
1943 1300
1502 1689
2187 1631
1737 1529
1776 1512
1938 1854
1799 1516
1846 1554
1798 2113
1811 1600
1900 1566
1951 2133
1684 1837
1636 1931
1858 2404
1844 1782
1890 1752
2434 1778
1989 1678
1959 1813
2271 1904
2081 1817
2516 1573
2067 2377
2038 1907
1993 1995
2469 2068
2113 1903
2248 1849
2660 2047
2105 2012
2339 1815
2681 2040
2108 2023
2011 2230
2668 2294
2233 2031
1859 2506
2296 2741
2514 1864
2486 1930
2747 2348
2375 2049
2383 2117
2985 2164
2367 2187
2485 2084
2798 2416
2313 2245
2308 2282
2597 2600
2550 2066
2257 2410
2762 2613
2551 2152
2527 2210
2605 3169
2457 2354
2627 2242
2718 3000
2504 2347
2491 2379
3103 2572
2523 2360
2425 2475
3337 2517
2487 2463
2872 2109
3201 2808
2749 2317
2150 3084
3242 2850
2645 2541
2398 2830
2782 3663
2574 3089
2722 2874
3167 3059
2424 3433
2980 2704
3492 3130
2526 3452
3043 2708
3226 3709
2914 2837
2928 2834
3374 3632
3360 2511
2714 3329
3366 3964
3014 2889
3602 2503
3696 3698
2894 3174
3416 2652
3695 3752
3101 2920
3418 2683
3668 3941
3443 2725
3188 2966
3893 3620
3276 2958
2723 3981
3620 4001
3114 3254
3255 3075
3807 3966
3247 3735
3479 3575
3833 4082
3185 3952
3528 3541
3779 3285
3482 3767
3697 3510
3881 3269
3911 3300
3923 3315
3838 3577
3799 3889
3932 3781
3987 3637
3999 3703
3977 3832
3915 3984
3955 3999
1162772251 1735922398
1
sift 1178
21 12
50 38
19 11
60 52
27 25
13 20
54 41
58 69
25 22
73 73
39 31
36 29
104 108
94 99
38 28
119 153
138 149
44 32
189 182
128 134
47 47
168 159
178 198
53 51
212 209
190 199
75 53
166 163
186 190
74 66
323 338
230 219
64 91
172 171
236 221
77 86
401 391
334 303
81 85
185 168
310 291
84 120
480 450
316 322
101 103
330 329
365 398
98 107
498 451
391 375
115 114
347 339
419 359
129 136
604 596
396 377
136 139
362 383
447 412
156 122
814 682
456 471
145 127
386 417
477 453
144 160
812 939
533 551
152 158
534 465
530 436
169 155
933 842
559 574
143 177
575 479
562 563
160 170
894 878
528 637
146 193
607 554
594 569
164 176
1095 1020
673 581
153 196
658 705
691 518
167 179
1137 1057
705 625
170 180
816 796
527 686
176 173
1259 1195
615 720
177 184
769 864
682 634
197 167
1178 1350
623 710
182 185
1136 1019
661 714
195 174
1158 1589
808 841
184 188
1080 1095
787 768
206 178
1484 1385
1066 747
194 195
1163 1077
853 785
227 191
1563 1648
872 908
193 210
1354 1420
1068 665
226 197
1638 1642
891 959
218 206
1384 1603
1013 734
232 202
1884 1810
1031 927
214 212
1580 1444
1023 953
211 214
1887 1859
971 1058
238 203
1458 1723
990 1012
233 226
1932 1873
1000 1041
219 234
1681 1595
803 1257
235 256
2013 1823
1012 1069
244 241
1702 1592
1027 1101
246 242
1827 2119
1007 1075
249 249
2065 1572
1009 1209
255 247
1996 1910
1056 1062
262 250
2222 1546
1375 1063
274 244
2125 2033
1094 1104
256 257
1631 2337
1180 1201
251 264
2161 2151
1185 1144
273 253
1942 2099
1205 1271
278 252
2080 2238
1274 1260
281 258
2166 2009
1260 1276
269 279
2310 2165
1312 1278
261 306
2067 2167
1265 1355
279 276
2204 2294
1324 1351
308 273
2085 2416
1270 1370
286 295
2468 2188
1659 1125
315 284
2552 2101
1462 1418
294 312
2315 2386
1383 1512
327 307
2635 2164
1545 1394
328 311
2083 2618
1596 1408
356 285
2433 2421
1509 1506
343 321
2344 2463
1448 1629
309 345
2545 2346
1454 1605
342 325
2901 2767
1680 1470
311 355
2669 2523
1512 1557
287 381
2902 2941
1536 1631
406 319
2705 2527
1593 1563
380 356
2848 3048
1674 1601
392 354
2584 2647
1633 1556
414 348
2845 3214
1666 1781
383 385
2597 2669
1539 1665
378 390
3344 2804
1740 1709
409 362
2746 2562
1623 1626
421 370
3358 3554
1803 1691
427 369
2605 2678
1660 1680
382 414
3541 3431
1671 1895
368 435
2377 3184
1642 1712
433 386
3202 3831
1833 1786
444 393
3233 3006
1830 1641
432 406
3693 3674
1967 1740
426 411
2927 3453
1800 1842
466 384
3248 3992
1945 1759
411 446
3250 3353
1807 1923
443 420
1722 2153
448 447
3370 3592
1854 1891
487 409
1771 2040
464 425
3852 3993
1920 1893
452 455
1865 2041
517 407
1892 2074
467 463
1724 2336
506 430
2075 1954
481 459
2223 1862
440 501
1934 2161
489 467
2020 2052
515 432
2001 2113
501 460
2097 2078
483 480
2027 2098
490 486
1997 2214
500 477
2121 2117
578 399
2111 2180
493 499
1991 2330
496 502
2539 1858
563 434
2235 2091
529 476
2118 2253
544 466
1998 2508
485 526
2099 2321
510 512
2660 1918
457 561
2250 2275
568 475
2271 2341
526 511
2152 2490
540 510
2364 2279
545 521
2277 2367
581 498
2427 2240
571 515
2246 2415
564 520
2212 2464
612 491
2399 2298
570 562
2509 2224
573 566
2358 2499
675 495
2469 2355
574 572
2373 2485
754 464
2431 2458
635 534
2071 2792
514 708
2150 2816
606 587
2650 2271
579 631
2622 2442
603 593
2260 2750
630 560
2615 2476
617 594
2565 2509
692 548
2585 2505
609 613
2580 2506
626 589
2511 2585
757 513
2495 2664
646 592
2698 2451
602 652
2094 3133
725 547
2188 2949
639 612
2170 3027
633 623
2386 2786
740 542
2481 2718
634 624
2611 2626
620 649
2732 2561
686 601
2707 2579
694 602
2590 2711
678 616
2814 2661
642 667
2892 2627
665 669
2761 2735
688 653
2865 2701
683 663
2926 2679
671 673
2750 2855
709 650
3105 2659
710 659
2692 3182
664 711
2454 3497
663 741
2819 2975
734 671
2891 2958
689 728
2770 3158
774 635
2888 3051
699 724
3571 2575
847 588
2780 3293
786 643
3022 2970
739 698
3039 2971
728 718
3264 2869
762 692
3097 2940
758 704
3053 3066
752 723
2931 3284
802 688
2909 3377
764 730
3201 3028
773 719
2936 3403
837 661
3179 3063
931 621
2923 3437
690 843
3350 2923
722 802
3094 3258
751 767
2953 3341
771 748
3136 3239
744 776
3190 3089
760 769
3529 2963
738 798
3045 3301
785 756
3139 3467
794 761
3527 2953
714 861
3372 3268
791 764
3149 3345
834 739
3302 3406
748 831
3343 3207
858 735
3145 3648
795 792
3362 3198
776 847
3460 3409
838 773
3113 3508
830 781
3483 3399
804 826
3252 3451
796 854
3583 3358
844 789
3078 3670
953 737
3456 3791
852 804
3726 3357
884 783
3750 3542
810 860
3723 3621
869 823
3777 3573
871 836
3516 3851
877 830
3731 3624
873 844
3366 3935
767 1045
3801 3612
860 888
3719 3769
845 938
3871 3620
909 859
3837 3805
856 933
3831 3808
815 1011
3724 3915
902 873
3965 3662
1106 760
3704 4000
929 896
3959 3971
913 929
4027 3997
952 928
4017 3923
965 926
908 1001
1076 829
940 979
982 935
985 932
966 968
930 1009
957 982
1025 919
983 971
1020 951
1060 904
992 994
987 1008
976 1032
1010 1002
1022 1005
936 1086
1038 1023
1029 1048
1064 1004
1061 1015
997 1070
1034 1066
1130 987
1072 1050
1043 1079
1113 1035
1153 993
1050 1098
1212 963
1016 1160
999 1177
993 1211
1104 1090
1133 1074
1124 1087
1107 1110
1132 1097
1073 1141
1193 1067
1087 1170
1325 1014
1374 996
1054 1259
1147 1142
1202 1114
1121 1227
1150 1176
1172 1175
1177 1171
1564 965
1057 1363
1173 1194
1317 1096
1418 1056
1272 1119
1201 1173
1116 1339
1226 1188
1079 1455
1219 1228
1078 1467
1390 1117
1323 1163
1276 1213
1298 1191
1175 1325
1203 1277
1235 1261
1253 1269
1222 1354
1179 1425
1335 1246
1361 1241
1296 1291
1389 1223
1394 1237
1277 1358
1486 1192
1355 1292
1370 1301
1194 1538
1302 1396
1347 1344
1363 1342
1360 1352
1615 1181
1414 1315
1427 1303
1336 1398
1338 1401
1420 1334
1326 1439
1368 1386
1318 1476
1301 1522
1478 1333
1350 1453
1518 1326
1424 1406
1395 1457
1399 1469
1439 1440
1474 1428
1376 1544
1553 1362
1470 1473
1504 1438
1464 1494
1823 1196
1510 1459
1411 1579
1460 1524
1432 1566
1358 1636
1171 1924
1501 1493
1346 1649
1586 1433
1499 1516
1481 1551
1380 1656
1524 1529
1754 1309
1559 1507
1585 1496
1603 1486
1641 1445
1199 1972
1778 1327
1575 1547
1450 1661
1548 1588
1502 1632
1316 1830
1627 1527
1584 1591
1477 1705
1475 1721
1654 1571
1714 1519
1595 1650
1637 1623
1728 1550
1497 1760
1773 1515
1686 1622
1723 1597
1752 1594
1617 1730
1710 1673
1731 1657
1737 1662
1528 1866
1401 2064
1917 1489
1721 1690
1687 1727
1908 1533
1742 1694
1719 1720
1751 1707
1700 1756
1467 2044
1732 1738
1636 1846
1705 1776
1799 1686
1943 1596
1741 1793
1971 1576
1785 1732
1708 1831
1429 2256
1975 1586
1699 1840
1776 1758
1688 1882
1810 1750
1715 1863
1846 1711
1684 1930
1767 1813
1733 1867
1748 1851
1676 1956
1589 2100
1769 1833
1805 1821
1933 1706
1889 1751
2126 1600
1842 1805
1797 1865
1630 2150
1880 1803
1941 1749
1939 1754
1821 1874
1816 1887
1966 1737
1841 1875
1795 1948
1808 1952
2009 1757
1906 1857
1831 1958
1915 1881
1844 1967
1900 1919
1853 1981
1925 1932
1938 1920
1981 1880
1825 2072
1890 1982
1881 2000
2016 1871
1949 1941
1974 1921
1839 2087
1783 2233
2226 1771
1959 1968
1859 2103
1919 2019
1962 1986
2023 1936
1969 1998
1904 2114
2102 1913
1895 2147
2062 1938
1989 2006
1916 2129
1965 2050
1993 2030
1956 2084
2242 1843
1985 2070
2011 2038
2035 2025
2045 2017
1820 2351
2064 2032
2022 2086
1948 2193
1927 2235
1838 2370
2003 2135
2092 2026
2129 2008
2149 1992
2046 2097
2019 2142
1815 2457
2081 2121
2216 1996
2113 2088
2140 2067
2038 2190
2383 1886
2131 2083
2104 2124
2209 2024
2105 2126
1986 2269
2123 2125
2068 2192
2146 2130
2184 2104
2157 2138
2581 1826
2163 2136
2248 2046
2047 2288
1910 2503
2432 1969
2320 2060
2173 2221
2210 2197
2240 2174
2158 2259
2096 2320
2302 2139
2238 2205
2196 2261
2233 2216
2060 2425
2108 2365
2515 1999
2339 2170
2452 2055
2422 2095
1858 2719
2456 2076
2037 2494
2231 2291
2110 2432
2109 2435
2341 2217
2221 2332
2409 2166
2201 2394
2558 2056
2273 2317
2308 2301
2330 2280
2536 2094
2293 2316
2194 2427
2460 2175
2514 2128
2375 2268
2107 2533
2187 2473
2279 2390
2256 2417
2510 2185
2367 2318
2394 2287
2313 2369
2189 2510
2245 2466
2137 2582
2362 2410
2329 2452
2236 2548
2257 2536
2516 2308
2070 2724
2345 2469
2186 2638
2485 2375
2275 2571
2457 2404
2465 2407
2704 2204
2448 2437
2151 2703
2681 2254
2402 2486
2425 2479
2388 2519
2550 2393
3007 2005
2617 2348
2531 2438
2576 2413
2503 2483
2792 2228
2551 2450
2508 2491
2051 2936
2442 2559
2680 2347
2406 2587
2525 2496
2537 2500
2494 2538
2445 2590
2218 2818
2641 2462
2487 2597
2791 2310
2523 2574
2415 2655
2491 2611
2486 2623
2882 2264
2560 2558
2631 2517
2354 2740
2573 2581
2612 2563
2851 2333
2466 2687
2424 2716
2591 2598
2413 2728
2321 2871
2527 2690
2724 2540
2647 2613
2719 2568
2554 2684
2712 2578
2595 2667
2645 2637
2636 2657
2749 2570
2722 2601
2742 2594
2512 2759
2517 2757
2632 2710
2592 2736
2529 2809
2798 2600
2740 2674
2651 2738
2520 2881
2181 3393
2803 2640
2757 2683
2675 2754
2723 2760
2397 3185
2914 2630
2708 2813
2801 2714
2906 2644
2714 2822
2674 2865
2805 2743
2718 2872
2751 2837
2870 2712
2600 3029
3138 2541
2985 2652
2638 3000
3238 2492
2827 2795
2756 2904
2478 3310
2691 3012
2928 2745
2908 2762
3567 2381
2867 2815
3018 2730
2871 2862
2873 2864
3288 2586
2838 2916
2734 3108
2796 3013
3822 2311
2782 3053
2905 2893
3976 2195
2699 3212
2609 3372
2952 2884
2839 3021
3043 2803
3046 2807
3210 2704
2875 2985
2743 3246
3057 2828
2633 3412
3030 2859
2897 3008
2986 2926
2701 3367
2747 3316
2877 3102
2730 3351
2979 2976
3080 2875
2982 2980
3231 2774
3084 2894
3014 2993
2958 3096
2976 3082
3276 2799
3146 2890
3322 2785
3338 2789
3270 2845
3013 3083
3000 3120
3006 3118
3205 2903
3110 3004
3101 3047
3505 2770
3058 3131
2951 3259
2980 3249
3064 3150
3056 3172
3065 3175
3099 3146
3417 2873
3088 3189
2574 3873
3272 3069
3016 3330
3185 3161
3114 3245
3365 3033
3511 2914
3217 3195
2894 3579
3076 3355
3171 3262
3912 2675
3453 3037
3498 2982
3294 3167
3143 3309
3122 3348
3223 3253
3299 3181
3379 3137
3151 3360
3452 3095
3132 3387
3188 3318
3419 3123
3391 3159
3070 3491
3198 3354
2948 3646
3360 3210
3239 3320
3100 3483
3467 3144
3008 3590
3246 3321
3066 3529
3255 3324
3290 3314
3301 3304
3561 3115
3308 3328
3484 3218
2999 3703
3170 3532
3277 3428
3760 2992
3470 3269
3367 3356
3228 3503
3218 3539
3849 2924
3786 3031
3055 3728
3520 3281
3296 3494
3667 3166
3727 3121
3538 3287
3227 3589
3504 3349
3126 3704
3109 3733
3374 3477
3446 3429
3479 3424
3275 3600
3346 3537
3431 3461
3440 3463
3599 3312
3443 3474
3489 3440
3508 3419
3442 3535
3351 3614
3261 3699
3247 3712
3062 3878
3382 3598
3398 3583
3695 3327
3551 3479
3699 3364
3416 3619
3295 3725
3472 3593
3601 3489
3714 3376
3593 3501
3563 3534
3564 3533
3602 3496
3514 3570
3482 3616
3490 3606
3502 3595
3779 3343
3941 3142
3659 3490
3458 3683
3881 3267
3348 3792
3610 3572
3697 3502
3586 3613
3590 3667
3641 3623
3588 3678
3679 3596
3834 3457
3752 3568
3535 3767
3582 3768
3629 3749
3675 3720
3620 3772
3989 3329
3879 3516
3761 3686
3685 3750
3573 3848
3799 3679
3741 3742
3381 3969
3952 3521
3811 3717
3845 3692
3751 3832
3807 3798
3903 3672
3662 3902
3911 3664
3642 3926
3698 3906
3736 3892
3828 3823
3836 3844
3991 3631
3970 3684
3955 3715
3945 3724
3832 3882
3829 3917
3949 3814
4009 3690
3842 3921
3999 3740
3888 3895
3937 3868
3923 3909
3946 3889
3917 3962
4044 3793
4013 3956
1162772251 1738048405
1
sift 526
54 76
20 33
5 10
22 41
104 121
37 61
25 44
63 53
142 160
67 75
71 91
62 89
189 178
65 86
123 142
66 87
212 198
89 114
136 140
94 117
323 278
128 136
141 139
138 149
480 392
190 205
144 164
161 169
958 688
230 214
179 166
194 170
894 899
236 219
177 184
184 182
1178 724
316 280
193 208
229 188
1095 883
306 307
242 239
310 238
1932 1966
391 382
349 229
286 270
2204 1922
407 377
322 264
285 313
2344 2066
435 360
297 323
328 362
2468 2205
396 397
447 320
426 333
2901 2269
456 385
419 346
477 351
2745 3048
538 420
443 399
463 429
2845 2994
615 444
437 479
472 440
3344 2703
600 486
496 432
526 452
3248 3467
539 555
569 464
515 540
3693 3421
674 496
578 487
597 522
648 523
616 516
626 517
661 554
646 560
529 751
673 636
657 571
639 594
705 601
633 609
675 573
942 599
689 566
752 519
808 753
688 595
726 567
981 642
725 576
699 626
890 721
822 515
710 638
891 817
714 680
682 723
872 843
691 735
1068 494
971 773
792 664
975 570
948 831
796 722
811 756
1066 779
853 718
925 695
1027 946
902 714
1079 627
1065 893
966 685
839 791
1131 922
869 790
940 782
1007 1331
832 910
898 841
1205 1093
965 789
1149 713
1228 1113
976 872
992 853
1294 1142
1020 864
1138 798
1310 1205
990 970
953 1015
1314 1215
1033 950
983 1010
1421 1286
1070 949
964 1050
1659 1127
1087 961
1013 1040
1433 1325
988 1055
1102 995
1274 1500
1035 1059
1009 1195
1185 1627
1326 904
1243 996
1505 1319
1100 1228
1175 1125
1312 1573
1130 1295
1302 1078
1509 1356
1148 1263
1338 1072
1680 1256
1321 1115
1363 1084
1608 1339
1518 1043
1278 1218
1596 1398
1349 1180
1348 1188
1666 1345
1215 1352
1325 1258
1383 1632
1335 1253
1411 1183
1576 1444
1248 1354
1438 1175
1726 1321
1177 1476
1339 1303
1727 1359
1270 1412
1556 1159
1667 1503
1388 1301
1429 1265
1639 1582
1503 1206
1350 1360
1671 1600
1428 1305
1284 1461
2001 1453
1396 1361
1342 1413
1749 1741
1441 1385
1590 1281
1724 1793
1353 1529
1588 1314
1967 1658
1539 1375
1676 1261
1954 1691
1593 1355
1273 1678
1722 1925
1447 1498
1462 1489
1771 1852
1497 1446
1637 1397
1837 1804
1477 1566
1454 1590
1882 1772
1683 1406
1642 1464
1977 1732
1689 1459
1761 1409
1892 1816
1718 1455
1694 1556
1945 1837
1921 1329
1699 1559
1865 1944
1645 1630
1660 1637
2032 1821
2027 1322
1743 1587
2020 1893
1965 1421
1741 1697
2094 1830
1776 1655
1647 1769
2111 1829
1720 1739
1919 1567
2235 1836
1640 1828
2290 1363
2170 1946
2275 1377
2126 1480
2118 1996
1988 1595
2137 1558
2075 2113
1696 1938
1904 1725
2077 2109
1900 1735
1779 1845
2228 2026
2025 1675
2571 1392
2250 2020
2066 1683
1938 1756
1958 2313
1929 1771
2345 1585
2178 2105
1810 1991
1918 1849
2277 2093
2035 1766
1658 2264
2481 1961
2049 1780
1962 1857
2097 2272
1985 1855
2594 1563
2349 2064
2064 1854
1780 2247
2282 2177
2050 1898
1981 1984
2269 2190
2022 1970
2164 1865
2369 2143
1934 2158
2224 1888
2565 2067
2041 2069
1871 2315
2373 2274
2031 2122
2087 2055
2618 2098
2313 1887
2038 2138
2351 2512
2520 1778
2096 2087
2650 2238
2121 2090
2238 1989
2386 2480
2273 2038
2199 2123
2769 2192
2257 2082
1854 2573
2611 2349
2037 2363
2195 2241
2568 2492
2642 1903
2109 2350
3094 2100
2350 2129
2047 2422
2892 2257
2149 2335
2695 1905
2789 2456
2512 2062
2287 2307
2744 2549
2241 2354
2444 2178
2580 2845
2091 2531
2402 2213
3139 2409
2734 1979
2447 2246
3119 2454
2792 2005
2477 2284
2926 2591
2597 2203
2294 2490
2732 2881
2645 2196
2370 2449
2786 2818
3323 1791
2466 2370
2750 2922
2554 2320
2491 2387
2817 2858
2435 2517
2469 2493
3022 2679
2576 2425
2509 2485
2888 2828
2575 2464
2450 2597
3193 2595
2511 2570
2765 2357
2909 2883
2675 2489
2372 2759
3039 2785
2513 2628
2595 2571
3124 2783
2761 2428
2563 2601
2865 3075
2698 2499
2179 3080
2924 3072
2651 2547
3013 2252
2978 3158
2724 2550
3122 2222
3506 2714
2679 2630
2785 2532
3153 3003
2639 2696
3110 2271
2819 3433
3041 2330
3157 2244
3523 2803
2605 2732
2788 2609
3105 3191
3588 2104
3019 2451
3136 3150
3346 2239
2882 2581
3801 2674
2416 3146
3274 2310
3583 3030
2777 2723
2895 2626
3302 3294
3018 2540
3000 2558
3650 3103
2473 3204
3312 2368
3826 3069
3242 2419
3103 2530
3460 3631
3064 2563
2930 2661
3571 3638
3006 2599
2805 2797
3831 3372
2931 2681
2781 2854
3996 3198
3078 2575
2979 2658
3040 3804
3269 2500
3643 2303
3615 3692
3132 2608
3194 2590
3889 3512
2531 3373
3014 2829
3871 3558
3431 2568
2803 3137
3868 3569
3101 2822
2896 3063
3959 3719
3065 2937
2953 3061
3031 3013
3100 3001
3070 3077
3360 2813
3332 2839
2829 3432
2894 3376
3130 3100
3092 3161
3201 3076
3343 2993
3222 3127
3141 3236
3198 3192
3505 2953
3601 2893
3800 2744
3551 2997
3461 3083
3508 3054
3679 2936
3310 3263
3171 3393
3446 3173
3023 3578
4045 2496
3442 3227
3463 3232
3356 3335
3502 3238
3865 2884
3653 3129
3097 3661
3577 3267
3324 3495
4016 2763
3330 3534
3719 3220
3709 3251
3593 3346
3475 3484
3691 3286
3366 3588
3413 3537
3592 3394
3498 3502
3514 3492
3368 3648
4043 2800
3733 3400
3482 3640
3867 3279
3845 3314
4021 3012
3675 3565
3844 3449
3539 3721
3706 3656
4041 3088
3966 3385
3842 3585
3832 3630
3839 3624
3837 3639
3907 3690
3978 3635
3856 3761
1162772251 1761909473
1
sift 514
104 116
20 25
25 34
22 36
142 156
37 57
123 135
58 67
189 177
62 76
136 133
66 80
212 196
65 87
144 161
89 108
323 290
94 113
161 154
128 134
480 410
138 146
194 167
177 180
958 671
190 199
184 181
229 184
894 717
230 206
193 210
236 217
1178 726
316 285
195 284
249 234
1095 920
306 318
242 238
310 239
1932 2003
334 403
349 223
286 256
2204 1855
402 330
322 249
270 283
2344 1953
407 379
297 303
411 271
2468 2205
391 399
472 292
426 329
2901 2274
435 371
418 342
384 382
2846 2438
396 402
477 356
443 394
3344 2569
456 391
447 397
463 436
3248 3218
538 432
496 437
441 479
3693 3244
615 455
526 459
569 468
539 554
578 469
562 518
600 483
616 496
597 514
648 513
626 512
529 651
586 586
646 533
674 535
661 550
624 590
689 556
673 637
633 599
639 600
705 662
675 574
752 526
942 541
725 579
726 585
808 737
688 638
699 613
891 776
710 614
527 938
971 761
822 551
682 703
948 786
714 691
691 721
1066 841
787 626
796 656
1027 910
807 652
811 693
1065 872
975 592
853 728
1056 915
966 687
924 712
1131 921
1079 642
869 762
1229 1029
839 818
832 887
1007 1347
898 820
940 796
1324 1126
953 805
965 810
1294 1217
1149 718
992 843
1314 1334
1020 902
1138 798
1421 1243
976 970
990 959
1274 1478
1033 922
964 1030
1433 1321
1070 967
1087 957
1505 1274
1035 1026
1013 1051
1312 1530
983 1073
988 1095
1608 1282
1102 1000
1243 901
1509 1391
923 1312
1009 1164
1666 1291
1326 929
1175 1123
1383 1601
1303 1063
1130 1263
1680 1329
1363 1096
1338 1122
1596 1493
1321 1160
1411 1115
1659 1406
1248 1275
1349 1201
1576 1518
1429 1159
1348 1231
1726 1401
1518 1132
1215 1427
1639 1532
1438 1193
1353 1258
1727 1441
1177 1535
1339 1325
1671 1529
1503 1180
1388 1306
1667 1539
1556 1185
1350 1356
1546 1694
1270 1483
1284 1464
2001 1369
1532 1216
1441 1385
1722 1669
1396 1446
1493 1343
1674 1723
1497 1360
1593 1335
1749 1732
1273 1655
1595 1344
1954 1611
1590 1351
1539 1395
1967 1675
1454 1527
1462 1522
1837 1773
1642 1373
1676 1366
1771 1882
1699 1346
1571 1502
1892 1758
1447 1608
1637 1459
1882 1780
1683 1425
1718 1414
1628 2186
1689 1497
1921 1303
2178 1695
1761 1456
1660 1663
1977 1798
1729 1618
1389 1955
2075 1796
1644 1716
1965 1487
1865 2020
1720 1718
1696 1759
2358 1680
1741 1725
1776 1684
2020 1897
1743 1761
1988 1593
2032 1899
1640 1935
1779 1768
2111 1840
1900 1705
2571 1357
1958 2037
1918 1719
2138 1587
2246 1870
2035 1656
1938 1720
2077 2051
2290 1544
2050 1659
2094 2084
2296 1554
1658 2150
2926 1616
2025 1731
1962 1774
2250 1962
1904 1845
1810 2012
2118 2098
2049 1789
2027 1820
2235 2063
2064 1808
2041 1906
2481 1885
1981 1986
2096 1900
2269 2087
2594 1658
1780 2360
2277 2080
1871 2221
2022 2048
2097 2266
1985 2118
2149 1963
2212 2225
2031 2091
2224 1913
2228 2218
2121 2023
1934 2254
2767 1807
2345 1869
1854 2406
2349 2126
2038 2168
2238 1984
2650 2105
2109 2133
2512 1828
2565 2197
2273 2039
2313 2034
2373 2571
2047 2289
2053 2304
2568 2403
2195 2191
2110 2265
2386 2642
2257 2136
2199 2247
2769 2323
2241 2227
2168 2320
2611 2497
2709 1872
2350 2185
2744 2442
2642 1950
2695 1929
2892 2300
2660 1952
2287 2283
2789 2443
2402 2226
2037 2634
2282 3054
2188 2493
2793 1971
2580 2716
2734 2085
3323 1746
2458 2836
2469 2308
2575 2235
2786 2528
2473 2334
2450 2362
3139 2421
2477 2359
2466 2376
3119 2449
2554 2298
2435 2400
2732 2912
2576 2301
2491 2380
3022 2653
2509 2410
3030 1976
2909 2764
2520 2409
2597 2356
2865 2793
2511 2461
2179 2792
2817 2834
2829 2173
2675 2392
2888 2795
2698 2404
3041 2139
2750 3073
2953 2217
2676 2488
3039 2766
2639 2530
2645 2542
2893 2990
2563 2631
2765 2468
3124 2787
2651 2597
2137 3270
3153 2812
3013 2318
2605 2705
3746 2485
3110 2293
2679 2669
2819 3233
2785 2560
2416 2947
2978 3116
3019 2381
2875 2536
3136 2985
3009 2446
3000 2479
3264 3040
2895 2579
3275 2313
3302 3139
2805 2673
3157 2402
3801 2773
2979 2545
2903 2608
3053 3462
2761 2769
3450 2264
3456 3197
3312 2341
2781 2771
3040 3672
3006 2556
3269 2384
3105 3656
2531 3074
3132 2484
3885 2967
2784 2789
2931 2656
3826 3081
3018 2622
3588 2291
3650 3263
3045 2674
3194 2585
3583 3411
3014 2724
3231 2580
3823 3173
2896 2854
3389 2495
3571 3432
3025 2780
3064 2763
3615 3507
3282 2628
3276 2670
3959 3447
3551 2531
3036 2868
3868 3567
3346 2680
3643 2522
3831 3611
3092 2893
3101 2887
4017 3711
3065 2993
3130 2996
2894 3282
3070 3075
2866 3375
3242 3016
3348 2927
3360 2966
3222 3083
3505 2863
3508 2869
3201 3120
3714 2758
3023 3357
2908 3512
4021 2474
3679 2820
3800 2765
3461 3034
3581 2935
3446 3045
3343 3122
3198 3273
3332 3163
3171 3313
3324 3225
3310 3256
3502 3113
3865 2823
3577 3148
3442 3286
3593 3224
3719 3124
3661 3174
3366 3442
3653 3262
3330 3541
3413 3477
3368 3527
3691 3274
3733 3269
3498 3482
3539 3444
3867 3151
3527 3495
3704 3336
3845 3192
4016 2949
3475 3577
3675 3430
3514 3561
3839 3297
3794 3401
3592 3585
3842 3436
3706 3586
3837 3465
3699 3626
3966 3349
3723 3631
4009 3271
4043 3278
3978 3676
3833 3760
4040 3696
1162772251 1780862618
1
sift 417
72 87
22 29
39 50
37 48
480 421
65 69
71 78
62 75
604 483
66 76
136 124
89 110
958 675
128 131
141 132
138 143
1137 1039
216 159
143 157
144 161
1402 1428
190 214
161 154
179 164
1563 1530
230 207
220 201
236 206
1887 1640
305 231
187 271
242 241
1996 1598
306 258
270 298
316 272
1638 1999
391 387
297 303
419 287
2204 1851
407 406
1432 196
396 441
2344 2149
456 400
496 452
435 439
2468 2439
478 471
562 386
538 466
2316 2726
615 409
626 396
569 498
2745 3432
600 518
578 509
607 512
2845 3285
586 539
597 537
539 644
3344 2800
648 570
616 558
627 560
3693 3440
674 572
646 588
624 650
673 648
675 606
633 653
705 618
725 593
688 646
808 774
699 655
726 632
891 865
822 554
714 649
971 821
691 687
796 734
948 920
841 713
975 622
1065 822
925 701
811 802
1027 978
1149 604
869 841
1131 993
839 980
898 934
1229 1012
965 869
992 859
1205 1104
1033 876
1068 840
1007 1398
976 948
1138 866
1161 1332
1080 938
990 1066
1294 1255
1070 977
1079 1001
1314 1254
988 1130
1175 969
1435 1168
1102 1053
1013 1160
1324 1259
964 1283
1087 1126
1433 1354
1100 1121
1067 1149
1592 1273
1148 1127
1338 1034
1659 1289
1325 1043
1303 1083
1274 1723
1326 1079
1497 1031
1666 1328
1321 1178
1248 1306
1608 1390
1133 1549
1215 1385
1726 1290
1388 1215
1556 1137
1383 1651
1502 1199
1270 1452
1596 1443
1339 1460
1441 1353
1498 1533
1593 1274
1353 1500
1576 1541
1347 1509
1396 1489
1724 1392
1539 1343
1428 1473
1671 1527
1350 1562
1631 1304
1312 1930
1493 1461
1477 1496
1667 1558
1590 1388
1284 1762
1722 1638
1462 1596
1683 1366
1882 1634
1616 1503
1921 1219
1635 1912
1571 1564
1447 1698
2001 1643
1518 1639
1676 1511
1771 1923
1761 1421
1355 1854
1837 1879
1718 1615
1696 1654
1892 1833
1729 1715
1776 1687
1865 1913
1779 1703
1743 1763
2111 1774
1640 1881
2290 1348
1958 1927
1741 1785
2192 1429
1945 2017
1965 1624
1900 1701
2094 1957
1720 1916
2025 1671
1967 2111
2050 1718
1904 1842
2118 1966
1835 1976
1962 1869
2075 2140
2035 1821
1918 1933
2178 2098
2345 1696
2049 1889
2020 2280
1981 1982
2096 1901
2250 2066
1780 2339
1934 2124
2212 2182
1810 2373
1969 2115
2235 2160
2031 2074
2064 2034
2228 2196
2164 1971
2121 2022
2282 2162
2022 2130
2126 2038
2481 1993
2571 1757
2594 1787
2277 2180
2110 2187
2109 2210
2349 2113
1871 2572
2257 2129
2369 2121
2287 2169
2047 2422
2269 2310
2199 2283
2238 2289
3094 1740
2408 2127
2350 2188
2650 1998
2705 1938
2195 2408
2246 2360
1854 2835
2793 1908
2692 2013
2402 2236
2338 2301
2565 2153
2053 2658
2501 2252
2767 2024
2512 2250
2076 2683
2789 2139
2734 2089
2231 2541
2611 2411
2435 2363
2520 2319
2769 2278
2491 2432
2554 2384
3119 2035
2645 2368
2698 2332
2744 2365
2576 2484
2597 2481
2386 2701
2511 2559
3227 2003
2618 2543
2466 2635
2485 2623
2580 2745
2651 2474
3346 2026
2865 2539
2724 2506
2675 2545
2786 2628
2953 2295
2563 2678
3193 2317
3415 2055
2669 2634
2817 2849
2785 2555
3110 2304
2732 2977
3000 2416
2730 2693
2750 3101
2777 2654
3310 2272
3124 2727
3064 2433
2450 3040
3139 2737
2552 2969
2377 3232
3746 2388
2781 2767
3231 2425
2888 3001
3269 2405
2895 2690
3022 2853
2805 2778
3045 2619
2893 3136
3132 2561
3274 2496
3039 3037
3019 2682
2876 2816
2978 3198
3018 2697
2679 3112
3456 2793
2829 2879
3006 2718
3136 3099
3282 2552
2765 3018
3801 2640
3031 2740
3041 2743
3153 3178
3312 2582
3588 2464
3040 3300
3157 2717
2894 2987
3523 2878
3222 2707
3348 2661
3209 3147
2416 3750
3194 2799
3826 2708
3643 2606
3113 2947
3156 3337
3389 2755
3704 2629
3506 3030
3141 3023
3343 2945
2819 3827
3160 3142
3551 2843
3507 3179
4045 2342
3324 3186
3302 3392
3250 3275
4016 2603
3583 3149
3356 3204
3593 3035
3571 3581
3446 3212
3198 3465
3885 3251
3679 3032
2866 3834
3831 3449
3515 3240
3023 3765
3615 3721
3461 3346
3691 3166
3871 3534
3332 3512
3130 3714
3868 3605
3544 3314
3475 3420
3823 3746
3865 3011
3798 3190
3719 3299
3706 3334
3538 3521
3368 3710
3413 3704
3590 3585
3577 3635
3867 3336
3845 3540
3886 3501
3498 3845
4040 3150
3966 3456
3733 3803
3794 3786
3856 3789
3829 3818
3839 3821
3907 3828
3923 3832
3978 3807
1162772251 1789068863
1
sift 500
212 176
58 78
8 8
94 99
25 27
11 14
2344 2116
138 139
19 23
178 196
71 77
87 81
2901 2729
230 203
116 83
187 200
141 126
133 134
2845 2938
236 238
136 147
219 270
179 184
144 135
3693 3471
334 213
194 124
310 290
242 232
161 171
391 378
177 205
393 385
286 323
204 197
456 457
239 224
431 451
322 324
244 226
538 458
246 236
477 441
328 350
234 278
615 531
248 263
447 505
372 315
303 217
661 542
299 292
527 455
329 374
284 299
594 625
338 448
616 592
418 379
358 405
596 639
422 406
682 615
496 503
412 467
674 641
464 414
623 684
578 504
463 434
705 640
411 502
673 807
657 618
454 461
808 790
500 450
714 931
646 638
547 431
979 761
518 495
891 851
610 716
605 439
971 876
526 520
990 894
641 714
529 522
1000 907
472 609
923 997
699 675
579 529
1031 1022
569 559
1027 1054
726 647
564 611
1007 1123
599 581
976 1115
675 715
621 605
1261 1056
633 597
1033 1151
627 771
597 654
1274 1086
751 575
1196 1219
792 743
689 665
1312 1190
710 676
1363 1163
849 734
725 682
1205 1394
752 685
1154 1460
858 901
794 672
1448 1367
683 829
1265 1288
869 939
926 622
1509 1318
760 773
1303 1342
902 913
796 785
1421 1436
815 804
1412 1277
822 1027
770 866
1433 1612
811 914
1462 1292
965 883
906 840
1383 1709
908 852
1539 1497
898 969
865 925
1740 1469
870 954
1546 1685
992 984
940 992
1803 1494
969 1003
1593 1692
1177 858
924 1051
1671 1631
1197 827
1633 1681
1138 981
1090 977
1945 1412
1069 1066
1628 1818
1063 1074
988 1168
1666 1680
1040 1147
2077 1447
1102 1205
1254 964
1727 1918
1083 1124
1454 2142
1100 1350
915 1527
1920 1829
1292 1118
1722 2119
1284 1162
1067 1468
1771 2039
1164 1295
2097 1718
1338 1238
1133 1445
1954 1839
1301 1193
2091 1783
1248 1476
1084 1551
2099 1854
1242 1303
1774 2144
1321 1433
1172 1429
1882 2104
1217 1364
1800 2150
1503 1322
1358 1246
1892 2109
1308 1344
1991 1953
1532 1432
1348 1296
2094 1900
1278 1435
2001 2015
1347 1626
1438 1270
1724 2486
1395 1319
1977 2153
1376 1696
1645 1139
2286 1846
1336 1418
2032 2141
1676 1440
1339 1411
1865 2507
1342 1574
2121 2168
1428 1752
1362 1572
2020 2349
1380 1575
2235 2261
1718 1649
1588 1467
2178 2223
2037 1133
2111 2482
1683 1724
1350 1726
2358 2292
1453 1671
2481 2200
1741 1778
1514 1634
2373 2515
1699 1534
2296 2405
1761 1929
1556 1856
2075 2932
1357 2166
2271 2563
1835 1977
1937 1521
2277 2771
1694 1811
2511 2575
1720 2220
1729 1801
2399 2709
1731 1830
2611 2568
2035 1833
1899 1729
2819 2355
1805 1890
2282 3012
2126 1803
2062 1672
2351 2943
1776 1952
3097 2260
1810 2139
1842 1976
2386 2973
1988 1831
2761 2626
1918 2081
1915 1904
2770 2768
1497 2652
2619 2991
1980 2048
1696 2337
2565 3384
1900 2024
2509 3171
1871 2202
1715 2360
2707 3278
1902 2073
2469 3270
1962 2103
1916 2071
3052 2901
1787 2268
3312 2598
2372 1821
2003 1972
2865 3173
1743 2425
2411 3674
2064 2060
2313 1799
2732 3432
1709 2555
3113 3065
2025 2224
1796 2363
3119 2989
2095 1954
2888 3379
2168 2087
1921 2245
2750 3711
1880 2307
2936 3522
2512 1930
2221 1997
3264 3258
1985 2278
2926 3682
2238 2183
2047 2369
3105 3462
2105 2309
3045 3662
2096 2318
2236 2243
3136 3784
2149 2326
3583 3372
2341 2254
2023 2498
3516 3431
2014 2542
3302 3765
2666 1991
2278 2240
3460 3690
2005 2594
3837 3305
2049 2593
2471 2125
3732 3443
2209 2404
3343 3832
2520 2197
2273 2353
3040 3985
2456 2248
3829 3602
2287 2451
2370 2383
3983 3392
2350 2397
3733 3751
2031 2841
2422 2330
3831 3640
2143 2640
2257 2669
2328 2456
3731 3969
2425 2375
3057 2091
2554 2310
2725 2209
2465 2658
2931 2044
2070 2888
2110 3074
2444 2537
2525 2455
2779 2384
2510 2487
2557 2447
2784 2490
2449 2644
2488 2627
2734 2577
2839 2279
2376 2748
2576 2717
2298 2851
2482 2702
2765 2578
2345 2833
2485 2830
2491 2838
2898 2474
2873 2481
2829 2613
2675 2731
2540 2879
2895 2588
2224 3280
2641 2821
2596 2981
2790 2719
2760 2759
3874 2033
2617 2982
2805 2750
2679 2944
2730 2922
2833 2777
2896 2912
2788 2924
2856 2872
3157 2784
2513 3309
3099 2672
3006 2920
2812 2961
2646 3195
3019 2950
3140 2689
2894 2923
3227 2822
3009 2811
3089 2762
3018 3031
2651 3275
3000 2854
2921 3218
2930 2930
2867 3016
3450 2809
3551 2549
2701 3307
3023 3193
2710 3286
2645 3538
3198 3182
3146 2913
2948 3110
3332 3089
3104 2971
3174 2956
3446 3272
3010 3105
2999 3134
3268 3524
3027 3111
3249 2951
3539 3315
3065 3117
3076 3109
3593 3332
3685 2701
3515 2800
3798 3170
3422 2926
3294 3039
3679 3308
3014 3399
3130 3283
3538 3498
3379 3077
3101 3336
3461 3598
3036 3447
3743 2890
3865 3237
2989 3626
3064 3560
3498 3767
3171 3451
3132 3519
3839 3696
2633 3977
4046 2535
3992 3849
3532 3155
3218 3465
3710 3087
3177 3595
3098 3742
3508 3322
3172 3700
3330 3619
3276 3688
3425 3608
3891 3203
3251 3844
3419 3801
3348 3916
3675 3704
3714 3692
3444 3919
3824 3630
3473 3928
3637 3828
3794 3728
3982 3579
3939 3671
3867 3853
4043 3709
1162772251 1923562747
1
sift 715
54 73
22 31
25 32
62 75
407 436
27 44
104 114
37 59
39 53
1310 1325
436 506
67 67
119 121
66 76
71 79
1541 1581
600 547
65 78
142 152
89 102
84 115
1667 1623
648 565
94 106
189 184
128 130
112 111
2369 1922
1070 1022
115 124
212 195
138 147
123 138
2744 2613
1447 1199
139 129
323 296
198 181
141 136
3124 2890
1314 1548
131 142
480 406
190 200
144 145
2893 3434
1388 1477
145 150
812 858
230 209
161 167
3523 3077
1608 1438
179 171
894 829
236 227
177 177
1683 1379
194 173
958 806
282 203
184 180
1576 1573
193 197
1178 819
316 306
229 187
1726 1431
195 229
1167 996
306 336
235 220
1639 1564
219 266
1137 1094
305 338
242 247
1718 1587
249 240
1563 1758
334 353
238 276
1505 1991
243 287
2083 1570
391 396
307 231
1860 1824
299 278
2002 1700
396 390
310 273
2031 2014
286 292
1996 1910
456 415
322 279
1958 2243
297 305
1932 2110
538 454
363 272
2269 2128
341 298
2161 2030
596 458
285 361
2368 2133
343 325
2080 2143
539 524
329 352
2350 2171
328 366
2204 2137
615 477
384 392
2765 2342
393 382
2344 2188
661 562
418 368
2895 2295
432 362
2468 2129
623 588
485 340
2618 2686
426 376
2316 2723
674 566
411 388
2785 2660
477 397
2745 2363
673 695
419 450
3019 2553
454 414
2901 2692
942 559
447 444
2789 2925
443 466
2845 3100
705 848
510 410
2817 3129
437 483
3248 3693
808 720
463 457
3222 2953
441 509
3693 3275
872 789
496 464
3506 2760
472 488
891 816
534 427
3153 3212
526 495
981 782
515 535
3735 3241
569 500
1000 845
578 522
665 511
971 876
529 613
597 553
1027 975
621 545
616 555
1115 899
606 577
646 581
1066 958
689 563
626 619
1065 966
639 642
633 651
1056 983
688 621
609 692
1012 1045
627 679
657 671
1127 1044
726 605
699 641
1031 1465
725 617
752 597
1228 1147
710 658
675 687
1205 1202
682 691
714 674
1319 1241
691 703
669 717
1274 1343
807 603
853 618
1185 1516
760 698
787 680
1312 1371
822 673
926 616
1433 1246
770 736
792 722
1435 1264
824 708
1068 584
1261 1437
796 743
811 758
1421 1327
917 696
1079 624
1294 1492
839 763
997 718
1509 1404
869 812
870 841
1383 1577
902 792
924 784
1680 1366
832 894
966 772
1666 1501
940 820
965 801
1671 1496
898 882
1020 851
1546 1675
976 900
992 906
1674 1565
1149 774
964 967
1727 1529
990 950
858 1109
1659 1592
1033 923
1024 962
1722 1553
1013 1013
1112 902
2001 1336
1087 944
1138 895
1724 1604
983 1077
1005 1081
1749 1730
954 1162
988 1143
1967 1616
923 1267
1302 885
1628 2097
1100 1084
1104 1090
1837 1809
1102 1099
1331 989
1771 1923
1133 1181
1067 1297
1882 1816
1326 1047
1180 1170
1892 1848
1518 982
1175 1196
1954 1804
1243 1144
1148 1269
1945 1870
1177 1225
1551 1000
2020 1803
1236 1212
1419 1108
1865 2048
1215 1289
1325 1178
1977 1927
1278 1217
1525 1075
2152 1802
1321 1187
1254 1259
1920 2032
1194 1345
1348 1172
2111 1921
1248 1293
1308 1237
2032 2002
1349 1201
1335 1226
2094 1983
1284 1318
1363 1238
2235 2020
1350 1256
1313 1316
2097 2162
1410 1227
1429 1219
2250 2096
1502 1166
1273 1389
2118 2240
1336 1320
1358 1329
2228 2176
1339 1348
1270 1434
2767 1790
1396 1315
1342 1367
2277 2254
1428 1317
1532 1248
2178 2344
1376 1388
1460 1331
2481 2126
1353 1430
1389 1414
2565 2081
1362 1441
1441 1405
2282 2345
1556 1328
1333 1534
2349 2298
1454 1416
1462 1447
2358 2391
1631 1351
1548 1457
2707 2281
1590 1440
1477 1543
2386 2825
1595 1448
1493 1533
2580 2673
1497 1536
1571 1519
2622 2642
1593 1520
1623 1487
2909 2402
1699 1421
1355 1753
2611 2688
1676 1470
1689 1466
2650 2657
1754 1399
1539 1612
3119 2294
1560 1609
1637 1539
2892 2471
1640 1547
1633 1597
3094 2430
2089 1250
1685 1595
2732 2828
1357 1957
1761 1538
2865 2651
1644 1701
1694 1657
3139 2539
1732 1630
1687 1687
2936 2702
1787 1586
1921 1491
3022 2631
1729 1690
1630 1785
2888 2796
1715 1711
1720 1709
2924 2767
1642 1774
1696 1759
2750 3031
1775 1708
1776 1706
2819 2982
1658 1825
1743 1768
3039 2853
2137 1479
1760 1779
2978 2963
1741 1799
1988 1599
3193 2872
1738 1822
1880 1710
2926 3229
1919 1703
1731 1886
2780 3557
1900 1734
2126 1575
3136 3107
1929 1731
1922 1741
3040 3272
2158 1594
1810 1841
3264 3114
2571 1406
1956 1738
3052 3460
1902 1782
1835 1836
3583 3074
1904 1846
1918 1844
3456 3177
1916 1857
1899 1917
3302 3315
1938 1882
2594 1544
3105 3660
2354 1665
1871 1997
3732 3086
2022 1832
2003 1854
3460 3452
2035 1859
1981 1956
3959 2972
1962 1970
2049 1892
3996 3027
2050 1898
1906 2070
3571 3552
1780 2284
2064 1895
3823 3292
2153 1837
2046 1934
3615 3570
2096 1920
2164 1889
3801 3499
2027 2031
2037 2062
3965 3266
2195 1942
2038 2071
3831 3491
2238 1904
2121 2000
3516 3766
1966 2206
2138 2012
3885 3473
1934 2271
2209 1978
3826 3648
2041 2159
2107 2083
3908 3835
2087 2122
2313 1954
2143 2079
2187 2051
2005 2233
2224 2023
1985 2287
2520 1845
2517 1852
2047 2268
2245 2078
2091 2258
1991 2366
2149 2220
2273 2089
2110 2267
2533 1902
2053 2335
2257 2146
2943 1720
2192 2269
2287 2190
2338 2135
2199 2296
2231 2304
2241 2297
2512 2058
2444 2132
2682 1969
2168 2421
2236 2356
2431 2194
2402 2226
2641 2028
2388 2235
2482 2177
2271 2392
2435 2307
2416 2334
2025 2734
2870 1965
2341 2429
2409 2362
2109 2667
2509 2308
2695 2163
2844 2024
2540 2303
2734 2156
2477 2383
2646 2252
2466 2411
2790 2141
2560 2352
2605 2313
2576 2340
2531 2408
2450 2491
2491 2461
2465 2512
2485 2509
2792 2230
3227 1936
2982 2093
2511 2513
2536 2499
2675 2412
2557 2514
2597 2496
2698 2449
2469 2647
2829 2367
3041 2216
2595 2610
3013 2277
2724 2540
2699 2551
2563 2679
2679 2605
2638 2637
2408 2898
2921 2423
2651 2662
2788 2533
2676 2700
2575 2833
2784 2608
3407 2214
2777 2645
2761 2697
2805 2653
2645 2873
3103 2460
3000 2534
2931 2606
3006 2560
2738 2891
2513 3186
2875 2710
3157 2515
3550 2299
3274 2451
2991 2652
3242 2498
3268 2495
2811 2905
2781 2944
3472 2428
2779 2988
3018 2699
3031 2724
3194 2611
2894 2896
3588 2415
3323 2569
3160 2678
2979 2867
3515 2500
3173 2695
2896 3002
3282 2627
3009 2878
3132 2758
3064 2832
3057 2844
3800 2388
3046 2888
3110 2834
2908 3083
3023 2922
3228 2739
3174 2801
3014 2960
3389 2658
3104 2916
3218 2811
3146 2876
3141 2893
3070 2954
2803 3302
3036 3014
3312 2755
3130 2923
3065 3003
3122 2941
2833 3303
2617 3684
3101 3018
2856 3316
3092 3090
3198 3009
3113 3111
3461 2865
3346 2933
3294 2999
2999 3323
3360 2966
3714 2725
3551 2863
3642 2784
3171 3197
3100 3297
3356 3110
3508 2981
3097 3359
3330 3192
3256 3257
3431 3123
3350 3176
3368 3178
3231 3310
3798 2894
3502 3163
3685 3073
3581 3161
3343 3367
3463 3286
3505 3305
3679 3171
3832 3036
3379 3467
3577 3281
3413 3435
3760 3133
3446 3445
3201 3682
3926 2975
3593 3345
3699 3256
3704 3288
3514 3487
3539 3569
3476 3639
3723 3390
3733 3387
3482 3645
3573 3576
3743 3415
3475 3696
3596 3620
3761 3481
3719 3525
3807 3437
3794 3514
3870 3428
3939 3369
3907 3447
3653 3719
3844 3553
3637 3749
3886 3524
3706 3731
3865 3604
4041 3184
3815 3704
3829 3702
4015 3416
3842 3723
3837 3782
3937 3692
3856 3793
4043 3441
3850 3830
1162772251 1988776702
1
sift 430
54 79
22 44
123 148
66 83
142 171
65 92
136 144
89 114
212 215
94 118
132 156
128 146
323 285
138 155
144 172
161 178
480 414
216 179
179 184
177 193
498 430
190 221
184 195
229 199
894 788
230 232
220 218
236 234
1178 802
316 299
242 252
310 250
1095 962
305 319
286 256
322 270
1563 1496
334 411
270 314
285 333
2204 1851
391 404
297 348
341 312
2344 2036
396 423
384 352
447 349
2468 2353
456 401
418 373
477 365
2901 2236
538 446
443 416
463 443
2846 2510
503 483
496 437
437 484
3344 2518
615 476
562 477
569 487
3693 3134
600 523
578 489
597 508
648 511
626 492
616 527
623 536
657 503
671 516
674 560
646 569
661 586
673 653
633 637
689 594
705 667
688 595
725 607
808 742
726 626
699 664
971 799
822 535
710 670
981 796
714 697
691 739
948 854
792 639
677 778
1066 783
841 696
975 613
942 879
796 752
1068 582
1027 955
925 695
811 775
1065 898
902 734
869 814
1146 1022
839 872
1149 719
1229 1027
965 837
898 930
1007 1342
992 866
976 902
1205 1116
988 944
1138 821
1294 1217
990 976
1070 886
1435 1162
1033 964
1020 994
1310 1287
953 1049
964 1104
1433 1351
1102 1017
1005 1140
1274 1583
1087 1045
1009 1231
1505 1389
1326 945
1525 874
1659 1262
1175 1102
1280 1057
1608 1323
1303 1077
1338 1092
1596 1353
1130 1382
1363 1126
1680 1285
1215 1330
1325 1235
1666 1371
1381 1211
1248 1379
1727 1338
1348 1297
1388 1275
1576 1470
1556 1176
1518 1206
1312 1719
1503 1215
1270 1436
1383 1646
1429 1298
1350 1380
1667 1534
1339 1394
1396 1333
1671 1577
1357 1416
1441 1361
2001 1435
1347 1453
1497 1374
1724 1711
1593 1316
1590 1349
1967 1560
1493 1447
1637 1365
1882 1650
1462 1499
1642 1372
1674 1855
1683 1385
1571 1477
1771 1791
1676 1427
2027 1185
1892 1684
1539 1565
1701 1444
1722 2092
1921 1301
1718 1489
2111 1756
1644 1594
1689 1561
1865 1974
1762 1490
1696 1591
2094 1797
1743 1589
1447 1888
2170 1798
1640 1755
1729 1677
2020 1972
1776 1656
2126 1430
2077 1937
2290 1366
1741 1739
2250 1825
1900 1606
1720 1783
1958 2110
1988 1569
1929 1626
2075 2045
1630 1956
2025 1601
2481 1781
1938 1673
1779 1886
2178 1993
2571 1441
1918 1780
2767 1680
1904 1801
2138 1663
2118 2101
1962 1812
2594 1525
2235 1990
2345 1636
2050 1778
2212 2100
1981 1847
1658 2318
2349 1971
2031 1813
1810 2128
2618 1829
2064 1821
2041 1854
2277 2105
2096 1809
2035 1858
2269 2145
1969 1932
2049 1902
2282 2234
2264 1775
2022 1950
2565 2060
1985 1999
1934 2117
2650 2126
2512 1736
1871 2270
2579 2179
2199 1942
2513 1750
2351 2400
2121 1997
2038 2133
2373 2492
2224 1955
2238 1959
3119 1918
2520 1806
2257 2051
2386 2553
1854 2517
2350 2004
2789 2246
2037 2315
2241 2139
2744 2327
2195 2181
2110 2275
2611 2437
2047 2349
2109 2309
2568 2563
2287 2178
2734 1862
2926 2300
2575 1966
2313 2201
2769 2446
2435 2109
2402 2141
2580 2669
2642 2016
2408 2192
3094 2272
2469 2190
2560 2146
2888 2524
2053 2598
2477 2205
2732 2735
2153 2587
2554 2226
3022 2458
2511 2319
2793 2089
2865 2609
2491 2348
2509 2359
2750 2826
2576 2338
2466 2436
3124 2540
2698 2252
2645 2307
3139 2568
2536 2416
2450 2499
2817 2864
2485 2523
2595 2435
2924 2890
2679 2370
2829 2220
3039 2809
2563 2475
2785 2276
3193 2728
2675 2430
2651 2512
3136 2791
2953 2259
2873 2367
3209 2773
3019 2283
2724 2562
3801 2490
2777 2515
3110 2282
3153 2947
2781 2549
3157 2260
2819 3366
3000 2371
2639 2719
2893 3317
2091 3473
2765 2611
3040 3235
3282 2230
3013 2401
3826 2807
2895 2522
3274 2288
3302 3354
3064 2426
3132 2396
3523 3213
3006 2528
2875 2640
3823 3074
3018 2543
3242 2457
3583 3323
3113 2545
3030 2615
3571 3417
2666 3035
3268 2487
3885 3119
2931 2722
3160 2581
3889 3120
3014 2697
2894 2823
3831 3312
3070 2688
2896 2840
3868 3392
3551 2434
3101 2703
3871 3404
3515 2474
2531 3458
3959 3493
3025 2827
3343 2649
3346 2691
2908 3114
3130 2873
3222 2805
3588 2593
3141 2902
3679 2701
3198 3061
2822 3558
3446 2945
3508 2900
3290 3096
3798 2753
3324 3111
3505 2957
3593 2935
3461 3060
3310 3243
3653 2962
3457 3238
3719 3036
3252 3454
4016 2710
3631 3142
3366 3382
3596 3191
3577 3221
3684 3128
3800 3095
3413 3445
3590 3284
3867 3088
3794 3195
3706 3521
3966 3228
3842 3481
3699 3616
3829 3568
4043 3143
3978 3529
4041 3319
1162772251 2080441786
1
sift 178
262 219
251 283
342 287
356 358
315 309
378 393
545 522
443 413
489 432
483 504
568 559
411 502
467 540
602 650
571 554
544 475
540 496
764 753
728 728
570 598
633 578
1043 1002
773 717
734 611
671 761
1714 1496
1078 994
710 738
579 931
1926 2212
1110 1037
785 740
763 771
1974 2342
1475 919
795 823
771 879
2256 2071
1202 1155
796 870
830 832
1859 2884
1298 1168
985 946
953 1064
2636 2362
1272 1231
1132 923
1025 1143
2424 2796
1235 1304
1022 1180
1133 1129
2749 3043
1415 1184
1455 984
1296 1139
2691 3188
1370 1414
1355 1106
1175 1473
2714 3709
1390 1492
1348 1450
1424 1415
2914 3732
1501 1401
1575 1540
1350 1710
3043 3476
1862 1301
1357 1814
1474 1711
2609 4361
1773 1502
1699 1546
1870 1387
3834 2708
1700 1593
1737 1638
1689 1695
3528 4179
1943 1642
1710 1691
1847 1631
3695 4228
1820 1838
1799 1672
2022 1524
2081 1670
1684 1842
1776 1762
1844 1912
2456 1515
1900 1864
1959 1953
1986 1866
2043 1925
2092 1941
1989 2044
1985 2067
2248 1945
2102 1991
2023 2080
1993 2298
2047 2270
2038 2306
2339 2049
2273 2259
2142 2305
2550 1961
2375 2222
2516 1996
1933 2663
2367 2274
2329 2336
2383 2422
2838 1976
2069 2819
2494 2522
2313 2605
2436 2559
2187 2812
2554 2429
2504 2561
2523 2650
2466 2629
2742 2506
2514 2848
2037 3733
2645 2699
2486 2950
2908 2578
2680 2785
2551 3371
2719 2745
3322 2338
2980 2999
2803 2789
2675 2987
3418 2735
2756 2925
2730 3233
2723 3964
2928 2916
2979 2965
3602 2717
3000 3005
3443 2782
3454 2887
3972 2414
3114 3208
3467 3652
3064 3307
2894 3890
4034 3674
3076 3405
3099 3465
3171 3306
3014 3664
3101 3509
3185 3326
3551 3071
2999 4078
2991 4098
3276 3853
3070 4212
3452 3714
3760 3802
3564 4125
3508 4273
3675 4114
3697 4203
3970 3866
3999 4003
3799 4372
3923 4270
4041 4226
1162772251 2102469315
1
sift 713
21 27
23 29
27 31
595 1125
90 142
38 40
54 60
66 81
39 53
933 926
316 277
44 57
72 73
67 85
46 58
631 1638
402 355
56 51
104 106
128 125
60 62
1488 1390
539 500
73 90
119 140
178 174
74 91
1543 1927
586 595
78 87
189 176
190 170
80 86
1765 1772
808 782
81 95
323 283
236 206
123 127
1884 1916
891 931
115 145
401 350
334 326
130 160
2382 1681
1065 976
143 164
498 405
391 384
144 166
1885 2078
948 1208
169 156
480 448
407 390
168 162
2219 2087
1027 1161
172 167
604 537
423 385
177 187
2147 2660
1131 1242
182 183
812 818
396 435
184 191
2797 2046
1435 1179
193 209
1158 941
435 438
233 202
2030 2988
1319 1365
235 195
1137 986
456 445
231 218
2535 2953
1668 1591
243 239
1095 1041
600 582
249 245
3278 2583
2094 2142
255 258
1484 1267
673 553
269 267
2124 3963
2282 2298
310 263
1402 1506
648 588
321 259
2902 3645
2369 2433
311 292
1563 1439
705 616
344 282
3541 3313
2744 2486
347 314
1275 2253
615 725
419 285
2978 2842
427 303
2002 1478
661 847
364 343
3039 2919
362 382
1638 2098
872 862
380 376
3193 2810
382 411
1932 1839
890 1064
440 377
2893 3227
579 310
2635 1599
1000 991
443 415
3523 3630
457 400
2310 1854
971 1031
477 407
3996 3363
409 472
2204 2022
981 1048
448 440
467 429
2080 2562
1115 1023
386 511
483 443
2161 2477
1473 850
515 418
573 383
2468 2288
1161 1105
635 342
562 412
2344 2415
1185 1169
578 404
496 524
2901 2335
1205 1166
526 496
639 430
2845 3106
1324 1403
626 461
691 433
3344 2969
1433 1320
575 518
570 533
1274 1537
675 458
649 489
1312 1524
549 608
606 544
1448 1442
617 540
607 556
1505 1422
616 559
510 754
1639 1469
664 561
671 585
1576 1542
633 609
710 579
1674 1472
669 623
682 610
1608 1588
582 717
658 679
1740 1505
688 649
689 658
1726 1566
722 630
679 671
1666 1639
703 668
699 673
1671 1676
764 646
728 704
1725 1768
838 614
754 711
1722 1840
748 734
770 707
2539 1423
714 787
755 756
1892 1795
791 726
787 736
1771 1957
780 750
786 742
1860 1877
810 720
816 732
2099 1762
774 778
953 640
1997 1826
884 710
790 804
1954 1868
852 740
796 819
1882 1966
871 755
844 781
1865 2020
936 718
849 797
1977 1897
847 830
858 861
1803 2223
870 853
992 785
2001 1940
943 831
940 837
1920 2171
900 899
917 887
1876 2233
975 838
848 1000
2111 2055
905 938
983 868
2250 1997
877 1027
966 911
2152 2121
1019 876
1077 825
2277 2017
977 943
976 981
2178 2271
1013 945
1006 956
2118 2368
1010 1018
1080 927
2170 2349
1192 841
1061 999
2314 2226
990 1092
1104 983
2212 2447
999 1103
1086 1025
2246 2426
1074 1065
1134 1015
2269 2462
1136 1032
1349 882
2235 2495
1070 1123
1140 1072
2373 2382
1193 1012
1174 1046
2386 2413
1138 1135
1223 1075
2228 2608
1068 1232
1087 1222
2077 2850
1150 1147
1079 1239
2565 2381
1154 1168
1147 1196
2611 2367
1377 1062
1175 1195
2495 2501
1180 1185
1388 1069
2580 2574
1130 1326
1199 1230
2865 2289
1196 1248
1277 1187
2732 2460
1302 1203
1601 1058
2615 2576
1303 1212
1265 1245
2481 2785
1278 1240
1354 1186
3119 2215
1248 1280
1390 1174
2789 2558
1194 1369
1370 1214
2769 2707
1179 1430
1326 1284
2750 2754
1321 1306
1213 1427
2707 2826
1512 1192
1342 1323
2692 3016
1394 1310
1414 1290
3483 2377
1418 1298
1429 1292
3105 2640
1474 1271
1424 1315
2786 2945
1362 1382
1270 1490
2767 3128
1348 1409
1593 1229
2926 3096
1363 1421
1564 1260
2888 3286
1508 1317
1460 1373
3022 3331
1595 1277
1325 1515
3139 3242
1350 1487
1585 1318
3372 3114
1347 1525
1438 1523
3136 3380
1949 1146
1704 1312
3264 3305
1539 1465
1554 1464
3456 3174
1560 1522
1637 1456
3302 3336
1357 1716
1502 1580
3153 3693
1358 1738
1642 1474
3040 3832
1497 1602
1907 1269
3120 3788
1633 1531
1462 1679
3094 3817
1177 2188
1699 1504
3801 3150
1518 1664
1623 1586
3571 3434
2222 1183
1909 1342
3529 3723
1774 1438
1499 1699
3460 3947
1322 1999
1676 1596
3583 3885
1698 1584
1754 1563
3731 3836
1630 1680
1694 1608
3777 3827
1718 1622
1751 1637
3826 3873
1816 1572
1683 1718
3615 3984
2262 1325
1687 1755
4017 3902
2070 1432
2131 1411
1404 2153
1715 1752
1779 1685
1783 1704
1942 1583
1956 1579
1776 1754
1844 1690
1938 1663
2188 1534
2044 1630
1733 1942
1588 2212
1899 1757
2394 1458
1927 1749
1853 1832
1838 1862
1900 1807
1841 1865
1732 2067
2085 1687
2126 1677
1965 1790
1755 2122
1874 1929
1905 1951
2025 1847
1878 2029
1888 2061
1962 1967
1970 1985
2062 1903
2003 1974
2046 1941
1918 2127
2038 1972
2087 1947
2151 1909
1985 2100
1854 2315
1461 3192
2515 1735
2043 2075
2293 1859
1934 2267
1968 2235
2201 1994
1871 2390
1991 2219
2248 1955
2163 2039
2022 2201
2068 2179
2027 2275
2067 2244
2121 2197
2339 2014
2066 2301
2245 2151
2123 2296
1896 2652
2278 2204
1677 3261
2350 2172
2584 1988
2469 2097
2257 2294
2409 2144
2037 2556
2324 2257
2109 2489
2790 1866
2273 2333
2406 2209
2143 2484
2271 2355
2150 2491
2302 2356
2216 2493
2402 2320
2411 2318
2290 2482
2870 1934
2329 2436
2552 2248
2413 2359
2397 2393
2792 2048
2485 2351
2294 2572
2313 2581
2444 2472
2491 2438
2605 2330
2431 2500
2527 2408
2587 2357
2724 2255
2616 2339
2537 2454
2494 2536
2791 2241
2475 2571
3567 1814
2321 2753
2341 2731
2554 2528
2704 2380
3174 2007
2698 2417
2595 2587
2749 2473
2669 2545
2047 3334
2705 2523
2864 2354
2560 2670
2651 2603
2511 2737
2903 2345
2953 2307
2674 2597
2756 2530
2597 2684
2675 2619
3179 2184
2714 2605
2646 2677
2517 2802
2757 2585
2488 2847
2718 2638
2452 2907
2772 2615
2709 2691
2466 2927
2377 3153
2785 2713
2999 2520
2510 3019
2805 2728
2035 3865
3222 2383
2385 3300
2679 2900
2788 2771
3008 2588
2573 3094
2796 2820
2592 3093
2761 2882
3173 2531
3976 2042
2574 3246
3505 2396
3233 2567
2747 3025
2844 2876
2699 3110
2908 2838
2875 2868
3454 2466
3043 2736
2897 2889
3014 2784
2839 2957
2531 3474
2877 2936
3231 2666
2645 3357
2811 3073
3064 2805
3343 2627
3000 2863
3195 2735
3417 2623
2873 3067
3167 2777
3101 2835
3058 2878
3476 2649
3133 2860
2719 3431
3243 2798
2701 3478
2695 3531
2782 3392
3019 3040
2784 3415
3056 3021
3004 3119
3360 2806
3228 2912
3218 2935
3003 3201
3176 3008
2894 3396
3255 2954
3234 3004
3274 2979
3588 2766
3055 3238
3006 3325
3122 3187
3100 3223
3308 3013
3172 3166
3410 2942
3084 3296
3092 3324
3816 2714
3397 2998
3610 2870
3431 3023
3322 3135
2985 3538
3310 3168
3373 3121
3141 3385
3146 3371
3171 3352
3247 3272
3070 3482
3276 3274
3324 3269
3779 2916
3661 3002
3599 3104
3538 3171
3470 3267
3714 3065
3390 3391
3695 3097
3415 3381
3509 3310
3573 3259
3350 3489
3290 3567
3520 3353
3704 3188
3473 3438
3535 3376
3642 3283
3200 3722
2931 3957
3386 3559
3620 3366
3699 3322
3719 3299
3502 3543
3491 3551
3760 3295
3330 3699
3489 3574
3667 3398
3514 3552
3508 3600
3312 3771
3348 3753
3443 3677
3109 3936
3295 3805
3762 3387
3736 3451
3684 3541
3252 3900
3482 3746
3527 3710
3685 3584
3724 3571
3798 3587
3844 3535
3789 3661
3723 3759
3952 3547
3852 3676
3829 3737
3923 3640
3886 3792
3888 3853
3939 3863
4009 3734
3937 3910
4018 3769
4041 3695
3991 3951
4043 3973
