1223175561 1425359813
1
sift 194
52 26
12 3
77 18
338 111
48 16
28 10
280 141
103 36
90 21
653 350
368 159
85 27
488 177
115 47
107 38
980 551
424 195
117 45
1168 535
210 69
114 60
1396 471
476 213
132 61
1240 641
372 148
244 75
1281 636
507 231
164 107
1275 714
410 168
275 102
1606 628
867 180
281 99
1529 744
394 246
364 86
1553 723
591 257
309 128
1659 790
512 225
290 142
1466 756
607 284
315 143
1664 852
554 239
314 145
1577 964
690 293
408 131
1971 1012
634 256
389 153
2355 1511
663 406
357 175
515 318
487 161
848 468
430 192
598 286
385 218
850 501
640 275
649 285
958 260
950 464
636 289
1045 267
877 321
1249 651
839 319
768 536
1038 298
2445 504
912 330
1106 398
888 338
1301 759
844 352
1603 334
1094 313
1692 686
857 356
961 591
881 365
1701 773
2027 233
999 624
946 401
2059 1384
903 460
1273 745
1035 407
2548 1526
798 531
1605 695
1099 484
2553 1894
1046 512
1190 862
1114 489
1077 513
1293 820
1054 529
1180 518
1587 719
1157 530
966 623
1571 761
997 612
1289 555
1907 703
1174 588
1450 533
1852 775
1474 546
1727 540
1426 971
1729 563
1342 642
1770 848
1357 648
1476 650
1595 916
1470 654
1648 615
1798 876
1560 689
1544 706
2258 787
1665 670
1564 720
1740 942
1838 665
1642 784
2206 888
1626 812
1332 978
1853 1096
1713 825
2538 673
2371 988
2045 769
2314 737
1827 1252
1743 875
1922 838
2230 1188
2552 716
2571 721
2403 1199
2170 804
1478 1104
2219 1270
2399 801
2073 924
2324 1321
2177 897
1556 1191
2386 1299
2057 966
2378 879
2008 1423
2283 941
1591 1293
2289 1398
2083 1033
2459 938
2138 1550
2137 1036
2337 1074
2394 1446
2480 1028
2452 1048
2561 1397
1990 1240
2529 1052
2320 1143
2384 1148
1820 1366
2154 1385
2471 1315
2343 1351
2105 1447
2024 1647
2316 1494
2357 1503
2576 1444
2436 1740
1223175561 1428487141
1
sift 265
50 193
28 113
3 24
154 715
25 73
5 34
93 256
48 169
13 58
292 925
238 800
19 66
80 358
101 272
20 78
280 1119
202 1103
23 84
126 332
103 365
27 89
338 1980
286 973
35 110
176 812
106 404
32 147
426 1525
333 1565
34 138
358 1279
115 416
36 140
672 2062
385 1315
37 153
398 1191
210 719
44 155
667 2841
440 1526
47 192
336 1581
348 849
74 209
789 2909
477 1854
78 211
371 1579
368 1507
77 221
859 2989
557 2123
83 222
427 1501
424 1753
81 236
872 3080
722 2318
90 269
488 2291
439 1740
99 235
798 2171
102 335
465 2535
460 1902
114 286
827 2689
107 336
919 1700
498 1725
112 414
861 2662
132 393
933 3192
507 1729
130 412
966 2309
123 463
476 1964
129 427
997 2479
135 422
512 2028
138 417
144 471
554 1986
143 568
142 636
620 2101
145 599
150 565
598 2272
153 573
156 578
591 2529
166 544
161 583
640 2333
175 529
160 629
636 2430
168 613
174 567
663 2353
149 772
173 588
690 2428
171 653
172 730
768 2283
183 663
200 584
755 2395
187 741
224 649
790 2605
270 547
205 759
961 2793
261 641
220 781
1088 2280
222 782
223 790
1189 3152
244 725
228 820
237 815
247 826
293 645
269 779
243 926
271 888
277 915
287 932
275 1109
313 907
273 1218
285 1159
314 1110
309 1170
331 1161
329 1185
341 1135
457 823
353 1114
332 1353
344 1278
356 1240
408 1146
399 1212
389 1290
381 1331
414 1162
378 1354
343 1563
421 1226
405 1392
364 1760
430 1375
448 1426
422 1603
432 1584
438 1530
542 1238
416 1705
418 1741
382 2106
501 1463
431 1857
503 1551
445 1901
451 2069
493 1898
490 1947
516 1812
541 1720
534 1758
480 2026
569 1575
555 1649
616 1489
474 2183
481 2409
628 1664
624 1774
647 1733
658 1749
600 1990
605 2017
777 1535
574 2287
629 2061
627 2116
751 1940
637 2406
714 2145
738 2093
615 2638
787 1978
724 2246
673 2556
742 2248
747 2206
642 2810
746 2323
727 2598
783 2293
864 1997
760 2471
696 2811
763 2500
851 2149
884 2453
854 2660
1135 1737
762 3181
812 2916
996 2147
843 2797
821 2993
909 2563
865 2861
877 2910
897 2858
793 3306
881 2982
985 2585
1030 2399
885 3040
962 2754
958 2848
965 2840
987 2762
986 2776
918 3086
841 3330
949 3052
1004 2845
1070 2699
975 3132
1007 3028
1072 2806
1037 2942
1018 3148
1093 2882
1015 3211
1147 2693
1044 3127
1132 2803
1050 3226
1073 3196
1077 3186
1126 3003
1102 3117
1140 2960
1119 3180
1075 3324
1223 3026
1178 3250
1156 3301
1225 3177
1474 3303
1223175561 1664374466
1
sift 193
50 260
12 82
20 99
658 2271
27 102
79 383
28 121
30 80
2445 3711
37 162
127 776
103 443
44 163
39 191
159 666
115 529
78 231
85 319
179 924
117 490
81 352
90 347
292 1099
202 1419
87 372
107 422
280 1296
333 1948
112 697
130 463
386 2065
368 1856
132 457
135 436
423 2078
373 2071
129 518
123 632
426 2120
424 2063
138 469
144 573
500 2646
460 2516
148 686
153 616
842 1970
476 2474
169 563
150 710
667 3155
509 2444
156 626
174 561
758 2755
507 2528
166 678
158 729
789 3592
512 2774
149 890
161 735
872 3322
515 3562
160 749
185 699
933 3698
591 2819
171 819
187 747
1182 3635
604 2773
172 934
207 698
607 2759
261 575
190 939
598 2942
205 834
223 777
636 2805
235 792
222 908
640 2822
238 932
255 889
663 2765
237 1016
239 1012
722 2954
201 1339
227 1187
710 3030
243 1055
247 1085
754 2840
215 1448
283 973
739 3096
277 1113
290 1023
731 3270
281 1218
273 1317
768 2890
287 1182
306 1079
719 3444
285 1360
302 1300
773 3203
313 1249
323 1374
961 3312
347 1414
334 1644
972 3469
399 1338
380 1505
409 1421
393 1571
405 1576
438 1622
416 1795
448 1685
418 1968
447 1974
494 1784
503 1824
525 1744
432 2353
517 1820
451 2276
555 1743
431 2735
627 1663
569 1919
541 2161
615 1782
600 1956
501 2559
740 1692
549 2381
565 2258
490 2937
635 2013
547 2488
616 2103
647 2083
625 2310
633 2319
751 2122
579 3216
574 3441
605 2983
669 2683
767 2340
727 2566
787 2366
803 2325
676 3259
742 2789
680 3317
798 2536
837 2447
765 3019
777 3429
812 3088
762 3596
805 3404
873 2864
983 2418
864 3169
854 3305
1070 2259
862 3419
1008 2523
884 3300
909 3348
996 2856
979 3111
825 3733
985 3242
987 3258
1038 2905
962 3533
1030 3473
1090 3689
1147 3472
1132 3683
1290 3550
1408 3529
1698 3664
1223175561 1911602604
1
sift 65
12 83
21 78
716 3426
28 126
48 189
74 248
70 290
103 517
78 311
67 679
115 511
99 410
100 425
440 2010
138 510
151 696
460 1889
166 670
173 767
411 2383
183 717
241 886
476 2222
270 771
213 1175
507 2429
269 1225
317 928
512 2516
277 1316
284 1300
659 2969
313 1426
331 1448
640 3240
347 1441
431 1247
409 1377
397 1724
449 1827
573 1412
542 1559
493 1883
420 2588
503 2040
569 1942
499 2395
616 1817
600 2065
658 2046
841 1810
688 2692
742 2514
682 3223
787 2766
858 2498
1002 2290
908 2736
909 2988
1030 2849
987 3202
979 3313
1175 2653
1267 3211
1310 3114
1223175561 2046133546
1
sift 68
338 2854
28 134
30 84
32 206
488 1959
48 207
74 233
55 230
769 3401
103 542
78 246
68 303
115 508
72 422
99 410
333 1993
138 534
151 590
410 2000
166 697
183 693
439 1781
160 897
270 547
424 1972
236 1505
260 1342
469 1872
277 1413
287 1292
476 2216
313 1273
331 1530
507 2269
435 1261
431 1436
512 2259
542 1184
362 2047
554 2902
513 1618
448 1894
591 2696
501 1787
503 2051
663 3147
594 1670
397 3526
690 3209
537 2164
480 2782
616 2102
493 3109
658 2324
787 2440
602 3676
714 2977
742 2974
729 3161
738 3096
1927 1127
1002 2518
908 3164
910 3315
1082 2565
1030 2884
987 3597
1004 3701
