1429073379 1537327672
1
sift 179
71 94
36 67
110 116
101 130
320 324
127 127
169 186
176 165
548 351
650 600
215 220
225 260
426 432
949 855
217 285
266 262
495 530
889 927
232 294
373 359
560 612
1022 896
410 354
449 341
659 720
1339 1228
404 392
402 403
736 735
1341 1384
401 406
417 424
752 863
1403 1411
455 419
452 430
933 932
1475 1424
464 469
475 466
1018 938
1425 1594
463 479
486 467
951 1606
1559 1572
552 518
617 492
1200 1408
1653 1805
643 529
632 620
1130 1667
1818 1861
814 654
885 765
1440 1461
1923 1859
711 1037
1108 1153
1522 1533
2015 2102
1495 1254
1261 1519
1445 1651
1948 2216
1304 1472
1280 1515
1483 1611
2233 1977
1409 1428
1372 1497
1635 1559
2829 2028
1525 1354
1573 1368
1628 1731
2104 3034
1609 1352
1363 1697
1725 1643
2399 2922
1537 1615
1692 1517
1849 1703
2628 2748
1426 1878
1471 1949
2093 1736
2655 2805
1729 1782
2119 1586
1871 1881
3162 2575
1456 2561
1736 2040
1777 1982
2899 2935
1700 2116
1831 1921
2153 1768
3294 2685
1887 1907
2052 1851
1807 2149
2880 3176
1969 1905
2049 1939
2234 2059
2945 3832
1882 2151
1839 2319
2376 1958
3233 3726
2054 2070
1856 2328
2148 2474
3786 3307
2103 2072
2364 1916
2482 2315
3707 3380
1983 2273
2133 2232
2400 2393
3561 3604
2020 2365
2118 2482
2678 2245
3801 3920
2002 2874
2343 2481
2636 2755
2595 2392
2338 2655
2720 2704
2510 2498
2688 2436
2808 2828
2411 2864
2019 3336
2289 3439
2745 2579
2523 3008
2860 2881
2788 2927
2937 2819
2957 3095
2983 2804
2791 3033
3003 3109
2876 3111
3175 2980
2787 3407
3270 3080
2919 3312
3224 3062
3339 3284
2803 3708
3600 3076
3454 3213
3485 3202
3681 3179
3436 3798
3589 3306
3556 3353
3834 3464
3895 3351
3650 3737
3934 3423
3788 3653
3813 3807
3974 3498
4018 3943
4060 3909
3825 4199
3959 4053
3839 4217
3989 4209
1429073379 1750469169
1
sift 707
53 60
212 522
3 3
39 44
34 43
11 8
105 110
368 412
18 22
42 47
122 72
23 28
309 385
434 586
26 27
48 54
155 174
27 32
392 370
457 583
29 33
51 67
185 159
41 35
550 442
821 666
54 38
112 122
137 210
47 51
548 565
943 891
49 49
159 164
166 182
50 50
561 566
1062 1168
63 77
251 296
191 216
76 76
645 681
1044 1295
83 84
302 285
209 234
86 86
991 797
1475 1450
90 90
267 342
202 265
85 99
964 844
1403 1571
87 107
304 313
252 254
101 103
966 881
1584 1484
95 124
346 380
253 301
103 117
1229 973
1468 1686
118 105
367 387
435 459
125 109
1091 1107
1526 1670
107 148
405 427
646 340
139 128
1205 1073
1830 1449
145 129
425 426
412 549
135 154
1171 1215
1653 1730
174 121
399 506
547 454
129 162
1282 1209
1543 2010
171 145
437 445
653 439
151 158
1070 1528
1957 2005
143 190
430 457
574 691
169 171
1271 1394
1924 2178
180 181
369 555
706 612
168 189
1361 1327
2233 2032
193 179
498 462
728 718
182 229
1553 1236
2333 2369
218 211
541 505
763 746
211 219
1555 1391
2628 2333
199 279
538 538
771 730
224 248
1635 1597
2655 2722
210 288
422 661
873 828
277 220
1626 1809
2945 2636
246 247
583 578
936 956
241 263
1777 1852
2770 2959
303 225
617 685
905 1022
331 243
2021 1795
2724 3094
234 352
722 595
1116 885
281 306
2071 2300
2783 3063
266 327
673 649
1037 1005
328 315
2260 2230
3294 2768
335 324
676 657
1055 1043
377 320
2265 2325
2899 3102
350 338
606 894
1212 937
340 348
2383 2308
3981 4048
390 326
707 770
1184 1186
388 369
2560 2277
419 379
765 722
1232 1400
403 403
2598 2377
414 396
679 889
1519 1592
400 417
2695 2522
456 362
787 784
1222 1962
384 467
2636 2677
528 336
824 743
1698 1643
421 402
2673 2633
420 416
807 827
1736 1646
463 425
2686 2805
543 374
850 855
1956 1507
381 543
2482 3024
440 448
907 800
1732 2104
489 408
2860 2979
465 456
837 910
1920 2063
481 473
3538 2957
449 507
819 1015
1747 2375
512 461
2972 3696
488 479
835 974
1969 2159
497 476
3564 2988
479 499
865 1001
2138 2319
484 493
3183 3950
502 480
983 884
2319 2335
510 477
3650 3566
409 576
881 996
2420 2512
513 486
3813 3943
508 489
913 994
2767 2204
507 509
3978 4148
505 519
1220 857
2118 3154
526 518
552 494
1073 979
2555 2865
504 541
554 531
1041 1060
2717 2882
558 530
471 604
1080 1089
3200 2463
447 659
568 562
1093 1117
3084 2600
570 560
586 582
1382 1408
3442 2331
603 571
556 618
1370 1429
2620 3253
613 580
596 603
1461 1378
2902 2916
702 548
611 629
1453 1383
3147 2754
621 631
598 651
1417 1437
3180 2884
628 625
652 608
1489 1503
3517 2921
662 605
661 614
1601 1377
3439 3001
668 620
785 542
1499 1545
3074 3375
670 628
675 640
1529 1537
3059 3537
684 668
666 702
1609 1498
3436 3076
730 647
740 658
1213 2027
3394 3145
627 795
754 656
1649 1554
3226 3523
710 701
737 690
1646 1641
3339 3665
700 740
747 732
1685 1695
3385 3768
711 779
760 776
1642 1744
3628 4024
680 900
762 801
1690 1724
955 655
726 898
1648 1784
718 930
820 792
1400 2297
884 736
786 904
1692 1805
922 762
839 845
2079 1539
822 896
895 823
2173 1522
753 1046
860 865
1762 1822
925 810
868 879
1991 1763
800 1034
866 926
1843 1920
853 952
904 908
1936 1904
1077 786
893 966
1997 2006
858 1032
941 935
2016 2008
899 989
852 1064
2119 1964
919 1013
1307 766
2192 1912
956 993
928 1057
1990 2195
988 976
830 1226
2026 2147
968 1028
1021 972
2432 1935
1095 914
1035 987
1806 2758
1029 1024
1005 1063
2244 2473
994 1082
1078 988
2587 2198
1087 1006
1233 919
2290 2440
1074 1038
1154 1014
2569 2468
1046 1101
1072 1106
2584 2542
1003 1306
996 1353
2068 3238
1318 1054
1157 1180
3214 2156
1127 1202
1309 1084
2690 2680
1183 1172
1384 1068
2794 2593
1355 1091
1174 1252
2588 2849
1259 1254
1024 1660
2862 2717
1277 1261
1175 1364
3160 2407
1216 1333
1623 1067
2819 2953
1289 1304
1236 1367
2722 3230
1266 1351
1466 1173
3171 3084
1380 1253
1438 1208
3091 3251
1437 1231
1264 1464
2938 3532
1321 1411
1358 1357
3466 3058
1274 1505
1348 1397
3190 3370
1550 1256
1487 1346
3318 3282
1389 1475
1439 1460
3241 3662
1558 1356
1386 1589
3470 3869
1530 1403
1122 1951
3759 3720
1576 1369
1537 1412
4084 3607
1423 1584
1467 1552
3850 3953
1611 1389
1476 1572
3988 3986
1394 1665
1458 1598
4123 3730
1520 1531
1500 1595
4059 4046
1254 1879
1568 1520
4115 4210
1605 1500
1330 1806
1150 2179
1497 1661
1557 1603
1387 1785
1158 2239
1808 1328
1549 1707
1598 1688
1429 1854
2082 1309
1660 1667
1662 1684
2083 1335
1836 1542
1772 1608
1938 1463
2077 1375
1719 1682
1619 1786
1933 1512
1901 1651
1702 1853
2170 1535
1755 1830
1868 1769
1960 1725
1745 1892
1917 1762
1563 2264
1889 1812
1879 1845
1828 1900
1761 1995
1905 1850
1841 1907
2128 1780
1929 1923
1878 1991
1978 1899
1942 1946
1776 2193
2474 1669
2210 1788
1864 2086
1846 2138
2003 1953
2022 1944
2074 1921
1402 3368
1932 2137
2047 2016
1993 2089
1953 2168
1989 2161
2157 2003
2048 2160
2062 2182
2806 1720
2179 2069
2206 2050
2075 2225
2073 2242
2337 2001
2473 1973
1988 2428
2164 2238
2223 2188
2211 2199
2042 2398
2143 2298
2165 2290
2311 2220
2095 2457
2215 2318
2178 2347
3148 1741
2656 2007
2242 2354
2131 2525
2203 2448
2825 1932
2480 2240
2325 2362
2029 2763
2365 2334
2401 2312
2894 1933
2236 2577
2396 2380
2357 2430
2478 2357
2802 2094
2442 2423
2488 2413
2201 2748
2349 2561
2854 2095
2518 2471
2361 2626
2638 2414
2491 2583
2716 2313
2111 3005
2646 2429
2045 3103
3014 2126
2696 2399
2589 2568
2262 2913
2561 2637
2387 2788
2909 2285
3040 2191
2615 2646
2563 2721
2572 2715
2322 2951
2807 2432
2417 2888
2625 2726
2863 2411
2471 2874
2888 2521
2821 2612
2942 2479
2320 3171
2946 2565
2779 2796
2800 2783
2763 2820
2183 3589
2564 3056
3061 2606
2735 2963
2866 2839
2907 2871
3363 2439
2643 3195
3004 2813
2875 2933
3024 2832
2952 2910
3037 2856
2776 3091
3270 2678
2422 3736
3457 2529
3104 2837
2565 3602
2878 3079
2948 3121
2987 3085
3279 2869
3531 2697
2726 3572
3574 2696
3143 2997
3107 3034
2958 3217
3300 2922
3099 3061
2764 3577
2843 3430
2467 4107
3585 2772
3262 2990
2955 3406
3164 3131
3187 3143
3057 3298
3296 3051
3042 3359
3421 2992
3105 3283
3035 3547
3352 3169
3165 3402
3391 3152
3536 3050
3239 3357
3246 3381
3317 3311
3373 3256
3670 3023
3299 3472
3309 3539
3469 3351
3230 3739
3125 3881
3530 3378
3075 3965
2918 4151
2792 4239
3386 3648
3362 3694
3114 3988
3415 3728
3054 4141
3674 3494
3713 3440
3473 3814
3311 3978
3521 3805
4106 3030
3614 3777
3490 3885
2882 4269
3067 4233
3371 4044
3543 3919
3532 3948
3695 3804
3843 3623
3951 3465
3586 3921
3576 3925
3893 3580
3862 3666
4034 3369
3706 3883
3411 4150
3868 3746
3679 3940
3744 3894
3881 3801
3763 3938
3672 4028
3935 3783
3603 4129
3646 4132
4039 3742
3812 4031
3916 3991
3853 4074
3937 4106
3794 4227
3999 4078
3968 4175
4020 4126
3944 4241
1429073379 1928484021
1
sift 71
320 325
651 544
110 137
157 147
426 359
1948 2186
373 360
402 380
560 608
2829 2221
401 396
404 409
659 650
2753 2483
415 414
417 419
783 631
2104 3277
1372 1497
933 866
1336 1014
2399 3025
1729 1786
1131 1719
1483 1329
3162 2592
1471 2557
2052 1483
2093 1648
3561 2966
1700 2212
1871 1783
1849 1807
4044 3757
1887 1972
1839 2043
2234 1928
2133 1828
2054 2054
2148 2012
1882 2333
2376 1947
2400 2517
2002 2366
2020 2416
2808 2520
2338 2227
2019 2671
2937 2665
2688 2180
2411 2680
2787 3335
2983 2144
2970 2168
3003 3208
2595 2578
2343 3621
3485 2897
3175 2802
2803 3839
3589 3259
3477 3784
3788 3470
3895 3449
3729 3593
3783 3676
3962 3661
3974 3688
4060 3801
4069 4121
3839 4214
1429073379 2011792801
1
sift 55
103 122
384 405
662 570
504 621
556 854
661 588
760 502
628 699
709 749
737 639
747 683
1215 847
919 1008
1458 1416
1037 997
1355 1126
1568 1618
1438 1250
994 3496
1476 1808
2425 1782
1662 1642
1828 1692
2361 1830
1942 1771
2095 2472
2073 2203
2029 2339
2716 2497
2488 2541
2077 3175
2492 2882
2909 2641
2236 3582
3043 2999
3185 2448
2387 3602
2630 3973
3164 3469
3121 3114
3530 3174
2866 3996
3309 3367
2918 4101
3441 3341
3156 3876
3444 3705
3667 3385
3391 3786
3868 3997
3674 3707
3126 4178
3695 4110
3937 3977
3916 4061
