148862797 251449938
1
sift 352
53 48
87 66
28 19
2759 2770
31 20
948 854
135 119
58 58
57 61
1300 1095
170 150
79 74
115 109
1535 1058
225 240
133 127
152 147
1320 1320
237 238
159 146
180 139
1409 1362
275 217
230 273
259 252
1384 1536
302 223
263 253
277 275
1554 1563
264 293
361 351
293 272
1536 1738
286 285
335 471
365 350
2021 1671
360 364
526 412
336 445
1749 1909
431 390
533 477
390 462
1835 1810
400 472
527 643
417 452
1926 1884
534 422
595 610
492 498
1763 2164
482 511
593 716
475 519
1909 2095
461 529
692 629
528 500
1885 2195
561 542
702 615
464 698
2174 1914
579 626
636 725
581 641
2083 2407
644 640
696 722
605 708
1834 2756
652 676
873 707
669 692
2570 2113
659 712
874 757
678 743
2248 2568
680 751
786 814
723 746
2326 2488
574 985
845 781
699 846
2370 2511
735 816
722 917
842 762
2579 2420
853 785
720 1011
772 826
2779 2200
743 868
936 869
855 804
2639 2417
832 884
999 898
918 863
2623 2509
981 879
900 1008
894 965
2771 2540
996 939
925 987
1008 992
2654 2723
1071 972
1039 1055
1058 999
2774 2642
1060 1032
1046 1081
1066 1078
2737 2803
1109 1072
1041 1124
1113 1083
2807 2814
1094 1102
960 1382
1056 1174
2491 3168
1187 1068
1231 1067
1351 990
3318 2625
1157 1126
1158 1204
1317 1123
2923 2942
1201 1227
1188 1266
1245 1197
3344 2830
1338 1191
1196 1295
1436 1103
3365 3403
1368 1168
1192 1380
1238 1285
3385 3415
1088 1534
1167 1428
1190 1392
3566 3236
1323 1272
1597 1091
1321 1291
3525 3346
1279 1454
1467 1194
1434 1263
3624 3337
1270 1479
1410 1384
1344 1458
3648 3320
1438 1424
1214 1628
1225 1612
3626 3385
1498 1376
1485 1468
1369 1528
3758 3386
1437 1545
1475 1502
1336 1699
3427 3830
1537 1511
1673 1354
1588 1480
3594 3611
1486 1639
1583 1544
2078 1207
3711 3487
1501 1632
1572 1572
1934 1262
3709 3490
1643 1482
1504 1681
1620 1522
3730 3506
1577 1637
1558 1635
1373 1905
3818 3635
1648 1576
1687 1550
1307 2170
3584 3899
1794 1578
1584 1697
1636 1776
3853 3614
1663 1800
1856 1648
1690 1767
3931 3529
1546 2249
1697 1761
1660 1832
3906 3650
1855 1712
1602 2003
1944 1691
3772 3857
1827 1817
1952 1747
1815 1883
4024 3557
2293 1634
1787 1970
1797 2021
3980 3685
1837 1986
2013 1802
1841 2026
3978 3793
1896 2000
1890 1956
1935 1923
3928 3957
2077 1833
1876 2177
1757 2257
4027 4222
2049 1864
1715 2504
1951 1999
3863 4254
1734 2471
1889 2214
2066 2029
1908 2274
2067 2062
2214 1933
2290 1940
2189 1980
2108 2086
2131 2130
2057 2198
2052 2202
1989 2331
1850 2606
2109 2205
2538 1788
2330 2078
2154 2281
2210 2222
2349 2063
2212 2264
2331 2127
2150 2378
2306 2175
2493 1950
2008 2603
2418 2059
2249 2323
2123 2516
2200 2413
2185 2448
2360 2315
1970 2708
2269 2410
2359 2365
2102 2612
2501 2263
1823 2977
2268 2536
2096 2765
2575 2272
1744 3405
2494 2477
2367 2724
2076 3002
2920 2174
2505 2643
2673 2391
2578 2508
2160 3105
2553 2567
2499 2635
2674 2826
2642 2532
2458 2784
3537 2622
3287 2159
2379 2905
2692 3131
3305 2262
2763 2627
3627 2757
2215 3375
2660 2791
2649 3536
2410 3136
2588 2935
2961 3099
3787 2326
2614 3031
3252 2965
3250 2670
3561 2537
3155 3088
2543 3347
2637 3183
2704 3992
2939 2937
2766 3108
3070 3435
2825 3072
3014 2972
2566 4185
3495 2796
3181 3000
3278 3365
3201 3037
3127 3130
3459 3338
3132 3187
3282 3195
3149 3735
3712 3010
2675 4141
3681 3668
3090 3846
3352 3712
3348 4172
4011 3151
3392 4024
3907 4069
3967 3479
3597 4010
3992 4233
3880 3722
3645 3969
3864 3878
3954 4045
3845 4183
4058 3840
148862797 268847495
1
sift 162
4072 2496
86 51
338 202
130 88
115 76
158 92
1607 618
155 122
214 165
272 142
1489 660
263 149
227 155
254 161
1363 836
259 170
249 175
251 174
1857 1299
671 395
397 290
566 250
2061 1212
696 486
520 303
565 282
2313 1159
874 453
573 336
526 380
2093 1270
721 520
563 373
660 409
2247 1228
999 500
747 385
677 444
2943 1045
925 608
637 517
688 464
2823 1149
972 598
787 428
733 468
2339 1395
1046 704
769 496
901 483
2389 1444
1043 918
986 467
808 539
2386 1455
1376 765
867 536
923 623
1867 1848
1475 916
997 643
1257 555
2814 1341
2026 1146
975 793
1292 669
2969 2269
2007 1209
1284 741
1171 811
2688 2491
1971 1248
1297 757
1307 775
3664 2208
1962 1339
1214 831
1253 871
3826 2294
2349 1226
1742 785
1476 883
3152 2521
2424 1220
1588 892
1407 1043
2360 1392
1660 880
1737 878
2321 1519
1685 914
1644 947
2699 1426
1915 908
1715 1123
2819 1446
1871 1047
1877 1069
3464 1307
1873 1093
2169 997
2367 1846
1890 1112
2070 1053
2770 1775
1939 1115
1752 1219
2930 1830
1696 1303
1775 1231
3278 1932
2258 1050
1736 1348
3436 2217
2080 1205
2052 1218
2967 2497
2097 1285
2340 1187
3537 2597
2235 1287
2314 1241
3785 2689
1961 1472
2708 1166
2472 1297
2115 1553
2268 1549
3040 1233
2332 1550
2430 1544
2592 1531
2787 1558
3611 1378
2818 1613
2830 1629
2926 1625
2945 1649
2160 2430
3059 1759
3407 1631
3095 1798
3103 1862
3838 1624
3001 2288
3663 2098
3082 2340
2871 2421
3107 2341
3013 2372
2957 2451
3802 2202
3479 2352
3812 2321
3494 2508
4005 2427
3476 2703
3761 2563
3442 2740
3700 2632
3237 2846
4029 2657
148862797 456750183
1
sift 261
1394 696
23 14
28 28
142 114
263 237
114 89
1834 1883
170 172
115 104
221 193
260 265
130 106
2491 2604
277 268
127 127
286 354
293 295
146 120
302 314
152 105
365 484
230 394
185 132
336 406
180 138
723 730
390 440
199 196
417 424
254 179
874 755
482 479
214 233
491 487
259 261
772 834
556 462
266 281
534 508
311 290
842 849
538 556
361 358
680 674
392 374
1113 1115
659 718
379 433
669 728
423 389
1110 1175
744 774
477 407
735 807
469 467
1286 1126
1021 688
409 567
835 847
397 601
1185 1308
973 770
531 468
832 932
436 643
1321 1427
960 948
566 512
918 1001
649 617
1485 1380
904 1030
595 842
981 1012
712 697
1497 1378
1033 1056
661 743
1071 1058
788 712
1663 1211
1058 1102
867 679
1056 1580
716 762
1323 1685
1188 1129
733 752
1438 1249
803 877
1537 1519
1171 1322
829 863
1338 1373
986 797
1757 1412
1410 1364
637 1320
1494 1348
922 925
1547 2361
1383 1481
972 897
1344 1548
900 997
1827 1915
1572 1400
925 979
1498 1518
1007 904
1801 2050
1369 1606
964 998
1647 1365
1196 1244
1896 1950
1588 1439
1307 1185
1486 1608
1297 1199
1929 1980
1660 1433
1316 1305
1620 1532
1515 1237
1990 2005
1577 1576
1506 1291
1643 1541
1583 1386
3116 1529
1398 1921
1599 1428
1821 1741
1386 1716
2414 1916
1715 1549
2029 1231
1855 1872
1742 1396
2614 2192
1463 2075
1612 1531
1794 2022
1644 1766
2853 2172
1652 1905
1697 1721
1874 1935
1752 1670
2674 2393
1900 1707
1890 1605
2200 1792
1852 1656
2418 2972
1876 1848
2178 1543
1797 2182
1871 1677
2939 2431
1892 1960
1877 1753
2293 1813
1740 1961
2763 2612
1889 1986
1787 1944
1894 2125
2139 1689
2482 3287
2154 1963
2023 1782
2077 2036
1962 1895
2920 2932
2231 1918
1912 1949
2331 1878
2906 1476
2825 3473
2212 2061
2050 1865
2186 2231
2208 1825
3290 3182
2356 2185
2065 2001
2249 2293
1701 2436
3132 3371
2429 2239
2340 1841
2637 2088
2070 2115
3967 3053
2675 2069
1903 2262
2501 2233
1971 2229
3712 3502
2494 2281
2314 1976
3475 1807
1717 2740
3954 3462
2500 2422
2222 2203
2553 2430
2367 2089
3890 3610
2588 2402
2575 2018
3014 2251
2360 2210
2594 2757
2424 2322
2198 3547
2540 2245
2543 3203
2472 2352
3282 2694
2430 2413
2850 3107
2405 2459
2725 3311
2589 2358
2900 3144
2696 2354
3201 2980
2819 2304
3473 3003
2434 2718
3392 3237
2699 2426
3103 3396
2787 2387
3305 3479
2552 2630
3345 3585
2297 3449
3549 3552
2817 2674
4060 2923
2926 2657
2671 3088
2917 3014
2770 3261
3278 2759
2957 3110
3348 2911
3059 3181
3097 3158
3208 3082
3107 3208
3812 2702
2782 3639
2936 3637
3935 3055
3802 3206
3546 3419
148862797 595444731
1
sift 400
1536 1913
170 161
28 24
173 177
433 718
31 20
2021 1812
225 267
36 30
400 564
1368 857
57 57
1926 2022
264 279
63 56
528 535
1010 1176
58 58
1834 2604
260 324
81 79
542 574
1673 1261
115 97
1885 2591
277 304
152 115
522 606
1483 1800
159 151
2491 2941
293 307
180 136
652 618
1741 1527
155 218
286 332
177 191
644 713
1636 1811
213 155
302 311
214 219
699 932
2231 2231
230 278
336 409
263 287
980 1159
2102 2993
259 299
390 481
266 350
1168 1308
2588 3158
335 335
431 432
366 366
1201 1344
3252 3585
361 398
417 494
348 454
1056 1685
3309 3719
312 544
492 546
392 485
1321 1393
533 493
482 558
520 541
1245 1482
475 572
497 594
466 624
1255 1511
556 553
605 636
553 586
1323 1679
527 675
579 664
675 543
1837 1965
608 669
664 672
599 746
2159 1854
640 710
680 739
615 740
1827 2281
595 784
669 786
651 714
1801 2619
566 827
659 802
845 720
2538 2094
637 926
678 860
744 801
2215 2428
688 862
855 751
712 838
2098 2702
733 839
772 833
787 824
2269 2598
756 849
853 798
874 782
2578 2562
835 843
735 969
722 955
2759 2487
839 877
832 1011
825 953
2418 2866
922 889
1062 882
1047 852
2920 2620
882 1048
981 998
936 1006
2162 3515
881 1051
1008 978
975 973
2766 2747
802 1127
1013 1009
925 1033
2853 2783
900 1059
918 1081
957 1015
2939 2882
1040 945
1238 922
808 1168
2642 3167
780 1242
1071 1082
952 1086
3352 3042
999 1052
1058 1098
960 1123
2825 3770
1011 1084
1065 1097
904 1211
3333 3591
990 1166
1060 1191
1068 1131
3127 3816
1049 1185
996 1285
986 1350
2885 4086
1113 1182
1033 1322
1041 1320
3184 4010
1094 1228
1109 1346
1257 1227
3575 4045
1185 1295
1279 1235
1188 1329
1148 1412
1187 1365
1182 1432
1357 1244
1338 1394
1248 1345
1152 1489
1270 1508
1171 1462
1472 1198
1336 1486
1264 1369
1297 1351
1220 1692
1196 1481
1247 1420
1344 1608
1358 1358
1359 1433
1498 1459
1410 1490
1485 1500
1494 1565
1475 1669
1934 1288
1437 1725
1588 1593
1906 1330
1576 1649
1572 1681
1704 1538
1398 1936
1742 1573
1648 1659
1537 1814
1660 1715
1620 1717
1643 1697
1715 1683
1577 1799
1832 1544
1633 1826
1724 1730
1663 1922
2013 1532
2107 1504
2078 1666
1458 2167
1652 1839
1821 1835
1506 2152
1659 1874
1908 1853
1789 1773
1697 1882
1757 2059
1944 1791
1841 1883
1794 2072
1852 1898
2178 1733
1874 2174
2533 1563
2161 1792
2154 1921
1787 2236
1962 2056
2077 2027
1889 2221
1873 2296
1990 2213
2070 2116
2125 2088
1610 2836
2110 2161
2049 2198
1896 2394
2080 2222
2004 2297
2493 1901
2067 2289
1602 2997
2066 2306
2214 2193
1971 2399
2293 2138
2007 2362
2108 2340
1970 2534
2134 2368
2312 2240
2185 2370
2199 2344
2228 2350
2306 2298
1957 2643
2189 2405
2109 2496
2430 2186
2301 2328
2212 2410
2328 2454
1855 2791
2249 2502
1732 3191
2333 2443
2131 2685
2222 2593
2501 2293
2331 2553
2360 2475
2340 2521
2494 2533
2359 2517
1938 2916
3475 1966
2367 2530
2487 2445
2379 2757
2467 2515
1903 3074
2104 3156
2507 2472
2234 2837
2500 2799
2424 2688
2321 2770
2271 3059
2575 2568
2169 3096
3090 2573
2590 2703
2559 2784
2553 2938
2674 2712
2209 3440
3014 2648
2692 2849
2790 2797
2763 2823
2278 3657
2614 2955
2660 2911
2621 2989
2637 2967
2458 3965
2891 2845
2649 3075
3282 3048
2881 2897
2694 3051
2543 4054
2699 3045
2887 3079
2994 3384
2770 3193
3148 2889
3132 3303
2742 3256
3107 2929
3345 3179
3038 2992
3013 3081
2675 4023
3852 2714
3155 3044
3201 3321
3386 3002
2627 3946
2952 3663
3106 3228
3070 3315
3712 2985
3066 3426
3283 3261
3290 3407
2917 3676
2782 3876
2900 4006
3337 3355
2671 4143
3497 3350
3593 3275
3278 3677
3774 3428
3553 3390
3574 3401
3489 3870
3225 3828
3649 3378
3505 3868
3482 3573
3501 3572
3597 3970
3473 3675
4005 3138
3495 4095
3681 3449
3946 3259
3954 3749
3204 4079
3792 3693
4011 3673
3740 3761
4035 3383
3864 4105
3921 3655
3679 3935
3880 4118
3994 3569
3847 3802
3991 3661
3546 4139
3812 4018
3785 4057
3617 4151
3907 4004
3902 4089
4060 3710
3944 4178
148862797 683079722
1
sift 55
1185 1261
44 37
154 159
133 174
1896 1936
199 200
1416 1200
213 302
265 315
2148 2132
312 347
338 337
2163 2411
466 489
566 487
2523 2647
1043 467
696 728
2688 2874
731 713
722 738
2924 2828
718 812
820 1612
3421 3497
1217 1269
1441 1176
1506 1272
1406 1482
1280 1733
1588 1636
1462 2106
1660 1742
1781 1675
1971 1800
1746 2066
1758 2266
1950 2346
2360 2022
1867 2590
1986 2527
2412 2213
2367 2461
2682 2582
3364 2243
2819 2525
2754 3061
2318 3569
2915 3009
2917 3071
3319 2891
3443 3438
3537 3429
3556 3432
3785 3464
148862797 736661850
1
sift 166
1395 847
170 174
91 165
1262 1055
153 191
1835 1858
221 222
199 178
2148 1384
226 227
2174 1741
264 255
265 225
1238 2989
263 250
1535 2823
302 232
258 275
1749 2345
293 284
2623 2000
275 324
312 326
2401 2225
338 317
2807 2135
390 394
466 431
3166 2404
461 354
2966 3240
394 398
538 425
3924 3105
417 402
482 418
567 415
475 435
491 430
696 615
605 469
680 452
1043 488
580 524
853 477
721 604
678 571
659 606
731 617
669 616
723 651
804 605
718 662
772 639
910 728
835 698
916 643
972 780
842 707
735 788
817 1002
1064 652
918 854
821 1095
990 933
1060 888
1100 1030
1058 897
1113 909
1041 1131
1398 787
1094 1088
1441 910
1008 1292
1178 1084
1188 1158
1185 1215
1270 1279
1506 1099
1338 1226
1537 1289
1495 1119
1406 1219
1620 1238
1221 1407
1403 1246
1435 1419
1416 1236
1514 1435
1577 1403
1588 1547
1797 1239
1643 1488
1715 1506
1486 1791
1821 1463
1660 1631
1629 1740
1793 1593
1568 2058
1855 1600
1942 1523
1971 1520
1663 1904
1874 1620
1781 1760
2048 1492
1832 1656
2389 1430
1896 1787
1815 1937
2070 1737
2331 1555
2198 1853
1935 1908
2085 1884
2104 1948
2322 1758
2333 1749
2212 2122
1857 2255
1986 2150
2293 2046
2228 1975
2451 1802
2109 2310
2247 2034
2412 1944
2500 1986
2360 2010
2386 2101
2553 2112
1867 2802
2575 2007
2066 2753
2367 2368
2494 2322
2501 2528
2682 2604
3287 2039
2436 2816
2688 2723
2493 2757
2675 2552
2619 2829
2165 3593
3489 2359
2977 2865
3014 2769
3305 2675
2915 3092
3619 2472
3132 2924
3106 2875
3201 2927
3282 3289
3982 2492
3459 3008
3712 3099
3537 3109
3535 3371
3699 3395
3443 3438
3864 3353
3495 3566
3983 3484
148862797 748678880
1
sift 579
100 89
17 17
21 22
1798 1736
135 139
32 30
106 122
87 74
25 36
1831 1800
173 156
28 32
113 140
101 87
30 34
2655 1396
237 285
43 52
276 221
139 145
58 60
277 277
57 61
539 367
170 165
73 55
372 373
63 62
627 686
194 167
67 65
350 405
70 68
948 773
225 218
96 97
400 435
91 132
1261 1210
221 231
114 109
528 502
126 106
1454 1175
250 251
115 115
638 540
130 108
1409 1293
239 266
137 129
644 580
133 135
1395 1336
302 240
162 161
542 705
152 172
1478 1341
260 293
154 181
699 668
147 199
1300 1644
275 302
150 200
652 756
182 204
1536 1423
264 318
206 202
771 809
190 225
1532 1622
293 301
196 222
1010 714
201 236
1592 1603
336 356
214 257
894 868
213 267
1723 1535
365 386
251 264
1002 822
280 245
1535 1749
360 395
236 291
980 925
256 279
1782 1518
380 385
263 278
1056 1006
266 276
1729 1596
394 420
259 292
1168 999
299 319
1926 1520
432 381
311 325
1201 1011
348 327
2021 1493
390 434
273 437
1255 1073
338 352
1987 1547
418 407
274 479
1245 1110
370 357
1835 1662
461 403
459 312
1323 1120
313 462
1834 1796
417 450
409 375
1338 1178
366 429
1909 1879
434 455
493 414
1321 1255
568 363
1362 3301
482 469
466 473
1369 1267
475 488
1946 1955
491 477
516 483
1357 1335
464 538
2056 1874
534 503
533 486
1435 1310
527 520
1955 2078
545 546
595 467
1220 1554
603 482
2174 1910
561 549
609 485
1576 1337
566 526
2248 1931
544 596
634 518
1537 1381
551 629
2295 2151
680 585
532 676
1486 1460
650 563
2459 2117
605 663
599 610
1616 1545
589 627
2623 2155
659 688
642 583
1547 1702
651 593
2083 2749
669 699
679 570
1734 1510
653 595
2491 2329
664 708
640 634
1411 1957
688 598
2319 2631
723 733
614 682
1738 1550
636 693
2771 2229
691 778
598 748
1855 1528
857 576
2396 2704
735 751
788 606
1827 1592
673 685
2827 2294
772 776
754 645
1743 1773
744 659
2600 2452
835 802
721 678
1837 1694
881 639
2774 2350
842 799
720 727
1549 2306
733 772
2457 2681
853 833
726 804
2162 1632
930 694
2401 2814
918 891
675 885
1989 1992
910 735
2779 2401
981 848
845 782
1801 2211
799 819
2370 2987
1071 910
867 769
2853 1615
985 703
2807 2420
1064 945
859 805
2338 1989
969 734
2739 2588
1058 977
923 761
2766 1688
791 874
2570 2984
1060 984
820 882
2508 1884
927 820
3318 2409
1033 1056
940 864
2538 1856
904 903
2976 2665
1008 1117
972 870
2269 2273
920 921
3590 2361
1110 1027
925 947
2920 1811
979 897
3468 2536
1021 1180
962 920
2293 2343
1152 794
3166 2800
1065 1164
965 956
2215 2501
876 1026
3445 2699
1185 1093
1116 852
2675 2254
1176 816
3460 2708
1109 1225
975 980
2748 2249
1039 932
3365 2812
1368 1233
987 978
2410 2576
780 1281
3534 2741
1351 1306
882 1252
2578 2441
988 1106
3517 2772
1335 1383
1041 1076
2642 2960
952 1245
3384 2914
1270 1432
1225 1004
2759 2780
1188 1061
3527 2793
1437 1314
1249 1035
2825 2787
1190 1107
3487 2851
1398 1362
1325 1041
3127 2530
1342 1096
3467 2879
1238 1560
1297 1171
2939 2726
1253 1207
3403 2949
1439 1438
1307 1200
2885 3068
1167 1350
3513 2858
1648 1356
1302 1222
3352 2684
1322 1209
3428 2970
1647 1366
1301 1230
3290 2829
1458 1111
3360 3038
1501 1552
1165 1523
3699 2843
1493 1204
3433 3044
1577 1488
1463 1249
3184 3475
1441 1265
3863 2803
1643 1418
1600 1142
3498 3637
1742 1060
3525 3105
1620 1511
1416 1360
3962 3567
1383 1405
3711 2951
1546 1608
1633 1191
1599 1340
3710 3009
2045 1298
1495 1435
1248 1695
3697 3072
1497 1815
1485 1534
1850 1228
3779 3355
1663 1602
1559 1459
1445 1578
3840 3347
1793 1635
1588 1472
1740 1345
3959 3177
1821 1645
1717 1369
1629 1474
3928 3241
1887 1643
1407 1785
1724 1429
3861 3396
2078 1565
1675 1489
1670 1506
1896 1667
1269 2103
1733 1475
2048 1598
1356 2028
1583 1691
1874 1724
1673 1584
1551 1765
1757 1863
2134 1407
1893 1548
2077 1623
1660 1798
1768 1707
1933 1754
2289 1461
1982 1619
1942 1892
1552 2219
2004 1628
1970 1942
1852 1731
1954 1685
2102 1918
1890 1723
1841 1778
2104 1977
1715 1986
1873 1792
2109 2005
1867 1841
2340 1577
2250 1887
1615 2325
2007 1812
2290 1858
2300 1636
1889 1936
2212 2024
2080 1781
1789 2088
2356 1868
1857 2027
1971 1904
2185 2067
2272 1703
2173 1760
2066 2252
2430 1606
2061 1963
2458 1909
1877 2128
1935 2069
2500 1870
2389 1720
2348 1744
2493 1919
2213 1891
2228 1890
2480 1939
2268 1862
2222 1926
2494 1966
2092 2041
2052 2123
2442 2064
2013 2154
2070 2111
2158 2406
2358 1872
1938 2269
2379 2228
2123 2133
2085 2163
2154 2430
2419 1901
2360 1952
2501 2138
2247 2115
1976 2360
2614 2199
2451 1973
2199 2198
2331 2475
2160 2258
2084 2332
2544 2285
2359 2093
2339 2149
2661 2175
2311 2284
2367 2209
2911 2106
2386 2222
2453 2179
2660 2349
2464 2190
2523 2301
3014 2127
2261 2584
2349 2487
3287 2086
2999 2072
2736 2233
2587 2493
1868 3617
2533 2451
2230 3101
2674 2335
2755 2314
2763 2534
2556 2479
3324 2081
3282 2346
2688 2396
2742 2413
2900 2569
2814 2448
3519 2172
2637 2954
2770 2595
2924 2577
2760 2826
2969 2559
3192 2469
2994 2675
2881 2720
2692 2968
3305 2544
3537 2414
3472 2462
3201 2881
3123 2690
3913 2353
2747 3577
3155 2730
2917 2979
3535 2919
3095 2835
3627 2506
3505 3035
3755 2459
3146 2886
3619 2980
3191 2872
3586 2607
3345 3498
3207 2878
3152 2941
3712 3122
3348 2839
3070 3078
3495 3474
3038 3134
3107 3069
3864 3060
3461 2823
2914 3441
3830 3430
3533 2798
3106 3233
3786 3463
3199 3124
3994 2519
3845 3473
2904 3525
3507 2884
3610 3683
3679 2769
3971 2579
3954 3572
3103 3488
3646 2966
3967 3592
3720 2973
3634 3256
4058 3287
3826 3089
3515 3496
3775 3768
3797 3230
2951 3746
3907 3130
3812 3409
3719 3558
3911 3438
3546 3692
3784 3755
148862797 756063153
1
sift 54
879 746
170 197
44 36
1262 971
133 152
1300 2576
295 404
154 175
2163 1874
162 169
2402 3004
475 487
199 185
3924 3084
338 316
743 715
467 442
731 690
1185 1184
722 713
821 1572
1328 1454
1378 1228
1506 1180
1648 1500
1441 1274
1406 1359
1832 2171
1280 1820
1514 1600
2066 2155
1781 1568
1756 1927
2482 2530
1971 1746
1462 2718
3489 2186
2222 1741
2360 1822
2760 2783
1857 2449
2682 2045
2994 3348
2439 2286
1867 3124
3345 3369
2412 2404
2523 2485
3535 3410
3364 2137
2619 2907
2917 2653
2924 2800
2688 3234
148862797 768479201
1
sift 71
1395 916
170 173
721 631
250 191
1262 1270
221 213
1378 1076
237 235
2174 1637
264 237
1442 1031
275 286
2623 1831
319 262
1971 1517
400 341
2056 2320
475 438
2222 1785
528 477
605 476
2163 1850
723 688
699 722
1857 2140
772 713
842 732
2149 2179
1056 837
1060 899
2451 2198
1113 1039
1323 1019
3459 3368
1185 1153
1369 994
1270 1331
1738 970
1437 1220
1537 1290
1321 1512
1648 1272
1734 1426
1497 1943
1855 1548
1827 1720
1837 1794
1896 1860
1663 2350
2104 2003
2538 1751
2331 1945
1989 2384
2066 2494
2920 1864
2614 2222
2675 2208
2759 2551
2939 2501
2825 2589
3352 2378
3291 2497
2642 3137
3127 2638
2760 3150
2884 3184
3449 2819
3712 3033
3495 3298
3890 3361
3962 3462
148862797 781759124
1
sift 132
106 101
135 128
43 69
162 154
1262 1265
173 155
199 168
170 165
1536 1484
250 212
566 481
221 230
2056 1883
260 229
721 682
237 315
2623 1775
264 292
1041 1199
293 286
1749 2704
372 342
1318 1266
400 460
4027 3506
461 441
1485 1477
482 472
475 484
2340 1348
490 502
528 531
1971 1604
431 641
544 539
2007 1706
605 585
556 666
2222 1685
644 649
853 562
2496 1619
678 679
669 707
2148 1952
699 692
691 842
2027 2585
735 829
772 793
2674 2247
842 774
918 942
2451 2936
981 951
1033 933
3106 2463
1060 939
1058 972
3205 2678
1071 994
1113 985
2924 3149
1056 1117
1157 1114
1178 1267
1185 1290
1369 1163
1338 1216
1368 1274
1576 1130
1437 1256
1270 1437
1321 1492
1537 1319
1435 1482
1577 1514
1648 1456
1620 1538
1929 1286
1647 1540
1709 1472
1738 1473
1643 1581
1734 1620
1855 1539
1744 1714
1793 1681
1827 1809
1896 1725
1770 1909
1837 1899
1951 1770
1874 1999
1801 2223
2333 1884
2049 2128
2356 1940
2418 2042
2212 2235
1989 2470
2500 2102
2588 2119
2544 2175
2920 1921
2066 2664
2494 2303
3287 1965
2661 2300
2614 2364
2553 2513
2269 3118
2493 2631
2642 2500
2637 2667
2759 2715
2825 2758
2939 2638
3529 2486
3014 3081
3352 2770
3201 2949
3249 2968
4011 2549
3449 3176
3535 3310
3712 3189
3690 3204
3184 3531
3181 3594
3282 3575
3890 3665
148862797 858943217
1
sift 100
1185 1473
44 47
91 138
133 146
1821 1686
154 149
338 329
162 157
2198 2042
199 187
396 398
209 246
2911 2960
213 276
1416 1278
235 259
2553 3624
263 265
2247 1827
312 348
466 495
1867 2186
566 490
521 651
1857 2519
660 636
726 708
2163 2292
731 721
696 782
2523 2543
718 804
972 933
2688 2659
1011 1071
1046 1063
2924 2866
1081 1020
1171 1214
3421 3572
1188 1229
1167 1255
1216 1271
1441 1153
1378 1291
1406 1333
1506 1295
1280 1650
1273 1870
1588 1615
1450 1793
1629 1684
1660 1725
1653 1797
1715 1772
1746 1760
1568 2102
1462 2324
1781 1925
1758 2172
1971 1963
2085 1976
1999 2089
1939 2291
1950 2304
2004 2281
1986 2450
2115 2465
2297 2315
2206 2428
2360 2276
2424 2257
2422 2283
2318 2479
2439 2360
2311 2566
2367 2537
2132 2881
2682 2583
2510 2901
2948 2503
2447 3129
2430 3164
2568 2930
3364 2422
3319 2466
2498 3378
3002 2957
2982 3002
2872 3143
2917 3159
3066 3015
3443 2904
3205 3305
3207 3370
3001 3573
3556 3483
3802 3412
3812 3523
3649 3645
148862797 1078340171
1
sift 195
1261 617
101 93
259 252
139 129
928 1013
135 143
470 502
225 215
1409 1261
221 236
636 669
239 243
1536 1499
277 281
904 880
237 366
1927 1577
293 290
925 894
372 337
1798 1801
336 420
882 1081
365 404
1835 1803
380 392
1046 974
400 424
2174 1702
390 434
1190 1032
417 440
2623 1983
475 444
1225 1174
482 476
3344 2123
490 484
1176 1272
461 519
3433 3003
528 489
1188 1288
644 599
3924 2859
680 571
1167 1350
699 662
669 698
1463 1283
659 715
690 707
1485 1381
853 640
735 834
1733 1292
832 767
772 852
1588 1459
842 825
835 845
1445 1666
1008 811
918 913
2164 1382
981 878
1071 883
1715 1834
1058 920
1060 953
1890 1670
1056 967
1113 1002
1660 2070
1368 938
1157 1136
2148 1675
1338 1096
1033 1473
1841 1944
1185 1308
1255 1277
1935 1951
1321 1245
1270 1336
1889 1997
1351 1393
1494 1289
2234 1789
1369 1408
1576 1266
2052 1927
1423 1439
1537 1469
1944 2130
1577 1454
1643 1375
2360 1828
1620 1420
1486 1548
1952 2198
1647 1423
1435 1652
2321 1968
1547 1543
1648 1497
2268 2074
1933 1443
1734 1595
2004 2338
1855 1513
1815 1599
2412 1979
1827 1592
1663 1831
2349 2092
1821 1626
1793 1779
2575 1899
1837 1751
1896 1690
2367 2174
1498 2398
1894 1888
2112 2416
2048 1837
1549 2576
2674 2562
1757 2176
1942 1958
2953 2487
2331 1711
1874 2067
3155 2521
2102 1990
1801 2331
3103 2939
2109 1984
2088 2032
3348 2823
2492 1737
2096 2175
3087 3608
1989 2312
2380 1941
2293 2057
2212 2166
2853 1705
2198 2229
2418 2061
1744 2921
2493 2006
2495 2020
2501 2078
2499 2117
2508 2148
2200 2454
2763 1969
2154 2540
2482 2295
2920 2014
2553 2323
2660 2253
2543 2404
2655 2358
2939 2215
2642 2446
2480 2639
2410 2740
2588 2600
2725 2492
3250 2345
2759 2684
2825 2654
3014 2541
3689 2278
2900 2633
2994 2663
2637 3402
3282 2656
3201 2849
3345 2782
3352 2821
3181 3084
3184 3304
3712 2834
3967 2716
3495 3346
3954 2952
3535 3394
3774 3357
3864 3474
3830 3522
3890 3689
4058 3530
148862797 1119887588
1
sift 101
86 37
2313 796
130 60
115 57
138 63
2061 876
199 93
158 64
155 95
2339 997
467 216
215 97
214 136
2386 1033
566 192
251 133
249 138
3826 1581
671 298
298 184
397 231
3152 1899
722 355
565 188
520 218
3664 1785
999 336
526 317
608 301
3943 2170
1376 493
660 289
747 274
2340 727
733 288
688 326
1971 885
677 335
901 304
2080 900
806 386
867 383
2222 911
923 410
972 415
2349 1012
997 416
925 482
3464 855
975 513
1297 535
2770 1229
1253 579
1309 573
2917 1244
1407 591
1742 560
3097 1375
1644 640
1912 661
2967 1821
2381 633
1736 839
2971 2306
1551 1034
1939 810
2169 772
1890 837
2315 756
2235 783
3040 658
2708 707
2332 878
2342 971
2472 956
2592 937
2283 1091
2589 982
2115 1205
2787 953
2268 1331
3397 980
2367 1368
2818 1132
2830 1141
2926 1137
3059 1188
2430 1658
3407 1309
3001 1498
3002 1516
3719 1442
2767 1849
3802 1614
2957 1850
2871 1902
3812 1661
3700 1893
4029 1910
3761 2177
3504 2310
148862797 1162772251
1
sift 80
3344 2526
237 262
1993 1018
293 315
277 342
365 444
390 489
400 568
417 544
482 540
492 545
528 571
579 734
669 763
680 773
772 830
918 985
1008 1043
996 1110
1157 1147
1113 1202
1094 1272
1109 1298
1056 1390
1338 1235
1321 1370
1033 1862
1323 1474
1357 1475
1498 1501
1369 1700
1494 1575
1486 1773
1620 1710
1663 1684
1577 1847
1643 1799
1537 1943
1929 1597
1827 1844
1709 1986
1951 1867
1874 2102
2077 1989
1837 2248
2293 1959
1855 2516
2493 1974
2306 2142
2109 2375
2501 2019
2212 2367
2154 2550
2331 2383
2269 2749
2418 2573
2494 2503
2499 2524
2673 2457
3287 2108
2747 2424
2642 2714
2920 2514
2637 2928
3014 2683
3282 2723
2825 3114
2939 3043
3345 2857
3127 2980
2660 3602
3132 3158
3181 3447
4011 2879
3178 3528
2852 4034
3880 3564
3954 3697
3645 3956
3845 3915
148862797 1256872597
1
sift 84
1536 1706
221 195
225 242
3344 2417
277 292
293 264
432 401
400 436
390 463
482 476
492 479
528 483
464 539
461 557
680 594
669 641
678 671
652 753
842 730
772 801
918 840
1008 951
1060 926
1056 1011
1113 1004
1157 1111
1338 1059
1033 1480
1021 1562
1321 1137
1207 1360
1088 1717
1501 1232
1357 1446
1537 1426
1369 1644
1336 1736
1620 1432
1643 1427
1486 1617
1577 1535
1498 1675
1663 1525
1797 1690
1610 1988
1815 1728
1855 1700
1827 1775
1837 1819
2293 1627
2290 1719
2212 1833
2185 1942
1951 2144
2210 1976
1990 2427
2501 1946
2154 2368
2269 2285
2642 1973
2499 2187
2458 2275
2920 1909
2493 2302
2414 2527
2418 2569
2102 3387
2215 3401
2660 2732
3014 2515
3475 2361
3282 2435
2939 2616
2825 2733
2637 3032
3201 2599
3305 2756
3132 3015
3352 3102
3880 2932
3712 3179
3830 3122
3181 3632
3954 3392
148862797 1308641291
1
sift 112
277 309
191 249
400 596
254 194
293 324
263 273
528 652
365 540
390 482
469 534
644 759
417 529
482 573
554 440
996 1094
491 578
680 719
867 690
1056 1696
669 783
659 816
787 765
1321 1398
772 789
735 886
696 842
1338 1464
803 890
981 910
960 995
1323 1629
842 1089
918 1044
999 1010
1369 1660
945 1159
1071 1146
1188 1209
1483 1737
1033 1267
1113 1291
1297 1403
2200 1615
1486 1301
1494 1522
1383 1447
1951 1851
1485 1460
1498 1548
1410 1741
1827 1977
1663 1411
1537 1638
1588 1564
2076 2402
1660 1491
1620 1559
947 3598
2249 2746
1577 1743
1643 1766
1944 1515
2418 2831
1715 1854
1815 1939
1652 2046
3127 2523
1900 1799
1874 1970
1852 2043
2920 2947
1841 2060
1709 2297
2434 1803
2825 3201
1821 2149
2293 1975
1889 2288
2853 3645
1976 2225
2077 2238
2199 2573
2154 2216
1855 2560
2070 2677
2096 2343
2212 2267
2297 2648
2501 2209
2331 2437
2473 2633
3475 1976
2494 2517
2228 3158
2500 2861
2553 2995
2169 3555
2763 2806
3014 2723
2626 3143
2559 3392
2637 3264
3107 3231
3282 3005
3345 3135
3994 3167
3712 3151
3290 3446
3785 3837
3645 3297
3489 3910
3954 3707
148862797 1428487141
1
sift 255
970 611
170 164
73 50
1553 574
57 72
119 116
659 557
60 82
1607 877
70 73
130 113
735 668
138 114
1671 1599
162 141
158 125
853 648
180 158
2061 1573
263 196
191 176
832 670
199 169
2940 1276
259 210
214 209
835 728
272 183
2313 1525
280 241
251 205
981 785
227 238
2247 1588
526 366
254 212
1058 881
288 223
2380 1642
671 563
311 226
1071 916
355 231
3685 1294
637 661
338 247
1185 1131
322 270
2339 1864
721 656
361 255
1423 1244
392 274
2823 1546
874 581
386 291
1821 1386
447 321
2386 1913
999 658
397 417
2333 1281
423 390
2814 1707
972 756
477 400
1709 1731
468 410
3464 1862
925 870
467 416
2077 1548
415 447
3664 2429
1046 902
527 391
2356 1792
566 365
3152 3029
1043 1182
520 412
2494 1867
409 547
3461 3076
1171 1055
573 454
2198 2277
563 585
3826 3046
1283 989
660 543
2553 2094
645 589
1188 1075
747 504
2482 2174
591 713
1376 973
688 654
2911 2890
677 663
1410 1127
901 583
2952 3085
818 640
1588 1224
716 689
3250 2966
871 639
1660 1178
888 665
3597 3144
794 720
1715 1326
867 735
3864 3191
727 843
1939 1420
806 799
4059 3053
683 933
2026 1536
923 757
904 764
2052 1541
1049 794
997 841
1889 1798
1249 693
986 880
2349 1554
1166 860
1215 832
2367 1633
1180 879
857 1237
2108 1896
1196 917
1297 907
2424 1647
1489 873
1284 1010
2360 1739
1982 755
1307 1021
2412 2132
1325 1088
1364 1107
3994 1742
1742 915
1367 1179
3278 2489
1407 1238
1685 1090
3501 2751
1612 1152
1521 1229
3155 2992
2428 886
1515 1274
1202 1615
1737 1204
1552 1384
1740 1258
2323 1069
1912 1223
1644 1458
2382 1129
1988 1262
1750 1403
2652 1085
1787 1460
2169 1293
1877 1407
2520 1173
1891 1429
2138 1358
1876 1500
1752 1610
1775 1593
1551 1990
2065 1461
2258 1438
2023 1578
2070 1575
1962 1655
2080 1605
2097 1608
1812 1879
1971 1753
2199 1607
2434 1475
2007 1740
2314 1544
2340 1543
1867 1963
2235 1744
2708 1463
2222 1768
2268 1749
2369 1667
2115 1898
2152 1893
2372 1713
1961 2057
2429 1837
2472 1807
1857 2462
2589 1827
2541 1938
2332 2111
2679 1845
2430 2093
2498 2037
2394 2149
2405 2139
2592 2021
2787 1916
3040 1841
2653 2056
2686 2065
2566 2193
2782 2084
2817 2096
2696 2183
2669 2299
2873 2196
4023 1730
2945 2213
2403 2817
2770 2353
3059 2182
2926 2262
2917 2333
2666 2656
3103 2398
3107 2399
2698 2784
3097 2428
3207 2412
3148 2528
2957 2762
2871 2908
2947 2852
3824 2385
3812 2562
3082 2998
3397 2881
3663 2934
3476 3116
3515 3227
3958 2978
3761 3187
3742 3249
4029 3226
148862797 1431199262
1
sift 214
170 152
57 45
152 98
221 206
177 168
230 244
264 252
263 251
259 266
277 294
280 254
293 289
390 466
335 272
417 501
400 532
553 549
482 528
491 529
557 636
475 565
528 556
615 726
605 516
579 715
671 697
644 699
659 756
595 835
680 762
669 774
696 779
723 746
772 737
839 810
735 901
835 825
825 874
699 965
981 907
882 949
874 968
918 1005
1047 837
925 1023
1008 1076
1011 964
972 1030
1071 1064
990 1121
808 1429
1060 1084
1072 1142
1058 1104
996 1273
1188 1080
832 1653
1110 1144
999 1535
1279 1060
1113 1162
1196 1357
1094 1196
1033 1328
1148 1519
1010 1413
1109 1282
1247 1367
1357 1130
1185 1263
1171 1497
1245 1307
1201 1433
1199 1512
1220 1447
1321 1382
1190 1628
1270 1458
1323 1543
1383 1385
1420 1395
1498 1388
1485 1378
1410 1542
1494 1524
1652 1319
1437 1620
1483 1679
1583 1499
1486 1707
1577 1722
1588 1618
1620 1689
1643 1728
1660 1639
1777 1697
1663 1810
1715 1755
1944 1634
1709 1870
1659 1835
1697 1817
1815 1856
1841 1859
1874 1858
1821 1952
1655 2189
1832 1986
1827 2085
1891 1956
2008 1897
1837 2132
2070 2010
2077 1955
1973 2050
1889 2185
2066 2045
1970 2333
1976 2137
2125 2023
2154 2181
1602 2887
2160 2088
2306 2066
2050 2191
2430 1925
2109 2273
2312 2142
2215 2204
2538 1940
2301 2220
2293 2162
2493 2043
2359 2148
2004 2509
2212 2340
2189 2415
2328 2279
2501 2095
2110 2530
1957 2776
2331 2576
1903 2817
2228 2513
2494 2406
2360 2426
2234 2666
1744 3481
2367 2664
2506 2598
2159 2961
2559 2594
2590 2627
2673 2586
2548 2746
2648 2682
2920 2461
1938 3798
2499 2877
2104 3577
3316 2400
2418 2994
2637 2797
3852 2217
2553 2934
2482 3141
2278 3717
2102 3949
2760 2852
3386 2566
2614 3017
3014 2798
2978 2773
2999 2766
2642 3352
2649 3116
2692 3193
2441 3863
2768 3154
3333 2836
2588 3613
3070 3012
2939 3111
3132 3244
3155 2955
2910 3348
3345 3174
3066 3401
2852 3742
3290 3225
3278 3325
3352 3233
3282 3478
3593 3069
3535 3283
3495 3377
3553 3445
2885 4109
2766 4184
3482 3597
3178 3894
3830 3502
2986 4089
3681 3465
3489 3940
3812 3390
3474 3813
3597 4040
3617 3725
3649 3977
3954 3847
3785 3912
3946 3769
3712 4059
148862797 1472528885
1
sift 375
106 110
14 18
45 34
101 97
37 40
539 398
135 124
43 46
139 140
65 51
948 681
173 164
96 100
221 241
130 89
865 753
170 171
91 141
431 445
129 137
928 912
250 242
137 145
475 463
158 142
1261 1101
237 282
162 158
561 484
193 143
1409 1229
302 240
153 202
605 521
160 218
1536 1405
264 285
209 172
678 620
199 189
1834 1343
277 286
180 220
699 672
266 244
1729 1453
275 319
236 274
853 618
263 279
1782 1623
293 302
259 284
1060 898
258 295
2056 1538
336 320
265 346
1168 931
312 316
1535 2232
372 362
338 333
1008 1194
394 387
2121 1593
390 426
313 524
1255 1096
400 416
1835 2102
461 395
409 469
1335 1118
417 441
2623 1803
482 471
466 449
1435 1368
491 485
2457 2094
534 490
533 470
1734 1364
528 515
2600 2239
545 558
566 478
1547 1759
579 568
2401 2444
680 529
484 722
1989 2122
556 624
2771 2142
644 594
640 591
2333 1905
636 603
2807 2167
659 678
614 633
2269 1996
660 627
2774 2344
669 702
779 581
2109 2152
677 648
2976 2555
690 729
1043 512
2410 2249
721 625
3318 2483
723 703
744 635
2642 2211
696 694
3344 2474
743 727
675 851
2493 2410
772 725
3517 2371
735 767
787 770
2614 2298
842 743
3166 2636
1010 653
791 790
2939 2753
835 773
3385 2716
981 800
780 825
2759 3373
825 832
3487 2712
980 843
904 794
3184 2913
972 802
918 903
925 897
3449 2761
1012 844
1064 808
940 908
2994 3299
1024 872
1056 893
1042 885
3352 3306
1046 902
1058 915
1167 806
3845 3530
1249 759
1033 946
1190 799
3962 3565
1094 958
1071 995
990 1100
1021 1079
1113 966
1041 1059
988 1180
1505 812
1600 778
1201 965
1157 1014
1171 1094
1617 853
1323 1036
1225 1084
1441 935
1369 1005
1297 1141
1185 1173
1398 1051
1188 1248
1253 1231
1270 1247
1100 1455
1338 1210
1220 1374
1506 1130
1416 1211
1368 1262
1036 1834
1328 1300
1321 1310
1318 1482
1351 1349
1576 1189
1495 1346
1486 1378
1537 1404
1677 1222
1407 1642
1620 1424
1491 1580
1588 1473
1797 1302
1629 1480
1643 1423
1577 1515
1458 1806
1647 1557
1743 1502
1551 1792
1583 1801
1663 1653
1768 1537
1712 1665
1793 1585
1608 1883
1821 1573
1827 1670
1660 1844
1715 1747
1887 1637
1575 2053
1971 1542
1837 1744
1911 1646
2134 1514
2048 1576
1944 1692
1855 1743
1874 1741
1841 1797
1896 1723
2102 1605
2389 1483
2162 1574
1942 1729
1889 1864
1857 1911
1933 1837
2222 1657
2085 1766
2066 1830
2004 1868
1935 1920
2250 1831
1952 1914
2213 1732
2104 1935
2148 1779
2061 1887
2290 1954
2070 1896
2205 1800
2210 2021
2080 1936
1938 2089
2198 2039
2228 1880
1552 2995
2185 2085
2430 1761
1867 2214
2212 2125
2092 2111
2339 1930
2331 2075
2268 1999
2008 2215
2500 1934
2013 2226
2412 1950
2853 1700
2433 1982
2367 2034
2725 1798
2419 2011
2359 2066
2356 2092
2360 2057
2096 2295
2538 2029
2451 2027
2112 2300
2494 2073
2349 2129
2321 2177
2661 1959
2386 2141
1976 2586
2544 2156
2084 2553
2300 2337
2293 2354
2498 2233
2379 2273
2587 2138
2688 2207
2911 1983
2763 2047
2755 2178
2501 2267
3475 1814
2701 2225
2482 2313
2215 2850
2881 2197
2660 2248
2599 2325
2261 3044
2977 2176
2578 2498
2674 2349
2115 3480
2675 2536
2523 2641
2682 2413
3287 2221
2814 2324
2872 2314
2480 3122
2510 2801
2924 2317
3619 2263
2848 2503
3008 2439
3305 2577
3443 2284
2754 2736
2825 3160
2917 2632
3537 2294
3014 2966
2982 2657
3095 2597
3132 2845
3002 2702
2742 3188
3282 2872
3278 2576
3106 2690
3250 3073
3556 2417
3221 2643
3345 3026
3670 2392
3107 2858
3495 2936
3038 2997
3348 2725
3201 3326
2915 3384
3155 3116
3699 2820
3152 3344
3001 3512
3830 2814
3501 3171
3199 3433
3127 3623
3971 2708
3982 2790
3712 3525
3533 3369
3664 3235
4043 3420
3719 3174
3679 3470
4058 3459
3812 3436
3797 3550
148862797 1584042216
1
sift 158
1536 1570
140 152
882 1200
221 237
2021 1660
239 233
1190 1075
226 246
1926 1787
275 258
1171 1135
293 269
3344 2388
277 297
1188 1297
237 389
360 339
989 1709
336 469
390 435
1225 1515
400 425
417 429
1410 1393
475 475
492 480
1485 1421
482 484
528 479
1588 1569
461 621
464 637
1575 1741
644 574
680 583
2160 1541
678 636
690 638
1715 1967
669 648
659 669
1660 2109
853 613
652 740
1841 1947
699 691
842 727
1935 1852
772 815
835 782
1889 2001
855 873
918 848
1944 2212
1071 825
981 905
2234 2058
1058 859
1060 920
1938 2529
1056 935
1008 984
2674 2691
1113 1019
1088 1113
3103 3748
1157 1103
1168 1123
1338 1069
1323 1084
1207 1231
1321 1124
1270 1168
1185 1309
1486 1099
1357 1313
1344 1375
1501 1308
1238 1782
1498 1489
1537 1494
1435 1581
1577 1491
1643 1456
1369 1785
1620 1485
1547 1583
1336 2008
1827 1580
1855 1579
1797 1630
1821 1659
1549 2151
1663 1910
1709 1833
1896 1744
1734 1985
1837 1837
2077 1651
2331 1576
2293 1620
2290 1710
1793 2209
2109 2084
1801 2425
2210 2012
2185 2054
2212 2041
2250 1992
1989 2347
2380 2007
2493 1983
2102 2368
2501 2029
2269 2311
2920 1773
2154 2433
2553 2078
2356 2251
2482 2202
2499 2193
2076 2594
2494 2216
2578 2147
2673 2068
2763 2247
2398 2574
2660 2505
2410 2879
2588 2707
2642 2668
2766 2615
2215 3550
2825 2605
2760 2702
4011 2097
2543 3052
2939 2640
3305 2472
2637 3344
3282 2764
3181 2807
3014 2993
3345 2903
3201 2990
3495 2808
3535 2894
3352 3117
3712 2853
3880 2967
3967 3008
3392 3629
3178 3780
3864 3431
3830 3522
3954 3439
3774 3605
3498 3752
148862797 1664374466
1
sift 355
148 135
23 22
28 31
170 183
30 37
45 36
655 315
302 323
56 62
581 535
115 114
59 73
948 483
336 394
114 95
874 664
152 126
112 125
970 722
390 414
130 121
856 811
162 169
146 107
1422 633
417 399
138 127
1294 675
200 208
127 144
1553 692
482 441
157 140
1394 779
236 238
158 142
1708 649
491 451
185 149
1044 1686
263 227
180 166
1409 1303
680 639
215 186
1336 1305
259 252
214 241
2296 906
659 661
251 221
1185 1442
669 659
272 209
1300 1458
735 769
227 255
1442 1357
671 720
249 278
1535 1504
862 691
266 249
1723 1440
688 730
254 270
1834 1592
751 817
355 219
1546 1949
744 689
230 407
3565 1061
842 786
322 289
1896 1936
859 648
311 297
3466 1589
772 850
298 392
2148 1830
832 864
361 355
3124 1698
916 831
377 364
2109 1998
637 1174
392 373
2457 2225
918 931
379 402
2379 1809
922 837
378 431
2580 2237
981 991
423 421
1970 2129
904 911
397 469
2370 2838
1071 1046
409 512
2414 1983
925 982
468 449
2654 2760
1113 1037
477 440
2389 2289
972 949
520 463
3468 3231
1058 1100
436 556
2078 3386
1257 767
566 443
1351 1133
527 478
2614 2441
1049 994
530 527
1423 1318
563 562
2970 2475
1190 972
577 643
1494 1322
568 701
2493 3309
1160 1072
799 509
1663 1149
649 646
3537 3715
1188 1136
683 634
1620 1366
647 703
1171 1361
661 678
1537 1468
747 614
1506 1082
684 705
1498 1503
609 876
1180 1525
818 650
1486 1610
716 750
1410 1346
857 680
1398 1845
712 813
1485 1386
888 694
1577 1630
803 771
1588 1432
769 808
1643 1632
867 741
1660 1382
829 794
1821 1584
901 735
1715 1510
963 746
1709 1839
900 856
1944 1470
808 944
2458 1402
1166 798
2004 1581
1007 954
1855 1793
1038 947
1939 1642
838 1202
1794 1871
1028 990
2088 1703
975 1036
1874 1926
1093 930
2755 1416
1202 920
1815 2017
1212 919
2045 1823
997 1179
2293 1718
1219 987
1889 1946
1332 958
3116 1466
1196 1231
2052 1906
1325 1122
2077 2032
1189 1299
1640 2685
1307 1211
2212 1969
1297 1249
2356 2068
1284 1309
2637 1859
1419 1181
2367 2089
1315 1296
3475 1582
1521 1115
2268 2271
1373 1285
2494 2243
1376 1289
2424 2123
1608 1102
2499 2380
1365 1394
2360 2248
1310 1453
2501 2421
1383 1431
2412 2468
1742 1113
2198 2902
1515 1362
2699 2246
1599 1353
2553 2539
1572 1390
2674 2376
1583 1414
3287 2220
1612 1450
2653 2578
1644 1678
2763 2554
1367 2206
3994 1967
1694 1644
2725 3384
1675 1695
2348 3711
1551 1956
2900 3298
1866 1604
3278 2693
1670 1873
3014 3114
1740 1780
3103 2985
1783 1777
3392 3160
1877 1669
2911 3604
1890 1684
3076 3490
1752 1864
3282 3385
1871 1724
3645 3619
1852 1783
3954 3629
1760 1913
3830 3730
2136 1611
2199 1593
1787 1981
1912 1844
1876 1920
1997 1835
2023 1832
1667 2252
2258 1706
2026 1923
2061 1902
2070 1919
2065 1931
1971 2063
2092 1976
2314 1857
1962 2124
2097 2053
2802 1555
3442 1478
2312 1963
1902 2320
2138 2144
2247 2080
2228 2103
2339 2042
2222 2152
2297 2099
2340 2071
2313 2120
2152 2261
2283 2265
1826 2866
2235 2374
2169 2446
2471 2181
2434 2242
2386 2300
2943 1934
2405 2331
2332 2519
1915 3251
1988 3106
2284 2654
2696 2221
2324 2698
2372 2796
2369 2811
2541 2687
2510 2789
2708 2559
3242 2251
3065 2336
2669 2701
2817 2574
2945 2592
2770 2765
2671 3050
3464 2412
3059 2608
2648 3188
2917 2822
2926 2858
2595 3478
2688 3279
2782 3294
3106 2824
3095 2864
2957 3258
3148 3093
3479 2896
2936 3563
3082 3442
3107 3473
3802 3111
3152 3666
3664 3449
3812 3347
3546 3591
3826 3453
3761 3612
3824 3739
148862797 1724217577
1
sift 539
24 26
87 71
28 27
1010 799
30 32
53 56
173 138
41 50
1505 991
55 61
89 98
170 146
58 62
2441 2352
57 66
106 116
194 184
64 69
3498 4068
67 88
97 128
225 207
70 83
81 80
113 110
226 231
79 85
105 70
179 188
250 204
85 122
115 113
297 328
239 219
133 121
147 151
539 378
302 198
159 150
162 157
948 805
275 244
180 160
191 175
970 1136
237 275
206 176
219 177
1791 708
277 263
196 203
214 201
1384 1005
293 268
230 227
259 240
1262 1336
365 304
263 259
266 262
1320 1313
336 353
280 318
309 349
1409 1324
360 321
361 305
375 327
1300 1510
394 307
377 345
380 341
1535 1509
372 351
335 400
366 377
1478 1588
400 390
429 454
390 406
1536 1612
463 359
385 569
417 401
1729 1662
431 419
533 439
461 405
1782 1665
482 445
516 482
492 448
1723 1718
475 461
527 513
534 427
1798 1758
581 416
538 518
528 469
2021 1630
497 502
595 515
638 474
1835 1721
579 560
593 563
562 602
1830 1948
644 548
599 568
608 579
1926 1850
522 712
688 557
605 619
1554 2571
542 760
636 615
651 605
1910 2082
680 595
758 617
652 646
1834 2217
723 587
845 597
669 639
2174 1899
659 659
828 606
690 656
2083 2265
678 671
733 666
699 650
2248 2313
743 693
873 630
735 726
2457 2131
832 713
720 765
874 674
2056 2607
772 772
787 746
826 745
2370 2737
843 737
808 791
937 694
2600 2509
853 770
923 717
811 812
2807 2412
1002 677
867 774
855 802
2579 2606
841 876
930 753
894 843
2656 2546
981 762
736 987
918 834
2976 2350
1071 868
936 823
876 896
2570 2699
1058 918
940 864
900 925
2654 2597
1060 942
963 877
972 874
2491 2871
1109 923
755 1065
925 915
2774 2632
1087 936
989 858
904 956
2779 2638
1056 961
1007 911
1202 757
2771 2732
1012 1089
992 968
882 1129
2739 2780
1065 1050
1039 974
1042 979
3318 2727
1021 1126
960 1075
1179 886
3166 2897
1008 1186
1046 999
812 1409
3460 2908
1088 1061
1041 1077
962 1199
2827 3694
1168 1029
952 1259
1493 826
3467 2992
1157 1098
945 1361
1152 1041
3517 2957
1201 1064
1316 945
1148 1114
3365 3488
1033 1339
1188 1086
1158 1133
3403 3432
1351 1031
1517 963
1434 1026
3711 3113
1255 1164
1190 1246
1225 1208
3427 3444
1185 1275
1253 1184
1231 1210
3525 3320
1338 1163
1167 1353
1333 1173
3513 3337
1323 1248
1307 1220
1504 1070
3594 3266
1321 1290
1410 1190
969 1911
3452 3461
1238 1369
1390 1237
1296 1325
3483 3447
1344 1337
1516 1146
1419 1283
3527 3424
1369 1352
1301 1431
1335 1400
3445 3688
1486 1298
1370 1382
1165 1680
3616 3500
1501 1320
1249 1601
1437 1372
3788 3372
1684 1143
1383 1482
1537 1300
3487 3856
1647 1196
1485 1373
1463 1397
3669 3746
1357 1562
1574 1319
1475 1427
3928 3490
1438 1464
1416 1522
1435 1491
3709 3777
1279 1686
1199 1796
1498 1483
3931 3608
1546 1551
1842 1200
1441 1597
3818 3800
1620 1461
1573 1472
1116 2256
3863 3805
1577 1555
1375 1699
1673 1390
3906 3974
1549 1580
1529 1565
1597 1498
1643 1516
1563 1561
1588 1540
1547 1753
1600 1542
1558 1598
1734 1634
1670 1504
1687 1488
1821 1577
1458 1749
1559 1645
1855 1573
1690 1527
1341 2300
1648 1773
1742 1619
1733 1632
2078 1486
2100 1444
1856 1620
1663 1837
1697 1757
1660 1844
1770 1735
1892 1659
1815 1706
1797 1730
2178 1567
1794 1818
1827 1782
1944 1679
1850 1767
1837 1849
1768 1873
2148 1616
2077 1678
1701 1972
1519 2448
1738 2045
1715 2017
1814 1883
1757 2100
2057 1697
1890 1829
1616 2386
1769 1984
1852 1889
2071 1785
2108 1726
1841 1969
1896 1908
1903 1912
2048 1820
1801 2094
1889 1942
2066 1822
2293 1813
2430 1622
1935 1939
2088 1965
2013 1886
2153 1801
1744 2393
1876 2041
2092 1863
2076 2034
2004 1927
2134 1848
2162 1967
1877 2145
2027 2089
1989 2140
1938 2239
2109 2049
2333 1871
2052 2155
1970 2219
2154 2066
1976 2234
2150 2123
2290 2001
2228 2078
2098 2210
2250 2080
2339 1958
2185 2144
2102 2216
2008 2304
2212 2187
2538 1897
2169 2248
2123 2288
2331 2117
2360 2063
2157 2290
2269 2317
2281 2193
2329 2157
2198 2390
2205 2291
2359 2175
2501 2127
2389 2183
2419 2165
2366 2297
2010 2532
3017 1748
2920 1864
2287 2332
2575 2033
2458 2285
2268 2376
2312 2329
2104 2639
2325 2335
1823 2928
2482 2314
2070 2585
2451 2298
2480 2321
2506 2283
2367 2438
2495 2347
2537 2289
2412 2430
2499 2359
2392 2449
2768 2119
2578 2383
2625 2307
2215 2787
2379 2635
2811 2343
2673 2354
3475 1931
2523 2629
3287 2023
2410 2684
2520 2661
3561 1932
2493 2644
2161 3267
2543 2577
2553 2637
2278 3227
2660 2503
2614 2552
2559 2898
2587 2795
2230 3553
3627 2249
2759 2680
3249 2434
2982 2534
2637 2834
2885 2652
2674 2868
2662 2830
2939 2708
2878 2724
2962 2690
2805 2849
2906 2750
2704 2931
3305 2562
3155 2608
2755 2930
2675 3042
2648 3134
2649 3158
3127 2704
3324 2665
2938 2837
2763 3091
3015 2823
2642 3329
3786 2468
2924 2988
2546 3646
2900 3009
3070 2885
2488 3914
2994 2991
3308 2811
2554 3835
2465 3970
3013 3052
2825 3254
2535 3896
3028 3222
3072 2984
2747 3433
3459 2941
3221 3137
3201 3211
2951 3460
3537 2953
3352 3142
3038 3570
3107 3479
3449 3182
2999 3697
2986 3792
3178 3541
2702 4059
3689 3152
3184 3682
3679 3213
3812 3136
3014 3952
2831 4054
3270 3788
3505 3755
3681 3310
3911 3120
3535 3798
3984 3358
3282 3981
3954 3510
3677 3791
3885 3599
3864 3850
3907 3704
3645 3998
3495 4066
3946 3865
4058 3416
3774 3988
3845 3984
3610 4086
148862797 1735922398
1
sift 159
1536 1833
135 141
263 267
170 165
1926 1775
226 246
259 280
225 264
2021 1763
237 250
630 573
275 275
2491 3425
264 301
845 803
293 284
3344 3104
277 325
882 985
390 467
400 475
1188 1127
417 466
431 484
1485 1437
482 510
492 521
1410 1541
475 541
528 515
1588 1569
461 585
581 529
1247 2201
579 671
605 696
1715 1684
644 662
652 652
1660 1798
669 691
723 658
1944 1688
680 719
659 756
2013 1718
678 805
855 744
1841 1965
772 781
835 792
2004 2440
735 879
743 986
2015 2614
699 1056
1013 849
2359 2324
918 932
981 901
832 1100
1008 1079
1058 1051
1071 1044
1056 1117
1060 1124
1113 1114
1094 1167
1157 1142
1109 1191
1187 1119
1178 1184
1270 1156
1185 1371
1338 1261
1321 1301
1279 1377
1245 1467
1323 1428
1328 1523
1437 1443
1438 1517
1498 1493
1486 1515
1494 1547
1357 1721
1369 1756
1537 1596
1648 1442
1577 1710
1620 1673
1643 1686
1663 1930
2159 1695
1874 1913
1827 1967
1837 2046
1794 2122
1709 2269
1908 2021
1951 2026
2049 1969
1896 2109
2077 2006
2066 2034
2331 1886
1855 2308
2538 1776
2293 1968
2096 2198
2493 1921
2109 2268
2212 2318
2154 2393
2501 2142
2482 2312
2269 2570
3475 1846
2215 2693
2920 2128
2494 2483
2418 2581
2499 2573
2673 2404
2553 2604
2231 2925
2630 2623
3305 2347
3287 2365
2637 2745
2747 2716
2642 2822
2655 2915
2766 2918
2939 2803
3250 2672
2760 3020
3282 2760
2825 3245
2660 3496
3345 2909
3014 3161
2508 3800
3201 3082
3127 3249
2994 3370
2488 3946
3291 3234
3352 3294
3090 3530
3712 3106
3449 3349
3597 3326
3830 3233
3495 3684
3880 3533
3954 3502
3645 3714
3864 3587
148862797 1911602604
1
sift 218
170 216
7 15
44 43
65 63
226 240
96 93
91 130
158 153
295 428
153 169
163 181
152 184
417 519
162 173
313 525
145 208
482 515
199 189
396 408
190 218
475 538
182 229
721 810
209 258
579 610
214 248
940 1019
213 280
659 704
235 279
1046 1032
249 296
669 729
265 282
1041 1239
263 283
772 759
299 360
1301 1165
312 361
743 878
338 342
1441 1071
348 364
916 831
366 467
1416 1227
397 510
1058 1076
466 512
1648 1186
484 571
1071 1092
566 517
1896 1900
521 585
1185 1226
549 565
2247 1704
607 591
1270 1314
640 621
2061 1993
608 696
1328 1447
637 697
2213 1907
661 670
1620 1287
651 713
2389 1759
677 717
1494 1470
477 1272
2093 2271
696 783
1437 1736
744 765
2386 2083
825 748
1577 1614
747 863
2333 2246
731 885
1663 1640
791 900
1933 2867
904 882
1643 1683
1049 803
2523 2258
972 952
1821 1691
881 1034
2688 2390
820 1129
1874 1887
925 1027
2015 3478
1105 950
2198 1981
1054 998
2904 3344
1601 735
1832 2528
1011 1105
3763 3051
990 1195
1908 2457
1100 1137
3537 3429
1117 1174
2356 2174
1171 1199
3535 3452
1247 1164
2104 2394
1216 1215
4035 3076
1188 1266
2212 2325
1144 1352
1406 1221
2066 2617
1221 1397
1392 1295
2494 2339
1297 1426
1450 1364
2900 2223
1403 1461
1506 1355
2553 3199
1410 1466
1407 1559
2911 2941
1583 1441
1273 1777
2655 3332
1462 1566
1742 1316
3495 3121
1475 1586
1756 1399
3830 2902
1646 1532
1588 1657
3645 3388
1629 1674
1567 1788
3967 3449
1660 1672
1889 1565
1551 2065
1854 1681
1720 1928
1715 1971
1870 1780
2340 1583
1811 2047
1758 2129
1706 2195
1867 2070
2115 1883
1971 2019
2228 1817
1841 2192
1950 2101
1939 2148
1911 2173
2134 2004
2222 2009
2268 2046
2085 2207
2004 2334
1986 2355
2367 2078
2080 2383
2008 2492
2234 2323
2005 2538
2360 2287
2311 2429
2084 2766
1976 2914
2261 2633
2132 2804
2387 2516
2318 2652
2511 2480
2350 2693
2510 2514
2412 2639
2252 2895
2948 2385
2447 2961
2539 2905
2422 3125
2498 3006
2915 2540
2819 2636
2682 2798
3364 2421
2742 2874
3443 2436
2619 3123
3002 2736
3103 2821
3107 2849
2881 3104
2917 3240
3424 2923
3248 3102
3038 3420
3812 2987
3679 3236
3719 3211
3802 3313
148862797 2046133546
1
sift 760
12 14
87 85
2 6
106 93
101 97
45 43
430 417
142 159
43 52
525 490
133 132
49 57
539 536
170 191
57 65
425 1583
137 139
58 69
1242 1220
225 216
63 68
779 732
128 146
64 70
1209 1315
221 227
65 71
930 726
160 164
81 83
1320 1335
240 238
76 89
940 892
162 180
86 103
1262 1433
239 256
96 95
1782 1359
237 275
91 106
1726 1054
260 255
112 90
1569 1746
264 283
110 105
1409 1402
275 305
115 109
1589 1806
286 299
114 116
1478 1339
277 329
118 119
1491 2160
349 406
130 134
1834 1539
302 312
138 136
1554 2053
365 441
129 145
1880 1617
336 343
111 172
1422 2311
360 450
150 137
1722 1783
390 433
158 161
1532 2249
431 486
152 165
1729 1854
461 442
153 169
2056 1691
475 512
147 194
1393 2619
417 515
163 170
2148 2112
474 584
191 163
1835 1923
482 503
172 188
2401 2681
497 575
182 201
2491 2303
490 495
180 202
2656 2439
544 609
190 209
2600 2582
418 583
196 203
2623 2610
598 567
199 207
2370 2960
605 576
175 237
2579 2704
638 597
209 225
2639 2652
579 648
213 230
2571 2778
459 1374
214 233
2934 2749
659 713
215 234
2771 3008
743 745
282 208
2779 2994
680 708
273 221
2514 3585
702 794
219 274
3262 3018
669 720
235 247
2961 3021
723 777
249 278
3403 2934
735 793
265 258
3581 2929
853 739
263 266
4053 2524
772 805
251 284
3527 3057
826 798
259 281
3723 2955
751 824
258 292
3421 3563
874 807
241 328
3870 3524
835 832
274 297
842 874
342 243
870 872
266 318
1043 768
354 279
916 889
311 313
996 896
299 335
981 861
312 331
777 1114
316 330
918 929
284 394
1039 907
330 332
1024 939
338 338
776 1341
348 347
1012 1033
347 361
856 1263
313 402
1060 978
371 364
1046 1000
366 391
1021 1081
383 375
1041 1030
346 439
1088 997
305 519
1056 1084
391 390
1058 1050
396 389
1220 1032
381 421
1062 1167
495 346
1178 1093
340 506
1094 1137
378 480
1113 1169
546 369
1071 1185
420 452
1065 1247
590 366
1185 1260
536 396
1040 1407
397 534
1109 1379
532 419
1285 1176
603 382
1279 1291
462 482
1270 1304
609 381
1398 1222
409 547
1369 1264
516 451
1238 1418
634 386
1441 1197
414 548
1335 1338
466 509
1328 1363
445 526
1351 1348
507 475
1435 1398
552 455
1338 1378
484 537
1506 1372
527 520
1344 1377
642 436
1576 1482
426 632
1498 1497
686 431
1486 1579
521 552
1494 1552
520 593
1546 1557
517 596
1438 1653
565 533
1437 1676
404 781
1537 1688
553 553
1663 1699
566 542
1620 1678
562 565
1501 1996
724 453
1577 1730
477 686
1757 1737
563 573
1643 1850
493 682
2014 1779
551 611
1821 1703
573 581
2013 1824
654 522
1793 1724
595 568
1855 1978
792 478
1815 1778
614 587
2162 1764
608 590
2049 1674
607 605
1896 1991
599 645
1797 1914
524 752
1933 1983
575 666
1832 2131
759 550
1970 2105
623 706
2271 1885
465 1006
2071 2080
601 756
1908 2247
637 729
2066 2166
660 696
2131 2146
677 693
2109 2170
526 953
2492 1841
646 750
2008 2357
651 737
2230 2120
761 659
2104 2308
675 740
2356 2056
671 743
2333 2168
721 703
2637 1838
1029 570
2614 1960
757 691
1874 2517
692 775
2331 2277
696 767
2198 2266
719 757
2493 2137
979 633
2185 2287
787 725
2424 2205
731 771
2250 2238
796 724
2360 2289
755 760
2293 2222
825 722
2575 2125
744 773
2480 2113
747 778
3034 1881
688 845
2212 2336
769 764
2414 2327
733 801
2154 2397
985 662
2290 2680
808 783
2458 2178
847 769
2412 2564
760 830
2210 2405
740 857
2534 2460
844 837
2546 2202
791 865
2379 2841
1130 668
2494 2346
910 813
2488 2797
839 860
2849 2116
1115 690
2674 2566
927 831
2725 2281
914 868
2819 2490
904 878
2543 2429
922 884
2757 2695
941 876
3287 2028
881 943
2969 2594
1054 838
2500 2577
925 951
2866 2828
817 1044
2501 2640
908 966
2994 3082
972 921
2660 2505
962 938
3459 2752
895 1011
2553 2711
875 1047
3537 2794
975 968
2599 2672
903 1019
3278 2996
997 936
2911 2624
992 973
3018 3308
854 1159
2675 2894
1096 910
3290 3076
906 1180
3014 2686
1000 1132
3090 3456
1068 1042
2900 2798
1190 941
3501 3091
1150 977
3074 2690
954 1246
3348 3368
1214 958
3305 2978
1148 1037
3449 3290
1194 999
3201 3309
990 1268
3249 3491
1205 1007
3495 3349
963 1361
3155 3641
1159 1077
3645 3251
1138 1133
3528 3534
1114 1163
3830 3242
1617 870
4035 2954
1326 1008
3712 3431
1292 1028
3911 3272
1105 1287
3845 3501
1169 1206
1117 1296
1171 1217
1144 1285
1284 1150
1301 1143
1216 1233
1325 1146
1516 1015
1167 1351
1247 1240
1310 1213
1407 1184
1297 1273
1427 1166
1302 1324
1307 1319
1221 1421
1884 942
1253 1382
1225 1437
1188 1509
1406 1317
1383 1337
1308 1409
1257 1454
1600 1142
1322 1417
1315 1426
1280 1461
1416 1333
1392 1362
1495 1295
1850 1024
1410 1414
1036 2075
1463 1380
1408 1484
1273 1606
1306 1573
1403 1505
1246 1657
1476 1442
1474 1452
1355 1605
1712 1232
1450 1529
1677 1302
1283 1708
1468 1522
1657 1331
1475 1534
1875 1199
1520 1521
1530 1511
1462 1615
1597 1514
1572 1553
1633 1493
1515 1633
1458 1707
1742 1413
1514 1694
1588 1626
1443 1803
1567 1695
1717 1565
1629 1675
1659 1636
1607 1740
2348 1279
1560 1831
1685 1671
1756 1616
1789 1588
1740 1643
1552 1873
1660 1722
1733 1662
1644 1770
1737 1689
1706 1728
1385 2383
1758 1757
1653 1890
1912 1660
1693 1861
2687 1328
1768 1830
2408 1483
1948 1721
1696 1982
1775 1901
1759 1940
1736 1969
2313 1595
1689 2133
1867 1877
2007 1781
1877 1908
1890 1896
2160 1727
1811 2010
1911 1893
1962 1872
1746 2149
2068 1821
1889 1946
1957 1889
1795 2097
1781 2130
1982 1887
2061 1886
1971 1972
1952 2005
1715 2318
1944 2039
2134 1905
2113 1920
2187 1870
2118 1929
1938 2090
1935 2096
1841 2217
2381 1750
1950 2081
2097 1961
2080 1999
2023 2044
2070 2021
2946 1547
1774 2343
2047 2060
2004 2123
2026 2108
2310 1884
2314 1911
2016 2174
2052 2164
2235 2004
2206 2049
2085 2179
2533 1810
2368 1926
2247 2037
2797 1686
2222 2084
2257 2063
2228 2102
1986 2306
1857 2446
2092 2250
1753 2643
2125 2235
2214 2175
2389 2006
2708 1787
2358 2095
1921 2492
2422 2074
2451 2094
2286 2264
2984 1768
2084 2440
2311 2269
2260 2309
2332 2265
2419 2186
2268 2324
2386 2225
1994 2568
2318 2301
2387 2259
2342 2316
2252 2409
2786 1956
2261 2425
2367 2320
2440 2286
2350 2347
2886 1954
2284 2450
2621 2216
2139 2684
2447 2382
2359 2502
2523 2365
2172 2790
3370 1937
2565 2392
2568 2390
2184 2888
2439 2519
1976 3314
2511 2466
2037 3216
2887 2228
2115 3109
2472 2555
3397 2016
2871 2263
2699 2348
2132 3168
2278 2913
2586 2486
2058 3423
2590 2511
2452 2700
2686 2437
2498 2641
2915 2313
2828 2353
2619 2585
2742 2480
2755 2516
2701 2565
3442 2232
2539 2890
2682 2658
2430 3096
2688 2666
2704 2646
3088 2404
2510 2974
2653 2746
2839 2552
2199 3619
2772 2604
2431 3204
2648 2821
2926 2574
3013 2518
2731 2793
2948 2608
3324 2436
2692 2877
2818 2817
2616 3149
2695 2972
2756 2924
2814 2853
2817 2887
2830 2889
2924 2812
2823 2918
2787 2985
3059 2804
2770 3147
3797 2441
2904 3023
3087 2833
2881 3079
3101 2882
3107 2884
2803 3328
3407 2775
2909 3307
3002 3164
3192 2952
3040 3119
3082 3102
2754 3525
3463 2844
3443 2893
3103 3167
3097 3209
3055 3289
3688 2763
2872 3529
3207 3215
3792 2754
3593 2907
3204 3274
3664 2871
3396 3157
3288 3291
3193 3399
2957 3597
3869 2820
3105 3480
3038 3554
3386 3330
3617 3086
3364 3405
3982 2843
3473 3409
3761 3197
3556 3398
3152 3646
3679 3327
3663 3344
3423 3569
3812 3315
3304 3670
3763 3406
3574 3591
3672 3595
3486 3690
3671 3676
3717 3706
4005 3630
3868 3723
148862797 2080441786
1
sift 897
12 14
87 78
31 26
99 59
173 189
47 23
48 48
135 143
36 33
104 84
260 295
41 39
113 103
142 140
57 54
176 109
277 287
63 56
178 115
170 169
64 61
194 241
293 309
78 64
310 293
239 246
79 68
225 283
336 365
60 116
500 352
264 278
81 75
296 320
380 443
96 93
539 444
302 304
86 100
350 302
464 448
107 107
627 755
390 432
115 105
431 467
491 523
114 112
970 736
417 475
123 119
522 602
433 595
127 118
948 1006
482 496
129 113
542 617
534 529
130 123
1300 1117
475 528
133 135
652 650
528 554
137 142
1393 1108
434 661
174 128
574 799
556 550
172 137
1553 1026
544 641
157 146
678 780
593 632
158 149
1542 1046
579 611
159 159
699 790
644 659
162 152
1708 1043
605 645
155 185
638 935
680 717
180 156
1320 1348
581 778
190 160
801 782
691 746
183 175
1454 1276
664 692
177 188
1002 970
785 1063
191 209
1409 1397
659 740
206 187
1008 1002
894 1080
213 193
1388 1558
669 771
199 225
1238 1077
1010 1025
242 199
1535 1432
723 749
243 212
1168 1197
996 1037
261 201
1384 1796
855 768
214 240
1336 1294
994 1053
254 231
1536 1718
735 825
230 263
1255 1377
980 1065
265 272
2355 1257
772 832
263 276
1435 1497
1087 994
259 288
1836 1538
743 866
271 311
1547 1605
1012 1152
266 314
1679 1687
853 812
309 312
1681 1764
1357 919
311 307
2021 1700
835 823
299 342
1757 1849
1113 1155
273 398
1722 1965
832 908
298 346
1610 2155
1109 1168
335 329
1798 1891
918 946
366 324
1734 2133
1033 1301
325 362
1909 1799
916 991
318 374
3565 1279
1094 1231
312 389
2531 1562
981 955
349 349
1989 2072
1088 1329
348 364
1864 2025
1097 909
377 357
2364 1791
1056 1492
361 417
2083 1863
1071 1024
379 408
1970 2362
1201 1272
342 459
1834 2203
1065 1039
354 447
2457 2063
1245 1246
378 429
1926 2248
1058 1049
409 397
2131 2488
1338 1304
423 402
1885 2332
1178 1297
427 394
1726 3009
1251 1419
471 372
2295 2124
1279 1212
392 457
1780 2909
1351 1356
391 477
1880 2598
1185 1308
344 588
2395 2227
1321 1414
521 433
2319 2329
1330 1290
446 485
2271 2560
1165 1647
429 509
2248 2439
1328 1314
448 492
2493 2342
1220 1570
468 488
2639 2220
1270 1426
436 541
2895 2087
1344 1465
466 552
2658 2284
1437 1449
487 546
2805 2244
1433 1410
533 494
2579 2431
1497 1383
520 526
2410 2708
1498 1401
493 561
2491 2738
1398 1531
494 565
2269 3043
1483 1431
488 570
2378 2873
1369 1593
508 587
3825 2132
1673 1230
422 725
2774 2686
1438 1530
553 567
2614 2851
1486 1502
527 597
2807 2692
1494 1540
538 590
2747 2796
1323 1711
495 675
2827 2697
1576 1485
552 592
2737 2949
1537 1642
503 670
3576 2543
1648 1407
611 558
2760 2947
1647 1583
506 693
2976 2838
1934 1244
557 609
3675 2612
1815 1767
571 640
2654 3178
1577 1631
788 514
2673 3508
1892 1768
562 697
3188 2862
1620 1691
693 575
2759 3323
1827 1912
615 651
3166 2942
1643 1672
687 593
3072 2998
1837 1945
566 734
3481 2904
1546 1831
649 636
2642 3709
1855 1996
617 679
2923 3424
1663 1842
663 616
2939 3476
1744 2145
595 715
3995 2682
1709 1866
847 549
3517 2954
1935 1943
599 722
3460 3036
1821 1750
675 634
3584 2940
1951 1941
682 629
3669 3034
2078 1649
591 741
2766 3948
1797 2171
614 711
3534 3143
1908 1872
640 706
3786 3049
2215 1805
651 688
3318 3395
1874 1991
648 700
3730 3157
2049 1932
671 682
3525 3210
1894 2015
787 664
3480 3582
1882 2140
673 751
3445 3532
1896 2096
709 723
3352 3775
2154 1961
637 818
3906 3093
1973 2099
629 860
3090 4113
2159 1990
740 748
3365 3748
2066 2045
702 775
3711 3355
1801 2444
692 793
3513 3653
2077 2044
721 774
3922 3175
2293 1953
986 631
3772 3372
2104 2138
712 784
3178 4179
2290 2041
733 781
3731 3644
2231 2100
726 788
3449 3969
2123 2219
688 831
3403 4167
2109 2222
756 785
3972 3220
2072 2335
717 846
3853 3791
2442 1951
734 850
3980 3838
2306 2305
964 726
3709 4022
2212 2274
623 1054
4008 3949
1887 2700
874 776
3842 3895
2096 2447
720 893
4006 4075
2185 2436
744 877
3928 3848
2249 2391
867 809
3962 4258
2102 2606
803 848
3931 3941
2333 2333
845 826
2538 2174
806 853
3861 4138
2331 2422
799 865
2338 2482
839 857
3978 4012
2501 2395
1134 683
2500 2650
739 950
4024 4044
2379 2619
919 827
2578 2626
1040 772
2495 2561
825 921
2594 2743
836 918
2655 2476
881 897
2612 2759
922 874
2198 3112
805 976
2660 2717
831 964
2488 2868
925 880
2587 2888
940 907
2553 2795
900 977
2675 2839
1036 867
2637 2916
999 904
2443 3300
936 975
2482 3261
973 949
2458 3589
904 1029
2763 2892
952 993
2920 2848
1007 957
2480 3622
960 1007
2543 3782
957 1008
2911 3046
972 1015
3305 2785
930 1089
2825 3208
1011 1036
2772 3264
1028 1021
2591 3839
1107 941
3192 2889
990 1090
3250 2878
1045 1045
3127 2999
1068 1027
2900 3256
1227 901
2755 3545
1039 1072
2725 3663
987 1156
2546 4214
1215 958
3014 3326
944 1249
2852 3674
1046 1125
2952 3521
828 1471
3290 3150
1090 1094
3497 3065
1191 1031
2885 3860
1325 999
3333 3255
1467 934
3475 3497
1193 1102
3535 3407
1169 1140
3282 3964
1152 1165
3489 3678
1158 1164
3201 4112
1075 1261
3712 3359
1117 1203
3575 3731
1148 1218
3505 3726
1138 1238
3509 4077
1231 1143
3495 3866
1257 1124
3913 4380
1176 1199
3561 4049
1027 1459
1293 1116
3597 4202
1188 1198
1440 1068
3967 3795
1253 1178
1248 1202
3830 4174
1182 1289
1264 1208
3880 4125
1100 1498
1044 1644
3954 4203
1196 1382
1171 1430
3864 4333
1436 1190
1307 1323
1247 1406
1391 1277
1190 1534
1233 1456
1297 1381
1316 1370
1359 1327
1302 1421
1310 1457
1383 1384
1376 1418
1175 1655
1468 1362
1319 1552
1372 1499
1448 1434
1445 1440
1495 1395
1407 1518
1410 1543
1419 1548
1752 1220
1485 1486
1432 1550
1515 1476
1472 1536
1461 1569
1475 1576
1588 1495
1434 1650
951 2967
1563 1563
1345 1763
1506 1635
1559 1579
1522 1657
1572 1619
1458 1749
1633 1596
1650 1574
1544 1681
2300 1205
1122 2587
2137 1284
2012 1351
1826 1466
1599 1680
1704 1581
1715 1592
1612 1725
1667 1665
1516 1902
1660 1688
1741 1637
1680 1693
1605 1830
1653 1739
1652 1746
1659 1744
1742 1673
1646 1783
1636 1848
1675 1758
1724 1737
1656 1850
1670 1868
1697 1807
1717 1773
2013 1606
1817 1713
1823 1722
1984 1651
1689 1920
1768 1820
1131 3659
1789 1826
1698 2000
1849 1806
1769 1924
1600 2253
1850 1847
1655 2125
1852 1877
1814 1926
2178 1675
1720 2055
1841 1917
1877 1881
1868 1910
1890 1899
1787 2033
1906 1901
1779 2066
1948 1889
1856 2018
2092 1813
1938 1939
1740 2192
2046 1879
2027 1908
1876 2053
1828 2144
1900 2058
2161 1870
1889 2076
2008 1987
1953 2022
2052 1959
1701 2386
1944 2050
1869 2142
2110 1949
2156 1931
2207 1906
2172 1936
2085 2008
1873 2242
2061 2074
1957 2198
1903 2263
2339 1890
1916 2293
2084 2134
2007 2207
2125 2110
1962 2297
2004 2255
2070 2199
2118 2160
2010 2268
2081 2196
2115 2185
2029 2301
1471 3682
2108 2209
2214 2141
2209 2156
1971 2390
2067 2309
1685 2814
1730 2749
3484 1595
2275 2161
2150 2282
2134 2317
2228 2236
2394 2089
2340 2193
1519 4068
2311 2267
2059 2537
2169 2408
2107 2492
2222 2394
2312 2310
2247 2375
2537 2101
3586 1663
2268 2398
2359 2294
2112 2573
2199 2520
2360 2318
2190 2548
2287 2455
2697 2029
2318 2428
2301 2472
2321 2441
2334 2478
2368 2432
2173 2655
2625 2182
2358 2477
2375 2449
2349 2511
2325 2559
2616 2226
2386 2487
2367 2509
2955 2002
2575 2277
2328 2580
2429 2483
2424 2530
2466 2502
2451 2523
2473 2542
2559 2433
2246 2747
2487 2538
2540 2496
2650 2361
2506 2575
2286 2780
2886 2231
1843 3820
2412 2737
3270 2154
2291 2945
2434 2792
2053 3538
2525 2711
2674 2624
2964 2423
2523 2775
2866 2512
3252 2321
2403 2988
2590 2768
2548 2861
2692 2724
3173 2463
2450 3116
3367 2416
2313 3597
2709 2800
2613 2939
2891 2696
2519 3113
2539 3083
2768 2781
2430 3314
2621 3017
2978 2701
2783 2847
2699 2938
2648 3032
2371 3730
2814 2872
2653 3114
2887 2893
2649 3153
2982 2813
2742 3061
3148 2736
3015 2852
2682 3190
2883 3003
3107 2801
2694 3207
2863 3104
2910 3086
3155 2867
3193 2865
3348 2809
2881 3185
3013 3041
3603 2714
2770 3419
3038 3087
3382 2882
2782 3491
3283 2960
2924 3343
3386 2959
2701 3842
2917 3436
3064 3187
2969 3339
3419 2992
3826 2764
2671 4061
3537 2946
3018 3385
3050 3381
3728 2880
2906 3787
3106 3408
3121 3483
2790 4076
3154 3435
3162 3442
2936 3863
3278 3322
3225 3399
3677 3023
3218 3466
3219 3488
3547 3131
3045 3766
2977 3919
2967 3960
3308 3502
3310 3505
3205 3623
3507 3279
3719 3103
3378 3609
3459 3511
3070 4008
3103 3990
3516 3463
3152 3951
3424 3642
3546 3479
3204 3954
3593 3465
3066 4171
4035 2975
3473 3771
3461 3832
3908 3244
3589 3745
3917 3293
3681 3647
3553 3911
3852 3548
3617 3983
3984 3522
3943 3646
3885 3764
3812 3914
3406 4282
4064 3241
3679 4186
3671 4211
3742 4168
3745 4175
3973 3901
3792 4154
4005 3936
4031 3812
3903 4164
3921 4163
3907 4205
3797 4272
3847 4247
4060 3705
3991 4159
3946 4313
3944 4340
4028 4332
3969 4370
