1615100174 2011792801
1
sift 149
18 22
48 40
127 161
28 30
166 205
798 823
188 221
177 202
232 275
1503 1255
418 400
329 382
353 413
1550 1620
700 438
324 469
326 532
2048 1884
563 548
453 448
451 482
1936 2349
648 538
565 487
508 536
2394 2142
516 708
484 600
642 557
2968 1858
804 599
656 764
762 694
2898 2445
657 970
840 711
891 1017
2828 2815
884 805
898 1032
878 1104
2797 2968
1010 1105
1300 904
1142 1101
3663 4038
1210 1022
1196 1080
1125 1228
1309 1117
1193 1185
1176 1281
1255 1198
1115 1421
1316 1345
1446 1318
1403 1249
1482 1354
1418 1399
1393 1599
1746 1368
1413 1726
1275 2144
2001 1317
1489 1739
1592 1612
1802 1481
1653 1598
1836 1533
1599 1765
1616 1715
1735 1636
1795 1648
1624 2072
1774 1901
2127 1679
1696 2151
1864 1914
1970 1822
2224 1734
1647 2334
1976 2120
1914 2046
1956 2021
2003 2200
2097 1966
2041 2241
2314 2209
2138 2155
1697 2740
2194 2356
2601 1855
2130 2422
2171 2461
1885 2776
2087 2615
2445 2405
2738 2291
2300 2536
2977 1981
2964 2263
2892 2080
2721 2248
2241 3149
2488 2691
3379 2268
3525 2176
2293 3322
2703 3045
2910 2753
2454 3580
2876 3119
2699 3046
2778 2958
3999 2663
3060 2919
3018 2976
3159 3551
3025 3017
2744 3591
3251 3678
3651 2811
2810 3817
3199 3716
3370 3177
3628 3135
3757 3410
3609 3247
2917 3936
3389 3894
3255 3692
3559 3390
3703 3734
3596 3637
3429 3915
3930 3585
3640 4156
3535 3930
4059 3566
3860 4088
3015 4186
3908 3792
4089 4132
4146 3643
3835 4051
4168 3957
4033 4085
3818 4206
4066 4217
1615100174 2118799435
1
sift 560
166 189
4 4
6 18
29 30
59 77
14 15
177 201
410 499
33 21
53 55
80 76
20 34
232 284
590 697
51 63
63 67
220 206
55 62
393 584
1233 1195
56 68
127 163
108 4303
62 78
483 545
1154 1412
67 71
180 228
435 531
77 88
762 982
1438 1303
100 121
189 232
608 558
99 129
1195 1212
1477 1495
106 127
253 370
1210 1389
120 143
1170 1385
1404 1853
132 137
337 366
1319 1314
126 145
1176 1566
1301 2667
135 161
418 446
1309 1584
137 169
1205 1750
1762 1914
159 156
456 497
1259 1676
163 178
1316 1651
1707 2268
190 239
470 632
1716 1870
209 226
1460 1802
1778 2573
200 242
515 678
1765 1846
197 245
1275 2261
4010 1603
236 271
736 790
1662 2043
226 279
1592 1938
2715 1970
240 268
748 1001
2203 1995
256 292
1605 2168
2396 2833
342 235
821 909
1775 2401
249 304
1679 2492
2914 3083
266 294
729 1125
2097 2179
271 286
1802 2508
2893 3710
252 305
884 1019
1885 2395
255 309
1970 2306
298 308
804 1299
2601 2345
296 324
1795 2546
370 287
952 1136
2465 2785
317 334
2087 2415
305 363
1413 1221
2320 2929
346 339
2152 2556
318 374
1138 1737
2631 2817
331 373
2041 2813
328 385
1305 1632
2204 4115
287 498
2314 2723
384 392
1393 1808
2699 3426
357 419
2171 2873
450 357
1418 1797
2810 3629
380 430
2194 2944
378 482
1276 2101
3035 3374
430 449
2445 2725
382 540
1653 2046
3870 3284
398 523
2402 2775
432 501
1812 2295
4059 3338
434 500
3430 2540
403 563
2224 2081
3470 4179
529 456
2949 2889
422 583
2165 2256
3892 4224
448 541
2876 3355
455 535
2163 2601
477 510
2745 3645
519 496
3046 1969
540 513
2752 3666
459 626
1697 3322
478 589
3428 3069
466 656
1950 2934
560 556
3388 3523
488 662
2590 2354
487 690
3716 3833
585 590
2496 2476
526 680
4029 3477
546 664
3267 2071
556 659
3316 4143
536 703
2217 2880
564 671
3703 4076
505 778
2293 3056
567 729
3930 3893
627 654
2195 3399
683 595
4146 3830
648 648
2894 2727
509 814
551 784
2454 3819
717 588
615 707
2778 3251
600 766
646 706
3454 3004
592 796
566 886
2576 4109
558 957
580 968
3370 3269
634 866
669 813
3286 3532
805 717
632 913
3628 3449
601 999
703 820
3849 4027
699 838
599 1061
828 761
749 822
713 880
586 1175
869 762
887 756
719 933
784 877
800 868
754 942
981 741
637 1183
877 846
919 844
730 1132
871 930
791 1089
827 1017
832 1021
907 979
876 1005
799 1154
816 1152
864 1079
937 991
976 950
938 1002
882 1068
808 1191
933 1063
836 1171
945 1065
872 1143
922 1103
939 1095
914 1129
982 1117
1071 1025
927 1213
993 1157
835 1396
943 1253
1172 1091
875 1506
1165 1151
1061 1236
996 1333
946 1444
1207 1126
1286 1078
1107 1218
1182 1170
967 1485
1367 1080
1324 1102
954 1553
1151 1222
1030 1390
1139 1262
1121 1285
1063 1372
975 1570
1011 1482
1126 1302
1180 1239
1064 1437
1223 1229
926 1764
1116 1413
1032 1558
1158 1371
1243 1351
1447 1196
1118 1581
1164 1498
1225 1426
1432 1256
1185 1546
1161 1615
1218 1548
1169 1616
1346 1406
1278 1488
1469 1293
1271 1516
1357 1429
1310 1477
1171 1709
1249 1641
1326 1533
1219 1678
1266 1611
1350 1539
1348 1556
1322 1586
1341 1580
1179 1824
1388 1574
1462 1508
1329 1662
1256 1804
1313 1725
1457 1571
1361 1769
1430 1744
1311 1881
1410 1765
1426 1795
1231 2053
1352 1895
1463 1766
1446 1796
1459 1791
1471 1794
1726 1523
1333 1973
1561 1741
1629 1660
1461 1889
1630 1690
1495 1865
1577 1757
1525 1838
1621 1778
1579 1840
1591 1833
1369 2194
1265 2457
1554 1943
1564 1934
1665 1860
2268 1479
1572 1979
1520 2094
1338 2456
1515 2161
1616 1978
1570 2080
1737 1929
1569 2129
1613 2066
1405 2559
2249 1693
1634 2143
1683 2082
2439 1602
1815 2008
1717 2148
1897 2007
1696 2215
1904 2022
1945 2016
1777 2183
1979 2004
1996 1987
2061 1968
1983 2030
1722 2292
1860 2155
2018 2036
1971 2074
1929 2127
1980 2109
1698 2423
2060 2072
1952 2175
1583 2739
1814 2382
1999 2185
2090 2128
2480 1883
1705 2599
2024 2219
1908 2355
1988 2329
1909 2413
1928 2402
2096 2252
2329 2048
1953 2412
1933 2438
1938 2437
2028 2346
1875 2565
2331 2114
2393 2073
2234 2221
2349 2119
1972 2535
2266 2209
2284 2190
2397 2211
2138 2511
2073 2610
2242 2431
2083 2659
2339 2379
1920 2844
2156 2627
2536 2243
2457 2356
1865 3005
1752 3212
2080 2797
1693 3409
2101 2801
2274 2632
2354 2558
2655 2248
2302 2651
2600 2322
2471 2465
1993 2974
2389 2569
2460 2493
2286 2684
2399 2571
2193 2792
2344 2669
2654 2324
2191 2821
1998 3060
2380 2660
2308 2760
2577 2545
2528 2626
2970 2310
2926 2359
2490 2742
2115 3236
2512 2755
2296 2976
2781 2597
3224 2406
2464 2907
2290 3131
3019 2531
2236 3372
2196 3529
2963 2690
2279 3401
2436 3120
2632 2894
2319 3344
2282 3570
2459 3325
2557 3150
2559 3202
2294 3832
2562 3256
3095 2824
2479 3476
3573 2703
2099 4258
2855 3058
2985 2961
2738 3189
2749 3188
2853 3109
3481 2812
2565 3602
2529 3708
3082 3054
2951 3168
2731 3431
2995 3162
2336 4169
2839 3396
3154 3103
2815 3450
2754 3563
3800 2867
3238 3140
2792 3651
2847 3585
3564 3037
3146 3277
2540 4092
3414 3146
3325 3245
3561 3147
3901 2965
3060 3531
2910 3763
3025 3662
3157 3510
2935 3781
3336 3379
3190 3502
3119 3633
2919 3883
3108 3690
3991 3027
3418 3589
3169 3770
3525 3516
3962 3159
3747 3389
3982 3184
2982 4103
3658 3597
3559 3672
3680 3727
3344 3975
2572 4300
3572 3854
3240 4099
3797 3754
3312 4107
3720 3879
3798 3858
3417 4134
3960 3720
3754 4010
3714 4060
3571 4133
3869 3984
3891 3965
3878 3978
3779 4088
3710 4164
3106 4291
4044 4089
3894 4233
4115 4049
4104 4096
4019 4215
4061 4212
4127 4202
