16635677 148862797
1
sift 65
1717 2163
38 44
1664 1835
142 139
136 133
2168 2600
150 162
2051 1749
169 170
168 153
2262 2779
228 264
265 275
281 338
392 482
442 476
628 731
465 605
590 580
659 721
603 669
626 772
1203 936
760 723
776 743
1000 1442
834 918
876 1060
1228 1406
1235 1058
1388 1008
1526 1781
1253 1185
1245 1270
1449 1972
1466 1577
1665 1874
1684 1756
1998 1663
1827 2331
1791 2360
2000 2104
2097 2066
2273 1857
2160 1986
2129 2212
2349 2112
2061 2356
2442 2109
2150 2439
2036 2575
2208 2553
3052 1867
2267 2493
2235 3287
2527 2523
2192 3489
2597 2760
2485 2924
2497 3282
2902 3014
3194 3364
3025 2994
2877 3712
3369 3495
16635677 683079722
1
sift 811
18 20
42 77
4 4
33 33
38 37
17 16
181 208
182 162
27 27
37 44
65 67
26 29
179 255
306 517
39 28
49 56
70 80
34 55
193 238
480 584
41 61
86 120
176 171
44 53
328 401
540 727
45 60
99 119
203 265
48 66
353 458
641 687
67 68
105 133
357 274
56 86
436 398
683 689
62 83
137 170
311 415
74 98
506 509
1126 843
78 93
149 157
326 392
82 99
623 608
1163 993
75 127
239 261
366 406
85 110
643 657
1109 1056
88 116
317 385
351 459
94 118
648 675
1155 1086
103 121
284 421
397 454
93 130
692 669
999 1379
107 126
354 387
748 627
120 134
743 634
1355 1341
121 136
408 450
740 850
129 140
846 665
1299 1460
116 150
430 480
1199 1042
134 149
703 836
1156 1922
138 163
438 493
1050 1305
136 174
778 917
1114 2172
115 222
431 513
1188 1200
161 172
945 921
1563 1570
164 192
481 491
1570 1588
166 200
822 1199
1670 1587
148 221
413 601
1635 1596
170 191
933 1103
1477 1843
173 205
458 559
1696 1603
183 201
1104 978
1697 1761
192 206
568 681
1896 1626
156 259
1071 1151
1879 2045
210 209
597 661
1944 1645
215 228
1055 1164
1717 2411
208 240
593 702
1865 1844
224 226
1105 1123
2469 1711
212 247
604 742
1924 1988
190 289
1087 1137
2494 2480
220 246
616 778
1820 2104
236 232
1403 1013
2499 2545
230 248
723 664
2072 1872
257 235
1179 1202
2309 2801
252 257
652 809
1948 2050
209 310
1103 1314
2484 2957
249 271
721 784
2088 1946
247 312
1347 1079
3002 2683
266 307
754 733
2408 1819
267 323
1207 1218
2857 3164
286 311
808 707
2134 2325
288 316
1238 1194
3353 2903
270 341
629 959
2122 2340
269 346
1271 1275
3007 3328
289 331
755 799
2424 2151
280 338
1334 1436
3145 3276
325 335
766 794
2371 2337
290 371
3389 828
3147 3326
303 364
772 839
2749 2124
308 366
1310 1577
3272 3471
315 358
789 848
3125 1962
323 370
1424 1451
302 411
905 759
2315 2551
341 369
1161 2020
367 348
836 906
2372 2583
324 413
1283 1940
322 432
997 861
2448 2529
331 429
1806 1413
388 377
884 951
2458 2517
377 393
1692 1501
300 478
708 1285
2527 2647
455 333
1499 1654
355 443
936 975
2367 2881
282 540
1824 1516
370 436
1003 932
2618 2632
278 573
1309 2178
384 435
972 960
2094 3363
542 350
1761 1599
334 526
924 1083
2253 3091
432 440
1549 1875
494 399
1148 1117
2485 2828
406 471
1590 1925
394 487
1393 1014
2698 2658
536 394
1652 1907
425 466
1197 1298
2535 2831
477 442
2010 1604
407 522
1302 1278
3268 2454
450 484
1776 1967
548 430
1058 1560
2373 3325
470 470
2059 1726
423 520
1267 1330
3148 2614
389 574
1643 2184
424 539
1338 1276
2333 3467
426 537
2083 2004
451 503
1284 1431
2493 3321
463 498
2125 1985
441 518
1259 1506
2437 3411
428 553
2140 1963
512 474
1498 1326
2654 3289
475 505
2119 2259
476 506
1357 1519
2685 3263
472 512
2095 2305
483 528
1240 1695
2972 3125
468 560
2159 2291
529 502
1381 1557
3414 2662
487 568
2264 2364
614 467
1386 1595
3418 2858
486 577
2625 2424
449 625
1489 1558
3166 3377
446 654
2676 2438
485 622
1576 1507
478 639
2610 2735
559 567
1575 1567
493 636
3119 2413
530 611
1564 1671
639 544
2847 2877
551 621
1418 1897
537 652
3133 2790
500 704
1497 1774
564 667
2515 3387
554 691
1860 1512
688 594
3317 2732
646 629
1562 1750
545 781
2772 3284
464 969
1817 1705
612 695
3329 2970
628 713
1611 2029
555 849
3101 3217
608 752
2049 1632
712 660
685 690
1777 1943
687 705
660 738
1492 2323
682 720
606 865
1825 1954
581 900
665 814
1769 2183
711 773
611 920
1963 2006
670 844
713 788
2023 1965
635 901
881 646
1796 2261
725 798
730 818
2029 2119
842 706
699 878
1713 2511
637 966
745 871
2063 2219
764 873
739 896
2530 1847
801 858
858 797
2062 2249
678 1032
833 853
2131 2224
824 887
786 928
2060 2304
722 1020
838 890
1603 3084
844 899
781 976
2345 2190
819 938
829 941
2375 2203
759 1057
704 1152
2549 2314
995 830
869 922
2404 2534
827 1019
960 904
2363 2648
864 984
771 1148
2364 2720
1022 886
897 968
2480 2762
923 967
859 1060
2802 2598
891 1016
927 983
2422 3078
985 949
988 954
2868 2698
970 994
795 1299
3154 2547
856 1180
956 1082
2473 3181
1007 1029
830 1304
2830 3225
879 1197
1021 1034
3079 3024
962 1100
914 1215
3014 3096
797 1492
1263 953
3344 2867
1001 1176
1153 1038
3402 3333
1063 1125
1198 1028
3368 3559
971 1317
911 1394
1089 1183
1057 1238
1165 1124
1048 1273
1169 1134
1079 1247
1172 1141
1128 1187
1218 1135
1127 1227
1122 1277
1125 1274
1244 1179
948 1573
1132 1320
1133 1321
1152 1333
1209 1268
1195 1309
1253 1261
1222 1300
1410 1122
1369 1161
1264 1262
1171 1433
1230 1373
1136 1494
1292 1331
1398 1226
1324 1324
1181 1493
1434 1243
1078 1656
1365 1319
1280 1398
1285 1402
1228 1482
1131 1631
1469 1257
1305 1417
1226 1524
1251 1520
1335 1422
1237 1550
1331 1461
1801 1136
1413 1384
1415 1388
1145 1752
1628 1241
1266 1578
1313 1538
1844 1160
1405 1449
1301 1566
1422 1443
1249 1691
1522 1367
1447 1437
1312 1661
1032 2250
1255 1770
1440 1529
1254 1807
1476 1508
1411 1590
1404 1616
1438 1584
1468 1547
1883 1310
1472 1555
1679 1407
1315 1850
1482 1606
1540 1552
1380 1846
1579 1563
1442 1749
1862 1432
1526 1675
1535 1670
1448 1800
1225 2242
1581 1641
1677 1580
1487 1757
1387 1945
959 3281
1783 1536
1556 1693
1887 1488
1613 1677
1699 1610
1513 1803
1631 1698
1662 1678
1627 1736
1566 1793
1687 1681
1542 1853
1577 1813
1565 1832
1511 1891
1524 1889
1726 1714
1832 1623
1475 2011
1855 1619
1695 1753
1640 1834
1750 1746
1808 1710
1829 1721
1645 1883
1346 2362
1764 1779
1771 1817
1455 2186
1361 2397
1733 1884
1621 2003
1488 2189
1795 1865
1725 1942
1856 1848
1917 1798
1778 1934
1737 1977
1867 1864
2085 1688
1874 1893
1839 1936
2039 1735
1794 2000
1995 1805
1831 1986
1845 1970
1754 2089
2013 1840
1729 2140
2732 1444
1813 2068
1854 2028
1953 1914
1991 1882
1912 1975
1901 1989
1954 1952
1951 2009
1500 2520
1683 2312
1739 2260
2025 1931
1903 2091
1983 2018
2202 1827
1905 2105
1800 2229
2020 1983
1925 2099
1852 2207
1957 2069
1988 2046
1891 2171
1649 2432
1902 2199
1503 2707
1841 2287
1849 2281
1927 2188
1931 2210
1464 2905
1932 2234
1914 2268
2157 2014
1650 2595
1857 2370
2659 1694
2777 1658
2102 2116
2096 2149
1970 2298
1882 2395
2007 2237
2120 2139
2018 2262
2141 2152
2008 2280
2107 2205
1758 2649
2090 2231
2351 2005
2045 2288
2313 2027
2079 2251
2115 2239
2311 2072
1942 2458
2209 2181
1722 2804
1949 2473
2359 2058
2076 2358
1614 3137
2173 2329
1996 2532
2184 2332
2143 2375
1933 2679
2101 2443
1885 2823
2944 1894
2084 2525
2299 2324
2146 2476
2188 2421
2144 2479
2975 1903
2227 2393
2179 2459
2416 2263
2316 2344
2160 2527
2742 2062
2365 2338
1878 3026
2746 2093
2009 2783
2251 2474
1807 3301
2225 2586
2252 2552
1843 3317
2573 2302
2288 2548
2137 2756
2302 2549
2257 2608
2452 2402
2011 2989
2001 3032
2552 2356
2784 2269
2027 3065
2196 2795
2081 2978
2279 2715
2517 2460
2413 2588
2551 2456
2503 2492
2195 2912
2189 2918
2713 2384
2472 2582
2400 2660
2545 2515
2389 2674
2292 2806
2937 2313
2353 2772
3194 2243
2111 3267
2294 2968
2546 2673
2369 2873
2532 2682
2212 3148
3063 2351
2599 2645
2903 2427
2528 2748
2509 2771
2748 2591
2356 3017
2518 2820
2582 2764
2453 2917
2539 2835
2050 3540
2177 3402
2544 2865
2679 2733
2523 2884
2508 2904
2656 2758
2745 2714
2709 2746
2464 2994
3157 2502
2414 3140
3052 2590
3230 2475
2592 2990
2524 3081
2720 2935
3110 2651
3410 2392
2665 3059
3165 2672
2584 3150
2782 2974
3040 2769
2603 3143
2930 2868
2513 3308
2848 2993
3347 2596
2841 3015
2996 2878
2787 3109
2882 3044
2909 3030
2735 3192
3204 2796
3149 2846
2911 3074
3192 2861
2846 3195
2886 3170
2602 3436
2824 3257
2751 3343
2997 3121
2851 3316
3096 3092
2934 3269
3071 3173
3141 3111
3222 3057
2962 3306
3246 3071
3336 2972
3247 3090
3016 3312
3056 3296
3356 3033
3321 3106
3030 3383
2947 3458
3027 3537
3343 3320
3080 3555
3358 3424
3384 3444
3454 3509
3407 3587
16635677 736661850
1
sift 876
22 20
8 5
6 8
29 29
24 19
10 7
31 27
42 48
17 16
54 67
50 57
27 30
110 93
123 121
34 32
117 105
182 155
38 34
126 118
196 173
37 43
261 289
311 280
44 41
181 166
306 315
43 45
283 282
289 331
45 55
179 201
372 370
49 63
353 413
418 358
62 69
328 259
402 453
64 73
436 458
541 589
68 80
320 509
515 382
70 79
506 487
534 719
75 96
396 610
480 484
78 92
538 485
698 594
85 90
598 542
641 585
94 101
632 607
647 705
93 115
648 564
951 867
107 97
671 634
693 911
124 98
643 676
1126 885
104 126
707 623
996 766
106 129
692 671
1109 1066
96 137
663 729
1205 841
131 109
703 680
1206 1312
134 106
743 683
1187 1164
120 136
778 733
1114 1469
129 131
818 792
1337 1256
136 128
811 816
1638 1076
151 120
1029 644
1156 1521
142 149
886 877
1419 1360
148 152
944 845
1428 1414
150 160
933 896
1317 1540
149 161
981 860
1533 1333
161 167
1073 797
1477 1497
165 168
913 938
1444 1544
176 165
912 976
1539 1534
166 178
991 946
1812 1399
172 171
1019 982
1570 1541
169 174
1041 987
1155 2346
168 191
1087 973
1534 1685
173 189
1104 1067
1563 1688
191 184
1055 1096
1553 1741
202 179
1033 1155
1716 1561
215 177
1071 1187
2243 1422
205 192
1179 1111
1663 1857
207 198
1103 1201
1697 1914
184 240
1196 1122
1937 1744
211 224
1161 1184
1879 2111
231 209
1309 1072
2019 1828
223 223
1275 1100
1896 2215
220 251
1194 1193
1905 2052
192 323
1207 1287
2110 2000
252 220
1329 1303
1915 2072
228 255
1271 1282
2214 1963
221 291
1238 1406
2362 1686
249 241
1327 1325
2178 2130
239 261
1334 1351
2051 2345
254 248
1310 1474
2167 2224
276 246
1364 1446
2075 2332
269 275
1591 1395
2254 2158
263 311
1363 1746
1990 2531
222 391
1520 1458
2411 2095
286 296
1551 1502
2451 2221
337 258
1451 1649
2860 2001
280 316
1651 1473
2641 2151
295 324
1595 1526
2309 2464
290 333
1609 1530
2087 2844
334 320
1806 1444
2630 2216
323 334
1770 1583
2878 2226
315 348
1761 1611
2476 2384
326 350
1652 1701
2685 2360
351 328
1549 1834
2484 2592
332 356
1499 1919
2893 2257
300 384
1873 1679
2789 2353
358 353
2059 1515
2447 2697
354 359
2032 1550
2631 2969
361 360
1803 1818
3266 2529
356 373
1776 1833
2759 3063
486 300
1528 2195
2924 3060
391 342
2078 1590
3175 2823
369 371
2140 1569
3151 2849
366 375
1821 1943
2965 3054
374 383
1936 1796
3064 3029
284 491
2125 1653
3002 3088
384 390
1818 2047
3075 3105
296 503
1643 2173
3167 2949
386 397
1999 1873
2741 3453
528 339
2010 1882
3200 3044
467 372
2103 1920
3401 2661
394 414
2095 1842
3131 3148
392 418
2154 1972
3094 3236
419 409
2083 2075
3185 3141
561 345
2420 1838
3216 3215
408 433
2119 2134
3276 3059
487 389
2213 2104
431 411
1848 2571
3272 3542
346 519
1889 2713
375 477
2159 2181
407 447
2585 1964
455 422
1793 3108
442 436
2282 2243
423 461
2449 2146
468 420
2181 2403
481 421
2463 2249
450 457
2174 2640
476 428
2275 2458
536 403
2604 2294
470 443
2533 2440
475 445
2436 2906
428 493
2397 2629
491 450
2754 2573
472 459
2610 2530
465 469
2765 2686
485 462
3329 2282
492 478
2505 3051
435 541
2538 3045
458 529
3375 2334
432 647
2515 3339
473 599
3231 2706
493 582
2791 3206
571 510
3068 2985
545 533
2625 3507
614 488
3205 2957
564 521
2772 3447
537 551
3126 3133
590 524
3317 2917
554 570
3159 3217
581 546
2969 3412
568 557
2904 3469
591 562
3248 3531
597 568
3370 3496
566 592
585 597
512 711
646 575
606 611
603 616
589 627
551 706
644 598
616 621
628 617
690 578
659 604
626 639
704 609
670 641
530 884
612 721
798 565
548 857
748 603
622 738
721 636
624 793
725 669
521 1059
724 693
760 651
776 643
733 691
755 675
772 656
740 728
730 760
840 650
685 849
832 667
802 703
757 755
770 745
719 807
786 744
751 828
787 788
824 761
789 844
783 865
1011 678
881 776
797 868
827 835
962 720
803 876
819 861
686 1106
834 854
781 928
942 771
884 819
909 794
887 838
1014 765
825 948
856 908
876 888
838 944
845 950
841 960
904 889
997 805
869 939
873 942
893 930
858 990
1141 774
837 1036
972 891
946 912
1003 863
1225 736
1512 629
1001 910
1007 915
971 964
1083 893
1158 843
914 1040
970 1018
1224 836
1004 998
916 1165
1235 897
1089 1005
1277 879
948 1211
1048 1098
879 1359
1091 1103
1145 1044
1203 1006
1080 1139
1079 1153
989 1277
1198 1052
1148 1109
1153 1112
871 1472
1077 1199
1122 1170
1133 1162
1152 1148
1054 1270
1221 1104
1230 1091
985 1363
1195 1131
1093 1259
1078 1278
1209 1140
1127 1223
1118 1250
1058 1344
1190 1213
1125 1290
1180 1243
1188 1236
1358 1094
1228 1219
1226 1228
1297 1174
1253 1215
1244 1237
1237 1241
1305 1185
1302 1198
1280 1224
1245 1279
1115 1434
1259 1284
1264 1285
1136 1423
1287 1276
1178 1383
1434 1146
1258 1322
1267 1314
1601 1060
1320 1281
1607 1058
1381 1251
1324 1337
1341 1307
1375 1291
1338 1326
1256 1417
1388 1292
1401 1288
1380 1317
1357 1348
1266 1443
1405 1329
1331 1407
1301 1441
1399 1390
1404 1392
1683 1200
1121 1862
1476 1374
1430 1418
1249 1684
1410 1457
1466 1403
1486 1402
1472 1416
1968 1156
1423 1493
1060 2253
1368 1619
1240 1845
1386 1626
1448 1520
1384 1654
1426 1597
1456 1527
1469 1535
1481 1539
1516 1488
1500 1503
1635 1430
1455 1632
1676 1450
1447 1681
1535 1558
1361 1865
1542 1576
1540 1598
1560 1570
1677 1479
1459 1704
1556 1585
1564 1602
1492 1690
1993 1338
1579 1601
1506 1666
1612 1573
2093 1296
1627 1589
1632 1582
1860 1437
1583 1644
1393 1967
1613 1633
1565 1682
1497 1770
1665 1620
1780 1517
1640 1636
1800 1511
1817 1501
1695 1596
1633 1652
1526 1760
1581 1711
1530 1793
1740 1614
1488 1900
1600 1736
1636 1715
1827 1555
1524 1859
1586 1794
1739 1683
1696 1725
1845 1646
1833 1659
2816 1208
1779 1727
1805 1699
1991 1525
2049 1487
1764 1766
1825 1735
1808 1755
2008 1557
1769 1840
1737 1895
1836 1769
1714 1918
1838 1786
1747 1901
1774 1870
1852 1789
1796 1924
1617 2110
1685 2031
1820 1916
1911 1811
1830 1954
1854 1939
1899 1899
1931 1850
1791 2010
2132 1660
1708 2154
1982 1843
1610 2242
2530 1453
1913 1938
1713 2184
1963 1925
1865 2034
1783 2144
1998 1904
1628 2302
2029 1903
2123 1807
2000 1948
1970 1982
1887 2100
1885 2105
2084 1887
1698 2305
1976 2033
2188 1802
1924 2101
1917 2109
1954 2070
1960 2062
2063 1957
1866 2178
2196 1839
2036 2007
2025 2064
2304 1792
2085 2013
2062 2041
2060 2049
2253 1883
2020 2107
2383 1757
1649 2626
2288 1874
2012 2142
1892 2277
2068 2091
2131 2040
1807 2420
1983 2201
2361 1837
2120 2085
2138 2059
2115 2096
1989 2219
2106 2127
2129 2122
2134 2117
2372 1897
2102 2137
2072 2171
2251 1999
2235 2039
2160 2150
2286 2022
2219 2092
2208 2112
2387 1950
2317 2058
2009 2365
1995 2394
2184 2199
2458 1966
2239 2167
1992 2431
1949 2516
2315 2115
1942 2598
2197 2240
1986 2511
2204 2256
2294 2182
2192 2359
3049 1782
2273 2255
2313 2231
2539 2061
2549 2066
2252 2288
2143 2452
2146 2483
2369 2233
2038 2695
2365 2273
1760 3421
2221 2427
2164 2532
2386 2259
3293 1776
2257 2428
2363 2329
2113 2728
2097 2753
2350 2386
2367 2366
2442 2310
2437 2312
3270 1891
2326 2465
2382 2406
2701 2192
2225 2699
3006 2057
2455 2389
3079 2038
2306 2650
2298 2669
2814 2205
2311 2642
2569 2372
2464 2456
2267 2757
2402 2546
2532 2414
2145 3023
2259 2805
2475 2498
2473 2518
2573 2433
3110 2163
2453 2616
2599 2444
2671 2402
2472 2604
2742 2374
2466 2633
2916 2270
2720 2392
3194 2174
2528 2646
2376 2855
2412 2809
2709 2478
2746 2453
2802 2425
2656 2553
2516 2752
3032 2327
3027 2333
2518 2765
3313 2190
2695 2600
2481 2828
2329 3125
2694 2617
2804 2519
2729 2623
2360 3143
2459 2937
2824 2556
2751 2635
2513 2890
2526 2872
2422 3091
2962 2477
2728 2702
2493 2961
2667 2758
2975 2499
2665 2794
2841 2679
2679 2841
2444 3224
2683 2859
2668 2916
2398 3375
2843 2761
2414 3354
2345 3442
3154 2510
3097 2582
2948 2716
2592 3121
2771 2909
2563 3185
2497 3289
2902 2769
2736 2946
2748 2963
2930 2778
2844 2881
2780 2993
3344 2469
2776 3035
2960 2835
2888 2934
2595 3362
3052 2802
2892 2966
3227 2670
2909 2983
3096 2825
2544 3459
2886 3077
2877 3099
3014 2935
2963 3042
3203 2803
3144 2877
2423 3571
2991 3058
3020 3049
3040 3037
3003 3084
3043 3066
2999 3132
2997 3181
2680 3480
3268 2871
2954 3294
2609 3547
2940 3329
3078 3170
3347 2843
3029 3275
3061 3291
3067 3331
3162 3259
3047 3394
3407 2837
3233 3257
3246 3253
3247 3278
2749 3577
3312 3242
3184 3479
3377 3276
3302 3417
3176 3502
3402 3228
3354 3405
3277 3464
3350 3418
3262 3484
3326 3495
3189 3570
2938 3600
3301 3562
3369 3566
3425 3533
3454 3460
3446 3540
16635677 748678880
1
sift 104
1327 1229
177 182
38 51
136 135
1595 1437
951 1108
142 145
150 161
1609 1573
1419 1454
169 165
211 239
1936 1836
1563 1585
244 298
281 352
1999 1943
1937 1955
327 365
392 469
2533 1988
2411 1644
470 423
394 526
2275 3098
2110 2155
442 489
465 663
2484 1931
614 571
603 699
2075 2367
644 720
626 776
2309 2229
760 733
776 859
2167 2453
834 891
876 984
2262 2401
1203 916
1235 977
2476 2333
1001 1265
1080 1199
2879 2814
1195 1076
1253 1093
2759 2959
1289 1176
1256 1219
2797 3383
1388 1117
1405 1214
3151 3121
1245 1432
1587 1324
3185 3272
1516 1418
1466 1488
1740 1430
1456 1655
1524 1620
1448 1904
1663 1663
1716 1673
1541 1834
1665 1724
1838 1666
1998 1602
1786 1815
1737 1927
1986 1711
2084 1656
1791 1952
2061 1868
2196 1781
2000 1977
2129 2024
2188 1973
2267 1919
2386 1852
2539 1754
2273 2027
2235 2086
2097 2252
2442 2005
1905 2674
3052 1841
2107 2487
2440 2199
3097 1937
2527 2301
2497 2346
2902 2127
2597 2826
3020 2656
3025 2675
2877 3122
2909 3408
3302 3076
3369 3474
3308 3557
16635677 756063153
1
sift 1407
29 29
8 6
0 0
33 31
15 12
3 1
52 57
42 45
4 2
37 33
38 36
13 9
63 59
95 113
17 13
60 65
49 47
20 16
110 120
123 124
24 19
104 108
177 191
26 24
126 136
182 193
25 26
99 118
202 218
27 25
181 187
238 244
34 34
179 210
235 263
41 41
216 216
306 301
43 43
291 307
297 330
44 44
320 302
294 366
45 51
317 337
416 267
47 56
328 365
427 290
58 64
335 303
312 438
67 62
353 413
373 479
56 73
431 468
402 462
70 60
396 528
444 540
62 76
436 475
397 515
74 85
517 448
480 547
77 82
430 493
490 564
75 94
506 544
534 597
96 77
458 492
549 598
85 93
623 563
540 614
86 100
481 480
582 733
89 97
627 640
641 692
92 101
568 631
654 751
101 98
643 644
683 746
94 110
597 645
698 728
103 106
689 654
664 788
93 122
604 670
740 743
88 132
580 790
898 710
107 117
616 664
906 1130
119 116
648 707
1024 1021
106 131
652 676
1155 1050
120 128
632 772
1126 1097
131 135
692 703
999 1340
102 155
663 757
1114 1234
115 150
743 681
1229 1175
129 138
846 612
1168 1255
128 140
675 812
1188 1221
125 141
773 709
1223 1212
136 152
766 719
1199 1229
134 156
703 821
1109 1421
137 154
723 783
1393 1213
138 158
750 831
1156 1476
163 143
755 774
1299 1392
142 167
778 819
1419 1331
150 169
721 847
1446 1581
148 179
818 867
1939 1346
159 172
757 833
1580 1539
161 176
820 866
1563 1559
157 184
811 886
1477 1646
168 174
822 919
1570 1673
166 185
912 924
1553 1715
164 192
968 918
1717 1874
170 186
835 1041
1696 1750
169 197
913 1022
1969 1665
173 190
997 943
1635 1851
156 208
933 1015
1670 1996
176 188
924 1012
1776 1861
158 206
981 1026
1697 2035
171 201
944 1067
1777 1897
178 199
1019 1091
1896 1821
183 204
1029 1115
1559 2216
205 198
1055 1111
1879 1924
197 212
1071 1140
2175 1761
200 215
1104 1134
2203 1843
207 221
1115 1128
2236 1804
203 226
1162 1079
1937 2185
212 224
1046 1198
2110 2108
208 237
1106 1193
2438 1892
220 225
1148 1151
2134 2180
209 243
1105 1196
2352 2053
224 230
1238 1087
2407 2093
223 245
1040 1297
2168 2336
236 236
1103 1225
2171 2298
215 255
1087 1269
2075 2544
230 246
1179 1199
2624 2113
239 248
1146 1311
2262 2460
257 231
1403 1139
2309 2441
233 262
1271 1323
2305 2515
244 254
1246 1375
2371 2377
252 252
1161 1505
2469 2387
213 342
1338 1315
2382 2495
263 264
1347 1337
2411 2576
247 285
1433 1279
2447 2633
276 253
1309 1408
2753 2424
285 261
1197 1555
2448 2681
266 275
1363 1451
2494 2721
251 296
1334 1509
3124 2264
279 271
1424 1422
2630 2585
255 300
1310 1570
2499 2745
277 274
1329 1605
2484 2780
269 313
1406 1542
2289 3141
267 331
1537 1494
2763 2786
307 287
1418 1593
2857 2736
270 351
1724 1414
2660 2954
298 294
1454 1632
2789 2942
286 308
1507 1574
2759 3043
280 317
1700 1461
2405 3357
290 319
1691 1471
3007 2833
303 322
1499 1617
3002 2874
309 329
1693 1529
2878 3004
325 321
1520 1666
2894 3038
338 298
1651 1599
2896 3176
330 314
1643 1636
2986 3127
322 335
1551 1760
2631 3365
315 356
1634 1684
2939 3194
332 320
1652 1725
3075 3084
321 350
1734 1696
3145 3034
302 379
1824 1637
3147 3142
308 368
1603 1860
3272 3112
337 315
2042 1503
3200 3192
333 325
1769 1790
3167 3233
311 378
1793 1807
324 360
1590 2069
3418 2885
323 361
1761 1884
318 381
1703 1962
3144 3335
326 373
1848 1833
331 372
1918 1858
3208 3349
282 421
1806 2019
382 304
2086 1848
3414 3382
357 345
2002 2004
336 384
2049 1880
367 362
1898 2158
377 355
1963 2027
347 395
1889 2187
368 383
2083 2036
354 402
1985 2201
334 422
2181 2083
355 407
2059 2192
366 403
2159 2126
289 496
2213 2087
388 387
2063 2202
352 418
2154 2173
370 416
2080 2276
405 400
2010 2389
385 412
2014 2379
341 460
2119 2332
375 434
1921 2743
384 426
2246 2398
379 451
2403 2419
394 440
2336 2504
542 358
2138 2852
408 444
2676 2308
432 429
2436 2487
577 336
2795 2301
407 454
2596 2412
398 466
2642 2450
435 433
2480 2566
424 452
2397 2816
389 491
2616 2553
423 465
2515 2667
438 447
2610 2749
428 456
2625 2728
450 449
2604 2815
413 514
2727 2775
461 455
2661 2877
521 427
2798 2787
426 507
2790 2817
441 485
2992 2690
442 486
2772 2879
494 445
2847 2895
451 489
2730 3018
455 482
3130 2682
419 531
2920 2870
437 502
3012 2805
429 517
2982 2821
472 472
2611 3202
477 478
2791 3049
457 506
3038 2980
465 501
2969 3102
512 457
3119 3036
463 508
2830 3255
476 505
3159 3158
615 417
2617 3375
456 529
3126 3277
421 581
3014 3190
478 512
3095 3309
475 516
3371 3108
483 520
3329 3224
496 510
3327 3244
470 530
3317 3284
488 519
3239 3372
548 470
3433 3128
449 569
467 548
489 526
485 556
505 541
491 555
513 537
536 521
529 532
464 617
545 559
526 579
486 632
537 583
493 623
543 590
584 568
474 704
562 592
498 672
589 573
662 523
550 602
559 605
539 639
564 610
530 659
487 735
554 633
556 629
591 595
575 608
614 588
587 599
519 695
639 578
503 750
581 634
578 636
595 618
602 648
599 649
612 656
646 628
606 668
594 687
572 720
608 679
546 787
674 621
593 721
694 601
650 662
624 697
628 690
622 714
665 685
682 667
802 584
653 702
555 870
685 675
637 736
635 745
660 713
679 701
670 726
645 762
762 647
942 554
691 722
649 784
747 674
804 638
657 793
779 661
700 732
687 795
686 806
760 711
737 744
748 737
724 758
725 760
719 768
776 715
732 759
677 858
713 803
754 753
722 797
697 824
711 820
699 832
768 755
704 829
733 796
712 828
678 889
777 756
730 816
771 771
881 666
739 817
751 808
781 773
745 826
764 809
772 811
709 921
759 865
815 823
786 857
787 855
780 874
807 851
824 839
830 845
858 804
796 879
855 814
801 883
803 888
785 915
795 908
797 909
829 875
850 860
819 900
791 930
810 916
756 974
935 782
831 892
877 848
952 798
833 914
827 932
838 917
702 1121
887 877
852 920
868 898
826 951
789 988
823 965
837 955
867 927
872 934
1005 837
844 986
799 1072
869 969
792 1129
931 942
894 966
1125 822
871 995
897 968
890 990
734 1293
874 1006
1081 873
893 1008
899 1000
995 935
800 1192
905 1005
962 977
956 992
910 1029
936 1019
916 1040
1013 964
985 985
914 1074
970 1027
982 1009
920 1075
972 1024
948 1058
922 1089
923 1109
793 1363
946 1110
1003 1047
798 1394
1022 1046
1007 1064
1011 1061
971 1124
990 1104
1052 1057
1004 1116
1021 1101
994 1146
1158 993
984 1177
1045 1107
996 1159
904 1300
1150 1032
1118 1078
1063 1148
1031 1189
1048 1181
1028 1195
1054 1179
1025 1214
1079 1169
1080 1176
1090 1164
959 1350
1001 1274
1116 1161
1145 1131
1083 1216
1050 1250
1078 1237
1111 1208
1058 1277
1170 1156
1042 1321
1127 1210
1193 1158
1095 1267
1129 1240
1077 1310
1140 1226
1198 1170
1159 1217
1202 1172
1143 1232
1122 1259
1164 1219
1133 1257
1244 1157
1153 1248
1089 1338
1349 1080
1220 1197
1166 1252
1253 1184
1203 1228
1132 1325
1117 1344
1172 1266
1152 1314
1169 1288
1321 1167
1195 1295
977 1591
1209 1303
1136 1393
1264 1251
1037 1525
896 1826
1226 1312
1254 1282
1258 1291
1276 1273
1171 1389
1263 1292
1311 1254
1285 1299
1228 1359
1180 1404
1277 1317
1239 1355
1230 1360
1032 1603
1267 1335
1280 1332
1278 1333
1249 1369
1237 1383
1222 1402
1259 1367
1297 1347
1371 1271
1266 1390
1404 1272
1313 1366
1302 1370
1284 1397
1070 1677
1251 1450
1398 1318
1335 1378
1269 1442
1785 1081
1288 1433
1301 1413
1318 1436
1201 1569
1365 1391
1324 1446
1234 1536
1348 1412
1255 1534
1332 1460
1124 1739
1389 1407
1497 1309
1257 1558
1292 1523
1376 1439
1357 1465
1427 1396
1386 1452
1378 1464
1298 1553
1354 1483
1422 1423
1413 1443
1517 1349
1176 1759
1429 1466
1405 1490
1522 1377
1447 1445
1333 1582
1360 1547
1437 1474
1320 1606
1315 1614
1434 1484
1411 1517
1358 1573
1568 1373
1498 1420
1438 1489
1415 1522
1346 1596
1487 1453
1205 1862
1306 1655
1532 1415
1468 1482
1430 1531
1387 1587
1177 1953
1464 1506
1426 1557
1440 1538
1442 1550
1482 1514
1380 1643
1432 1585
1922 1281
1478 1543
1628 1435
1525 1507
1585 1472
1540 1515
1469 1592
1579 1504
1225 2072
1476 1607
1509 1578
1472 1619
1526 1568
1375 1809
1555 1556
1304 1956
1564 1552
1213 2153
1511 1600
1485 1642
1626 1535
1513 1601
1554 1583
1455 1676
1510 1615
1486 1651
1368 1881
1607 1564
1518 1634
1352 1935
1412 1838
1602 1579
1488 1669
1489 1668
1850 1447
1448 1746
1844 1455
1556 1618
1581 1608
1535 1659
1524 1670
1565 1650
1611 1631
1416 1931
1481 1798
1573 1662
1657 1610
1583 1657
1566 1678
1475 1841
1542 1731
1560 1711
1384 2055
1533 1752
1613 1685
1636 1693
1574 1763
1662 1674
1756 1613
1632 1713
1640 1709
1589 1778
1235 2413
1726 1658
1679 1707
1627 1766
1801 1625
1645 1768
1687 1726
1701 1727
1722 1717
1707 1738
1639 1817
1747 1705
1775 1680
1750 1700
1874 1604
1892 1597
1680 1787
1718 1755
1737 1742
1794 1681
1716 1767
1883 1623
1695 1806
1887 1630
1676 1839
1771 1735
1345 2346
1616 1936
1759 1808
1767 1812
1832 1732
1764 1816
1795 1775
1733 1866
1459 2193
2233 1481
1836 1769
1684 1927
1784 1840
1631 1999
1683 1943
1901 1710
1829 1814
1659 1994
1500 2147
1714 1944
1815 1855
1805 1873
1741 1938
1867 1813
1807 1891
1788 1921
1739 1982
1808 1908
1944 1740
1817 1904
1800 1932
1849 1903
1758 1991
1917 1818
1838 1919
1830 1922
1909 1827
1649 2105
1953 1784
1855 1907
1862 1905
1655 2107
1960 1786
2056 1682
1825 1975
1754 2031
1941 1844
1685 2110
1797 2010
1742 2071
1854 1973
1865 1958
1927 1895
1859 1984
1820 2025
1845 2013
2158 1679
1919 1934
1983 1886
1719 2164
1924 1966
1933 1957
1856 2049
1835 2088
1882 2042
1931 1987
1852 2086
1912 2016
2019 1888
2072 1842
1986 1945
1957 1992
1949 1997
2050 1879
2147 1792
1893 2059
1899 2051
1857 2112
1932 2032
1713 2241
1905 2068
2155 1810
1995 1967
2022 1937
1861 2131
2039 1926
1699 2275
1929 2064
2145 1854
1955 2043
1860 2145
1735 2265
2011 1993
1925 2098
1647 2370
1951 2081
1853 2184
2007 2017
1954 2082
1923 2123
1992 2066
2113 1946
1546 2565
2037 2023
1914 2146
1991 2077
2219 1859
1885 2191
1907 2157
1989 2095
1671 2423
2020 2075
1994 2101
1948 2163
1952 2159
2028 2089
1970 2160
2018 2124
2441 1736
1601 2615
2031 2119
2300 1889
1831 2367
1903 2288
2029 2161
2025 2166
1902 2304
2122 2102
2270 1959
2102 2127
2060 2162
2115 2130
1996 2230
2048 2190
2045 2213
2097 2155
2008 2238
2106 2178
2085 2196
2009 2261
2076 2210
2137 2167
2117 2203
2061 2244
2120 2205
1875 2474
2089 2245
2311 2084
1782 2696
2143 2226
2192 2186
2196 2211
2672 1864
2079 2300
2313 2121
2064 2331
2255 2175
2164 2272
2150 2286
2131 2328
2163 2295
2038 2407
2472 2045
2193 2274
2252 2219
2315 2177
2179 2299
2220 2257
2227 2254
2096 2381
2084 2401
2209 2302
2146 2365
2184 2343
2062 2470
2187 2352
2116 2422
2205 2340
2144 2392
2251 2285
2467 2135
2111 2458
2068 2516
2567 2094
2777 1995
2831 1977
2202 2390
2177 2427
2160 2464
2365 2259
2257 2355
2221 2383
2424 2225
2054 2617
2286 2339
2087 2574
2489 2198
2225 2409
2316 2333
2094 2577
2520 2188
2375 2283
2101 2591
2345 2347
2498 2239
2288 2411
2073 2709
2367 2359
2273 2449
2387 2345
2514 2255
2359 2371
2312 2425
2302 2443
2189 2605
2279 2478
2334 2429
2577 2252
2303 2481
2326 2467
2211 2636
2353 2452
2195 2694
2319 2508
2350 2494
2749 2224
2268 2592
2372 2468
2400 2439
2363 2497
2414 2440
3422 1850
2292 2614
2285 2624
2412 2475
2357 2539
2659 2309
2466 2432
2332 2603
2297 2657
2182 2835
2547 2385
2416 2514
2784 2277
2356 2613
2259 2760
2446 2521
2458 2502
1964 3293
2402 2562
2422 2552
2688 2353
2253 2813
3194 2137
2503 2501
3120 2170
2527 2485
2530 2492
2325 2750
2186 2988
2333 2744
2389 2668
2338 2767
1886 3399
2136 3119
2090 3184
2518 2534
2369 2723
2523 2545
2549 2533
2294 2865
2943 2307
2188 3075
2732 2414
2552 2560
2455 2687
2506 2622
2509 2628
2937 2335
2452 2705
2544 2601
2481 2671
2329 2876
2413 2773
2579 2584
2528 2650
2532 2645
2627 2550
2618 2564
2306 2978
2386 2842
2599 2602
2709 2519
2713 2513
2698 2525
2679 2543
2437 2807
2575 2655
2853 2442
2263 3085
2572 2672
2370 2923
2542 2710
2669 2599
2524 2740
2483 2797
2485 2800
2742 2558
2364 2997
2580 2711
2685 2619
2493 2822
2612 2704
2380 2989
2600 2719
2535 2799
2475 2881
2592 2753
2508 2845
2975 2462
2513 2862
2960 2486
2832 2582
2597 2783
2598 2788
2507 2901
2488 2937
2541 2894
2893 2570
2283 3256
2948 2547
3063 2489
2551 2924
2707 2777
2571 2918
2591 2888
2464 3058
2752 2764
2834 2695
2748 2776
2398 3198
2746 2792
2776 2784
2807 2771
2654 2910
2722 2863
2711 2871
2762 2831
2780 2818
3245 2466
2751 2837
2558 3053
2771 2850
2601 3017
2609 3013
2903 2779
2677 2995
2383 3308
3204 2551
2720 2973
2465 3241
2602 3098
2461 3252
2656 3048
2787 2928
2632 3081
2728 2990
2812 2911
2793 2938
3386 2417
2662 3095
2764 2994
2900 2867
2841 2927
2665 3105
3080 2726
2735 3057
2966 2838
2909 2896
2997 2830
2918 2898
3345 2540
3246 2653
2940 2904
2802 3051
3313 2594
2886 2974
2729 3168
3074 2851
2911 2999
2839 3110
2899 3045
2736 3204
2938 3021
2888 3094
2972 3001
2954 3032
2683 3271
2922 3092
2851 3152
3040 2987
2843 3167
3026 2998
2926 3099
3352 2697
2701 3279
2882 3160
3115 2948
3128 2946
3162 2919
2844 3216
3347 2746
3030 3069
3081 3033
2863 3237
3001 3131
2668 3352
3192 2975
2859 3260
3052 3124
3096 3096
3149 3041
2500 3405
2808 3323
2862 3306
3056 3171
3071 3163
3233 3023
3082 3172
3072 3189
3178 3123
3104 3186
2936 3305
3157 3170
3166 3221
3211 3205
3401 2914
3085 3300
3359 3076
3282 3166
3291 3154
3247 3217
3390 3025
3025 3348
3411 2949
3212 3266
2999 3370
3220 3269
3356 3139
3047 3355
3230 3272
3350 3161
3326 3200
3268 3249
3209 3319
3154 3342
3256 3294
3336 3240
3316 3250
3118 3366
3273 3302
3344 3276
3384 3248
3330 3318
3284 3341
3381 3283
3435 3070
3337 3353
3403 3281
3392 3326
3358 3391
16635677 768479201
1
sift 695
33 37
54 29
4 3
110 114
95 86
35 35
117 121
42 47
41 26
598 588
98 106
39 41
179 169
50 70
44 45
632 686
123 119
45 60
216 190
83 122
67 73
675 654
177 161
62 82
320 285
218 201
107 102
671 671
258 263
103 111
328 309
243 221
99 117
703 699
416 385
137 107
353 308
235 311
148 101
706 734
538 571
136 126
381 448
402 396
134 132
750 714
663 781
142 138
436 424
372 447
156 143
811 835
647 812
149 150
506 558
515 373
166 157
1029 914
950 1041
169 173
648 540
480 459
211 197
913 1000
1327 1243
207 203
643 687
540 488
176 256
965 977
1609 1676
215 212
692 717
654 662
202 255
912 1240
1534 1788
228 237
778 793
641 709
220 253
1073 1059
1595 1769
233 252
820 872
683 696
252 254
882 1383
1539 1930
249 266
846 865
1024 1065
269 276
1033 1238
1936 1657
265 286
742 1008
1109 1206
276 307
1329 1137
1873 1826
311 288
843 924
1114 1236
295 303
1196 1362
1999 1747
281 319
886 926
1156 1396
275 361
1310 1353
1770 2110
335 318
944 1001
1086 1580
326 335
1238 1509
1937 2038
289 389
1161 881
1299 1346
347 331
1363 1397
2099 2023
354 366
1019 976
1553 1637
290 432
1408 1402
2254 2059
322 417
1056 1067
1697 1671
425 325
1296 1533
1997 2317
292 491
1103 1156
1630 1728
367 392
1591 1620
2344 2143
332 443
1087 1188
1563 1862
379 398
1700 1530
2275 2451
375 408
1071 1214
1717 1850
464 362
1745 1641
2476 2439
337 506
1162 1210
1896 1712
470 379
1818 1606
2214 3188
431 410
1309 1116
1879 1743
391 473
1501 1874
2533 2670
408 461
1507 972
2110 1831
378 533
1703 1796
2879 2751
477 409
1271 1409
2867 1758
442 437
2436 1648
2504 3210
430 457
1334 1436
2075 2345
450 436
2032 1958
2939 2828
458 428
1454 1465
2499 1984
476 422
2091 2066
3185 3326
676 348
1536 1475
2309 2182
561 394
1918 2409
491 442
1347 1738
2226 2270
485 451
2213 2120
507 429
1406 1666
2447 2310
465 476
1848 2572
481 462
1724 1487
2469 2375
446 505
2181 2237
467 486
1652 1563
2484 2420
498 456
2246 2266
432 534
1549 1764
2630 2444
492 481
2041 2519
594 407
2002 1474
2789 2660
581 435
1921 2788
435 607
2095 1484
2411 3166
590 463
2515 2301
496 572
1776 1981
2755 2733
547 518
2154 2854
624 465
1495 2336
2788 2759
483 615
2420 2602
564 525
1806 2127
2857 2739
550 539
2463 2556
487 621
2159 1965
2924 2996
584 515
2604 2724
493 626
2125 2008
3131 3002
562 561
3109 2547
568 577
2336 1909
3365 3064
585 566
2992 2765
591 564
2059 2374
575 603
3000 2812
593 602
2119 2404
677 546
2920 2962
495 806
2010 2557
614 613
2678 3304
589 650
1985 2633
536 769
3248 2767
554 736
2378 2287
616 640
3133 2989
652 610
2078 2645
612 664
3159 3207
695 596
2140 2868
659 631
3449 3214
644 666
2610 2595
785 555
626 713
2538 2700
704 635
646 715
3012 2428
672 704
622 799
2625 2914
567 902
717 710
2798 2771
776 657
755 683
3095 2723
739 702
760 688
3023 2947
731 746
718 767
3119 3084
725 761
797 684
630 900
697 794
693 849
721 809
740 790
825 695
757 801
784 778
795 780
789 810
989 655
824 797
786 844
777 855
754 889
817 840
948 720
852 800
957 723
819 845
865 817
823 860
803 888
872 869
841 907
892 862
748 1089
801 979
796 988
869 908
876 899
863 921
889 932
758 1170
884 951
1078 841
905 939
1277 753
891 1014
984 933
924 1007
916 1023
936 1036
1058 927
1224 850
1346 796
910 1104
894 1126
1000 1031
990 1050
1011 1048
982 1085
1118 960
918 1183
972 1121
1003 1088
1221 922
1090 1020
970 1165
1095 1056
1045 1114
1089 1071
985 1191
1174 1011
1143 1057
1091 1152
1025 1230
1116 1139
1197 1061
1203 1076
1134 1158
802 1792
1193 1111
1079 1241
1115 1218
1130 1217
1077 1283
1249 1110
1220 1169
1243 1161
1253 1153
1202 1201
1195 1224
1433 1026
1297 1150
995 1496
1209 1245
1148 1366
1511 1009
1152 1364
871 1886
1455 1084
1188 1392
1259 1308
1359 1215
1245 1331
1333 1252
1267 1326
1187 1438
1338 1292
1228 1419
1360 1288
1191 1464
1121 1578
1302 1379
1381 1301
1498 1173
1429 1258
1730 1077
1430 1284
1153 1595
1254 1471
1291 1443
1284 1459
1331 1410
1412 1348
1337 1417
1404 1371
1432 1360
1129 1771
1488 1323
1564 1285
1376 1468
1198 1710
1201 1729
1565 1345
1486 1444
1178 1892
1509 1424
1075 2148
1341 1682
1448 1517
1627 1405
1405 1615
1533 1478
1475 1527
1540 1502
1500 1523
1472 1576
1459 1603
1328 1821
1468 1601
1476 1632
1478 1639
1669 1492
1401 1789
1526 1609
1532 1616
1982 1339
1566 1602
1802 1457
1438 1809
1644 1596
1617 1633
1637 1627
1515 1741
1953 1431
1535 1748
1663 1653
1758 1575
1435 2000
1352 2147
1581 1782
1775 1640
1510 1867
1377 2170
1447 2021
1729 1704
1659 1759
1616 1819
1797 1679
1650 1803
1573 1894
1469 2058
2374 1351
1771 1746
1548 1968
1640 1900
1393 2298
1679 1868
1747 1816
1489 2114
1493 2098
2093 1555
1800 1817
1813 1813
1410 2351
1719 1920
1808 1846
1974 1707
1655 2012
1726 1949
1603 2087
1838 1861
2008 1723
1786 1943
1825 1910
1680 2069
1820 1939
1587 2180
2031 1725
2058 1717
1827 1945
1612 2183
1949 1829
1989 1799
1911 1871
1919 1880
1816 2035
1817 2036
1666 2194
2101 1812
1948 1993
1530 2489
1865 2124
2102 1876
1971 2030
2094 1899
2458 1642
2000 2003
1905 2145
1963 2106
1942 2141
1954 2132
2732 1566
2186 1922
1924 2199
2048 2056
2019 2090
2563 1698
2062 2081
1991 2161
2038 2107
2304 1858
1976 2209
2060 2111
2164 2034
1852 2360
2029 2169
2251 1961
2220 1998
2122 2108
2076 2142
2227 2013
2134 2121
2106 2150
2120 2156
2141 2135
2049 2231
1855 2514
1998 2350
2187 2196
2188 2198
2020 2342
2193 2203
1713 2862
2473 1956
2367 2045
2273 2140
2184 2254
2086 2348
2087 2381
2261 2227
1863 2790
2365 2155
2743 1918
2063 2447
2173 2337
2160 2370
2025 2540
2370 2210
2097 2494
2302 2319
2437 2219
2440 2222
2279 2347
2051 2659
2414 2256
1944 2919
2338 2340
2131 2592
2357 2326
2253 2426
3165 1897
2453 2268
2209 2554
2345 2401
2371 2390
2807 2134
2375 2397
2485 2321
2317 2482
2683 2232
3321 1924
2751 2216
2701 2239
2442 2416
2294 2571
2363 2521
2315 2574
2422 2493
2225 2785
2506 2442
2359 2612
2403 2564
2518 2461
2684 2362
2569 2436
2729 2334
2609 2410
2057 3249
2298 2851
2475 2603
2480 2629
2691 2463
2398 2782
2444 2730
2498 2655
2547 2626
2681 2524
2812 2450
2707 2530
2360 2926
3233 2264
2937 2425
3202 2309
2602 2757
2618 2743
2720 2683
2528 2902
2892 2576
2774 2679
2085 3470
3091 2473
2575 2897
2876 2624
2868 2674
3293 2394
3162 2499
2762 2842
2716 2881
2954 2669
2960 2673
2567 3118
2779 2882
2886 2822
2655 3072
2597 3150
2685 3053
2671 3083
2646 3172
2841 2952
3030 2772
2553 3299
3232 2636
2877 3033
2991 2937
3080 2920
3301 2754
3144 2912
3014 3065
3020 3068
2698 3354
3410 2596
3225 3022
3212 3177
3273 3130
3407 2961
3359 3206
3176 3360
3326 3277
3327 3280
3374 3245
3330 3318
3369 3298
3382 3271
3423 3093
3401 3286
3384 3357
3357 3402
3446 3216
16635677 781759124
1
sift 389
18 16
54 66
13 5
28 26
29 28
95 86
24 40
33 35
52 52
123 146
41 36
37 39
61 71
177 172
39 44
59 42
117 119
219 232
49 73
85 95
179 181
306 246
107 94
99 103
216 193
404 452
137 84
134 117
261 288
480 554
136 132
142 139
320 267
540 573
150 154
149 167
283 295
641 989
166 168
169 165
436 498
950 1175
186 202
202 208
538 593
1114 1375
176 266
189 277
506 637
1156 1467
244 252
228 292
598 569
1630 1644
252 256
232 321
675 629
1638 1797
239 335
276 357
579 863
1563 1904
281 352
295 378
663 766
1682 1863
336 362
327 375
707 731
1428 2243
323 386
354 380
692 799
1670 1936
337 416
384 450
750 789
1896 1935
428 430
470 400
778 792
2110 1775
392 472
394 481
643 1050
2167 1787
431 467
408 505
743 926
2309 1726
375 562
458 466
820 935
1812 2291
530 417
442 483
934 954
1937 2185
450 492
491 471
913 1048
1969 2293
465 585
518 560
1046 971
2254 2017
637 491
550 567
965 1073
2262 2039
545 583
614 530
1020 1086
2178 2294
483 683
686 508
1056 1102
2476 2259
568 594
536 678
886 1410
2243 3238
603 707
659 682
1029 1229
2755 2504
785 613
644 738
1071 1296
2759 2625
604 816
626 793
1296 1100
2881 2713
731 701
772 698
944 1535
2214 3603
721 732
760 723
1310 1171
2897 2779
597 928
757 761
1103 1415
2964 2724
776 756
1791 525
1196 1309
2939 2808
789 814
1205 628
1062 1600
3151 2613
795 819
630 1096
1327 1352
3057 2744
733 951
803 922
1334 1353
2908 2938
819 924
948 818
1271 1444
2884 2987
884 866
834 942
1104 1806
3185 2756
873 893
876 939
1408 1420
3069 2986
924 916
862 984
1734 1255
3004 3097
1078 896
936 997
1536 1408
3145 2970
1003 1010
972 1099
1238 2019
3131 3079
1235 972
997 1126
1591 1521
1001 1137
1221 1002
1806 1501
1134 1095
1080 1148
1652 1589
1148 1133
1115 1190
1745 1542
1175 1156
1197 1158
1552 1701
1195 1199
1256 1248
1609 1687
1302 1201
1253 1290
1651 1663
1188 1371
1187 1394
1595 1894
1237 1340
1328 1283
1703 1777
1381 1270
1245 1437
1873 1651
1438 1236
1614 1139
1501 2066
1341 1381
1131 1640
1770 1812
1337 1396
1284 1474
1776 1996
1338 1499
1503 1344
1728 2099
1153 1865
1191 1789
1936 1893
1472 1431
1533 1404
1761 2138
1565 1380
1564 1392
2032 1881
1476 1462
1259 1754
2091 1825
2008 1168
1418 1564
2336 1746
1466 1514
1448 1604
2125 1994
1516 1581
1617 1531
1921 2234
1706 1478
1739 1488
1999 2217
1456 1745
1583 1628
2213 2037
1524 1713
1775 1550
2378 1920
1556 1700
1632 1641
2078 2210
1435 1931
1740 1585
2041 2272
1554 1757
1729 1622
2010 2312
1798 1631
1737 1684
2140 2205
1579 1854
1747 1742
2119 2284
1694 1838
1515 2040
2515 2034
1838 1724
1665 1999
3013 1886
1991 1694
1764 1961
2159 2422
1817 1919
2196 1624
2420 2323
1825 2043
1426 2585
2436 2420
1865 2029
1832 2064
2275 2583
1780 2121
1767 2148
2642 2353
2029 1910
2701 1529
2533 2439
2061 1940
1949 2071
2610 2601
1963 2061
2062 2076
2154 3476
2186 1973
1986 2202
2585 2746
2060 2153
1982 2236
2798 2598
1976 2298
2122 2157
2611 2912
2134 2207
2129 2235
3119 2644
2106 2261
2143 2352
2920 2906
2539 2053
2403 2220
2992 2825
2051 2704
2387 2311
2719 3338
2000 2872
2326 2388
2678 3496
2097 2664
2751 2122
3159 3214
2207 2514
2063 2763
3023 3430
2184 2556
2440 2364
3208 3415
2569 2328
2302 2548
3139 3566
3078 2091
2530 2367
3433 3428
2267 2631
2188 2936
2273 2775
2294 2754
2422 2639
2694 2449
2802 2404
2459 2662
2453 2687
2414 2814
2603 2552
2508 2699
2546 2654
2541 2678
2687 2615
2685 2618
2746 2600
2728 2719
2960 2521
2708 2786
3079 2496
2662 2928
2770 2821
2830 2757
3053 2620
2886 2981
2748 3153
3020 2897
2902 3081
2877 3189
2991 3134
2497 3575
2996 3169
3014 3228
3368 2764
2909 3335
2619 3547
2593 3605
2999 3367
3165 3327
3302 3256
3312 3276
3401 3130
3337 3511
3308 3595
3408 3654
3446 3591
16635677 850672740
1
sift 150
27 34
56 85
280 355
74 117
85 114
107 112
269 426
94 122
120 131
220 234
326 415
129 148
164 204
354 387
970 980
225 176
266 352
450 425
852 1388
288 397
303 451
523 604
1865 1924
370 460
367 533
537 760
1924 1991
394 505
463 518
571 1035
1820 2385
502 884
577 856
754 797
2424 2076
712 733
665 963
770 827
2204 2344
725 969
789 951
772 1013
3052 2132
869 1014
832 1285
1089 1431
2122 2963
897 1247
1063 1188
1267 1587
2227 2868
865 1498
1165 1191
1447 1437
2273 2913
1132 1301
2255 822
1244 1710
2698 2626
1145 1312
1210 1254
1498 1420
2618 3081
1152 1513
1324 1419
1259 1932
2535 3552
2777 896
1264 1490
2072 1290
2720 3536
1228 1599
1136 1845
1579 1677
3166 3443
1305 1689
1311 1750
1535 1879
3283 3703
1226 1963
1440 1701
1850 1679
3431 3608
1404 1775
1411 1908
1564 1937
3218 3889
1249 2309
1556 1840
1540 2013
1448 2164
1429 2326
1565 2216
1524 2103
1526 2152
1817 2020
1983 1783
1733 2021
1414 2733
1951 1860
1856 1990
2008 2249
1542 2400
1738 2340
1729 2679
2022 1976
2079 1992
1891 2502
2020 2068
1750 2481
1438 3330
1966 2252
1902 2412
2376 1986
1925 2512
2713 1855
2345 2247
2316 2142
2120 2419
2102 2591
2416 2146
2144 2526
2011 3463
2045 2638
1949 2871
2334 3161
2150 2649
2351 2507
2414 3534
2966 2185
2518 2585
3292 2793
2839 2438
2196 3102
3162 3075
2356 2987
2883 2689
2802 3561
2514 2957
2389 3176
3220 3374
2848 2884
2541 3358
2888 3699
2590 3341
2528 3449
3176 3824
2808 3680
2934 3641
3189 3764
16635677 858943217
1
sift 439
623 630
480 621
17 17
56 65
38 47
45 55
641 704
44 45
70 72
148 222
48 62
1109 1262
74 83
86 115
156 274
85 101
1896 1967
94 114
107 108
192 238
93 119
1717 2292
103 113
149 144
211 254
120 125
3145 3026
129 131
210 234
357 196
134 143
2867 3508
136 146
220 232
269 336
138 155
150 157
239 244
280 330
164 174
158 185
286 272
326 399
166 187
170 177
276 352
415 441
169 198
224 190
290 374
467 854
244 248
249 259
323 360
748 551
252 256
266 292
354 337
852 1102
332 260
257 369
366 368
867 1240
302 371
324 423
384 424
892 1198
282 524
370 440
450 421
1199 1304
394 490
284 702
378 517
1592 1101
529 439
521 447
413 567
1186 2030
441 548
431 544
481 526
1696 1749
512 486
451 553
523 542
1513 1959
476 538
449 582
491 620
1944 1691
472 615
554 523
485 627
1865 1827
493 650
614 519
537 672
1924 1954
500 692
712 527
688 574
2236 1701
520 809
593 663
605 773
1820 2155
628 721
665 699
617 799
2141 1918
670 729
659 840
789 747
1948 2182
682 831
725 771
807 753
1905 2319
760 784
754 821
730 848
1853 2453
745 873
755 823
571 1212
2134 2365
724 920
919 733
772 878
2018 2554
787 853
679 1037
997 734
2122 2540
858 824
824 901
1003 867
2424 2409
833 890
838 880
972 908
2749 2223
1022 783
916 887
819 1068
2448 2470
704 1191
869 967
803 1424
2333 2596
897 956
1263 776
971 1169
3052 2186
970 954
844 1184
1148 1051
2527 2543
827 1226
1007 1063
1393 1076
2371 2705
923 1157
1002 1143
1221 1231
2804 2454
1165 1010
1001 1153
1280 1200
2373 2859
1063 1095
962 1230
1089 1426
2535 2803
914 1335
1172 1065
1414 1122
2485 2866
1122 1129
1244 1047
1302 1233
3148 2514
1132 1171
1048 1296
1133 1446
2618 2955
1080 1275
1082 1293
1267 1372
2367 3391
1127 1268
1152 1312
1705 1140
2698 3106
1145 1338
1210 1271
1405 1356
3268 2673
1195 1283
1203 1291
1058 1984
2437 3507
1130 1388
1230 1297
1259 1622
3166 3293
1136 1418
1228 1333
1357 1564
3053 3608
1264 1316
1335 1265
1476 1445
3283 3452
1292 1309
1402 1252
1438 1493
3425 3354
1218 1429
1415 1244
1447 1557
3395 3521
1118 1566
1324 1334
1472 1536
1253 1473
1222 1526
1677 1452
1398 1336
1413 1320
1850 1408
1120 1682
1125 1674
1579 1592
1181 1594
1269 1502
1418 1788
1288 1513
1305 1525
2133 1346
1226 1625
1331 1586
1887 1558
1313 1616
1404 1554
1817 1644
1485 1486
1440 1585
1459 1993
1524 1551
1540 1569
1565 1847
1249 2050
1422 1740
1562 1854
1883 1406
1411 1790
1627 1808
1315 2015
1933 1428
2008 1580
1829 1560
1556 1750
1832 1711
1535 1809
1448 1963
1617 1909
1511 1862
1750 1693
1991 1613
1566 1857
1526 1925
1777 1781
1542 1921
1662 1817
1860 1742
1995 1599
1631 1934
1825 1803
1560 2063
1878 1746
2072 1816
1500 2136
1657 1966
1963 1937
1581 2060
1683 1957
1769 2189
1733 1910
1764 1893
1729 2298
1856 1853
1838 1914
1780 2347
2777 1414
1583 2258
2029 2133
1831 1977
1725 2109
2088 2085
1852 2005
1684 2187
2131 2121
1794 2073
1795 2077
2062 2325
1951 1901
1455 2544
2549 1881
1778 2157
1345 2944
3110 1673
1737 2248
2054 1880
2012 2401
2079 1852
1949 2019
2060 2377
1841 2193
1983 2059
2868 2032
1686 2390
2025 2010
2742 2125
2020 2029
1917 2210
2184 2624
2107 1997
2416 1751
2376 2423
1925 2233
2120 2014
2363 2487
1902 2285
2013 2173
2364 2500
2037 2160
1361 3421
2225 2710
1849 2437
2090 2156
2295 2718
2050 2219
1970 2386
3125 2249
2045 2336
1650 2906
3154 2246
2316 2103
1885 2613
2545 2674
2096 2352
2204 2280
2296 3082
2102 2373
2150 2360
2453 2933
2304 2205
2084 2506
2414 3148
2160 2450
2251 2346
2480 3203
2146 2468
2196 2421
3344 2698
2144 2482
2157 2475
3014 3047
2966 1979
2001 2761
2888 3230
2944 2056
2311 2515
2602 3490
1927 3163
2503 2448
3347 3064
2192 2790
2195 2794
3117 2126
2500 2504
2351 2651
2400 2666
2745 2447
2713 2467
2081 3301
2356 2939
2962 2483
2353 3013
2539 2762
2299 3121
2481 2879
2599 2756
3194 2422
2834 2621
2528 2943
2824 2801
3165 2589
2516 3158
2903 2760
2848 2862
2207 3623
2916 2799
2518 3212
3063 2728
3321 2581
2846 2970
2541 3305
3192 2712
2940 2920
2909 2964
2997 2889
2787 3112
2592 3297
3149 2829
2808 3184
2728 3284
2508 3535
3320 2773
2934 3146
2911 3170
3161 2991
2851 3288
2841 3312
3227 2968
2882 3303
2751 3471
3322 2947
3356 3049
2974 3408
3190 3304
2733 3656
3061 3496
3218 3463
3308 3434
3359 3464
3351 3664
16635677 1078340171
1
sift 89
117 126
177 187
199 238
196 171
538 525
404 458
295 408
392 476
1029 1106
540 675
442 443
614 570
1238 1566
683 626
603 698
644 799
1595 1578
950 1239
626 852
776 806
1609 1854
1114 1560
834 913
876 953
1936 1847
1156 1966
1007 974
914 1094
1999 1790
1570 1486
1235 920
1195 1134
2213 1870
1553 1702
1256 1253
1253 1308
2449 2122
2438 1447
1245 1336
1686 1272
2533 2293
1937 2100
1516 1375
1466 1454
2322 3421
2110 1983
1740 1377
1455 1719
2075 2268
1583 1768
1663 1804
2309 2028
1838 1689
1827 1711
2167 2307
1791 1828
1764 1909
2484 2239
1716 1987
1665 2067
2254 2481
1998 1831
2036 1899
2476 2431
2539 1662
2179 1968
2759 2687
2107 2092
2129 2166
3185 2709
2267 2006
1986 2355
3004 2996
2442 1984
2349 2416
3151 3175
2440 2406
2497 2656
3200 3291
2902 2541
2597 2869
3025 2663
2877 2834
3165 2631
2748 3121
3020 2955
3302 3344
3337 3349
3369 3346
16635677 1375567567
1
sift 655
179 252
480 641
26 34
58 96
38 57
27 32
623 530
641 723
39 42
99 136
44 56
45 73
820 847
654 777
49 71
104 131
70 79
48 94
846 892
1109 1143
65 82
107 130
176 168
67 85
968 956
1086 1188
56 97
137 165
211 256
78 81
1055 1215
1355 1259
74 106
149 158
280 317
75 121
1019 1306
1299 1439
85 111
186 245
357 282
101 108
1071 1250
1114 2103
93 122
220 224
269 417
94 126
1207 1216
1290 2369
119 133
239 259
326 378
88 149
1103 1400
1879 2225
120 134
286 314
366 349
129 146
1271 1322
3147 3216
134 152
276 345
455 388
115 180
1161 1830
138 179
290 365
536 477
166 184
1692 1420
164 194
309 451
530 640
170 197
1507 1776
173 199
354 406
571 671
148 254
2161 1623
158 239
384 449
740 540
183 217
1985 1918
212 235
408 479
748 695
208 246
1776 2188
203 268
438 475
754 746
230 242
2002 1981
252 257
378 586
852 1139
233 272
1724 2690
285 236
450 492
1199 877
249 270
2159 2318
247 288
431 562
1188 922
332 261
2010 2699
266 316
478 510
1393 907
325 277
2095 2601
267 350
481 509
1133 1644
255 394
2119 2604
270 354
430 569
1405 1496
289 336
2642 2284
303 337
458 592
1530 1586
322 356
2336 2520
377 307
483 570
1747 1665
324 374
2676 2331
331 375
552 571
1944 1535
307 419
2397 2871
336 362
523 616
1696 1744
308 426
2798 2640
425 334
491 665
2088 1546
367 438
3012 2609
432 348
413 851
1635 1888
370 442
2952 2723
494 369
566 615
1924 1891
394 486
2847 2975
379 505
537 699
1865 1968
345 588
2610 3271
512 412
568 701
1820 2261
407 497
3101 2817
423 495
597 714
1500 2835
428 516
2772 3441
437 506
545 788
1644 2773
441 537
3329 3033
390 622
591 749
2749 1730
426 584
475 531
721 663
2424 1932
495 519
472 541
605 793
2313 2056
476 543
468 585
616 834
1948 2516
520 533
529 529
652 844
2225 2336
463 605
493 619
766 732
2359 2237
513 636
527 675
723 766
2134 2490
562 661
688 590
730 838
2122 2523
584 666
575 676
629 1009
2273 2405
612 697
679 651
755 849
3418 1720
682 655
577 814
772 873
2315 2627
687 716
732 689
789 872
2448 2672
581 899
665 794
708 1046
2094 3315
659 804
685 806
819 979
2698 2514
699 842
611 1000
995 850
2412 2802
725 875
678 976
784 1092
2527 2846
711 941
697 964
803 1117
2618 2779
833 836
739 953
873 1061
2485 2963
824 858
881 819
870 1070
2372 3184
796 946
786 963
972 1006
2458 3223
759 1012
877 853
982 1015
2535 3141
763 1014
838 910
924 1087
2692 2978
855 927
844 950
1003 1024
3052 2674
864 944
985 867
899 1182
2954 2775
888 992
869 1026
905 1228
3414 2417
879 1032
970 967
1111 1045
3166 3347
785 1204
890 1050
1148 1180
3053 3585
1127 900
795 1267
1280 1330
797 1283
1377 791
1197 1457
1007 1057
956 1108
1267 1390
962 1126
1021 1078
1302 1424
932 1176
1025 1125
1284 1491
922 1265
990 1173
1259 1527
839 1511
1036 1196
1338 1475
1063 1164
920 1371
1239 1650
1153 1103
1045 1242
1376 1544
1398 980
971 1381
1447 1469
966 1412
1122 1241
1468 1477
1089 1279
1172 1193
1478 1597
1482 990
1263 1133
1576 1526
1203 1183
1090 1328
1386 1742
1132 1290
1128 1319
1438 1680
1165 1273
1222 1231
1418 1758
1293 1184
1170 1329
1472 1691
1001 1565
1120 1430
1476 1711
1152 1404
1628 1029
1603 1636
1335 1220
1801 1002
1432 1936
989 1690
1292 1303
1564 1764
1365 1257
1158 1495
1498 1824
1269 1376
1264 1398
1617 1810
1171 1516
1324 1372
1680 1774
1228 1494
1230 1508
1565 1913
1278 1458
1136 1646
1632 1879
1078 1755
1469 1274
1855 1731
1378 1383
1266 1532
1488 2149
1434 1405
1311 1566
1713 1984
1254 1637
1251 1648
1825 1997
1305 1574
1426 1454
1817 2007
1226 1700
1399 1522
1780 2046
1332 1609
1181 1822
1739 2130
1313 1638
1352 1581
1729 2166
1201 1790
1249 1802
1546 2387
2255 1096
1883 1264
1954 1989
1440 1563
1404 1666
1991 2035
1844 1337
1511 1533
2049 1983
1255 1976
1732 1462
1963 2144
1411 1743
1431 1777
1796 2410
1556 1635
1429 1827
1850 2386
1513 1712
1535 1697
1769 2551
1448 1845
1526 1738
2063 2278
1360 2026
1475 1820
2062 2288
1540 1749
1518 1808
2029 2334
1524 1816
1995 1534
2012 2362
1645 1778
1455 2020
1860 2557
1542 1882
1640 1800
2345 2032
1627 1819
1878 1660
1835 2628
1994 1580
1725 1780
2048 2432
1694 1843
2944 1240
2294 2212
1695 1852
1517 2055
2060 2456
1756 1798
2777 1302
2008 2683
1771 1831
1829 1791
2530 2224
1577 2039
1687 1940
2375 2392
1867 1794
1826 1847
2387 2423
1763 1904
1960 1745
2302 2543
1679 2028
1733 1972
2038 2954
1845 1886
1794 1943
2184 2715
2022 1728
1856 1901
2280 2638
1815 1987
1616 2251
3345 2128
1750 2087
1738 2129
2545 2615
1953 1895
1949 1921
2363 2865
1927 1955
1942 1946
2404 2833
1813 2117
2007 1881
2279 3152
1808 2133
2025 1884
2422 3268
1901 2047
1852 2122
2926 2776
2202 1781
1983 1996
3338 2560
1951 2029
2020 1950
2453 3447
1912 2089
1917 2085
2892 2977
1795 2243
1722 2323
2473 3570
1957 2051
1555 2508
3079 3097
1659 2437
1902 2154
2868 3332
1841 2255
1925 2135
2888 3360
1754 2344
1920 2147
3014 3295
1631 2479
1699 2430
3344 2952
2102 2105
2039 2209
2807 3535
1955 2341
1857 2464
2830 3536
1903 2435
1683 2729
3154 3412
2713 1767
1970 2424
2120 2268
1974 2448
2045 2378
1966 2461
2107 2324
3063 1710
2076 2360
2079 2359
2286 2170
2150 2402
2300 2269
1893 2738
2144 2441
2143 2471
2257 2407
2975 1924
2209 2460
1853 3055
2317 2385
1862 3064
1783 3239
2903 2009
2732 2104
3316 1814
2552 2240
2187 2567
2089 2688
2055 2750
2227 2535
2027 2889
2288 2511
2351 2495
2011 2982
2253 2618
2312 2550
2252 2632
1973 3226
2357 2584
2163 2874
2851 2285
2498 2513
2414 2613
2292 2759
2189 2946
2356 2716
2551 2533
3194 2223
3245 2175
2050 3316
2188 3067
2304 2857
2212 3049
2101 3263
2400 2754
2367 2831
2196 3200
2503 2721
2579 2671
2599 2679
2839 2526
2160 3388
2137 3431
2455 2895
2389 2983
2338 3079
2325 3120
2528 2824
2518 2867
2746 2654
2575 2840
2508 2918
2259 3328
2509 2935
2413 3101
2569 2916
2532 2957
2353 3281
2568 2976
2679 2866
2930 2667
3149 2548
2524 3093
2665 2987
2981 2702
2662 3019
2600 3092
2814 2924
3074 2719
2486 3325
2735 3028
2960 2832
2848 2958
2580 3252
2846 2985
2882 2981
2592 3293
3291 2642
2841 3052
2728 3217
2996 2942
2513 3433
3222 2762
2595 3399
3356 2692
3177 2891
2720 3340
3247 2876
2989 3115
3071 3053
3096 3077
2887 3307
3029 3225
3162 3121
2787 3486
3040 3303
2808 3501
2934 3393
2947 3460
3030 3440
3230 3282
3255 3279
3192 3385
3232 3438
3218 3498
3072 3631
3081 3648
2677 3703
16635677 1472528885
1
sift 248
29 33
54 71
37 69
117 101
142 140
107 85
179 264
123 126
85 100
663 644
442 464
137 161
707 636
177 221
150 158
951 876
465 521
176 141
818 792
238 207
169 171
1206 1156
718 949
166 189
981 826
402 461
168 202
1327 1239
876 898
228 285
1019 985
480 551
337 224
1595 1661
1192 1117
290 298
1029 1060
641 580
295 319
1609 1771
1341 1086
280 334
1104 1083
1156 1512
326 370
1936 1768
1328 1124
450 407
944 1255
1114 2067
470 405
1999 1753
1401 1121
392 471
1071 1230
1563 1906
394 478
2275 2388
1388 1194
564 535
1238 1085
1896 1886
518 577
2533 2258
1337 1229
614 512
1103 1332
2214 1622
537 597
2476 2352
1716 1636
590 567
1334 1293
1937 1893
646 570
2436 3020
1233 2616
644 639
1451 1561
2110 1803
659 625
3185 2462
1663 2101
604 698
1776 2159
2075 2205
603 702
3370 2402
1976 1965
566 733
2095 1877
2484 1979
695 614
2442 2152
626 725
3126 2651
2167 2240
622 745
2267 2410
802 664
2969 3005
2309 2142
760 703
2597 2372
776 727
3286 1676
733 800
3025 3299
887 736
2262 2306
803 856
3381 3205
834 903
2630 2135
909 842
3401 3083
819 984
2438 2544
910 922
3326 3545
1075 862
2789 2364
1007 902
1124 860
2878 2445
1001 935
914 1135
2964 2717
1235 915
1131 1022
2759 2976
795 1522
1048 1129
3151 2698
1153 1027
1434 906
3094 2838
1438 899
1080 1160
2631 3503
1195 1059
1134 1220
3075 3129
1253 1173
1256 1192
1245 1247
1287 1242
1184 1436
1267 1357
1381 1277
1405 1296
1058 1810
1672 1165
1817 1146
1486 1351
1516 1423
1466 1515
1448 1542
1565 1458
1410 1665
1524 1504
1301 1903
1729 1416
1359 1869
1259 2059
1579 1545
1556 1568
1264 2099
1613 1604
1982 1446
1696 1652
1564 1791
1488 1925
1737 1658
1665 1741
1583 1874
1627 1836
1764 1772
1838 1722
1740 1814
1459 2179
1998 1653
1775 1927
1836 1995
1791 2057
2143 1750
2102 1784
1827 2075
2097 1830
2000 1935
2454 1588
2060 1980
2122 1929
1887 2210
2196 1936
1905 2229
2273 1911
2072 2119
2188 2027
2107 2129
2134 2112
2129 2125
2539 1837
1986 2334
2204 2182
1628 3374
2235 2221
2294 2329
2349 2300
2437 2324
2485 2317
2746 2193
2225 2679
2363 2541
2453 2425
2472 2413
2751 2274
3148 2108
2508 2521
3052 2214
2475 2609
2729 2398
2541 2612
2527 2641
3268 2223
2497 2872
3203 2293
2662 2666
2858 2745
2954 2765
2909 2877
2619 3389
2902 2966
2888 3038
2991 2901
3020 3061
2595 3611
2877 3525
2646 3620
3369 2936
3067 3474
3414 2944
3407 3052
3302 3430
3327 3432
3176 3569
3411 3580
3384 3622
16635677 1724217577
1
sift 63
683 679
136 121
142 127
1419 1421
150 157
169 146
1156 2277
393 446
442 462
2411 1510
639 391
465 619
2110 2406
590 561
603 639
2167 2510
644 733
626 772
2484 2313
776 693
834 834
2262 2638
876 942
1203 823
2759 3319
1235 918
1080 1167
3151 3533
1253 1275
1001 1597
1388 1186
1256 1375
1557 1372
1466 1555
1516 1516
1456 1978
1764 1743
1541 1993
1716 1824
1791 2063
1998 1837
1827 2117
1986 1909
2097 1822
2036 2033
2235 2023
2129 2187
2084 2244
2179 2261
2197 2242
2442 2049
2208 2637
2440 2552
2527 2629
2485 2988
2349 3860
3025 2991
2497 3981
2954 3512
2902 3952
3312 3703
3308 3747
3302 3786
16635677 1911602604
1
sift 364
643 1029
182 128
14 13
17 16
38 43
45 60
1019 1084
372 489
70 84
107 92
136 127
85 83
1071 1233
480 647
90 122
105 140
176 130
103 115
1103 1249
654 649
138 124
220 247
168 169
142 159
1495 1429
641 687
150 173
276 289
207 234
151 180
2847 3018
1109 1019
166 189
366 460
254 365
171 193
2538 3517
1156 1796
164 230
450 426
326 409
236 238
1419 1506
211 273
421 545
442 537
228 293
1570 1909
337 208
593 501
470 550
209 335
1553 2250
249 279
523 561
415 674
244 316
1896 1872
272 291
571 639
477 644
332 262
2352 2619
269 310
616 724
748 496
280 341
2494 2571
301 347
789 671
659 810
295 404
2630 2591
315 381
819 1000
916 877
288 418
3307 2858
303 423
852 1069
962 1049
367 370
3048 3210
370 456
1267 1323
1007 1032
455 411
392 515
1381 1436
1050 1270
394 517
446 487
1817 1187
1195 1239
529 471
501 506
1393 1483
1533 1425
419 612
475 564
1438 1462
1592 1537
520 528
519 548
2008 1118
1865 1704
441 613
479 637
1058 2105
1838 1901
493 685
646 554
1579 1392
1820 1993
548 638
590 609
1199 1798
2093 1779
482 739
537 689
1850 1387
1924 2083
603 729
670 691
1418 1695
1948 2072
665 708
620 830
1565 1765
2251 2059
725 731
628 885
1564 1945
1905 2444
747 779
760 792
1617 1938
2134 2271
639 977
705 899
1769 1977
2188 2329
732 905
787 834
2057 1766
2122 2475
776 878
724 949
2072 2033
2018 2733
832 814
813 874
2060 2182
3414 1876
824 890
833 938
2453 2015
2636 2445
838 953
834 966
2085 3113
3148 2298
858 944
1022 807
2363 2700
2459 2776
869 951
1165 750
2236 2989
2458 2783
679 1402
855 1031
2184 3201
2485 2756
897 988
893 1005
2602 2662
2437 2885
845 1109
1212 842
2424 3049
2619 2683
910 1026
970 1012
2345 3271
2595 2771
923 1054
1120 937
2176 3482
2539 2867
1172 943
1369 863
2473 3300
2909 3029
1063 1039
1132 1015
2802 3000
3166 3361
1085 1081
1002 1180
2888 3172
3144 3418
1282 992
988 1278
3220 2971
3283 3414
914 1400
1235 1076
3067 3308
1225 1091
1152 1210
3327 3325
1080 1313
1228 1221
1253 1226
1292 1197
1230 1267
1121 1430
1245 1314
1133 1492
1180 1468
1131 1532
1305 1348
1264 1417
1512 1161
1324 1358
1222 1484
1656 1111
1404 1303
1288 1440
1331 1397
1405 1327
1145 1684
1325 1505
1398 1435
1313 1567
879 2593
1335 1604
1684 1399
1951 1304
1226 2003
1466 1614
1411 1771
1481 1693
1459 1729
1683 1560
1516 1683
1416 1944
1511 1764
1557 1736
1784 1580
1750 1612
1535 1787
1422 2029
1560 1795
1448 2019
1556 1889
1542 1910
1662 1784
1566 1890
1733 1755
1583 1917
1665 1887
1650 1925
1526 2073
1852 1751
1601 1996
1966 1666
1998 1640
1854 1770
1657 1998
1747 1937
1887 1801
1740 1964
1794 1923
1737 2010
1949 1794
1725 2060
2079 1716
1764 2108
1831 2069
2090 1781
2195 1750
1830 2127
2025 1894
1841 2158
1984 2050
2503 1667
2120 1956
2316 1788
2311 1886
2102 2085
1953 2275
2304 1955
2337 1968
2457 1896
2047 2309
2146 2232
2000 2394
1834 2651
2204 2219
2036 2379
2129 2325
2150 2346
2050 2440
2276 2225
2160 2355
2077 2422
2141 2380
2179 2416
2144 2464
2001 2666
2353 2306
2097 2617
2013 2842
2197 2635
3052 2070
2273 2586
2225 2685
3061 2121
1971 3309
2839 2297
2599 2433
2481 2547
1989 3353
3332 2129
2081 3256
2208 3199
2883 2451
2472 2798
2386 2945
2848 2541
3227 2357
3149 2401
2528 2866
2518 2890
3194 2421
2760 2714
3268 2439
3192 2518
2389 3288
2940 2728
2862 2835
2841 2855
2934 2767
2808 2889
2500 3264
2713 3027
2997 2861
2607 3248
2787 3077
2748 3169
2911 3028
3322 2791
2771 3347
3221 3067
3336 3030
3369 3121
3162 3366
3453 2697
3218 3333
3188 3371
3302 3324
3407 3289
16635677 1960691938
1
sift 1221
18 17
42 43
4 4
33 38
37 32
10 5
110 104
83 75
13 11
99 110
123 101
14 12
117 113
177 164
17 15
126 118
179 169
24 26
181 153
182 190
26 25
216 230
320 263
27 27
262 286
219 202
34 33
381 433
353 329
38 40
579 344
235 416
39 42
436 463
312 415
43 44
506 547
416 326
44 45
458 478
549 368
49 49
623 465
402 400
45 51
568 577
535 499
53 54
538 648
372 497
67 62
604 634
647 670
56 68
632 672
480 472
73 64
616 632
683 717
62 74
675 631
540 531
74 76
648 729
663 868
80 73
651 736
654 621
84 71
721 671
740 812
97 83
692 719
641 667
86 99
750 689
898 724
103 89
627 860
588 1239
104 91
703 754
822 937
90 102
743 739
1155 883
106 100
757 806
915 904
107 106
778 835
906 1118
120 109
818 819
1086 1170
100 128
742 939
1168 1242
153 79
811 903
1146 1164
128 120
820 886
1109 1322
121 127
944 873
999 1483
132 116
901 935
1024 1442
130 121
913 971
1290 1302
133 117
912 1014
1126 1390
136 126
924 1001
1156 1562
138 135
933 1018
1299 1286
142 137
1161 900
1393 1447
152 140
968 1085
1317 1352
149 148
1012 1094
1443 1499
156 145
991 1115
1355 1366
166 152
1019 1101
1520 1561
161 167
882 1285
1563 1520
164 168
981 1165
1457 1700
158 172
1029 1111
1450 1926
169 166
1041 1102
1609 1687
183 163
1055 1109
1630 1793
192 171
1071 1157
1595 1739
176 187
1103 1138
1879 1606
186 182
1162 1117
1409 2012
207 194
1238 1057
1570 1868
214 191
1104 1221
1770 1863
199 229
1087 1243
1717 1800
211 207
1115 1250
1776 1871
212 208
1147 1222
1697 1839
208 225
1148 1227
1896 1784
223 201
1403 1193
1444 2747
220 209
1196 1386
1936 1808
236 197
1271 1316
1539 2744
224 219
1329 1311
1502 2251
230 216
1347 1292
2110 2127
228 224
1309 1369
1999 1865
256 193
1283 1437
2168 2093
232 239
1338 1372
1873 2053
237 241
1406 1336
1930 2348
239 238
1334 1497
2135 1818
233 247
1296 1591
2469 1912
213 284
1197 1671
2171 2030
276 237
1310 1590
2075 2375
251 259
1424 1558
2275 2238
257 256
1454 1538
2262 2318
247 268
1724 1380
2222 2388
249 282
1363 1685
2099 2733
215 377
1495 1529
1908 3250
254 277
1692 1492
2447 2418
264 273
1418 1631
2789 2391
266 301
1551 1566
2484 2466
279 272
1700 1510
3124 2299
309 264
1499 1624
2630 2401
269 304
1549 1666
2625 2791
295 276
1824 1550
2388 2743
290 285
1651 1658
2857 2977
288 299
1652 1691
2411 2824
280 312
1689 1701
2799 3116
303 297
1734 1684
2753 2566
299 303
1703 1828
3147 3009
286 321
1818 1762
2756 2835
308 316
1848 1789
2867 3248
335 283
1918 1787
2744 2934
263 371
1591 2154
3145 3162
321 313
2032 1809
2759 3016
302 336
1780 2131
2798 3428
324 328
2125 1804
2985 2815
331 323
2336 1713
3167 3399
282 365
2080 2142
2788 3015
311 341
1963 2088
2879 3439
326 333
2159 2124
2908 2910
333 330
2181 2150
3272 3391
307 355
1806 2735
2965 2997
377 300
2049 2274
315 374
1985 2510
3075 3111
345 342
2119 2352
339 346
2246 2261
3094 3112
334 358
2010 2599
347 345
1921 2836
2631 3423
368 340
2059 2602
382 332
2515 2370
3152 3182
332 392
2086 2616
354 369
2436 2461
3131 3271
375 357
2245 2405
366 370
2378 2528
3155 3329
374 367
2063 2781
386 350
2161 3033
3275 3332
370 378
2403 2293
351 393
2397 2828
378 372
2473 2247
337 449
2538 2666
379 408
2610 2681
352 447
2772 2579
407 409
3012 2479
432 388
2791 2694
389 428
2585 2915
367 454
3038 2543
422 412
2420 3163
438 395
2847 2768
391 437
2596 3069
363 468
3119 2654
470 381
2952 2833
414 432
2730 3115
435 422
3130 2802
456 410
2992 2981
441 423
2945 3077
408 457
3133 2938
457 421
2642 3367
426 446
3095 3132
431 440
3159 3137
341 582
3239 3169
450 430
3109 3294
423 455
3248 3240
442 438
3428 3041
413 485
3348 3362
398 513
421 490
437 479
512 426
465 461
451 477
429 517
449 503
477 469
464 487
430 537
485 471
492 486
476 518
463 532
455 553
491 520
526 481
644 413
498 526
475 551
571 459
545 496
530 516
494 556
513 541
548 501
556 492
520 533
550 511
483 592
516 560
594 491
467 629
587 504
537 558
554 539
500 600
529 566
595 505
581 534
600 528
474 693
559 572
562 575
486 702
590 563
564 591
584 569
606 555
575 586
487 726
622 562
528 668
566 618
589 596
639 559
536 688
518 713
572 624
591 611
686 554
612 619
597 626
652 588
608 637
614 628
599 647
653 608
626 639
577 707
694 579
679 602
631 654
650 646
646 660
628 690
615 715
695 627
681 659
670 669
688 665
687 682
665 709
693 678
776 599
766 609
555 897
677 708
759 649
678 741
659 777
690 763
760 695
764 694
711 752
697 767
754 731
731 750
771 721
732 757
684 839
718 787
712 794
725 783
770 734
777 733
751 765
747 775
704 825
755 770
739 791
783 743
797 737
745 800
724 834
781 788
748 837
785 786
744 842
786 808
780 844
756 901
728 929
819 813
796 841
879 747
807 850
858 792
817 843
803 878
840 827
826 847
829 858
823 875
824 880
935 758
839 859
838 863
862 830
833 893
855 866
837 895
741 1042
842 907
844 909
831 915
836 923
792 968
852 919
876 894
1110 730
948 833
856 927
798 1026
828 980
897 911
989 846
873 949
884 941
987 865
916 926
789 1161
859 1021
890 981
894 976
865 1027
887 996
871 1035
910 1023
932 1032
1058 925
918 1059
936 1036
985 983
1025 953
982 998
895 1107
1078 933
980 1003
1101 922
923 1080
984 1010
1001 988
1176 889
1004 992
1127 917
970 1069
974 1079
995 1056
1120 948
905 1171
996 1063
990 1075
921 1150
1090 973
1277 870
1016 1076
994 1096
1021 1084
971 1146
872 1272
1070 1051
802 1486
1007 1125
1111 1028
909 1240
1003 1145
959 1225
957 1231
1031 1144
922 1262
1089 1112
962 1247
1079 1128
1063 1148
1174 1048
1118 1110
1045 1183
1248 993
1258 985
1091 1156
1099 1166
1022 1238
1116 1149
1052 1209
1095 1216
1193 1133
1139 1178
1083 1249
1134 1208
1203 1142
1122 1224
1151 1201
1081 1269
1239 1131
1177 1215
1229 1167
1226 1184
1152 1255
1143 1264
1132 1287
1253 1196
1377 1090
1266 1182
1171 1294
1320 1172
1164 1308
1297 1200
1028 1521
1220 1265
1158 1345
1195 1305
1129 1395
1209 1296
1287 1234
1190 1326
1153 1397
1224 1309
1346 1205
1136 1420
1188 1357
1332 1226
1264 1280
1198 1360
1245 1315
1318 1248
1360 1223
1511 1099
1141 1465
1259 1317
1170 1423
1280 1306
1267 1320
1278 1313
1288 1314
1251 1356
1172 1452
1169 1456
1386 1241
1180 1476
1230 1416
1228 1421
1284 1365
1482 1187
1302 1392
1438 1259
1497 1220
1222 1524
1124 1651
1311 1445
1412 1344
1337 1419
1387 1378
1292 1494
1075 1805
1254 1540
1429 1347
1422 1374
1331 1478
1201 1622
1335 1472
1376 1433
1187 1640
1255 1565
1468 1339
1333 1498
1411 1417
1413 1430
1532 1303
1455 1385
1352 1507
1178 1742
1404 1471
1447 1411
1321 1556
1306 1580
1405 1495
1430 1469
1550 1348
1276 1664
1401 1535
1513 1407
1722 1290
1440 1512
1249 1766
1540 1414
1602 1404
1626 1403
1295 1753
1368 1625
1488 1514
1358 1655
1478 1534
1509 1501
1866 1293
1263 1830
1432 1599
1448 1571
1699 1409
1542 1518
1472 1567
1431 1626
1476 1588
1518 1552
1557 1539
1415 1697
1475 1611
1379 1772
1526 1564
1503 1583
1469 1669
1564 1572
1486 1653
1628 1544
1649 1543
1434 1761
1315 1976
1481 1689
1384 1869
1533 1637
1560 1609
1341 1969
1633 1584
1459 1759
1579 1627
1836 1482
1464 1771
1566 1647
1755 1542
1437 1833
1627 1628
1844 1516
1636 1616
1345 2035
1610 1643
1850 1522
1555 1705
1535 1733
1737 1574
1493 1775
1530 1745
1485 1812
1982 1449
1612 1682
1565 1737
1489 1816
1742 1595
1632 1676
1574 1736
1669 1652
1573 1740
1617 1724
1659 1683
1683 1668
1498 1840
1640 1720
1942 1523
1729 1642
1577 1777
1635 1758
1726 1693
1500 1927
1771 1680
1687 1750
1616 1822
1587 1860
1747 1728
1758 1732
1585 1891
1581 1911
1978 1579
1794 1726
1733 1797
1696 1827
1953 1623
1882 1688
1834 1741
1795 1773
1878 1706
1603 1997
1639 1966
1829 1785
1903 1710
2097 1576
1949 1681
1925 1714
1750 1872
1838 1813
1775 1901
1756 1920
1576 2096
1831 1835
1778 1907
1827 1854
1680 2002
2117 1602
1784 1903
1830 1858
1815 1887
1797 1904
1808 1892
1819 1898
1856 1856
1774 1949
2028 1698
1871 1847
2022 1704
1490 2258
1800 1959
1820 1954
1679 2089
1867 1909
1915 1843
1845 1947
1656 2132
1901 1883
1865 1943
1944 1845
2297 1581
1954 1832
1917 1889
1874 1945
1885 1940
2050 1768
1716 2126
1902 1929
1646 2194
1983 1848
1868 1981
1857 2000
2573 1509
2001 1825
1919 1942
1769 2098
2068 1779
1899 1964
1887 1995
1989 1880
1912 1962
1817 2060
1911 1972
1854 2034
1924 1973
1825 2081
2058 1824
1685 2211
1886 2028
1893 2022
1909 2023
1951 1994
2111 1823
1601 2376
2048 1913
2009 1950
2300 1707
1905 2070
1998 1988
1719 2273
1992 2001
1841 2167
2145 1859
1932 2109
1957 2083
2266 1791
1955 2103
1658 2447
1976 2099
1995 2062
1852 2222
1843 2236
1991 2082
1971 2120
1988 2117
2018 2071
2020 2065
2743 1596
2096 2009
1890 2221
1948 2169
1855 2266
2039 2085
2107 2029
2175 1977
1891 2242
2276 1890
2076 2078
2056 2115
2088 2080
2029 2152
1994 2185
2038 2161
2089 2138
2134 2108
1779 2541
1735 2628
1940 2312
2025 2213
2122 2151
2055 2199
2008 2239
2062 2205
2101 2168
2120 2177
2060 2227
2045 2244
1548 3113
2258 2055
1802 2660
2137 2191
2000 2313
2164 2172
2268 2079
2150 2189
1862 2583
2144 2209
2188 2174
1732 2878
2220 2164
2227 2159
2311 2111
2263 2149
2146 2246
2051 2351
2853 1796
2329 2106
2187 2225
2503 1984
2177 2252
2577 1955
2011 2442
2204 2234
1933 2626
2163 2279
2190 2256
2480 2044
2211 2284
2115 2417
1974 2670
2079 2450
2197 2335
2450 2130
2581 2033
1546 3419
2193 2360
2160 2411
2367 2195
2371 2192
2087 2504
1837 3014
2259 2286
2414 2186
2158 2449
2292 2305
2184 2448
2209 2434
2423 2219
1835 3131
2081 2663
2353 2281
2943 1961
2277 2372
2085 2690
2273 2404
2155 2597
1993 2877
2360 2317
2286 2396
2365 2316
2233 2497
2077 2740
2466 2240
2225 2514
2319 2394
2090 2739
2359 2366
2302 2443
2422 2327
2202 2653
2518 2255
2364 2412
2453 2333
2381 2410
2116 2834
2113 2845
2347 2483
2370 2446
2741 2187
2493 2332
2459 2369
2279 2585
2586 2265
2267 2617
2498 2334
3039 2054
2400 2438
2363 2499
2205 2758
2807 2182
2306 2608
2412 2474
2136 2919
2488 2403
2216 2809
2102 3001
2338 2625
2253 2783
2201 2909
2375 2610
2389 2600
2437 2561
2595 2400
3009 2175
2416 2604
2356 2708
2517 2482
2455 2568
2357 2714
2527 2488
2446 2619
2632 2424
2451 2640
2834 2321
2673 2444
2749 2407
2485 2661
2296 2928
3027 2254
2553 2631
2535 2651
2398 2819
2313 2961
2751 2451
2500 2704
2444 2803
2093 3334
2189 3199
2506 2732
2475 2778
2409 2881
2539 2718
2654 2643
2458 2853
2283 3128
3105 2323
2325 3086
2713 2638
3146 2303
3194 2288
2802 2577
2599 2765
2618 2742
2528 2860
2779 2636
2758 2655
2848 2571
2575 2825
2413 3023
2542 2885
2513 2902
2571 2849
2558 2873
2486 2958
2609 2818
2507 2936
2803 2677
2602 2844
2711 2745
2683 2775
2698 2762
2547 2924
2551 2914
2729 2737
2735 2754
3032 2516
2748 2752
2841 2703
3003 2546
2782 2764
2903 2649
2911 2675
2868 2711
2808 2750
2930 2665
2598 2974
3202 2459
2950 2674
3165 2487
2464 3134
3149 2508
2597 2996
3266 2430
2684 2918
2839 2793
2511 3124
2667 2978
3080 2657
2886 2814
3190 2572
2762 2944
2720 2991
3381 2402
2656 3056
2938 2795
2893 2859
3162 2650
2909 2865
3030 2780
2483 3277
3020 2792
2960 2850
2722 3089
2687 3121
2671 3156
3352 2558
2812 3045
2954 2946
3245 2712
2685 3179
2991 2937
2579 3289
2733 3171
3063 2908
2988 2971
3081 2906
2934 3053
2677 3278
3263 2785
2774 3207
2804 3196
2926 3106
2668 3323
3129 2954
2701 3302
3104 2990
2882 3209
3072 3096
2899 3237
2862 3290
2997 3185
3047 3154
2877 3285
3043 3174
3053 3170
3444 2564
2771 3387
3233 3050
3212 3085
3211 3090
3335 2979
3273 3037
3326 3011
3345 2989
3025 3275
3120 3230
3284 3101
2989 3339
3418 2862
3327 3104
3332 3109
3356 3097
3220 3251
3166 3291
3148 3314
2999 3405
3359 3152
3406 3024
3079 3389
3144 3375
3454 2763
3267 3315
3291 3304
3268 3349
3316 3308
3330 3311
3283 3352
3384 3262
3357 3348
3209 3425
3369 3385
3368 3400
3403 3364
16635677 2046133546
1
sift 139
54 74
38 53
50 81
136 132
47 59
218 367
85 95
480 726
142 148
176 106
641 733
156 146
1896 598
150 180
135 206
1163 1130
168 169
1419 1556
169 191
249 247
2168 2582
228 283
1393 2532
244 310
278 304
2630 2704
265 305
2878 2682
442 513
280 337
301 325
465 576
348 355
327 389
554 626
393 502
395 541
590 649
529 447
455 550
614 768
603 720
1172 467
776 745
659 703
628 771
760 777
705 756
725 821
876 978
824 868
724 1049
1001 1197
834 929
856 1016
1195 1030
869 1014
845 1203
1253 1260
1656 752
1235 1050
1245 1304
1289 1168
1080 1410
1256 1423
1134 1373
1324 1194
1672 1325
1228 1317
2337 862
1557 1676
1130 1535
1331 1421
1764 1817
1404 1386
1325 1485
1663 1922
1305 1562
1226 2115
1998 1699
1466 1730
1511 1694
1716 1964
1684 1616
1481 1875
1786 2224
1516 1850
1448 1972
1791 2289
1740 1762
1560 1918
1827 2277
1852 1744
1526 2130
1976 2105
1627 2014
1524 2216
2036 2125
1542 2283
1865 2037
2097 2166
1887 2026
2316 1695
2000 2308
2126 1861
2120 1935
2440 1960
2061 2056
1665 2517
2267 2137
2025 2135
1885 2400
2442 2170
2188 2094
2134 2251
2197 2575
2160 2306
2129 2336
2834 2943
3052 1877
2150 2519
2858 3308
2273 2446
2527 2365
3025 3082
2208 2711
2085 3268
2877 3431
2485 2812
2902 2686
3369 3349
2954 2673
2458 3312
2619 3078
3148 2751
3097 3068
2771 3481
2997 3252
3194 3405
