167977404 507090750
1
sift 57
139 160
572 668
194 264
183 246
195 238
568 945
544 904
320 499
584 920
691 832
846 1009
699 889
792 844
477 1640
1161 1145
856 1028
862 1070
2477 3063
1023 1366
931 1106
1336 1441
2933 3561
1353 1570
1433 1727
1322 1655
3366 3123
1358 1621
1933 2248
2120 1559
3065 3789
1403 2371
2317 1923
1839 1864
1749 2177
2069 2397
1396 2835
1844 2250
2361 2495
2088 2533
2491 2136
2596 2787
2353 2518
2594 2674
3619 2827
2163 3199
2784 2760
3188 3193
3613 2462
3250 3043
3845 3402
3011 3538
3355 3125
3649 3926
2999 3731
3121 3701
3579 3302
3417 3517
167977404 672853355
1
sift 167
447 435
47 49
928 856
1058 637
59 67
456 429
105 169
776 2581
1251 1112
196 233
410 487
202 265
1614 1442
1513 1504
213 267
1147 1025
411 227
1865 1348
2392 1936
674 453
1290 1114
599 578
1586 1743
3257 2132
490 762
1809 1336
868 501
1742 1622
2960 2480
677 728
2161 1202
755 690
1894 1541
3014 2541
647 801
1972 1512
714 807
2055 1490
3234 2578
878 738
2045 1753
806 863
2197 1478
3067 2761
882 839
2040 1977
779 980
1907 2218
3914 2778
894 962
2388 1848
932 928
1953 2170
3917 2886
1015 929
2257 2016
1026 1048
2470 1909
3735 3181
1567 865
2293 2055
1132 1155
3109 1815
4069 3042
1221 1077
2893 2000
1313 1104
2959 2091
3923 3331
1421 1182
2879 2229
1365 1285
2294 2834
1497 1175
2701 2452
1682 1100
2704 2880
1261 1548
3323 2257
1339 1484
3111 2853
1579 1367
3162 2612
1408 1539
2495 3872
1560 1450
3283 2987
1800 1277
2890 3572
1684 1451
3390 2960
1849 1326
3549 3446
1945 1217
3583 3035
1813 1621
1889 1598
3371 3248
1854 1668
2556 1251
3711 3342
1881 1748
2125 1588
3602 3486
1955 1785
2242 1721
3516 3669
2341 1714
2158 1901
2063 2101
2440 1800
2545 1749
2193 2154
2019 2416
2115 2329
2843 1809
2611 1990
2649 2017
2485 2462
2412 2628
2645 2481
3304 1988
3298 2015
2819 2432
3084 2268
2634 2714
2863 2594
2808 2684
2774 2833
2923 2720
2829 2859
3414 2597
3447 2670
3615 2645
3056 3160
3153 3045
3196 3053
3308 2965
3463 2825
3693 2711
3461 2941
3765 2795
3327 3161
3775 2804
3801 2793
3189 3357
3244 3347
3194 3465
3227 3409
3043 3652
3534 3202
3649 3136
3498 3360
3027 3847
3408 3541
3409 3646
3733 3368
3795 3336
3980 3165
4169 2970
3936 3258
3726 3655
3614 3759
3807 3624
4007 3612
4124 3509
4162 3838
167977404 769617110
1
sift 398
39 21
16 14
74 67
59 54
22 17
70 77
69 84
84 89
110 117
83 88
210 249
131 137
295 284
235 226
182 209
297 291
196 230
337 315
599 560
198 236
332 504
225 214
388 438
781 649
202 264
399 491
213 247
456 470
878 679
260 260
410 521
252 277
447 509
737 868
328 254
598 530
411 222
793 598
928 906
309 330
860 792
390 325
767 849
836 1130
404 478
904 799
474 419
708 1140
873 1498
472 432
926 956
424 492
957 977
1233 1395
459 474
799 1365
524 467
927 1157
1245 1955
446 531
1078 1049
692 449
1076 1065
1694 1838
566 553
893 1330
546 583
1081 1117
1854 1763
617 602
1129 1093
651 587
1113 1162
1889 1770
626 608
1196 1097
490 787
1021 1393
1953 1922
634 636
1290 1187
798 540
1210 1416
2440 2100
603 734
1327 1338
640 707
1347 1339
2806 1878
714 669
1340 1381
677 714
1112 1824
2392 2293
646 751
1118 1887
868 616
1478 1482
2545 2226
842 653
1606 1509
636 854
1372 1722
3084 2265
755 728
1614 1530
783 725
1630 1585
3499 2524
870 682
1613 1608
993 625
1709 1511
2890 3109
1054 604
1894 1345
712 881
1581 1728
3801 2694
769 806
1664 1752
750 826
1368 2117
3023 3309
756 823
2161 1408
958 675
1742 1801
3681 3140
814 773
1603 1941
806 850
1972 1586
3917 3340
882 796
2055 1601
779 967
2133 1735
3797 3835
846 915
1880 2047
925 863
2045 1956
4169 3638
931 926
1627 2715
967 1025
2040 2026
3923 3943
1023 978
1907 2308
1205 827
2399 2033
4062 3994
1015 1004
2293 2234
1160 942
2486 2036
1104 1029
2524 2003
1036 1115
2853 1858
1125 1155
2587 2376
894 1550
2609 2400
1477 919
2350 2688
1092 1367
2627 2432
1512 1032
1888 3455
1574 996
2294 2851
1193 1306
2773 2411
1279 1206
2394 2856
1221 1299
2639 2671
1454 1114
3109 2221
1313 1254
2959 2402
2026 874
2913 2452
1328 1255
2701 2681
1180 1504
2893 2519
1236 1396
3021 2457
1457 1213
2743 2789
1297 1462
3001 2597
1376 1358
2571 2953
1393 1386
2706 3004
1336 1486
3231 2725
1365 1453
3323 2674
1682 1195
3290 2853
1575 1295
3392 3001
1261 1680
3710 2890
1486 1389
3381 3084
1289 1640
3111 3476
1497 1388
2949 3767
1503 1400
3169 3530
1339 1615
3638 3133
1358 1743
3051 3780
1463 1620
3113 3749
1558 1541
3352 3665
1408 1737
3583 3369
1445 1708
3522 3510
1585 1565
3549 3583
1642 1551
4086 3153
1560 1666
3639 3544
1800 1468
3835 3514
1659 1593
3976 3372
1711 1595
3617 3739
1781 1542
3793 3965
1849 1506
3865 4062
1747 1583
4115 3910
2175 1311
3921 4111
2070 1505
3739 4149
1813 1811
1696 1931
1564 2203
1720 1980
1740 2029
1351 2840
1881 1949
1530 2578
2115 1787
1890 2030
1814 2229
2096 1874
1925 2001
2063 1907
1968 2018
1844 2332
1955 2126
1960 2155
2228 1926
1767 2620
2361 1883
2193 2109
2158 2231
2366 2028
2338 2061
2261 2186
2174 2415
2419 2151
2489 2115
2163 2548
2251 2434
2003 2734
2341 2351
2160 2606
1922 2876
2247 2528
2716 2011
2200 2592
2556 2208
2328 2539
2611 2319
2732 2201
1793 3518
2797 2216
2843 2187
2485 2574
2506 2551
2520 2598
2753 2340
2364 2746
2718 2491
2679 2565
2624 2633
2398 2908
2651 2736
2326 3017
2526 2844
2646 2772
2314 3082
2661 2811
2930 2572
2863 2650
3298 2325
2212 3409
2349 3215
3185 2438
2820 2790
2819 2817
2850 2797
3616 2217
2920 2747
3005 2695
2647 3009
2774 2919
2923 2852
2634 3156
2829 3053
3414 2649
2976 3063
2591 3740
3188 2980
2596 3794
3180 3012
2767 3538
3170 3052
2903 3426
4105 2612
3054 3278
3196 3168
3274 3137
3765 2863
3034 3413
3448 3048
2901 3654
3342 3242
3461 3150
3328 3348
3635 3090
3037 3710
3244 3469
3307 3411
3463 3284
3056 3730
3649 3199
3693 3243
3339 3557
3409 3524
4083 3002
3534 3475
2979 4125
3475 3602
4099 3131
3175 4009
3643 3561
3708 3535
3417 3792
3633 3593
3908 3362
3597 3694
3408 3879
3720 3674
3689 3709
3844 3605
4182 3222
3484 3949
3980 3503
3795 3755
3027 4166
3733 3828
4007 3624
3491 4083
3848 3790
3614 3995
4128 3545
3807 3953
4049 3778
3882 3979
3890 4040
3936 4029
4044 3959
4087 3974
3924 4126
4100 4031
4154 4060
4162 4068
4175 4114
167977404 850672740
1
sift 249
26 33
70 65
309 294
45 44
112 123
72 88
450 485
84 82
236 251
95 99
529 560
185 237
287 274
210 226
690 683
291 305
335 334
337 321
1127 893
297 400
298 403
410 373
1236 1061
371 408
531 370
399 388
1238 1086
436 427
495 421
501 423
1429 1084
451 482
496 528
456 490
1274 1228
774 468
633 534
598 615
1139 1512
611 618
723 539
678 649
1537 1119
754 606
742 891
709 639
1450 1199
801 652
978 729
784 727
1454 1272
648 967
1009 786
956 720
1527 1258
875 770
1150 842
1081 764
1467 1366
942 880
1006 986
1021 832
1750 1335
1076 803
1165 944
904 992
1705 1435
1047 921
1045 1094
821 1140
1604 1637
926 1068
1216 1002
1078 993
2083 1678
1149 995
1345 1010
1129 1058
2131 1770
1177 1046
1449 1117
1164 1085
2008 1938
994 1300
1366 1264
1327 1088
2158 1957
1340 1166
1524 1214
1347 1210
2175 2042
1406 1201
1493 1275
1581 1277
2427 1913
1612 1293
1476 1411
1478 1499
2248 2237
1541 1387
1608 1338
1603 1504
2655 1893
1599 1362
1673 1330
1664 1467
2364 2262
1519 1468
1669 1399
1729 1569
2429 2263
1326 1746
1743 1347
1864 1466
2398 2336
1654 1483
1798 1457
1709 1639
2746 2172
1397 1813
1764 1489
1821 1630
3076 2266
1755 1659
1875 1577
1834 1644
3764 2100
1994 1473
1944 1612
2034 1553
3446 2434
1986 1608
1964 1652
1972 1619
2810 3061
2146 1566
2202 1540
1993 1696
3274 2688
1984 1676
2311 1509
2324 1521
2843 3226
2065 1690
2208 1691
1825 2079
2846 3283
2359 1623
2409 1629
2268 1720
2855 3305
2095 1837
2004 1910
2560 1609
3635 2710
2186 1903
2438 1762
2236 1911
3448 2954
2087 2073
2358 1980
2098 2075
3693 2926
2240 1974
2362 2088
2529 1850
3475 3116
2293 2138
2400 2094
2627 2054
3044 3623
2604 1952
2467 2230
2609 2072
3458 3324
3214 1737
2452 2467
2587 2175
2894 1920
2703 2255
2524 2319
2199 2727
2674 2343
2724 2206
2886 2112
2665 2506
2239 2827
2606 2455
2742 2452
2135 3029
2993 2155
2955 2312
2133 3202
2394 2842
2592 2729
2701 2569
3273 2091
2558 2775
2959 2412
3281 2153
3080 2387
2743 2643
2949 2470
3033 2558
2536 2940
2873 2742
3778 2231
3021 2711
2791 3106
2827 3130
3111 2748
3001 2879
3225 2696
3060 3000
3647 2605
3097 2998
3495 2746
3052 3059
3280 2878
3617 2948
3182 3065
3383 2888
3391 3158
3631 2785
3208 3174
3580 3077
3245 3472
3577 3146
3351 3359
3522 3203
3919 2986
3739 3164
3691 3244
3666 3447
3707 3485
3688 3494
4142 3063
3921 3333
3583 3633
3867 3539
3835 3433
4093 3405
3900 3619
3793 3739
3976 3711
3945 3822
4196 3846
4153 3686
4195 3827
167977404 858943217
1
sift 79
531 400
65 59
2445 1367
92 99
496 554
337 311
2294 2535
399 409
754 513
456 438
774 461
1449 1021
1081 665
1021 810
1599 1093
1076 833
1078 924
1608 1139
1178 1032
1340 1138
1607 1475
1413 1100
1553 1069
1984 1385
1630 1158
1581 1218
1755 1588
1614 1344
1584 1383
2023 1471
1664 1395
1742 1430
1986 1527
2034 1249
1972 1433
2065 1573
1603 2044
1994 1631
2105 1834
2268 1529
2040 1713
2439 1654
2098 1913
2409 1677
2418 1759
2587 1732
2240 2141
2467 1972
2257 2214
2609 1886
2703 2120
2627 1950
3273 1630
3033 2117
2879 2424
2955 2206
2742 2387
2495 3157
3225 2101
2759 2653
4107 1879
3691 2163
3669 2364
3111 2529
3020 2661
2763 3509
3859 2222
3495 2499
3383 3087
3169 2749
3391 2941
4142 2842
3688 2808
3381 3255
4153 2998
3974 3206
3666 3511
4185 3477
3921 3614
167977404 897658064
1
sift 423
44 55
116 139
56 57
93 58
54 61
160 170
68 72
81 79
83 80
169 213
89 111
139 151
90 117
156 244
97 131
126 174
140 196
168 245
171 227
194 255
191 237
205 242
198 235
193 291
202 241
234 286
207 254
395 420
225 250
216 321
294 322
289 631
318 305
321 346
273 352
444 459
340 339
394 466
313 373
407 656
379 395
382 666
375 477
392 702
393 476
376 719
426 478
498 674
423 538
461 603
448 500
459 748
490 482
420 677
414 569
446 792
467 516
572 618
586 471
663 637
474 599
630 611
524 646
590 757
546 653
602 662
548 681
477 1117
545 735
568 743
628 689
667 826
544 768
534 807
610 711
772 945
624 706
573 782
542 804
779 939
583 776
597 789
651 703
808 921
653 738
707 708
681 718
984 824
646 799
616 845
677 778
856 962
603 895
658 856
728 791
999 918
705 815
582 1106
764 775
859 1089
712 870
734 869
692 931
882 1141
607 1062
845 786
814 863
861 1183
661 1012
689 982
636 1156
894 1639
711 965
789 949
729 1057
1122 1706
757 1093
915 916
890 913
1336 1490
840 983
862 1004
819 1048
1247 1734
846 1031
900 976
852 1055
1339 1632
876 1000
1010 1011
986 1072
1433 1648
931 1130
1048 1124
1038 1051
1734 1418
972 1139
936 1251
933 1194
1344 1897
998 1144
1020 1193
1023 1157
1622 1549
908 1298
1032 1252
1123 1191
1484 1751
1161 1178
1073 1347
1015 1330
1295 2072
1229 1166
1303 1213
993 1479
1365 2082
1103 1349
1217 1344
1180 1318
1403 2106
1261 1232
1381 1215
977 1696
1435 2083
1170 1342
1162 1498
1062 1506
1371 2208
1230 1350
1307 1413
1114 1552
1396 2177
1342 1369
1367 1422
1313 1428
1653 1907
1289 1533
1343 1523
1353 1509
1589 2078
1154 1924
1364 1535
1322 1591
1767 1978
1212 1850
1632 1386
1358 1644
1740 2179
1509 1487
1359 1684
1477 1539
1749 2223
1408 1636
1430 1610
1405 1654
1564 2671
1629 1437
1588 1485
1351 1848
1813 2279
1443 1683
1913 1295
1445 1721
1955 2313
1428 1750
1571 1693
1463 1718
2431 1905
1535 1674
1520 1763
1486 1822
2217 2112
1635 1635
1590 1816
1411 1970
1757 3023
1376 2068
2031 1404
1560 1860
2069 2567
1623 1819
1615 1998
1594 1910
2067 2581
1817 1772
1874 1837
2063 1541
2353 2324
2120 1585
1839 1974
1645 2196
2241 2466
1580 2310
1602 2386
1960 1891
2491 2289
1711 2269
1961 1964
1881 2065
2716 2282
1707 2393
1941 2057
1844 2292
2336 2694
1533 2781
1687 2771
1933 2141
2526 2555
1595 2884
1850 2476
1979 2224
2361 2794
2211 2056
2406 1976
1999 2358
2594 2812
2003 2395
2165 2306
2053 2402
2567 2879
2074 2392
2169 2468
2228 2262
2698 2844
1940 2710
2043 2683
2088 2512
2859 2898
2681 2061
2517 2268
2220 2591
2784 2944
2425 2369
2145 2726
2230 2646
2820 2991
2349 2504
2741 2207
2541 2398
2263 3777
2654 2325
2041 2999
2247 2790
2511 3560
2266 2758
2109 3017
2163 2912
3054 2928
2315 2746
2351 2854
2231 2887
2792 3182
2484 2602
2245 2985
2520 2569
2863 3149
2770 2388
2745 2509
2419 2739
2684 3450
2261 2918
2967 2337
2237 2956
2920 3213
2485 2761
2822 2624
2489 2798
3613 2793
2338 2949
2396 3111
2901 2450
3188 3157
2027 3518
2272 3460
2457 2995
2778 3855
2200 3323
2689 2994
2596 2924
3619 3014
2556 3033
2234 3595
2647 3063
2813 3875
2731 2989
2534 3191
2718 3036
3414 3221
2477 3415
2466 3462
2506 3381
3361 3294
2688 3180
2598 3590
2858 3105
3250 3435
2645 3373
2848 3254
2700 3292
2904 4042
2691 3325
2821 3455
2829 3156
3037 4255
3005 3025
2694 3684
2326 4085
3228 4159
2798 3429
3013 3217
2538 3994
3579 3848
3074 3209
2933 3423
2819 3685
3412 4101
2952 3425
3133 3199
2732 3902
3263 4314
3034 3420
2537 4210
3011 3517
4019 3670
3056 3473
3078 3499
2999 3607
3708 4021
3366 3211
3240 3395
3121 3567
3514 4185
3155 3492
3398 3335
3626 3110
3806 3996
3355 3321
3229 3681
3300 3488
3590 4218
3131 3738
3529 3417
3339 3521
3845 4091
3160 3782
3212 3761
3535 3454
4105 3965
3716 3316
3457 3768
3409 3683
4154 4160
3027 4181
3911 3348
3586 3637
4173 4252
3491 3819
3386 3924
3733 3619
3453 3881
3523 3894
3365 4050
3349 4071
3981 3578
3601 3887
3871 3728
3800 3857
3534 4027
3512 4144
3623 4060
3696 4003
3348 4313
3891 3865
4063 3939
4064 3714
4181 3696
3770 4324
4113 3971
4192 3859
3890 4281
4059 4200
4206 4074
4090 4282
167977404 1375567567
1
sift 88
531 331
70 64
2890 2435
65 77
497 517
291 265
337 290
499 670
399 309
456 468
754 546
784 604
801 629
910 677
974 673
742 866
1006 801
1081 729
1021 758
1449 1073
1047 761
1076 871
1519 1399
1078 957
1584 961
1764 1349
1630 947
1340 1145
1755 1378
1581 1040
1406 1159
1986 1465
1553 1237
1603 1379
1984 1514
1664 1413
2034 1293
2065 1488
1972 1421
2324 1335
2359 1436
2268 1576
2208 1615
2004 1786
2098 2157
2409 1603
2105 1834
2587 1828
2439 1626
2186 1793
2609 1885
2418 1734
2467 1941
2240 2347
2724 2011
2703 2081
2627 2190
2226 2701
3225 1853
3021 2058
2592 2426
2955 2179
2959 2154
2674 2453
2742 2510
2394 2758
2121 3323
3033 2299
2606 2984
3080 2276
2827 2718
3111 2747
3148 2821
3281 3139
3617 2600
3051 3396
3245 3672
3163 3349
3392 3356
3666 3635
3922 2879
3381 3566
4068 3376
3688 3539
3900 3551
4185 3654
3976 3540
4198 3569
167977404 1537327672
1
sift 224
68 76
83 92
386 429
507 802
90 105
156 215
423 502
772 920
173 244
198 254
610 729
1484 1456
202 289
234 318
681 740
1371 1787
328 286
273 335
764 987
1403 1933
313 338
325 350
859 926
1870 1583
389 435
375 458
931 1069
1564 2626
360 493
586 334
1203 1216
2217 1946
394 483
426 485
1170 1304
2361 2061
554 387
424 613
1201 1761
2491 1965
524 490
474 567
1497 1487
2069 2408
602 515
640 554
1486 1521
3037 3625
519 667
543 681
1849 1571
3188 3513
548 725
651 638
2070 1457
3514 3988
597 689
583 728
2722 1220
3844 3779
630 707
573 806
2053 1725
616 773
637 770
1779 2180
603 832
544 929
2228 1960
607 836
750 724
1955 2524
728 762
677 804
2230 2281
734 791
689 901
1931 2765
692 907
814 838
2403 2793
712 1026
636 1245
2526 2688
1010 903
846 1071
2596 2931
1036 916
852 1077
2820 2858
1015 942
1004 1049
2256 3658
972 1076
986 1080
2863 2976
998 1086
1038 1107
2920 3037
1123 1058
908 1298
4105 2744
1032 1193
1102 1226
3365 3262
1161 1185
1359 1134
3461 3438
1230 1271
1217 1297
3327 3728
1313 1267
1261 1375
3453 3938
1180 1540
1311 1388
3657 3855
1445 1315
1322 1445
3649 3979
1632 1255
1353 1573
3882 4008
1336 1598
1289 1677
1700 1377
1358 1789
1376 1790
1588 1580
1463 1722
1411 1788
1405 1795
1535 1714
1593 1699
1439 1840
1558 1792
1595 1836
1707 1750
1568 1870
1560 1886
1428 2049
1961 1689
1839 1821
2063 1673
2120 1676
1580 2264
1749 2066
1351 2933
1767 2146
1881 2015
1649 2405
1790 2258
1844 2415
1623 2865
1999 2355
1940 2504
2351 2039
2654 1879
2315 2132
2003 2586
2165 2450
2088 2680
2487 2378
2353 2537
2835 2083
2338 2571
2556 2368
2247 2729
2489 2468
2419 2550
2163 2887
2798 2213
2483 2660
2221 2979
2901 2240
2506 2690
2784 2411
2718 2495
2485 2760
2456 2950
2234 3359
3005 2535
2466 3229
2770 2894
2598 3124
2520 3209
2998 2707
2848 2968
2691 3154
2647 3242
2651 3244
2858 3065
2829 3191
2732 3364
2645 3519
2833 3328
2568 3718
2700 3755
2952 3482
2999 3427
2819 3762
3535 3010
3355 3197
3250 3409
3011 3743
3349 3358
3339 3377
3078 3674
3131 3649
3161 3644
3579 3297
3121 3881
3457 3558
3690 3369
3300 3766
3027 4134
3417 3931
3518 3859
3512 3869
3534 3886
3696 3769
3597 3941
3491 4099
4192 3888
167977404 1928484021
1
sift 365
633 689
822 912
54 47
47 66
196 270
71 75
1029 1083
926 830
79 84
118 138
356 256
83 89
1366 1332
860 996
89 85
171 215
779 1001
90 112
1654 1779
1613 1667
194 262
213 237
945 836
198 258
1798 1716
2524 2201
225 240
243 254
894 1077
202 274
1522 2166
2701 2650
234 293
328 273
1221 1340
313 381
2558 2042
3001 2571
273 308
309 399
1287 1375
351 329
3585 2183
2790 2924
386 372
430 367
1505 1212
389 378
3945 4139
3323 2996
375 410
602 484
1497 1275
360 440
4075 3258
342 535
481 557
1365 1603
586 324
3638 3685
442 458
490 675
1339 1714
426 495
3739 3611
474 499
651 622
1813 1544
459 518
3583 3860
580 493
624 728
1762 1577
524 513
3835 3756
507 545
809 763
2070 1492
543 584
533 616
842 777
2174 1572
546 625
583 606
791 926
1955 2124
617 605
626 656
840 882
2033 2073
460 845
640 644
806 971
2283 2037
692 657
603 824
868 902
2019 2727
646 778
657 786
755 1072
2863 2664
728 731
677 774
967 1140
3461 3203
634 832
727 803
1114 1118
3196 3589
750 856
769 862
1229 1020
3328 3495
712 970
636 1134
1067 1214
3342 3487
1092 740
846 993
1072 1246
3463 3367
998 877
976 939
1249 1112
3708 3432
1010 933
931 997
1274 1156
4159 4152
1015 951
819 1174
1236 1277
908 1089
972 1021
1207 1322
1023 1096
986 1124
1180 1398
1102 1093
1193 1095
1394 1164
1161 1143
1574 954
1271 1274
1202 1232
1313 1220
1125 1556
1359 1259
1261 1315
1160 1489
1322 1299
1238 1353
1330 1267
1311 1386
1445 1201
1467 1206
1352 1371
1254 1514
1456 1352
1486 1291
1336 1465
1454 1392
1289 1591
1528 1339
1376 1491
1371 1504
1390 1486
1439 1509
1484 1447
1403 1552
1814 1236
1411 1568
1358 1664
1629 1407
1503 1510
1405 1718
1463 1678
1849 1317
1575 1588
1651 1520
2722 1040
1535 1643
1683 1502
1623 1575
1408 1777
1645 1642
1593 1627
1659 1621
1800 1737
1700 1656
1711 1666
1580 1952
1558 1876
1707 1792
1924 1657
1560 1962
1649 1885
1705 1881
1393 2539
1485 2295
1805 1830
1530 2245
1750 1892
1727 1988
2231 1549
1889 1838
1807 1965
1881 1853
1779 2032
1867 1999
2063 1753
1564 2498
1861 2082
1740 2164
2437 1674
1968 1954
2217 1794
1978 1982
2194 1822
1844 2326
2361 1791
2248 1919
1940 2176
2026 2149
2158 2143
1999 2271
2230 2094
2011 2412
2431 1924
2118 2279
2299 2218
2615 1852
1931 2655
2200 2349
2165 2469
2205 2434
2364 2239
2088 2587
2003 2718
2398 2337
2149 2568
2315 2387
2423 2348
2489 2225
2349 2396
2664 2110
2714 2161
2585 2196
2261 2572
2247 2712
2484 2383
2549 2408
2163 2824
2221 2781
2225 2790
2338 2634
1971 3118
2427 2601
2403 2583
2506 2518
2843 2211
2598 2456
2160 2964
2429 2687
2485 2613
2718 2371
3151 2060
2457 2678
2419 2780
2810 2497
2784 2443
2209 3059
2458 2938
2573 2773
2679 2721
2624 2830
2820 2631
2732 2725
2891 2564
2651 2877
2774 2723
3279 2336
2526 3019
2998 2550
2634 2968
3613 2115
2747 2876
2796 2851
2596 3127
2645 3105
2756 3015
2520 3263
2921 2815
2242 3866
3414 2406
2829 2955
2858 3207
3518 2439
2700 3256
2647 3580
2819 3336
2905 3255
2454 4007
3106 3034
2767 3519
2881 3342
3188 3128
2726 3612
3197 3095
3034 3306
3180 3173
3771 2863
3365 3126
3355 3146
2850 3920
3268 3285
3250 3393
3377 3363
3011 3718
3054 3665
3409 3388
3579 3278
3423 3382
3635 3381
3078 3824
3535 3347
3693 3359
3121 3785
3349 3547
3170 3919
3477 3428
3037 3937
3475 3671
3649 3366
3534 3551
3259 3958
3696 3407
3339 3768
3448 3849
3601 3526
3417 3818
3185 4132
3733 3613
3765 3624
3980 3630
3514 3930
3633 3809
3689 3943
3524 3955
4182 3270
3764 3891
3845 3683
3307 4157
3629 4019
3175 4205
3901 3686
3789 3918
3597 4023
4007 3886
4116 4228
3890 4040
3962 4167
4162 4104
3997 4207
167977404 2119627969
1
sift 1221
26 26
2 4
10 9
208 210
65 64
12 11
25 30
13 18
16 20
230 234
70 74
32 32
40 44
49 61
42 48
271 274
95 101
44 51
45 54
84 90
51 50
563 688
134 212
47 65
112 129
177 179
57 68
571 857
270 263
63 67
222 175
185 213
59 72
744 1020
337 349
67 79
190 233
210 239
69 84
910 889
352 335
74 82
236 258
241 257
88 111
1009 993
332 466
97 119
285 259
297 310
98 125
1045 1074
501 474
104 127
287 296
410 395
113 124
1052 1101
512 501
123 118
298 361
388 420
110 134
1438 1478
642 437
118 138
333 408
399 414
128 146
1397 1657
774 551
146 141
371 390
418 454
121 166
1964 2051
754 710
151 145
335 535
447 464
152 167
1994 2200
794 714
153 169
436 439
456 481
155 170
2335 2111
974 854
189 153
443 463
539 507
138 211
2105 2377
1019 932
156 178
499 442
598 633
158 177
2356 2694
1149 1180
159 183
432 530
679 683
135 224
3301 1917
1196 1194
147 204
495 480
678 712
175 182
2154 3020
1388 1167
186 173
496 510
709 708
145 229
3176 2520
1199 1510
187 184
531 494
801 670
172 192
3320 2781
1413 1376
169 194
527 496
648 835
168 198
2566 3995
1586 1260
176 197
508 579
784 772
191 216
3080 3349
1542 1477
196 223
565 583
708 897
202 227
3255 3738
1584 1467
207 290
575 620
822 776
234 250
3552 3584
1626 1472
243 287
611 612
884 793
251 285
3503 3770
1553 1578
273 286
633 597
860 815
278 275
3664 3655
1555 1606
281 278
723 673
821 890
323 249
3593 3730
1599 1597
269 300
742 760
843 876
277 291
3713 4016
1620 1777
299 303
960 860
875 891
318 293
3886 4153
1647 1791
283 319
1013 875
904 887
302 318
1673 1783
309 316
978 911
956 848
314 327
1864 1729
321 329
1006 1009
942 856
325 331
2004 1640
316 347
1165 1017
926 873
313 360
1865 1942
328 369
1216 1161
1047 864
351 362
1972 2006
350 392
1304 1201
1021 918
384 371
2055 2293
340 450
1366 1315
1081 915
382 386
2223 2142
374 412
1345 1394
1076 962
395 385
2240 2304
370 444
1333 1515
893 1241
420 398
2257 2295
419 401
1449 1393
1078 1037
394 423
2470 2106
397 427
1476 1531
1129 1094
408 445
2001 2685
429 428
1541 1507
1147 1073
462 400
2418 2385
422 446
1412 1645
905 1448
430 441
2452 2342
414 460
1524 1572
1164 1077
490 406
2411 2411
438 451
1608 1503
1176 1115
450 462
2587 2440
449 465
1641 1508
1113 1205
366 575
2376 2689
427 490
1518 1646
1134 1400
468 473
2481 2620
615 402
1493 1686
1327 1253
481 486
2627 2533
605 418
1743 1497
1340 1277
474 504
2614 2624
545 467
1669 1609
1357 1310
579 452
2724 2530
465 567
1654 1659
1320 1408
505 525
2742 2784
731 411
1764 1573
1406 1327
510 540
2959 2614
554 506
1866 1538
1630 1233
529 533
2956 2702
775 416
1798 1795
1347 1505
557 560
2433 3405
600 532
2009 1730
1478 1462
491 661
2875 3142
627 524
1875 1894
1612 1545
519 624
3111 2917
553 608
1715 2087
1639 1526
651 523
2729 3458
608 558
2179 1758
1581 1604
661 526
3130 3062
658 552
1944 1914
1614 1619
609 594
3109 3136
610 609
2065 1881
1368 1902
566 663
3379 3261
587 647
1984 2025
1664 1672
629 617
3391 3378
655 596
2095 2053
2181 1247
692 570
3548 3275
624 629
1948 2229
1603 1749
673 615
3978 2986
645 632
2023 2156
1729 1618
687 600
3411 3833
619 665
2186 2186
1709 1747
753 547
3666 3727
650 646
2359 2019
1742 1773
765 561
3930 3915
668 643
3062 1803
1803 1763
628 685
3859 4005
653 660
2409 2204
1894 1664
646 680
3973 4010
592 740
2052 2594
1821 1772
805 568
4114 3947
685 678
2438 2224
1746 1846
604 758
770 623
3281 1790
1927 1785
733 652
550 818
2400 2327
1834 1887
690 720
727 698
2318 2435
1880 1871
740 707
749 705
2362 2388
1745 2013
757 706
739 719
2288 2486
1907 1884
734 732
797 690
1946 3089
1824 1987
748 729
649 825
2467 2566
2045 1832
899 635
790 727
2612 2593
2360 1685
802 723
755 765
2665 2540
1930 1931
789 741
782 759
2687 2523
1897 2070
714 803
983 656
2668 2569
2034 1951
778 787
806 775
2593 2697
1993 1985
868 728
779 813
2759 2567
2098 2016
809 795
737 909
2899 2433
2268 2000
841 785
767 898
2358 3086
1935 2422
814 829
852 794
3055 2384
2146 2187
840 830
908 788
2827 2708
2236 2139
776 944
853 824
2674 2928
2226 2183
998 773
891 832
2422 3235
2133 2303
882 853
848 905
2815 2811
2324 2117
900 851
879 865
2955 2701
2199 2265
886 870
920 836
2703 2960
2135 2398
889 883
842 949
3118 2579
1956 2640
1014 799
895 895
2604 3241
2388 2150
928 869
919 894
2873 3102
2293 2366
997 834
878 952
3033 2966
2121 2692
938 901
1004 846
3157 2898
2560 2282
951 893
1125 789
2968 3179
2529 2373
932 976
913 1006
2597 3824
2536 2376
966 958
1124 833
3208 3016
2399 2583
1015 929
1020 926
3214 3151
2711 2339
979 956
1001 939
3097 3293
2524 2562
1048 904
1072 899
3280 3191
2609 2495
986 975
958 1005
3383 3219
2571 2535
1028 960
1038 978
3245 3549
2333 2825
1040 992
1036 1002
3691 3132
2239 3023
946 1081
1032 1014
3573 3220
2379 2873
1090 987
1050 1019
3647 3183
2394 2904
873 1224
1049 1024
3669 3190
3273 2171
1041 1040
1132 970
3577 3283
2743 2764
1206 900
1160 941
3306 3680
2701 2809
837 1348
1185 927
3468 3668
2886 2653
992 1127
1114 1018
3631 3688
2893 2677
993 1140
1211 936
3505 3826
2913 2719
1067 1060
1115 1041
3747 3952
2773 2868
1061 1086
1104 1082
4163 3503
3169 2511
1127 1079
1331 963
3867 3845
2879 2807
1123 1137
1298 999
3945 4021
2639 3130
1180 1121
940 1464
4142 3843
2993 2828
1485 924
1163 1188
4002 4070
3001 2835
1089 1307
1119 1267
3919 4144
3231 2658
1401 1003
1170 1227
4093 4130
3081 3053
1238 1138
1383 1044
4214 4111
3060 3080
1207 1215
1253 1148
3113 3103
1221 1190
1261 1152
2949 3358
1217 1198
1278 1149
3324 2993
1266 1164
1314 1130
3051 3238
1181 1299
1215 1239
3162 3167
1139 1401
1260 1191
3359 3105
1511 1030
1058 1562
3020 3647
1291 1182
1274 1211
3283 3340
1230 1270
1229 1273
3381 3245
1056 1600
1346 1154
3495 3302
1634 1007
1287 1222
3392 3412
1174 1416
1220 1321
3519 3288
1276 1271
1085 1631
3516 3431
1441 1136
1188 1451
3583 3393
1270 1350
1430 1177
3707 3325
1268 1368
1376 1250
3287 3754
1297 1337
1436 1218
3351 3737
1339 1332
1311 1383
3617 3513
1814 1043
1364 1336
3425 3751
1313 1407
1249 1486
3793 3492
1302 1431
1408 1312
3580 3656
1307 1458
1421 1345
3921 3344
1429 1355
1410 1381
3688 3601
1567 1248
1697 1160
3739 3595
1482 1325
1523 1306
3638 3683
1405 1419
1390 1438
3522 3825
1701 1185
1454 1385
3602 3749
1329 1555
1355 1517
4057 3509
1361 1506
1224 1751
3878 3861
1450 1426
1424 1455
3976 4096
1245 1712
1367 1542
4081 4058
1437 1447
1394 1520
4058 4164
1335 1610
1498 1443
4200 3970
1467 1471
1440 1521
4196 4085
1568 1410
1445 1533
1444 1540
1590 1420
1463 1527
1520 1474
1481 1551
1793 1283
1527 1499
1533 1494
1460 1579
1583 1457
1513 1583
1456 1628
1732 1388
1635 1479
1602 1513
1690 1436
1343 1812
1575 1582
1446 1706
1483 1688
1650 1524
1642 1561
1574 1621
1503 1728
1560 1673
1711 1541
1514 1738
1604 1637
1610 1634
1570 1695
1381 1864
1693 1617
1400 1883
1636 1708
1862 1502
1716 1638
1645 1741
2007 1374
1703 1682
1750 1641
1661 1764
1550 1852
1705 1743
1738 1705
1660 1789
1707 1753
1629 1830
1747 1744
1637 1845
1850 1654
1372 2155
1863 1687
1805 1742
1782 1771
1497 2004
1505 1999
1727 1817
1800 1779
1853 1754
2222 1446
1621 1943
1845 1776
1684 1891
1854 1784
1883 1756
1657 1944
1591 2077
2125 1588
1813 1853
1817 1854
1991 1691
1740 1905
1867 1838
2063 1669
1802 1898
1694 2043
2114 1713
1733 2050
2131 1715
1785 2035
1881 1916
1784 2049
1873 1967
2109 1798
1924 1936
2019 1866
1955 1921
1908 2018
2244 1788
2062 1877
1976 1945
2008 1924
2164 1843
1961 1988
1939 2014
2111 1888
2299 1805
1744 2343
1687 2479
1941 2058
2272 1849
2118 1935
2072 1982
1928 2141
2189 1913
2145 1977
2455 1819
2340 1868
2148 1996
2074 2073
1953 2239
1971 2245
2158 2034
1968 2256
2130 2081
2091 2124
2190 2028
2043 2178
2185 2045
2011 2246
2168 2072
2026 2237
2083 2190
2124 2167
2205 2095
2159 2147
2234 2091
1960 2379
2037 2297
2169 2161
2175 2163
2150 2244
2197 2185
1787 2847
2302 2093
1525 3426
2341 2063
2243 2216
2454 2011
2274 2213
2326 2169
2277 2226
2313 2209
2445 2083
2247 2276
2298 2240
2396 2127
2328 2217
2261 2274
2286 2277
2215 2344
2278 2286
2170 2415
2225 2356
2383 2203
2101 2507
2314 2281
2248 2345
2658 2001
2447 2181
2375 2253
1904 2876
2271 2364
2453 2211
2457 2205
1982 2755
2251 2404
2382 2273
2427 2250
2246 2436
2230 2462
2203 2503
2068 2674
2294 2421
2483 2248
2336 2382
2429 2311
2420 2317
2561 2195
2178 2595
2378 2370
2557 2252
2469 2329
2538 2288
2973 1952
2462 2350
2466 2368
2444 2405
2590 2275
2284 2618
2339 2574
2410 2500
2694 2268
2564 2380
2479 2475
2980 2048
2392 2591
2364 2634
2725 2300
2532 2471
2281 2763
2398 2625
2090 2981
2567 2461
2458 2602
2803 2283
2726 2346
2934 2170
2345 2775
2576 2536
2755 2374
2629 2509
2675 2476
2423 2746
2793 2355
2623 2538
2644 2512
2718 2455
2406 2799
2485 2718
2549 2638
2645 2547
2882 2320
2634 2568
2377 2829
2556 2662
2412 2813
2585 2632
2741 2496
2746 2492
2621 2644
2632 2627
2535 2743
2800 2473
2517 2774
2193 3144
2545 2772
2523 2793
2591 2745
2679 2660
2435 2902
2589 2762
2534 2814
2962 2389
2598 2768
2909 2427
2945 2403
2437 2923
2434 2929
2680 2710
2883 2490
2575 2810
2813 2577
2821 2571
2624 2786
3347 2148
2887 2518
2850 2600
3315 2241
2735 2734
3126 2359
2655 2842
2520 2951
2756 2757
2767 2737
2789 2726
2860 2666
2858 2675
2976 2558
2808 2740
3116 2425
2820 2738
2697 2866
2232 3522
2647 2913
3090 2483
2570 3032
3400 2313
3201 2438
2865 2783
2389 3318
2905 2751
2866 2816
2774 2891
2678 3006
2636 3050
2853 2858
2369 3477
3406 2429
2819 2918
2918 2839
2829 2931
2810 2954
2796 2967
3049 2753
2731 3085
2923 2885
3045 2792
3443 2488
3140 2703
2843 2985
2920 2899
2798 3055
3016 2844
3013 2851
3076 2797
3114 2782
3127 2778
2881 2989
2891 3022
2952 2957
2910 2995
2890 3040
2960 2998
3185 2820
2846 3182
2903 3093
3728 2510
3701 2524
2822 3239
2901 3124
2928 3092
2986 3035
3067 2952
3242 2853
3206 2874
2946 3112
3056 2999
3025 3043
3160 2922
2568 3716
3196 2905
3099 2984
2871 3259
3074 3024
3064 3048
3031 3108
3030 3114
2862 3383
3723 2661
3151 3010
3043 3137
3047 3138
2981 3249
3721 2715
2958 3311
3119 3090
3152 3070
3189 3054
3307 2962
3125 3115
3233 3031
3194 3081
3426 2912
3212 3087
3044 3257
2931 3487
3553 2894
3039 3348
3229 3121
3029 3372
3499 2942
3180 3200
3335 3078
3342 3074
3023 3422
3348 3065
3394 3047
2966 3566
3197 3229
3177 3246
3133 3316
2861 3757
3316 3158
3098 3384
3193 3270
3473 3060
3203 3300
3066 3504
3259 3243
3395 3140
3063 3530
3218 3305
2983 3672
3268 3277
3191 3371
3484 3125
2870 3885
3815 2930
3270 3351
3446 3185
3187 3474
3409 3217
3300 3343
3243 3463
3240 3469
3868 2939
3408 3286
3386 3329
3339 3421
3880 2970
3376 3373
3724 3094
3515 3247
3572 3203
3377 3402
3457 3324
3368 3455
3327 3510
3353 3488
3407 3417
3507 3341
3464 3399
3277 3607
3437 3440
3512 3381
3463 3439
3448 3480
3299 3637
3493 3446
4099 2937
3643 3285
3458 3508
3524 3436
3475 3526
3523 3490
3173 3817
3434 3551
3781 3237
3298 3700
3635 3354
3746 3301
3681 3433
3586 3533
3764 3390
3561 3574
3453 3690
3349 3820
3744 3491
3700 3532
4032 3181
3501 3697
3782 3475
3614 3591
2967 4211
3570 3648
3571 3660
3693 3556
3629 3613
3027 4201
3863 3416
3498 3763
3896 3398
3991 3303
3741 3586
3958 3369
3836 3535
3745 3605
3350 3973
3986 3359
3891 3529
3771 3657
3398 3990
3825 3603
3699 3711
3534 3872
3321 4090
3795 3670
3743 3705
3623 3785
3692 3744
3689 3765
3994 3502
4021 3485
3419 4046
3414 4053
3888 3626
3949 3563
4116 3365
3717 3788
3765 3752
3478 4032
3914 3627
3565 3971
3556 4019
3770 3835
3980 3664
4061 3565
3627 4031
3803 3883
3697 3992
3927 3787
4087 3616
4206 3313
4072 3669
3936 3838
3769 4036
3807 4043
3790 4066
3830 4026
3894 3960
4082 3743
4000 3848
4056 3782
4052 3797
3940 3925
3995 3894
3890 4014
3948 3985
4040 3878
4148 3750
3628 4202
3984 4020
3797 4165
4046 3951
4065 3931
4031 4060
4092 3996
4014 4100
3455 4249
4132 4055
4164 4064
4090 4156
4170 4139
4201 4106
4208 4073
4216 3977
4218 4151
