1735922398 1738048405
1
sift 294
2668 2202
41 76
134 136
99 117
108 121
160 164
149 149
182 178
195 170
188 182
199 205
210 208
209 198
219 214
295 270
220 218
291 238
411 333
322 280
338 278
420 399
303 379
412 320
471 385
377 397
453 351
502 432
450 392
551 347
511 452
562 465
620 482
495 573
589 517
665 494
720 444
592 560
581 636
623 609
625 601
714 554
653 595
659 638
785 718
728 566
717 616
840 752
724 626
799 570
734 1040
861 680
854 722
908 843
873 714
823 790
958 818
979 782
884 887
878 899
1058 773
951 864
1020 883
994 853
1093 793
1012 970
1036 866
1032 872
1101 946
971 1010
1170 961
1126 1031
987 1295
1014 1258
1201 1157
1439 904
1326 1043
1271 1093
1342 1084
1209 1195
1470 1256
1325 1125
1246 1253
1260 1500
1424 1127
1171 1476
1347 1433
1304 1305
1268 1481
1369 1411
1453 1360
1408 1398
1278 1573
1344 1528
1506 1356
1575 1330
1736 1179
1563 1355
1418 1489
1650 1334
1623 1397
1665 1375
1600 1480
1918 1176
1605 1590
1560 1565
1781 1345
1712 1464
1956 1261
1676 1522
1740 1658
1760 1446
1505 1721
1895 1600
1849 1404
1705 1566
2113 1453
1884 1459
2256 1265
1759 1837
1840 1559
1758 1655
1873 1966
2050 1421
1793 1697
2073 1817
1919 1735
1920 1756
2040 1852
1861 1796
2114 1725
2091 1836
2025 1766
2469 1585
2051 1892
1986 1857
1880 1984
1954 2113
2582 1558
2032 1854
2022 2092
2070 1855
2180 1829
2219 1933
2041 1944
2153 1925
2294 1922
2086 1970
2205 1989
2116 2091
2152 2055
2368 1877
2277 1982
2369 1887
2227 2006
2275 2020
2253 1996
2290 1983
2161 2158
2189 2137
2194 2132
2078 2272
2461 1903
1992 2335
2188 2205
2317 2038
2335 2036
2367 2093
2320 2087
2603 1868
2463 2066
2186 2273
2271 2238
2718 1961
2881 1778
2509 2067
2224 2485
2536 2082
2288 2422
2485 2274
2435 2350
3133 1830
2355 2493
2413 2425
2637 2196
2627 2257
2759 2062
2494 2363
2488 2442
3054 1948
2451 2499
2626 2349
2649 2317
3071 1991
2767 2269
3108 1979
2611 2387
2585 2570
2684 2320
2432 2611
2933 2243
2687 2370
3258 2100
3157 2192
2667 2571
2754 2489
2786 2480
3004 2271
2730 2540
2679 2591
2506 2845
2796 2512
2701 3075
2560 2882
3678 2104
2659 3191
3537 2239
3119 2557
2971 2785
2976 2658
3150 2563
2842 3009
2970 2679
3118 2599
3051 2828
3467 2409
2770 2953
2949 3121
3003 2736
2855 2922
3028 3076
2993 2829
2858 3013
3207 2993
3047 2822
3387 2608
3214 2994
3925 2303
3210 2813
3377 2883
3073 3025
3175 2937
3239 3150
3344 2843
3612 2674
3358 3030
3001 3257
3489 2893
3340 3060
2975 3433
3845 2668
2940 3661
3478 2998
3483 3001
3406 3294
3419 3054
2982 3502
3843 2909
3596 2936
3354 3192
3235 3619
3491 3077
3656 2939
3574 3333
3429 3173
3262 3393
3769 3220
3698 3087
3595 3238
3409 3631
3501 3346
3791 3115
3673 3422
3693 3256
3579 3376
3620 3558
3692 3314
3666 3394
3493 3672
3570 3492
3808 3372
3875 3304
3616 3640
3954 3234
3887 3515
3720 3565
3706 3651
3935 3588
3901 3415
3967 3362
3992 3467
3921 3585
3877 3688
4003 3757
3958 3659
1735922398 1761909473
1
sift 305
1105 1061
80 96
134 134
99 113
2668 2357
108 116
160 161
149 146
3396 2936
182 177
195 167
188 181
199 199
210 210
209 196
219 206
295 256
220 218
291 239
411 329
322 285
338 290
375 399
303 403
377 402
420 394
453 356
412 397
471 391
450 410
551 349
399 469
502 437
563 518
511 459
562 467
665 498
495 574
476 651
581 637
589 512
592 533
714 550
720 455
723 526
625 662
659 614
653 638
634 703
728 556
724 613
785 728
717 639
854 656
840 738
737 805
861 691
878 717
968 687
823 762
734 1051
884 836
958 775
1020 920
926 810
979 796
1012 959
1058 761
994 843
1350 726
951 902
1036 940
1101 910
1062 915
1032 970
1126 1024
971 1073
1170 957
1201 1151
987 1263
1439 929
1209 1164
1342 1096
1325 1123
1260 1478
1326 1132
1351 1126
1347 1380
1401 1122
1268 1324
1278 1530
1579 1115
1171 1535
1470 1329
1344 1413
1453 1356
1369 1482
1424 1406
1563 1335
1506 1391
1408 1493
1418 1522
1575 1405
1650 1344
1665 1395
1918 1202
1781 1291
1623 1459
1712 1373
1849 1256
1605 1527
2113 1369
1760 1360
1840 1346
1740 1675
1676 1510
1956 1366
1905 1768
1736 1563
1884 1497
1954 1796
1758 1684
2050 1487
2073 1757
1505 1983
1793 1725
1873 2003
1919 1705
1920 1720
2098 1820
2025 1656
2153 1669
2040 1882
1986 1774
1861 1964
2051 1896
2032 1808
1880 1986
2679 1616
1602 2488
2114 1845
2294 1855
1992 1963
2180 1840
2116 2022
2499 1680
2041 2020
2091 2063
2086 2048
2205 1984
2275 1962
2070 2118
2227 1971
2415 1870
2290 1928
2320 1900
1891 2406
2186 2106
2389 1921
2078 2266
2469 1869
2253 2098
2188 2205
2317 2039
2189 2169
2463 1953
2271 2105
2200 2177
2161 2254
2369 2034
2461 1950
2277 2145
2759 1828
2367 2080
2219 2250
2435 2133
2194 2280
2718 1885
2288 2289
2336 2237
2224 2410
2319 2283
2536 2136
2355 2308
2432 2265
2464 2225
2276 2427
2509 2197
2413 2301
2451 2404
2858 1977
2627 2300
2793 2186
2611 2380
2684 2298
2585 2461
3071 2012
2649 2369
2485 2571
2687 2376
2767 2274
3133 2084
3108 2085
2494 2634
2626 2497
2603 2517
2754 2392
2702 2465
2637 2542
2506 2716
3157 2323
3004 2293
2881 2409
3341 2217
2738 2597
2730 2622
2949 2493
2561 2912
2743 2673
2786 2642
2799 2670
2842 2623
2701 2793
2976 2545
3119 2481
2971 2766
3118 2556
2970 2653
3051 2795
2770 2863
2599 3144
3301 2674
3003 2678
3678 2291
3007 2967
3467 2421
2993 2724
3377 2764
2582 3270
3387 2484
3028 3120
3073 2694
3479 2531
3239 2985
3150 2763
2855 3073
3235 3053
3047 2887
3509 2632
3207 3122
3376 2758
3344 2783
3081 3261
3537 2680
3175 2993
2953 3495
3210 2966
3001 3214
3066 3462
2975 3233
2762 3512
3406 3139
3419 2869
3612 2773
3574 3162
3925 2522
3596 2820
3358 3411
3429 3045
2982 3482
3493 3293
3698 2852
3491 3075
3769 3124
3483 3093
3845 2786
3673 3245
3311 3267
3262 3313
3451 3489
3354 3273
3792 2927
3680 3423
3595 3113
3501 3224
3875 3186
3579 3282
3692 3192
3621 3631
3690 3271
3967 2919
3992 3218
3364 3626
3720 3430
3935 3442
3570 3561
3666 3585
3971 3447
3921 3436
3808 3611
4000 3336
3954 3446
3958 3506
4003 3734
3923 3711
1735922398 1780862618
1
sift 219
67 87
199 214
139 124
134 131
329 379
220 205
177 132
160 161
596 483
219 207
179 169
322 272
1077 788
303 477
375 387
377 441
1095 938
450 421
471 400
399 509
1057 1039
563 386
502 452
562 497
1648 1530
581 648
720 409
495 606
1910 1598
625 618
592 588
623 653
1859 1640
747 631
653 646
724 655
1642 1999
840 773
799 622
861 649
2016 1943
958 864
854 734
994 859
2527 1938
1012 1066
1058 821
1032 948
2101 2969
1101 978
1014 1043
1093 944
2385 2726
1126 1035
1325 969
1170 1126
2668 2482
1271 1104
1455 1001
2914 652
2804 2800
1355 1080
1439 1079
1201 1172
3184 3232
1209 1258
1074 1549
1908 960
1563 1274
1760 1031
1351 1259
1575 1276
1424 1289
1369 1453
1260 1723
1344 1509
1408 1443
1665 1343
1268 1626
1326 1639
1418 1596
1453 1562
1849 1227
1712 1482
1781 1328
1292 1854
1347 2171
1560 1609
1705 1496
2113 1643
1956 1511
1758 1687
2073 1834
2335 1393
1600 2038
2040 1923
1919 1701
2050 1624
1954 2140
1861 1786
2153 1638
2294 1851
1883 1885
2025 1821
2116 2021
1986 1869
1880 1982
2091 2160
2180 1774
2114 1842
2161 2124
2041 1913
2469 1696
2051 2281
2032 2034
2137 1971
2275 2066
2228 1909
2320 1901
2367 2180
2253 1966
2086 2130
2355 2208
2271 1998
2290 1996
2277 2307
2319 2169
2205 2289
2219 2397
2432 2187
2463 2149
2464 2182
2435 2210
2509 2153
2718 1993
2536 2129
2288 2422
2451 2332
2486 2236
2494 2328
3133 1957
2413 2484
2375 2623
2626 2411
2637 2368
2759 2250
2488 2625
2611 2432
2540 2506
2585 2559
2684 2384
3182 2013
2701 2539
2649 2456
3108 2089
3157 2278
2667 2477
2881 2319
3028 2434
2506 2745
3537 2026
2796 2620
2754 2545
2687 2635
3341 2295
3071 2373
2730 2697
2786 2701
3119 2415
3150 2433
2735 3048
2560 2978
2858 2740
3875 2220
3118 2718
3301 2619
3081 2769
3387 2561
3003 2806
2971 3037
2986 2816
2970 2853
3051 3001
3678 2464
2855 3101
3207 2945
3350 2692
3612 2640
3007 3251
3467 2737
3792 2661
3239 3099
3344 3080
3508 2947
3214 3285
3311 3137
3466 3007
3358 3149
3501 3035
3579 2987
4000 2629
3596 3032
3698 3110
3406 3392
2975 3827
2982 3845
3574 3329
3692 3540
3557 3455
3559 3520
3665 3584
3769 3299
3673 3441
3808 3449
3620 3534
4003 3822
3958 3600
3917 3818
3909 3832
1735922398 1789068863
1
sift 282
99 99
22 27
108 112
311 350
113 83
149 139
98 134
182 156
375 378
160 135
189 200
195 124
199 183
399 504
184 205
209 176
234 270
198 196
495 715
477 321
219 203
404 407
303 213
720 531
425 414
291 290
446 502
438 433
592 638
476 522
453 441
481 532
412 505
725 674
524 506
488 547
511 520
686 455
717 710
631 529
569 625
623 597
714 542
823 939
767 575
634 615
728 665
625 640
873 913
723 685
551 775
761 672
734 642
926 883
769 773
710 684
854 785
731 723
994 984
1001 852
840 789
861 931
958 850
1171 858
979 992
1012 894
1036 1036
1041 907
1075 1123
1175 1429
927 1022
1032 1115
1020 991
1401 1238
1522 1193
1101 1054
1342 1163
908 1302
1505 1338
1398 1418
1275 1056
1349 1477
1209 1138
1344 1626
1636 1246
1278 1190
1646 1239
1126 1408
1629 1367
1432 1459
1201 1298
1490 1487
1355 1288
1304 1752
1453 1726
1271 1394
1785 1309
1418 1292
1600 1498
1325 1872
1506 1318
1709 1469
1347 1768
1544 1696
1656 1575
1665 1497
1560 1725
1759 1412
1956 1440
1840 1534
1691 1494
1781 1680
1556 1681
1793 1778
1938 1672
1563 1692
2112 1604
1895 1631
2025 1833
1821 1890
1605 2142
1805 1976
1893 1829
1880 2047
1881 1904
2078 1718
2675 1442
2238 1732
1986 2103
1919 2024
2040 2039
1876 2106
2113 2015
2032 2060
2398 1744
2116 2167
2220 1866
2153 2119
2205 2183
1803 2307
2091 2261
2369 1799
2463 2116
2126 2309
1863 2360
2295 2362
2129 2071
2180 2482
2227 2287
1760 2652
1954 2932
2332 1997
2277 2602
2041 2507
1992 2326
2341 2563
2070 2278
3133 1900
2320 2318
1936 2498
2415 2541
2024 2404
2718 2200
2759 1930
2095 2330
2458 2512
2392 2242
2298 2709
2319 2451
2288 2369
2485 2515
2185 2487
2854 2162
2499 2292
2317 2353
2585 2575
2335 2485
2367 2771
2407 2658
2480 2376
2389 2781
2496 2455
2626 2568
2290 2787
2494 2471
3284 2044
2684 2310
2940 2260
2881 2197
2469 2833
2735 2626
2413 2717
2975 2355
2536 2669
2348 2982
2355 3270
2761 2434
2842 2758
2461 2820
3021 2279
2796 2943
2864 2481
2579 3278
2432 3074
2754 2731
2786 2973
2611 2838
2701 3173
3108 2577
2743 2750
3158 2768
2859 2880
2561 3432
2730 3031
3344 2559
3066 2902
2890 2913
2659 3462
3003 2874
2815 3016
3214 2938
3478 2548
2869 3258
3118 2920
2738 3275
2679 3682
2637 3538
3051 3379
3589 2822
3135 3076
3508 3065
3350 2921
2855 3711
3354 3182
3750 2701
3358 3372
3175 3117
3168 3648
3429 3272
3047 3336
3403 3522
2993 3399
3301 3662
2982 3767
2799 3688
3239 3784
3579 2923
3207 3832
3845 2960
3355 3109
3409 3690
3073 3517
3805 3305
3501 3332
3150 3560
3673 3470
3367 3307
3406 3765
3170 3694
3262 3451
3419 3322
3917 3602
3596 3308
3646 3110
3703 3134
3509 3623
3387 3519
3123 3801
3808 3640
3539 3465
3376 3692
3693 3839
3698 3707
3719 3703
3955 3590
3475 3919
3884 3581
3624 3969
3412 3977
3792 3916
3954 3818
3994 3823
1735922398 1923562747
1
sift 394
55 77
41 73
22 32
80 94
465 427
99 106
134 130
108 114
939 858
149 147
127 150
160 145
1057 1094
182 184
195 173
184 177
1910 1910
199 200
188 180
174 229
2164 1975
209 195
210 197
219 209
2678 2313
220 226
234 266
291 273
2668 2497
322 306
295 292
338 296
3396 3160
303 353
321 325
311 366
3511 3075
377 390
406 362
375 396
488 333
411 376
359 450
453 397
446 388
450 406
412 444
425 431
471 415
551 412
420 466
399 522
518 703
460 510
502 464
665 584
511 495
562 501
714 562
476 613
720 477
581 695
495 687
587 577
710 588
592 581
612 642
634 691
653 621
728 563
785 618
659 658
723 597
840 721
724 641
799 614
1063 685
861 674
853 742
734 1013
823 812
873 792
908 789
968 772
878 829
958 817
1070 718
926 801
1041 845
884 886
979 820
1012 950
951 851
994 906
1020 996
1036 878
1058 876
1101 975
1032 900
898 1037
1350 819
1062 983
974 1071
1201 1170
971 1077
1014 1178
1271 1202
1090 1090
1073 1182
1260 1343
1326 982
1436 979
1278 1371
1171 1225
1439 1047
1275 1437
1246 1226
1325 1196
1347 1459
1342 1238
1144 1516
1369 1433
1223 1414
1505 1150
1470 1366
1304 1317
1453 1256
1418 1447
1309 1399
1398 1320
1506 1404
1524 1331
1268 1588
1605 1416
1544 1388
1344 1602
1563 1520
1636 1329
1588 1457
1556 1597
1424 1592
1562 1512
1665 1612
1650 1448
1623 1539
2113 1336
1600 1575
1705 1543
1740 1616
1840 1421
1736 1527
1895 1496
1781 1501
2256 1219
1712 1774
1760 1536
1882 1467
1759 1870
1849 1518
1738 1630
2052 1803
1956 1470
1758 1706
2368 1693
1803 1710
1657 1886
2618 1570
2153 1553
1793 1799
2073 1847
1919 1734
2019 1703
1873 2110
2259 1594
1805 1918
2040 1923
2084 1738
2582 1479
2091 2020
2335 1605
1920 1882
2116 2001
1880 1956
2150 1785
2098 2031
2025 1859
2086 1832
2490 1802
2032 1895
1835 2141
2078 2162
1986 1970
2114 1846
2188 2129
2134 1855
2129 1857
2238 2143
2137 1889
2024 1978
2275 2096
2097 1934
2180 1921
2161 2271
2205 1904
2041 2048
2294 2137
1992 2220
2320 1920
2277 2157
2189 2072
2369 1954
2224 2308
2070 2287
2317 2089
2194 2343
2200 2253
2227 2231
2219 2373
2253 2240
2461 2027
2575 2036
2319 2190
2494 2062
2367 2254
2288 2268
2509 2081
2463 2188
2443 2174
2290 2315
2682 1976
2533 2083
2536 2146
2330 2366
2881 1845
2432 2267
2341 2392
2413 2340
3071 1841
2579 2281
2759 2058
2718 2126
2451 2449
2499 2391
2375 2509
2793 2097
2407 2512
2271 2657
3133 1983
2611 2461
2355 2647
2933 2150
2687 2411
2585 2513
2627 2471
2435 2667
2854 2273
2626 2688
2446 2695
2754 2412
2701 2651
2506 2673
3108 2156
2735 2697
2649 2549
2667 2610
2767 2692
2917 2382
2561 2828
2702 2931
2675 2736
2743 2653
3377 2402
2738 2662
2730 2699
2786 2825
2637 2873
2603 3023
2796 2837
3258 2430
3003 2574
2842 2822
3120 2534
2858 2724
2679 3229
2970 2631
3118 2560
3284 2606
2828 2844
2806 2887
2971 2853
3212 2551
2985 2710
3051 2796
2348 3684
2616 3254
2949 2917
2890 2876
2762 3083
2869 3114
3004 2834
2976 2867
3403 2702
3678 2415
2855 3031
3438 2767
3467 2539
3073 2840
3235 3056
3150 2832
2993 2960
3214 3100
2975 2982
2770 3305
2940 3359
3047 3018
3376 2725
3239 3107
3387 2758
2992 3133
3358 3074
3175 3003
3210 2966
3007 3473
3503 2739
3348 2941
3066 3461
3478 2862
3539 2811
3207 3367
3354 3009
3419 2981
3508 3111
3491 2954
3123 3327
3028 3682
3537 2933
3579 2896
3406 3315
3262 3197
3509 2973
3293 3557
2791 3763
3344 3208
3409 3452
3460 3122
3135 3468
3493 3399
3527 3087
3367 3249
3673 3274
3364 3256
3466 3199
3621 3390
3925 2783
3595 3163
3971 2972
3596 3171
3483 3297
3743 3493
3750 3073
3656 3180
3843 3378
3501 3345
3429 3445
3769 3525
3295 3611
3882 3036
3759 3595
3311 3668
3703 3323
3935 3456
3570 3487
3612 3499
4000 3288
3698 3424
3686 3481
3850 3671
3823 3308
3839 3346
3805 3782
3798 3437
3616 3645
3992 3693
3808 3491
3804 3522
3810 3529
3848 3576
3868 3692
3994 3444
3917 3702
3921 3723
3958 3681
3954 3730
3694 3843
1735922398 1988776702
1
sift 249
451 430
41 79
134 146
99 118
2164 1752
108 124
139 144
149 155
2804 2518
199 221
160 172
188 195
209 215
295 256
219 232
221 234
375 404
291 250
322 299
420 416
338 285
303 411
471 401
412 349
453 365
502 437
377 423
450 414
562 488
551 359
563 477
495 589
589 492
620 513
720 476
592 569
581 653
653 595
710 536
665 582
659 670
625 667
714 586
728 594
724 664
819 691
799 613
861 697
840 741
873 734
854 752
878 788
823 814
926 837
1012 976
1058 799
1093 764
1020 962
994 866
1032 902
1021 1004
951 994
1036 981
1101 955
1014 1235
1350 802
1126 1015
1170 1045
1439 945
1201 1160
1325 1102
1271 1116
1209 1231
1342 1126
1326 1206
1470 1285
1505 1143
1268 1403
1347 1439
1424 1262
1408 1353
1369 1437
1579 1236
1344 1453
1260 1583
1453 1380
1560 1317
1563 1316
1728 1208
1418 1499
1712 1372
1623 1365
1600 1430
1665 1565
1760 1374
1781 1371
1740 1560
1956 1427
2256 1298
2113 1435
1884 1561
1758 1656
2074 1684
1919 1606
1793 1739
2040 1791
1920 1673
1880 1847
2368 1692
1986 1812
2032 1821
1954 2045
2180 1756
2114 1801
2051 1973
2469 1636
2335 1710
2275 1825
2290 1763
2041 1974
2091 1990
2086 1950
2320 1809
2294 1851
2070 1999
2150 1956
2116 1998
2205 1959
2217 1980
2161 2117
2153 2092
2189 2132
2277 2056
2227 2089
2253 2101
1891 2517
2759 1736
2271 2126
2718 1781
2461 2016
2367 2105
2463 2036
2319 2178
2219 2281
2464 2100
2509 2060
2188 2353
2355 2190
2536 2051
2369 2201
2224 2359
2881 1806
2288 2349
2451 2252
2432 2275
2435 2309
3133 1797
2413 2338
2627 2186
2585 2319
2494 2315
3108 1862
2485 2492
2375 2523
2637 2307
2679 2300
2611 2348
2767 2236
2626 2437
2774 2289
3071 2128
2701 2609
2667 2435
2687 2436
2505 2902
2506 2669
2754 2430
2793 2607
2864 2367
2561 2735
3341 2259
2730 2543
3258 2272
3157 2446
3119 2373
2970 2458
3051 2524
3150 2426
2858 2616
3207 2649
3118 2528
3003 2608
2971 2809
3344 2410
3387 2396
2842 3037
2985 2640
3255 2486
2949 2916
2438 3458
2993 2697
3508 2545
2855 2826
3047 2703
3239 2791
3478 2433
2770 2957
3007 3119
2762 3114
3612 2490
3875 2466
3467 2568
3491 2688
3358 3323
3678 2593
3537 2691
3574 3147
3845 2484
3596 2701
3406 3354
3419 2900
2975 3366
3673 3133
3429 2945
3579 2823
3769 3036
3311 3085
3501 2935
3843 3010
3354 3061
3698 2884
3451 3454
3656 3136
3665 3283
3620 3404
3791 3181
3364 3616
3493 3590
3924 3128
3565 3542
3991 3071
3808 3312
3743 3485
3935 3382
3810 3464
3958 3402
3971 3493
3921 3481
3917 3568
1735922398 2046133546
1
sift 97
267 266
275 305
304 334
325 329
372 352
467 433
483 487
540 513
510 503
521 494
696 576
585 442
671 648
656 739
668 729
691 720
658 777
719 708
756 713
780 806
792 832
879 793
969 939
893 840
901 861
1124 978
915 931
932 929
1114 1169
1051 1050
1044 1185
1184 1093
1167 1137
1156 1304
1191 1379
1291 1258
1261 1378
1371 1260
1357 1410
1523 1363
1756 1264
1541 1414
1493 1497
1515 1579
2327 996
1547 1552
1596 1688
1569 1626
1673 1678
1721 1784
1710 1730
1798 1722
1718 1824
1686 1850
1969 1674
1930 1699
1846 1762
1688 2039
1739 1964
1965 2217
1921 2137
2109 1991
1968 2222
1885 2278
2034 2166
2365 2028
2308 1978
2006 2319
1913 2517
2268 2170
2632 1987
2440 2123
2745 1838
3426 2304
2318 2336
2142 2640
2672 3490
2393 2397
2483 2346
3577 2785
2324 2502
2574 2577
3106 3431
2347 2978
2604 2711
3370 3082
3161 2686
3496 2505
3349 3290
3082 3309
3925 2476
3530 3456
3442 3445
3714 3251
3684 3349
3144 3711
3675 3530
1735922398 2080441786
1
sift 383
62 68
64 78
122 62
68 87
113 110
107 120
144 108
158 99
142 134
141 143
250 219
146 140
130 155
264 283
284 309
165 169
185 183
461 234
325 287
200 238
227 258
360 348
475 559
206 328
263 269
386 386
521 522
267 276
301 278
390 393
499 550
304 306
369 330
483 468
515 554
376 341
320 435
480 504
542 624
407 391
420 413
648 626
662 659
467 432
466 475
652 650
719 717
446 502
463 540
666 718
718 728
510 496
540 527
729 754
996 595
623 578
586 647
806 762
949 708
671 611
696 645
805 780
1114 1155
659 738
658 749
933 782
1352 1009
673 761
691 771
831 961
1191 1168
655 811
668 818
1056 790
1167 1231
761 732
756 740
847 970
1315 1183
744 768
631 931
929 1017
1116 1493
748 879
780 833
1079 1002
1261 1304
792 823
803 826
1108 1166
1334 1272
795 902
879 825
1285 1276
1467 1246
854 870
737 1064
1445 1294
1301 1414
843 914
1047 778
1440 1377
1721 1151
986 866
901 955
1531 1460
1493 1401
915 938
932 946
1519 1496
1515 1502
957 957
961 972
1868 1538
1516 1529
969 980
1033 943
1525 1989
1520 1527
1100 908
1097 923
1763 1700
1428 1711
995 1055
1044 1024
1778 1764
1596 1642
1051 1049
849 1290
1833 1718
1756 1593
1083 1038
1005 1180
2130 1892
1865 1528
869 1510
1290 1138
1751 2418
2327 1330
1331 1122
1225 1248
2229 1891
2274 1410
1184 1297
1156 1426
1921 2342
1695 1990
1377 1212
1994 959
2250 2043
2121 1670
1477 1232
1371 1308
2417 2071
1967 1912
1268 1453
1173 1621
2103 2884
1776 2174
1400 1349
1325 1473
2657 2362
1969 1932
1457 1352
1432 1382
2879 2544
1968 1953
1406 1415
1523 1314
3594 2155
2026 1941
1431 1411
1442 1407
2716 2796
2046 1945
1443 1449
1558 1341
2570 3043
1706 2663
1475 1454
1437 1486
2920 2850
2170 2049
1528 1534
1569 1495
3020 2947
1886 2422
1547 1540
1541 1543
2542 4167
2308 1996
1771 1399
1338 1843
3457 2708
2393 1961
1453 1710
1684 1592
2803 3476
2693 1805
1662 1638
1718 1606
3425 2738
2286 2391
1710 1631
1840 1546
3143 3034
2128 2848
1686 1672
1673 1691
3012 3188
2538 2522
1811 1623
1286 2409
2822 3709
2925 2100
2201 1406
2076 1515
3114 3290
2347 2785
1798 1688
2086 1524
3518 2923
2574 2650
1791 1722
1758 1762
3643 2831
2683 2626
1729 1848
1883 1697
2918 3948
2623 2950
2216 1578
1688 2050
3576 2998
2492 3183
1876 1807
1896 1796
3294 3775
2450 3371
1739 2038
1930 1842
3349 3969
3035 2887
1919 1864
1965 1917
3352 4015
3496 2717
1913 1991
2021 1872
3668 3518
3249 2999
1936 2080
2024 1985
3327 4228
2760 3964
1660 2611
2006 2044
3530 4113
3234 3151
2034 2045
2269 1866
3371 4360
3245 3208
2070 2067
2123 2028
3872 4064
3144 3652
2112 2047
2109 2096
3966 4287
3154 3651
2383 1979
2605 1831
3316 3656
2632 1855
2190 2306
3082 4112
2039 2466
2268 2222
3718 3260
2142 2395
2288 2270
3790 3263
2317 2259
2318 2274
3894 3763
2324 2294
2198 2447
3874 4102
2371 2282
2440 2255
3879 4283
2156 2618
2599 2137
2452 2336
2300 2575
2436 2494
2486 2459
2369 2605
1984 3168
2191 2819
2484 2561
2727 2263
2594 2506
1760 4271
2848 2203
2684 2429
2785 2338
2397 2815
2568 2745
2687 2629
2762 2578
2637 2699
2743 2608
2939 2433
2915 2476
2604 2795
2312 3261
2914 2493
2640 2789
2866 2589
3017 2543
3359 2307
2672 2878
2913 2682
3448 2333
3777 2148
2745 2916
2768 2895
2791 2905
2754 2987
2494 3733
2738 3075
2656 3302
2629 3521
3097 2820
2868 3126
3199 2814
3119 3004
3474 2782
2799 3853
3106 3359
3047 3509
3150 3307
3161 3326
2993 3664
2992 3802
3262 3306
3479 3071
3095 3714
3073 3772
3350 3234
3177 3647
3140 3808
3355 3405
3343 3459
2876 4311
3577 3315
3946 2868
3442 3738
3233 4174
3326 4202
3644 3665
3579 3890
3325 4266
3684 3866
3533 4125
3502 4203
3491 4212
3418 4274
3740 4003
3703 4078
3720 4114
3762 4061
3804 4011
3650 4265
3587 4333
3698 4348
3679 4372
3521 4398
3909 4270
3970 4267
3954 4310
1735922398 2102469315
1
sift 738
52 62
25 31
22 34
842 926
322 277
32 57
67 73
41 60
47 59
1373 1268
840 783
60 83
73 90
80 97
86 86
1552 1486
958 932
84 113
153 140
108 106
107 120
1809 1917
1101 1161
114 145
159 162
182 176
134 125
2526 2185
3133 2142
139 131
208 229
198 174
155 156
2258 2763
2971 2919
160 166
224 226
220 205
177 164
2543 2549
185 183
339 314
291 263
179 189
2283 2891
184 187
391 350
338 283
188 191
2654 2953
233 163
383 382
303 326
210 209
2033 3962
226 202
451 405
359 285
256 195
2947 2755
247 258
417 511
377 435
298 247
2941 3645
279 267
564 502
453 407
295 262
3431 3313
320 282
545 547
450 448
335 291
355 292
553 555
518 433
369 303
367 329
596 537
563 412
356 376
375 384
559 667
581 553
399 404
413 410
772 568
625 616
361 471
420 415
705 679
634 610
432 418
534 342
775 747
786 664
630 309
447 440
796 732
927 598
463 429
471 445
693 994
768 736
456 463
480 443
1077 643
714 847
497 437
566 383
939 818
734 945
495 458
561 400
886 1007
908 862
505 478
473 549
1195 814
1021 940
511 496
612 430
1057 986
1041 991
502 524
589 461
1095 927
1020 1041
562 533
462 717
1019 1032
1012 1092
587 544
594 540
997 1049
956 1248
645 538
512 754
1053 1068
1126 1119
610 618
623 609
1105 1081
1201 1185
659 579
673 585
1115 1079
1271 1166
711 561
648 617
1120 1101
1257 1211
782 510
651 644
1247 1220
1355 1245
653 649
607 731
1282 1272
1385 1267
738 636
643 742
1420 1186
1563 1229
737 640
729 645
1546 1183
1260 1537
588 830
728 658
1513 1437
1278 1524
773 614
635 778
1474 1492
1369 1489
724 673
718 704
1648 1439
1575 1447
694 738
802 630
1734 1662
1601 1472
720 725
748 700
1780 1644
1556 1531
800 676
638 919
2009 1508
1418 1679
764 726
783 710
1723 1828
1665 1465
949 619
746 788
1598 2095
1719 1438
804 740
735 861
2099 1583
1712 1474
862 706
831 734
1642 2098
1626 1586
822 750
860 720
2164 1599
1347 1930
789 781
836 755
2016 1773
1908 1436
799 838
861 787
2015 1827
1966 1581
854 819
859 807
2007 1852
1895 1676
717 1065
938 767
2036 1923
1906 1684
760 1003
870 822
2035 1938
1873 1839
843 869
776 967
2101 2248
1691 2223
897 823
844 891
2645 1797
2073 1794
813 942
755 1071
2167 2244
2165 1854
1086 718
994 785
1950 2564
2040 1957
902 887
929 874
2647 1988
1893 2171
979 837
951 875
2424 2442
2113 1940
971 868
830 1027
2545 2416
1891 2315
968 911
909 984
2678 2330
2275 1997
1024 933
1015 999
2527 2523
2116 2196
1032 981
1150 855
2523 2545
2294 2022
1092 956
933 1129
2242 3049
2098 2275
1090 983
1067 1012
2668 2683
2367 2017
1058 1031
1073 1015
3273 2200
2161 2267
1233 866
978 1159
2648 2739
2188 2288
1093 1096
1213 997
2143 3594
2355 2097
965 1260
1397 899
3006 2567
2330 2219
987 1326
1185 1077
1898 3994
2091 2495
1177 1103
1300 1008
2804 2969
2151 2477
1056 1298
1144 1169
2715 3344
2490 2121
1071 1287
1176 1147
3184 3153
2341 2355
1147 1174
1109 1276
3160 3658
2238 2562
1014 1515
1170 1222
3511 3389
2389 2403
1204 1223
1269 1178
3254 3774
2415 2426
1619 1020
1161 1330
3449 3670
2451 2417
1285 1189
1325 1195
3660 3558
2485 2382
1301 1214
1358 1187
3766 3544
2463 2415
1396 1203
1328 1270
3890 3423
2276 2656
1315 1290
1297 1310
3910 3432
2464 2447
1455 1239
1336 1361
3705 3850
2458 2500
1428 1271
1251 1446
3993 3676
2626 2367
1439 1284
1345 1392
2701 2289
1406 1315
1351 1403
2696 2324
1172 1632
1342 1421
2767 2335
1607 1231
1496 1318
2585 2737
1454 1364
1534 1342
2659 2640
1425 1430
1344 1525
2277 3154
1531 1368
1524 1373
2816 2491
1268 1615
1650 1277
2579 2826
1664 1275
1941 1146
2702 2694
1453 1487
1590 1402
3341 2307
1326 1664
1149 1976
2718 2785
1777 1312
1832 1263
2734 2883
1415 1617
1629 1442
2679 3096
1623 1456
1419 1641
3207 2627
1972 1230
1412 1696
3081 2741
1171 2188
1365 1780
3157 2707
1632 1580
1709 1505
2793 3039
1517 1698
1858 1423
2869 3305
1600 1677
1606 1706
2854 3446
1840 1504
1736 1594
3051 3286
1707 1637
2256 1292
3214 3106
1728 1628
1636 1738
2842 3605
1760 1602
1633 1782
2923 3489
1781 1639
1616 1822
3268 3114
1887 1572
1763 1712
3861 2715
1727 1755
1657 1861
3239 3380
1758 1754
1956 1596
2953 3710
1753 1777
1920 1663
3574 3053
2287 1458
2565 1343
2963 3723
2084 1579
1863 1752
3406 3336
1794 1834
1967 1690
3875 2961
1999 1735
1861 1853
3670 3237
1919 1807
2309 1576
3673 3373
2150 1680
1875 1865
3769 3299
1738 2067
1833 1939
3358 3885
1816 1981
1981 1832
3284 3957
1867 1942
2050 1790
3680 3668
1938 1903
1855 2011
3621 3759
2235 1749
2079 1871
3451 3900
2153 1840
2582 1587
3759 3631
1986 1967
1883 2107
3409 3947
2214 1826
2046 1955
4000 3188
2335 1768
2097 1941
3915 3571
2290 1816
1850 2274
3560 3989
2041 2020
2152 1947
3992 3988
2134 1975
2013 2122
1489 3100
2316 1859
2190 1972
2089 2071
2136 2039
2070 2100
2370 1862
1998 2236
2180 2055
2195 2042
2227 2047
2128 2156
2086 2201
2291 2001
2166 2144
2492 1869
2192 2179
1991 2388
2394 1994
2093 2295
2125 2296
1854 2702
1996 2493
2297 2176
2139 2356
2311 2192
2310 2241
2204 2380
2390 2205
2299 2304
2372 2232
2253 2368
2703 1909
2466 2151
2712 1934
2317 2333
2549 2118
2375 2351
2148 2652
2263 2554
2540 2255
2587 2209
2486 2320
2536 2294
2076 2780
2186 2700
2452 2436
2509 2381
2435 2489
2217 2731
2369 2581
2500 2454
2961 2003
2694 2283
2560 2461
2494 2556
2570 2473
2611 2438
2200 2904
2506 2574
2538 2536
2818 2258
2729 2360
2603 2529
2690 2408
2185 3019
2379 2769
2664 2501
2770 2396
2737 2439
2558 2670
2599 2635
2684 2528
2901 2317
2996 2260
2667 2587
2683 2585
2738 2603
3027 2349
2754 2619
2861 2522
2732 2654
2288 3334
2795 2624
2822 2605
3276 2279
2904 2530
2773 2667
3035 2466
2865 2597
2743 2728
2397 3256
3185 2393
2873 2623
2803 2736
2757 2802
2950 2637
3132 2512
2879 2704
2581 3094
3073 2584
2855 2754
2687 2927
2762 2838
2871 2753
3399 2377
3838 2128
2974 2782
3256 2614
2993 2784
3804 2272
2736 3093
2568 3431
2748 3098
2637 3357
3013 2820
3257 2671
2820 3022
2985 2868
2920 2924
3047 2835
2785 3135
3008 2889
3150 2805
2864 3067
3541 2563
2366 3917
3119 2864
3210 2806
3021 2957
2652 3538
3131 2878
2945 3037
2780 3301
2799 3274
3703 2520
3102 2936
3319 2834
2894 3296
3172 3021
3182 3016
3029 3185
3389 2860
2966 3271
2890 3371
3114 3144
3343 2916
2970 3331
3324 2954
3224 3088
3561 2808
3211 3111
3549 2818
2942 3414
3459 2905
3316 3025
3328 3013
3678 2766
3170 3205
3503 2912
3572 2870
3619 2831
3053 3392
3311 3103
3327 3097
3376 3065
3213 3261
3003 3471
3539 2935
3287 3171
3251 3248
3518 2967
3461 3023
3556 2955
3269 3267
3348 3187
3166 3398
3117 3456
3447 3126
3600 2980
3262 3352
3280 3355
3536 3082
3363 3321
3483 3223
3467 3242
3668 3045
3352 3393
3612 3150
3286 3491
3514 3291
3422 3388
3367 3478
3314 3567
3390 3537
3000 3899
3491 3482
3579 3396
3728 3238
3712 3272
3440 3574
3418 3601
3521 3547
3687 3387
3258 3817
3538 3564
3570 3552
3595 3543
3474 3677
3772 3366
3607 3550
3848 3259
3767 3376
3873 3246
3908 3244
3659 3579
3480 3766
3798 3422
3696 3573
3929 3250
3925 3282
3571 3722
3750 3584
3888 3403
3071 3987
3616 3746
3573 3827
3892 3451
3690 3734
3698 3726
3565 3876
3624 3836
3829 3687
3924 3541
3839 3665
3941 3502
3725 3805
3792 3753
3909 3640
3872 3704
3631 3951
3744 3908
3917 3737
3733 3936
3895 3853
3870 3906
3868 3910
3923 3902
