204405907 579740000
1
sift 606
19 18
14 15
0 0
28 37
23 26
2 3
45 48
112 96
3 4
42 54
135 103
5 6
69 58
152 154
8 7
77 77
163 184
10 10
98 80
231 181
11 11
100 141
223 196
13 12
124 102
250 205
12 13
160 90
251 249
16 14
148 158
260 258
18 17
192 182
355 315
17 20
244 288
357 364
20 19
284 268
393 348
21 22
294 365
371 408
24 25
322 356
380 428
29 23
312 378
436 380
25 28
369 334
554 433
32 31
376 432
564 511
31 33
502 355
507 565
30 34
387 499
600 545
34 36
495 516
604 824
35 39
566 484
646 734
33 40
503 606
785 636
40 42
618 801
649 778
37 45
710 706
700 759
38 43
812 922
674 838
43 41
787 996
989 742
41 47
731 1086
763 977
44 46
842 1051
1096 771
47 51
982 1038
922 945
48 52
1100 1070
767 1197
49 59
1067 1120
991 918
50 62
1144 1147
895 1102
54 55
1244 1307
979 1263
52 60
1485 1255
1389 1133
53 57
1226 1228
56 64
1306 1332
58 63
1342 1303
62 70
1206 1552
65 69
84 73
79 82
75 87
82 81
89 74
85 79
83 88
93 84
91 89
95 86
87 106
103 92
108 91
102 99
114 98
110 110
116 107
115 115
119 109
128 111
123 121
133 119
126 130
143 114
132 127
137 129
139 124
145 120
142 133
118 150
147 134
130 149
158 126
153 136
155 137
150 145
146 151
170 122
140 159
157 153
178 147
175 155
167 161
166 165
161 174
176 168
182 170
181 171
172 175
187 167
185 172
174 188
191 178
183 189
196 191
184 201
173 264
201 210
200 211
218 193
212 213
233 190
202 231
247 192
229 212
248 202
227 227
232 225
224 247
243 217
237 234
230 248
239 236
272 206
245 235
238 254
278 218
270 228
255 251
258 253
252 271
257 270
262 265
281 240
253 280
265 273
268 272
246 319
282 275
269 294
280 286
283 285
286 300
289 298
297 305
301 303
310 297
304 317
305 313
307 311
303 324
309 322
327 296
259 389
293 344
317 327
292 350
320 329
335 320
314 347
326 340
324 346
332 342
349 332
329 352
328 354
347 341
337 358
341 361
339 372
345 368
353 371
359 370
364 369
366 373
351 404
356 399
346 422
336 436
363 395
375 385
377 384
386 397
398 387
379 410
391 402
399 400
390 407
385 423
365 446
404 416
402 424
410 419
432 381
408 440
412 437
419 439
403 450
433 425
384 491
427 445
417 461
445 434
409 495
414 493
425 472
499 442
429 502
453 477
458 469
468 459
465 463
428 533
454 508
464 490
472 485
421 582
434 550
430 553
459 512
487 486
462 525
475 522
476 530
489 518
527 498
479 536
526 501
509 513
512 520
496 539
491 544
510 532
485 562
511 541
544 524
508 548
506 558
437 668
500 578
541 555
548 551
561 538
545 556
642 468
525 587
550 575
563 568
555 581
481 665
568 585
683 494
602 559
565 596
556 611
653 521
536 657
593 590
606 595
595 610
620 589
613 601
825 482
540 746
594 646
559 707
665 586
840 504
615 635
582 677
572 695
609 655
591 689
597 692
610 670
657 642
580 761
696 625
634 679
673 638
663 653
666 662
697 640
686 650
627 721
659 694
640 715
703 663
704 664
711 675
644 743
687 705
654 753
754 659
720 687
680 720
672 738
725 696
740 691
707 716
677 749
699 732
712 741
691 767
738 724
721 745
695 781
783 702
788 698
675 808
716 772
775 725
776 730
723 784
670 847
727 780
726 786
768 762
705 822
779 757
766 775
761 779
724 803
729 810
820 713
625 958
772 802
771 805
749 837
774 815
685 892
804 788
770 829
684 913
795 827
857 744
810 807
823 789
802 841
784 863
817 833
872 776
737 920
728 929
758 917
715 964
893 782
829 850
587 1317
693 1064
846 882
815 924
828 900
920 831
891 856
834 919
892 871
782 1026
906 872
867 896
818 967
801 1021
830 947
769 1073
862 928
881 934
874 954
983 860
821 1037
936 899
905 942
924 937
953 932
894 1000
911 993
1003 910
908 1001
918 999
957 948
778 1227
943 976
878 1048
838 1104
882 1058
939 994
954 981
932 1015
1212 813
951 988
958 984
855 1109
998 961
916 1060
968 997
977 1010
1004 995
926 1076
1143 884
980 1018
992 1012
962 1032
942 1065
961 1040
877 1141
1132 904
1329 834
910 1119
947 1074
1172 891
1027 1003
946 1083
1026 1020
994 1066
1072 985
1036 1031
1133 959
1140 963
1102 1014
1021 1090
889 1236
995 1125
1062 1057
1176 973
996 1142
1042 1084
1070 1059
1094 1044
1083 1054
913 1248
1121 1025
949 1199
1101 1055
988 1172
879 1336
1043 1123
1092 1089
1032 1166
1046 1163
1071 1144
1076 1149
959 1286
972 1285
927 1390
1166 1094
1095 1161
1153 1116
956 1365
1155 1129
1157 1126
963 1371
990 1342
1209 1105
1037 1254
1111 1182
1066 1223
1145 1171
999 1389
1137 1196
1063 1288
1045 1327
1131 1213
1177 1186
1178 1185
1136 1233
1429 1071
1495 1027
1189 1188
1162 1226
1149 1242
1610 970
1167 1237
1353 1143
1152 1257
1187 1217
1229 1193
1098 1335
1260 1212
1268 1222
1247 1246
1196 1309
1201 1333
1324 1239
1280 1271
1291 1270
1340 1247
1330 1258
1275 1300
1295 1287
1383 1224
1384 1231
1274 1334
1360 1264
1327 1294
1348 1280
1225 1385
1208 1410
1287 1337
1252 1375
1016 1599
1253 1379
1233 1401
1230 1407
1566 1165
1366 1344
1272 1423
1334 1380
1381 1346
1464 1262
1374 1368
1396 1358
1439 1314
1273 1468
1395 1370
1339 1428
1454 1326
1484 1330
1548 1265
1443 1394
1456 1404
1346 1526
1406 1490
1359 1536
1419 1482
1399 1519
1435 1483
1595 1316
1428 1508
1479 1447
1471 1454
1476 1471
1457 1516
1414 1550
1474 1507
1400 1587
1532 1476
1501 1520
1551 1493
1614 1432
1619 1433
1520 1592
204405907 651405152
1
sift 224
19 16
14 10
13 7
28 51
97 83
12 8
46 42
113 100
20 15
69 55
152 142
21 18
59 67
223 202
24 12
77 78
219 314
33 33
98 69
355 246
35 35
124 104
260 404
40 41
160 89
393 326
38 44
192 187
380 295
37 46
225 207
357 384
41 48
284 198
436 383
43 54
244 317
564 507
52 37
294 356
507 607
49 56
322 381
600 529
58 66
312 400
700 784
96 65
426 448
991 739
84 76
405 494
1096 897
89 80
387 562
979 1387
91 97
495 506
1244 1070
103 91
566 468
1389 1429
108 96
710 818
114 116
813 955
116 112
787 1025
119 115
982 1157
137 120
1067 1127
139 123
1144 1235
146 119
1485 1307
147 128
130 141
143 149
153 137
175 129
167 146
166 158
176 155
181 148
169 165
182 152
174 181
230 178
202 203
218 197
183 244
221 210
229 215
204 257
245 221
316 231
286 282
270 306
327 252
303 298
309 318
384 263
349 294
304 355
346 302
329 343
404 288
341 353
366 331
345 366
334 385
442 278
365 387
417 360
399 390
381 411
386 408
431 369
421 399
336 514
391 442
410 434
394 483
433 432
458 425
545 389
427 476
453 474
509 440
544 454
459 543
437 599
475 542
548 513
468 605
563 569
552 581
550 592
572 565
568 602
613 577
620 584
672 572
707 557
534 768
609 665
610 680
642 632
634 656
695 653
723 670
677 736
717 708
644 788
680 771
742 721
630 840
776 711
766 743
728 780
729 794
771 791
857 718
810 776
935 733
711 969
874 802
1097 667
654 1212
790 985
1182 694
868 949
818 1082
924 947
956 914
843 1050
992 893
886 1006
936 957
1014 903
939 989
1064 909
1021 965
1610 714
987 1039
946 1159
1026 1084
1347 869
1056 1033
994 1133
913 1252
1076 1118
1153 1099
1143 1105
1273 1004
1037 1231
1145 1121
1155 1154
1166 1199
1511 982
1231 1191
1176 1237
1030 1455
1136 1345
1215 1268
1275 1279
1270 1282
1247 1366
1326 1315
1235 1430
1225 1440
1366 1383
1272 1487
1406 1502
1293 1659
1517 1471
1591 1400
1471 1576
1587 1465
1577 1479
1529 1605
1609 1483
1464 1674
204405907 1147732554
1
sift 53
6 5
14 11
13 9
19 10
113 122
21 13
22 16
152 150
33 27
28 26
260 315
41 35
46 33
393 272
43 37
59 58
380 257
49 42
98 45
436 330
70 39
124 78
991 814
96 48
148 133
1389 1142
89 82
192 195
91 99
284 205
139 120
244 386
181 169
313 394
174 208
322 388
220 287
376 602
336 368
566 418
391 424
618 940
437 680
495 621
644 757
857 612
810 687
766 899
956 869
1143 1043
913 1561
1155 1204
1471 1666
204405907 1242253086
1
sift 630
6 3
1 1
0 0
19 19
14 15
2 4
28 33
112 96
3 5
45 44
135 123
5 6
42 50
152 150
8 7
59 63
162 172
11 9
69 64
214 201
10 10
77 75
223 212
12 12
98 86
231 205
13 13
100 99
250 215
16 16
124 107
251 241
18 17
160 94
260 256
17 18
148 156
342 203
20 20
192 181
271 275
21 21
203 268
296 371
24 26
225 233
355 362
25 25
244 254
393 346
29 29
284 230
371 417
30 32
294 323
340 460
33 35
368 281
436 421
35 36
322 322
507 526
37 42
312 345
522 489
38 40
331 341
564 510
43 38
370 342
554 605
40 43
369 363
600 596
44 39
360 393
674 655
41 46
380 381
612 811
47 47
387 399
700 786
48 48
376 426
858 679
49 49
405 416
898 743
52 53
502 415
767 987
56 55
520 464
822 909
58 61
503 504
922 1036
64 57
495 488
991 962
76 59
566 502
1096 903
61 65
581 757
933 1132
62 67
629 780
979 1139
75 62
710 810
1278 1009
67 69
731 806
1138 1134
65 71
814 711
1254 1219
73 74
812 815
1389 1244
79 79
787 919
1306 1457
85 85
842 1044
1342 1351
89 80
777 1199
93 83
982 1165
82 89
1067 1062
91 90
1144 1080
96 77
1181 1063
95 88
1051 1207
103 93
1322 1322
87 137
1485 1295
106 105
1244 1530
111 100
1190 1578
110 101
108 103
115 106
114 108
119 109
116 112
102 149
130 114
123 136
128 124
132 129
143 116
133 131
142 126
137 133
139 139
145 128
147 135
141 141
146 140
155 130
144 147
150 144
153 146
170 119
140 167
157 155
169 154
166 157
172 161
167 164
175 159
173 162
161 175
176 166
179 169
182 168
196 160
181 174
177 178
183 176
174 187
194 177
185 182
191 183
215 170
190 188
193 194
195 204
202 208
212 197
210 202
222 192
218 211
213 231
235 209
229 221
227 227
230 237
239 247
238 257
245 252
243 255
278 220
252 253
258 248
265 251
253 265
266 262
257 266
270 264
255 280
267 269
281 261
280 270
289 267
298 259
282 284
292 271
293 272
286 283
297 274
268 315
301 278
305 285
310 295
304 304
303 309
309 307
307 310
273 354
320 313
339 299
317 325
326 321
328 329
324 334
349 320
329 331
341 327
332 336
279 435
345 335
334 349
336 351
416 290
347 347
363 340
346 356
356 355
359 361
428 305
364 375
365 373
358 395
375 376
337 433
379 383
390 377
366 406
381 398
385 401
399 392
386 403
391 404
398 405
414 390
361 443
408 400
431 380
350 481
404 430
410 423
425 407
418 419
403 438
373 473
429 408
383 466
384 479
427 429
409 447
433 428
477 391
417 487
438 454
444 450
453 453
401 563
432 486
506 434
458 457
499 442
464 470
421 564
482 455
462 485
459 494
437 546
472 492
454 527
473 501
475 524
494 506
485 516
543 465
468 543
512 496
491 520
487 540
544 493
509 525
511 529
500 535
553 497
525 533
546 517
548 519
508 550
481 589
550 552
541 567
513 587
516 591
483 635
535 599
559 582
568 573
573 570
584 562
572 576
606 556
593 565
545 627
471 766
608 584
613 572
532 672
597 593
594 607
602 601
562 674
665 583
642 603
531 792
673 590
576 695
610 644
623 634
609 665
579 736
565 795
630 648
615 683
638 643
634 660
640 677
663 649
680 645
644 703
686 663
698 657
539 982
672 694
712 659
699 675
711 662
677 696
724 658
697 688
687 698
722 676
675 731
667 764
707 714
701 725
709 716
690 751
761 685
738 705
720 718
742 708
729 739
664 814
723 755
774 709
704 788
727 754
802 681
904 609
745 741
775 712
715 783
728 768
753 753
691 819
770 752
725 791
721 794
766 765
778 762
716 822
789 760
779 782
685 860
749 818
857 684
726 844
653 965
772 828
817 778
832 747
833 750
794 826
748 864
893 699
820 799
625 1129
806 856
768 938
784 908
684 1052
1010 686
837 848
588 1365
795 940
800 937
881 823
818 906
848 866
834 884
821 907
891 841
840 898
791 1014
810 961
823 929
867 876
878 881
828 951
890 873
874 899
913 892
1095 761
956 853
948 859
885 936
1026 821
829 1038
968 886
888 968
936 939
905 971
943 927
1027 857
894 1012
1035 863
916 993
918 988
957 941
924 980
872 1061
937 967
1041 868
932 973
958 964
892 1066
879 1091
963 978
939 1025
1172 829
927 1047
980 974
877 1136
972 1001
994 1003
889 1138
992 1018
938 1082
1329 813
1062 949
1072 945
988 1045
1032 994
946 1101
961 1083
993 1058
1063 963
962 1096
987 1065
949 1118
1045 997
838 1267
1034 1027
977 1103
953 1140
995 1120
862 1273
1021 1093
1140 960
941 1186
1050 1054
947 1180
1107 1010
1102 1021
1069 1070
1004 1175
1216 966
1028 1155
1132 1050
1341 933
959 1236
1169 1032
1165 1048
1143 1094
1070 1150
1094 1145
1076 1154
1162 1089
996 1248
1092 1158
1037 1223
1166 1114
1111 1166
929 1426
1167 1152
1048 1252
1131 1195
1145 1187
1103 1214
1054 1266
1155 1189
1152 1202
1291 1131
1136 1224
1036 1348
1066 1308
1231 1191
1235 1192
1197 1220
990 1507
1429 1106
1187 1237
1362 1162
1270 1201
1135 1313
1208 1245
1083 1407
1121 1363
1178 1290
1209 1270
1040 1499
1201 1281
1348 1208
1243 1265
1176 1325
1360 1213
1259 1285
1353 1235
1258 1294
1228 1314
1171 1389
1112 1463
1387 1234
1295 1296
1247 1340
1415 1228
1233 1359
1275 1327
1128 1496
1200 1411
1253 1376
1273 1353
1271 1356
1260 1375
1330 1315
1294 1350
1323 1334
1456 1243
1359 1355
1272 1417
1225 1466
1523 1230
1346 1385
1454 1280
1368 1379
1366 1387
1287 1439
1464 1288
1358 1414
1433 1345
1443 1373
1267 1511
1435 1390
1461 1381
1396 1436
1325 1519
1274 1576
1428 1461
1381 1505
1610 1261
1406 1503
1470 1432
1414 1510
1471 1453
1548 1402
1514 1430
1299 1593
1377 1574
1501 1465
1380 1586
1444 1562
1551 1483
1532 1512
1507 1553
1549 1515
1520 1552
1601 1493
1541 1577
1619 1514
1598 1575
1595 1588
204405907 1693986903
1
sift 702
6 5
1 1
2 3
19 21
14 16
3 4
22 24
112 97
5 6
28 26
83 66
8 8
27 29
120 107
10 11
45 48
107 145
11 10
59 61
152 146
12 14
69 72
163 175
13 13
77 70
208 172
16 17
98 89
214 190
17 19
100 93
219 200
18 18
124 108
223 203
20 20
148 131
276 218
21 23
160 139
249 253
24 25
165 150
260 257
25 27
192 170
271 256
30 31
198 202
295 288
32 30
244 209
367 293
33 33
225 239
340 320
34 36
312 306
371 353
35 35
322 303
355 408
37 38
294 330
342 427
43 39
331 321
393 405
40 45
285 431
436 474
41 44
360 359
554 436
44 43
370 361
549 538
47 46
380 369
507 492
48 47
387 363
600 574
51 42
369 383
564 687
49 52
376 389
604 666
52 55
368 415
646 618
58 56
395 398
651 652
80 54
405 387
674 748
56 63
426 434
700 746
60 64
452 552
785 685
71 59
502 504
767 984
67 67
524 508
822 906
70 68
503 570
895 945
55 88
520 583
922 954
73 69
530 578
898 1063
74 71
490 623
989 977
79 76
566 594
979 1028
91 73
618 580
933 1176
85 78
581 629
991 1149
82 83
629 737
1138 1059
92 77
777 665
1096 1262
89 84
713 711
1264 1185
95 82
710 718
1268 1333
75 95
731 729
1283 1402
102 87
678 820
1306 1444
103 90
787 784
1342 1407
108 86
734 846
1564 1580
141 80
669 925
1611 1651
96 129
814 793
114 100
736 900
110 105
812 843
119 99
811 956
116 101
842 928
118 116
845 1215
123 114
1051 1076
128 110
1144 1153
133 113
1067 1364
132 117
1181 1246
125 122
1218 1260
143 115
1190 1301
131 127
1244 1346
137 119
1322 1427
139 124
1375 1635
142 121
1485 1605
145 120
144 126
147 125
146 132
153 134
151 142
158 136
157 147
149 159
155 151
170 140
178 138
167 148
166 155
161 165
169 164
174 161
176 162
182 160
172 168
175 167
181 166
185 171
191 174
215 158
183 181
195 182
193 191
201 183
202 184
205 186
200 197
222 178
213 192
212 198
184 238
196 224
218 196
204 216
210 219
220 201
232 194
247 189
228 211
230 204
229 213
242 210
226 230
221 249
234 234
238 242
245 232
254 233
252 243
258 246
255 251
257 252
253 263
262 259
265 258
280 245
278 250
270 262
259 269
272 265
279 266
268 280
263 287
281 267
282 276
286 273
289 284
310 270
292 292
307 278
316 282
303 295
304 294
319 286
305 299
309 301
317 308
320 304
401 255
300 337
297 346
324 312
301 360
352 298
326 327
321 334
329 318
336 315
327 325
328 323
346 314
337 335
349 316
332 343
334 345
341 332
345 352
347 355
356 351
359 349
358 354
364 350
383 340
375 347
392 339
363 374
384 358
365 382
339 424
366 391
404 362
386 384
390 379
385 392
398 388
414 371
391 406
379 417
432 348
408 378
403 402
399 412
410 420
427 410
418 433
431 418
417 442
423 439
389 482
402 493
453 440
433 462
441 453
443 454
437 473
455 457
458 455
454 466
434 491
462 467
444 480
428 534
472 476
430 546
495 470
483 475
496 469
459 503
491 489
468 522
487 502
482 511
476 527
531 483
509 495
512 496
499 510
508 517
501 533
510 526
541 506
544 516
513 550
511 556
548 537
485 595
545 541
481 613
550 544
557 554
552 565
563 548
559 553
478 653
560 560
568 563
562 571
535 606
516 622
556 591
593 542
572 584
602 564
653 512
594 576
579 614
683 514
571 630
597 604
661 551
543 708
654 569
642 582
613 616
603 642
606 639
620 620
610 647
615 646
623 632
565 757
626 634
609 670
582 706
580 715
601 696
638 655
640 664
662 643
717 596
634 682
666 671
644 699
704 638
647 705
677 690
680 692
636 753
682 698
632 788
699 697
663 745
633 800
698 702
740 674
701 719
675 759
707 728
665 796
697 760
729 735
718 755
716 769
726 762
724 764
692 822
725 780
721 792
738 779
712 819
672 856
817 695
766 771
727 812
737 806
715 833
754 798
748 807
782 775
690 870
723 842
714 857
775 816
774 832
685 905
794 831
770 849
709 894
827 768
809 834
779 871
784 865
893 716
806 847
742 907
795 885
843 815
815 859
864 813
686 1011
909 766
837 839
890 783
772 929
855 828
800 898
776 931
877 825
928 777
802 916
810 903
929 805
818 902
892 841
883 853
758 1015
857 892
778 1031
848 911
786 1047
834 942
840 941
801 1035
868 921
705 1187
874 927
863 950
823 1004
1085 804
888 938
885 949
841 1014
891 946
957 891
861 989
871 987
805 1128
894 961
953 908
1610 611
906 964
846 1052
918 965
924 962
886 1006
1026 890
821 1130
911 990
913 997
865 1080
907 1022
897 1042
847 1137
916 1043
1035 919
936 1012
932 1020
939 1023
937 1037
945 1029
958 1010
996 994
962 1034
943 1073
900 1135
947 1069
1092 930
977 1036
1027 986
992 1039
1140 910
952 1089
1011 1030
980 1065
938 1115
903 1167
1036 998
972 1083
949 1113
1003 1068
1071 978
975 1098
961 1118
1055 1018
862 1272
963 1144
987 1112
1053 1033
1042 1054
1124 972
946 1190
988 1146
1212 940
1048 1079
1182 960
927 1220
998 1150
1018 1132
1288 923
1069 1078
1030 1125
1121 1021
1040 1109
1044 1108
1093 1074
1021 1168
925 1284
1083 1095
1050 1140
995 1217
941 1291
1437 913
1324 963
1032 1192
1172 1053
964 1278
1107 1119
1076 1163
1101 1145
1126 1122
968 1296
1028 1237
1066 1193
1329 1009
1161 1127
1137 1159
1162 1147
1131 1173
954 1445
879 1589
1209 1126
1149 1184
1143 1189
1037 1299
1075 1256
1145 1201
1177 1181
1171 1188
1397 1061
1111 1234
1157 1208
1095 1266
1166 1205
1045 1361
1263 1162
1073 1338
1155 1247
1119 1280
1063 1408
1189 1232
1348 1157
1195 1238
1146 1292
1243 1214
1167 1277
1132 1337
1136 1336
1235 1229
1135 1340
1260 1222
1102 1410
1231 1250
1103 1422
1187 1288
1225 1263
1270 1235
1208 1297
1115 1440
1169 1357
1344 1226
1220 1330
1165 1409
1153 1436
1258 1308
1274 1306
1238 1352
1295 1293
1247 1343
1197 1419
1314 1286
1194 1428
1180 1460
1272 1354
1223 1424
1253 1383
1201 1449
1275 1367
1376 1274
1273 1369
1309 1329
1227 1431
1286 1377
1313 1350
1360 1311
1251 1426
1256 1448
1362 1339
1619 1107
1147 1579
1330 1391
1327 1398
1387 1342
1381 1348
1291 1456
1325 1435
1395 1371
1366 1441
1293 1497
1287 1503
1377 1432
1400 1430
1443 1376
1359 1490
1311 1534
1267 1572
1229 1621
1435 1455
1510 1358
1413 1483
1380 1525
1396 1528
1506 1420
1471 1471
1444 1542
1478 1510
1514 1478
1501 1504
1419 1597
1428 1590
1406 1612
1299 1645
1504 1547
1532 1570
1511 1600
1551 1631
1418 1653
1598 1618
204405907 1778338741
1
sift 74
6 1
14 10
13 7
22 14
113 83
21 13
28 29
152 121
33 28
42 27
355 203
40 34
46 35
260 315
37 48
59 60
380 253
43 43
98 58
393 277
41 45
124 78
507 481
49 55
160 81
564 440
70 51
148 113
522 509
89 67
192 143
700 803
91 88
284 173
991 848
119 97
244 323
1096 1036
146 90
322 362
979 1585
139 101
313 398
181 132
376 495
174 179
426 470
221 133
566 409
220 257
405 617
433 327
495 571
336 464
618 782
391 394
982 1375
431 368
1485 1521
437 865
620 548
644 793
766 771
810 783
834 917
956 843
824 990
936 1004
913 1253
1155 1155
1143 1247
1136 1365
1348 1661
1471 1552
204405907 2009681629
1
sift 649
6 4
14 15
2 3
19 19
97 82
3 5
28 34
135 148
5 6
46 47
152 152
8 8
69 61
162 154
11 9
59 65
251 227
10 11
77 74
275 372
12 13
98 90
355 309
13 14
124 109
357 374
16 17
192 186
340 415
18 18
225 226
393 352
17 20
203 335
371 449
20 21
244 278
436 428
21 23
284 317
554 504
25 25
294 337
507 571
24 27
312 353
564 540
29 26
322 339
600 586
32 31
331 361
674 767
30 33
360 357
700 801
33 36
369 363
785 913
35 38
380 406
767 939
37 42
376 431
1096 681
40 41
387 434
989 787
38 43
405 461
822 1005
43 39
502 376
991 958
41 50
495 492
922 1094
44 48
520 489
933 1144
47 49
566 506
979 1246
48 51
503 601
1254 1306
54 46
618 848
1278 1309
49 57
710 818
1226 1379
50 58
814 761
1306 1355
52 60
812 923
1342 1398
61 52
731 1089
1389 1422
58 62
787 1033
1371 1485
56 64
842 1083
1564 1557
67 69
982 1154
73 76
1181 996
96 66
1100 1078
75 83
1144 1107
79 89
1067 1203
84 75
1244 1380
85 79
1485 1273
89 78
87 86
93 85
91 91
95 88
82 93
92 102
103 95
111 99
102 112
118 100
110 107
114 108
115 110
116 114
119 111
143 101
128 123
123 132
137 124
142 128
132 131
139 129
130 136
133 133
145 127
147 130
146 141
155 126
144 147
150 144
153 140
170 117
158 143
157 158
166 157
178 160
161 178
167 173
172 168
175 177
181 169
182 170
177 182
194 176
196 175
183 179
159 213
185 185
193 184
174 197
215 172
191 188
173 216
201 192
195 201
206 209
213 208
202 215
218 207
233 194
222 212
212 246
216 239
210 268
230 217
229 224
226 229
224 253
241 231
234 255
232 257
239 258
238 271
243 264
269 233
237 280
262 251
252 266
257 267
258 262
265 270
278 254
253 286
266 276
259 281
270 272
281 263
267 283
255 296
283 275
268 294
289 288
280 302
273 306
286 301
282 304
297 285
292 297
301 292
310 298
307 307
305 310
304 319
303 325
309 324
319 321
343 299
317 333
396 265
327 320
293 365
321 334
320 341
324 346
341 329
339 338
328 349
329 356
332 360
401 303
345 368
337 392
349 369
346 386
347 393
336 405
334 409
363 375
379 367
356 403
351 414
365 395
364 398
348 422
366 399
374 400
359 423
375 407
388 401
428 342
361 446
398 413
399 421
391 429
386 435
390 432
385 437
414 417
432 396
408 430
494 345
383 468
431 410
477 379
410 452
439 427
418 459
409 462
433 440
443 448
417 488
465 441
427 491
445 471
421 518
425 513
434 499
419 548
453 494
473 473
458 493
464 486
429 542
454 516
462 512
455 522
459 528
437 572
499 487
482 509
529 477
470 531
475 533
472 541
488 521
510 507
497 524
484 546
491 536
511 530
512 534
487 573
506 559
509 555
483 590
544 556
480 623
552 557
508 587
485 620
548 567
525 581
541 580
534 588
513 617
550 591
545 596
481 647
567 570
606 545
559 600
563 605
540 626
471 707
543 631
642 517
557 621
516 658
568 614
593 595
562 634
531 667
575 628
580 630
602 612
584 625
535 700
620 608
583 652
556 716
613 635
654 607
597 662
572 695
609 675
579 721
623 677
610 701
636 668
670 640
663 646
650 672
638 691
673 654
565 829
582 788
680 664
601 779
644 710
630 733
624 753
635 732
634 736
626 769
696 704
677 722
697 728
754 693
668 774
720 719
707 735
704 741
687 758
742 720
695 763
681 775
783 697
701 756
712 754
724 748
664 813
683 790
745 743
708 777
647 834
765 740
721 770
728 771
727 772
775 746
686 819
729 783
766 765
725 794
726 797
675 842
691 838
770 795
761 812
723 830
857 711
625 999
660 928
749 840
772 832
774 833
717 877
656 997
795 831
685 962
779 876
865 786
863 806
693 1002
810 864
776 910
890 785
806 906
956 776
840 866
823 898
948 796
828 885
834 889
829 899
802 986
801 1008
906 854
791 1031
778 1066
771 1084
868 901
837 940
978 825
914 870
820 989
835 953
838 951
862 931
871 937
874 974
830 1064
897 963
841 1056
905 975
847 1061
924 964
893 1007
878 1021
936 957
1030 880
833 1114
877 1053
928 992
908 1022
999 918
789 1242
894 1040
943 983
911 1035
968 961
913 1045
918 1039
1027 912
916 1044
937 1023
932 1027
879 1108
980 987
886 1111
939 1050
958 1018
949 1058
1026 991
1035 978
1032 990
992 1037
963 1074
876 1192
1073 952
946 1106
987 1065
977 1081
994 1068
960 1099
1071 972
972 1091
1172 903
1050 1006
910 1185
926 1162
1028 1057
988 1112
1101 993
962 1150
1143 966
1005 1118
1063 1038
947 1182
1095 1016
995 1142
1069 1051
870 1324
1093 1029
889 1288
1140 1012
941 1227
1047 1113
1262 942
1042 1139
1021 1174
1004 1199
993 1208
883 1382
1072 1124
961 1266
1216 1026
1102 1122
1132 1098
1092 1143
1076 1156
1103 1127
1023 1224
1048 1198
1045 1205
1070 1186
1186 1092
1089 1188
1113 1167
1038 1251
996 1327
1566 904
1166 1165
1187 1153
1155 1187
1152 1190
1037 1337
1136 1221
1097 1260
1121 1234
1131 1237
1149 1225
1107 1272
1145 1241
1111 1261
1386 1093
990 1461
1083 1312
1162 1229
1495 1046
1329 1155
1066 1374
1177 1270
1054 1427
1167 1293
1231 1239
1161 1313
1199 1277
1209 1275
1429 1146
1176 1296
1098 1399
1164 1328
1243 1264
1189 1311
1169 1336
1376 1201
1202 1303
1286 1257
1153 1385
1135 1413
1205 1339
1247 1302
1362 1235
1157 1425
1180 1387
1327 1287
1106 1498
1360 1284
1259 1351
1195 1426
1461 1218
1295 1343
1395 1271
1238 1397
1330 1330
1294 1363
1275 1376
1253 1405
1274 1389
1273 1404
1201 1472
1208 1471
1365 1371
1284 1428
1233 1465
1225 1470
1381 1368
1454 1305
1272 1462
1358 1417
1366 1420
1325 1444
1266 1486
1307 1464
1319 1460
1456 1367
1173 1610
1353 1469
1215 1581
1298 1527
1267 1562
1406 1457
1359 1505
1346 1514
1523 1356
1312 1554
1435 1458
1457 1453
1560 1357
1417 1507
1403 1529
1354 1585
1551 1408
1471 1490
1444 1569
1501 1536
1368 1629
1610 1424
1514 1543
1549 1524
1481 1594
1557 1535
1400 1632
1494 1608
1586 1542
1613 1611
