281418 16635677
1
sift 168
71 54
129 117
184 177
133 142
169 150
210 180
212 196
173 169
250 252
270 261
322 297
383 265
401 374
481 506
422 404
370 470
463 392
453 598
575 540
440 442
526 457
634 538
1073 951
527 479
550 456
728 663
1175 907
608 465
637 637
714 692
1311 1114
672 603
644 659
691 706
1468 1034
711 614
737 644
776 778
1755 1156
807 626
860 733
853 743
1426 1419
882 797
801 818
839 933
1770 1682
899 834
825 972
868 1087
2219 1563
855 919
891 876
1126 1056
1806 2309
929 1007
841 1221
1056 1196
2195 2075
828 1277
955 1078
1283 1029
2019 2262
951 1235
1137 1195
1040 1409
2453 1937
1132 1245
1226 1237
1159 1329
2398 2254
1354 1153
1296 1256
970 1734
2226 2476
1189 1381
1397 1207
1274 1327
3312 2214
1433 1435
1611 1104
1408 1793
2729 2789
1445 1455
1456 1466
1475 1652
2639 2924
1482 1516
1557 1515
1537 1609
2853 2965
1727 1456
1653 1595
1706 1770
3066 2880
1688 1584
1550 1825
1716 1762
2897 3064
1608 1768
1751 1613
1802 1776
2779 3185
1660 1838
1567 1982
1708 1936
2935 3088
1749 1792
1442 2420
1658 1999
2855 3151
1677 1998
1938 1764
1714 2125
3035 3131
2063 1665
2036 1716
1959 2213
3136 3155
1940 1963
1829 2235
2149 2171
1985 2097
1700 2539
1894 2585
2164 2036
2142 2106
2618 2159
2291 1976
2220 2129
2773 2275
2150 2208
1992 2442
2314 3136
2167 2252
1843 2751
3210 2533
2540 1986
2267 2229
3141 2993
2378 2197
2375 2326
2335 2440
2517 2257
3079 2000
2953 2186
2440 2563
2591 2481
2380 2748
2569 2681
2795 2532
2689 2679
2680 2694
2373 3165
2929 2597
3152 2497
2740 2858
2882 2877
2981 2922
3314 3025
2810 3401
3407 2909
3454 2902
3384 3080
3200 3302
3485 2963
3304 3308
3328 3369
281418 62563091
1
sift 71
47 40
497 531
276 137
267 229
492 688
318 204
269 278
1072 1122
302 248
282 302
1181 1353
303 288
307 308
1158 1482
341 319
435 464
1314 1657
463 513
471 508
2053 2432
482 532
527 517
2664 3485
672 726
620 827
666 792
752 748
860 889
737 1054
894 952
899 985
907 1065
951 1055
1095 929
937 1215
1014 1187
1062 1264
1156 1237
1138 1372
1116 1429
1023 1607
1233 1407
1027 1794
1120 1698
1423 1608
1404 1716
1322 1834
1482 1751
1456 1782
1677 1624
1545 1847
1596 1998
1994 1808
1895 1919
1792 2213
1980 2259
1829 2510
1987 2374
2220 2289
2267 2444
2868 2203
2150 2934
2244 2864
2378 2795
3152 2735
3078 3105
2742 3426
3217 3209
3200 3906
3400 3812
3522 4050
281418 106157740
1
sift 72
282 286
303 287
561 741
283 313
307 296
666 774
318 281
315 411
852 887
418 447
393 511
860 926
435 443
399 567
894 1038
463 531
471 547
749 1296
672 792
937 1202
907 1072
951 1098
1014 1215
1095 1238
820 1798
974 1515
1062 1486
1023 1466
1156 1484
1421 1497
1339 1558
1677 1346
1423 1543
1343 1622
1404 1637
1596 1780
1322 1771
1494 1620
1731 1899
1456 1703
1482 1685
1789 2003
1520 2209
1829 1934
1938 1838
1671 2146
1980 2015
2165 2094
2008 2256
2063 2309
1913 2585
2190 2202
2162 2307
2150 3005
2220 2243
2267 2470
2476 2621
2308 2685
2244 2816
2501 2731
2093 3426
3078 2595
2868 2642
3454 2439
2882 3184
3251 2947
3152 3125
2742 3796
3475 3764
3200 3685
3400 3805
3522 3936
281418 148862797
1
sift 196
133 139
1315 1261
139 135
202 160
173 170
1239 1395
218 225
269 259
227 221
1262 1409
222 250
524 538
243 226
1396 1536
268 239
626 599
289 260
1585 2248
282 277
619 636
318 237
2019 2779
303 293
641 720
324 372
2570 2827
369 336
644 721
393 365
2363 3487
399 400
681 696
418 390
3193 3344
435 417
749 904
434 461
440 476
711 1043
463 482
471 491
901 780
482 528
488 544
806 925
523 680
650 556
888 845
579 644
629 678
885 972
615 699
666 659
947 940
586 853
672 669
1027 1081
862 691
752 835
1062 1171
763 832
807 772
1095 1188
852 735
792 843
1280 1167
899 918
860 981
1173 1463
820 1064
891 1060
1418 1225
949 1024
907 1071
1387 1475
951 1058
937 1094
1421 1485
1120 996
993 1110
1307 1670
1156 1033
1014 1113
1423 1588
1019 1157
1008 1208
1553 1629
1116 1201
992 1323
1426 2163
1138 1338
1023 1494
1895 1661
1076 1437
1187 1368
2217 1575
1250 1335
1297 1255
1784 1841
1313 1321
1420 1245
1994 1715
1339 1369
1336 1435
1731 2070
1322 1620
1816 1220
1913 1889
1494 1537
1456 1577
1878 1935
1491 1547
1369 1734
2275 1939
1518 1616
1482 1643
2042 2234
1504 1647
1425 1797
2034 2268
1677 1663
1520 1855
1987 2367
1596 1822
1744 1770
2091 2412
1781 1793
1661 1896
2476 2008
1854 1738
1700 1933
2164 2575
1721 1942
1918 1744
2501 2674
1832 1837
1813 1887
2349 2953
1662 2102
2063 1874
2653 2924
1966 2048
2238 1801
2494 3155
1651 2492
1985 2066
3062 2755
1789 2333
1905 2198
3031 3077
1992 2109
2233 1989
2981 3135
1860 2482
2190 2185
3249 3348
2220 2212
2162 2501
3131 3994
2150 2553
2243 2480
2244 2500
2267 2495
1829 3287
2080 2763
2382 2410
2308 2588
2242 2660
2362 2544
2093 2939
2196 2766
2274 2675
2335 2614
2342 2661
2322 2759
2513 2642
2259 3249
3132 2493
2541 2912
2625 2885
3078 2637
2929 2760
2873 2884
2700 3305
3163 3201
3152 3282
2882 3712
3454 3014
3280 3352
3263 3529
3283 3535
3328 3495
3080 4059
3400 3954
3522 3864
3598 3890
281418 251449938
1
sift 339
14 10
18 12
57 51
42 43
56 36
131 90
50 55
350 325
167 137
109 100
281 267
142 104
345 385
287 279
133 129
386 447
139 119
746 764
309 303
162 131
745 784
179 138
777 801
411 395
173 150
813 767
218 240
781 877
430 465
221 243
942 896
276 234
1122 1212
448 557
269 252
1151 1200
278 254
1134 1533
497 553
282 275
1276 1373
318 238
1167 1568
492 582
303 272
1388 1485
307 280
1432 1654
536 571
355 241
1389 1922
283 401
1634 1690
556 713
341 305
1644 1647
364 374
1632 1724
719 847
391 357
1346 2467
369 445
1622 1908
773 848
399 472
1738 1920
418 462
1676 2389
916 945
435 452
1826 2150
370 641
1846 2131
948 1054
440 518
2065 1894
434 529
1993 2189
1017 1349
471 497
1685 2486
463 511
2066 2366
1158 1257
482 500
1999 2479
527 483
1970 2561
1215 1258
579 640
2250 2255
585 663
2158 2382
1181 1294
535 740
2507 2045
561 746
2320 2364
1257 1245
608 708
2404 2425
609 735
2222 2687
1299 1273
619 725
2177 2913
586 785
2791 2592
1334 1410
629 743
2550 2946
672 692
2587 3411
1314 1483
666 712
2690 3655
575 853
3043 3276
1319 1644
681 722
3216 3356
615 846
2804 4019
1498 1736
664 772
3194 3608
642 831
3303 3455
1871 1519
512 1210
3305 3526
862 698
3332 3703
1692 1742
644 916
2963 4177
782 752
3516 3580
2053 1892
792 763
3334 4200
737 829
3596 4063
2049 1897
641 1011
3602 4102
676 949
2174 1936
807 826
763 884
2038 2353
762 909
888 781
2156 2459
852 816
860 879
1737 3114
899 863
806 987
2130 2593
800 1047
894 930
2414 2483
749 1151
907 972
2402 2762
949 942
891 1032
2486 2752
951 999
987 971
2216 3142
937 1068
929 1081
2304 3641
977 1005
1032 1030
2512 3645
1014 1083
974 1173
3015 3161
820 1534
1019 1126
1011 1164
1033 1180
1357 990
1137 1124
992 1272
1138 1191
1083 1241
1116 1227
1068 1277
1187 1168
1095 1266
1233 1229
1168 1346
1284 1259
2285 869
1076 1545
1132 1479
1420 1197
1313 1291
1514 1132
1013 1675
1312 1388
1328 1457
1322 1522
1093 1811
1339 1528
1387 1502
1421 1468
1423 1480
1404 1532
1332 1627
1482 1482
1494 1511
1456 1637
1342 1787
1916 1310
1671 1463
1396 1738
2004 1297
1603 1583
1596 1598
2540 1155
1520 1712
2005 1415
1490 1807
1567 1778
1545 1818
1798 1655
1549 1885
1677 1800
1316 2649
1287 2857
1661 2000
1746 1966
1938 1797
1895 1831
1784 2026
1832 1986
1710 2194
1879 1924
1747 2174
1967 1864
1730 2268
1829 2159
1755 2300
1980 1945
1868 2124
1985 2029
1976 2059
2036 1972
1789 2436
1913 2214
1912 2243
1954 2193
1992 2205
1806 2540
2019 2200
2232 1967
1838 2510
1989 2337
1862 2503
2209 2116
1719 2785
1984 2419
2091 2318
2162 2263
2164 2272
1994 2504
2220 2264
2034 2536
2233 2331
2190 2448
2296 2303
2080 2627
1987 2724
2150 2567
2008 2740
2267 2476
2659 2067
2312 2468
2244 2636
2700 2262
2461 2480
2093 2937
2242 2791
2513 2532
2476 2603
1918 3405
3422 1998
2356 2775
2286 2973
2196 3108
2868 2549
2062 3410
2501 2826
2335 3031
2424 2924
2626 2825
1707 4254
2279 3300
2322 3285
3170 2836
3193 2830
2882 3010
3328 2796
3441 2736
2785 3265
2460 3827
3163 3037
2742 3423
3078 3183
2938 3314
2625 3764
3152 3195
3169 3187
2855 3605
3454 2972
2911 3601
3198 3299
3217 3316
3187 3431
3354 3288
3081 3840
3291 3472
3276 3500
2771 4099
3280 3712
3200 3910
3304 4015
3203 4184
3521 3789
3358 4097
3249 4172
3400 4045
3522 3878
3605 3375
281418 332492770
1
sift 57
2393 2224
42 45
149 163
2791 3077
167 159
287 271
309 450
413 422
482 508
448 562
497 594
492 606
594 555
556 927
663 749
773 821
948 1004
1019 1112
1052 1122
1072 1123
1017 1277
1138 1180
992 1351
1181 1168
1158 1221
1191 1473
1355 1357
1334 1441
1257 1604
1314 1708
1671 1561
1491 1939
1692 1881
1968 1738
2130 1679
1747 2181
1954 2072
2039 2285
2007 2375
1983 2463
2158 2337
2053 2475
2301 2305
2093 2682
1976 3369
2441 2788
2982 2683
2384 3308
2880 2875
2513 3220
2753 3082
2742 3097
3067 2999
2674 3661
3053 3638
3408 3533
3538 3803
281418 456750183
1
sift 83
202 160
282 268
303 295
269 261
319 221
399 532
307 307
1731 2115
435 424
561 730
418 440
1565 2413
463 479
792 850
471 487
3251 2702
527 552
1014 1115
523 674
3217 2900
666 718
993 1175
672 728
2964 3208
752 847
977 1319
749 1030
3475 3419
894 900
992 1685
860 1012
937 927
1421 1380
899 1001
907 1058
1494 1519
951 1102
820 1393
1671 2172
1156 1056
1011 1150
2238 2050
1095 1129
1088 1177
2093 2431
1062 1322
1023 1348
2378 2200
1138 1373
974 1581
2500 2199
1322 1532
1423 1439
2868 2147
1296 1571
1514 1387
2501 2393
1404 1539
1339 1606
2742 3471
1482 1541
1456 1576
2882 3502
1596 1740
1520 1872
3328 3501
1792 1804
1829 1784
3400 3462
2063 1935
2220 2061
3598 3610
2274 2069
2162 2233
2150 2430
2244 2422
3078 2088
2242 2919
3454 2251
3152 2694
2700 3479
3200 3464
3358 3482
281418 491624696
1
sift 55
350 311
42 49
58 63
812 714
149 159
208 183
813 752
287 276
413 363
1136 1126
448 509
497 504
1293 1209
492 574
663 684
2178 932
774 931
948 863
1340 1369
1181 991
1158 1117
2066 1778
1017 1294
1097 1284
2065 2089
1210 1242
1385 1163
2393 2332
1191 1364
1314 1491
2587 2254
1355 1584
1444 1739
3202 2495
1692 1751
1498 2397
2792 2913
1711 2316
2053 2136
2690 3026
2402 2013
2301 2248
2703 3439
2158 2433
2441 2205
3602 3174
1520 3813
2674 2310
2350 2989
2263 3190
3015 2865
3180 2987
3408 2871
3479 3693
3579 3578
281418 595444731
1
sift 145
96 2275
142 98
163 177
133 123
179 133
203 185
202 152
218 267
391 342
227 246
276 231
364 390
318 240
269 299
399 564
302 287
282 304
482 535
289 324
303 307
600 604
341 330
418 481
579 713
435 494
441 572
609 806
463 558
561 812
615 932
586 798
626 746
762 902
629 860
672 786
782 927
666 802
703 824
1068 1370
644 956
752 843
1116 1344
807 833
806 1033
974 1684
852 969
860 998
992 1679
894 990
749 1211
1313 1393
899 1081
907 1082
1332 1637
951 1098
891 1191
1312 1721
937 1228
1014 1182
1396 1913
820 1761
1120 1285
1671 1803
1095 1329
1156 1322
1954 1709
1062 1462
1138 1394
1968 1757
1023 1565
1343 1247
1832 1965
1168 1472
1233 1434
1868 2061
1514 1226
1076 1725
2005 2269
1421 1500
1423 1593
2008 2702
1322 1717
1482 1697
2261 2551
1404 1833
1456 1799
2196 2747
1494 1814
1596 1836
2093 2882
1816 1692
1895 1714
2062 2995
1994 1683
1677 1922
3138 2281
1784 1883
1565 2186
2513 3167
2036 1750
1731 2116
2771 3217
1938 1879
1792 2130
3280 3042
1661 2394
1520 2791
3198 3866
1913 2221
1967 2198
3354 4001
1789 2443
2063 2174
1985 2306
1980 2441
2162 2293
2190 2370
2220 2410
2312 2329
2165 2567
2267 2532
2080 2823
2500 2544
2244 2799
2150 2938
2242 2911
2335 2955
2296 3160
3454 2648
2964 2929
2882 2985
3078 2967
3152 3048
3169 3303
3131 3569
3314 3384
3400 3749
3250 4017
3328 4095
3383 4040
3319 4149
3475 4139
3522 4105
3449 4194
3483 4175
281418 683079722
1
sift 72
169 168
209 255
256 1001
229 250
250 257
480 510
575 727
711 467
521 648
714 669
1242 911
681 728
839 682
776 917
1235 1596
637 966
855 862
1397 1218
1531 2132
894 895
929 1029
1595 1448
1426 2411
1354 1038
1082 1299
1471 1843
1755 1922
1137 1309
955 1656
1311 2172
2219 1570
1433 1242
1387 1581
1716 1598
1798 2087
1423 1636
1727 1583
1474 1908
2653 2828
1688 1730
1205 2691
1714 1985
1333 2385
1445 2186
1802 1967
1661 1936
1895 1743
1940 2006
1939 1780
1914 2285
2618 2291
2091 2213
2143 2205
2357 2996
2105 2271
1987 2461
1815 2731
2167 2552
1891 3114
2380 2591
2373 2672
2375 2738
2517 2608
2427 2746
2689 2733
2476 3086
2285 3429
2591 2983
2286 3515
2593 3421
3407 3030
3384 3555
281418 736661850
1
sift 327
27 23
24 29
56 59
104 109
48 47
60 54
88 75
110 99
55 62
71 67
100 83
169 160
82 93
129 105
212 173
173 174
125 147
211 199
320 370
179 171
189 172
270 289
1195 722
227 222
229 230
373 322
799 1308
250 220
113 961
480 486
1239 847
268 281
306 266
453 542
1242 869
303 284
369 293
541 489
1316 1055
341 319
383 324
634 485
1201 1274
407 337
433 355
595 607
1262 1256
401 383
370 443
632 670
1419 1333
418 394
435 402
713 672
1426 1360
432 405
440 436
728 729
1531 1384
463 418
471 430
853 683
1486 1462
524 425
523 452
801 792
1798 1378
487 567
608 469
886 714
1815 1428
586 477
650 500
832 818
1755 1521
711 488
620 552
868 973
2036 1561
545 636
550 626
994 901
1942 1741
629 571
561 651
1073 867
2219 1688
685 549
644 604
1056 1122
1930 2050
666 606
681 615
1157 1133
1585 2592
672 616
737 598
1075 1253
1899 2135
637 779
725 666
1159 1303
2453 1744
807 639
752 698
1274 1325
1806 2464
792 708
776 733
1611 1067
2455 1829
860 691
855 804
1288 1351
2195 2332
885 780
825 891
1350 1433
2019 2565
828 879
894 820
1460 1502
2516 2051
882 868
899 854
1470 1498
2299 2404
891 888
929 915
1595 1406
2469 2272
951 897
841 1104
1537 1530
2444 2330
957 958
907 1025
1474 1702
2363 2485
919 1026
1014 909
1653 1526
3312 1963
1033 900
937 1088
1706 1583
3322 2072
1011 1034
955 1278
1808 1507
2624 2773
1126 1097
1083 1139
1640 1773
2810 2661
1095 1158
1137 1131
1708 1796
2578 2894
1174 1132
968 1412
1658 1873
2668 2814
1132 1279
1759 871
1674 1860
2667 2887
1189 1251
1353 1113
1922 1814
2788 2772
1280 1177
1226 1241
1894 1964
2855 2849
1532 996
1433 1145
1959 2104
2720 2962
1322 1238
1142 1455
2297 1978
2696 2989
1425 1239
1235 1430
2315 2141
2692 3013
1397 1287
1296 1417
2128 2354
2623 3296
1335 1420
1494 1289
1919 2694
2897 3022
1456 1403
1328 1614
2398 2158
3013 3015
1423 1547
1482 1488
2226 2384
3225 2870
1445 1632
1596 1464
2411 2424
2994 3214
1520 1600
1721 1523
2337 2560
3063 3232
1727 1527
1550 1735
2773 2458
3136 3215
1553 1740
1580 1728
2547 2711
3124 3309
1716 1610
1688 1643
2572 2735
3156 3274
1714 1653
1781 1593
3052 2403
3118 3382
1751 1633
1966 1492
3210 2440
1660 1786
1731 1737
3087 2725
1994 1506
1895 1630
2779 3141
1789 1749
1677 1904
2861 3469
1802 1833
2063 1620
1700 2061
1938 1766
1749 2011
1718 2055
1905 1853
1862 1983
1829 2039
1545 2466
1940 1925
1876 2035
2091 1944
2105 1995
1914 2187
2265 1864
2244 1986
2150 2112
2142 2127
1992 2310
2291 2033
2312 2006
2220 2122
2520 1851
1987 2368
1936 2420
1843 2635
2167 2288
2541 2015
2534 2031
2307 2246
2267 2323
1985 2753
2378 2240
3079 1948
2618 2181
1927 3241
2274 2552
2584 2309
2476 2508
2540 2511
2530 2534
2311 2891
2137 3352
2593 2580
2595 2591
2285 3109
2551 2678
2380 2963
2580 2717
2680 2617
2654 2673
2571 2782
2700 2675
2471 2952
2591 2828
2758 2722
2569 2926
2352 3323
2440 3185
2689 2841
2626 3049
2938 2860
2892 2904
3132 2757
2882 3099
2557 3446
2494 3524
2727 3350
3163 2927
3105 2987
3169 2924
3249 2867
3452 2665
3031 3221
3154 3137
3454 2769
3152 3289
2975 3434
2397 3604
3407 2983
3200 3417
3283 3371
3485 3042
3358 3295
3552 3254
3328 3566
3562 3467
281418 748678880
1
sift 572
204 201
236 169
16 11
46 64
18 18
44 57
240 224
247 255
50 59
77 82
122 119
104 87
237 254
281 331
113 123
128 130
139 139
133 145
248 248
295 372
142 144
178 207
162 157
169 161
255 269
358 415
179 154
298 304
198 212
173 165
349 275
380 399
174 172
292 383
253 220
192 168
476 667
381 410
202 166
403 427
224 273
184 182
646 647
386 401
180 215
366 495
262 229
189 217
767 584
424 402
218 218
485 366
245 256
225 222
810 696
466 474
221 235
509 368
279 262
227 231
712 855
446 602
256 261
428 471
282 277
266 246
747 964
572 718
268 266
451 466
283 296
269 292
870 922
813 787
276 291
447 505
318 285
289 293
923 886
790 1471
303 301
507 465
308 310
306 299
1010 1094
1042 1037
355 287
531 504
315 324
331 305
1194 1137
1293 1036
383 302
739 525
394 334
314 367
1179 1296
1131 1394
325 379
649 656
364 378
339 364
1331 1236
1276 1396
369 356
552 797
391 355
390 385
1559 1160
1388 1597
368 384
726 665
399 435
393 386
1344 1364
1372 1714
370 423
721 800
482 502
367 438
1212 1641
1610 1613
401 400
876 1047
518 523
407 395
1395 1569
1656 2052
433 404
980 1127
579 580
418 434
1811 1980
1993 1932
435 450
1183 1201
582 589
478 429
1991 1861
1941 2142
440 489
1196 1217
528 675
463 469
1853 2032
1999 2118
471 477
1323 1185
603 605
467 503
1819 2210
1765 2525
488 596
1271 1240
600 623
542 546
2092 2020
2061 2311
523 585
1279 1427
555 680
589 592
2188 2004
2083 2603
626 610
1575 1358
624 635
608 663
2210 1981
2147 2555
615 668
2004 1499
609 698
711 571
2663 1840
2633 2174
578 707
1752 1660
639 652
561 733
2319 2132
2329 2502
661 644
1710 1800
564 835
619 693
1814 2859
1933 3390
644 678
1893 1736
675 691
809 565
2136 2648
2364 2586
666 688
1947 1710
679 695
641 727
2058 3198
2556 2456
672 699
2044 1869
804 670
586 833
2683 2541
2464 2540
738 686
2107 2272
707 743
737 720
2922 2890
2000 3531
817 676
2157 2232
762 810
725 764
3005 3018
2550 2553
752 802
2259 2185
771 813
807 776
3525 2870
2184 3458
792 798
1957 2622
797 809
852 751
3041 3661
2389 3016
688 926
2225 2421
800 815
862 778
3220 3541
2368 3648
749 903
2144 2799
782 898
888 782
3462 3231
2404 3703
696 1018
2356 2745
898 925
860 848
3361 3608
2676 3569
806 947
2305 2926
945 999
820 945
3444 3518
3323 3267
885 870
2920 2657
973 952
930 834
3496 3171
919 843
3238 2732
963 1006
899 891
3208 3621
894 899
2605 3450
1206 867
907 910
3500 3259
891 984
2461 3614
974 1007
949 951
3202 3691
951 977
2979 3034
1116 1011
1058 946
3309 3711
994 989
3318 2963
992 1120
912 1142
3297 3767
993 1027
3204 3342
986 1149
968 1139
1095 1061
3276 3503
1068 1175
1011 1161
1156 1056
3389 3468
1138 1178
1137 1076
1099 1103
3286 3668
1297 1073
962 1334
1083 1199
1266 1167
1098 1183
1089 1197
1120 1337
1096 1230
1088 1251
1237 1285
1000 1341
1418 1004
1420 1110
1173 1249
1187 1233
1313 1255
1168 1312
1274 1229
1339 1267
1233 1271
1296 1219
1335 1311
1315 1210
1217 1322
1020 1681
1262 1293
1380 1192
1312 1351
1132 1432
1239 1336
1216 1564
1142 1444
1250 1383
1396 1423
1280 1350
1357 1306
1458 1393
1195 1476
1074 1614
1369 1510
1227 1463
1094 1663
1493 1382
1302 1445
1328 1430
1520 1528
1531 1279
1651 1180
1518 1545
1284 1547
1322 1511
1287 1832
1387 1462
1588 1281
1578 1526
1106 1860
1504 1366
1490 1701
1532 1347
1426 1454
1671 1615
1423 1472
1545 1365
1816 1554
1482 1418
1421 1534
1502 1846
1456 1488
1553 1474
1871 1517
1576 1461
1549 1519
1854 1550
1653 1437
2070 1245
1832 1694
1473 1623
1514 1671
1747 1811
1565 1606
1591 1618
1746 1830
1596 1646
1630 1627
1954 1677
1677 1602
1516 1835
1868 1740
1660 1666
1727 1655
1648 2066
1781 1635
1688 1718
1918 1774
1762 1668
1753 1678
2196 1688
1813 1643
1382 2310
1870 1970
2383 1361
1700 1754
1697 2213
1585 1931
1966 1598
2008 1873
1708 1836
1662 1918
1976 1949
1784 1778
1721 1892
1774 2262
1718 1909
2036 1673
1980 2053
2219 1585
1895 1799
2414 1721
1938 1779
1990 1768
2233 1992
2063 1724
1808 2013
2263 2015
1731 2111
2075 1747
2208 2183
1914 1901
1913 1936
1725 2865
2034 1862
1829 2086
2134 2304
1624 2352
1878 2069
2238 2211
2164 1819
1994 1986
2274 2254
1488 2762
1838 2156
2261 2307
1992 2005
2696 1560
2130 2482
1920 2124
1843 2227
2309 2338
2244 1870
2137 2039
2937 1959
2243 1939
2060 2129
2093 2726
1987 2209
2220 2024
2163 2669
2267 1967
1985 2252
2384 2397
2105 2145
2190 2067
2382 2576
2162 2138
1899 2420
2322 2780
2094 2351
2019 2401
2574 2609
2768 1842
2342 2175
2785 2572
2275 2268
2335 2199
2479 2958
2226 2333
2195 2367
2513 2960
2242 2349
2080 2534
3227 2530
2772 1982
2541 2107
2771 2903
2142 2486
2362 2285
2625 3068
3079 1977
2545 2253
2971 2787
2476 2327
2308 2492
3280 2684
2570 2294
2501 2335
2722 3376
2200 2695
2325 2490
3039 3213
2215 2902
2299 2800
3198 3176
3062 2314
2363 2851
3260 3229
2432 2769
2506 2685
3605 2501
2516 2673
2494 2730
3291 3620
3454 2127
3152 2346
2700 2544
2424 2889
2626 2656
2810 2524
2578 2888
2868 2683
3131 2519
2856 2731
3375 2381
3232 2489
3327 2440
2399 3427
2352 3522
2788 2858
2460 3357
2938 2770
2976 2761
2929 2826
2692 3043
3230 2616
2740 3059
2908 2967
3248 2646
2911 2982
3008 2883
2773 3098
2557 3478
2579 3467
3170 2805
2975 3007
3314 2675
3122 2882
2882 3122
2779 3272
3078 2954
2964 3069
3163 2881
3249 2839
2892 3430
3283 2919
3200 3076
3081 3287
2794 3553
3189 3236
3118 3362
3358 3128
3251 3409
3471 3077
3203 3607
3328 3474
3522 3060
3383 3410
3407 3408
3304 3557
3400 3572
3403 3613
3540 3441
3542 3502
3483 3666
3475 3692
3541 3628
281418 756063153
1
sift 94
60 57
82 120
106 126
133 167
113 121
210 209
184 191
169 169
173 197
481 544
242 159
250 252
401 415
714 703
423 463
440 486
515 566
728 757
575 614
550 529
711 588
730 761
1239 871
882 909
776 819
801 867
1316 971
825 1024
840 1016
868 1269
1311 1234
1082 908
929 1064
1283 1115
1426 1331
955 1237
1137 1295
970 1696
1531 1417
1354 1248
1226 1383
1595 1395
1471 1646
1348 1441
1433 1485
1475 1725
1755 1476
1688 1656
1608 1811
1716 1883
1802 1861
1751 1685
1660 1919
1940 2027
2219 1559
1750 1822
1939 1815
1674 2349
1777 2336
2036 1767
1789 2222
1959 2087
1806 2441
1985 2155
1890 2326
2618 2126
2149 2298
2142 2178
2167 2219
2314 2934
2019 2460
2540 1945
2091 2404
3142 2690
2754 3091
2375 2467
2407 2425
2994 3176
2427 2519
2380 2776
2689 2543
2591 2671
2795 2645
2653 2800
2929 2783
2707 2983
2810 2914
2628 3226
2940 2993
2953 2988
3384 2726
3407 2896
3314 3348
3283 3410
281418 768479201
1
sift 256
24 25
54 64
48 49
44 52
113 81
87 92
86 91
82 108
99 105
94 114
129 121
173 173
105 125
125 144
184 161
188 166
209 169
280 271
211 192
301 186
250 254
373 338
397 351
282 231
267 250
417 329
445 316
318 235
331 287
385 503
425 337
341 304
399 341
490 458
400 385
401 360
422 395
453 588
541 414
440 437
482 477
717 672
634 571
480 559
487 554
691 734
731 509
575 488
608 476
873 876
632 611
644 631
615 722
1065 962
728 781
711 613
718 660
1283 914
795 791
737 666
714 717
1056 1362
924 750
702 798
792 731
1374 1319
835 893
807 713
730 829
1595 1509
994 848
776 793
771 821
1715 1541
902 1043
787 884
1195 661
1601 2389
971 978
841 922
955 841
2262 1830
1004 1005
891 899
963 837
1959 2120
1073 1040
825 1121
945 974
2323 2061
980 1227
868 1188
992 1019
2110 2580
1184 1164
1014 1039
1239 916
2572 2500
1075 1296
1116 1035
1126 1067
2669 2443
987 1538
1076 1220
1339 994
2983 2369
1274 1243
1137 1224
1138 1225
2547 2677
1166 1969
1201 1213
1132 1331
2576 2652
1704 1482
1189 1301
1445 1084
2697 2546
1537 1676
1287 1286
1324 1279
2421 3388
1408 2006
1420 1267
1288 1436
2699 3135
1708 1657
1312 1416
1336 1428
3142 2765
1652 1731
1494 1290
1369 1426
3000 3149
1658 1747
1313 1512
1352 1488
2865 3274
1653 1769
1567 1339
1460 1497
3344 3445
1808 1654
1475 1563
1284 1878
1857 1882
1520 1548
1755 1396
1706 2110
1490 1677
1671 1494
1777 2070
1426 1850
1557 1741
1922 1914
1433 2000
1550 1910
1957 1983
1660 1861
1942 1637
1752 2330
1798 1791
1747 1864
2015 2118
1832 1794
1839 1831
1902 2230
1714 2008
1821 1927
2157 2039
1916 1937
2416 1549
2019 2333
1899 2029
1806 2182
2398 2059
2079 1915
1677 2350
1919 2568
1843 2216
1940 2106
2453 2038
2219 1862
1868 2226
2226 2439
2007 2091
3123 1540
2356 2597
2520 1787
2142 2150
2246 3086
2163 2181
1992 2416
2773 2451
1985 2494
2274 2208
2461 2789
2291 2209
2618 1965
2305 3097
2455 2089
2208 2331
2692 2828
2195 2345
2335 2222
3210 2670
2214 2344
2093 2501
3063 3088
2363 2224
2953 1922
2779 3326
2469 2164
2233 2384
3276 3451
2516 2146
3165 1962
3079 2003
2357 2488
2322 2551
2296 2649
2471 2457
2625 2508
2729 2660
2491 2943
2742 2675
2720 2731
3280 2378
2971 2589
2851 2690
2624 2907
2493 3138
2820 2810
2513 3137
2639 2996
2397 3344
2626 3068
2938 2819
2744 3014
2828 3001
2500 3351
2882 3033
2557 3338
3035 2985
2872 3185
2929 3150
2810 3286
2911 3333
3092 3253
3384 2920
3426 2916
3328 3298
3198 3435
3562 3167
3472 3349
3598 3361
281418 781759124
1
sift 902
22 25
14 13
0 2
26 31
63 77
12 12
96 97
166 170
18 27
105 116
114 78
24 28
119 123
236 173
38 46
132 152
128 121
44 49
204 199
251 225
48 53
193 189
200 107
53 47
206 213
247 238
49 65
239 221
175 169
54 64
255 222
264 255
56 67
260 249
237 258
71 66
248 279
274 271
68 74
284 261
298 289
79 81
292 311
295 361
87 93
246 377
358 360
82 98
336 340
366 373
109 80
343 344
349 370
88 100
363 397
381 394
94 106
373 383
380 419
113 102
360 415
386 426
106 112
385 391
403 402
120 110
404 422
424 465
103 133
375 407
447 396
129 119
406 456
439 475
121 129
397 393
451 496
125 136
503 549
426 551
139 128
445 389
507 510
133 139
477 622
533 644
145 132
425 424
549 542
157 127
546 602
530 696
148 137
348 619
535 566
142 140
568 620
572 664
168 143
541 568
496 650
162 156
517 742
588 737
172 146
531 614
646 645
158 167
621 671
844 1024
169 154
566 591
485 900
171 162
565 765
921 986
192 145
592 621
585 752
173 165
810 572
1042 1107
153 201
623 603
649 691
184 172
645 720
1131 1162
188 187
604 835
500 970
179 195
647 770
1301 1104
203 176
731 686
636 1067
209 181
670 802
1207 1374
198 197
778 734
815 813
211 198
727 852
1185 1553
221 207
743 877
712 963
222 212
819 851
1276 1464
227 230
857 1020
657 1204
245 245
747 1061
1247 1596
231 267
956 999
1200 746
262 251
1043 1118
1388 1630
250 256
978 1019
726 1495
289 229
1111 1134
1372 1799
282 242
971 1046
1004 1026
266 282
1064 1188
1570 1565
301 246
1193 961
1029 1015
283 273
1194 1092
1684 1594
285 270
1026 1071
980 1119
270 288
1161 1109
1293 2218
311 244
972 1181
987 1215
268 302
1079 1200
1848 1587
280 295
1005 1314
1068 1151
303 286
1010 1297
1765 1732
273 321
1196 1159
1183 1165
306 277
1169 1272
1926 2003
233 399
1164 1205
1179 1354
394 236
1267 1194
1941 1997
308 309
1182 1328
1287 1364
317 299
1261 1289
1644 2375
332 292
1268 1313
1279 1441
330 300
1265 1446
1999 2008
315 324
1321 1391
1868 1058
318 315
1709 1179
1690 2384
331 317
1374 1373
1508 1259
324 342
1331 1563
1993 2059
341 349
1440 1413
1323 1693
340 395
1666 1397
2106 2090
345 387
1538 1528
1503 1524
383 378
1344 1747
1720 2555
391 374
1327 2105
1212 2050
370 400
1566 1704
2131 2204
364 429
1555 1763
1652 1490
400 446
1667 1638
2147 2237
417 427
1507 1914
1710 1756
401 458
1560 1817
2061 2343
399 460
1877 1613
1902 1779
422 452
1734 1803
2067 2619
433 440
1640 1887
1957 1875
450 428
1735 1870
2404 2313
540 359
1715 1810
1893 2009
440 483
1814 1986
2064 2800
463 472
1915 2014
1991 2044
528 437
1636 2397
2389 2344
526 439
1874 2117
1853 2278
471 503
1819 2376
2187 2610
616 401
1947 2056
2107 2081
497 499
2058 2226
2247 2617
482 531
2077 1968
1752 2558
453 569
2138 2198
2083 3094
518 494
2015 2126
2157 2171
470 564
2092 2438
2255 2747
488 539
1919 2314
2144 2292
492 533
2395 2186
2464 2479
486 543
2323 2288
2062 2532
490 544
2552 2290
2364 3137
523 553
2592 2268
2004 2657
653 453
2210 2705
2505 2976
487 606
2230 2883
2435 2419
480 636
2326 2717
2750 2735
564 546
2492 2465
2305 2582
563 576
2714 2357
3093 2659
586 562
2204 3141
2246 2703
651 511
2188 3248
2943 2866
556 600
2601 2651
2461 2445
555 607
2319 3107
2633 3230
542 632
2466 2922
2259 2802
577 592
2564 2834
2556 3334
559 609
2983 2489
2356 2627
448 776
2173 3515
3332 3051
608 585
2669 2803
2605 2456
582 617
2418 3385
3235 3412
551 656
2924 2589
2279 3127
595 612
2928 2812
3414 3392
711 530
2572 3156
2771 2630
634 593
2535 3261
3302 3512
579 649
2865 2888
3204 2606
609 665
3257 2822
3323 3629
545 732
3137 2886
3046 2819
561 723
3296 2806
3362 3646
685 605
2652 3480
3167 2846
826 532
3041 3262
615 692
3000 3271
3370 2579
602 704
3005 3292
639 659
3525 2571
3276 3003
629 679
3220 3255
632 681
3038 3400
2885 3408
650 666
3106 3446
600 717
2766 3607
2920 3423
661 662
3361 3481
644 682
2864 3601
3187 3215
734 643
3502 3417
598 803
3463 3239
2996 3383
668 712
3357 3610
672 707
3510 3622
3198 3296
656 726
3495 3668
688 727
3389 3257
638 826
663 804
2979 3581
828 680
809 695
3401 3478
737 738
797 713
3059 3675
759 736
675 824
3565 3561
728 766
713 798
736 769
752 758
642 909
705 815
762 775
730 808
707 844
679 901
776 792
792 773
741 843
777 807
771 830
807 793
701 910
795 827
796 838
765 872
775 905
852 829
804 908
862 842
842 856
821 913
835 921
898 855
853 926
884 895
854 938
837 958
839 953
873 940
860 951
891 939
864 974
841 1002
899 942
955 896
994 837
886 976
937 947
1082 819
902 973
907 994
801 1142
951 972
1093 849
945 982
1211 805
1078 891
1223 836
868 1131
800 1269
1109 919
1014 985
1156 933
986 1034
919 1154
1065 1041
963 1117
959 1180
1075 1082
1125 1051
1019 1114
1087 1085
1281 979
1116 1091
969 1222
1011 1182
1060 1157
970 1255
1126 1102
1083 1148
1124 1111
1120 1130
1073 1176
1213 1078
931 1460
1272 1069
1420 990
1089 1223
1050 1278
1076 1256
1201 1128
1137 1199
1138 1216
1056 1309
1237 1124
1476 1003
1172 1208
1159 1232
1088 1312
1257 1143
1198 1218
1040 1407
1197 1230
1227 1195
1148 1285
1231 1221
1189 1270
1187 1274
1339 1163
1240 1275
1283 1229
1132 1437
1238 1296
1411 1152
1413 1155
1296 1248
1233 1322
1282 1287
1316 1265
1235 1372
1266 1358
1518 1113
1299 1307
1274 1352
1341 1284
1262 1396
1288 1353
1284 1383
1312 1389
1317 1388
1308 1408
1592 1149
1285 1452
1338 1410
1409 1367
1325 1451
1437 1346
1195 1633
1384 1415
1313 1492
1530 1257
1419 1404
1335 1483
1493 1318
1157 1753
1206 1674
1063 2004
1322 1538
1449 1411
1324 1544
1306 1559
1396 1484
1473 1399
1404 1489
1506 1377
1127 1923
1421 1477
1328 1585
1458 1450
1426 1527
1460 1500
1456 1514
1369 1620
1470 1522
1736 1305
1504 1540
1520 1539
1350 1768
1475 1589
1482 1581
1662 1426
1648 1442
1513 1574
1353 1864
1631 1502
1755 1467
1490 1712
1537 1687
1671 1560
1433 1931
1854 1473
1604 1651
1692 1626
1793 1566
1665 1653
1817 1582
1703 1688
1762 1636
1660 1724
1531 1952
1611 1806
1781 1681
1763 1705
1727 1745
1721 1757
1706 1812
1741 1782
1550 2043
1653 1894
1557 2040
1756 1792
1601 1981
1708 1893
1595 2019
1867 1707
1751 1888
1838 1774
1744 1909
1789 1884
1872 1749
1918 1714
1747 1921
1821 1834
1808 1871
1714 1994
1534 2242
1832 1899
1607 2147
1578 2209
1700 2053
1954 1751
1567 2236
1798 1980
1802 1996
1829 1965
1870 1912
1871 1937
1716 2137
1658 2217
1746 2141
1769 2152
1938 1961
1956 1951
1914 2002
1809 2139
2012 1930
1908 2033
1843 2122
2310 1708
1959 2037
1940 2061
1980 2036
1976 2042
1974 2065
1899 2131
2063 1999
2059 2013
1630 2478
1884 2183
2219 1904
1967 2128
2130 2020
3311 1469
2056 2110
1813 2374
2317 1889
2195 2010
2013 2173
2040 2166
2048 2189
1955 2269
2833 1661
2262 2057
2261 2058
2079 2248
1929 2381
2520 1882
2244 2102
2007 2322
2799 1736
1737 2810
2163 2228
2842 1767
2398 2017
2647 1867
2142 2261
2110 2309
2308 2119
2220 2235
1606 3320
2238 2223
2075 2393
2226 2259
2217 2273
2312 2184
2103 2403
2209 2319
1923 2643
2362 2175
1835 2924
2253 2291
2214 2342
2438 2135
2267 2304
2263 2316
2291 2298
1985 2664
2469 2154
2127 2484
2098 2516
2453 2185
2046 2597
2256 2363
2309 2337
2342 2300
2150 2513
2965 2001
2093 2638
2396 2302
2233 2470
2335 2364
2501 2247
2299 2427
2202 2576
2403 2378
2759 2197
2427 2383
2254 2601
2133 2911
3606 1611
2363 2515
2397 2520
2430 2502
1964 3442
2322 2715
2294 2828
2576 2440
2285 2887
2513 2500
2618 2422
2003 3476
2470 2580
2493 2612
2767 2420
2495 2625
2005 3524
3012 2354
2720 2531
2763 2510
2758 2529
2516 2774
2557 2732
2710 2587
2491 2910
2851 2527
2740 2590
2578 2782
2380 3153
2773 2583
2494 2948
2818 2567
2717 2655
2506 2969
2591 2871
3188 2414
2708 2724
2855 2613
2517 3032
2626 2897
2624 2905
2600 2943
2434 3217
3210 2439
2373 3327
2779 2756
2832 2723
2479 3204
2642 2972
2689 2925
2870 2745
2421 3330
3040 2624
2639 3040
2846 2845
3263 2486
2471 3297
2688 3033
2971 2758
3078 2667
2414 3395
3132 2631
2554 3264
2500 3325
2653 3149
2743 3063
2420 3474
2978 2927
2828 3078
3052 2873
2602 3291
3207 2653
3079 2872
2810 3130
3170 2743
3141 2824
3405 2506
2974 3060
3064 2965
3036 3026
2911 3145
2882 3189
2727 3295
2941 3138
3236 2798
2514 3497
2938 3176
3035 3073
3377 2618
2906 3214
2856 3259
3163 2949
2905 3233
3280 2770
3189 2950
2921 3269
2997 3223
3433 2709
3337 2955
3225 3170
3215 3200
2664 3584
3218 3218
3200 3256
3417 3014
3346 3177
3227 3313
3358 3186
3426 3077
3258 3322
3454 3081
3283 3310
3298 3323
3133 3489
3274 3371
3324 3401
3104 3585
3407 3335
3422 3328
3152 3575
3363 3450
3203 3572
3506 3331
3455 3399
3472 3403
3515 3350
3228 3621
3240 3617
3304 3595
3312 3603
3386 3556
3344 3642
3421 3618
3537 3568
3573 3569
3598 3665
281418 1078340171
1
sift 1074
22 20
32 30
12 15
123 120
42 39
18 16
127 101
131 118
19 17
240 201
58 67
46 34
119 108
151 127
51 36
778 923
350 316
44 46
204 192
165 155
48 49
810 1041
345 340
49 52
206 207
261 206
50 53
870 1115
323 401
56 50
246 200
236 224
70 55
1090 924
411 390
68 64
238 223
257 232
74 51
1043 1020
409 438
77 86
248 228
247 242
79 89
1122 1119
448 537
100 87
255 240
281 235
86 102
1222 1328
497 528
104 93
292 326
251 266
92 99
1263 1296
518 597
112 92
360 339
274 259
103 119
1402 1274
556 589
113 114
476 393
321 311
122 104
1291 1360
663 729
109 130
517 406
380 355
128 123
1414 1464
746 739
129 126
604 672
366 415
133 129
1389 1526
745 745
135 131
646 704
386 400
142 124
1435 1645
735 771
139 143
708 718
426 395
145 138
1566 1536
777 752
148 137
743 686
424 417
162 140
1392 1827
812 751
149 149
712 808
381 513
167 148
1393 1949
818 768
178 136
815 831
439 456
200 146
1738 1663
948 927
179 164
923 859
466 441
175 178
1515 1981
780 1273
196 170
819 1155
533 460
172 209
1654 1860
988 1011
184 187
1010 1042
530 473
191 181
1529 2204
990 1044
212 171
1028 1196
572 602
220 166
1834 1819
1293 882
198 180
1277 1110
588 612
202 185
1776 1936
1115 1031
188 198
1179 1269
785 541
185 219
1859 1978
1042 1089
208 199
1331 1197
790 785
211 203
1874 1956
1304 948
222 189
1194 1402
921 847
201 221
2374 1686
1024 1219
224 193
1344 1282
1244 957
203 222
1909 2157
1151 1131
218 215
1558 1202
1131 1144
221 216
1709 2477
1154 1180
233 194
1395 1425
1119 1257
250 220
1946 2235
1031 1422
260 225
1538 1555
1276 1232
235 247
1998 2397
1134 1396
245 241
1853 1429
1372 1206
252 258
2207 2292
1299 1235
268 243
1819 1664
1167 1410
262 254
2249 2509
1248 1434
269 252
1811 1735
1388 1241
300 233
2718 2439
1691 1090
277 268
1814 1852
1346 1538
253 294
2550 2753
1334 1409
266 286
2138 1674
1644 1427
283 270
2499 2848
1633 1417
276 284
1991 1792
1533 1606
282 281
2463 3081
1612 1472
287 279
2188 1729
1634 1581
291 282
2536 3307
1871 1380
303 290
2092 1879
1676 1597
306 300
2613 3332
2031 1424
311 296
2058 1947
1656 1607
356 261
3043 3296
1622 1787
315 310
2210 1840
1690 1695
312 314
2980 3504
1737 1732
308 327
2136 1922
1852 1584
279 378
3254 3375
1785 1782
331 318
2173 1906
2087 1571
367 295
3589 2776
1632 1963
324 337
2683 1667
1824 1800
318 366
3409 3424
1846 1882
327 357
2230 1995
1941 1821
339 343
3444 3403
1855 1916
325 372
2319 2052
1982 1839
412 298
3490 3422
2038 1863
364 370
2204 2590
2061 1772
373 363
2066 1903
357 379
2183 2702
2206 1722
385 364
1993 1967
420 328
2552 2543
2083 1907
370 385
2065 2031
391 382
2663 2614
2633 1572
390 392
1970 2201
383 408
2922 2529
2064 2082
369 420
1817 2392
407 373
3350 2474
2247 1912
444 349
1845 2373
397 405
3244 2555
2160 2007
396 419
2089 2127
401 411
3005 3066
1892 2329
415 403
2049 2182
399 424
3357 2703
2000 2247
443 386
2177 2076
413 421
2442 3671
1999 2274
405 435
2175 2099
371 494
3041 3280
2147 2257
403 451
2158 2132
418 434
2714 3623
2270 2145
394 492
2085 2267
485 375
3361 3109
1848 2623
613 317
2166 2344
422 458
3440 3127
2703 1933
430 445
2250 2324
435 440
3558 3528
2389 2216
440 443
2514 2111
450 448
3599 3714
2505 2269
410 504
2791 2119
616 345
2318 2488
467 453
2393 2461
451 480
2361 2506
425 514
2434 2464
463 476
2364 2533
434 519
2414 2483
468 487
2404 2530
487 462
3015 2407
471 483
2289 3072
482 489
2804 2495
531 465
2690 2566
514 493
2350 3146
492 520
3362 2289
445 619
2764 2651
486 549
3279 2382
507 540
2792 3239
502 543
2750 3131
527 529
2963 3149
454 632
3202 2722
511 559
2836 3262
523 571
3309 2708
542 554
3224 2888
535 584
3432 2627
489 635
3302 3044
654 497
2826 3374
582 560
3355 3200
634 525
3323 2938
564 588
3235 3396
537 623
3074 3386
555 611
3300 3406
680 502
2943 3600
559 607
3414 3327
600 573
3500 3238
541 630
3332 3497
744 479
3481 3674
579 599
3479 3486
544 641
3596 3664
594 590
3517 3579
528 678
3607 3545
554 636
603 598
657 550
636 574
668 553
586 640
575 675
649 603
679 578
739 545
615 662
578 689
632 646
609 680
711 570
599 690
700 587
619 669
552 764
608 722
644 682
669 660
639 695
753 614
698 649
726 644
697 659
661 720
691 684
672 698
666 715
642 744
724 687
707 709
664 762
682 733
717 726
676 766
831 654
688 795
729 760
738 765
719 787
763 767
737 799
862 706
761 800
759 819
895 693
775 812
721 869
752 845
792 824
795 827
804 823
835 782
773 855
749 880
807 852
800 861
852 834
851 842
806 894
809 899
820 902
860 878
1166 708
926 871
907 883
875 917
902 896
863 934
873 937
836 987
899 913
1040 816
880 960
937 912
891 953
1059 829
894 955
951 920
1063 846
929 974
984 911
930 1000
970 942
1127 872
963 967
974 966
987 959
969 979
971 980
898 1087
876 1186
980 1018
1014 1002
912 1172
960 1095
983 1048
994 1045
1187 938
1073 1005
1032 1028
1069 1014
957 1137
909 1240
962 1130
1003 1065
1004 1070
1044 1050
1199 972
882 1316
964 1142
886 1337
1011 1100
1108 1034
1068 1067
1027 1097
1206 994
1089 1064
1019 1136
1047 1132
1083 1116
1000 1185
1181 1037
1097 1127
1138 1096
1017 1214
986 1264
1098 1151
1025 1223
1137 1134
1333 999
1105 1162
1116 1168
1033 1260
1035 1271
1158 1150
1148 1164
1020 1290
1023 1289
1213 1125
1195 1148
1172 1198
1082 1286
1341 1056
1120 1266
1283 1106
1095 1288
1113 1281
1183 1209
1142 1270
1364 1076
1220 1208
1385 1075
1266 1188
1173 1283
1132 1336
1171 1303
1227 1259
1315 1190
1342 1177
1262 1261
1202 1313
1271 1255
1237 1294
1310 1234
1296 1253
1313 1245
1514 1091
1418 1174
1257 1318
1297 1277
1233 1363
1367 1258
1168 1446
1279 1331
1497 1143
1156 1473
1196 1437
1280 1350
1649 1074
1314 1362
1398 1311
1272 1432
1200 1512
1527 1205
1328 1377
1312 1418
1228 1514
1322 1420
1339 1408
1437 1330
1357 1393
1405 1358
1302 1449
1231 1531
1801 1114
1093 1805
1287 1498
1242 1554
1210 1600
1421 1381
1426 1383
1460 1357
1420 1416
1221 1654
1472 1374
1482 1375
1311 1560
1387 1496
1423 1459
1396 1499
1404 1503
1319 1604
1456 1454
1504 1423
1628 1325
1369 1595
1336 1652
1355 1620
1493 1468
1359 1688
1567 1442
1117 2241
1520 1513
1630 1415
1490 1544
1697 1385
1507 1535
1506 1540
1473 1609
1700 1443
1868 1339
1535 1583
1466 1680
1445 1719
1549 1577
1308 1959
1143 2409
1604 1541
1502 1691
1595 1566
1408 1866
1476 1743
1591 1586
1531 1675
1596 1625
1653 1578
1498 1797
1525 1784
1545 1753
1706 1579
1603 1665
1762 1546
1582 1767
1537 1854
1542 1851
1660 1689
1624 1727
2005 1451
1733 1649
1671 1705
1744 1656
1651 1737
1692 1713
2020 1486
1822 1621
1532 1960
1746 1707
1658 1790
1575 1889
1829 1641
1798 1683
1752 1730
1760 1728
1640 1853
1677 1831
1741 1776
1606 1904
1756 1783
1518 2096
1726 1815
1708 1847
1710 1844
1971 1601
1753 1809
1781 1779
1718 1857
1749 1829
1903 1673
1832 1751
1789 1833
1556 2115
1809 1832
1942 1702
1808 1846
1763 1881
1662 1990
1774 1873
1779 1875
1729 1938
1721 1958
1802 1880
1893 1801
1755 1966
1794 1928
2017 1715
1784 1944
1915 1812
1585 2239
1872 1862
1707 2068
1747 2014
2004 1762
1843 1941
1966 1837
1813 1985
2042 1789
1994 1834
1806 2028
1838 1982
1959 1870
1947 1876
1980 1865
1878 1951
1922 1915
1857 2000
1920 1925
1938 1909
2046 1849
1588 2400
1955 1929
1954 1934
2012 1878
2128 1825
1913 1997
1775 2227
1930 2036
1895 2069
1867 2108
1992 1984
2246 1793
1984 2018
2053 1952
2103 1908
1990 2030
2070 1954
1777 2308
2036 1987
1976 2061
2019 2013
2079 1970
1865 2203
2165 1900
2091 1979
2101 1975
1866 2240
1917 2192
2077 2035
1985 2124
1905 2229
2034 2074
1899 2236
2063 2067
1860 2295
2094 2044
1889 2254
1956 2200
1987 2174
2007 2128
2015 2137
2060 2095
1989 2195
2406 1826
2076 2165
2579 1745
1974 2273
2143 2092
2162 2078
2056 2209
2062 2222
1854 2443
1983 2318
2093 2215
2157 2135
2267 2020
2107 2207
1923 2386
2200 2103
2144 2197
1957 2384
2282 2039
2199 2150
2202 2170
2208 2163
2084 2315
1870 2498
2127 2261
2244 2118
2220 2166
1816 2607
2355 2011
2229 2171
1919 2471
3448 1552
2369 2043
2176 2288
2261 2186
2195 2268
2263 2199
2150 2323
2190 2306
2102 2399
2279 2224
2242 2253
2271 2233
2256 2248
2233 2312
2491 2040
1825 2804
2285 2255
2134 2410
2309 2234
3039 1817
2238 2331
1704 3291
2453 2100
2130 2457
1912 2732
2378 2250
2459 2196
2661 2053
2226 2431
1918 2921
2120 2620
2479 2277
2335 2406
2275 2465
2293 2453
2396 2358
2291 2463
2695 2155
3376 1845
2362 2405
2248 2534
1902 3248
3132 2006
2216 2628
2506 2345
2441 2402
2349 2487
2540 2355
2243 2639
2423 2440
2300 2580
2179 2773
2469 2420
2398 2481
2605 2348
2308 2600
2476 2441
2513 2446
2547 2445
3193 2123
2421 2542
2492 2491
2322 2684
2373 2631
2494 2521
2557 2476
2794 2378
2632 2458
2043 3437
2501 2562
2370 2736
2382 2740
2920 2393
2575 2554
2599 2537
3352 2183
2403 2746
2424 2745
2485 2681
3210 2293
2643 2547
2495 2687
2317 3052
2601 2605
2215 3340
3083 2390
2286 3184
2609 2609
2516 2700
2278 3240
2592 2640
2461 2772
3327 2271
2297 3225
3115 2408
2455 2824
2574 2701
2691 2630
2380 3121
2578 2747
3040 2479
2688 2657
2680 2669
2868 2571
2597 2760
2720 2662
3007 2518
2729 2665
2402 3150
2865 2601
2433 3183
2779 2709
3170 2501
2857 2683
2788 2727
2659 2844
2460 3196
3122 2553
2572 3053
2626 2955
2971 2654
2775 2769
2715 2831
2641 2986
2736 2859
2846 2794
2623 3086
2843 2825
2882 2834
2819 2925
2773 2985
3152 2656
2554 3310
2973 2809
3013 2781
2929 2869
3384 2510
2664 3218
2979 2845
2132 3718
2938 2942
2812 3088
3028 2874
2995 2936
2911 3065
3140 2783
2771 3220
2990 2992
3204 2737
3225 2724
3066 2932
2855 3175
3314 2663
2483 3539
3454 2541
3136 2871
2997 3055
3163 2849
2904 3189
2921 3197
2856 3266
2668 3420
2975 3201
3260 2785
3276 2786
3249 2823
3101 3114
2649 3490
2765 3404
3280 2821
3416 2696
3059 3256
3217 3051
3354 2841
3403 2765
3133 3233
3291 2987
3452 2730
3401 2796
3188 3228
2996 3399
2786 3554
3198 3257
3455 2816
2892 3522
3137 3351
3400 2952
3421 2922
3078 3402
2982 3477
3079 3418
3108 3407
3290 3210
3200 3344
3228 3316
2950 3586
3389 3195
3081 3530
3310 3334
3236 3400
3189 3481
2800 3690
3328 3346
3283 3394
3521 3014
3252 3449
2937 3673
3324 3388
3238 3483
3230 3496
3413 3309
3574 2876
3541 3045
3358 3411
3326 3466
3353 3454
3318 3498
3286 3523
3418 3398
3402 3432
3542 3204
3438 3438
3441 3487
3533 3367
3522 3474
3498 3514
3406 3643
3463 3639
3588 3391
3565 3629
3604 3322
3579 3672
3555 3708
3598 3689
3605 3713
281418 1162772251
1
sift 140
350 347
42 38
58 45
588 810
198 233
252 255
781 848
267 291
287 310
813 844
318 262
282 342
827 1136
303 315
341 339
1293 1199
317 409
309 447
2703 1580
413 477
418 489
2031 2065
399 568
435 544
1828 2324
463 540
473 545
2065 2067
448 618
482 571
2393 1878
527 572
497 606
2066 2293
492 639
594 562
2270 2085
536 616
518 802
1993 2681
642 664
609 765
2320 2985
556 838
672 763
2587 3058
571 934
666 785
2690 3233
752 795
807 830
3202 3195
719 1023
773 1020
3309 3167
899 985
916 990
3332 3741
948 1104
1181 1009
937 1272
1019 1147
1158 1088
1014 1202
1072 1226
1011 1296
974 1391
1138 1235
1017 1363
1034 1349
992 1474
1191 1271
1023 1575
1097 1593
1313 1370
1314 1477
1334 1629
1328 1636
1156 1862
1322 1710
1339 1700
1342 1704
1404 1737
1671 1555
1482 1799
1456 1847
1677 1684
1871 1524
1498 1854
1490 1890
1494 1943
2402 1429
1692 1938
1968 1811
1520 2516
1829 2108
1865 2054
1832 2248
1954 2123
2063 2102
1747 2514
2301 1934
2414 1927
2053 2271
1992 2375
1980 2486
1976 2573
2007 2528
2220 2367
3448 1822
2244 2523
2267 2504
2158 2669
2208 2629
2174 2676
2156 2727
2312 2551
2378 2627
2093 3043
2513 2714
2512 2971
3152 2723
2674 2953
2242 3602
2753 2982
3078 2928
3454 2683
2500 3727
3169 3158
3015 3337
2938 3504
3067 3505
3320 3316
2742 3881
3354 3489
3533 3247
3400 3697
3517 3669
3538 3807
3265 4021
281418 1256872597
1
sift 282
1558 1003
131 73
42 25
50 46
1395 1431
123 121
77 62
128 80
3512 3778
151 120
142 90
139 100
274 317
162 109
149 131
380 309
167 124
175 169
350 327
208 162
198 168
366 352
203 182
188 209
358 429
227 195
267 267
466 369
245 302
287 272
588 561
282 292
303 264
812 678
309 291
341 314
745 786
345 328
331 354
942 719
367 341
317 440
780 1051
391 358
467 355
988 986
399 436
435 411
1115 1110
413 452
418 463
1151 1087
369 548
463 476
1185 1069
473 479
482 483
1131 1141
492 488
434 557
1122 1192
448 543
527 484
1154 1180
594 453
535 508
1136 1218
497 540
536 530
1388 1049
603 501
585 600
1293 1225
556 656
609 639
1276 1255
642 606
649 603
1291 1327
629 671
672 641
1340 1338
663 738
737 748
1447 1566
719 762
777 720
1740 1494
792 731
807 801
1676 1607
762 863
641 1057
1634 1674
773 858
899 840
1785 1659
891 926
937 906
2066 1742
987 911
980 958
1705 2112
974 1012
1014 1004
1765 2145
1019 1111
1181 1013
2064 2025
1138 1059
1068 1146
1970 2157
1097 1171
1017 1262
2065 2304
1008 1361
1158 1194
2507 1980
1281 1080
1058 1373
2393 2136
1313 1137
1183 1308
2177 2448
1367 1125
1210 1302
2389 2238
1342 1186
1504 1068
2222 2507
1271 1283
1191 1418
1881 3039
1156 1480
1398 1289
3279 2033
1314 1397
1322 1432
2791 2358
1404 1458
1312 1570
2404 2811
1482 1427
1494 1426
2587 2866
1296 1652
2005 1095
2320 3280
1339 1644
1456 1535
2804 2802
1287 1810
2330 1053
2499 3078
1359 1720
1355 1747
2596 2956
1396 1706
1425 1690
2792 2863
1677 1525
1520 1700
3456 2511
2004 1367
1692 1631
2487 3381
1508 1850
1744 1625
3202 2918
1651 1699
1767 1662
3309 2955
2120 1512
1879 1670
3235 3068
1762 1802
1498 2262
3302 3379
1747 1909
1829 1822
3216 3598
1832 1819
1968 1702
3414 3397
1710 1959
1582 2139
3411 3694
1746 1936
1868 1856
1983 1818
2127 1756
2402 1581
1857 2104
1902 2114
2220 1833
1954 2096
1980 2106
2008 2088
2162 1946
2434 1792
2057 2130
2056 2146
2053 2169
2202 2072
2158 2141
2049 2303
2199 2126
2094 2294
2001 2392
2244 2188
2200 2254
2229 2251
2513 1973
2208 2328
1976 2569
2301 2218
2414 2123
1956 2720
2233 2426
2093 2616
2378 2301
1774 3219
2460 2315
2441 2376
2309 2555
2248 2646
2263 2657
2242 2732
2448 2521
3015 2241
2424 2632
2342 2730
2279 2831
3132 2302
2130 3165
2486 2678
2461 2728
2278 3025
2350 2883
2384 2868
3122 2451
3152 2435
2674 2774
2700 2756
2793 2712
3067 2595
3163 2599
2971 2733
3454 2515
3403 2548
2493 3380
2179 3837
2664 3190
2880 3026
2982 3008
2625 3314
2771 3204
2892 3122
2882 3179
3078 3032
2742 3337
2979 3166
3187 2987
3169 3015
2938 3251
3588 2561
2911 3359
3291 3029
3280 3102
3354 3033
3200 3256
2605 3834
3198 3443
3276 3486
3515 3193
3400 3392
3327 3566
3359 3699
3538 3446
3473 3595
3609 3236
3605 3401
281418 1308641291
1
sift 55
267 263
282 309
303 324
318 348
759 1385
418 482
435 529
992 1629
463 573
471 578
975 1696
523 719
672 783
1138 1464
666 816
681 842
1339 1660
620 1100
860 910
1980 2377
793 1089
894 992
1976 2831
899 1044
907 1146
1014 1291
1023 1522
1233 1410
1322 1559
1421 1460
1423 1564
1677 1411
1494 1638
1456 1743
1404 1860
1482 1766
1596 2148
1994 1854
1520 2560
2063 1970
1913 2288
1731 2677
2220 2267
2868 2294
2244 2861
2150 2995
2378 2791
3454 2723
2882 3151
3152 3005
3131 3167
3078 3264
3200 3496
3483 3565
3400 3707
281418 1431199262
1
sift 132
942 910
42 41
492 693
287 304
179 125
1136 1701
202 129
556 681
536 585
276 167
2031 2275
269 266
609 747
916 996
318 210
2065 2270
302 251
665 851
1097 1748
282 294
2393 2193
303 289
761 846
2441 3837
307 288
2587 2971
341 248
948 1195
2674 3712
315 453
2804 3697
383 424
1257 1141
418 466
3332 3234
399 532
1334 1311
435 501
3414 3832
463 528
2514 1022
441 565
471 529
1542 1523
482 556
524 569
1812 1513
527 572
586 557
1954 1696
579 699
561 746
2038 2496
620 753
666 756
2459 3250
672 774
681 779
752 825
852 901
860 907
894 913
885 1030
899 1005
907 1064
891 1084
951 1104
937 1196
749 1681
1095 1080
993 1144
1014 1162
1156 1328
992 1543
1138 1368
1023 1524
1116 1433
1062 1497
1076 1620
1233 1444
1313 1382
1421 1378
1514 1389
1322 1689
1423 1618
1404 1779
1456 1722
1482 1728
1816 1447
1545 1825
1896 1639
1677 1810
1968 1649
1603 1916
1596 1951
1784 1859
2063 1858
1792 2257
1985 2045
1992 2273
2162 2095
1789 2702
1980 2485
2220 2340
2007 2585
1987 2664
2267 2405
3170 1994
1860 3141
1976 2994
2378 2680
2150 2934
2244 2878
2982 2364
2093 3111
2296 2891
2868 2745
2929 2852
3078 2797
3454 2798
2759 3512
2880 3566
3169 3244
3217 3305
3280 3233
3283 3283
3152 3478
3328 3377
2882 4059
3354 3672
3200 3965
3400 3847
281418 1472528885
1
sift 521
349 327
366 419
12 18
48 44
18 22
24 33
646 611
380 457
16 25
69 58
63 52
49 49
1194 947
572 680
56 54
64 67
104 97
61 56
1179 1196
3575 1643
71 71
105 84
100 109
88 83
1811 2045
2148 3053
82 91
129 101
139 124
113 111
3005 2927
2389 2931
85 149
128 136
133 140
172 126
3297 2675
121 151
211 228
142 166
148 157
162 163
325 373
189 187
169 158
173 171
373 340
187 209
179 170
202 218
397 378
218 197
225 208
209 264
428 389
227 241
222 242
229 249
445 434
316 239
250 247
266 272
451 526
283 275
289 250
269 284
509 499
331 290
282 286
306 296
485 536
315 314
303 302
332 285
531 587
403 393
308 308
341 330
496 626
447 375
324 362
369 320
595 563
401 425
383 319
355 338
649 623
407 423
390 380
370 405
632 720
440 464
367 412
399 416
592 788
487 569
433 394
418 426
728 644
608 521
435 441
463 471
757 670
582 619
471 485
467 490
731 747
586 618
478 493
482 515
739 801
629 620
523 529
527 539
726 886
615 672
599 520
542 558
876 829
797 598
559 545
539 564
886 821
771 738
563 585
626 546
895 1037
782 754
579 594
578 601
1073 876
875 750
711 512
619 603
971 948
926 823
561 703
602 679
994 974
891 898
644 625
650 624
980 1055
945 931
666 678
737 639
1323 1152
909 949
681 694
672 702
1274 1239
1060 913
842 590
705 699
1279 1442
986 1157
1236 501
784 701
1507 1282
1068 1205
703 770
674 870
1537 1771
1183 1167
807 725
752 773
1653 1661
1297 1096
792 744
749 794
1752 1624
1199 1216
809 758
764 810
1658 1753
1518 980
821 761
862 728
1947 1487
1237 1212
801 792
820 808
1808 1617
1127 1323
852 767
832 791
1708 1768
1324 1145
860 800
885 802
1438 2202
1262 1229
912 778
806 897
1640 2118
1200 1309
854 855
901 825
2010 1816
1312 1225
898 843
943 828
1902 1956
1332 1228
930 840
894 882
1548 2529
1511 1086
887 900
838 956
1919 2040
1201 1389
899 903
929 902
1957 2068
1335 1367
947 908
951 915
2015 2126
1369 1364
963 893
937 958
2047 2420
1243 1485
907 995
974 926
2226 2352
1396 1405
1280 806
1014 966
2144 2524
1490 1760
1096 943
992 1036
2225 2778
2004 1587
1019 1014
1116 965
2773 2388
1557 2150
1156 946
1033 1041
2601 2537
2036 1636
783 1548
1000 1090
2779 2462
1789 1905
957 1190
1011 1105
3210 2258
1908 1795
1376 881
1062 1094
2547 2731
1870 1899
1157 1016
1168 1029
2983 2403
1868 2071
1137 1059
968 1246
2572 3296
1774 2227
1433 907
1083 1160
2767 3020
1630 2457
1145 1100
1120 1189
2492 3451
1930 2130
1339 1005
1283 1060
2920 2979
2520 1618
1138 1210
1095 1248
2865 3202
1992 2152
1174 1191
1353 1026
3204 2867
2107 2078
1027 1328
1088 1276
3339 3065
2208 2020
1132 1247
1315 1101
2979 3605
2291 1965
1114 1338
1187 1262
3430 3285
2134 2163
1302 1149
1238 1230
3574 3628
2233 2122
1142 1324
1418 1084
2785 1788
1189 1277
1296 1192
2545 1922
1308 1206
1288 1293
3312 1622
1313 1310
1611 1083
2095 2344
1651 1079
1325 1357
2382 2249
1383 1312
1532 1193
2513 2211
1357 1349
1425 1302
2093 2753
1235 1483
1333 1402
2261 2502
1420 1319
1322 1424
2469 2371
1387 1396
1404 1392
2299 2636
1306 1509
1198 1763
2279 2775
1595 1269
1494 1404
2696 2305
1423 1473
1426 1479
2869 2282
1460 1438
1482 1423
2356 2703
1240 1850
1487 1478
2363 2712
1456 1515
2383 1052
2605 2575
1553 1480
1631 1432
2929 2372
1504 1557
1604 1472
2246 3447
1473 1678
1311 2067
2322 3373
1596 1572
1535 1703
3132 2410
1520 1743
1755 1512
2479 3283
1531 1779
1835 1471
2938 2761
1662 1605
1762 1560
2810 3083
1677 1653
2262 1313
3012 2946
1664 1685
1751 1604
3070 2949
1781 1585
1671 1700
3013 3186
1660 1722
1918 1503
3198 2964
1721 1729
1813 1637
3280 3306
1700 1837
1585 1979
3314 3299
1718 1829
1688 1873
3389 3212
1966 1576
1832 1744
3370 3456
1784 1797
1731 1896
3274 3586
1838 1802
1798 1876
1747 1987
1938 1772
1895 1843
1994 1747
1913 1864
2063 1741
1750 2057
1985 1830
1624 2192
1878 1920
1809 2015
1703 2147
2133 1724
2799 1399
1792 2060
1979 1877
2105 1793
1591 2320
1806 2142
1914 2011
1922 2010
1802 2159
1905 2039
1955 2030
2091 1950
1987 2034
2034 1999
1829 2221
2164 1944
2219 1906
2079 2046
2167 1986
1843 2274
2244 1934
1860 2313
2947 1612
2217 2053
2143 2129
2190 2085
2342 1959
2453 1893
2267 2074
2220 2125
2275 2088
2238 2137
1945 2395
2195 2205
2308 2139
2162 2267
2541 1984
2254 2208
2242 2248
2362 2156
1924 2697
2028 2557
2285 2294
2248 2331
2231 2360
1759 3444
2118 2581
3079 1935
2296 2333
2476 2215
2516 2228
3131 1992
2843 2114
2274 2536
2501 2349
2540 2334
2214 2932
2200 2990
2653 2317
3062 2178
2600 2356
2591 2382
2625 2378
2243 3122
2729 2364
2424 2656
2668 2471
3127 2291
2700 2577
2511 2847
2642 2665
2557 2876
2494 3116
2506 3073
2491 3159
2626 3061
2906 2760
2892 2814
3086 2667
2758 3043
2731 3097
3052 2754
3122 2694
2352 3583
3189 2644
2908 2963
2311 3630
3152 2872
3169 2845
3249 2725
2971 3160
3133 3121
3064 3321
3328 2936
2882 3525
3163 3326
3407 2877
2921 3534
2975 3521
3081 3459
3471 2889
3454 2966
3200 3430
3250 3435
3358 3354
3353 3398
3399 3411
3291 3612
3605 2850
3561 3603
281418 1584042216
1
sift 503
255 235
131 88
12 19
409 468
149 138
42 48
646 678
151 112
50 51
988 986
350 328
112 57
708 717
261 147
77 74
1122 1312
812 688
79 72
815 754
257 230
128 105
1222 1433
1151 1101
135 109
1010 956
247 252
162 121
1291 1381
1115 1159
139 137
1265 1011
281 239
167 129
1340 1380
1136 1228
179 134
1344 1097
251 299
175 179
1622 1572
2031 1193
198 160
1179 1373
380 336
208 178
1634 1597
2178 1470
178 211
1331 1239
424 330
188 213
1738 1909
1632 2046
201 210
1559 1203
358 406
222 194
1776 2063
2038 1818
221 208
1194 1657
366 396
218 226
1998 2231
2065 1936
268 233
1395 1455
466 412
300 218
2222 2508
2049 2177
243 246
1853 1394
588 557
252 255
2487 3420
2507 1970
245 264
1819 1461
745 738
235 311
2992 2942
2813 1972
291 257
1811 1705
921 763
276 266
3043 3316
2459 2293
278 282
2188 1520
1042 1061
287 279
2703 2397
303 269
1814 1795
1131 1073
306 293
3456 2051
309 303
1991 1663
1185 1066
355 261
2791 2434
383 258
2058 2096
1372 1080
308 349
2229 3349
317 331
2922 2334
1388 1117
297 384
2690 2746
367 309
2319 3036
1276 1235
315 363
2350 3361
345 324
2663 2695
1422 1327
318 389
3015 2891
279 526
2678 2978
1644 1156
325 417
2575 3803
391 381
2442 3581
1346 1598
390 392
3581 2936
411 398
3440 2678
1447 1524
369 469
399 425
3106 3321
1533 1711
401 434
418 435
3041 3434
1676 1760
467 395
435 429
3361 3523
1720 1769
430 446
376 546
1785 1786
440 476
413 503
2061 1737
450 478
451 481
2066 1866
463 484
473 480
2064 2203
482 479
487 482
1970 2327
448 517
486 505
1881 2468
434 621
497 537
2089 2296
507 553
657 454
1993 2383
564 515
523 583
2147 2277
536 578
603 540
2000 2455
579 574
535 635
2177 2420
669 521
555 617
1999 2604
556 628
586 613
2250 2370
675 539
514 702
2389 2336
629 636
649 633
2943 2112
609 677
707 600
2318 2652
639 664
700 610
2404 2597
615 691
663 647
2364 2716
672 648
666 669
2499 2610
636 704
862 637
2764 2465
682 779
763 701
2550 2780
719 744
737 752
2320 3320
792 728
777 760
2792 2699
752 782
688 869
2587 2889
773 773
759 785
3279 2511
795 756
761 822
3202 2692
807 815
926 740
3309 2733
721 980
851 828
3235 2885
852 835
907 825
3362 2940
899 848
860 905
3414 3080
881 897
951 859
3075 3755
891 920
948 883
3332 3588
969 840
863 1022
3182 3750
963 935
974 936
3216 3738
1032 903
1069 889
3396 3754
987 932
916 1029
3411 3760
980 949
1181 875
3481 3716
945 1123
1014 1019
992 1084
1281 911
1003 1096
1019 1103
1068 1078
1011 1125
1109 1064
986 1170
1138 1069
1158 1085
1008 1232
1058 1204
1105 1158
1017 1279
1097 1198
1072 1250
1132 1168
1357 1016
1033 1324
1095 1297
1183 1222
966 1505
1313 1124
1296 1162
1299 1166
1074 1463
1262 1263
1342 1201
1227 1336
1210 1365
1271 1301
1332 1249
1328 1257
1504 1100
1367 1242
1191 1467
1398 1274
1257 1451
1314 1378
1312 1412
1343 1396
1405 1330
1201 1564
1437 1342
1322 1485
1421 1421
1287 1558
1441 1450
1420 1474
1404 1501
1418 1515
1482 1456
1233 1736
1168 1901
1456 1491
1396 1570
1221 1835
1493 1495
1423 1569
1871 1224
2005 1192
1425 1630
1339 1785
1490 1584
1520 1579
1355 1874
1671 1498
1692 1542
1596 1658
1549 1788
1466 1955
1762 1639
1651 1715
1660 1743
1829 1618
1498 2069
2012 1516
2004 1527
1746 1712
1700 1775
1747 1773
1677 1910
1710 1938
1832 1837
1718 2032
1532 2325
1756 1984
1744 2009
1857 1857
1893 1819
1878 1852
1868 1880
1932 1860
1843 2007
1902 1977
1913 2001
1781 2209
2036 1881
1662 2368
2217 1741
1983 1994
1994 1967
1895 2108
1707 2389
1954 2093
1860 2202
1774 2342
1968 2098
1992 2084
2057 2027
1990 2111
1980 2145
2127 1988
2008 2132
1899 2267
2056 2135
2162 2029
1989 2223
2199 2013
2150 2078
2190 2054
2220 2041
2062 2238
2053 2261
2080 2247
2202 2155
2696 1782
2144 2273
1976 2463
2244 2194
2267 2215
2208 2283
2398 2081
1956 2578
2233 2347
1737 3098
2226 2410
2695 2030
2238 2425
2114 2542
2296 2364
3170 1855
2093 2640
2263 2445
2378 2351
2402 2318
2107 2658
2434 2297
2301 2439
2242 2505
2225 2528
2774 2137
2158 2654
3132 1983
2196 2615
3131 2091
2414 2475
2248 2721
2130 2962
2308 2707
2444 2572
2279 2818
2335 2772
2479 2592
2424 2665
2486 2620
2700 2472
2215 3058
2461 2662
2441 2696
2513 2668
2501 2691
2384 2851
2382 2879
2102 3520
3193 2388
2982 2524
3122 2476
2971 2605
2493 2989
2625 2886
2317 3447
2929 2702
2779 2789
3067 2647
2880 2759
2979 2726
2397 3363
3318 2525
2516 3243
2882 2853
2868 2928
3152 2764
2691 3184
2605 3331
2788 3146
2448 3561
2674 3328
3013 3049
2938 3161
3034 3090
2771 3358
3163 2990
3328 2808
3283 2894
3327 2917
2856 3460
3198 3124
3136 3237
2996 3386
3078 3344
3062 3378
2911 3499
2892 3522
3230 3187
3280 3117
3200 3288
3354 3149
3454 2993
3081 3562
3291 3356
3276 3518
3389 3412
3403 3419
3183 3660
3400 3439
3304 3568
3053 3772
3533 3272
3265 3642
3588 3066
3522 3431
3515 3472
3473 3566
3358 3721
3485 3603
3421 3712
3565 3543
3579 3549
3538 3729
3605 3550
281418 1664374466
1
sift 68
202 159
1660 1937
267 214
1307 1873
269 252
1992 1998
369 394
1731 1919
493 309
3132 3309
435 399
2578 2199
418 414
463 441
2964 3473
471 451
523 639
3251 3347
666 661
672 659
3475 3591
792 785
763 864
749 911
894 873
899 931
860 991
907 1046
820 1220
951 1100
1014 1037
1095 1136
1023 1322
1062 1361
1083 1397
1516 1083
1322 1366
1296 1415
1677 1149
1421 1386
1423 1432
1404 1486
1494 1468
1343 1703
1456 1630
1482 1632
1596 1585
1520 1793
1994 1510
1913 1946
2063 1926
1879 2140
1829 2220
1987 2089
2220 1969
2034 2271
2267 2244
3078 1859
2245 2380
2150 2539
3131 1967
2378 2430
2501 2376
2476 2625
3152 3385
3454 3114
3200 3549
3400 3629
281418 1724217577
1
sift 504
255 256
3 11
18 19
14 16
42 51
39 22
476 355
131 101
53 41
123 120
57 58
50 57
923 635
261 189
74 84
247 232
79 92
77 86
1010 1009
257 248
113 115
245 251
201 145
128 108
1558 884
281 265
133 127
380 337
205 164
142 114
1344 1285
366 440
139 125
424 380
198 183
162 139
1811 1876
466 403
179 130
409 467
221 217
173 146
2136 1792
465 438
175 154
745 662
252 218
202 149
2412 2441
530 431
178 171
686 767
262 210
203 159
3361 3446
572 632
192 222
780 962
317 272
188 237
3444 3892
746 707
218 207
954 980
309 320
222 204
790 1366
243 231
988 1069
357 339
268 219
1055 1027
269 240
913 1276
345 366
276 253
1042 1179
278 260
1167 1121
411 379
282 263
1031 1281
303 268
1024 1292
497 473
306 266
1186 1156
279 299
1134 1222
492 507
318 275
1122 1267
283 325
1154 1305
486 588
341 269
1248 1299
331 286
1131 1452
594 526
315 306
1247 1425
368 291
1276 1426
600 536
324 351
1340 1418
393 304
1372 1552
556 624
364 338
1431 1506
391 322
1388 1558
555 649
390 341
1389 1641
369 353
1586 1611
609 655
370 416
1676 1656
394 396
1634 1698
639 643
399 390
1705 1778
418 406
1346 2549
707 695
403 428
1644 2015
433 404
1690 1988
642 825
435 401
1826 1869
467 427
1846 2039
663 862
440 462
1999 1950
463 445
1855 2168
679 832
471 447
1993 2040
507 436
2061 1987
719 803
482 469
1859 2238
524 518
2250 1884
777 763
579 548
1941 2220
561 587
2089 2110
762 781
603 551
2066 2279
585 581
1970 2437
800 780
626 568
2065 2377
649 566
2404 2004
773 839
608 619
2320 2164
619 615
2000 2502
688 1032
680 565
2177 2473
615 650
2329 2471
948 1014
629 671
2364 2460
644 654
2222 2696
1128 900
675 622
2318 2547
672 639
2270 2666
863 1224
666 659
2389 2702
586 770
2891 2516
1020 1244
575 804
2633 2583
697 676
2550 2986
1257 1056
711 678
2587 2961
641 765
2596 3080
1181 1193
512 1141
2487 3272
888 597
2368 3558
1221 1159
737 733
2804 3000
763 713
3043 3175
1158 1268
862 657
2791 3050
771 742
3181 3074
1299 1234
724 811
3486 2622
792 737
3323 3170
1237 1468
926 646
3216 2900
807 772
2963 3939
1314 1395
852 726
3309 3059
860 762
3424 3686
1632 1613
749 956
3303 3130
806 915
3334 3918
1954 1505
899 834
3332 3104
885 874
3596 3875
1692 1854
907 868
3415 3690
937 856
1871 1708
820 1006
987 796
1746 1944
1059 760
891 942
2005 1905
894 946
951 918
2053 1904
929 999
963 961
2174 1843
945 1029
981 997
2130 2118
1098 969
962 1102
2158 2295
1019 1098
1132 1023
2263 2348
1116 1064
1095 1086
2402 2221
1137 1077
1068 1147
1867 2850
992 1248
1083 1167
1737 3234
1033 1232
1420 936
2102 2766
1138 1163
1088 1282
2753 2192
1357 1031
1166 1233
2486 2613
1076 1372
1297 1164
3015 2517
1156 1339
1168 1376
2350 3086
1000 1588
1262 1324
2424 2999
2285 823
1313 1290
3265 2529
1233 1396
1418 1208
2460 3673
1250 1400
1316 1336
3300 3909
1312 1355
1296 1375
3576 3785
1339 1352
1284 1424
3538 3966
1504 1196
1013 1791
3528 4048
1242 1500
1651 1126
1093 1722
1322 1461
1421 1373
1494 1300
1387 1427
1306 1503
1335 1490
1458 1423
1404 1529
1514 1411
1423 1540
1396 1612
1482 1516
1456 1555
1532 1477
1520 1573
1425 1730
2070 1259
1531 1616
1473 1678
1596 1576
1490 1752
1549 1851
1545 1880
2004 1533
1744 1735
1968 1600
2139 1514
1677 1837
1688 1877
1661 1908
1990 1648
1782 1818
1747 1864
2044 1651
1710 1947
1789 1871
2696 1369
1893 1758
1832 1849
1727 1978
1733 1975
1938 1743
1912 1781
1518 2386
1784 1969
1895 1845
1966 1820
1585 2313
1985 1822
1662 2216
1829 2023
1878 1939
2036 1824
1913 1942
1854 2045
2062 1841
2383 1635
1980 1930
1868 2093
1755 2277
1870 2149
1994 2017
1992 2049
1921 2155
1914 2165
1862 2261
1624 2564
1860 2314
2164 2033
1838 2405
2008 2210
1777 2509
1703 2679
2162 2127
1905 2390
1918 2393
1899 2412
2259 2051
2190 2144
2768 1707
1989 2350
2238 2094
2233 2140
2220 2187
2034 2376
1987 2438
1843 2634
2209 2246
2312 2152
2261 2223
2091 2430
1957 2548
1774 2836
2275 2240
2243 2321
1984 2605
2200 2401
2244 2360
2267 2347
2378 2242
2019 2638
1923 2816
2094 2631
2937 1964
2195 2515
2242 2503
2093 2708
2150 2637
2476 2304
2335 2552
2107 2894
2506 2433
2296 2646
2362 2576
2322 2680
2382 2684
2308 2794
2494 2608
2232 2976
2299 2897
2343 2830
2279 2965
2700 2562
2274 3042
2461 2789
2625 2652
2856 2598
2501 2868
2305 3241
2278 3561
2868 2745
3079 2639
3132 2644
2479 3151
3511 2378
2653 2988
2785 2915
2384 3605
3078 2834
2729 3083
3122 2840
3289 2715
3062 2930
2626 3369
2742 3269
2979 3085
2938 3182
2570 3694
2602 3631
2908 3279
2911 3292
2971 3254
3170 3025
2976 3377
2855 3533
3314 2991
3163 3211
3217 3163
3291 3075
3081 3416
3280 3142
3070 3580
3023 3647
3238 3374
3198 3466
3358 3201
3434 3096
3276 3455
3189 3720
3200 3786
3389 3482
3203 3857
3400 3510
3555 3154
3304 3747
3283 3798
3152 3981
3407 3778
3452 3696
3337 3932
3286 4007
3474 3880
3522 3850
3454 3952
3328 4066
3565 4039
281418 1735922398
1
sift 240
131 85
42 28
350 339
208 230
57 32
358 379
142 107
812 705
287 291
133 143
588 860
167 127
942 857
309 412
179 146
745 835
198 226
988 1120
413 453
227 202
813 789
218 264
1136 1243
594 563
243 246
1151 1247
276 227
1154 1282
719 953
252 247
1276 1454
278 266
1340 1513
916 1012
318 250
2031 1572
303 284
1836 2099
1181 1209
282 325
1676 2079
307 304
2065 2167
1158 1355
355 263
1993 2254
317 362
2038 2421
1191 1369
391 360
1970 2297
364 386
2158 2523
1097 1563
357 429
1999 2361
399 475
2270 2416
1355 1418
418 467
2066 2316
370 529
2222 2648
1498 1891
435 466
2177 2737
463 510
2350 3273
1767 2368
440 540
2320 2652
473 521
2690 3006
2053 2341
482 515
2804 2872
434 585
2301 2161
448 595
2587 3131
497 587
2120 2396
492 612
3414 3280
518 688
2459 2276
570 615
3235 3515
561 658
2441 2679
585 648
3302 3608
586 656
2486 2734
579 662
3332 3742
608 696
2674 3341
620 668
609 729
3408 3301
556 773
642 711
672 691
629 805
666 756
512 1108
737 807
752 792
807 781
711 890
777 836
888 803
773 951
762 1002
852 879
860 901
894 915
899 932
907 1044
951 1051
891 1124
948 1090
937 1119
1033 1028
974 1116
1014 1114
1019 1142
1095 1127
1072 1188
1011 1291
1017 1342
1138 1261
992 1428
1083 1357
1116 1334
1008 1501
1076 1443
1023 1547
1299 1237
820 2328
1313 1301
1233 1400
1700 1154
1421 1437
1420 1467
1423 1569
1322 1673
1314 1705
1296 1746
1404 1662
1494 1596
1342 1777
1916 1279
1456 1710
1482 1686
1396 1833
2005 1354
1545 1769
1871 1529
1490 1982
1677 1930
1692 1920
1994 1684
1746 1909
1895 1799
1520 2308
2036 1739
1784 1965
1661 2109
1287 2961
1747 2128
1868 1991
1832 2046
2063 1913
1985 2034
1954 2125
1860 2312
1829 2365
1992 2268
2162 2142
1792 2632
2209 2263
2220 2318
1976 2581
2062 2512
1980 2623
2414 2235
2402 2256
2007 2691
2130 2603
2150 2604
2267 2484
3138 1967
2312 2450
2244 2574
1912 2902
2093 2803
2700 2347
2196 2918
2296 2868
2424 2732
2279 2921
3170 2370
2201 3257
2513 2822
2242 3496
2500 3121
3078 2745
3067 2770
3152 2760
2335 3494
2929 3020
2882 3106
2602 3325
2742 3267
2880 3224
2626 3441
2971 3245
2982 3251
3193 3104
2938 3349
2771 3668
3198 3352
3280 3294
3070 3564
3454 3161
3314 3370
3516 3165
3354 3440
3200 3650
2892 3881
3400 3502
3328 3684
3521 3578
3522 3587
3359 3879
3533 3712
3538 3798
3609 3744
281418 1911602604
1
sift 83
169 173
2016 320
173 216
243 240
202 217
370 550
229 250
250 249
440 537
269 328
307 340
586 669
478 467
435 519
1137 1239
463 515
527 637
1316 1080
711 597
620 697
1419 1425
666 704
672 729
1755 1796
681 783
752 797
1660 1901
749 882
894 889
1789 2246
806 1027
885 952
1700 2867
899 966
907 1092
2214 2247
951 1076
1033 1064
2516 2443
1062 1199
1095 1266
2285 3429
1174 1250
1023 1470
3407 3029
1322 1287
1387 1586
3283 3452
1423 1657
1456 1614
1404 1720
1596 1690
1677 1640
1913 1565
1488 2156
1895 1673
1829 1753
1688 1916
1905 1981
2063 1887
1784 2192
1994 1971
1938 2108
1987 2078
2034 2046
2042 2323
2275 2148
2220 2325
2164 2379
1985 2617
2091 2639
2476 2492
2378 2635
2150 3199
2591 2547
2511 3024
2432 3236
2975 2808
2964 2849
2892 2902
3251 2987
3328 3121
3200 3324
281418 1960691938
1
sift 109
95 105
270 287
113 97
173 166
184 164
480 548
209 169
250 222
341 273
714 719
634 648
383 276
401 367
730 766
728 868
440 438
608 461
796 795
1316 885
487 583
737 413
853 739
1537 1687
575 531
629 571
776 835
1755 1562
644 777
807 639
801 819
1653 1739
792 773
882 737
868 1243
1708 1808
787 1020
891 894
1283 1111
1658 1865
855 1058
955 933
1056 1386
1706 1863
1296 1114
1137 1305
1159 1311
1798 1781
1132 1315
970 1684
1438 1336
1777 2093
1567 1449
1611 1221
1350 1549
2020 1868
1433 1760
1460 1566
1475 1691
1839 2127
1426 1800
1595 1612
1714 1804
2149 2030
1660 1813
1531 2039
1940 2088
2019 2318
1891 1615
1985 1576
1894 2915
2195 2375
2219 1520
1677 1988
3141 2982
2729 2391
2036 2126
2143 2029
2759 3257
2668 3116
1806 2392
1700 2718
3312 2615
1843 2451
2291 2099
2692 3150
2455 2014
2516 2069
2378 2335
2396 2431
2471 2365
2373 2487
2380 2752
2667 2531
3079 2313
2626 2792
2397 3123
3132 2617
2853 2997
2500 3287
2929 2996
3384 2657
3066 2998
2882 3285
3407 2865
3035 3271
3136 3201
3283 3064
3314 3275
3328 3385
281418 2046133546
1
sift 165
133 148
202 164
192 137
184 207
218 216
268 256
227 227
267 261
289 255
269 281
282 329
307 334
341 290
383 305
369 343
401 352
407 450
418 433
433 443
440 513
422 509
435 515
488 609
463 503
471 493
608 576
575 542
523 708
561 777
626 645
586 739
711 768
644 703
620 729
807 805
666 713
672 720
792 873
703 725
681 767
891 978
725 824
752 832
949 939
749 878
852 793
1120 896
860 861
806 951
975 1084
783 1028
885 921
1137 1030
820 997
899 929
1014 1169
894 931
951 1050
1132 1304
937 1137
907 1185
1339 1264
1062 1217
1011 1258
1296 1423
1083 1410
1138 1378
1816 1032
1023 1552
1173 1380
1336 1398
1095 1509
1088 1527
1419 1326
1280 1351
1357 1348
1494 1688
1027 1727
1142 1625
1677 1699
1418 1437
1387 1534
1520 1978
1721 1231
1322 1678
1661 1991
1129 2060
1423 1626
1700 1983
1328 1762
1456 1730
2696 1418
1553 1675
1425 1914
1792 1987
1596 1704
1482 1850
1789 2168
2306 1391
1781 1724
2036 1964
1733 1851
1967 1674
1985 2166
1896 1722
1755 1925
1992 2170
1731 2021
1777 1972
2133 2035
1585 2259
1829 2028
2335 1960
1913 1946
1784 2217
2724 2327
1878 2096
1984 2000
2378 2575
1974 2095
1905 2266
2285 2794
1987 2320
1994 2318
2501 2566
2243 2113
2275 2089
2534 2606
2034 2324
2190 2287
2444 2980
2220 2336
3078 1838
2506 3490
2063 2517
2267 2345
2494 3641
2242 2505
2162 2640
2938 3290
2362 2430
2150 2711
2882 3431
2244 2577
2274 2894
3314 3082
2541 2625
2729 2696
3249 3368
3062 2516
2653 2812
3328 3349
2623 2902
2432 3327
2700 2978
2964 2884
2809 3209
2892 3242
3454 2686
2843 3453
3163 3309
3250 3316
3358 3483
3459 3551
3383 3701
281418 2080441786
1
sift 161
133 133
218 283
163 189
222 326
262 229
279 234
318 219
276 258
269 288
283 351
282 287
306 305
303 309
315 361
369 365
355 269
364 386
600 573
471 523
418 432
435 475
585 626
482 554
440 527
463 496
609 754
579 659
524 590
488 641
615 790
862 746
561 749
586 812
629 780
820 1329
703 664
666 740
675 769
1120 1037
672 771
512 1166
800 888
937 1231
641 893
752 823
987 1142
1014 1155
807 832
763 908
1068 1276
1116 1272
852 825
888 826
1200 1316
974 1493
749 1029
860 955
1184 1347
1138 1304
894 938
899 946
1013 1704
1156 1301
885 1015
907 1024
1297 1377
992 1711
951 1049
1011 1139
1312 1490
1313 1414
1095 1198
1088 1245
1491 1605
1339 1593
1062 1430
1076 1449
1396 1718
1494 1642
1023 1540
1132 1426
1710 2043
1816 1570
1233 1349
1514 1123
1893 1891
1520 1996
1421 1486
1423 1495
2233 2072
1832 1945
1322 1691
1404 1638
2279 2849
1879 1944
1456 1631
1482 1672
3132 2342
1967 1932
1596 1751
1994 1592
2093 3476
1918 2145
1677 1842
1729 1840
2322 3323
1662 2606
1895 1689
1792 1855
2196 3948
2190 2436
1784 1917
1661 2096
2461 3284
2238 2444
1921 1959
1731 2199
2929 2947
2244 2650
1913 2076
1985 2045
2771 3518
2242 2717
2063 1991
1789 2333
3280 3775
2274 2839
2036 2038
1992 2222
3198 4015
2700 2785
2034 2398
1987 2509
2362 3781
2220 2274
2162 2395
3062 3545
2267 2561
2080 2892
3152 3964
1860 3261
2150 2795
3163 4112
3079 2138
2501 2624
3358 4284
2296 3126
2964 2801
3078 2916
2882 3359
2432 4186
3283 3407
3454 3326
3251 3914
3475 3479
3328 3866
3200 4265
3400 4203
3319 4308
3383 4315
3522 4333
281418 2102469315
1
sift 125
350 314
42 40
142 120
588 720
149 153
208 178
813 781
198 202
287 263
781 1000
309 288
317 472
1042 1148
413 407
430 433
1151 1220
492 430
448 541
1154 1272
497 544
536 559
1293 1230
556 614
642 561
1340 1437
585 617
663 740
1785 1467
777 755
773 875
1586 1662
948 983
916 1092
1634 1771
1109 899
1032 961
1676 1871
974 1175
1019 1196
2066 1859
986 1249
1068 1189
2065 2244
992 1271
1097 1229
2064 2378
1158 1245
1017 1421
2393 2029
1313 1214
1385 1232
2404 2419
1271 1360
1210 1436
3362 1910
1342 1312
1191 1489
2222 2739
1444 1429
1355 1679
2690 2567
1671 1463
1287 2003
3279 2360
1396 1939
1360 2096
2587 2878
1692 1663
1498 2315
3202 2735
1857 1969
1747 2156
2791 3043
1983 1970
2414 1749
3309 2777
2056 2141
1954 2296
2836 3562
1868 2388
2199 2090
3235 3290
2202 2093
2053 2355
2703 3901
2007 2407
2350 2200
3302 3551
2301 2267
2130 2529
3182 3776
2158 2545
3178 1879
3481 3803
2208 2553
1956 2856
2093 2736
2460 2362
2200 2672
2774 2183
2674 2307
1976 3094
2513 2605
2459 2656
2279 2923
3067 2396
2664 2645
2486 2883
2384 3013
2971 2663
2625 2831
2441 3096
3180 2665
2771 3045
2880 3088
3588 2474
2982 3248
3403 2981
3198 3393
3354 3574
3517 3400
3479 3503
3538 3422
3579 3818
3609 3908
