289351068 413499319
1
sift 170
70 55
85 82
311 253
71 70
84 76
387 406
374 342
92 114
123 102
568 564
369 392
127 132
132 124
606 558
613 579
163 212
225 236
583 583
666 627
256 228
304 273
784 861
528 868
371 310
424 331
870 769
651 813
469 338
474 525
757 940
788 802
485 523
518 492
739 1014
868 931
587 504
524 600
932 1055
999 1081
564 581
603 670
1002 1459
1291 974
702 595
669 645
1077 1354
1119 1189
696 665
744 756
1699 1448
1167 1296
762 753
886 820
2313 1319
1321 1382
920 835
816 1003
1593 2045
1224 1578
860 934
924 1024
1787 2099
1327 1513
1043 885
952 1009
2632 1879
1352 1480
946 1084
1048 1154
2660 2261
1463 1434
1208 1107
1226 1177
2310 3025
1170 2465
1056 1384
1152 1347
3176 2948
1772 1606
1211 1288
1251 1267
3750 3104
1336 2204
1118 1431
1227 1337
3738 3433
1554 1935
1318 1262
971 2182
3422 3639
1206 2860
1370 1521
1429 1541
4261 3592
2094 1906
1520 1490
1531 1525
1885 2171
1503 1579
1444 1669
1778 2332
1509 1631
1317 1998
1832 2297
1647 1624
1722 1596
2348 2224
1819 1676
1404 2298
2215 2359
1801 1758
2014 1715
1961 2650
1714 1918
1862 1808
2287 2570
1677 2187
1749 2215
2726 2536
1907 2149
2153 1974
2715 2715
1922 2192
2189 1997
3626 2587
1525 2854
1995 2260
3631 3022
2058 2230
2340 2029
3216 3547
2255 2486
3027 2074
2394 3866
2232 2606
3200 2062
4225 2865
2651 2376
3719 2019
3678 3497
2619 2579
2541 2714
4028 3414
2241 3188
3036 2647
4084 3367
2972 2686
2936 2747
3768 3778
3158 2670
2998 2726
4170 3454
3065 2920
3739 2704
3890 3764
3075 3155
3895 2869
4087 3747
2792 3700
3910 3056
3732 3240
3966 3133
3884 3379
3867 3535
4048 3563
4240 3495
3961 3825
3921 3837
4107 3840
4233 3805
289351068 507090750
1
sift 66
70 50
1787 2116
241 195
177 130
164 233
2482 1985
252 1266
256 249
371 333
424 350
474 534
485 565
587 570
524 639
619 629
669 627
696 675
762 779
744 816
816 1003
920 890
946 1004
924 1035
952 1064
1043 1037
1208 1128
1226 1225
1152 1330
1118 1372
1251 1314
1318 1321
1227 1428
1474 1262
1370 1639
1503 1496
1974 1198
1429 1627
1531 1595
1722 1806
1520 2204
1714 1962
1801 1964
1855 2004
1647 2253
1757 2159
1862 2103
2340 1939
1922 2541
2058 2437
2255 2443
2232 2852
2651 2570
3027 2552
2541 2941
3065 2765
3739 2688
2972 2913
3895 2886
3075 3748
3732 3404
2998 3985
4048 3408
3961 3728
4240 3634
4090 3905
4270 3812
289351068 626637720
1
sift 68
124 97
679 496
241 251
163 134
696 583
1218 955
265 245
326 278
920 797
1077 1318
378 405
407 420
948 1282
1330 1140
455 428
897 932
1227 1302
2766 2436
1147 1409
1184 1364
1006 1933
3939 3331
1141 1466
1403 1260
1429 1429
3750 3512
1166 1542
1296 1472
1317 1723
4211 3101
1241 1620
1332 1612
1722 1719
3738 3717
1871 1766
2014 1548
1801 1898
1792 1846
1914 1915
1525 2569
1747 2101
2113 2000
2171 2194
1913 2198
2241 2358
2936 2590
2196 2419
2462 2233
3158 3030
3702 1882
2221 2824
3895 3216
2184 2928
2627 2651
3732 3422
2947 2451
2371 3158
3345 3810
2644 3228
3981 3154
4090 3971
3455 3598
3760 3509
4174 3929
3710 3593
3768 3572
3955 4014
4030 3575
289351068 1159754689
1
sift 576
127 137
421 319
4 2
5 4
99 110
13 10
132 136
568 589
17 14
35 33
135 143
27 30
316 371
873 908
33 43
54 56
253 278
37 64
702 821
928 917
51 65
67 79
275 361
56 74
940 920
991 977
58 72
286 219
363 359
66 86
860 1042
1112 1004
101 101
334 419
360 370
94 107
987 953
1358 1302
111 104
406 426
415 406
115 106
1490 1417
1540 1411
96 119
523 596
453 392
119 123
1678 1722
2382 1449
149 135
555 590
476 414
162 131
1591 2092
2632 2223
165 133
631 598
641 564
173 159
1847 1848
3549 2024
184 175
651 581
610 609
199 191
1861 1912
2753 2450
238 236
586 846
499 800
254 227
2153 2395
3306 2573
255 275
666 789
613 679
268 274
2377 2702
2457 3971
281 266
767 743
630 690
283 270
3036 2276
3176 3045
332 291
868 855
716 710
323 309
3481 3597
3851 3598
434 277
785 1087
658 813
397 289
3719 3892
4088 4081
369 335
913 939
761 747
385 329
3910 4132
373 345
1163 896
771 782
361 360
343 376
1205 1101
837 942
418 315
378 366
1291 1083
899 914
398 373
414 362
1336 1168
966 878
390 394
400 407
999 1674
985 980
349 493
442 398
1352 1356
1058 1078
441 400
426 416
1086 1644
1229 1133
399 448
455 403
1500 1234
1355 1192
445 428
456 433
1463 1369
1321 1253
467 435
500 420
1399 1486
1383 1243
512 440
405 607
1406 1474
1301 1364
525 466
497 516
1494 1393
1375 1350
539 491
530 546
1597 1478
1414 1383
509 561
527 576
1730 1554
1484 1341
688 457
557 606
1558 1816
1431 1610
628 560
594 592
2443 1550
1554 1631
584 610
592 616
2114 1803
1844 1431
565 651
644 626
2287 1839
1513 1790
649 630
673 646
2059 2358
1629 1641
672 658
626 715
2348 2300
1770 1546
634 748
683 692
3508 1747
2391 1303
607 802
729 665
2215 2598
1416 2288
723 735
766 699
2647 2330
1620 1902
1207 506
802 689
2548 2434
1633 1951
773 761
835 707
2297 2685
1639 1993
804 733
730 848
2773 2279
1931 1687
727 870
1074 624
2952 2254
1794 1840
854 775
820 843
2726 2772
1760 2021
783 907
1032 706
2904 2736
1887 1939
850 869
840 897
3017 3168
1961 1943
1047 708
898 865
4223 2308
2170 1782
838 958
830 1010
4150 2486
2031 2007
1070 777
890 938
2964 3596
2319 1807
1005 838
944 984
3246 3697
1867 2320
1210 808
1269 791
3457 3809
1877 2335
973 978
1029 1002
3890 3406
2045 2163
998 1102
1050 1048
3865 3858
2292 1974
1132 1076
1134 1149
3607 4002
2329 2089
1262 1072
1054 1271
3996 4008
2231 2195
1200 1179
1245 1142
4119 3972
2185 2265
1224 1177
1246 1164
2552 1997
1495 1035
1275 1204
2653 1935
1129 1345
1334 1216
2217 2295
1596 1046
1280 1289
2477 2096
1328 1293
1337 1331
2258 2359
1281 1416
1661 1115
2578 2212
1499 1235
1223 1510
2403 2370
1065 1724
1174 1668
2135 2676
1449 1355
1407 1435
2429 2424
1217 1652
1461 1442
2380 2519
1478 1440
1489 1509
2385 2525
1584 1406
1568 1450
2094 3017
1607 1419
1685 1413
2537 2582
1454 1670
1645 1458
2514 2653
1473 1666
1622 1504
2439 2869
1573 1581
1544 1621
2591 2732
2028 1300
1672 1521
2613 2779
1852 1423
1470 1789
2689 2684
1634 1611
1756 1515
2762 2617
1615 1656
1619 1653
2586 3091
1831 1506
1686 1657
2967 2644
1430 2114
1767 1624
2880 2709
1879 1545
1743 1692
2642 3288
1517 2103
1632 1891
3459 2560
1688 1854
2068 1567
2861 3151
1608 2008
1912 1712
2809 3294
1821 1818
1843 1787
3631 2663
1696 1991
1943 1769
3050 3043
1994 1745
1992 1756
2929 3319
1984 1780
1850 1914
2902 3517
1522 2494
1832 1966
3101 3240
1846 2017
2030 1842
3371 3213
2080 1808
1991 1898
2337 4163
2138 1805
1824 2177
3047 3591
2087 1926
2026 1995
3398 3475
2042 2005
1835 2237
3364 3556
1930 2146
2097 1976
3302 3624
1883 2224
1658 2593
3700 3258
2118 1972
1975 2150
3680 3320
2102 2100
2267 1967
3625 3458
1698 2674
2063 2208
3463 3610
2272 2034
2399 1953
3172 3829
2055 2281
2137 2178
3554 3623
1829 2579
2206 2161
3636 3649
2352 2078
2204 2226
3678 3789
2146 2313
2370 2144
3822 3672
2150 2324
2233 2277
3834 3694
2611 1971
2120 2390
4028 3524
2458 2112
2147 2392
3838 3958
1785 2993
2462 2147
3869 3983
2284 2286
2244 2340
4167 4010
2392 2322
3008 1909
2685 2105
2518 2256
2523 2268
2129 2658
2412 2394
2414 2396
2266 2570
2509 2353
2460 2414
2362 2509
2449 2448
2540 2374
2652 2304
2535 2433
2603 2416
2320 2707
2108 3137
2824 2310
2686 2558
2161 3476
2645 2654
2997 2391
2526 2955
2772 2647
2703 2723
2545 3073
2737 2756
2000 4109
2837 2704
3117 2576
2725 2908
2324 3793
2706 2961
2705 3015
2874 2796
2630 3300
2894 2838
3081 2693
2887 2853
2877 2901
2786 3062
2698 3263
3048 2782
2749 3180
3073 2792
2916 2939
2944 2909
2723 3277
3070 2817
4180 2194
3056 2829
2994 2892
2934 2967
3230 2744
3747 2518
2957 2958
2784 3241
2987 2934
2434 3960
2838 3211
2592 3770
3025 2971
3157 2885
3165 2881
3135 2915
3166 2893
3606 2672
3022 3028
3111 2946
3224 2898
3766 2632
3449 2810
3095 3090
3128 3054
2976 3231
3145 3076
3149 3088
2830 3590
4247 2292
3575 2837
3352 3041
3514 2981
3071 3386
3104 3351
3476 3016
3136 3327
3254 3196
3300 3177
3528 3002
3592 2964
3031 3500
3477 3085
2923 3660
3214 3302
3103 3436
3189 3357
3368 3191
3564 3058
3567 3046
2896 3743
3535 3107
3489 3135
2774 3928
3601 3095
3417 3243
3404 3275
3242 3415
3484 3205
3261 3399
3935 2777
3387 3328
2893 3840
3588 3164
3324 3410
4016 2718
3315 3460
3416 3428
3217 3606
3192 3663
3657 3236
3203 3685
3975 2868
3531 3463
3084 3837
3375 3715
3550 3579
3927 3105
3555 3639
3126 3951
4057 2995
3495 3774
3786 3578
3674 3753
3917 3465
3715 3737
3142 4033
4015 3306
3764 3741
3244 4027
3937 3594
4260 2852
3435 4073
3911 3885
3399 4129
4110 3692
4023 3846
4108 3736
3837 4015
3974 3978
3671 4128
4227 3662
4005 3991
4091 3926
4066 3984
4055 3997
4022 4119
4275 3467
4159 4095
4252 4123
289351068 1183258497
1
sift 51
252 284
398 425
561 687
555 642
610 646
771 819
913 1029
973 1254
1229 1485
1134 1194
983 1638
1449 1273
1620 1213
1406 1671
2028 1395
1483 1910
1849 1657
1698 1774
1730 1745
2170 2426
1615 1870
1829 1917
2114 2686
1841 1944
1931 1967
3607 2162
1857 2073
1639 2435
3671 2956
2063 2203
2094 2171
3246 3562
1961 2446
1662 2829
3653 3723
1919 2529
2329 2161
3535 4052
2380 2730
2293 2847
4119 3586
2723 3316
2861 3190
4159 3918
3298 3354
3041 3940
4194 4048
3569 3884
3244 4101
3937 3654
4214 4078
289351068 1188846234
1
sift 346
70 72
387 421
54 66
208 223
167 179
73 79
84 93
568 604
99 113
531 433
690 729
100 96
92 125
562 634
156 168
485 568
920 1033
123 133
127 152
606 605
173 176
587 530
924 1078
132 148
177 172
583 671
243 339
603 728
978 1066
163 230
256 256
551 1051
334 344
669 676
1227 1410
304 303
316 422
784 872
374 379
816 1021
971 2350
379 394
371 419
894 773
395 417
1043 985
1370 1672
424 381
503 361
757 1119
358 495
952 1116
1525 2467
567 355
518 526
739 1317
565 499
1118 1275
1819 2465
454 650
576 546
932 1072
492 587
1531 1277
1862 3068
467 644
524 643
991 1045
545 547
1559 1309
2596 2498
555 558
619 589
1002 1478
497 649
1444 1886
3732 3745
561 590
588 674
1077 1448
613 579
1366 3398
4270 3846
594 628
652 652
1112 2321
631 638
2972 2309
609 667
564 756
1540 1833
557 779
2651 2725
666 686
696 684
1593 2035
657 716
3075 2558
644 796
702 761
1787 2102
651 803
2255 3835
592 900
742 741
1900 2272
634 847
2471 3792
673 814
574 1038
2632 2105
716 790
2998 4044
753 753
762 769
2343 2540
767 760
3641 4021
744 795
886 949
2753 2536
804 754
708 895
860 1024
2557 2734
793 858
771 897
937 933
2680 2801
788 968
868 907
903 1063
3176 3039
967 815
985 800
1061 1034
2955 3330
840 986
966 966
948 1358
3422 3142
1281 786
913 1032
1048 1262
3851 2892
975 965
973 1015
1056 1254
3738 3674
877 1177
1049 1266
1208 1154
3750 3683
1134 1238
1262 1141
1226 1260
4088 3646
1167 1246
1291 1221
1152 1377
1320 1292
1186 1345
1251 1386
1058 1614
1474 1211
1211 1486
1285 1424
1254 1455
1127 1678
1364 1384
1327 1459
1240 1591
1416 1383
1261 1582
1318 1635
1336 1525
1170 1718
1180 1783
1352 1543
1826 1188
1429 1627
1432 1504
1463 1484
1503 1701
1417 1599
1406 1633
1647 1692
1569 1751
1597 1719
1520 1928
1205 2432
1711 1685
1776 1722
1772 1652
1785 1674
1618 1843
1497 1944
1436 2100
1714 1898
1619 1885
1779 1796
1677 2030
2013 1673
1554 2114
1801 1916
1494 2330
2014 1784
1861 1906
1849 1896
1632 2172
1749 2085
1620 2208
1857 1959
1404 2795
1599 2338
1578 2473
1757 2348
2050 1932
1782 2212
1853 2248
2094 1917
1841 2196
2058 2064
1860 2200
1885 2192
1995 2244
1919 2170
1963 2149
1922 2360
2147 2042
1887 2346
1675 2711
2215 2049
1931 2363
1907 2439
1971 2334
2129 2237
2340 2139
2259 2143
2686 1915
3200 1995
1961 2514
2399 2148
3027 2142
2284 2239
2170 2381
2153 2836
2206 2370
2120 2441
2873 2336
2136 2447
2227 2415
2619 2673
2488 2249
2372 2384
2240 3080
2244 2483
2380 2407
2283 3276
2292 2480
2051 2767
3211 2520
2414 2492
2829 2209
2936 2746
2429 2518
2476 2524
2397 3682
2329 2678
2439 2627
3719 2646
2287 2714
2384 2659
3966 2618
2581 2584
3142 2250
3065 3038
3591 2151
2348 2976
3895 2723
2850 2590
3631 2343
3158 3166
2771 2671
2726 2712
3040 3335
2722 2715
2773 2732
3036 3385
2514 3057
2954 2702
4085 2878
3332 2591
2655 2965
3313 3626
2952 2817
3607 2625
3781 3795
3031 2830
3041 2844
3910 3831
3017 2879
2737 3219
3961 3814
3565 2754
3371 2827
4090 3852
3626 2752
2921 3178
4174 4047
3778 2722
2712 3497
4122 4062
3022 3138
3215 3118
2887 3444
4225 2563
2905 3566
2967 3508
2961 3580
3246 3351
3775 3088
3203 3526
3308 3544
3831 3207
2842 3918
3603 3463
3890 3189
3535 3599
3789 3413
3224 3769
3779 3457
4084 3218
3508 3755
4119 3164
4028 3556
3678 3888
3996 3662
3671 3946
4101 3700
4022 3855
4066 3897
4091 3858
4156 3807
4106 3860
4254 3651
289351068 1429073379
1
sift 210
57 50
141 80
83 49
4004 4137
82 76
100 125
261 307
90 64
93 63
123 104
339 246
110 85
102 174
163 136
387 440
160 145
167 193
304 282
413 465
241 241
265 232
424 385
466 582
333 268
397 303
524 504
568 611
326 400
479 321
702 556
562 662
369 414
374 419
652 628
583 675
378 464
407 486
574 754
606 661
446 480
442 484
696 737
551 730
445 481
419 508
690 747
679 724
441 497
361 635
733 836
779 786
432 527
455 507
920 866
895 937
454 544
527 604
924 919
932 1037
471 785
629 652
948 970
1077 1078
557 791
737 829
974 1019
1027 1184
838 899
840 904
1195 963
1316 1423
890 968
864 1008
1137 1157
1358 1660
944 1030
927 1050
1299 1568
1593 1429
875 1355
1167 1216
971 2173
1589 1520
1295 1139
1141 1363
1404 1476
1445 1698
1184 1358
1229 1438
1429 1458
1594 1761
1166 1530
1327 1389
1317 1649
2313 1623
1201 1528
1332 1426
1172 2008
2311 2138
1241 1605
1403 1439
1520 1662
2310 2166
1414 1557
1224 1836
1801 1942
2632 2029
1321 1772
1554 1598
2014 1828
1739 3180
1465 1917
1513 1901
1525 2716
2753 2320
1581 1840
1645 1899
1862 2192
2766 2825
1871 1771
1772 1889
1749 2480
2588 3668
1778 1930
2488 1563
2153 2236
3176 3164
1752 1988
1859 1888
2241 2492
3833 3226
1747 2023
1792 1978
2171 2569
2832 3893
1914 1885
1832 1989
2189 2638
3750 3490
2027 1932
1886 2073
2151 2690
3851 3441
1857 2210
2120 2047
2977 2958
3939 3394
2113 2062
2102 2203
2936 3043
3738 3695
2141 2165
2348 2096
3158 3121
4261 3391
2116 2325
2094 2361
3481 3057
4211 3752
2057 2428
1984 2534
3732 3444
2186 2401
2370 2294
4240 3926
2351 2370
2320 2488
4107 4095
2119 2706
1961 2909
2299 2625
2342 2646
1892 3352
2870 2322
2360 2807
2947 2357
2855 2467
2221 3061
2448 2946
2371 3037
2337 3130
2675 2843
2227 3585
2850 2866
3890 2387
3050 2801
2842 3114
2820 3285
2730 3440
3459 3104
2880 3520
3349 3299
3351 3433
3346 3542
2966 3784
2872 3862
4028 3156
3603 3532
3455 3651
3678 3614
3702 3672
3710 3679
3981 3543
3760 3881
4087 3811
4020 3896
4170 3764
4079 3935
4214 3937
4179 4117
289351068 1446198686
1
sift 118
132 151
562 614
54 60
153 149
398 414
702 1101
991 987
252 236
334 322
467 378
860 961
1112 1509
555 506
657 652
641 627
1211 1377
1699 1466
651 743
666 740
716 836
1677 2071
1593 2174
767 795
967 744
771 828
1861 1930
2632 1999
875 808
868 931
966 896
1990 2142
2589 2934
913 897
999 955
973 1080
1749 2469
2457 4047
1134 1108
1291 1211
1054 1527
1995 2644
2753 3780
1406 1334
1352 1508
2395 974
3719 2054
4088 3667
1206 1794
1463 1886
1417 1630
2619 2880
1568 1501
2013 1523
1633 1462
2641 3100
1770 1529
1849 1641
1483 1894
3965 3103
1513 1890
2114 1647
1436 2343
1841 1706
1816 1919
2028 1611
2094 1603
2215 2411
1698 2251
2063 1929
2348 2480
1615 2511
1931 2182
2429 2494
1416 3470
1887 2334
2758 2547
2319 2186
2329 2232
2726 2984
1867 2688
2685 2013
2904 3022
2150 2595
1961 2890
3246 3891
1785 3514
1919 3121
3216 3937
3607 1962
2293 2704
3653 4126
2585 2601
2384 2760
4225 3849
2380 2866
2439 2906
2784 2721
2723 3067
2861 3031
2592 3690
2967 3227
4016 2650
3535 3076
3082 3499
4247 2611
3022 3675
3352 3390
3371 3416
3518 3658
3838 3497
4260 2784
3244 4094
3449 4024
4194 3170
3679 3980
3021 4232
3550 4256
4242 4246
289351068 1503000354
1
sift 53
51 59
2028 1380
1312 1544
283 302
400 406
1615 1953
1489 1455
649 619
683 736
1698 1977
2462 3359
1496 891
1255 1182
1852 2383
2749 3403
1171 1305
1334 1450
2723 4007
3975 2669
1223 1804
1910 1308
3679 3738
1573 1810
1923 2099
3937 3637
2138 1964
1934 2304
2212 2270
1975 2525
2267 2287
2030 2692
4180 1803
2137 3210
2460 2898
2735 2722
2874 3128
2837 3301
3084 3182
3477 2983
3444 3196
3165 3420
3386 3328
3562 3214
3489 3395
3368 3608
3137 3789
3483 3613
3527 3616
3469 3693
3606 3639
3532 3712
3715 3534
4255 3892
289351068 1615100174
1
sift 166
51 51
343 325
701 610
184 175
283 276
398 353
771 798
434 215
323 291
467 354
761 868
385 320
400 388
406 453
983 746
390 406
586 562
913 1125
899 873
645 517
580 648
1163 1053
1383 1355
584 657
649 614
1134 1349
1328 1512
615 700
672 673
1494 1647
1484 1347
766 675
1047 677
1660 1681
1364 1503
854 984
1145 940
1992 1710
1535 1454
1269 903
1064 1113
1436 2721
1408 1707
1255 1069
1246 1081
2114 1836
1844 1494
1495 947
1054 1393
2533 2660
1931 1744
1334 1325
1223 1446
2434 3465
1857 1927
1345 1344
2028 1138
3653 2722
2087 1778
1489 1489
1568 1466
2839 3523
1794 2112
1449 1567
1461 1576
3607 2977
2319 1785
1573 1735
1634 1660
3246 3251
2292 1901
1685 1616
1831 1551
3535 3293
1868 2298
1615 1775
1923 1624
3865 4045
2329 1937
1718 2016
1698 2097
4091 3908
1662 3028
1843 1957
1658 2341
2170 2394
1934 2039
2413 1871
2429 2383
1975 2286
2267 2075
2477 2416
2030 2315
2146 2288
2509 2503
2212 2457
2137 2512
2381 2898
2449 2354
2217 2571
2385 2940
2460 2532
2536 2526
2439 3062
2603 2485
3601 2283
3224 2627
2623 3093
2725 2933
2887 2893
3679 2462
2630 3234
3022 3153
2784 3025
2874 2980
3261 3461
2749 3209
2780 3148
3173 3696
3975 2465
2837 3156
3491 3613
2705 3596
3162 3003
3324 4082
3230 2946
2809 3502
4214 4042
3135 3170
3308 3071
3569 4176
2723 3849
3137 3275
3165 3260
3215 3206
3420 3089
3368 3130
3149 3348
3525 3242
3436 3317
3531 3283
2902 3880
3528 3296
3562 3277
3477 3358
3606 3249
3489 3359
3444 3415
3315 3590
3627 3381
3386 3609
3483 3648
4172 2848
3302 3882
3084 4110
3715 3833
3937 3559
3980 3566
4058 3724
4066 3888
4056 3907
4025 3990
3916 4089
4252 3820
4255 3894
4182 4122
289351068 1750469169
1
sift 632
57 50
7 8
6 5
670 693
760 937
10 9
84 70
26 22
29 27
633 790
894 956
39 25
123 118
85 73
36 34
813 910
932 1005
83 49
127 126
141 135
82 76
816 1052
1027 1186
93 77
132 134
182 148
110 99
952 1065
1445 1643
102 121
163 155
161 178
122 107
1043 1033
1304 2035
119 119
167 179
169 183
126 120
971 1522
1929 2463
154 108
225 236
204 222
135 138
1118 1294
1739 2884
140 137
256 267
216 219
149 133
1227 1487
2311 2319
160 170
304 307
261 287
162 169
1370 1461
1946 2921
156 177
306 374
339 247
173 181
1317 1554
2730 3000
175 188
469 317
392 366
199 200
1221 1701
2666 3117
217 184
379 378
387 448
242 197
1722 1742
3685 3310
232 231
371 394
413 456
241 263
1862 1912
3939 3145
275 276
424 468
481 414
265 299
1819 2147
3833 3523
311 302
435 637
466 597
334 318
2171 2468
4112 4064
293 391
524 541
562 605
309 360
2151 2680
395 323
564 603
568 629
332 400
2416 2674
372 369
574 656
551 647
360 392
3353 2528
326 417
652 625
677 559
374 379
3239 3370
405 338
702 618
583 640
369 396
3739 3324
373 407
619 728
606 614
363 435
3075 3887
361 447
696 690
660 738
378 430
3641 3616
407 472
690 732
757 684
426 478
4048 3792
419 489
886 845
750 701
445 473
3206 4262
438 481
920 926
739 921
441 479
429 511
874 1069
779 904
442 493
432 517
903 1038
846 934
446 500
455 509
924 1013
923 969
471 542
473 570
993 1254
914 1035
525 530
658 431
948 1367
1101 899
513 552
527 572
1208 1083
694 1782
414 765
578 582
1271 1057
806 1335
545 606
604 624
1061 1202
1077 988
613 620
560 679
1137 1180
1376 1194
629 608
594 653
1152 1242
1136 1491
631 634
609 665
1075 1302
1218 1566
716 580
634 671
1226 1217
1316 1584
767 589
557 818
1172 1363
1083 1949
666 708
786 630
1318 1270
1426 1529
700 750
689 786
1211 1382
1358 1667
651 873
741 740
1299 1520
2313 1123
729 815
771 782
1266 1583
1589 1531
674 972
761 840
1474 1371
1699 1492
791 806
782 831
1404 1572
1540 1892
708 954
788 851
1429 1598
1593 1854
804 833
820 850
1187 2002
1594 1995
793 888
840 908
1503 1664
1787 2165
850 945
838 989
1520 1684
2289 2191
999 830
871 976
1509 1716
2457 2086
1209 766
953 919
1776 1549
2766 1932
890 1028
1067 868
1618 1768
2482 2186
875 1091
944 1025
1647 1776
2378 2381
777 1369
797 1306
1578 1993
2343 2479
899 1135
975 1062
1525 2313
2264 2720
926 1173
1049 1094
1677 2064
2660 2656
837 1553
1288 991
1861 1865
2632 2763
985 1288
1147 1131
1801 1946
2382 3009
1269 1058
1119 1167
1853 2028
2234 3214
1024 1266
1050 1273
2014 1900
2485 3085
1135 1200
1097 1282
1749 2240
2753 3171
1200 1198
1162 1252
2058 2021
2557 3465
1131 1283
922 1712
1922 2150
3176 3131
1058 1346
1229 1208
2189 2414
2832 3580
1296 1192
1145 1334
2891 1948
3219 3247
1167 1333
1184 1357
2153 2577
4006 2956
1141 1425
1166 1403
2316 2405
3615 3695
1074 1534
1416 1203
2240 2583
2955 4159
1234 1398
1129 1581
3200 1927
3738 3804
1254 1414
1281 1409
1907 3083
3750 3885
998 1819
1314 1390
2463 2653
4261 3152
1294 1431
1241 1500
3065 2918
4052 3795
1224 1542
1336 1439
2998 2984
4088 3849
1328 1457
1280 1516
2977 3217
3814 4263
1329 1469
1327 1475
2936 3358
1320 1510
1334 1509
3424 3242
1323 1535
1364 1497
3634 3159
1403 1460
1319 1591
2792 3850
1321 1608
1201 1752
3910 3047
1463 1420
1423 1504
2716 4011
1417 1588
1414 1603
4161 2915
1480 1494
1352 1693
3211 3866
1449 1568
1383 1738
3884 3369
1725 1362
1544 1567
3895 3378
1375 1779
1170 2126
4021 3283
1446 1708
1301 1875
3961 3831
1513 1651
1332 1888
3964 3915
1465 1762
1554 1688
3991 3961
1569 1691
1472 1785
1470 1807
1657 1662
1841 1547
1484 1961
1590 1817
1535 1939
1430 2241
1522 2047
1622 1894
1788 1798
1686 1861
1620 1945
1411 2436
1772 1812
1760 1843
1857 1788
1608 2043
1419 2607
1747 1943
1792 1899
1779 1923
1585 2249
1696 2071
1756 2024
1871 1907
1632 2228
2268 1709
1905 1883
1497 2589
1837 1991
2013 1858
1877 1968
2644 1604
1673 2293
1770 2173
2050 1897
1934 2036
1832 2161
1887 2102
1702 2358
1913 2083
1639 2550
1846 2220
1912 2154
2031 2055
1765 2372
2018 2077
1886 2242
2120 2016
2026 2136
1663 2696
1762 2490
2259 1952
1860 2336
2185 2020
1998 2208
1782 2493
1961 2285
1867 2423
2147 2117
2113 2182
1835 2531
2611 1864
2135 2254
1931 2469
1991 2439
1919 2560
2141 2290
2231 2238
2386 2131
1935 2621
2116 2362
2265 2250
2186 2312
2133 2363
2053 2486
2258 2288
2102 2448
2204 2347
1908 2755
2105 2555
1785 3026
2094 2626
2488 2264
2016 2773
2325 2390
2320 2413
2084 2719
1883 2949
2244 2502
2170 2614
2220 2574
2206 2594
2342 2429
2360 2432
2221 2606
2348 2456
2137 2729
2383 2535
2380 2543
1958 3014
2395 2570
2292 2695
2227 2772
2653 2318
2256 2737
1892 3169
2055 2983
2299 2726
2284 2738
2834 2219
2399 2625
2519 2520
2215 2890
3068 2163
2301 2806
2184 2996
2371 2856
2547 2705
2319 2906
2514 2796
2051 3348
2947 2430
2567 2813
2591 2799
2439 2960
2840 2590
2453 2966
2722 2721
2405 3015
2509 2964
2647 2843
2655 2872
3142 2532
2337 3224
2429 3146
2981 2688
2581 3010
2737 2924
2850 2839
2726 2937
2697 2973
2758 2919
3050 2782
3398 2637
2908 2869
2586 3184
2630 3141
2870 2951
3104 2861
2678 3221
2801 3072
3145 2910
2782 3127
3459 2837
2705 3281
2974 3033
2712 3291
3048 3038
2675 3430
2887 3183
2696 3417
2809 3318
3214 3027
2672 3548
3735 2852
2923 3246
2903 3255
3890 2788
3815 2846
3070 3241
3216 3155
3156 3209
2603 3884
3224 3249
2967 3505
3404 3205
3149 3354
3105 3402
2872 3666
3071 3468
3031 3520
3449 3240
3217 3391
3135 3477
3529 3243
3514 3252
3387 3334
3203 3489
3528 3289
3296 3443
3298 3466
3375 3435
3349 3472
2665 4103
3169 3627
3753 3219
3324 3519
3041 3759
3101 3721
3126 3737
3341 3591
3555 3470
2842 3988
3397 3602
3644 3447
3785 3330
3532 3563
3463 3624
3638 3493
4066 3074
3993 3196
2855 4107
3308 3832
3317 3835
2961 4032
3072 3958
2687 4235
3713 3556
3779 3557
3700 3643
3969 3344
3468 3840
3806 3609
3834 3612
3678 3777
3760 3801
3801 3794
3809 3791
3947 3621
3603 3948
3710 3940
3996 3735
3702 4028
4030 3810
3857 3981
4079 3783
3981 3919
3841 4089
3671 4198
3821 4141
4091 3900
4131 3855
4039 3966
4057 3965
4275 3271
4227 3762
3831 4194
4170 3937
4229 3854
4156 4018
4214 4106
4222 4204
289351068 2011792801
1
sift 332
43 48
41 59
14 11
291 261
50 54
54 55
57 57
421 369
81 60
485 506
70 72
98 103
73 84
562 570
102 125
744 753
84 80
171 159
92 102
568 566
173 166
860 856
123 123
179 180
127 146
606 588
174 190
937 834
132 141
227 252
188 209
679 620
254 277
946 844
208 223
358 297
256 257
739 779
492 330
1056 1158
371 383
398 413
316 458
859 705
467 459
1531 1293
366 420
565 479
424 404
932 997
555 491
1240 1817
388 561
522 530
581 396
991 990
580 538
1559 1495
469 519
497 618
531 544
1077 1177
561 579
1597 1470
602 516
607 555
564 562
1363 1257
613 550
1444 1737
587 541
609 592
524 621
1112 1917
628 594
1624 1870
619 673
651 636
669 631
1699 1448
641 664
1729 2005
696 639
666 668
652 699
1540 1676
708 751
1990 2100
753 740
634 892
702 854
1787 1608
710 786
1855 2664
742 763
716 798
762 795
1593 2014
767 714
2255 2520
886 718
735 860
816 855
1330 3018
771 823
2641 2662
941 758
793 909
929 809
2632 2339
967 737
2619 2696
1180 709
840 959
903 987
2343 2569
875 905
3036 2439
924 1008
788 1050
952 1084
2680 2496
975 849
2454 3544
1043 1034
966 903
1118 1003
2589 3385
876 1037
2232 4074
1061 1026
898 1017
1048 1182
2753 3208
1017 1035
2873 3039
1208 1078
1281 872
1186 1232
3176 3469
1029 1024
2972 3016
1152 1298
973 1111
1226 1240
3851 3341
913 1228
3313 3270
1127 1431
1041 1106
1211 1330
4088 3440
1311 1039
3966 2828
1474 1213
999 1513
1429 1416
3738 4110
1094 1365
3867 4070
971 2386
1065 1445
1370 1535
4261 3786
1229 1250
1299 1618
1291 1214
1318 1740
3896 4219
1036 1536
1509 1592
1223 1318
1404 1808
1285 1291
1520 1642
1054 1599
1503 1674
1364 1255
1647 1590
1204 1449
1722 1682
1406 1317
1801 1771
1352 1398
1757 1893
1463 1305
2014 1692
1417 1468
1861 1846
1165 1818
2013 1735
1599 1340
2058 1732
1205 2054
1677 2130
1770 1418
1525 2497
1569 1614
1819 2059
1816 1411
1853 2018
1633 1544
1922 2236
1573 1636
1995 2266
1730 1498
2596 2033
1416 1962
3200 1924
1849 1569
2758 1972
1619 1741
1907 3549
1779 1669
2348 2471
1436 2248
3719 1982
2114 1533
3027 2287
2168 1557
2240 2881
1558 2154
2153 3582
1554 2217
3075 2489
1698 1966
2471 3798
1852 1795
2936 2999
1497 2400
3682 2750
1808 1883
3910 2657
1829 2017
3158 3114
2094 1830
3065 3317
1923 2072
2998 3433
1887 2150
3895 3174
1785 2353
3481 3838
1835 2276
3732 3705
2063 2125
4048 4056
1931 2249
4240 3951
2147 2008
2129 2041
1991 2280
2138 2151
2170 2142
2399 2040
2097 2322
2272 2156
2150 2291
2372 2160
2462 2091
1867 2693
2215 2351
1961 2641
2453 2220
2120 2484
2329 2348
2414 2374
2380 2444
2293 2501
2217 2592
2686 2268
2672 2281
2268 2689
3607 1981
2476 2584
2685 2440
2805 2417
2439 2710
2250 2938
2581 2640
2186 3448
2726 2686
2045 3872
2839 2683
2514 3079
3332 2554
2553 3137
2877 2727
2706 2919
2823 2867
2722 3009
2784 3017
2763 3188
4247 2261
3508 2704
3352 2753
2837 3179
2552 3799
2910 3170
2861 3300
2905 3277
3371 2873
3216 2949
3041 3210
3022 3271
3535 2913
3082 3293
3342 3196
3298 3263
3215 3391
3203 3411
3449 3264
3135 3699
3246 3678
2850 3996
3778 3452
3937 3390
3890 3602
3926 3581
3694 3869
4254 2975
3838 3831
3917 3785
3626 4052
4091 3792
4028 3876
3975 3936
4223 3756
3916 4132
4255 3815
4214 3977
4106 4152
