456750183 595444731
1
sift 395
136 128
32 38
81 74
456 574
1918 2231
78 78
172 161
242 265
103 96
532 564
1839 2355
106 109
256 285
265 324
105 115
1324 1510
2401 3157
123 130
268 304
295 307
118 141
1427 1393
3203 3399
112 145
284 330
314 311
138 136
1545 1517
173 148
354 332
394 278
145 179
1580 1685
161 196
484 395
307 375
188 175
1684 1678
144 244
449 533
375 407
180 204
2172 1803
270 149
633 592
406 409
171 245
1915 2281
211 187
708 654
424 494
203 227
2212 2671
241 210
705 656
440 481
233 219
2361 2535
250 230
713 673
462 553
216 251
2431 2882
228 250
755 782
487 545
230 263
2932 2620
223 275
750 797
479 558
240 264
2972 2866
239 273
833 834
508 561
259 249
269 295
832 887
792 621
261 299
271 296
929 1167
674 739
344 272
281 350
1319 1027
728 786
272 366
328 328
1115 1182
718 802
329 341
315 354
1490 1019
847 843
277 447
358 398
1228 1288
807 969
345 440
360 422
1266 1320
770 1043
361 424
401 402
1308 1295
900 990
428 403
415 443
1204 1413
932 1011
362 491
408 463
1380 1500
1012 998
373 503
412 569
1432 1549
948 1123
382 595
676 368
1526 1554
1001 1081
610 413
467 526
1519 1814
1058 1082
445 605
528 548
1412 2059
927 1228
494 633
586 555
1933 1486
1102 1098
521 650
591 581
1982 1666
1030 1211
536 675
603 624
1678 2140
899 1474
599 677
619 685
1952 1901
1056 1322
512 827
541 777
1719 2443
1173 1185
609 712
648 703
2004 2214
1129 1329
642 707
662 758
1941 2375
1262 1369
707 759
672 824
1950 2394
1251 1381
752 839
841 783
1938 2496
1461 1236
785 828
803 864
2260 2108
1322 1462
866 862
886 859
1882 2603
1373 1394
994 831
925 889
2034 2441
1364 1490
761 1085
904 949
1942 2706
1440 1403
798 1079
860 1042
1896 2781
1348 1565
656 1463
966 940
2199 2544
1352 1572
766 1164
1006 963
2148 2792
1518 1459
979 1033
1135 988
2364 2591
1439 1593
1018 1155
1320 926
2393 2712
1399 1680
920 1307
1054 1168
2098 3248
1489 1638
1033 1212
1121 1147
2612 2823
1393 1761
1044 1315
1288 1140
2359 3162
1433 1715
1503 1080
1071 1469
2604 2941
1551 1599
1343 1192
1214 1279
3259 2709
1548 1608
1232 1271
1199 1351
3235 3059
1541 1697
1209 1391
1170 1512
2776 3757
1549 1683
1244 1481
1267 1503
3502 2985
1532 1717
1350 1533
1396 1573
3182 3407
1796 1467
1829 1217
1478 1538
3371 3303
1494 1853
1501 1578
1761 1374
3321 3428
1539 1833
1454 1703
1497 1728
3037 3795
1575 1798
1543 1733
1290 2151
3228 3781
1466 2198
1638 1624
1592 1710
3462 3749
1740 1836
1459 1938
1737 1625
3501 4095
1707 2031
1515 1973
1491 2087
1905 1839
1654 1896
1824 1771
1807 1966
1694 1891
1602 2046
2317 1640
2102 1612
1721 1882
1849 2018
1467 2403
1857 1870
1921 1936
1850 1879
1731 2037
1963 1921
1787 1957
1801 2004
1804 2130
1745 2166
2391 1654
1813 2138
1895 2056
1821 2194
1697 2396
1863 2197
1919 2127
2036 2027
1696 2491
1764 2376
2021 2071
2138 1979
1935 2174
1986 2221
2026 2218
2115 2116
2159 2080
1947 2350
2056 2258
1994 2329
1841 2521
2544 1828
1878 2553
2186 2240
2061 2410
2233 2293
1968 2540
2717 1841
1872 2791
2132 2338
2273 2222
2230 2371
2018 2568
2055 2548
2293 2502
2170 2388
2089 2530
2281 2533
2020 2676
2165 2456
2251 2648
2413 2186
2228 2398
2178 2724
2158 2469
1700 3192
2088 2967
2210 2475
2307 2378
2422 2799
2203 2593
2085 2744
2478 2852
2141 2690
2258 2561
2430 2938
2304 2536
2386 2654
3307 2433
2290 2782
2491 2599
2449 3002
2318 2820
2497 2683
2757 2893
2244 2927
2232 3010
2694 3048
2770 2571
2367 2902
2919 2911
2262 3074
3001 2514
2766 3036
3557 2275
2227 3459
2980 3321
3420 2436
2711 2898
3034 3448
2454 3611
2967 2966
2923 3710
3123 2953
3208 2929
3002 3674
2758 3326
2759 3677
3585 3179
3024 3362
3261 3193
3144 4006
2702 4018
2996 3665
3519 3965
3014 3676
3039 4011
3499 4104
2723 4196
3088 4143
3412 3937
3320 4028
3566 3692
3448 3997
3602 3811
3419 4139
3548 4021
3639 3876
3578 4159
456750183 736661850
1
sift 71
172 174
314 232
196 178
295 284
633 443
304 305
602 432
424 402
730 651
440 394
661 441
479 418
849 707
487 430
1290 1098
556 425
1175 998
674 452
1850 1766
718 606
1519 1289
728 616
1947 1975
847 698
1719 1749
900 820
2346 1585
1001 854
3371 2924
1393 652
2323 1644
927 1088
3502 3099
1058 1025
2203 1896
1150 1034
1129 1158
2273 1839
1373 1226
1532 1238
2132 1995
1439 1547
1575 1404
2176 1983
1571 1417
1433 1631
2210 2010
1541 1488
1549 1506
2397 2508
1740 1464
1608 1791
2836 2309
1807 1614
1878 1555
3190 2875
1872 1600
1935 1620
3014 3253
1784 2039
1813 2046
1994 2006
2061 2122
2422 1986
2069 2552
2430 2112
2281 2322
2251 2769
2694 3289
3479 2675
3464 3417
456750183 748678880
1
sift 158
236 247
314 240
28 32
268 277
106 103
532 435
265 293
105 172
1580 1006
233 257
730 733
295 301
261 292
1373 1178
281 276
834 776
307 300
258 376
1432 1311
290 325
849 799
406 356
340 298
1684 1121
424 450
1175 951
440 434
512 526
1606 1267
479 469
1519 1381
487 477
602 472
1608 1460
674 585
1380 1534
718 688
609 671
1872 1528
728 699
1526 1482
774 659
679 769
1915 1592
752 772
1412 1863
807 751
926 761
2172 1615
847 802
1950 1667
900 899
897 870
2004 1992
1012 848
1883 1796
1001 891
1088 1057
2361 1702
1030 903
1952 1919
1058 910
1163 1154
2034 2053
1173 893
1938 2005
1102 977
1199 1171
1813 2343
1056 1056
2212 2016
1129 1061
1396 1060
2050 2211
1393 945
2932 1811
1150 1161
1543 1491
2069 2254
1177 1251
2393 2335
1304 1365
1290 1835
2972 1949
1571 1219
2147 2683
1439 1472
1386 1691
2431 2726
1541 1418
2800 2731
1532 1511
1718 1489
3182 2829
1387 1671
3053 3592
1575 1487
1761 1588
1433 1798
3502 3122
1921 1362
1653 1729
1740 1646
3462 3572
2036 1623
1841 1577
1722 1847
1935 1724
1850 1779
1753 2128
1784 2086
1947 1890
1708 2268
1986 1936
2413 1606
2061 2024
2185 1868
2273 1781
2532 1620
1777 2519
2203 1926
2228 1905
2281 1966
2115 2111
1923 2355
2422 1870
2205 2360
1878 2475
2233 2138
2397 2327
1963 2430
2251 2127
2871 2379
3202 1852
2088 2954
2399 3462
2402 2492
2694 2346
3420 2414
2919 2349
3257 2491
2911 2839
3144 2569
2980 2881
3261 2595
3479 2544
3311 2788
2702 3409
3014 2979
3464 3076
2887 3159
3208 3069
3481 3127
3419 3692
3396 3488
3585 3498
3532 3734
3616 3524
456750183 781759124
1
sift 66
172 165
265 229
340 252
221 314
730 723
295 286
512 481
307 278
849 774
479 472
597 430
487 503
856 939
728 707
602 457
807 829
1115 1016
927 947
1841 1348
1001 942
1519 1319
1012 951
2006 1640
1055 934
1719 1884
1058 994
2228 1603
1102 972
2172 1560
1150 1182
2273 1624
1177 1312
1915 1809
1373 1216
2203 1685
1580 1117
2004 2470
1606 1163
2346 1700
1571 1248
2393 2247
1539 1489
2397 2656
1532 1538
2431 2638
1575 1513
3190 2463
1872 1539
2199 3325
1784 1965
3420 2887
1935 1999
3321 2940
2185 1940
1994 2184
3502 3189
2061 2235
2402 2119
2422 2102
2281 2303
2088 2667
2430 2513
2251 3081
2694 3575
3481 3185
3464 3256
456750183 1078340171
1
sift 116
172 169
237 268
196 187
268 281
222 366
295 290
603 458
307 299
484 404
406 420
752 655
424 440
532 424
440 434
1088 1313
479 476
849 825
487 483
2006 1190
552 529
834 852
674 571
1863 1925
728 698
1115 1002
718 715
1708 2465
807 834
1175 1038
932 767
2274 2018
847 845
1380 1381
927 912
2176 2195
900 955
1526 1333
1012 878
2201 2239
1030 880
1519 1469
1001 913
2758 2747
1058 883
1412 2176
1173 877
2911 2823
1102 920
1915 1592
1167 988
2900 3051
1150 1100
2361 1543
1129 1288
3014 3175
1581 966
2172 1705
1056 1473
3301 2855
1373 1096
1938 1984
1348 1289
3265 2964
1571 1253
1952 2006
1439 1459
3261 3420
1541 1375
2004 2312
1532 1420
1304 1753
2050 2331
1606 1408
1539 1503
2431 2215
1575 1453
1608 1548
2147 2571
1549 1834
1872 1513
2932 2014
1740 1625
1784 1641
2393 2562
1877 1710
2036 1609
3287 2295
1518 2398
1813 2057
3053 2716
1986 1997
1935 2067
3502 2834
2125 1888
2061 2166
3462 2952
2233 2078
2305 2032
3610 3689
1994 2440
1963 2540
2230 2305
2422 2118
2430 2323
2251 2541
3202 1975
2402 2600
2919 2253
2088 3402
2694 2656
3144 2633
2980 2849
3396 2939
3585 2782
3464 3344
3481 3412
456750183 1119887588
1
sift 144
72 30
839 351
106 60
71 46
87 45
917 373
196 93
101 52
89 53
1295 421
512 192
103 58
167 79
602 216
233 136
258 156
686 298
316 150
422 139
845 428
426 142
444 201
938 445
502 197
511 196
1000 511
536 204
601 231
1923 418
715 249
634 266
1841 727
699 280
637 311
2006 749
609 334
681 309
1961 781
672 313
743 290
1989 774
752 288
841 277
2228 884
794 287
787 304
2203 911
567 433
866 326
2273 900
679 383
864 339
2346 1013
892 365
1106 359
2132 1128
926 410
1309 349
2532 996
1127 384
979 482
2639 1095
1215 412
1186 457
2456 1316
1139 477
1422 417
2686 1207
3359 318
1199 535
2553 1312
1103 608
1396 560
2510 1334
1416 553
1178 679
3190 1098
1310 632
1638 578
2871 1211
1495 645
1436 718
3014 1244
1462 757
1766 640
3007 1289
1949 661
1603 836
2861 1335
1753 782
1409 1050
3261 1229
1395 1059
1708 810
3158 1375
2289 658
2513 618
2990 1517
1653 893
1701 916
2900 1540
1761 887
1862 895
3461 1686
2099 927
2302 853
2786 2095
2347 840
2377 869
3647 2631
1947 1064
2326 902
2352 956
2201 1049
2387 973
2000 1315
2013 1336
3290 896
2089 1368
2843 1009
2294 1273
2472 1323
2579 1303
3216 1172
3026 1258
2376 1566
2205 1702
2413 1658
2145 1952
3319 1468
2702 1661
3040 1584
3206 1614
3110 1850
3592 1671
3506 1758
3532 1792
3370 1884
3495 1841
3079 1998
3645 1861
3549 2178
3545 2376
3653 2691
456750183 1162772251
1
sift 73
221 263
295 315
235 290
289 251
304 337
284 339
484 444
440 489
479 540
833 831
488 545
552 572
1142 1202
674 773
728 763
1427 1370
847 795
1001 985
1685 1474
927 1272
1102 1105
1519 1943
1373 1235
1056 1862
1980 1597
1348 1575
1580 1390
2172 1555
1518 1501
1532 1710
1915 1844
1539 1737
1541 1799
2260 1708
1606 1700
1608 1773
1952 1974
1575 1846
1807 1636
1936 2249
1813 1959
1784 2108
2361 1891
2036 1989
1935 2102
1938 2375
2021 2081
1878 2383
2034 2486
1872 2516
2061 2367
2212 2494
1963 2550
1994 2551
2932 2514
2281 2503
2251 2683
2972 2573
2088 2928
2422 2523
2431 3043
2694 2723
2199 3727
2705 3418
3479 2680
2980 2976
3371 3158
3585 2857
2919 3602
3462 3697
2766 3991
3471 3881
3501 3970
456750183 1223175561
1
sift 111
53 10
200 52
106 28
121 16
87 20
459 79
196 48
80 23
95 19
1517 280
444 84
100 26
78 30
1231 338
512 103
174 37
206 46
502 106
233 73
258 99
602 115
316 85
426 81
596 118
448 105
499 135
1923 202
601 138
634 144
1841 373
637 156
681 153
2006 369
841 143
609 173
1961 392
794 150
864 149
2273 411
743 166
787 161
2228 425
870 155
672 196
2203 441
1021 158
892 171
2346 460
845 238
1309 191
2304 469
938 290
1396 277
2201 512
1199 313
1416 305
2532 476
1386 347
1836 301
2639 507
1557 323
1462 393
3190 554
1409 416
1546 409
2871 591
1603 448
2013 400
2861 604
1862 432
1169 696
3007 598
1653 494
1701 504
3014 640
2435 467
1947 616
2553 768
2513 517
2294 647
3261 663
2565 612
2218 752
3158 690
2224 767
2413 738
3082 739
2640 762
2579 787
3461 961
3272 676
2510 798
3647 950
2687 765
2810 863
2786 1190
3026 843
2702 910
2880 966
2711 996
3437 897
3110 987
3206 979
3370 962
3208 1030
3079 1147
3545 1235
3449 1370
3455 1379
3653 1311
2736 2382
456750183 1256872597
1
sift 67
268 292
295 264
284 314
532 436
424 411
440 463
849 730
462 471
406 548
834 801
479 476
488 479
1115 1004
552 484
674 594
1432 1433
1001 840
927 906
1519 1426
1373 1059
1056 1480
1933 1736
1250 1213
1580 1011
1915 1775
1532 1432
1541 1427
1938 2068
1539 1458
1393 1717
2034 2106
1575 1534
1551 1624
1952 2302
1518 1675
1571 1652
2004 2426
1608 1617
1606 1644
1980 2677
1813 1627
1872 1700
2932 1909
1784 1822
1877 1861
2431 2616
2182 1690
2061 1833
2972 2569
1807 2361
2233 1946
3503 2630
1963 2368
2422 2188
3371 3015
2251 2515
2088 3032
3411 3112
2694 2435
2980 2599
3502 3179
2919 2732
3479 2756
3471 3337
3464 3256
3462 3392
3481 3699
456750183 1308641291
1
sift 359
114 125
111 124
59 63
221 347
180 181
63 56
256 235
218 153
71 64
268 309
429 406
73 86
235 264
194 187
78 95
462 422
2168 2778
118 80
275 278
237 273
89 146
532 596
158 110
266 357
242 291
123 143
973 1094
127 161
284 339
302 298
141 150
1193 1260
138 157
484 540
295 324
169 188
1373 1464
179 194
585 602
396 439
189 197
1427 1398
159 246
833 790
399 458
211 177
1580 1696
210 179
849 1089
383 496
216 202
1606 1660
249 184
1041 971
427 479
203 223
1684 1630
204 225
1142 1291
440 482
224 211
1792 1615
228 241
1211 1411
424 529
231 249
1545 1953
253 245
1319 1383
479 573
230 265
1585 2162
240 267
1380 1460
487 578
269 290
1915 1977
329 286
1424 1410
534 681
280 332
1936 2020
355 295
1405 1498
674 719
294 371
1918 2435
346 387
1377 1618
770 705
385 369
2049 2326
374 391
1519 1638
728 783
341 500
2034 2377
400 429
2147 1831
718 816
415 419
2293 2746
412 427
2351 2737
862 819
408 444
2172 3645
361 520
2393 2718
807 886
469 388
2919 2812
695 327
2612 2806
792 979
467 534
2972 2831
413 634
2705 3011
865 964
676 410
2400 3479
499 567
2932 2947
957 949
528 553
2980 3024
628 514
3502 3151
900 992
572 565
3473 3201
507 658
3182 3446
1012 910
586 601
3415 3328
567 618
3462 3707
948 995
521 746
693 587
1001 1044
618 651
642 643
1058 1146
662 663
679 690
1055 1266
609 781
672 765
1129 1209
686 826
707 809
1447 1120
697 863
886 701
1173 1341
584 1105
654 1010
1077 1581
754 892
760 951
1262 1330
798 901
761 957
1530 1200
748 1002
877 890
1399 1349
941 838
843 944
1352 1468
1094 749
904 896
1348 1522
908 932
994 887
1030 2167
967 918
920 961
1433 1491
897 1039
1135 847
1481 1447
990 1042
846 1195
1489 1443
752 1499
988 1135
1608 1301
1006 1126
914 1225
1439 1564
1300 1057
1071 1222
1364 1741
1413 1008
887 1664
1387 1697
1226 1127
1396 1047
1518 1548
1163 1212
1074 1404
1532 1559
1351 1159
986 1726
1541 1766
1200 1263
1286 1277
1575 1744
1267 1336
1199 1403
1539 1860
1244 1408
1237 1456
1549 1854
1375 1391
1334 1502
2123 1414
1467 1409
1497 1496
1660 1834
1170 2021
1588 1441
1707 1799
1516 1597
1638 1508
1720 1813
1477 1811
1737 1481
1821 1768
1694 1537
1819 1426
1796 1829
1511 1862
1674 1702
1880 1781
1708 1717
1940 1540
1600 2111
1603 1879
1390 2315
2051 1740
1758 1759
1854 1670
1807 1976
1635 1892
1592 1998
2107 1756
1732 1890
1765 1922
1813 1975
1653 2041
1723 2025
1740 2148
1702 2112
1507 2609
1935 1970
1857 1989
1721 2198
1905 2046
1987 1921
1800 2125
1963 2216
1764 2231
1602 2494
2021 2204
1968 2219
1962 2268
2036 2238
2215 2077
1986 2288
1877 2438
1856 2561
2047 2290
2061 2267
2141 2218
2717 1802
1872 2560
2205 2225
2165 2255
2365 2092
2056 2421
2138 2303
2182 2569
2497 1988
2033 2530
1777 3167
2112 2426
2041 2573
2281 2517
2786 1994
2169 2531
2251 2723
2055 2727
2115 2677
2449 2612
2089 2724
2232 2624
2417 2639
2262 2649
2043 2936
2478 2637
1947 3158
1866 3408
2088 3264
2696 2383
2367 2690
2422 2861
2191 2905
2258 2851
2936 2549
2389 2731
1842 3685
2430 2995
2340 2833
2219 3096
2922 2786
2457 2793
2527 2796
2762 2921
2990 2533
2993 2584
2694 3005
2579 2863
2510 2965
2923 3077
2376 3181
2085 3862
3585 3135
3454 2526
2868 2902
3432 3411
2875 2923
3449 2648
3464 3496
3580 2581
2711 3215
2742 3189
2967 3064
3505 2769
2938 3163
2860 3289
2964 3402
3602 2879
3208 3231
3157 3291
3302 3230
3530 3204
2880 3831
3088 3687
3667 3114
3171 3824
3223 3869
3172 3956
3537 3923
3701 3690
456750183 1428487141
1
sift 311
160 145
194 172
28 31
633 465
72 57
80 84
172 164
237 196
62 72
708 736
71 73
87 78
282 338
384 323
101 89
917 763
261 210
106 113
755 581
394 360
88 137
1265 955
340 240
127 132
1204 768
576 495
132 146
1567 1232
661 443
186 126
1308 1131
774 433
141 150
2059 1045
572 579
167 154
1719 1281
807 668
174 153
1927 1206
686 563
155 186
1490 1524
847 728
196 169
2127 1350
622 662
190 200
1851 1492
932 670
231 176
1746 1642
897 756
179 212
1896 1485
913 690
233 209
1950 1600
845 800
258 235
2364 1818
900 801
290 226
2129 2746
1012 785
358 255
2393 1905
1030 764
338 297
2676 2913
1320 661
374 274
3328 1896
1022 839
422 267
3596 2885
1000 853
431 287
2612 2518
1173 794
521 331
3696 3209
979 870
454 392
3287 2174
1058 916
512 365
1144 865
467 411
1167 1015
511 383
1087 1041
502 404
1129 1075
499 422
1292 936
536 391
1322 1055
562 389
1096 1148
646 363
1364 1127
596 406
1177 1338
601 417
1433 1178
602 416
1439 1224
590 453
1494 1259
485 641
1549 1326
634 471
1554 1561
567 547
1740 1387
617 545
1848 1500
699 484
1708 1420
693 491
1777 1742
744 444
1850 1526
609 588
2036 1548
637 578
1863 1542
715 502
1932 1677
681 573
2039 1537
672 618
1986 1798
743 544
2089 1633
717 607
2038 1893
794 565
2185 1792
787 583
3002 1413
841 568
2176 1821
679 735
2239 1837
935 539
2132 1959
858 590
2156 1949
911 562
2281 1867
725 694
2225 2023
762 689
2304 1927
866 654
2430 2094
877 722
2426 1891
851 771
2825 2001
864 772
2397 2146
926 757
2471 2349
920 770
2510 2171
1007 755
2751 2342
1071 774
2856 2190
1125 782
3052 2200
989 906
2836 2379
1127 816
3396 2398
1046 938
2759 2489
1215 826
3547 2277
1186 861
2900 2725
1199 907
2653 3096
1244 917
3202 3197
1076 1077
3188 3135
1422 842
3645 2889
1226 933
1184 1020
3420 3214
1325 954
1396 915
1472 972
1310 1129
1413 1026
1297 1236
1318 1339
1531 1152
1495 1272
1436 1331
1577 1226
1610 1327
1638 1356
1603 1426
1409 1705
1949 1223
1375 1875
1961 1258
1677 1425
1752 1408
2264 1174
1653 1518
1790 1432
1722 1469
1766 1458
1701 1550
1987 1383
1169 2811
1670 1610
1705 1637
1944 1460
1841 1543
2001 1461
1947 1489
1862 1584
2130 1430
2006 1506
1794 1674
2066 1567
2041 1607
2115 1575
2099 1608
1931 1897
2150 1690
2273 1605
1989 1899
2302 1660
2228 1752
2203 1768
2717 1474
2294 1733
2347 1704
2326 1759
2325 1778
2073 2034
2289 1841
2218 1941
2352 1807
2245 1939
2358 1827
2346 1902
2371 1865
2201 2028
2456 1794
2532 1964
2413 2093
2579 1978
2354 2183
2547 2061
2472 2128
2587 2213
2627 2179
3290 1857
2711 2147
2553 2283
2675 2188
2657 2262
2861 2170
2661 2330
2665 2410
2971 2221
3181 2182
3007 2272
2990 2298
2702 2562
2845 2424
2868 2433
3014 2333
2879 2481
2871 2529
2950 2575
2843 2683
3261 2353
3208 2399
3158 2428
2956 2655
3121 2528
3079 2693
3061 2756
3026 2797
2640 3181
2963 2922
3370 2754
2786 3151
3376 2803
3460 2792
3570 2783
3171 3104
3537 2869
3592 2914
3485 3090
3548 3025
3650 3047
3532 3224
3700 2822
3063 3340
456750183 1431199262
1
sift 222
172 152
111 108
54 24
118 69
221 211
237 251
105 98
123 118
201 262
265 300
145 188
188 183
256 228
295 289
210 205
228 217
235 271
307 288
230 239
261 266
284 248
462 417
329 268
268 294
456 274
440 466
328 352
358 326
484 441
424 501
340 371
362 390
532 532
479 528
361 395
415 373
633 607
487 529
374 430
541 502
730 746
556 569
494 622
552 572
833 738
674 762
562 632
662 645
755 968
718 756
521 800
686 697
810 1034
728 774
699 780
707 879
856 1084
847 825
1135 649
841 836
1175 1048
807 901
798 978
904 899
1319 1028
900 913
886 1001
1012 907
1142 1162
948 1032
897 1030
1320 753
1115 1197
1001 1005
920 1046
979 1023
1265 1202
1065 955
1006 1013
846 1205
1105 1465
1058 1064
1071 1158
927 1196
1308 1263
1102 1104
1033 1266
1129 1080
1204 1443
1056 1328
1054 1429
932 1653
1380 1378
1262 1193
1200 1174
1030 1681
1427 1382
1373 1368
1737 1006
1244 1357
1405 1421
1322 1497
1209 1403
1348 1524
1545 1345
1481 1385
1386 1499
1364 1542
1432 1548
1352 1593
1170 1974
1518 1388
1526 1450
1489 1483
1350 1803
1439 1618
1684 1544
1399 1682
1857 1437
1433 1639
1412 1980
1304 1825
1850 1555
1532 1689
2147 1754
1905 1319
1721 1817
1541 1728
1952 2043
1549 1755
1736 1852
1539 1779
1915 2085
1575 1723
1764 2216
1608 1707
1938 2273
1393 2391
1863 2190
2022 1604
2004 2212
1807 1766
2115 2010
1403 2539
2260 1957
1740 1951
2176 2011
1821 1914
1719 2702
1935 1858
2056 2171
1813 2162
2034 2485
2046 1943
2413 1925
2036 1955
2212 2668
1804 2257
1993 2425
1585 2747
2098 2964
1963 2181
1947 2513
1986 2185
2192 3017
1918 2480
2138 2261
2233 2095
2932 2461
1877 2577
2258 2127
2061 2340
2172 3741
2293 2376
2141 2453
2210 2426
2431 3111
2281 2406
2089 2664
2415 2319
2972 2994
2088 2797
2262 2817
2936 2121
3182 3225
2251 2798
2500 2602
2449 2566
3287 3141
2417 2682
2244 2929
2191 3048
3371 3244
2422 2878
2967 2588
2430 2934
3411 3375
2478 2937
2243 3583
2762 2809
3501 3377
2400 3614
3211 2830
2702 3390
3462 3847
2694 3478
2758 3359
3024 3104
3502 4059
2919 3242
2900 3305
3602 2779
3002 3813
3265 3264
3374 3228
3585 3174
3250 3746
3201 3855
3547 3835
3537 3475
3464 3965
3530 3943
456750183 1472528885
1
sift 106
268 286
265 250
138 220
856 898
237 279
532 416
314 240
261 284
1883 1343
295 302
730 703
307 297
258 369
1719 1905
424 441
849 743
440 426
743 628
1938 2152
479 471
1175 872
487 485
1199 1141
2267 1855
552 539
1142 966
674 529
1386 1801
2361 1759
718 678
1490 1165
728 702
1761 1931
2004 2122
807 767
1685 1036
847 773
1708 2088
2192 2298
900 882
1519 1404
1012 800
1947 1880
2431 2753
1030 794
1915 1670
1001 903
2115 1896
927 958
1950 1723
1055 945
2413 1761
1102 915
2172 1700
1058 995
2367 2769
1393 808
2932 1987
1150 1105
2702 3436
1580 893
2393 2349
1129 1248
3208 2858
1322 1094
3287 2313
1177 1276
1373 1210
3371 2845
1571 1192
1387 1511
3501 2936
1439 1473
1539 1392
3502 3525
1532 1424
1541 1423
1608 1378
1575 1516
1433 1844
1549 1747
1740 1572
1872 1743
1807 1814
1935 1741
1777 1992
1986 1864
1804 2060
1878 2075
1784 2221
2061 2125
1813 2354
2422 1934
2281 2073
2233 2267
2402 2139
2069 2536
2251 2966
2919 2248
2694 2872
3257 2815
3479 2577
2980 3326
3585 3026
3481 3353
3464 3430
456750183 1584042216
1
sift 102
268 297
295 269
1708 2530
307 294
222 389
375 410
424 429
532 425
406 469
440 435
750 612
488 480
479 484
849 727
674 583
728 648
834 815
718 669
927 575
856 920
932 701
847 782
987 1072
807 835
1001 848
1115 1019
1012 905
1030 930
1142 1049
1102 859
1173 868
1684 1083
1233 992
1150 1125
1380 1421
1580 935
1129 1297
1519 1494
1373 1069
1322 1135
1432 1582
1250 1184
1393 1113
1915 1580
1608 1099
1364 1393
2172 1498
1571 1162
1548 1375
2361 1583
1541 1456
1518 1489
1952 1983
1439 1569
1532 1485
1938 2084
1539 1501
1575 1492
2034 2145
1606 1785
1784 1618
2004 2347
1740 1658
1872 1579
2050 2425
1877 1575
1813 1620
2932 1773
2305 1396
2036 1651
2147 2928
1777 2091
1986 2001
2431 2640
2061 2041
2022 2210
2393 2691
2233 2029
2230 2056
3287 2202
1963 2433
2185 2251
2972 2463
2281 2216
2430 2078
2705 2788
2422 2194
3257 2080
3053 3008
2088 3344
2401 2708
3502 2853
2251 2993
2919 2505
3462 3439
2694 2764
3203 3052
3585 2903
3464 3288
3237 3629
3396 3748
3481 3720
456750183 1647351560
1
sift 93
237 230
230 239
240 249
302 283
271 247
362 403
396 428
429 354
415 394
399 482
695 267
475 422
535 665
530 438
528 519
657 640
507 739
693 601
770 870
1040 628
886 790
862 841
843 974
792 990
1262 1168
918 912
956 894
1304 1310
920 979
1163 1149
1400 1297
1200 1193
1209 1519
1489 1252
1244 1563
1503 1260
1352 1475
1350 1553
1433 1427
1481 1434
1386 1539
1439 1508
1532 1658
1499 1454
1737 1245
1322 1990
1516 1719
1170 2681
1821 1609
1675 1734
1604 1822
1528 2202
1654 1925
1905 1810
1796 1909
2027 1812
1740 1989
2051 2033
2089 1805
1764 2154
2159 2312
1721 2254
1765 2266
2308 2380
1857 2246
2205 1915
2449 2315
1947 2262
1507 3183
2417 2526
2141 2116
2056 2304
2478 2719
2055 2520
2138 2491
2182 3089
2258 2396
2115 2665
2936 2616
2696 2335
2367 2894
2922 2781
3580 2554
2762 3041
2790 3057
2527 3373
2703 3625
3157 3316
3302 3212
3530 3125
3548 3223
3613 3285
3537 3935
456750183 1664374466
1
sift 824
75 86
13 20
8 14
136 179
28 31
9 15
114 136
33 37
17 32
160 159
55 53
45 43
172 183
194 198
47 49
217 216
62 69
66 56
235 215
218 239
63 65
248 277
88 122
71 71
266 229
237 227
73 75
291 325
103 113
76 84
275 253
242 234
78 80
282 342
105 126
82 92
284 272
295 293
89 95
354 324
188 169
87 99
342 344
304 299
101 102
397 435
205 184
120 107
471 503
314 323
106 121
560 506
261 252
108 127
585 520
366 360
126 133
612 532
340 309
125 140
594 565
383 370
127 144
633 548
400 356
131 137
716 535
406 394
128 153
713 617
422 371
132 149
593 833
394 407
200 125
755 664
424 399
141 160
758 671
440 414
138 166
708 760
479 441
152 170
644 906
487 451
167 167
751 795
453 577
151 180
829 782
576 574
174 162
856 820
622 516
148 233
849 786
659 612
190 201
705 1061
507 648
191 207
833 851
674 639
197 218
832 1062
654 539
230 199
1050 1001
718 661
195 235
1086 984
572 642
179 270
1142 1037
728 659
234 204
1228 1204
661 587
215 217
1211 1149
774 689
211 222
1265 1184
686 720
231 211
1405 1213
779 732
204 240
1292 1280
841 709
216 237
1282 1391
709 854
246 224
1308 1442
799 766
240 230
1380 1386
807 769
233 241
1404 1367
866 730
219 251
1567 1278
872 828
277 242
1933 1305
925 837
281 249
1519 1468
900 873
272 281
1719 1472
932 864
276 274
2044 1164
913 902
253 311
1844 1441
897 949
286 278
1601 1631
899 996
297 266
2054 1365
1001 931
280 295
1883 1592
934 990
290 297
1746 1810
1030 911
315 290
1927 1720
1239 753
380 259
1678 2073
979 982
316 319
2297 1501
1022 967
351 322
1851 1892
989 986
381 303
1896 1886
1012 991
360 345
1724 2193
1058 1046
358 355
1950 1936
1280 835
374 373
1916 1983
1096 1040
413 354
1938 1998
1073 1002
426 352
1988 2084
1173 994
350 427
1943 2154
1181 942
411 390
2105 2180
1127 1043
408 398
2349 1990
1102 1100
389 421
2180 2456
1144 1083
433 402
2015 2546
1146 1088
459 383
2192 2441
1129 1136
431 405
2351 2372
1271 1028
407 440
1996 2809
1307 1112
519 368
2364 2383
1037 1355
472 408
2360 2413
1167 1267
491 411
2393 2376
1208 1181
454 446
2098 2837
1290 1141
467 450
1982 3386
1262 1252
499 436
2538 2667
1243 1170
457 480
2396 2498
1430 1089
511 445
2331 3083
1320 1174
512 443
2612 2554
1293 1318
521 447
2603 2639
1393 1220
646 413
2260 3483
1348 1322
489 487
3328 2991
1322 1361
468 526
2705 2868
1364 1346
554 465
3037 3372
1433 1382
536 478
3433 2512
1399 1389
485 575
3405 3066
1177 1736
555 477
3334 2641
1439 1432
502 553
3568 2770
1532 1366
601 469
3183 3297
1481 1431
557 514
3474 3676
1571 1415
596 491
3462 3629
1257 1694
567 512
3420 3715
1494 1516
530 570
1518 1503
602 529
1539 1486
590 545
1549 1510
562 582
1508 1532
643 556
1541 1632
634 573
1575 1629
663 550
1645 1507
550 668
1554 1709
637 626
1727 1475
617 646
1608 1610
693 589
1740 1585
640 637
1708 1642
615 666
3147 1057
735 549
1461 2114
681 616
1807 1582
672 627
1813 1718
715 598
1660 1812
701 618
1872 1793
707 621
1925 1659
828 525
1777 1967
699 630
1528 2344
600 830
1921 1845
879 547
1403 2830
717 681
1863 1907
679 741
1848 1920
647 822
1850 1927
675 746
1821 2011
665 773
1935 1926
916 567
3490 1265
743 678
2021 1870
725 715
1619 2349
697 813
1986 1946
769 686
2088 1859
733 762
3163 1380
794 710
1823 2147
744 768
1784 2220
762 750
2305 1703
911 638
1932 2058
787 735
2061 1969
710 909
1991 2048
988 657
2519 1608
877 771
2036 2032
863 794
1985 2139
811 845
2089 2089
996 717
2046 2188
908 793
2185 2068
884 826
2038 2261
892 819
2176 2130
882 834
2710 1758
1021 729
2304 2112
941 810
2107 2274
864 890
2322 2123
712 1101
2281 2243
974 801
2210 2248
839 923
2156 2427
977 812
2290 2271
994 803
2259 2314
823 958
2132 2448
845 932
2233 2421
1007 815
2407 2238
1124 697
2449 2315
917 905
2426 2246
887 956
2422 2379
997 856
2316 2589
1066 777
2430 2539
920 925
2397 2625
904 954
2751 2298
1000 880
2251 3114
1005 886
2471 2816
1081 797
2942 2339
914 995
2533 2978
1020 907
2250 3365
924 993
2353 3443
949 992
2759 2693
938 1023
2478 3213
1061 915
2856 2648
1054 944
3034 2594
1040 966
2836 2670
1033 975
2653 3234
888 1157
2758 2817
775 1377
3357 2578
1032 1004
2747 3020
1006 1073
2694 3385
1143 926
2696 3495
1106 963
3052 3157
1121 971
3237 3160
1194 950
3538 2621
1038 1147
3144 3298
1119 1036
3396 2985
1309 938
2480 3740
1074 1110
2936 3598
1151 1038
3547 2902
1076 1216
3241 3460
1325 1009
3311 3384
825 1744
3257 3554
1230 1053
3391 3390
1215 1085
3464 3549
1122 1236
1502 977
1200 1156
1184 1212
1359 1063
1094 1373
1199 1249
1244 1231
1267 1215
1438 1059
1450 1058
1832 887
1245 1269
1396 1113
1190 1338
1456 1076
1623 1005
1237 1362
1310 1325
1422 1180
1225 1392
1334 1327
1297 1410
1507 1191
1261 1438
1478 1233
1756 1017
1411 1315
1407 1344
1428 1353
1649 1104
1492 1312
1413 1375
1386 1414
1464 1350
1755 1094
1497 1403
1371 1527
1557 1374
1436 1506
1483 1480
1511 1457
1546 1421
1516 1467
1531 1450
1797 1222
1495 1499
1426 1586
1592 1426
1462 1571
1881 1261
1577 1483
1409 1795
1339 2004
1602 1526
1610 1515
2134 1218
1635 1541
1625 1624
1884 1446
1923 1419
1603 1685
1632 1639
1652 1633
1674 1621
1745 1559
1799 1545
1663 1664
1694 1647
1736 1612
2059 1422
1721 1650
1566 1938
1677 1724
1718 1695
1588 1911
1854 1565
1789 1640
1752 1670
1653 1784
2109 1454
1766 1678
1698 1777
1701 1826
1742 1769
1670 1864
1820 1699
1722 1835
1750 1805
2084 1534
1748 1833
1951 1661
2041 1593
1782 1832
2037 1611
1583 2166
1514 2369
1840 1808
1775 1884
1987 1676
1705 2018
2085 1666
1961 1780
1815 1941
1717 2085
1794 2003
1949 1844
1816 1973
1934 1883
1646 2231
1976 1857
1968 1866
1835 1996
2130 1710
2006 1855
2020 1846
2127 1729
2058 1831
2164 1722
1975 1913
1841 2071
1944 1981
2100 1822
2001 1931
2039 1922
1801 2186
1636 2432
1917 2082
2073 1939
2235 1779
2026 1987
2227 1791
1887 2138
1895 2124
1947 2103
2115 1919
2033 2034
2040 2036
1962 2094
1973 2087
1993 2092
1555 3069
1758 2386
2067 2066
2186 1963
2099 2053
2066 2119
2189 1986
2214 1975
1862 2353
2138 2051
1983 2215
2052 2191
2150 2131
2513 1820
2228 2062
2095 2196
2025 2286
2215 2095
2902 1660
2219 2122
2057 2318
2294 2083
2238 2137
2405 1985
2534 1897
2184 2214
2248 2170
2462 1968
2000 2491
2165 2293
2302 2183
2273 2234
2128 2411
1643 3583
1931 2737
3048 1772
2224 2340
2347 2224
2354 2221
2326 2260
2288 2307
2377 2245
2617 2059
2492 2178
1829 3322
2466 2202
2585 2169
1866 3408
1928 3220
2355 2400
2410 2332
2371 2396
2459 2331
2421 2367
2346 2516
2809 2126
2390 2460
2246 2687
2201 2774
2854 2165
2032 3380
2577 2355
2717 2241
2579 2366
3216 2044
2493 2466
2310 2703
2532 2474
2509 2532
2264 2901
2510 2536
2547 2505
2477 2591
2564 2513
2506 2600
2518 2579
2243 3113
2568 2545
2573 2557
2635 2519
2583 2584
2627 2541
2639 2528
2587 2592
3449 2099
2491 2714
2507 2700
2517 2730
2675 2570
2674 2574
2625 2640
2742 2533
2645 2620
2565 2756
2574 2778
2665 2656
2700 2658
2879 2543
2527 2929
2553 2890
2791 2618
2637 2807
2457 3189
2567 2989
2474 3211
2909 2626
2657 2858
2611 3105
2711 2856
2428 3468
2707 2892
2415 3522
2861 2773
2844 2805
2971 2712
2871 2819
2976 2718
3113 2650
3181 2608
3139 2642
2862 2888
2508 3532
2827 2974
2905 2912
2954 2847
3014 2822
2886 2994
3187 2696
3103 2759
3582 2412
2702 3347
3007 2942
2999 2954
3092 2880
3261 2765
3190 2824
3028 3001
3290 2735
2628 3561
3119 2913
3133 2925
2939 3187
3091 2981
2811 3419
2956 3249
3088 3050
2640 3596
3212 2960
3121 3093
3009 3265
2868 3484
2860 3505
3206 3111
2656 3645
3366 2922
3666 2515
3110 3258
3158 3227
3074 3337
3293 3088
3319 3051
2938 3514
3236 3246
3045 3457
3360 3099
2990 3520
3272 3259
3079 3472
2950 3600
3155 3480
2793 3681
2964 3615
3208 3473
2996 3637
3461 3312
3198 3593
3633 3016
3370 3533
3063 3707
3533 3407
3000 3723
3419 3591
3639 3294
3376 3683
3613 3541
3580 3594
3637 3563
3548 3659
3592 3632
3558 3656
3570 3654
3694 3341
3667 3610
3669 3720
3542 3736
3700 3731
456750183 1724217577
1
sift 161
256 204
237 259
28 27
62 66
268 263
314 198
71 83
169 223
284 269
295 268
232 174
233 201
484 304
307 267
261 240
281 262
532 390
304 295
358 305
346 365
730 587
406 353
511 407
424 401
850 737
440 406
536 513
479 445
834 772
487 447
572 652
556 518
1308 1275
674 595
752 666
718 659
1427 1290
728 639
858 680
792 599
1380 1373
927 549
926 717
807 726
1519 1300
1012 762
897 874
1320 614
1526 1393
1001 834
979 915
900 946
1432 1490
1058 868
1451 821
1030 956
1684 1247
1102 918
1044 1392
1551 813
1412 2100
1129 1086
1343 1199
1056 1339
1719 1871
1393 1006
1237 1345
1177 1282
1915 1782
1580 961
1396 1619
1373 1163
1950 1908
1364 1190
1543 1567
1387 1411
1938 2049
1548 1337
1721 1757
1608 1298
2034 1930
1481 1482
1654 1890
1439 1540
1883 2217
1571 1375
1708 2240
1532 1461
2004 2140
1606 1352
2413 1622
1518 1483
2361 1753
1541 1516
1863 2153
1539 1529
2050 2094
1304 1880
1947 2078
1575 1554
2932 1864
1460 1686
2262 1912
1433 1844
2147 2745
1466 1821
2205 2234
1740 1576
2431 2708
1872 1573
2436 1972
1549 2017
2393 2868
2504 1330
2115 2585
1813 1813
3287 2314
2036 1678
2799 2826
3080 1235
2705 2683
1494 2573
3453 2448
1807 1931
2800 2598
1784 2023
2900 3163
1848 2041
3471 3269
2182 1730
3420 2953
1986 1942
3462 3510
1878 2117
3208 3479
1963 2066
3411 3837
2061 2187
2305 1965
3321 3988
2233 2127
2096 2662
2422 2360
2088 2834
3202 1971
2069 3042
2430 2637
2401 2795
2919 2503
2417 3134
3203 2577
3547 2390
2251 3952
3479 2562
2796 3071
3144 3009
2980 3211
2694 3981
3481 3202
3538 3341
3464 3786
456750183 1735922398
1
sift 159
268 325
111 105
180 185
161 211
484 393
237 267
271 244
273 297
532 475
295 284
297 294
307 304
456 712
424 466
429 321
361 407
716 529
440 467
611 277
415 403
730 658
462 499
412 463
479 510
595 807
488 521
528 524
494 661
750 655
674 719
521 702
728 691
713 920
718 756
622 893
823 703
833 780
847 792
886 769
785 881
856 1124
807 879
846 989
900 915
1175 969
1012 901
904 957
1001 932
1115 1114
932 1100
559 2364
927 1119
1319 1033
1058 1044
1244 1432
1102 1051
1228 1118
1129 1127
1721 1876
1150 1291
1308 1371
1373 1261
1764 2024
1580 1117
1427 1301
1348 1547
1745 2310
1380 1437
1405 1431
1364 1541
2056 2096
1432 1519
1519 1596
1439 1569
1853 2333
1304 1769
1684 1429
1518 1493
2186 2220
1489 1646
1412 2427
1608 1515
2170 2349
1539 1662
1952 1921
1532 1673
2232 2634
1433 1798
1915 1967
1541 1686
2262 2727
1549 1684
1950 2109
1575 1711
2244 2807
1571 1746
1938 2268
1466 1969
2436 3513
1606 1756
2361 1983
1494 2021
3211 2892
1619 1817
2004 2418
1551 1994
3412 2798
1393 2328
2034 2623
1697 1791
3374 3355
1777 1812
2212 2538
2417 1417
3645 3983
1807 1846
2932 2128
2425 1446
1877 1885
2199 3121
1813 1968
1935 1913
2431 2803
2226 1722
1821 2112
3287 2312
2036 2006
1784 2365
2972 2581
2022 2122
1872 2308
3259 2656
1963 2393
2061 2318
3183 3234
1804 2632
2233 2142
3502 3106
1994 2450
2293 2286
3471 3267
2281 2483
1918 2925
3462 3502
2088 2745
2422 2574
3501 3684
2430 2604
2251 3161
3479 2347
2694 2760
2596 3154
2980 3082
3202 2946
2919 3496
2766 3631
3585 2909
3464 3650
3481 3879
456750183 1911602604
1
sift 83
172 216
304 318
195 252
633 550
233 248
755 644
307 340
258 410
1950 1900
340 316
730 792
440 427
434 601
1719 2246
424 519
1308 1226
479 515
512 517
3420 3429
601 510
1490 1488
718 704
602 511
661 513
3053 3449
728 729
609 767
743 670
3501 3121
847 797
1096 718
900 889
1058 1092
1199 1426
1102 1076
1129 1266
1290 1354
1167 1275
1322 1199
1396 1316
1177 1600
1348 1470
1386 1441
1364 1466
1532 1287
1546 1377
1439 1657
1433 1672
1653 1681
1541 1683
1575 1615
1841 1583
1539 1720
1549 1971
2006 1532
1740 1690
1986 1565
1708 2148
1784 1753
1935 1887
1761 2096
1850 2108
2185 2174
2346 1889
2323 1917
2061 2325
2228 2018
2210 2287
2281 2339
2532 2222
2397 2492
2233 2778
2304 2636
3144 2223
2430 3199
2702 2987
3208 2849
3396 2821
3089 2952
3014 3240
3464 3324
3110 3202
3206 3313
456750183 2046133546
1
sift 172
14 30
56 69
103 110
172 191
106 134
235 260
237 266
105 165
284 290
138 202
268 329
265 255
196 207
354 299
159 246
484 441
314 312
233 233
340 310
261 281
730 777
307 334
290 313
834 805
281 319
849 874
406 343
258 410
1175 939
440 433
1142 1169
424 515
422 540
1290 1371
479 503
1490 1325
487 493
512 542
1580 1084
602 508
1412 1737
674 708
601 534
1606 1264
567 547
1519 1688
718 713
842 568
1571 1423
672 725
1883 1539
728 720
622 840
1608 1579
743 697
1719 2168
774 773
752 801
1850 1817
807 793
1950 1991
847 832
866 845
1804 1987
1054 783
1952 2137
900 931
925 884
1872 1978
1012 861
1938 2170
1030 878
854 1152
1877 2278
1001 929
1916 2327
1055 965
1088 1210
2351 1881
927 1137
2603 2304
1031 1126
1422 937
2036 2319
1102 1050
2393 2566
1058 1185
1438 954
2758 3308
1233 1097
3182 3076
1393 997
1199 1273
3420 2794
1150 1258
3501 3349
1322 1217
1396 1413
2911 3368
1129 1509
3502 3431
1177 1527
1310 1749
3391 3236
1373 1378
1364 1414
2006 1536
1348 1552
1548 1377
1603 1894
1518 1497
1439 1626
1766 1770
1921 1222
1433 1722
1961 1643
1532 1678
1575 1729
1949 1660
1541 1850
1740 1704
1753 1908
1807 1762
1784 2028
1825 1837
1701 2052
2088 1838
1708 2089
1986 1946
1813 2222
1947 2102
1918 2119
2182 1914
2099 1961
2115 2021
2185 2056
2228 1973
1963 2397
2061 2336
2887 1925
1935 2517
2281 2346
2302 2375
2532 2216
2069 2894
2426 2348
2233 2640
2251 2686
2352 2555
2422 2577
2430 2711
2358 2753
2472 2739
3311 2281
2289 3119
2919 2505
3203 2429
2702 3315
3144 2798
2980 3309
3181 2804
3208 2884
3002 3408
3158 3209
2767 3590
3479 2978
3261 3147
3396 3167
3482 3483
3198 3399
3319 3317
3110 3597
456750183 2080441786
1
sift 440
154 141
218 259
2 7
456 617
268 287
43 43
160 158
265 295
48 52
620 639
295 309
66 67
449 472
307 306
71 89
644 1091
406 365
85 65
532 559
314 304
83 94
987 947
455 443
89 112
730 749
394 263
103 106
1011 970
462 550
106 123
716 778
440 432
127 118
1324 1378
508 529
138 156
755 776
424 475
132 176
1432 1496
674 717
188 152
708 926
479 496
167 196
1527 1568
973 1037
180 183
833 833
556 590
173 203
1933 1294
927 1231
179 231
668 1257
792 605
196 225
1412 1849
1031 1152
231 209
832 1441
718 740
210 222
2361 1605
1142 1155
233 240
1175 980
728 771
216 250
2004 2072
1056 1301
240 239
1319 943
807 825
230 253
1952 2342
1115 1193
250 252
1228 1244
847 823
261 288
2267 2046
1250 1270
239 328
1308 1308
770 949
271 299
2192 2851
1373 1304
290 307
1378 1383
932 908
272 324
2360 2998
1393 1329
281 314
1424 1349
900 938
292 330
2604 2738
1249 1530
315 313
1427 1414
1001 946
277 378
2098 4030
1518 1401
339 337
1380 1486
948 1007
331 385
3235 2560
1365 1583
330 404
1526 1556
1012 955
360 387
2383 3508
1548 1465
361 391
1519 1642
899 1112
358 417
2431 3476
1580 1492
381 395
1684 1712
1030 1029
415 381
2777 3392
1608 1502
389 402
1982 1649
1058 1024
373 445
3577 3025
1606 1593
433 408
1637 1994
1102 1049
345 490
3411 4358
1466 1932
374 457
1915 1912
1173 1055
411 437
1921 1531
408 449
1719 2333
1150 1139
428 435
2022 1669
444 474
1882 2204
1129 1198
412 540
1960 1768
475 464
1938 2222
1551 959
567 397
1813 1953
359 628
1678 2982
1177 1245
467 489
1872 1996
494 538
2050 2444
1262 1208
600 471
1963 1961
528 536
1896 2755
1461 1213
497 576
1918 2100
539 562
2212 2522
1322 1430
555 557
1878 2422
536 597
2364 2332
1208 1548
603 552
2182 2171
530 603
2034 2950
1697 1143
643 541
2503 2004
712 514
2393 2624
1348 1540
619 591
2178 2354
512 734
2172 3673
1481 1384
616 635
2231 2435
615 644
2705 2735
1364 1543
763 561
2293 2391
610 709
2612 2892
1439 1495
672 664
2069 2839
686 682
2932 2848
1400 1619
707 666
1807 3497
797 631
3182 3150
1433 1688
828 654
2422 2650
679 809
3287 3261
1549 1592
697 784
2401 2888
743 764
3259 3302
1539 1638
654 904
2757 2743
722 797
3053 3795
1541 1672
842 715
2919 2717
752 781
3502 3359
1576 1631
785 798
2596 3651
993 731
3249 3918
1532 1691
998 726
2796 3330
723 969
3504 3437
1494 1872
866 831
3479 2785
877 848
3501 3866
1777 1624
823 913
2694 3964
966 830
3462 4203
1402 2214
925 874
3203 3782
979 880
1469 2234
904 957
2980 4112
951 929
1740 1751
800 1103
3311 3663
897 1015
1905 1746
1006 937
3519 3589
997 977
1804 1855
1033 968
3481 4283
937 1095
1707 2058
1320 818
3616 4297
1086 1132
1821 2047
1143 1076
1170 1071
1849 2052
1438 1075
1110 1396
1935 1991
1292 1255
1199 1381
1986 2076
1214 1373
1244 1382
2036 2044
1306 1369
1195 1482
2125 2015
1121 1617
1434 1233
2061 2274
1267 1454
1284 1448
2751 1709
1237 1476
1286 1466
2047 2510
1290 1636
1454 1474
2233 2395
1464 1478
1515 1501
2088 2916
1478 1581
1396 1673
2430 2795
1497 1628
1592 1560
2365 2983
1543 1675
1531 1725
2519 2804
1761 1659
1662 1747
2251 3326
1604 1897
1745 1735
2449 2959
1694 1788
1718 1758
2417 3032
1674 1825
1602 1957
3635 2666
1654 1876
1721 1807
3144 3256
1722 1841
1753 1881
3357 3114
1708 1938
1617 2172
2923 3705
1764 1985
1928 1801
3002 3770
1829 1906
1750 2023
3547 3112
1696 2136
2006 1783
3396 3990
1863 1958
1850 1993
3464 4265
1840 2088
1944 2033
1841 2193
2138 1886
1911 2157
1993 2094
2020 2107
1961 2192
1947 2236
2001 2180
1681 2662
2027 2238
2307 1940
2018 2277
1968 2364
2115 2199
2003 2377
1931 2521
2397 1987
2085 2338
2041 2520
2186 2310
2210 2318
2089 2509
2492 2039
2203 2394
2228 2389
2055 2674
3631 1634
2165 2547
2290 2398
2782 1982
2245 2496
1998 2786
2227 2586
2287 2524
2322 2530
2436 2386
2666 2314
2491 2506
3139 2104
1705 4370
1866 4050
2779 2460
3512 2109
2429 3079
2399 3141
2950 2639
2340 3312
2718 2792
2413 3314
2911 2809
2900 2870
2611 3376
3208 2801
2759 3322
2758 3385
3133 3064
3024 3222
2887 3552
3420 2946
2702 3914
3336 3055
3014 3436
3108 3615
3261 3419
3401 3229
3286 3426
3340 3327
3419 3479
3088 4061
3278 3930
3253 3974
2929 4331
3211 4197
3639 3491
3453 4068
3701 2988
3648 3633
3637 3863
3566 4155
3662 4062
3548 4317
