672853355 769617110
1
sift 928
82 67
78 75
16 9
72 40
60 47
19 11
385 389
104 112
20 12
115 99
67 54
22 13
411 504
193 190
21 15
323 284
65 69
24 14
435 509
253 203
29 20
429 470
123 117
32 24
892 867
246 253
37 25
487 521
134 126
33 28
856 906
325 296
41 32
549 605
185 154
45 35
926 963
356 370
47 37
657 862
172 174
46 43
870 1055
350 407
52 45
834 775
305 250
53 50
918 1097
365 429
59 49
832 860
324 305
57 56
1055 1190
389 404
62 52
894 865
309 350
70 71
1158 1218
469 621
75 80
951 948
390 356
83 68
1227 1395
637 579
88 83
952 991
358 573
99 81
1692 1140
562 747
102 91
967 990
578 560
106 105
1540 1344
721 695
116 108
1085 1191
580 593
125 127
1454 1509
736 762
143 124
1114 1166
558 629
152 147
1442 1530
767 940
155 144
1149 1236
624 595
145 169
1430 1664
989 1281
159 172
1205 1317
556 711
163 177
1489 1602
885 1699
170 170
1068 1629
662 681
173 166
1512 1586
1129 1196
177 159
1201 1407
702 699
191 152
2082 1329
1112 1235
158 198
1267 1508
738 679
162 191
2245 1243
1239 1467
165 186
1356 1460
831 687
181 168
1622 1801
1386 1390
178 176
1336 1519
771 788
166 197
1656 1767
1402 1642
169 193
1483 1594
833 819
189 182
1802 1870
1445 1632
186 196
1373 1786
836 877
183 205
1753 1956
1486 1648
213 201
1498 1674
902 847
205 224
2027 1891
1619 1532
216 225
1536 1651
891 1000
227 222
1815 2221
1516 1682
221 239
1557 1650
909 985
233 230
1977 2026
1564 1677
242 245
1966 1561
913 1238
202 309
2228 1882
1850 2261
222 281
1659 1885
1150 1310
267 247
2170 1922
1936 2293
250 261
1838 2078
1197 1354
258 259
2225 1902
2274 2312
254 265
2634 1569
1167 1420
268 255
2139 2025
2224 2479
252 271
1783 2300
1032 1935
265 264
2171 2071
2307 2442
247 293
1963 2039
1438 1461
255 299
2010 2366
2185 2798
287 302
2051 1992
1495 1450
302 322
1902 2563
2293 2818
308 328
2055 2234
1380 1554
306 331
2320 2063
2433 2905
263 452
2091 2402
1482 1481
341 298
2093 2397
3072 2385
284 409
2000 2519
1411 1785
349 294
2218 2308
2480 2991
290 380
2195 2446
1597 1694
330 329
2117 2793
2541 2995
301 394
2522 2453
1598 1770
366 316
3418 1887
2608 2937
327 358
2499 2613
1668 1763
314 401
2605 2577
2578 3129
328 395
3391 1964
1698 1791
355 373
3046 2159
3801 2214
352 382
3157 2077
1669 1838
387 357
3574 1955
2780 3264
374 388
2278 2978
1773 1854
376 391
2902 2468
2760 3326
369 415
2659 2716
2032 1839
362 427
2702 2710
3177 3046
386 406
2808 2730
2019 1862
344 518
3498 2315
2886 3340
480 369
2834 2851
1800 2100
402 456
2354 3543
3394 2949
425 443
2612 3127
1749 2226
405 464
3090 3166
2778 3481
416 446
2798 3001
1867 2034
353 538
2853 3476
3042 3329
413 458
3342 2891
1993 2002
437 455
3044 3291
3525 3312
541 412
3133 3330
1631 2664
436 490
3572 3109
3173 3824
351 626
2852 3809
1833 2428
586 390
3446 3583
3282 3737
458 471
3119 3618
1898 2525
439 495
3310 3865
3745 3429
438 498
3469 3395
2133 2395
430 507
3350 3966
3331 3943
452 565
3315 3667
2268 2265
525 512
3738 3763
474 563
3411 3749
2389 2144
465 575
3685 4136
491 545
3227 3946
2708 1959
410 655
3860 4155
571 508
3575 4140
2465 2403
471 588
528 540
2382 2634
518 580
597 524
2507 2689
506 594
553 571
2346 2841
476 639
501 616
2379 2837
604 541
583 562
2461 2828
508 624
569 599
2561 2769
596 582
652 550
2405 3072
613 601
460 749
2793 2694
594 618
585 635
2738 2989
592 631
639 609
2962 2985
620 636
664 608
2769 3217
658 633
655 642
3302 2826
747 578
654 662
3007 3055
674 650
670 665
2956 3171
692 654
775 590
2970 3638
691 682
697 685
3232 3373
685 702
563 842
2824 3928
772 637
735 674
3351 3586
724 691
667 739
3770 3282
690 728
688 730
577 878
740 692
728 714
713 724
785 676
733 725
521 1057
576 955
807 669
760 706
714 760
734 740
709 782
744 744
720 790
758 737
911 667
700 879
762 787
755 812
797 763
827 750
757 858
812 772
813 773
854 765
848 784
839 796
876 766
855 802
805 873
846 838
886 815
883 822
863 850
895 833
835 904
888 856
893 855
847 929
1006 757
860 921
917 864
869 927
749 1122
991 816
908 925
910 934
901 947
862 1006
921 939
814 1102
829 1090
884 1039
984 920
946 968
925 1007
810 1174
929 1004
949 983
980 967
959 1020
858 1168
1010 1013
964 1085
844 1292
1105 907
825 1342
899 1214
998 1060
1048 993
999 1067
1050 1003
942 1159
1045 1028
1057 1041
934 1227
1027 1109
1063 1137
1056 1151
1176 1046
1096 1115
1178 1048
1226 1042
1026 1320
1029 1300
1111 1152
996 1419
1037 1301
1100 1195
1231 1089
962 1550
1256 1092
1116 1215
1104 1254
1236 1124
1077 1299
1124 1233
1125 1252
1171 1246
1294 1149
1145 1294
1252 1197
985 1698
1173 1267
1340 1154
1095 1425
1278 1234
1179 1327
1286 1239
1238 1296
1221 1325
1183 1369
1175 1388
1177 1387
1310 1262
1271 1333
1374 1257
1127 1543
1248 1405
1384 1282
1351 1315
1207 1497
1471 1261
1166 1577
1285 1453
1277 1468
1316 1440
1163 1645
1156 1692
1245 1567
1151 1716
1372 1454
1995 1030
1326 1506
1569 1283
1379 1469
1281 1566
1331 1524
1449 1427
1477 1411
1532 1360
1391 1500
1209 1704
1253 1658
1312 1603
1444 1465
1441 1489
1359 1583
1382 1564
1428 1518
1370 1584
1358 1633
1435 1546
1216 1803
1518 1488
1398 1620
1461 1545
1585 1417
1515 1504
1633 1382
1087 2056
1583 1424
1412 1624
1531 1505
1352 1715
1665 1372
1474 1599
1283 1816
1484 1615
1450 1666
1560 1544
1468 1661
1567 1540
1854 1265
1425 1720
1470 1679
1613 1510
1658 1475
1480 1678
1389 1771
1661 1542
1548 1680
1191 2149
1764 1471
1539 1737
1514 1778
1566 1740
1895 1409
1608 1713
1746 1552
1545 1826
1561 1817
2065 1363
1544 1875
1671 1732
1636 1776
1726 1685
1621 1811
1647 1775
1629 1823
1651 1815
1790 1659
1524 1972
1225 2573
1788 1701
1612 1894
1500 2094
1711 1829
1507 2107
2351 1366
2476 1323
1734 1832
1958 1689
1752 1843
1747 1930
1748 1949
1775 1939
1745 1978
1846 1908
1821 1933
1903 1880
2289 1638
1845 1919
1858 1952
1781 2045
1920 1921
2262 1723
1785 2126
1588 2588
1844 2046
1424 2875
1941 1974
1816 2143
1714 2351
1723 2334
1736 2307
1809 2187
1782 2241
2101 1907
2247 1842
1851 2192
1759 2349
2329 1787
1973 2023
1866 2179
1771 2345
1928 2121
2023 2017
2059 2022
1961 2128
1901 2231
2126 1983
1950 2197
1879 2316
1925 2252
1799 2523
2053 2157
2178 2027
1814 2521
1855 2488
2068 2206
1980 2298
2258 1997
2153 2110
1990 2319
2015 2325
1818 2621
2050 2310
2380 1962
2198 2208
2243 2209
2034 2498
2891 1751
2144 2341
2148 2363
1871 2739
2085 2514
2180 2381
2345 2180
2443 2095
2012 2647
2254 2371
2335 2253
2202 2471
2152 2550
2317 2323
2300 2358
3300 1721
2169 2571
2690 1985
2440 2269
2174 2611
1929 2857
2215 2605
2374 2406
1979 2845
2115 2731
2666 2083
2141 2726
2429 2414
2508 2357
2249 2669
2670 2171
2539 2364
2257 2674
2284 2643
2096 2843
2182 2754
2386 2562
2453 2512
2457 2508
2472 2503
2349 2616
2347 2648
2610 2407
2462 2574
2519 2540
2469 2586
2330 2697
2450 2619
2455 2642
2319 2757
2306 2777
2260 2850
2452 2681
1987 3175
2378 2747
2340 2785
2558 2614
2361 2802
2547 2672
2427 2801
2594 2650
2597 2649
2650 2583
2187 3039
2432 2817
2481 2773
2479 2783
2794 2463
2998 2301
2944 2333
2501 2815
2540 2797
2248 3071
2881 2476
2776 2557
2441 2892
2559 2824
2743 2626
3147 2326
2488 2967
2697 2759
2657 2836
3056 2533
2370 3160
2584 2934
2729 2795
2748 2786
2746 2790
2710 2822
2712 2831
2720 2852
2437 3204
3025 2656
2276 3458
2705 2906
2601 3063
2676 2977
2795 2863
2603 3080
2735 2917
2715 2941
3522 2455
2546 3227
2779 2894
2892 2862
2878 2868
2953 2839
2707 3031
2973 2846
2833 2919
3257 2693
2544 3342
3013 2840
2466 3466
2661 3161
2565 3345
2804 2986
2495 3451
2768 3036
2415 3581
2850 2998
2564 3406
2686 3198
2714 3156
2904 2994
3122 2855
2859 3053
2765 3165
2711 3243
2934 3032
2709 3286
3030 2969
2682 3356
3091 2936
2897 3152
2975 3070
2875 3173
2933 3114
3126 2960
2947 3107
2941 3150
2906 3187
3034 3060
3252 2928
2884 3239
2825 3284
2858 3304
3416 2900
2527 3894
2925 3281
2805 3398
3053 3168
2909 3316
3234 3024
2979 3261
2414 4103
2861 3383
3148 3136
3060 3231
3211 3098
3068 3253
3136 3199
3023 3307
2903 3456
3183 3182
3065 3273
3409 3033
2895 3504
2965 3412
3002 3387
2978 3433
2929 3502
3359 3079
3035 3369
3078 3347
3264 3185
3535 3011
3096 3355
3142 3318
3325 3212
3162 3348
3367 3195
3190 3335
3484 3178
3106 3526
3086 3559
3266 3370
3165 3503
3202 3475
3120 3596
3297 3434
3138 3611
3362 3380
2899 3911
3298 3491
3347 3469
3178 3663
3179 3683
3215 3643
3224 3650
3160 3730
3334 3557
3182 3760
3193 3747
3556 3400
3622 3361
3587 3391
3240 3725
3839 3128
3247 3765
3189 3839
3477 3588
3159 3905
3256 3803
3336 3755
3638 3485
3063 4040
3476 3675
3441 3716
2994 4122
3495 3672
3617 3536
3645 3523
3474 3704
2984 4128
3368 3828
3612 3624
3715 3560
3478 3821
3258 4029
3370 3975
3308 4010
3586 3783
3610 3769
3230 4089
3566 3806
3710 3671
3088 4146
3538 3861
3218 4125
3601 3818
3541 3879
3468 4057
3624 3953
3613 3978
3747 3970
3656 4064
3804 3899
3759 3995
3684 4082
3743 4084
3657 4138
3764 4087
3816 4035
3838 4068
3831 4118
3750 4157
3847 4166
672853355 1537327672
1
sift 64
258 293
265 289
797 884
308 380
458 423
728 804
1326 1571
465 619
697 747
813 838
2294 2283
895 732
846 887
929 942
2254 2623
883 867
829 1084
1104 1267
2417 2696
1116 1539
1271 1422
1548 1375
2284 2969
1545 1786
1398 1722
1450 1886
2398 2885
1845 2041
1784 1795
2101 1673
2594 2976
1950 2289
1748 2015
2198 2368
2941 3438
1980 2244
2253 2929
2462 2760
3120 3505
2710 2991
2481 3519
3013 2933
3266 3395
3060 3113
2432 3762
2859 3191
3161 3728
2897 3283
2933 3323
3096 3319
3136 3979
3023 3742
3078 3472
3368 3704
3178 3971
2868 4111
3202 3886
3160 4116
3613 4009
3804 4061
3587 3882
3847 4134
3657 3998
3632 4078
672853355 1928484021
1
sift 232
45 51
49 66
216 252
52 62
59 70
88 98
233 270
102 92
116 127
436 515
268 292
143 145
144 160
471 623
341 387
181 196
214 245
509 708
352 426
265 274
258 278
691 599
430 613
308 357
376 405
501 902
733 660
397 483
458 485
762 675
785 749
439 520
465 582
657 930
797 818
594 651
583 668
690 1072
807 825
518 746
476 820
941 1070
839 904
626 792
674 769
810 1437
980 1001
772 683
697 764
1548 1315
964 1069
728 774
801 779
1277 1737
962 1077
760 863
855 788
1398 1678
1175 1275
876 794
755 928
1711 1749
1358 1474
813 850
846 844
2153 1822
1285 1603
883 865
895 874
1809 2211
1507 1417
829 1036
910 960
1901 2143
1421 1586
929 951
1057 892
2335 2150
1531 1492
1176 936
949 1426
2452 2650
1621 1544
1090 1182
1104 1220
2434 2688
1484 1714
1173 1185
1171 1251
2698 2825
1411 1971
1351 1167
1125 1359
2481 3105
2202 1558
1116 1372
1278 1230
2833 2723
2351 1598
1137 1418
1271 1342
2714 2968
1785 2124
1261 1363
1326 1317
2573 3398
2956 1810
1177 1518
1286 1414
3013 2978
2347 2657
1127 1863
1539 1777
2711 3359
2416 2727
1636 1746
1450 1962
3096 3210
2804 2276
1545 1878
1598 1838
2601 4009
2776 2323
1784 1718
1696 1843
2909 3510
2257 2996
1748 1853
2101 1753
2795 3624
2594 2664
1866 2029
1845 2121
2978 3536
2547 3102
1980 1963
2152 1864
3495 3149
2770 2971
1851 2448
1951 2299
3617 3078
2743 3041
2085 2165
1990 2314
3165 3630
2657 3254
2114 2197
2015 2315
3035 3860
3214 2850
2068 2324
2059 2382
3645 3387
2850 3222
2429 2002
2294 2177
3587 3847
2941 3203
2353 2237
2144 2525
3610 3921
2825 3367
2300 2447
2455 2317
2858 3496
2558 2236
2670 2215
3053 3589
2597 2406
2169 2953
3162 3495
2462 2613
3056 2011
3266 3386
1920 3405
2525 2767
3230 3907
2284 3021
2538 2800
3043 4171
2746 2631
2715 2742
3586 3789
2682 2813
2253 3485
3358 4152
2661 2921
3179 2549
3764 3828
2432 3336
2973 2747
3522 2355
2603 3145
3168 2630
2488 3349
2710 3084
2859 2955
2897 3000
2765 3119
2892 3016
2686 3384
3002 3233
3120 3132
2940 3396
2979 3361
3023 3472
3136 3366
3060 3508
3202 3551
3368 3613
3810 3161
3298 3684
3780 3209
3235 3769
3252 3755
3058 3989
3063 4040
3334 3768
2965 4156
3441 3935
3189 4161
3722 3745
3612 3886
3613 3899
3621 3947
3622 3975
3656 4137
3750 4145
3831 4090
3804 4133
3838 4104
672853355 2119627969
1
sift 148
42 45
40 35
11 7
411 466
67 72
82 82
77 108
101 114
488 500
123 134
435 464
787 828
265 227
879 932
429 481
568 517
1504 1583
472 523
1055 1364
501 728
856 869
2828 1348
523 738
1185 1163
641 697
1692 897
2740 1671
728 692
1348 1942
690 765
1276 1373
1936 2591
801 681
1512 2006
797 804
1442 1619
2368 2434
863 775
1490 2293
807 803
1540 1663
2480 2998
813 829
1909 2106
929 929
2082 1240
2760 2953
823 1077
2016 2295
928 976
1430 1814
2778 3627
941 1043
2091 2614
1149 835
1622 1773
3042 3767
1155 970
3038 2076
1077 1190
1478 2185
1104 1407
2902 2530
1182 1345
1977 1785
1548 1152
2853 2917
1484 1332
2218 1884
1539 1312
2636 3309
1375 1579
2170 2239
1277 1779
3685 2767
1450 1673
2228 2806
1784 1419
3044 3407
1451 1891
2320 2873
1668 1784
3446 3273
1621 1853
2834 2421
2101 1669
3738 4102
1748 1916
3572 3040
1669 2043
1901 2034
3878 2735
1848 2150
2417 1865
3872 3387
2055 2366
2000 2677
3895 3342
1899 2942
2481 2547
3896 3496
2462 2718
2547 2711
2452 2809
2714 2568
2684 2740
2015 3700
2594 2896
2720 2885
2797 2860
2612 3167
2851 2871
2833 2891
2859 2931
2738 3099
3307 2679
2965 2963
3053 2905
2978 3071
3160 2999
2755 3486
2825 3439
2899 3432
2987 3340
3357 3054
3035 3393
2795 3752
3138 3515
3161 3510
3334 3421
3652 3137
3347 3464
3165 3664
3541 3286
3152 3686
3645 3216
3336 3670
3472 3575
3202 3872
3258 3838
3360 3763
3617 3589
3486 3749
3684 3663
3358 3980
3759 3591
3624 4043
3847 4201
