748678880 756063153
1
sift 65
51 36
123 121
145 167
147 125
182 191
161 169
189 185
155 218
239 220
298 254
532 461
352 316
365 374
1336 871
400 415
413 482
1211 971
472 442
488 487
1279 1417
526 440
571 588
1454 1331
859 715
916 1228
1585 1559
1057 1051
1093 1184
2155 2108
1076 1295
1265 1274
2401 2460
1214 1490
1356 1500
2814 3005
1620 1670
1718 1656
2959 3043
1673 1767
1666 1919
3249 3084
1711 1945
1904 1746
1926 1741
1951 1823
1781 2211
1644 2576
2252 2155
2026 2448
2230 2299
1852 2842
2178 2408
1841 3124
2301 2485
1973 3075
2595 2486
2743 2409
2524 2914
2396 3234
2979 2653
2826 2783
2675 3348
3408 2896
2918 3411
3498 3369
748678880 768479201
1
sift 133
512 470
284 234
122 80
656 667
135 126
1127 1227
378 375
145 138
989 848
165 173
1307 1256
435 341
217 167
1108 1040
239 197
1660 2330
668 722
247 250
1229 1243
302 286
2023 1988
1006 837
352 319
1614 1041
365 334
2622 1983
1120 1019
400 360
1496 1495
532 395
2551 2464
1267 994
488 438
1437 1769
663 476
2745 2597
1110 1267
571 613
1573 1676
720 666
2926 3097
1178 1225
708 799
1836 1657
776 713
3426 2852
1550 970
859 657
2013 1654
799 732
3614 2789
1381 1290
924 760
1943 1747
984 899
3632 3295
1310 1428
1476 661
2049 1914
916 1076
3503 3451
1255 1512
1093 1153
2091 2200
1076 1224
1351 1416
1211 1270
1988 2670
1314 1220
1510 1426
1356 1272
2401 2333
1432 1331
1528 1548
1214 1615
2333 2439
1615 1494
1592 1720
1454 1850
3098 2451
1324 2180
1701 1677
1662 1652
2814 2751
1547 1878
1694 1794
1910 1637
3272 3326
1666 1861
1632 1975
1815 1943
1856 1751
1811 1864
1602 2350
2121 1791
1740 2226
1977 2003
2155 1831
2053 2176
2027 2140
1973 2198
2254 2208
1874 2320
1931 2420
2183 2331
2742 1741
2475 1945
2307 2248
2199 2222
2420 2029
2684 2378
2367 2345
2252 2494
2397 2859
2035 3203
2665 2427
2726 2501
2743 2785
2830 2497
2780 2551
3256 2489
2787 2589
3068 2508
2656 3068
2826 3150
2960 3137
3122 3033
3149 3124
3176 3435
2982 3333
3474 3298
3567 3462
3771 3438
748678880 781759124
1
sift 377
10 7
15 13
53 53
1400 1254
19 14
18 27
130 121
42 47
51 68
1236 1563
152 205
81 80
253 257
105 81
97 95
196 157
122 101
248 279
139 128
145 139
304 289
134 142
275 370
148 140
165 165
320 323
156 155
331 330
169 173
154 195
372 361
170 176
399 419
192 184
182 172
415 360
189 168
427 402
212 197
217 188
402 465
251 212
495 373
229 251
231 230
505 396
256 245
466 496
296 273
293 229
465 510
246 282
512 536
334 236
270 272
647 645
298 252
656 691
284 314
266 302
718 664
299 277
856 1185
310 309
301 286
1208 1039
318 292
1137 1092
324 324
420 244
1144 1093
302 378
1126 1120
373 342
352 352
1175 1151
355 374
1094 1297
378 429
365 375
1394 1162
407 385
1227 1368
401 426
419 388
1597 1064
423 400
1307 1315
435 460
403 441
1296 1354
400 458
1469 1276
502 531
472 457
1740 1058
468 473
1396 1464
523 494
381 642
1364 1747
488 484
1613 1652
589 617
532 452
1832 1364
476 501
1800 1756
580 649
526 481
1714 1799
571 530
1736 2009
680 607
596 539
1861 2044
585 553
2023 2075
652 659
753 453
1660 2558
663 585
2316 1915
835 546
565 695
2525 1732
622 718
2032 2278
698 665
833 562
2272 2081
678 682
2232 2171
668 692
699 707
2622 1875
733 723
2020 2438
695 901
720 738
2723 1956
731 786
2210 2376
743 844
802 758
1912 2944
776 793
2311 2343
810 775
751 829
2004 3248
798 773
2185 2802
926 727
859 756
2132 3107
778 842
2799 2292
925 855
848 951
3198 2226
803 1003
2745 2627
1110 990
989 837
3149 2355
891 942
2926 2582
1006 1117
910 994
2774 2769
984 939
2586 3137
1037 1107
977 972
2603 3094
843 1154
2977 2847
1149 1034
1056 933
2456 3334
1010 1094
3342 2606
1415 993
1076 1199
3614 2445
1108 1176
2657 3423
1088 1263
1199 1148
3411 2818
1161 1182
3018 3292
1178 1216
1265 1137
3503 3003
1093 1290
3426 3126
1285 1124
1197 1223
3176 3296
1267 1163
3632 2984
1337 1130
1219 1248
3468 3257
1211 1265
3034 3581
1167 1358
1727 937
3267 3629
1233 1274
3608 3481
1288 1226
1273 1285
1251 1312
1545 1113
1229 1352
1314 1256
1381 1319
1271 1322
1463 1195
1255 1492
1342 1333
1351 1389
1310 1482
1596 1178
1614 1175
1393 1450
1356 1456
1432 1437
1423 1484
1366 1540
1547 1383
1550 1473
1577 1348
1454 1527
1528 1539
1487 1513
1534 1477
1510 1620
1430 1585
1496 1546
1615 1560
1511 1538
1505 1559
1592 1809
1437 1894
1573 1687
2066 1442
1500 1862
1668 1636
1701 1712
1634 1680
1620 1713
1677 1751
1718 1627
2483 1221
1774 1714
1666 1724
1655 1745
1694 1899
1781 1624
1751 1651
1857 1711
1904 1604
1812 1706
1811 1921
1926 1685
1757 1869
1970 1912
1599 2128
1724 1999
1830 2141
1836 1893
1874 1883
1932 2059
1779 1961
1868 1940
1949 2042
1754 2053
1802 2051
2053 2036
2013 1871
1622 2291
2118 2008
1684 2236
1711 2202
1873 2321
1901 2002
2155 1775
2307 2058
1963 2015
1870 2102
2211 2223
1627 2478
2086 1965
1991 2469
1944 2139
2121 1980
2482 2020
1955 2185
2205 1967
2184 2319
1943 2217
2040 2207
2010 2592
2024 2235
1966 2303
2555 2237
2149 2156
2227 2122
2397 2661
2367 2010
2285 2175
2539 2533
2175 2300
1919 2631
2273 3118
2214 2302
2230 2327
2726 2638
2335 2247
2199 2364
2960 2500
2333 2259
2492 2119
2684 2770
1977 2872
2742 2040
2780 2715
2027 2775
1973 2936
2787 2758
2379 2328
2487 2262
2957 3205
2064 2884
2252 2664
3475 3531
2127 3081
2327 2656
3547 3606
2665 2335
2035 3432
2595 2521
2414 2887
2800 2427
2296 3365
2851 2515
2656 2897
3233 2463
2805 2743
2685 2969
2577 3149
2954 2667
3059 2590
3098 2583
2844 2878
2346 3575
2579 3318
2881 2949
2770 3176
2731 3259
3272 2756
2982 3145
3236 2950
3478 2732
2918 3311
3173 3133
3122 3189
3127 3185
3076 3256
3408 3335
3612 3291
3557 3595
3771 3634
748678880 858943217
1
sift 93
1873 3601
132 138
1214 1356
155 161
161 157
187 179
1802 1846
239 254
189 187
263 258
2743 2710
413 280
278 265
298 248
352 329
267 276
365 398
461 618
429 427
423 462
684 703
472 494
526 490
931 870
571 519
870 933
1230 1189
899 919
906 927
1360 1278
1098 921
916 1291
1720 1721
1057 1227
1076 1283
1454 2292
1265 1153
1199 1275
1841 2186
1327 1230
1411 1349
1937 2454
1422 1614
1472 1615
2026 2520
1474 1684
1620 1551
2396 2659
1515 1787
1645 1686
2415 2873
1798 1725
1588 2020
2577 2866
1666 1914
1365 2623
2504 3097
1779 1893
1628 2281
3712 2809
1904 1963
1718 2257
1530 2906
1926 2247
1952 2276
1754 2762
2268 2291
2214 2484
2209 2537
2327 2802
2838 2589
2506 3005
2500 3037
2531 3002
2633 2935
2628 3031
2663 3003
3007 2754
2601 3181
2595 3214
2740 3095
2816 3036
2580 3292
2711 3258
2979 3159
2656 3493
3408 2964
2878 3370
2993 3298
3422 3042
3438 3092
3409 3523
3557 3434
748678880 1078340171
1
sift 623
82 86
18 16
16 15
922 1115
481 401
22 19
130 123
59 53
41 33
2553 2753
523 597
39 43
258 206
70 63
60 66
3518 3403
1037 1089
61 73
253 223
105 89
87 93
1517 1380
111 87
248 228
144 124
123 114
1932 1967
141 112
255 242
139 143
145 129
2118 2274
135 138
269 240
156 139
167 137
2767 2532
154 164
275 245
170 222
166 185
2520 3137
182 187
348 341
212 180
193 205
2908 3396
217 197
340 350
229 254
218 215
3711 2708
235 216
349 380
256 241
231 236
266 243
366 375
277 281
271 237
246 286
399 355
296 270
292 252
278 268
427 451
259 314
295 265
287 275
495 415
333 266
291 284
301 290
466 480
262 378
299 300
305 318
465 540
310 327
302 408
284 365
525 545
324 310
364 343
384 297
656 603
373 337
318 432
355 382
665 644
378 370
329 427
396 356
647 704
401 400
395 373
356 420
736 693
334 492
385 392
392 384
797 764
402 417
386 404
423 385
719 957
411 448
400 411
418 423
855 808
435 424
425 436
434 434
1008 783
470 473
450 440
403 519
1119 828
502 489
488 444
503 453
1516 831
589 560
486 466
468 477
1126 1019
580 599
476 482
532 458
1094 1042
622 572
536 471
546 554
1208 1024
605 598
571 570
587 562
1159 1202
695 578
585 571
570 648
1201 1209
680 611
562 658
539 707
1264 1155
668 662
624 634
579 681
1240 1255
675 678
595 685
708 587
1137 1402
651 694
594 710
618 700
1296 1269
644 720
678 682
693 669
1307 1303
698 680
731 645
835 588
1396 1232
725 679
663 722
699 698
1364 1282
743 709
707 689
688 715
1427 1331
670 823
565 899
773 676
1464 1345
813 673
833 640
674 817
1569 1425
705 829
778 706
720 799
1358 1889
723 819
751 834
810 801
1797 1390
756 871
798 824
840 769
1563 1762
815 861
776 852
760 875
1660 1730
926 795
802 845
859 806
1736 1801
1068 744
1067 660
848 878
1800 1844
867 994
893 877
903 880
1861 1792
1006 967
930 862
910 883
1980 1735
861 1156
891 913
928 892
2004 1729
925 1087
947 894
945 902
2210 1664
1471 785
899 955
942 939
1869 1986
1124 1015
1117 811
977 920
2020 1879
1066 1109
984 953
989 1045
2142 1821
1175 1067
1233 938
959 1212
2311 1772
1178 1096
1108 1005
1107 1032
2109 2027
1206 1105
1259 971
931 1323
1827 2369
1166 1187
1076 1134
1197 1064
2132 2052
1073 1277
1161 1100
1352 992
1999 2241
1149 1264
1087 1174
1059 1244
2231 2134
1203 1242
1225 1083
1199 1116
1840 2614
1255 1245
1142 1172
1252 1081
2272 2207
1110 1416
1183 1151
1210 1190
2648 1922
1394 1144
1325 1079
1093 1308
2859 1852
1285 1294
1273 1164
1010 1467
2758 2136
1337 1266
1219 1253
1056 1473
2799 2197
1267 1408
1341 1185
1249 1283
2622 2384
1374 1359
1293 1261
1476 1148
2657 2393
1594 1181
1271 1363
1306 1393
2921 2289
1351 1418
1350 1350
1444 1270
2586 2533
1597 1241
1463 1259
1547 1229
2302 3127
1501 1352
1312 1446
1475 1292
2551 2811
1381 1469
1432 1336
1366 1423
2890 2529
1714 1206
1079 1822
1418 1375
2621 2951
1310 1652
1482 1333
1367 1450
3655 2447
1423 1499
1430 1377
1446 1369
3034 2845
1431 1490
1614 1239
1180 1737
3458 2621
1460 1548
1454 1383
1356 1497
3342 2737
1528 1513
1279 1675
1445 1449
3018 3066
1740 1339
1860 1161
1534 1381
3416 2741
1592 1592
1511 1420
1479 1444
3267 2938
1393 1964
1611 1322
1472 1459
3703 2530
1701 1544
1487 1453
1462 1496
2732 3483
1832 1498
1855 1240
1437 1578
3503 2786
1564 1778
1496 1534
1627 1415
3614 2772
1615 1705
1365 1753
1294 1923
3411 3138
1617 1738
1519 1577
3251 995
2963 3498
1697 1672
1324 2001
1347 1960
3450 3190
2213 1385
1754 1443
1618 1586
3468 3195
1694 1751
1390 1946
1668 1546
3011 3564
1545 2096
1578 1666
1623 1609
3608 3109
1830 1707
1314 2240
1645 1626
3660 3279
2030 1571
1751 1541
1281 2400
3611 3465
1846 1691
1609 1747
1666 1689
3668 3523
1677 1934
1573 1854
1723 1670
3754 3688
2051 1608
1598 1837
1602 1831
1735 1957
1635 1779
1903 1540
2160 1695
2103 1458
1662 1803
1811 2014
1678 1809
1910 1702
2053 1865
1643 1985
1673 1987
1554 2607
1737 1918
1836 1847
1873 2129
2086 1641
1779 1909
1949 2061
1943 1790
1778 1944
1884 2148
1909 1857
2121 1683
2262 1873
1944 1832
1951 1829
2015 2199
1887 1881
1724 2067
2191 2053
1985 1835
1768 2030
1991 2313
1847 1939
2013 1846
2009 2356
1852 1975
1892 1958
2183 2163
1798 2070
1628 2338
2343 2057
1748 2165
2483 1531
2307 2186
1918 1990
1919 2006
2603 1907
1936 1997
2049 1915
1774 2921
2005 1984
1967 2020
2236 2314
1870 2118
1711 2355
2211 2331
1863 2176
2068 1950
2338 2234
2352 1727
2123 1927
3213 1817
2240 1845
1749 2351
2555 2257
2506 1677
1931 2239
2726 2215
2155 1983
2012 2180
2306 2576
2024 2166
2104 2048
2273 2678
2227 1941
2910 1560
2482 2457
2325 1898
2138 2078
2957 2278
2129 2095
2098 2125
2397 2723
1988 2293
2229 2028
3150 2270
2139 2155
2067 2306
2960 2446
2209 2174
2093 2296
2575 2739
2252 2124
1960 2434
3531 2247
1942 2463
2350 2045
2609 2701
1698 3025
2964 1719
2787 2654
2534 1969
1939 2639
2780 2684
2214 2358
2133 2450
3129 2505
2349 2253
2199 2406
2684 2821
2487 2092
2367 2268
3309 2503
2127 2541
3467 1745
3229 2785
2414 2255
2285 2405
2903 3220
3079 1874
2440 2271
2571 3554
2268 2465
2072 2729
3176 3257
2695 2103
2333 2431
3082 3312
2803 2068
2474 2367
3691 2722
2535 2322
2335 2562
2501 3713
1977 3418
2685 2345
3386 3277
2346 2656
2430 2540
3620 2987
2381 2611
2154 3111
3591 3274
2369 2642
2492 2600
3664 3389
1902 3691
2841 2453
3567 3620
2730 2521
2536 2665
3599 3646
2569 2633
2788 2492
2683 2571
2805 2501
2943 2437
2590 2725
2675 2663
2673 2700
2882 2553
2838 2631
2893 2603
3197 2484
3553 2378
2656 2955
2759 2814
2959 2687
2889 2745
2839 2823
2770 2942
3478 2476
2826 2869
2881 2849
2812 3086
3133 2755
2731 3266
3272 2709
2913 3022
3122 2834
2495 3573
2982 3065
3043 3002
2616 3496
3201 2920
2927 3227
2598 3556
3071 3105
3007 3201
3472 2779
2902 3340
2761 3462
3115 3145
3498 2782
3121 3175
3592 2716
2918 3395
3693 2629
2954 3402
3488 2939
3613 2765
3065 3330
3076 3344
3357 3196
3438 3121
3572 2952
3463 3152
3127 3412
3060 3474
3605 3001
3501 3205
3628 3045
3235 3480
3474 3346
3287 3530
3526 3443
3430 3522
3689 3549
3683 3613
3768 3358
748678880 1162772251
1
sift 101
212 233
218 251
246 290
284 263
301 315
277 342
435 568
305 421
386 444
502 571
434 489
450 544
756 602
468 541
476 545
698 765
608 734
585 773
724 873
699 763
662 952
787 844
802 795
776 830
830 1091
891 985
937 1168
749 1681
1117 1043
1110 1078
1037 1150
1161 1296
1036 1199
1038 1390
1225 1298
1178 1235
1124 1276
1056 1862
1120 1474
1255 1370
1430 1636
1335 1475
1267 1700
1418 1799
1419 1553
1517 1524
1511 1710
1615 1555
1460 1773
1602 1684
1381 1943
1592 1844
1487 1846
1856 1705
1701 1890
1623 1989
1721 1927
1677 2123
1724 2102
1528 2516
1694 2248
1919 1974
2086 2108
1811 2514
1870 2523
2343 1959
1873 2527
2024 2367
1966 2503
2016 2494
2035 2688
1949 2573
1932 2681
2127 2683
2015 2747
2183 2629
2475 2383
2273 2749
2372 3103
2430 2550
2346 2723
2960 2714
2544 2680
3129 2782
2726 3043
2349 3602
2954 2928
2787 3114
2827 3265
2520 3495
2935 3226
3498 2857
3068 3416
3620 3255
3572 3697
3711 3167
3759 3696
3473 3915
3474 3970
3663 3987
3771 3467
748678880 1256872597
1
sift 171
82 62
59 46
120 137
130 80
399 309
125 102
231 195
139 100
495 352
156 108
218 242
170 182
510 370
212 168
235 252
247 267
656 603
256 302
301 264
277 292
1126 957
333 319
381 401
355 358
1201 1308
435 436
503 355
411 490
1240 1283
502 483
434 463
356 548
1307 1294
743 569
469 476
403 557
1499 1367
651 675
476 479
538 539
1569 1431
698 639
585 594
699 641
2109 1109
775 685
720 748
756 753
1800 1959
723 836
798 731
776 801
2525 2145
1006 1011
891 840
727 1057
3005 2093
1124 1017
984 926
1117 951
3411 2691
1073 1138
946 1373
1178 1059
2909 3069
1036 1225
945 1717
1175 1146
3426 2830
1255 1137
1056 1480
1303 1131
3614 2728
1394 1063
1180 1562
1311 1433
3034 3166
1335 1446
1552 1232
1381 1426
3703 2811
1419 1430
1219 1652
1418 1427
3503 3486
1267 1644
1511 1432
1351 1570
3450 3834
1460 1617
1487 1534
1423 1706
1528 1700
1602 1525
1592 1775
1694 1819
1668 1802
1626 1943
1740 1856
1858 1719
1832 1810
1811 1909
2068 1670
1677 2096
1830 1936
1706 2087
2387 1566
1721 2123
2024 1833
2343 1627
1899 2042
1806 2071
2086 1822
1873 2088
1870 2188
2138 1946
1949 2569
1909 2275
1919 2302
2183 2328
2475 1862
1863 2576
2603 1903
2127 2515
2273 2285
2015 2657
2350 2295
2346 2435
2960 1973
2430 2368
2695 2254
2397 2868
1918 3387
2349 2732
2726 2616
2882 2451
3357 2315
2787 2733
2544 2756
2881 2599
2482 3165
2889 2632
2571 3110
3213 2697
3613 2548
2684 3102
2501 3401
3065 2843
2440 3566
2576 3441
2954 3032
2770 3251
3149 2993
3553 2713
2753 3302
2903 3204
3399 2934
3483 2849
3129 3267
3122 3179
3076 3256
3068 3314
2982 3359
3430 3122
3620 3029
3415 3494
3176 3443
3711 2955
3127 3699
3572 3392
3599 3729
748678880 1308641291
1
sift 81
277 309
68 64
435 596
252 246
1178 1464
247 263
1120 1629
278 273
1460 1301
301 324
1267 1660
302 499
1381 1638
407 396
1592 1977
386 540
1528 2560
434 482
1899 2456
450 529
2343 1975
468 574
1811 2947
476 577
1949 2831
585 719
2016 2973
671 781
2829 3446
676 795
2349 2812
769 690
3663 3741
699 783
688 816
751 886
848 910
799 1089
899 992
891 1044
910 1146
1060 1047
893 1341
1056 1267
1154 1212
903 2167
1271 1410
1041 2224
1534 1460
1472 1564
1602 1411
1511 1559
1418 1766
1487 1744
1798 1491
1411 1958
1671 1697
1724 1970
1645 2149
1730 2042
1623 2238
1936 2288
2024 2267
1966 2517
2430 2216
1870 2861
1996 2810
2111 2677
2127 2723
2475 2437
2683 2294
1890 3158
2346 3005
2519 3167
3122 3151
2954 3264
3069 3231
3498 3135
3076 3496
3666 3565
3572 3707
748678880 1428487141
1
sift 94
36 28
793 869
61 72
102 120
68 73
1963 1573
161 141
257 209
166 145
2040 1646
165 164
252 211
278 196
2448 1707
292 210
325 226
298 240
2941 3029
688 557
358 231
376 235
3089 3046
692 661
460 419
526 365
751 668
374 546
472 416
833 648
520 391
659 433
802 728
671 588
769 735
870 756
761 757
1125 529
848 785
801 730
903 764
899 801
1171 907
947 870
910 916
1041 1088
977 881
1265 967
1297 1032
1199 1233
1251 1338
1653 1295
1472 1224
1798 1178
1785 1238
1745 1307
1645 1386
1577 1543
1985 1325
2268 1420
1709 1509
1781 1605
2123 1541
2219 1384
1757 1655
1868 1792
2111 1575
1606 2093
1952 1739
1904 1753
1926 1768
1936 1798
1765 1990
1841 1963
1966 1867
2369 1652
2487 1554
2145 1959
2027 2462
2519 1742
3079 1712
2513 2170
2107 2891
2685 2966
2379 2529
2595 2353
3287 3054
2878 2412
2979 2333
3060 3191
3488 2398
3409 2562
3410 2845
3169 3166
3734 3224
748678880 1431199262
1
sift 162
42 34
61 45
698 747
145 106
284 211
172 98
787 847
154 125
277 294
166 129
810 845
165 152
324 453
287 234
775 1045
247 270
435 532
278 251
768 1099
292 266
502 556
300 288
1374 1500
301 289
580 699
329 347
1677 1696
302 424
668 965
386 441
2130 1563
434 466
1110 1133
450 501
1932 2222
468 527
1124 1129
476 530
2015 2900
488 565
1335 1130
663 516
2748 3073
608 715
1051 1433
659 698
3129 2857
692 753
1178 1368
688 756
3711 3722
699 774
1255 1382
733 746
776 737
1120 1543
802 825
751 901
1311 1548
848 907
881 874
1554 1447
899 913
849 1021
1460 1707
870 1030
891 1005
2010 1501
947 1023
910 1064
1592 2085
951 1048
893 1142
1694 2132
984 1084
977 1104
1856 1940
799 1456
1117 1076
1701 2243
1027 1144
903 1681
1811 2461
1153 1194
1056 1328
1873 2584
1093 1263
1379 1121
2343 2162
1225 1282
1107 1628
2016 2668
1271 1444
1534 1378
2501 2204
1472 1618
1418 1728
1949 2994
1365 1825
1511 1689
1774 3481
1430 1766
1487 1723
2726 3111
1691 1499
1798 1639
2684 3233
1602 1810
1141 2887
2829 3225
1606 1925
1623 1955
2787 3342
1645 1952
1724 1858
1985 1756
1778 1859
1844 2004
1863 1980
1807 2089
1919 2043
1628 2509
1936 2185
2111 2010
1947 2208
2005 2273
2138 2095
2093 2148
2252 2045
2024 2340
1966 2406
2258 2088
1890 2513
1950 2632
2430 2181
1870 2878
2209 2664
2127 2798
2414 2470
2475 2576
2683 2745
2349 3242
2214 3559
2759 2838
2826 2852
2346 3478
2954 2797
2269 3798
2492 3613
3078 3012
2918 3284
3059 3325
3498 3174
3409 3390
3276 3503
3474 3377
3076 3965
3122 4059
3572 3847
3590 3912
3543 4110
3616 4074
748678880 1472528885
1
sift 676
130 136
139 124
16 18
53 44
87 97
51 47
152 210
148 166
56 49
124 117
111 109
122 110
275 327
156 164
121 122
215 203
140 130
127 126
371 317
170 165
135 134
244 179
145 140
129 145
341 406
256 230
132 141
280 234
177 182
186 121
427 393
277 286
168 138
379 373
151 267
161 158
471 389
296 275
154 170
369 498
218 197
167 157
505 375
284 281
172 155
366 536
231 241
179 149
465 424
310 308
165 171
495 419
305 290
187 159
512 427
324 314
166 218
466 526
355 325
189 189
492 456
373 362
181 202
504 587
431 386
182 221
647 611
435 416
223 185
578 682
395 423
213 214
525 801
502 515
240 240
656 623
400 425
239 256
719 654
540 527
251 242
718 680
381 446
276 244
665 886
580 594
246 272
736 1037
454 442
263 269
975 788
589 619
293 250
989 974
488 463
278 279
1217 849
648 590
292 284
1108 876
549 484
299 296
1137 947
605 642
318 285
1126 1056
663 521
301 302
1284 987
668 672
287 338
1185 1152
809 598
302 319
1201 1167
714 653
413 276
1223 1227
833 618
356 320
1368 1104
755 724
353 324
1229 1239
756 823
352 333
1296 1196
898 754
365 371
1198 1282
896 953
376 369
1307 1240
927 783
367 398
1485 1053
984 898
419 355
1086 1619
925 843
385 380
1903 1080
999 931
403 395
1427 1442
1006 893
423 405
1262 1777
1088 1049
438 412
1543 1518
1038 927
407 448
1821 1279
1073 1096
434 426
1710 1487
1051 965
450 441
1437 1661
1124 1136
429 493
1660 1624
1120 1036
472 450
1573 1771
1117 1194
468 472
2050 1677
1267 1005
486 470
2013 1617
1149 1157
476 486
2023 1990
1203 1131
461 523
1836 1768
1175 1205
532 462
1980 2045
1178 1210
503 490
1943 1753
1545 980
526 478
2312 1878
1110 1319
557 455
1988 2258
1415 1087
571 512
2272 2078
1285 1212
574 530
2011 2452
1383 1118
546 558
2552 2008
1337 1189
585 529
2622 2068
1293 1229
632 494
2551 2366
1255 1310
610 546
2870 2212
1351 1225
587 561
2502 2594
1310 1368
608 568
2421 2778
1423 1405
618 556
2799 2524
1381 1404
639 584
3098 2388
1510 1364
694 551
2745 2703
1460 1378
634 591
2707 2737
1393 1490
785 508
2657 2979
1554 1374
684 581
3272 2462
1796 1343
692 602
3238 2497
1503 1432
659 635
2489 3400
1518 1623
565 758
2832 2809
1335 1811
678 625
3016 2931
1608 1583
682 633
3450 2575
1528 1743
728 599
3018 2927
1547 1756
748 605
2926 3143
1632 1574
624 736
3342 2867
1673 1636
688 678
3426 2776
1592 1670
720 639
2977 3431
1701 1760
796 607
3655 2849
1773 1502
699 702
3034 3605
1957 1626
733 703
3468 3212
1615 1700
773 681
3632 3259
1873 1855
708 745
3614 3098
1694 1744
731 775
3679 3477
1662 2102
776 725
3668 3437
1811 1987
778 728
3681 3570
1560 2305
751 767
1740 2071
798 744
1970 1899
781 777
1856 2029
859 727
1942 1965
802 773
1991 2123
933 700
1749 2232
840 766
2183 2020
848 800
1627 2457
893 765
2273 1996
874 790
2005 2152
834 840
2211 2137
870 802
2803 1577
851 853
2304 2163
903 794
1919 2410
881 832
2542 1962
942 776
2262 2227
879 858
2010 2583
885 851
2420 2167
945 808
2343 2354
864 908
2681 2094
899 882
2254 2536
1034 760
2307 2502
891 903
2575 2250
951 872
2742 2150
947 897
2441 2498
977 915
2708 2218
1140 780
2960 2211
1107 799
2249 3281
910 995
2397 2928
1023 932
2772 2371
1056 946
2501 2850
980 1058
2826 2372
1350 806
3068 2378
1057 1013
2879 2365
1327 879
2726 2753
1098 1022
2665 2555
1230 943
2556 3053
1076 1059
2800 2636
1265 935
2540 3278
1087 1084
2523 3082
1727 781
2843 2820
1180 1079
2588 2938
1152 1108
3149 2616
1161 1105
2822 2653
1093 1173
2903 2891
1106 1180
2858 2681
1183 1109
2684 3306
1210 1101
2888 2724
1312 1029
2787 3160
1171 1141
2951 2676
1065 1264
2780 3373
1276 1078
2675 3299
1199 1160
3176 2964
1361 1052
3064 2887
1219 1192
2957 3284
1139 1246
3051 2949
1341 1090
3483 2993
1207 1231
3062 2950
1172 1299
3536 3496
1379 1100
2590 3538
1308 1198
3567 3565
1233 1262
3562 3187
1214 1296
3620 3612
1347 1193
3473 3530
1251 1276
1360 1211
3577 3531
1445 1149
1273 1318
3629 3545
1367 1263
1475 1177
1343 1297
1306 1349
1432 1247
1770 1044
1204 1579
1491 1291
1444 1324
1435 1346
1411 1401
1438 1386
1418 1423
1462 1396
1176 1923
1366 1557
1407 1514
1511 1424
1454 1479
1472 1473
1487 1516
1505 1509
1610 1413
1859 1257
1404 1706
1692 1383
1596 1453
1684 1446
1620 1504
1430 1814
1325 2042
1598 1576
1581 1604
1583 1594
1787 1427
1671 1511
1720 1483
1902 1399
1751 1472
1645 1573
1658 1558
1634 1586
1707 1537
1668 1560
1602 1653
1643 1637
1623 1678
1606 1761
1666 1722
2258 1328
1874 1538
1904 1542
1585 1906
1785 1642
1628 1868
1588 1931
1724 1741
1732 1728
1691 1801
1470 2168
1802 1713
1918 1605
1779 1772
1718 1873
1926 1657
1778 1797
1754 1837
1530 2206
1891 1732
1892 1729
1798 1844
1889 1774
1887 1831
1985 1748
2081 1652
1781 1936
1909 1829
1947 1826
1890 1880
1819 1944
1936 1864
2808 1340
1870 1934
1858 1954
1963 1887
1955 1893
2195 1689
1862 1999
1931 1979
1977 1935
2087 1835
2163 1766
1664 2262
1901 2011
1618 2320
2026 1912
2145 1793
2155 1803
1944 2015
1868 2092
2121 1876
2068 1919
2111 1896
1973 2027
2547 1548
1952 2057
2017 2035
1966 2073
2252 1830
2049 2010
1711 2334
2149 1930
1841 2214
2106 1983
2175 1959
2024 2125
2040 2112
2067 2085
2471 1727
2093 2066
2209 2034
2181 2070
2035 2230
2167 2134
2086 2221
2268 2088
3373 1529
2222 2141
2229 2142
2154 2226
2230 2177
2285 2156
2138 2267
2788 1798
2506 1985
2369 2096
2519 1992
2314 2178
2178 2289
2227 2274
2352 2192
2475 2075
2327 2215
3452 1683
2487 2129
2349 2248
2396 2207
2492 2139
3159 1833
2104 2584
2442 2210
2717 2065
2279 2399
1939 3122
2335 2349
2151 2619
2500 2216
2452 2239
2414 2294
2580 2191
2504 2257
2532 2265
2448 2324
2720 2197
2332 2553
2928 2099
2127 2966
2379 2464
2673 2228
2301 2641
2409 2483
2360 2586
2577 2317
2536 2364
2516 2389
2219 2995
2346 2872
2980 2263
2544 2577
2814 2444
2491 2815
2793 2471
2579 2708
2383 3203
2593 2736
2413 3188
2743 2679
2835 2597
2920 2544
3234 2380
2785 2666
2584 3044
2812 2755
2889 2656
2839 2725
2882 2694
2979 2632
2695 2990
2656 3061
3232 2519
2913 2716
2685 3073
2703 3130
2730 3116
2993 2726
2883 2882
2878 2905
3121 2698
3235 2645
3367 2579
3233 2690
3035 2844
3197 2743
2961 2954
3043 2862
2959 2976
2967 2963
3069 2858
3077 2889
2991 3092
2798 3369
3134 2997
3181 2965
2881 3326
2769 3470
3430 2814
2941 3344
2810 3463
3479 2787
3408 2877
3644 2590
3249 3129
3192 3204
3478 2876
3065 3367
3474 2936
3127 3353
3101 3409
3100 3411
3498 3026
3506 3021
3076 3430
3123 3434
3328 3322
3007 3521
3558 3174
3122 3525
3287 3459
3409 3436
3230 3550
3410 3523
3496 3473
3616 3355
3696 3315
3522 3583
748678880 1584042216
1
sift 390
82 74
18 14
16 19
41 50
130 105
59 51
60 60
80 81
185 162
105 72
87 78
144 103
226 195
156 120
120 135
145 118
248 182
212 160
154 134
193 196
255 252
256 264
218 226
235 208
269 235
277 297
231 237
266 233
341 238
333 299
287 261
291 266
349 251
285 389
302 258
301 269
399 336
324 363
299 293
353 246
383 374
402 330
305 335
397 260
495 396
355 381
395 339
385 392
330 605
415 406
356 469
400 434
466 481
435 425
420 433
434 435
465 553
411 478
450 429
474 412
525 513
470 451
503 395
490 449
665 501
502 479
476 480
468 485
656 633
901 382
488 475
571 563
647 678
622 536
624 523
580 574
855 604
691 539
599 572
587 577
1208 898
680 617
585 583
538 637
1094 956
651 666
594 608
608 629
1126 950
743 600
693 619
708 610
1516 754
644 706
699 648
688 669
1160 1203
668 691
833 613
698 677
1201 1222
723 785
663 789
707 768
1364 1097
756 740
720 752
670 895
1236 1239
768 733
798 728
751 835
1240 1301
822 761
802 782
776 815
1307 1260
1006 935
726 923
910 825
1227 1356
1166 948
848 905
891 848
1427 1188
1037 1061
893 868
930 878
1296 1373
1120 1084
942 904
903 930
1137 1657
1073 1137
977 859
984 920
1464 1416
1178 1069
945 1113
1225 919
1469 1472
1175 1078
946 1204
1117 984
1264 1804
1051 1284
1107 1036
1012 1271
1569 1455
1149 1170
1306 1016
1161 1125
1563 1527
1255 1124
1259 1058
1219 1162
2032 1394
1394 1073
1093 1309
1142 1323
1981 1449
1203 1276
1366 1100
1145 1325
2109 1438
1237 1252
1292 1172
1293 1263
2004 1520
1460 1099
1087 1515
1110 1474
2210 1461
1335 1313
1432 1168
1430 1257
1861 1663
1517 1224
1371 1332
1351 1412
1736 1819
1714 1080
1547 1248
1479 1346
1980 1705
1310 1581
1180 1715
1552 1308
1800 1938
1381 1494
1418 1456
1476 1400
2186 1807
1267 1785
1496 1443
1534 1421
2311 1737
1423 1570
1271 1736
1487 1492
2014 2089
1528 1579
1511 1485
1472 1569
2231 2246
1615 1498
1614 1463
1592 1580
1840 2695
1735 1555
1519 1788
1701 1584
2859 1795
1832 1558
1623 1651
1560 1782
2842 1925
1510 1985
1668 1639
1645 1659
3011 2042
1533 2102
1347 2325
1626 1720
2272 2658
1694 1837
1666 1743
1602 1910
3198 2096
1830 1712
1662 1844
1673 1881
2421 2528
1708 1896
1754 1775
1858 1710
2799 2273
1811 1773
2086 1618
1740 1880
3005 2192
1677 2093
2258 1541
1922 1735
2890 2334
2387 1524
1778 1947
1806 1915
2921 2461
2343 1620
1634 2210
1768 2111
2963 2525
1873 2132
1853 2021
1798 2109
2880 2761
2053 2145
1919 1983
1909 2032
3034 2726
1688 2615
2068 1853
1936 2001
2908 2885
1932 2383
1985 1966
2024 2041
3411 2769
1991 2346
1870 2194
2039 2025
3614 2662
1949 2463
2005 2084
1868 2251
3426 2819
2015 2445
2067 2054
1966 2216
3703 2597
2306 2151
2138 2029
2139 2030
2622 3633
2183 2283
2227 2007
1918 2368
2732 3571
2273 2311
1863 2494
2428 2130
3450 3331
2262 2342
2805 1855
2491 2080
3596 3203
2441 2147
2519 2091
2211 2425
3468 3412
2338 2481
2420 2267
2333 2410
3503 3518
2397 2851
2133 2650
2534 2247
3761 2950
2726 2640
3115 1920
2268 2530
3660 3433
2787 2605
2247 2601
2349 2505
3608 3523
2482 2962
2430 2433
1942 3295
3754 3777
2575 2880
2199 2772
2127 2993
2957 2593
2335 2691
3079 2170
2372 3395
2544 2472
2346 2764
2960 2668
2803 2389
2590 2515
3531 2455
2492 2707
2882 2476
2684 3117
2440 2917
3463 2326
2501 3550
2826 2702
2889 2665
3068 2886
2517 3077
2683 2928
3149 2835
2616 3187
3144 2700
3239 2839
2918 2893
2673 3243
2903 3358
2753 3126
2881 2990
3483 2867
2770 3161
2759 3208
3176 3124
3122 2853
3272 2789
3691 2692
3065 2912
2902 3058
3711 2733
3313 2876
2731 3460
3129 3502
3474 2808
2954 3344
3620 3356
3498 2903
3076 3288
3637 3752
3060 3431
2982 3499
3664 3792
3592 3008
3287 3562
3767 3800
3094 3677
3430 3522
3572 3439
3127 3720
3613 3419
3387 3678
3557 3568
3523 3615
3616 3528
3488 3748
3768 3604
748678880 1664374466
1
sift 143
1381 1468
17 20
166 159
115 114
83 67
1460 1610
165 183
773 483
247 214
252 231
2343 1718
257 241
1093 1442
278 227
276 249
292 252
1293 1303
240 323
325 297
301 293
1265 1358
298 309
417 303
356 394
1454 1487
450 399
374 511
434 414
1644 1458
468 442
526 443
476 452
1749 1504
585 639
520 478
819 509
1796 1592
659 689
769 741
688 661
1834 1673
699 659
801 934
751 769
1666 1937
798 785
980 1036
761 836
2005 1998
899 873
1041 1122
870 949
2523 3482
903 911
1060 1113
891 931
2987 2838
848 991
1171 1249
947 982
2685 3677
910 1046
1379 1108
977 1100
945 1220
1297 1331
1306 1133
1199 1397
1340 1353
1219 1415
1602 1149
1691 1414
1511 1366
1534 1386
1489 1695
1472 1432
1251 1736
1506 1873
1418 1632
1487 1629
1723 1684
1798 1382
1362 1845
1577 2071
1909 1402
1628 1581
1765 1956
1645 1584
1985 1511
1963 1902
1711 1778
1634 1871
1757 2124
1623 2032
1724 1926
1904 2063
1779 1927
1718 2123
1890 2103
2268 1642
1655 2246
2040 1977
1936 1946
1868 2068
2111 1919
2024 1969
1862 2271
1781 2234
1926 2152
2068 2140
2115 2080
1966 2243
2086 2220
2448 1879
1717 2803
2519 1967
2222 2300
2138 2421
2145 2448
2332 2366
2706 2078
2335 2376
2379 2819
2327 2625
2127 3114
2513 2773
2346 3385
2785 2775
2835 2864
2569 3298
2491 3554
2979 2822
3144 3188
3488 2985
3088 3451
3065 3494
3076 3549
3409 3347
2941 3666
3313 3584
3543 3601
3276 3692
3572 3629
748678880 1724217577
1
sift 910
130 108
18 19
6 6
125 104
39 38
9 7
185 156
42 41
11 13
226 191
45 47
16 18
197 154
59 57
17 21
258 189
104 93
30 24
207 171
89 76
31 36
255 232
212 183
32 27
274 248
144 114
41 43
256 251
229 210
54 61
269 256
139 125
60 62
290 226
219 246
61 66
344 314
156 138
74 71
313 287
235 217
80 85
377 331
170 159
76 91
399 337
260 243
90 81
330 417
277 263
102 80
402 380
234 281
87 90
427 428
284 274
107 98
474 403
333 347
115 113
465 436
262 299
122 116
515 398
364 374
121 123
495 440
296 325
129 118
602 489
411 354
120 124
512 488
324 306
140 110
892 425
446 366
127 128
656 566
405 277
135 121
568 777
481 422
145 127
718 632
384 291
154 130
646 706
470 431
165 146
697 690
355 322
166 149
719 727
614 386
161 157
886 635
378 338
174 153
964 637
604 399
202 176
800 747
373 351
228 161
755 905
528 478
168 222
1159 884
334 396
215 186
1094 1009
588 487
218 207
1126 997
435 390
240 198
1037 1179
622 537
217 236
1208 1180
459 453
257 201
1123 1276
636 554
251 204
1201 1274
502 469
280 195
1364 1285
542 730
266 219
1240 1294
540 474
252 250
1394 1452
644 647
287 242
1223 1346
580 548
292 240
1419 1508
651 644
261 270
1307 1359
605 551
291 253
1818 1257
670 633
276 262
1499 1533
648 620
278 259
1613 1458
679 625
286 258
1469 1742
691 622
302 244
1597 1558
680 649
315 241
1869 1651
668 650
299 266
1714 1552
698 655
301 268
1736 1758
756 646
353 231
1196 2501
723 697
305 286
2286 1457
675 789
322 318
1708 2072
743 695
329 319
1800 1947
705 760
297 424
1980 1876
695 832
386 304
1816 2074
822 677
356 353
2160 1988
835 670
385 341
1827 2148
714 799
420 307
2311 1987
725 888
407 330
2023 1976
813 742
416 342
2142 2220
662 991
367 378
2185 2051
803 778
392 376
2648 1792
824 749
381 420
2316 2143
810 781
419 392
2057 2439
815 780
422 385
2320 2365
867 842
403 405
2502 2471
934 853
429 377
2657 2296
927 837
501 327
2586 2460
1068 825
423 416
2272 2894
926 1032
434 406
2758 2567
1067 872
450 401
2622 2548
925 1063
464 414
3005 2488
1003 941
539 359
2551 2655
1006 961
359 553
2553 2986
1020 1042
439 454
3016 2702
999 1029
468 446
3531 2502
1166 978
444 468
2745 2906
1110 936
486 439
2585 3312
1001 1224
476 448
2977 2803
1051 1064
503 427
2921 3386
1303 1304
431 496
3238 2813
1066 1142
564 387
3411 2982
1374 1306
488 461
2732 3374
1073 1164
548 415
3695 2753
1285 1468
506 460
3034 3085
1175 1147
483 482
3267 3170
1471 1366
467 515
2926 3241
1178 1163
453 586
3596 2881
1532 1451
520 513
3614 2789
1088 1241
624 502
3162 3853
1286 1733
554 570
3426 2964
1120 1248
594 540
3458 3649
1678 1356
598 557
3468 3482
1203 1279
657 506
3608 3446
1376 1853
608 560
3503 3455
1255 1290
640 539
3648 3558
1677 1505
610 568
3699 3546
1267 1352
585 595
3518 3892
1517 1708
593 605
3668 4007
1501 1143
537 694
3761 4084
1593 1631
618 602
3632 4040
1381 1300
571 678
1537 1842
639 613
3754 4050
1351 1355
663 619
1463 2158
587 708
1460 1298
692 614
1533 2113
733 587
1310 1491
686 641
2568 1307
678 654
1415 1394
699 639
1735 1790
688 659
1393 1423
770 582
1755 1954
677 667
1335 1562
713 634
1830 1944
684 673
1594 1277
708 651
1932 2040
782 597
1423 1612
518 1087
2422 1684
730 669
1528 1573
778 657
2118 1950
772 666
1493 1630
694 753
2139 2029
707 745
1510 1634
720 733
2051 2252
840 648
1592 1782
761 717
2015 2348
751 726
1701 1752
727 765
2338 2019
821 679
1550 2045
726 816
2129 2443
586 1144
1694 1849
845 692
2482 2118
798 737
1632 1967
859 693
2319 2351
769 774
1811 1864
776 772
2174 2583
773 805
2010 1738
570 1333
3213 1936
801 791
1545 2386
583 1311
2305 2691
833 770
2306 1580
848 762
2372 2572
642 1218
1856 1897
874 818
2922 2404
674 1188
1740 2093
864 864
2483 2948
891 834
1989 1893
870 874
2611 2862
916 823
1959 1964
1323 612
2141 3986
893 879
1958 2006
910 868
2889 2999
741 1099
2053 1930
930 875
2615 3390
794 1041
1873 2210
972 861
2935 3709
887 948
1970 2149
899 946
3129 3663
947 915
1991 2141
903 956
3711 3059
977 918
1774 2393
702 1438
3357 3673
932 974
2343 1813
889 1026
3534 3783
976 949
2211 2094
1026 896
3548 3909
984 942
2184 2246
945 1006
3759 3698
1169 820
1899 2582
1204 826
3637 4068
894 1146
2307 2223
905 1182
3772 3920
706 1714
2273 2317
847 1409
1225 923
2441 2383
1218 951
1183 969
2262 2836
1061 1086
1102 1034
2254 3042
734 1911
1390 882
2575 2685
1115 1083
1163 1051
2501 2787
1043 1197
1012 1265
2726 2708
1157 1081
1116 1172
2780 2680
1130 1162
1117 1186
2571 2916
1087 1208
1180 1126
3068 2652
1306 1031
1173 1158
2397 3605
1113 1210
1107 1246
2684 3142
1056 1339
1199 1167
3149 2839
1093 1275
1252 1129
2787 3254
1207 1184
1078 1323
2957 3152
1044 1402
1200 1220
3274 3243
1152 1270
1334 1102
3176 3466
1432 1023
1326 1120
3620 3075
1316 1136
1147 1316
3475 3682
1205 1295
1245 1259
3663 3637
1125 1384
1251 1282
3567 3936
1211 1336
1325 1209
1222 1343
1366 1196
1219 1375
1059 1601
1293 1324
1249 1397
1292 1358
1140 1543
1271 1396
1312 1376
1314 1372
1350 1353
1404 1293
1305 1446
1283 1532
1379 1406
1383 1400
1259 1575
1346 1472
1347 1477
1449 1354
1265 1597
1371 1487
1279 1616
1360 1522
1552 1320
1454 1421
1297 1619
1482 1393
1405 1482
1462 1427
1378 1530
1438 1463
1534 1373
1341 1588
1418 1516
1560 1369
1228 1767
1436 1519
1547 1424
1524 1444
1511 1461
1361 1635
1584 1390
1472 1540
1505 1503
1442 1578
1487 1554
1565 1486
1491 1567
1450 1621
1356 1773
1459 1645
1475 1632
1474 1638
1189 2191
1129 2320
1538 1623
1644 1510
1608 1551
1365 1880
1518 1665
1300 2069
1266 2178
1407 1848
1523 1680
1645 1577
1607 1615
1606 1622
1579 1650
1749 1509
1535 1718
1627 1636
1596 1662
1849 1478
1568 1749
1618 1674
1519 1851
1623 1678
1193 2575
1479 1932
1684 1670
1662 1721
1768 1648
1468 2107
1602 1837
1626 1815
1634 1818
1647 1810
2114 1498
1673 1824
1659 1839
1619 1915
1732 1779
1779 1743
1628 1927
1723 1829
1707 1873
1667 1908
1787 1766
1706 1883
1718 1877
1692 1924
1655 1978
1711 1909
1730 1890
1798 1844
1772 1895
1806 1902
1778 1969
2165 1682
1753 2073
1808 1995
1910 1899
1834 1993
1852 1971
1720 2183
1819 2033
1858 2001
1693 2250
2607 1514
1936 1942
2041 1863
2168 1746
1844 2098
2169 1765
1922 2002
1863 2100
1880 2082
1887 2080
1890 2078
1796 2217
1985 2018
1951 2064
2068 1938
2029 1996
1917 2132
2005 2049
1901 2165
2154 1886
2252 1822
1829 2259
2098 1937
1947 2136
1679 2465
2099 1951
2437 1686
1918 2216
2086 2023
2149 1958
1942 2219
2145 1992
2024 2187
1909 2285
2383 1811
2067 2144
1870 2360
1862 2376
2140 2071
1920 2327
2125 2108
1931 2313
2178 2035
1939 2321
1973 2298
2093 2175
2138 2127
2128 2145
2123 2155
1531 3223
1967 2347
2152 2147
2104 2236
1854 2506
2059 2307
1903 2492
2216 2188
2133 2288
1955 2489
1874 2607
2230 2261
2268 2240
2430 2066
1919 2644
1940 2623
1945 2621
2155 2406
2120 2463
1977 2639
2147 2436
2360 2234
2475 2117
2225 2388
2327 2304
2280 2381
2209 2438
2111 2585
2081 2665
2061 2718
2512 2228
1855 3035
2428 2312
2199 2552
2681 2131
2167 2605
2420 2412
2227 2634
2349 2503
2285 2576
2076 2886
2367 2515
2301 2629
2229 2732
2079 2932
2352 2564
2749 2265
2560 2397
2176 2830
2353 2628
2665 2350
2452 2509
2401 2638
2695 2401
2806 2328
2685 2433
2438 2618
2554 2514
2531 2534
3232 2205
2495 2586
2369 2773
2409 2727
2544 2562
2329 2871
2264 2984
2403 2777
2335 2868
2314 2930
2537 2624
3112 2366
2590 2669
2469 2799
2072 3697
2447 2822
2492 2794
2731 2598
2730 2608
2450 2874
2414 2953
2588 2780
2706 2730
2683 2745
3641 2241
2384 3145
2476 3066
2127 3952
2517 3056
2577 2988
2294 3694
2569 3009
3463 2468
2984 2699
2534 3091
2536 3083
2708 2908
2504 3178
2923 2757
2987 2737
2673 2979
2893 2801
2675 2991
2742 2945
2800 2897
2882 2840
2818 2902
2649 3076
2772 2957
3088 2740
3526 2536
2841 2912
2954 2834
2904 2907
3730 2432
2805 3025
2474 3600
2759 3089
2511 3542
2866 2993
2879 2992
2523 3545
2604 3372
2346 3981
3078 2885
2770 3182
2656 3369
2769 3213
2617 3447
2763 3264
3059 2947
2753 3300
2761 3377
2881 3211
2793 3424
3094 3071
2592 3838
2812 3488
2967 3279
2982 3292
2978 3295
2959 3319
2972 3303
3065 3198
3732 2686
2913 3429
3127 3202
2949 3432
3579 2904
2546 4013
3409 3136
2803 3805
3438 3120
2911 3661
3069 3479
3062 3511
3415 3171
3281 3323
2851 3856
3051 3580
3121 3533
3201 3461
2918 3799
3287 3416
3134 3570
3241 3490
3133 3613
2735 4014
3086 3655
3194 3588
3009 3776
3035 3755
3328 3499
3387 3453
3130 3704
3139 3702
3076 3786
3044 3809
3720 2975
3651 3090
3367 3553
2961 3915
3060 3850
3235 3719
3091 3866
3101 3912
3577 3433
3039 3958
3601 3389
3237 3889
3656 3304
3572 3510
3408 3778
3626 3382
3197 3927
3315 3879
3476 3739
3557 3747
3587 3807
3607 3857
3473 3984
3613 3877
3646 3836
3543 3956
3590 3931
3708 3756
3665 3899
3474 4066
3683 4086
748678880 1735922398
1
sift 234
1307 1531
59 43
16 8
89 44
1800 2250
212 226
74 64
145 143
284 251
154 146
165 165
277 325
218 264
291 227
355 360
278 267
287 263
378 386
302 275
301 284
474 366
300 304
353 246
411 456
318 301
305 370
435 475
400 372
381 483
502 515
434 467
450 466
523 688
423 529
403 585
580 662
469 510
476 521
577 679
488 541
594 583
756 652
608 671
585 719
698 729
657 650
692 668
636 806
663 696
699 691
723 845
733 658
708 689
787 789
571 890
688 756
714 896
833 656
720 807
1068 711
662 928
776 781
803 996
782 803
802 792
810 1002
751 879
848 901
1007 1146
859 986
891 932
1038 1117
899 915
893 995
1066 1109
951 969
910 1044
1037 1176
977 1051
984 1124
1124 1213
976 1143
1117 1079
937 1694
1130 1162
1225 1191
1178 1261
1161 1291
1175 1285
1120 1428
1093 1371
1205 1348
1110 1467
1199 1357
1255 1301
1311 1519
1107 1528
1271 1400
1419 1362
1314 1443
1281 1558
1374 1520
1356 1442
1754 1154
1597 1300
1219 1746
1378 1581
1381 1596
1534 1437
1267 1756
1460 1515
1472 1569
1394 1607
1351 1683
1411 1660
1335 1721
1517 1529
1418 1686
1365 1769
1423 1833
1511 1673
1487 1711
1493 1763
1520 1775
1673 1739
1592 1967
1602 1930
1662 1870
1856 1776
1599 1969
1798 1798
1701 1982
1985 1685
1623 2006
1528 2308
1724 1913
1717 1984
1830 1909
1634 2122
1694 2046
1740 1991
1667 2109
1778 1965
1677 2125
2154 1718
1919 1921
1721 2235
1692 2201
1808 2030
1811 2128
1806 2089
1628 2440
1932 2254
2059 2124
2098 2123
2343 1968
2005 2268
1863 2427
2184 2263
2138 2142
2252 2034
1949 2581
2024 2318
1950 2408
2016 2538
1870 2574
2093 2324
1688 2918
1966 2483
2086 2365
1959 2636
1852 2946
1832 2961
2273 2570
2430 2393
2544 2347
2307 2756
2404 2607
2450 2601
2482 2603
2805 2370
2346 2760
2015 3316
2214 2915
2127 3161
2501 2693
2685 2672
2384 3041
2726 2803
2457 2919
2889 2732
2960 2822
2954 2745
2818 2884
3149 2880
2349 3496
2826 3020
2684 3294
2697 3257
2881 3082
2787 3245
2675 3370
2649 3405
2830 3234
2656 3441
3129 3053
2387 3838
3122 3106
3498 2909
3176 3352
2849 3435
2731 3644
3274 3427
2753 3664
2819 3730
2903 3668
3313 3415
3051 3564
3068 3619
3060 3587
2759 3873
3620 3324
3076 3650
3237 3679
3483 3872
3616 3442
3572 3502
3560 3561
3474 3684
3127 3879
3590 3617
3430 3881
3771 3144
3684 3771
748678880 1911602604
1
sift 204
51 43
3187 3370
121 128
118 111
108 126
135 127
161 173
132 130
181 170
189 189
165 216
166 217
187 219
204 229
263 242
222 201
225 218
365 408
213 243
239 273
423 550
257 248
267 280
461 524
278 283
252 311
488 538
292 328
298 316
694 647
300 340
319 360
833 669
327 364
352 342
728 798
376 410
413 411
931 815
429 467
468 514
864 1019
472 511
526 517
942 1294
374 772
571 597
1327 1006
634 621
593 713
1076 1239
692 697
688 704
1265 1071
659 765
699 729
1230 1165
802 797
2000 481
1356 1186
840 870
893 803
1360 1227
859 878
844 884
1279 1486
906 844
874 900
1454 1506
903 882
899 889
1720 1759
754 1043
870 952
1666 1901
1032 786
1140 735
2081 1967
814 1138
704 1497
2040 2271
947 1027
882 1129
1664 3118
910 1092
900 1177
1754 2867
1023 1004
977 1076
2301 2258
1058 1141
1150 1318
2396 2390
1199 1313
1214 1327
2673 2443
1171 1426
1379 1195
2414 3429
1308 1286
1290 1393
3408 3029
1432 1314
1251 1600
2918 3451
1446 1437
1411 1514
3712 3058
1422 1521
1475 1507
3525 3344
1462 1586
1418 1683
1691 1441
1487 1615
1472 1657
1546 1626
1577 1583
1602 1640
1407 2004
1776 1531
1430 1964
1610 1686
1645 1691
1729 1681
1936 1565
1798 1672
2029 1608
1742 1814
1588 2096
1724 1887
1718 1916
1802 1888
1890 1817
2771 1412
1620 2222
2086 1753
1765 2065
1911 1928
2808 1456
1623 2317
1779 2108
1628 2334
1841 2070
1904 2019
1926 2009
1985 1970
1778 2192
1948 2040
1868 2174
1781 2383
1951 2286
1844 2432
2209 2078
1966 2339
2717 1725
2024 2325
2163 2207
2268 2148
2219 2326
2284 2429
2569 2223
2327 2492
2762 2156
2252 2617
2104 2991
3230 2091
2531 2468
2332 2766
2457 2720
2279 3109
2360 2914
2584 2633
2413 2874
2214 3332
2743 2685
2644 2903
2619 2950
2711 2926
2498 3306
2712 3070
2691 3111
2848 2921
2738 3055
2580 3225
2833 2962
3232 2692
2720 3104
3007 2808
3069 2849
2875 3079
2769 3236
2993 3032
3422 2795
3173 2974
3488 2821
3455 2852
2979 3240
3409 2987
3076 3324
3474 3121
3438 3169
3558 3211
3592 3449
748678880 1960691938
1
sift 66
123 97
182 164
165 166
189 152
1211 885
239 207
302 276
1437 1739
352 311
365 334
1468 1834
400 367
472 396
1573 1687
532 399
488 439
1836 1808
720 413
663 461
1943 1865
571 628
776 639
2121 1781
859 599
798 773
2155 2127
984 894
1093 1196
2296 2061
1219 1114
1098 1332
2452 2093
1327 1247
1214 1495
2401 2318
1432 1315
1324 1860
3043 3150
1776 1331
1585 1520
2814 3439
1454 1800
1904 1571
1926 1575
1666 1813
1602 1988
2252 1576
1673 2126
1815 2027
1530 2635
2035 1902
1973 2174
1754 2718
2027 2404
1919 2617
2214 2431
2301 2488
2656 2792
2826 2996
2675 3275
2918 3065
3408 2865
3122 3285
3477 3264
3473 3288
3474 3385
748678880 2046133546
1
sift 444
277 329
17 23
44 37
46 55
25 21
540 597
36 35
121 91
56 51
34 48
1267 1264
55 42
864 892
74 85
51 53
1178 1378
60 69
1211 1433
87 97
61 65
1554 1032
62 68
1518 1359
135 132
68 67
1310 1398
102 83
1454 1556
145 148
115 109
1337 1482
108 134
1596 1854
166 164
132 106
1460 1579
146 161
1874 1691
161 180
137 237
1381 1688
165 191
1622 2249
167 198
199 194
1335 1784
177 175
1955 2092
202 204
189 207
1632 1764
204 201
2078 1975
218 216
222 203
1528 1978
225 209
1889 2169
231 227
241 214
1991 2062
236 222
1995 2374
246 260
223 241
2343 2222
257 233
2923 1892
305 298
252 246
2254 2894
267 230
2452 2582
318 283
266 256
2829 3076
271 248
2401 2994
302 305
263 285
278 266
2984 2520
298 310
293 255
240 312
2814 2681
400 352
292 281
276 318
2793 3057
342 432
300 334
319 335
386 441
327 347
352 338
395 450
356 343
479 297
381 487
365 389
376 410
367 536
385 411
429 391
454 434
499 348
403 442
431 578
485 381
482 382
488 512
461 403
434 433
596 609
518 386
511 398
663 576
422 479
374 546
608 648
483 451
590 376
748 567
413 550
450 515
587 731
468 502
595 409
571 768
476 494
472 508
733 777
579 423
583 436
833 739
520 520
611 454
776 805
526 542
380 958
859 745
618 565
486 760
798 873
629 611
617 622
931 906
610 645
682 587
951 939
574 692
585 708
942 1023
593 737
702 661
984 978
678 703
688 713
1076 1030
699 720
659 773
1327 1038
692 729
728 724
1093 1260
852 672
805 716
1265 1197
751 793
730 830
1169 1314
772 801
801 782
1225 1379
885 740
802 832
1219 1423
973 702
840 799
1383 1338
820 831
761 885
1432 1304
862 810
704 1001
1560 1418
848 861
851 870
1608 1557
874 865
903 878
1535 1782
870 921
891 929
1796 1539
899 931
920 938
1602 1699
947 951
878 1020
1325 2284
894 1015
1146 826
1552 1996
945 997
980 968
1662 1923
879 1149
977 1050
1863 1737
910 1185
1107 941
1779 1817
1023 1161
933 1356
1673 1964
1153 1051
1228 1024
1667 1991
1180 1081
1458 922
1754 1983
1140 1141
1566 895
1623 2319
1388 988
1176 1168
2154 1824
1230 1143
1161 1258
1815 2224
1171 1273
1150 1318
1942 2105
1276 1195
1200 1319
1919 2137
1087 1437
1413 1121
1854 2214
1207 1382
1199 1410
2005 2170
1362 1222
1209 1417
2199 1960
1249 1380
1306 1348
1627 2659
1379 1268
1290 1400
1951 2290
1360 1333
1297 1413
2252 2166
1350 1351
1435 1295
1858 2680
1405 1337
1251 1527
2230 2293
1346 1554
1505 1383
2329 2303
829 3526
1654 1284
2327 2357
1345 1643
1462 1534
2335 2566
1744 1279
1444 1625
2227 2840
1610 1474
1472 1626
2425 2533
1475 1662
2029 1250
2279 2948
1474 1675
1511 1678
2414 2794
1430 1762
1487 1729
2560 2593
1418 1850
1407 1905
2534 2675
1599 1674
1776 1535
2675 3082
1645 1703
1634 1726
2949 2934
1802 1665
1647 1786
2523 3532
1624 1813
1798 1722
2987 2960
1707 1830
2088 1588
2685 3490
1727 1826
2781 1297
2839 3368
1812 1781
1723 1896
2730 3641
1757 1872
1628 2123
3476 3049
1720 2006
1841 1877
3577 2940
1620 2216
1781 1999
3122 3431
1963 1886
1904 1972
3438 3272
1936 1946
2258 1727
2841 3674
1868 2056
1872 2095
3478 3326
1778 2217
1890 2102
3474 3349
1926 2084
1948 2051
3473 3501
1939 2113
2128 1908
3771 3711
1973 2094
1909 2178
1901 2186
2342 1790
2219 1873
1887 2238
2086 2028
2111 2021
2069 2096
2115 2037
1724 2517
2451 1810
2040 2251
2123 2164
2104 2175
2274 2020
1985 2317
1966 2346
2163 2179
2268 2089
2067 2287
2024 2336
2100 2310
2222 2225
1870 2577
2026 2447
2442 2026
2081 2436
2284 2269
2209 2320
2954 1838
2473 2133
2093 2502
2301 2365
2126 2571
2087 2638
2061 2700
2285 2430
2106 2624
2928 2003
2138 2640
3159 1925
2332 2440
2127 2686
1937 3068
2314 2516
2060 2924
2430 2397
2349 2505
2413 2480
2788 2281
2369 2587
2584 2425
2531 2469
3367 2120
2379 2696
2396 2666
2747 2443
2513 2642
2196 3311
2853 2420
2518 2661
2450 2791
3232 2333
2448 2853
3084 2393
2569 2798
2469 2952
2583 2800
2360 3314
2198 3619
3230 2441
2544 2978
2861 2664
2724 2833
2980 2676
2692 3014
2595 3147
2796 2898
2696 3113
2720 3079
3144 2821
3069 2884
2785 3231
3187 2851
2769 3327
2593 3525
2878 3215
2881 3309
3181 3003
3644 2690
3234 3341
3525 3023
2983 3520
3488 3167
3128 3483
3409 3315
3492 3255
3212 3494
2941 3646
3134 3554
3662 3075
3207 3672
3065 3693
3616 3445
3410 3701
3712 3663
748678880 2080441786
1
sift 475
465 384
18 18
11 12
74 78
16 16
61 54
427 446
42 40
41 38
140 103
156 189
62 56
505 493
144 120
87 87
139 143
285 219
102 75
719 584
119 162
95 119
229 229
260 256
109 112
1307 1460
262 234
115 105
218 283
277 287
129 142
1736 1891
273 261
145 133
296 351
293 295
154 140
1800 2043
324 361
146 149
355 348
301 309
164 144
2231 2566
378 386
166 158
381 468
356 365
165 169
2832 2381
435 559
174 204
470 503
476 522
202 187
2272 2963
502 554
267 193
705 617
503 529
200 282
3468 2369
580 659
257 240
756 650
585 717
266 246
2745 3015
698 754
240 304
691 769
778 746
291 258
2551 3650
668 790
287 269
680 838
675 920
278 276
3426 2850
695 960
292 288
815 888
714 1025
251 326
2926 3370
940 800
276 314
768 995
1110 994
318 278
3614 3284
1335 919
299 305
1117 1002
945 1329
325 307
999 1197
319 342
1088 1171
1337 1037
329 341
1051 1272
327 364
1073 1377
1056 1301
342 356
1175 1276
358 360
1560 1077
1038 1492
429 324
1178 1304
374 396
1167 1519
1255 1414
367 444
1393 1263
437 398
1293 1397
1306 1356
434 432
1310 1497
450 475
1351 1490
1120 1711
414 561
1267 1593
468 497
1423 1718
1362 1531
486 494
1374 1527
548 465
1663 1538
1366 1583
488 528
1460 1502
520 597
1493 1700
1438 1529
606 514
1381 1642
526 734
1702 1605
1554 1570
608 611
1735 1549
596 641
1535 1964
1523 1647
629 618
1528 1996
593 688
2010 1601
1592 1912
663 645
1510 2133
610 722
1627 2006
1599 1932
634 706
1694 1945
637 764
1863 1849
1626 2049
708 692
1774 2145
688 740
1873 2046
1858 2041
685 751
1991 2071
686 755
1917 2097
2069 1943
678 774
2501 1805
699 771
1828 2284
1808 2298
733 749
2343 1953
885 634
1919 2342
1887 2392
692 818
2016 2522
639 897
2146 2183
2430 1961
865 714
2307 2187
772 781
2281 2146
1918 2606
751 825
1811 2848
769 809
2267 2299
1870 2650
804 788
2211 2444
782 826
2350 2686
2067 2436
727 893
2254 2839
776 832
2199 2851
2475 2422
712 926
2441 2626
802 823
2329 2738
2349 2717
761 873
2338 2840
833 812
2420 2692
2015 3656
819 865
2273 3043
879 843
2576 2708
3581 2195
859 866
3591 2223
921 828
3149 2545
2544 2785
864 907
2530 2999
793 1012
2665 2838
2492 2887
874 924
2550 3026
848 955
2772 2954
2314 3545
881 921
3229 2762
866 943
2800 2942
2285 3781
947 880
2829 3150
891 946
2708 3036
2346 3964
899 938
2787 3208
870 1015
2826 2947
2788 3663
948 930
2726 3476
916 975
2780 3323
3065 3286
951 980
2684 3775
910 1024
3577 2796
2881 4112
903 1029
2903 3518
893 1055
2982 3519
3127 4283
932 1072
2960 3709
977 1049
2949 4167
3760 3255
1041 999
3536 3485
978 1156
3176 4015
3523 4298
1164 1039
3475 3916
1245 993
3339 4107
3771 3652
1158 1107
3483 4064
1113 1143
3587 4191
1161 1139
3567 4258
1042 1267
3568 4364
791 2025
1207 1178
1152 1240
1379 1090
1093 1308
1251 1245
1200 1323
1171 1381
1173 1400
1107 1534
1222 1421
1281 1341
1271 1349
1314 1449
1356 1407
1405 1384
1435 1395
1360 1491
1432 1426
1695 1202
1297 1673
1472 1495
1228 1847
1340 1680
1534 1486
1579 1439
1292 1752
1482 1556
1462 1576
1459 1579
1418 1672
1488 1631
1369 1773
1140 2251
1749 1432
1429 1737
1491 1675
1511 1691
1565 1649
1588 1659
1489 1758
1785 1518
1568 1749
1506 1868
1645 1750
1602 1842
1985 1591
1798 1688
1407 2317
1707 1820
1877 1693
1520 2248
2154 1606
1722 1898
1623 2044
1879 1799
1673 2038
1847 1841
1411 2611
1778 1917
1619 2139
1724 1991
1667 2096
1779 1993
1585 2326
1628 2255
2040 1812
1922 1975
2088 1826
1716 2226
1844 2077
2519 1624
2128 1881
1796 2203
1936 2076
2064 1951
1757 2297
2149 1890
1963 2074
1977 2138
1890 2236
2607 1663
2098 2028
1718 2530
1901 2295
2268 1938
2005 2222
1862 2398
2059 2182
1951 2319
1904 2390
2024 2274
1926 2394
2151 2124
2327 1987
2252 2045
2111 2199
1931 2439
1760 2655
2093 2294
1973 2523
1967 2561
2332 2134
2115 2375
2749 1863
2138 2395
2284 2267
2167 2430
2214 2476
2470 2185
2222 2487
2209 2509
2227 2618
2335 2624
2294 2697
2487 2511
2301 2775
2706 2486
2127 3326
3232 2371
2448 2872
2414 2946
2531 2813
2413 3061
2534 2892
2685 2878
2730 2867
2656 2952
2968 2724
2839 2809
2409 3395
3088 2765
2569 3256
3069 2801
2197 4293
2559 3339
2954 2916
2577 3343
2720 3185
2427 3906
3399 2895
2884 3279
3134 3087
2731 3665
2918 3406
2812 3748
2823 3832
3478 3065
3122 3359
2913 3713
3462 3141
3476 3138
3558 3103
2778 4095
3159 3552
3035 3726
2941 3951
2769 4186
3039 3928
3009 4023
3241 3848
3078 4008
2911 4245
3066 4193
3409 3914
3130 4205
3474 3866
3316 4100
3090 4259
3076 4265
3692 3479
3592 3795
3616 3738
3395 4139
3060 4333
3230 4272
3430 4174
3543 4210
3410 4315
3572 4203
3237 4372
3590 4246
