768479201 781759124
1
sift 711
64 64
49 53
25 28
90 96
207 205
30 32
63 72
86 86
37 35
316 389
667 691
36 39
92 93
106 100
39 37
338 383
875 760
41 44
113 105
120 118
50 52
351 393
1005 1026
51 48
144 136
119 146
59 73
337 424
1298 1066
67 70
214 220
161 172
78 65
403 447
1163 1165
80 101
230 227
216 125
105 82
498 482
1286 1364
107 84
329 427
192 198
102 94
414 568
1401 1293
108 98
458 544
313 308
117 103
509 686
1538 1215
112 110
588 569
385 446
109 137
600 603
1567 1579
132 117
654 629
418 421
118 128
590 621
1688 1570
127 130
697 626
571 593
135 144
740 762
1775 1552
138 139
733 731
611 681
150 167
805 820
1269 2308
157 168
741 759
616 715
158 171
1291 619
2010 1441
173 165
714 789
781 766
168 182
861 795
1983 1875
166 187
878 800
791 827
159 211
824 861
2230 1779
190 193
846 860
848 837
212 183
904 869
1988 2075
191 212
894 902
832 948
197 217
896 903
2039 2171
186 246
876 940
893 921
215 219
995 918
2026 2419
213 230
962 1041
1043 973
255 208
978 1046
2330 2558
231 242
985 1051
1553 768
239 244
1135 1081
2597 2627
227 270
1000 1048
1040 1176
254 256
1168 1144
2687 2566
237 292
977 1073
1296 1082
256 266
1293 1242
2456 3008
250 283
1249 907
1251 1116
234 314
1315 1244
3123 2356
260 300
1004 1229
1129 1275
299 275
1311 1299
3097 2582
287 317
1106 1142
1242 1170
309 328
1319 1373
3086 2703
315 320
1172 1084
1243 1352
304 349
1470 1335
3136 2721
280 388
1199 1103
1681 1202
307 357
1626 1382
2929 3027
319 352
1277 1208
1495 1546
303 378
1341 1699
2852 3126
308 379
1353 1171
1733 1621
334 375
1889 1241
3295 2984
296 453
1533 1100
1676 1687
342 386
1551 1497
3451 3003
330 414
1406 1257
1826 1651
366 380
1750 1554
3435 3296
423 334
1362 1309
1654 1871
389 372
1896 1480
379 400
1402 1420
1657 1893
457 331
1541 1810
341 460
1481 1468
1711 1914
360 458
2367 1851
395 452
1316 1662
1769 1894
410 467
2118 2126
399 485
1622 1453
2346 1493
413 477
2354 2000
506 416
1606 1463
2070 1786
428 466
2061 2288
442 471
1620 1521
2110 1812
424 498
2448 1941
437 483
1641 1542
1747 2217
427 508
2581 2114
436 492
1325 1987
2059 2017
408 562
2379 2366
461 505
1565 1595
2038 2185
504 488
2339 2450
435 556
1518 1667
2131 2165
477 531
2567 2315
459 554
1895 1519
2438 2260
447 596
2369 2489
472 581
1659 1767
2472 2361
478 579
2721 2256
476 585
1509 2019
3066 2106
539 567
2476 2528
483 623
1929 1600
2451 2583
613 530
2942 2253
531 605
1796 1777
2670 2439
497 646
2537 2796
554 606
1437 2581
2798 2731
577 594
2466 3125
555 613
1958 1881
2827 2807
558 637
2500 3156
681 558
1830 2057
3045 2942
584 649
3268 2490
553 687
2066 1825
2923 3151
526 713
3199 2931
496 754
1874 2066
3326 2756
575 679
3274 2888
615 683
1950 2032
3443 3075
624 684
3393 2649
631 682
2009 2018
3188 3603
623 714
3149 3271
789 616
2120 2037
580 778
3406 3455
722 692
2301 2034
769 678
746 701
2389 1981
657 756
666 738
2282 2158
602 893
675 815
2303 2266
719 777
731 773
2519 2272
713 793
717 799
2580 2309
809 732
670 859
2602 2323
720 818
639 912
2788 2234
807 753
758 801
2430 2502
801 761
793 792
2364 2674
780 819
810 814
2652 2440
829 808
743 915
2765 2825
738 931
811 855
3300 2461
630 1087
773 920
2962 2906
709 989
819 871
3134 3254
798 911
687 1050
2854 3476
841 896
845 924
3207 3214
851 941
872 935
3469 2723
931 867
888 922
3434 3224
747 1113
899 939
3388 3330
867 1017
920 984
3352 3437
1007 916
837 1117
3304 3496
974 982
900 1096
3311 3500
1039 985
1036 997
3397 3475
999 1070
975 1086
3445 3642
1088 1010
1048 1063
1134 1005
1035 1091
994 1163
1030 1137
1012 1156
1067 1102
1384 952
1121 1099
1061 1158
1158 1095
1263 1044
1089 1173
1234 1089
1183 1126
1188 1131
1212 1127
1079 1267
1206 1169
970 1473
1218 1190
1224 1199
1153 1290
1161 1303
1220 1256
1365 1132
1001 1535
1485 1074
1214 1296
1302 1223
1270 1265
1156 1415
1301 1270
1379 1201
1236 1375
1290 1319
1330 1286
1258 1430
1091 1653
1272 1456
1345 1380
1381 1355
1392 1371
1440 1308
1331 1437
1326 1451
1292 1499
1487 1291
1436 1353
1416 1389
1528 1262
1417 1396
1723 1168
1216 1640
1438 1394
1409 1444
1358 1502
1396 1467
2102 1056
1478 1404
1444 1435
1475 1408
1714 1218
1200 1790
1427 1481
1452 1470
1459 1474
1405 1575
1809 1236
1400 1608
1497 1500
1576 1431
1308 1754
1512 1492
1682 1381
1426 1620
1504 1549
1493 1561
1632 1462
1548 1539
1149 2231
1996 1260
1642 1517
1516 1603
1633 1531
1843 1388
1954 1316
1645 1530
1563 1589
1515 1641
1878 1383
1640 1550
1463 1788
1698 1605
1678 1631
1704 1622
1850 1527
1702 1632
1339 2236
1728 1644
1627 1761
1677 1712
1590 1869
1595 1865
1877 1599
1752 1711
1687 1807
2011 1537
1700 1806
1460 2159
1720 1809
1790 1716
1713 1821
2127 1501
1672 1903
1884 1674
1894 1670
1669 1929
1816 1742
1860 1725
1831 1775
1712 1935
1787 1882
2239 1529
1763 1918
1909 1746
1794 1899
1838 1841
1608 2140
1856 1832
1891 1868
1892 1872
1791 1980
1927 1834
1862 1904
1741 2040
1864 1921
1756 2054
2161 1694
1922 1973
1829 2071
2182 1726
2000 1931
1939 2015
2036 1919
1910 2043
2314 1675
1981 1996
2357 1664
2008 1994
2506 1598
2169 1910
1978 2135
2179 1953
2277 1852
2377 1768
2124 2029
2081 2076
1697 2506
2068 2098
2106 2061
1915 2248
2320 1883
2287 1920
2176 2036
2231 1985
2165 2073
2111 2153
2108 2157
2166 2109
2428 1885
2248 2058
2164 2154
2096 2213
2121 2207
2216 2122
2199 2161
1976 2398
2288 2100
1932 2452
1965 2422
2181 2228
2241 2163
1931 2486
2150 2261
2168 2269
2132 2329
2444 2069
2422 2087
2209 2298
2316 2227
2267 2279
1893 2833
2222 2364
1569 3625
2332 2319
2003 2872
2404 2284
2344 2342
2224 2515
2223 2541
2564 2220
2307 2436
2107 2880
2140 2775
2145 2773
2557 2312
2319 2548
2383 2469
2198 2936
2868 2205
2883 2210
2469 2472
2257 2816
2720 2320
1847 3609
2660 2369
2559 2482
2378 2770
2524 2607
2493 2639
2553 2572
2501 2638
2494 2664
2447 2763
2673 2521
2595 2601
2690 2527
2733 2504
2484 2817
2480 2843
2528 2755
2551 2715
2731 2531
2530 2785
2574 2701
2541 2787
2639 2640
2589 2758
2455 3059
2659 2704
2810 2568
2771 2598
2587 2919
2471 3132
2766 2655
2437 3216
2759 2695
2813 2645
2353 3375
2796 2688
2859 2661
2773 2778
2931 2597
2872 2681
2457 3297
3137 2500
2586 3118
2840 2768
2869 2741
2906 2714
2633 3119
3053 2618
3122 2595
3084 2644
2882 2885
3176 2584
3138 2612
2822 2981
2705 3144
2907 2905
3315 2517
2943 2910
2958 2898
2910 2962
2638 3313
3344 2520
2836 3110
2819 3176
2835 3177
3068 2897
2892 3120
2948 3080
3235 2750
2985 3073
2953 3111
3012 3064
3002 3079
3079 2994
3179 2913
3258 2823
2984 3158
3104 3023
2851 3282
3338 2732
2987 3190
2981 3234
3033 3189
3127 3097
2784 3448
3065 3228
2843 3428
3330 2940
3189 3164
3375 2839
3110 3252
3054 3300
2744 3547
3208 3222
3152 3274
2947 3430
3286 3130
3474 2634
3333 3145
3180 3376
3280 3286
2926 3585
3203 3432
3351 3325
3349 3403
3216 3591
3421 3453
3470 3419
3395 3597
3438 3634
3361 3665
768479201 850672740
1
sift 65
1788 2994
43 85
102 112
264 395
397 508
253 234
307 409
319 354
392 533
276 426
366 387
1440 2571
488 505
436 425
422 694
2124 1924
718 690
442 743
533 700
2199 1991
908 1014
602 833
810 951
1939 2385
1419 1599
1038 1041
1071 1431
2108 2963
1371 1775
1234 1307
1173 1420
3354 2626
1517 2164
1378 1288
1381 1679
1321 3152
1308 1932
1258 2326
2342 2068
1405 2167
1502 2013
2156 2419
1691 2105
1723 2249
1829 2871
1687 2469
2036 2020
2461 2585
1704 2679
1876 2591
2976 2584
2169 2510
2165 2521
2444 3102
2401 2247
1809 3330
2420 3172
2318 2900
2499 3075
3420 2578
2254 3853
2911 3340
2660 3351
2690 3346
3360 3824
768479201 858943217
1
sift 126
42 64
102 108
197 254
126 146
132 143
150 144
264 302
254 256
253 232
307 352
276 336
379 451
319 329
366 337
334 398
409 430
436 421
481 426
459 621
422 538
450 453
410 544
800 1102
613 519
462 526
442 620
863 1197
631 840
621 465
602 663
1596 1818
761 771
639 799
675 773
1712 1967
718 921
683 823
810 747
2124 1827
908 967
1184 733
966 842
1939 2155
1017 1132
845 1068
1088 867
1849 2293
1030 1153
1121 908
1013 1231
1993 2182
1076 1291
1071 1426
1378 1232
2199 1954
1224 1283
1158 1447
1326 1372
2121 2365
1216 1387
1153 1473
1381 1408
1962 2576
1419 1333
1361 1507
1308 1622
2108 2540
1410 1586
1615 1356
2298 1076
2140 2519
796 3672
1285 1865
1258 1948
2727 2636
1754 1379
1502 1569
1576 1536
2743 2955
2216 1337
1645 1570
1809 1493
3354 3106
1516 1964
1723 1580
1633 1909
1748 1809
1603 1993
2036 1644
1523 2136
1910 1803
1756 1995
1861 1914
1691 2108
1704 2298
1782 2060
1829 2019
1687 2398
1858 2205
2106 1937
2169 2133
2151 1997
2156 2014
2111 2377
1876 2373
2342 2029
2337 2142
1897 2589
1924 2581
2193 2492
2539 2009
2370 2450
2396 2423
2461 3212
3017 2062
2254 2624
3450 2351
2401 2907
2570 2718
2902 2943
2785 2710
3065 3047
2959 3263
2952 3312
3223 3316
3068 3493
768479201 1078340171
1
sift 148
339 362
49 49
138 129
120 125
503 364
161 187
166 198
192 203
876 937
414 630
224 182
254 220
846 1511
571 525
231 281
250 285
1509 1566
667 603
234 365
287 318
2677 2445
611 646
293 373
303 408
2304 3187
791 827
341 424
360 411
2563 2686
893 782
395 458
437 443
3274 2601
848 1045
477 489
554 462
1043 896
408 640
488 675
978 980
613 570
661 604
1040 1005
696 626
660 735
1538 959
657 806
666 799
1681 1013
731 824
713 852
1495 1534
854 884
837 967
1769 1578
899 953
1039 1002
1654 1846
1079 1118
1035 1168
1657 1847
1225 1096
1224 1134
1733 1786
994 1408
1270 1189
1676 1854
1153 1308
1212 1313
1747 1790
1331 1336
1267 1416
1774 1783
1512 1245
1290 1469
2110 1579
1272 1497
1327 1486
1882 2000
1878 1229
1426 1595
2330 1730
1548 1513
1849 1382
2038 2100
1493 1704
1677 1544
2118 2137
1396 1966
1720 1592
1983 2384
1637 1702
2226 1339
2070 2308
1653 1804
1791 1683
2059 2481
1794 1751
1861 1689
2438 2430
1944 1710
2179 1676
2670 2293
1831 1983
1556 2404
3066 2089
1864 2014
1938 2192
2567 2472
2350 1831
2182 2028
2464 2811
2029 2236
2151 2092
3136 2369
2033 2250
2808 1655
2451 2985
2416 1984
2331 2163
2760 2876
2222 2406
2501 2215
3326 2709
2146 2700
2943 2040
3451 2786
3123 2270
2378 2821
3330 2175
3068 2358
2551 2684
2589 2654
2660 2665
3137 2446
2859 2723
2819 2942
3033 2834
3054 3107
3209 3055
3314 2869
3333 3065
3404 2841
3298 3346
3435 3257
3361 3689
3203 3719
3462 3620
768479201 1375567567
1
sift 253
11 18
16 33
45 56
41 42
34 36
82 116
96 102
60 73
102 130
117 136
256 168
132 152
107 165
150 158
197 256
228 247
168 253
253 224
299 332
254 257
252 272
315 314
319 318
264 264
307 345
345 368
276 417
389 336
334 377
366 406
459 641
392 438
436 492
461 479
769 477
422 543
410 562
462 509
790 540
450 514
428 592
457 569
662 777
468 617
442 665
615 570
1065 789
695 539
561 661
537 694
1392 1263
806 519
548 691
577 701
2298 907
603 676
563 750
809 663
1158 1645
718 667
664 697
610 844
1346 1439
631 804
639 833
675 793
1615 1496
685 791
758 766
683 849
1815 1664
761 875
746 837
810 872
1756 1929
702 953
794 964
864 893
2124 1968
706 1083
844 963
845 979
1523 2835
646 1373
900 1008
919 1118
1939 2261
932 993
908 1026
1183 913
1993 2516
946 1063
1014 1051
1121 1006
2140 2405
1165 967
1088 1024
1007 1087
2121 2490
1050 1173
939 1228
975 1305
2108 2523
1076 1183
1067 1214
1214 1250
2785 2336
1020 1328
1230 1125
1061 1457
2669 2775
1071 1279
1114 1242
1365 1179
2727 2764
1009 1533
1156 1400
1234 1321
2743 2779
1221 1329
1102 1623
1326 1390
2676 2908
1364 1404
1409 1322
1292 1475
3354 2514
1361 1486
1378 1423
1013 1984
1337 1507
1308 1527
1173 1824
1204 1673
1144 1815
1459 1491
1419 1494
1754 1223
1285 1764
1371 1666
1258 1827
1601 1477
1771 1318
1264 1927
1236 2103
1471 1637
1405 1819
1576 1691
1502 1749
2000 1406
1323 2149
1527 1820
1645 1675
1632 1711
1517 1845
1476 1913
1633 1810
1729 1790
1809 1680
1843 1803
1746 1831
2087 1636
1691 2193
1829 1921
2068 1775
1910 1997
1868 2028
2007 1959
1840 2228
1846 2133
1876 2105
2008 2030
2035 1986
1819 2251
2036 2007
1706 2447
1759 2437
2514 1731
2137 2127
2161 2035
2231 1983
2342 1950
2106 2144
1965 2318
2156 2268
1723 2683
1909 2520
2539 1883
2515 1911
2401 2032
2151 2324
2142 2360
2169 2334
2013 2535
2633 1918
2288 2331
1998 2575
1858 2857
2447 2278
1634 3470
2570 2213
2318 2456
2196 2567
2396 2390
2319 2543
1961 3070
2325 2585
2107 2954
2554 2460
3017 2124
2254 2715
2426 2618
2404 2604
2165 3130
2198 3067
3450 1998
1956 3570
2655 2513
2373 2869
2557 2699
2461 2867
2129 3472
2347 3152
2470 2870
2340 3079
2564 2834
2749 2645
3102 2450
2576 2977
2673 2832
2499 3121
2493 3268
2323 3415
2370 3388
2948 2975
2902 2824
2897 2840
3212 2792
2790 3065
3284 2723
3122 3150
2952 3052
2636 3438
2488 3669
3119 2976
2825 3314
3065 3295
2772 3440
3355 2981
3223 3521
2696 3598
3063 3337
3139 3588
768479201 1472528885
1
sift 312
65 53
2 6
11 19
49 44
118 124
25 33
92 81
120 102
59 80
91 179
138 140
80 110
339 339
161 221
102 85
180 211
167 187
126 134
433 522
192 228
109 157
337 388
302 446
173 171
671 669
351 378
256 141
316 434
360 425
168 263
733 636
582 626
191 242
509 747
437 464
254 247
834 791
667 623
234 281
611 720
476 521
231 286
962 1140
781 644
250 271
1070 671
485 527
237 285
1137 1243
906 818
228 377
965 756
408 618
303 319
1291 1234
848 974
280 355
1040 876
554 569
304 330
1509 1085
978 948
319 333
1243 1239
526 598
334 371
1106 1471
1164 1166
348 402
1986 1038
722 672
341 416
1830 1313
1680 911
395 462
1622 1496
747 980
399 550
1951 1666
1733 1415
450 504
1654 1617
899 898
376 605
2429 2055
1657 1768
478 513
1676 1771
974 931
477 515
2190 2649
1769 1661
459 551
1747 1753
1279 1145
525 535
2369 2403
2109 1740
613 512
2330 1624
1463 1117
1048 410
3393 1858
2038 1893
596 614
1988 1990
1416 1225
715 570
2677 2731
1914 2010
631 625
2220 1786
1682 1086
602 691
3407 2336
1983 2068
666 639
2230 1956
1426 1364
675 699
2719 3576
2118 2126
810 616
2698 1878
1428 1368
657 727
3397 2843
2070 2239
639 762
2567 2041
1789 1121
658 783
3274 3202
2333 2306
713 725
2438 2351
1421 1663
731 744
2464 2366
799 745
2451 2388
1398 1865
854 739
2670 2258
793 839
3326 2462
1787 1618
902 734
2751 2444
837 893
2750 3540
1677 1760
888 856
2597 2703
885 905
3295 3259
1702 1892
845 984
2852 2776
759 1189
2760 3628
1878 1756
911 956
3097 3143
1030 935
1652 2102
976 985
3089 3321
1104 922
1741 2150
1035 965
3086 3447
1039 966
1931 2004
994 1005
3353 3624
1206 908
2209 1965
1019 1036
996 1164
2029 2167
1001 1255
1224 1059
2226 2071
999 1299
1153 1173
2332 2019
1350 1018
1270 1102
2383 2123
1158 1220
1723 895
2164 2371
1381 1093
1214 1230
2416 2152
1156 1332
1301 1277
2586 2145
1331 1247
1267 1319
2248 2502
1326 1357
1290 1404
2224 2712
1436 1293
1339 1446
2469 2365
1444 1351
1512 1310
3137 2211
1615 1296
1396 1512
2501 2753
1497 1438
1976 1170
2378 3306
1756 1308
1323 1925
3150 2435
1405 1836
1493 1701
2819 2761
1699 1569
1548 1743
2551 3373
1850 1479
1627 1742
3124 2616
1720 1670
1714 1763
2859 2928
1640 1927
1691 1875
3054 3240
1975 1574
1794 1744
3286 3083
1712 1886
1860 1723
3435 2964
1831 1803
1600 2095
3341 3496
1791 1876
1876 1784
3462 3565
1862 1906
1751 2029
2320 1538
1939 1887
1763 2061
1864 1987
2166 1718
2003 1935
2179 1780
1915 2046
2277 1724
2350 1653
1945 2075
2108 1929
2140 1911
2139 1918
2111 1980
1893 2290
2198 2027
2121 2112
2494 1830
2151 2129
2136 2143
2182 2142
2199 2141
2420 1979
2145 2229
2273 2137
2216 2274
2345 2205
2512 2113
2208 2536
2508 2378
2570 2330
2516 2426
2649 2333
2660 2364
2521 2541
3063 2195
2599 2533
3203 2230
2603 2609
2757 2493
3368 2222
2785 2679
3330 2295
2589 3160
2948 2822
2499 3499
2937 2901
2961 3052
2744 3389
2943 3159
3224 2857
2965 3230
3216 2888
3298 2936
2638 3623
3033 3525
3180 3474
3280 3432
3288 3498
3167 3604
3360 3569
3357 3622
768479201 1584042216
1
sift 64
667 633
138 118
293 339
791 756
341 425
360 434
1041 1463
437 476
477 479
1495 1443
554 482
666 752
1774 1984
731 728
713 815
1882 1857
773 865
837 935
1964 1937
899 920
1039 1019
2059 2081
1018 1083
1331 1168
2438 2411
1512 1124
994 1785
2852 2819
1267 1474
1290 1494
2923 3101
1494 1498
1548 1579
3326 2789
1677 1584
1720 1580
3451 3518
1944 1575
1861 1743
1794 1837
1864 1773
1294 3646
2226 1880
2197 2098
2350 1910
2033 2351
2416 2084
2331 2283
2222 2772
2501 2640
2589 2605
2508 2886
2378 3117
2859 2851
3137 2668
3150 2702
3033 2853
3123 2836
2819 3161
3298 2808
3404 3149
3435 3124
3344 3363
3426 3847
768479201 1724217577
1
sift 86
470 488
138 127
173 146
1964 1346
234 274
293 321
1988 1976
341 390
437 462
1983 2548
477 469
476 619
2070 2509
657 693
773 653
2464 2655
666 733
731 737
2456 2895
713 772
854 797
2597 2906
837 961
899 942
2852 2964
1035 1064
1267 936
2774 3138
1018 1247
994 1352
3097 3241
1331 1023
1153 1275
2923 3501
1290 1300
1220 1372
3193 3422
1270 1336
1416 1355
3451 3455
1512 1290
1327 1590
1272 1773
1635 1423
1426 1634
1548 1573
1850 1421
1677 1752
1396 2277
1720 1782
1637 1899
1794 1849
1751 1897
1864 1864
1860 1908
1975 1967
1945 2117
1831 2406
2350 1837
2033 2242
2494 1822
2226 2093
2029 2412
2248 2223
2808 1788
2416 2049
2003 2639
2222 2552
2320 2607
2208 3042
2508 2652
2501 2708
2551 2680
2638 2704
2378 3142
2469 2992
2589 3254
2675 3269
3124 2839
2819 3182
2669 3512
3068 3369
3137 3329
3333 3292
3426 3144
3459 3611
768479201 1735922398
1
sift 53
2852 2920
138 143
173 165
234 251
341 475
437 540
476 696
596 754
713 781
837 1117
899 1124
1039 1114
1079 1184
1035 1334
1018 1429
1331 1156
1153 1371
1220 1443
994 1756
1272 1442
1267 1467
1512 1301
1290 1596
1976 1352
1751 1776
1677 1982
1720 1967
1548 2308
1944 1885
1794 2046
1860 2109
1864 2128
2226 1991
2350 1930
2494 2034
2332 2263
2248 2756
2501 2803
1975 3731
2378 3294
2497 3234
2589 3245
3137 2822
2638 3249
3123 2879
3068 2915
2675 3267
3033 3106
3150 3020
2819 3349
3351 3121
3404 3440
3298 3684
768479201 1911602604
1
sift 148
161 189
30 43
102 92
81 116
62 64
1788 2429
126 127
169 319
173 216
197 273
203 234
253 247
334 408
227 265
254 249
436 426
447 489
276 310
319 342
639 723
438 538
311 627
397 511
810 671
409 644
587 391
505 487
845 1000
408 669
488 517
597 475
800 1069
736 602
423 635
613 597
966 975
631 810
626 685
761 731
1254 876
1023 877
657 878
729 841
975 1083
1030 1071
668 909
854 921
1156 1249
1206 1053
849 955
908 951
1214 1233
1272 1186
1017 1209
1153 1226
1326 1323
1224 1239
1187 1343
1419 1221
1381 1387
1396 1796
1158 1493
1331 1314
1723 1118
1850 1506
1371 1303
1216 1532
2036 1187
1555 1779
1337 1464
1410 1397
1809 1462
1712 1872
1615 1327
1578 1430
1633 1938
1860 1900
1754 1490
1335 2147
2298 1483
2124 1704
1699 1633
1603 1729
1691 2122
1637 2250
1546 1842
1602 1890
1763 2142
1556 2445
1374 2310
1638 1933
1956 3300
1939 1993
1748 1787
1609 2073
2757 2662
1893 2130
1523 2175
1829 1794
2948 3018
2199 2083
1561 2171
1756 1922
3280 3325
2121 2271
2182 1583
1803 1925
2198 2329
1816 1937
1786 2010
2108 2475
1862 1928
1858 1955
2727 2342
1876 2085
2360 1751
2744 2683
2156 1956
2003 2394
2539 1895
2337 2277
2033 2635
2422 2287
2370 2355
2444 2383
2427 2416
2420 2516
3063 2211
2469 2636
2494 2617
2461 2890
3309 2346
2785 2685
2660 2923
3224 2618
2777 2986
2902 2866
2499 3366
2870 2949
2970 2871
2840 3070
2909 3157
2959 3138
2961 3289
3355 2947
3298 3121
3221 3350
3061 3469
768479201 1960691938
1
sift 908
113 105
86 84
6 11
13 17
9 13
7 10
217 275
119 101
11 15
37 38
25 30
20 25
295 279
106 214
26 24
40 41
28 36
32 26
480 508
161 164
31 31
55 48
36 32
35 34
549 535
385 326
41 42
67 59
47 43
45 45
654 631
571 648
60 51
108 118
81 97
54 63
686 672
812 670
73 62
117 110
168 170
82 74
691 697
781 868
96 80
130 136
201 262
122 75
714 689
1242 1242
94 91
148 153
285 263
111 89
699 754
1482 1245
102 106
190 230
268 368
112 107
842 887
1455 1621
134 95
425 417
308 329
107 130
835 903
1514 1679
129 109
448 433
696 717
132 133
886 871
1676 1687
138 137
424 463
663 749
143 145
1000 971
1657 1808
150 148
428 478
790 812
157 152
977 1005
1857 1620
164 158
510 465
916 803
173 166
985 1102
1769 1739
170 174
558 547
1045 720
176 178
1004 1111
1747 1865
162 206
577 577
785 1236
215 179
1094 1092
1914 1878
191 201
606 623
999 937
196 200
962 1477
1826 2053
197 207
540 729
1270 1083
203 194
1238 1199
2110 1863
227 190
639 633
1149 1931
256 187
1059 1384
2038 2100
224 235
595 716
1396 1562
237 224
1137 1311
2070 2093
253 209
675 635
1712 1784
264 204
1383 1285
1930 2744
254 222
652 657
2298 1447
255 228
1268 1410
2022 2734
252 247
701 718
1791 1781
257 338
1362 1386
2333 2318
282 282
717 719
1981 1871
276 304
1325 1605
2451 2238
307 269
809 671
1714 2170
299 288
1353 1590
2699 2935
297 291
804 699
1831 2127
312 277
1530 1510
3187 2614
318 283
735 753
1758 3248
319 311
1509 1612
3039 2821
315 321
748 759
2345 2375
317 341
1533 1591
2827 3151
345 322
758 771
2660 2391
334 334
1565 1677
3045 3273
331 345
829 766
2914 2791
352 335
1606 1762
2751 3439
377 330
801 806
2739 2977
360 367
1929 1551
366 369
802 809
2689 3281
363 389
1766 1817
379 381
816 797
2771 3428
408 357
1796 1828
342 435
793 835
382 403
1619 2155
380 409
872 886
376 427
1958 1809
395 399
935 807
399 406
1906 1867
467 362
881 900
401 425
2009 1980
374 483
823 1089
392 454
1904 2094
410 440
851 1046
436 430
2237 2150
409 469
1001 873
437 438
2099 2272
534 388
986 938
407 491
3214 1673
413 492
1008 939
472 436
2266 2261
461 457
1007 1001
451 471
2044 2607
422 518
975 1100
476 461
2282 2314
459 472
972 1173
429 514
2301 2370
447 497
1067 1108
478 466
2467 2301
506 449
1134 1055
402 581
2834 2142
442 520
1156 1138
481 486
2311 2811
468 494
1189 1124
435 534
2498 2574
427 554
1210 1117
456 526
2667 2569
607 422
1214 1157
457 537
2788 2836
389 663
1188 1243
488 531
2765 2981
666 413
1218 1250
463 563
2602 3163
539 511
1116 1369
531 522
2547 3294
507 549
1474 1065
572 489
2812 3058
553 513
1365 1228
543 519
2989 2938
515 569
1292 1372
624 474
2767 3240
486 629
1061 1671
525 591
2928 3117
554 583
1409 1316
561 575
2951 3169
575 571
1375 1361
497 700
3207 3137
563 612
1386 1462
605 582
3135 3187
603 586
1487 1380
610 588
3436 2912
547 677
1436 1497
670 553
3300 3306
615 592
1666 1336
579 644
3437 3165
596 627
1738 1292
546 708
3469 3392
736 539
1465 1538
650 596
613 628
1497 1566
657 599
664 619
1449 1639
662 621
938 464
1563 1691
614 674
617 675
1909 1713
725 598
555 786
1827 1850
798 561
775 572
2016 1790
713 639
715 660
2008 1804
688 695
708 666
1840 2123
728 679
580 889
1928 2063
631 777
660 755
2094 1953
684 737
769 688
1965 2124
641 804
683 770
2097 2010
719 748
902 617
2106 2088
655 846
746 750
1956 2247
777 721
602 949
2437 1851
702 791
732 774
1946 2405
849 678
1140 556
2231 2274
761 783
767 787
2307 2296
720 833
786 762
2404 2352
794 767
763 838
2287 2528
855 733
753 870
2250 2692
752 872
706 920
2564 2293
889 731
844 808
2428 2479
845 813
797 880
2348 2616
840 843
847 853
2972 2147
694 1063
860 875
2374 2602
1026 732
841 933
2621 2336
920 830
963 788
2432 2579
888 878
856 921
2633 2510
899 894
871 940
2557 2599
723 1231
973 854
2447 2781
988 841
927 925
2583 2627
1048 828
858 1051
2455 2858
780 1194
810 1161
2595 2681
1097 829
1089 837
2883 2710
884 1020
950 942
3024 2686
796 1205
828 1172
3084 2654
943 958
901 1050
2948 2768
966 951
1023 926
2753 3000
933 1010
946 994
2723 3132
989 961
1020 973
2887 3026
1014 982
1030 988
3312 3067
1092 954
1010 1049
3035 3318
869 1272
960 1110
3122 3259
1036 1036
1085 998
3143 3284
1027 1072
1126 976
3336 3321
939 1171
1009 1099
3395 3260
1050 1075
1103 1024
3373 3411
1230 953
1191 983
1071 1112
1144 1045
936 1262
1076 1142
1165 1069
1183 1059
1088 1145
1111 1133
1056 1216
1123 1155
1139 1149
1114 1183
1062 1230
1152 1156
1351 1002
1057 1264
1115 1219
996 1346
1153 1196
1141 1207
1098 1244
1150 1200
1241 1128
1289 1095
1158 1208
1192 1177
1233 1176
909 1630
1055 1364
1169 1265
1200 1241
1084 1385
1234 1235
1065 1442
1237 1258
1288 1223
1496 1056
1201 1319
1302 1234
1206 1322
997 1582
1224 1305
1244 1295
1216 1332
1258 1347
1260 1353
1364 1255
1308 1317
1346 1286
1221 1423
1326 1320
1331 1315
1317 1337
1673 1077
1145 1555
1348 1344
1361 1341
1389 1325
1669 1126
1400 1324
1307 1431
1252 1498
1392 1357
1284 1469
1886 1035
1343 1406
1982 996
1263 1509
1378 1391
1332 1425
1448 1318
1299 1482
1282 1506
1339 1449
1463 1327
1333 1485
1323 1514
1459 1365
1371 1471
1395 1450
1266 1581
1369 1481
1417 1419
1419 1421
1349 1502
1285 1572
1381 1522
1410 1478
1508 1368
1642 1274
1616 1303
1467 1434
1424 1501
1502 1414
1601 1339
1173 1840
1124 1986
1754 1251
1360 1599
1304 1696
1403 1560
1408 1563
1594 1396
1809 1259
1471 1540
1458 1553
1405 1628
1710 1360
1645 1418
1438 1640
1615 1495
1444 1653
1450 1656
1357 1803
1771 1395
1516 1570
1478 1637
1726 1440
1699 1474
1492 1652
1639 1534
1576 1567
1527 1611
1652 1547
1476 1737
1500 1699
1382 1944
1515 1676
1597 1604
1632 1588
1792 1486
1573 1649
1627 1617
1528 1709
1602 1647
1994 1390
2221 1275
1571 1688
1789 1535
2021 1411
1575 1732
1862 1520
1633 1724
1603 1759
1729 1622
1704 1642
1407 2097
1628 1765
1523 1927
1634 1799
1767 1661
1746 1680
2095 1470
1759 1683
1748 1733
1918 1596
1829 1681
1671 1839
1640 1901
1728 1793
2147 1507
1683 1861
1724 1810
1815 1727
2141 1523
1679 1904
1900 1720
1682 1969
1894 1740
1607 2057
1949 1693
1892 1742
1763 1866
1850 1800
1819 1822
1799 1880
1782 1911
1861 1813
1891 1801
2058 1669
1833 1905
1846 1892
2000 1760
1856 1893
1605 2212
1817 1959
1944 1853
1879 1941
2183 1682
1871 1972
1559 2349
2098 1775
1939 1954
2035 1888
2114 1816
1723 2239
2056 1913
1868 2089
2494 1576
2027 1952
1943 2027
2132 1832
1812 2168
2909 1466
1910 2081
2180 1860
2137 1914
2124 1943
2068 2003
2228 1838
2157 1935
2087 1997
2036 2060
2051 2042
2089 2014
1863 2267
2199 1973
1993 2169
1998 2164
2151 2029
2013 2159
2489 1745
2112 2074
2136 2043
2179 2038
1920 2273
2034 2172
1706 2671
2142 2078
2121 2108
2145 2070
2161 2082
2045 2195
1961 2270
2108 2151
2375 1912
2107 2161
2081 2205
2227 2059
2209 2099
2169 2152
2133 2176
2003 2313
2134 2182
2350 1988
2156 2177
1897 2487
1822 2679
2515 1894
2033 2335
2198 2174
2086 2271
1932 2494
2139 2254
2342 2065
1555 3334
2196 2225
2155 2316
2048 2470
2402 2113
2175 2332
2165 2364
2163 2371
2140 2404
2615 1996
2202 2359
2318 2227
2182 2392
2192 2384
2390 2192
2360 2222
2268 2333
1876 3001
2177 2485
2629 2044
2216 2451
2049 2770
2314 2373
2254 2448
1992 2929
2310 2418
2219 2561
2461 2255
3203 1902
2539 2214
2319 2443
2309 2459
2260 2562
2129 2810
2380 2397
2370 2411
2514 2266
2599 2210
2457 2365
2716 2175
2493 2327
2444 2401
2355 2523
2292 2672
2381 2504
2232 2775
2420 2466
2347 2585
2340 2625
2349 2639
2491 2439
2445 2503
3017 2141
2395 2586
2532 2425
2082 3145
2488 2467
2325 2713
2396 2611
2612 2366
2655 2334
2659 2351
2554 2434
2334 2737
2521 2499
2323 2797
3249 2116
2524 2584
2543 2576
2499 2650
2442 2732
2096 3309
2264 3050
2426 2783
2186 3206
2541 2646
2362 2918
2926 2317
2727 2527
2490 2832
2785 2514
2511 2818
2619 2725
2238 3301
2790 2582
2603 2778
2674 2711
2623 2776
2517 2955
2450 3045
2743 2742
2673 2850
2730 2803
2862 2700
2625 2923
2772 2780
2712 2848
2920 2657
2693 2872
2749 2829
2590 2999
2782 2819
2666 2943
2669 2946
2952 2703
2822 2814
2696 2948
2860 2812
2683 2991
2691 2997
2897 2825
3475 2229
2959 2798
2902 2860
3063 2730
2575 3178
2803 2976
2522 3270
2842 2944
3068 2792
2646 3198
3299 2631
2937 2937
2794 3095
2886 3007
3450 2429
2679 3207
2867 3063
3054 2904
3166 2824
3087 2899
2889 3103
2720 3255
3021 3057
3354 2762
2830 3241
3150 2996
2869 3220
2820 3266
3130 3037
3180 3040
3026 3167
3177 3085
3013 3202
3053 3179
3083 3156
3277 3011
3419 2807
3001 3272
3470 2690
3036 3268
3206 3152
3033 3285
3280 3104
3139 3238
3171 3212
2912 3375
3079 3331
3344 3123
2965 3397
3329 3158
3103 3356
3355 3209
3075 3419
3223 3369
3318 3311
3357 3262
3351 3287
3298 3385
3365 3351
3364 3353
3303 3420
3402 3348
3466 3234
768479201 2046133546
1
sift 86
2827 3090
30 53
70 81
126 132
174 206
3089 3236
80 93
1850 1556
138 148
319 338
173 191
1758 1756
213 227
420 416
250 261
1712 1931
237 283
631 703
224 351
2179 2111
286 305
761 821
304 308
2492 1997
360 352
908 1014
293 450
2241 2540
302 487
1158 1373
376 567
2298 2532
437 513
1216 1536
476 576
2523 3357
408 739
1419 1317
736 626
613 768
1371 1386
657 745
899 978
1410 1421
837 1084
1079 1093
1556 1383
1039 1169
994 1264
1754 1717
1153 1260
1331 1304
1590 1872
1428 1398
1290 1688
1516 1973
1398 2087
1548 1978
1786 2085
1652 1923
1847 1950
1893 2245
1860 1991
2350 1699
2124 2037
1943 2224
2222 1960
2198 2094
1944 2278
2003 2308
1642 3312
2384 2061
2416 2170
2140 2446
2033 2575
2494 2166
2313 2387
2208 2894
2819 3290
2308 3043
2669 2673
3033 3431
3309 2519
3298 3349
3438 3711
3470 3268
768479201 2080441786
1
sift 72
1889 3559
1164 1347
138 133
302 468
477 554
173 169
1591 2405
224 238
722 790
837 1492
237 278
2597 3015
437 527
1416 1490
1039 1155
476 645
2852 2850
632 773
1426 2133
994 1593
657 866
2464 3650
713 832
2248 2187
1018 1712
1079 1297
2929 3124
1153 1308
2029 2692
1290 1642
1220 1449
3097 3370
1272 1407
2469 2410
1512 1414
1331 1426
1216 1783
2222 2851
1548 1996
1516 2389
1720 1912
3124 2545
1794 1945
1590 2297
1751 2174
2378 3775
1945 2422
1860 2096
1785 2394
2551 3323
1864 2848
2003 2138
1862 2326
2501 3476
2208 2839
2350 1842
2494 2045
3150 2947
2497 3151
2416 2222
3330 2447
3333 3519
2638 2999
2649 3126
2589 3208
3231 4150
3438 3652
3033 3359
3368 3511
3435 4015
3298 3866
3462 4258
