769617110 850672740
1
sift 85
67 89
906 758
330 294
89 82
249 226
868 1673
1456 1181
509 431
470 490
1498 1661
1311 2042
530 615
849 742
1763 1582
1973 1893
977 721
799 992
1804 2610
2712 1523
1065 803
1049 993
3341 3043
2003 2319
956 1068
1393 832
3467 3278
2746 2262
1140 1011
1093 1058
2681 2569
1338 1088
1381 1166
2633 2688
1339 1210
1184 1381
2852 2496
1480 1195
1463 1331
3708 3297
1403 1547
1728 1277
3369 3633
1482 1499
1330 1662
3469 3578
1511 1639
1752 1467
3612 3483
1586 1619
1759 1535
3536 3581
1801 1614
2047 1423
3965 3739
1956 1545
2275 1516
2026 1706
1859 2572
2308 2019
2710 1797
2518 1920
2234 2138
2400 2072
2432 2054
2376 2175
2468 2206
1964 2783
2402 2412
2117 2734
2704 2212
2457 2711
2711 2526
2597 2879
2856 2672
2851 2739
2613 3185
2799 2957
3767 2470
3739 2948
3510 3203
3372 3711
4111 3333
3517 3869
4149 3164
3946 3902
769617110 897658064
1
sift 125
88 80
113 90
255 420
119 131
214 250
758 945
235 234
264 241
967 939
419 599
673 373
796 1141
466 589
467 646
1486 1490
586 704
602 714
1615 1632
714 778
751 799
1453 2082
734 895
773 863
1834 1756
881 870
871 989
1387 2333
625 1479
915 1031
1308 2666
854 1156
926 1130
2104 1678
978 1157
1254 1428
1496 2456
1680 1232
1389 1822
1773 2160
1640 1533
1620 1718
1811 2279
1358 2068
1737 1636
2011 2282
1743 1644
1907 1541
2126 2313
1666 1860
1405 2243
1883 2794
1595 2269
2155 1891
2321 2788
1949 2065
1753 2508
2430 2727
1926 2262
2840 1848
2844 2555
2332 2292
2064 2692
2628 3165
2250 2646
2150 2738
2650 3149
2302 2615
2116 2797
2649 3221
2438 2560
2061 2949
2836 3182
2186 2918
2734 2395
2371 4008
2598 2569
2663 2506
2980 3157
2208 3033
2697 2583
2612 3965
2528 2790
2574 2761
3271 3038
2662 2710
2548 2912
3249 3615
2491 3036
1948 3959
3321 3788
2253 3518
2695 3025
3535 4021
3215 2504
2551 3381
3420 4244
2727 3117
2201 3902
3604 4091
3009 3063
2999 3180
3790 4066
3053 3156
2817 3685
3710 4255
3347 3099
3156 3315
3698 4279
3794 2924
3114 3536
3864 4185
3413 3420
3017 4085
4060 4160
3355 3674
3730 3473
3524 3683
3251 4047
3828 3619
3475 4027
3616 3994
3434 4253
4083 3819
4040 4281
4165 4179
769617110 1537327672
1
sift 247
45 64
88 92
113 114
60 66
49 104
235 253
214 259
115 97
122 134
254 286
278 297
132 123
97 174
264 289
334 266
148 151
133 176
323 434
546 649
215 239
234 252
307 583
671 764
251 261
259 293
419 567
763 884
351 283
328 380
467 490
789 949
436 328
454 349
492 613
919 1033
371 460
424 431
466 652
1139 1379
378 523
471 423
588 639
1298 1237
441 647
575 619
707 554
1529 1145
567 777
583 678
714 804
1388 1487
634 716
658 699
826 724
1389 1521
610 787
685 747
734 832
1387 1696
639 819
718 780
773 838
1506 1571
705 803
706 831
805 860
1501 1816
833 732
719 847
733 967
2171 1318
804 813
756 871
996 917
1745 1711
758 920
822 867
881 1026
1615 1891
829 870
838 887
1004 942
1568 1954
901 909
887 928
915 1071
1926 1960
998 858
933 975
871 1142
2538 2048
937 1014
895 1087
854 1245
2250 2281
1046 966
1090 1084
1254 1267
2239 2515
1323 1102
1215 1539
1496 1365
2371 2623
1333 1422
1438 1450
1708 1315
2612 2744
1430 1570
1680 1375
1504 1540
2628 2908
1272 1933
1486 1598
1358 1790
2844 2688
1842 1600
1640 1677
1620 1722
2643 2969
1826 1786
1541 1792
1743 1789
2650 2976
2135 1705
1907 1673
1666 1886
2790 2858
1883 2061
1877 1796
1753 1903
2813 2898
1919 2041
2145 1661
1526 2376
2747 3037
2195 2139
2297 1718
1949 2015
3578 2916
2149 2311
2065 2165
2188 2198
3150 3438
2158 2303
1990 2490
2208 2368
3794 2931
2196 2288
2298 2244
2115 2468
3278 3314
2136 2451
2061 2571
2302 2391
3370 3395
3552 1693
2150 2551
2620 2146
3624 3390
2203 2626
2332 2415
2591 2307
3348 3727
2474 2619
2663 2253
2491 2495
3596 3505
2272 2827
2774 2228
2662 2504
3199 3979
2580 2600
2024 3236
2551 2690
3663 3971
2449 3130
2340 2903
2528 2729
3785 4105
2391 3245
2695 2535
2574 2760
3978 4009
2822 2991
2734 2586
2548 2887
4138 3998
3112 2723
2201 3364
2598 3209
2447 3670
2840 2933
2896 2979
2719 3571
2736 3244
3053 3191
2940 3248
2733 3719
3009 3242
3015 3287
3231 3113
2817 3762
3050 3354
3152 3283
3114 3323
2980 3513
2997 3491
2999 3509
4080 2594
3262 3297
2976 3766
3186 3748
3355 3319
3266 3514
3256 3677
3491 3309
4096 2865
3349 3611
3347 3472
3644 3282
3307 3742
3224 3870
3069 4041
3677 3479
3550 3609
3391 3882
3556 3654
3710 3625
3475 3886
3915 3456
3604 3778
3705 3765
3445 3989
3542 3915
3621 3913
3813 3902
3828 3704
3694 3941
3863 3987
3792 3931
3733 4095
3680 4136
3730 4116
4083 4099
3899 4061
4037 4022
4165 4135
769617110 1928484021
1
sift 651
956 830
1481 1585
20 25
35 51
68 74
36 64
862 930
1770 1838
45 62
51 66
81 107
49 70
792 996
1785 1971
50 75
83 98
191 194
60 72
1339 1241
3171 1810
64 80
104 135
197 233
76 85
2446 2342
88 89
237 243
225 252
92 82
2597 2571
90 93
247 237
230 270
113 122
2613 2838
108 127
254 273
222 295
122 141
4149 3611
97 174
256 288
255 292
124 145
133 150
330 399
283 291
132 157
148 159
344 459
298 387
159 167
175 184
377 474
382 426
168 196
201 191
358 558
507 613
176 216
207 209
490 515
725 660
200 227
241 205
394 670
676 749
215 239
214 240
586 624
669 825
234 235
235 257
682 599
763 818
216 276
251 255
624 707
795 836
264 274
259 278
653 777
796 904
290 327
303 345
787 675
1094 868
317 343
318 358
616 902
967 1001
328 357
323 377
728 1072
968 1031
322 407
307 445
850 971
835 1168
373 369
441 328
882 953
964 1137
300 504
343 458
1036 1046
1060 1085
436 356
332 488
1025 1140
1085 1069
391 405
371 438
1048 1313
1032 1334
376 450
424 453
942 1489
1550 1077
489 385
378 511
1114 1392
1328 1212
419 499
454 473
1213 1351
1388 1275
471 485
473 492
1723 1082
1370 1311
467 513
381 616
1325 1286
1366 1598
533 469
495 520
1210 1437
1505 1492
466 561
449 657
1396 1277
1453 1603
517 565
511 578
1708 1201
1633 1474
566 550
535 594
1358 1491
1264 1848
549 598
575 582
1295 1588
1622 1617
567 634
583 625
1504 1398
1615 1714
602 605
608 656
1680 1315
1811 1544
648 617
618 651
1456 1546
1781 1613
610 700
637 683
1565 1470
2107 1417
580 746
531 806
1451 1691
1591 1851
707 644
692 665
1468 1737
1545 1976
671 716
664 743
1592 1622
1661 1880
650 769
684 722
1566 1675
2415 1572
658 767
685 764
1526 1715
1567 2543
639 820
705 775
1608 1667
2041 2046
714 774
631 942
2229 1236
2305 1884
751 778
746 792
1620 1678
2101 2125
706 863
734 824
1910 1526
2129 2112
766 794
719 858
1753 1720
2126 2124
730 842
802 788
1829 1749
2209 2170
789 810
758 838
1716 2067
2213 2275
805 805
773 850
2180 1707
2456 2138
733 934
804 851
2110 1822
2708 2007
829 835
806 862
2016 1988
2382 2475
826 856
794 888
2027 2048
2557 2323
838 844
822 865
2003 2201
2193 2814
833 874
913 891
2231 2143
2648 2657
755 1079
887 944
2187 2211
2650 2664
946 913
881 970
2253 2150
2986 2276
901 946
864 1022
2094 2377
2743 2629
947 940
998 903
2302 2351
2760 2728
895 985
933 959
1999 2771
2257 3433
1041 892
919 989
2186 2572
2625 3040
915 993
872 1050
2185 2662
2674 2996
1035 916
926 997
2491 2371
2672 3102
983 968
996 954
2592 2349
2836 3254
1004 951
1046 936
2712 2279
2998 3222
854 1134
1158 889
2746 2239
3150 3203
970 1091
1047 1028
2565 2721
3218 3279
978 1096
1090 1036
2681 2650
3422 3170
1078 1064
1007 1139
1965 3546
3284 3367
1088 1197
1126 1191
2633 2830
3242 3487
1306 1095
1010 1379
2384 3077
3168 3589
1139 1222
1084 1312
2758 2825
3370 3386
1267 1185
1326 1161
2322 3436
3304 3496
1315 1167
1234 1230
2919 2723
3348 3495
1254 1220
1246 1251
2594 3165
3535 3432
1301 1232
1183 1396
2573 3358
3249 3833
1215 1372
1363 1239
2840 2978
3418 3670
1273 1326
1252 1359
2845 3232
3630 3471
1239 1414
1842 1066
3156 2968
3804 3325
1389 1291
1372 1305
3654 2622
3783 3789
1333 1342
1517 1231
3012 3173
3800 3799
1438 1297
1323 1412
2863 3624
3891 3808
1506 1317
1272 1552
3090 3381
3697 4107
1430 1438
1387 1518
2797 3920
4089 3907
1400 1510
1496 1457
3009 3580
3826 4209
1486 1465
1452 1511
2766 4046
1555 1401
1510 1456
3355 3210
1501 1560
1598 1566
3536 3078
1640 1591
1260 2016
3243 3359
1595 1666
1745 1536
3133 3685
1298 2017
1418 1875
3672 3149
1991 1357
1850 1504
3048 3849
1899 1463
1656 1731
3316 3510
1570 1785
1773 1611
3052 3919
1813 1590
1709 1688
3523 3387
1743 1664
1637 1770
3433 3536
1543 1863
1541 1876
3063 4009
1737 1777
1776 1746
3538 3519
1616 1992
1666 1962
3037 4132
1852 1794
1907 1753
3616 3492
1883 1791
1494 2432
3708 3421
1826 1878
2628 1441
3613 3514
1949 1853
2333 1663
3503 3630
1810 2085
1712 2334
3369 3860
1612 2611
2021 1935
3333 3904
1926 2098
1919 2121
3391 3847
2135 1899
2111 1932
3602 3671
2391 1784
2064 2014
4074 3484
2289 1916
2043 2123
3709 3943
1974 2273
2179 2029
3769 3921
2195 2021
2298 1963
3832 3918
2143 2152
2188 2108
4004 4049
2550 1864
2250 2094
2115 2225
2171 2215
2088 2301
2022 2382
2414 2002
2196 2299
2239 2278
2206 2324
2216 2318
2533 2011
2192 2448
2319 2314
2325 2315
2332 2326
1928 2827
2514 2165
2203 2498
2061 2634
2241 2471
2543 2213
2149 2646
2358 2447
2272 2545
2408 2391
2455 2355
2578 2245
2662 2176
2614 2236
2341 2525
2383 2506
2024 2872
2201 2725
2150 2779
2412 2537
2642 2317
2340 2637
1917 3159
2266 2743
2659 2353
2551 2518
2623 2449
2649 2406
2619 2459
2352 2756
2140 2979
2740 2365
2401 2746
2410 2741
2610 2546
2526 2655
2574 2613
1921 3405
2580 2616
2406 2806
2839 2307
2528 2712
2474 2776
2663 2567
2310 2930
2449 2805
2447 2846
2695 2642
2548 2824
2855 2455
2611 2768
2790 2631
2555 2915
2734 2718
2777 2663
2571 2953
2811 2673
2774 2714
2813 2692
2606 2964
2886 2632
2612 3002
2736 2877
2872 2708
2643 3021
3215 2396
2324 3476
2896 2781
2941 2742
2892 2835
2598 3263
2733 3134
2844 3019
2862 3016
2822 3084
2538 3609
2673 3425
2940 3008
3053 2955
3224 2843
2968 3092
3161 2921
2817 3336
3683 2549
3950 2387
2719 3585
2980 3128
3356 2813
3136 2991
3078 3039
3152 3000
3112 3046
2697 3763
3436 2837
2999 3221
3000 3250
3080 3145
2832 3560
3457 2870
2966 3348
3164 3120
3015 3288
3380 2963
3251 3091
3114 3242
4006 2604
3229 3169
3120 3344
3222 3270
2997 3578
3184 3333
3532 3029
3187 3356
2928 3755
3199 3366
3680 2967
3198 3384
3349 3206
3261 3361
2897 3885
3289 3352
3387 3233
3179 3488
3363 3308
3596 3132
3231 3508
3413 3306
3271 3478
3307 3472
3320 3494
3318 3567
3160 3776
3794 3127
3278 3665
3552 3456
3475 3551
3069 4042
3671 3397
3542 3542
3515 3602
3491 3684
3897 3294
3482 3745
3547 3700
3556 3682
3506 3746
4073 3161
3871 3365
3550 3714
3604 3683
4096 3184
3608 3704
3557 3768
3361 3975
3748 3599
3561 3817
3593 3809
3706 3742
3621 3853
3828 3613
3624 3886
4001 3553
3668 3923
3677 3924
3792 3818
3758 3865
3411 4157
3710 3937
3716 3935
3588 4087
3445 4170
3694 4023
3733 4033
3863 3931
3877 3946
3757 4088
3978 3899
4047 3852
3931 4018
3860 4117
3997 4026
3899 4133
3839 4161
3940 4125
4040 4040
4143 3917
4068 4104
4118 4090
4064 4137
4009 4205
4157 4145
769617110 2119627969
1
sift 229
67 82
54 72
14 20
315 349
89 90
249 239
117 134
119 119
504 466
264 227
273 306
868 909
254 369
597 714
291 310
438 420
906 869
255 385
1097 1194
330 316
491 414
1498 1224
419 504
1480 1450
470 481
509 464
1763 1784
673 360
1586 2006
449 570
530 633
1955 1712
587 523
2376 2440
553 663
799 887
1922 2239
616 728
2432 2533
802 594
849 898
2293 2591
751 680
2468 2530
728 765
977 849
2991 2998
763 804
2402 2614
850 775
956 873
3109 3040
773 829
2711 2926
942 941
931 983
3326 2953
1004 929
3476 2917
1140 897
1065 962
3158 3496
1029 1082
4136 2767
1141 915
1049 1037
3309 3422
996 1621
3517 4168
1093 1094
1393 918
3481 3627
1299 1190
3910 3946
1164 1205
1492 1012
3329 3767
1504 1121
3981 3932
1329 1240
1338 1253
3834 4166
1358 1250
1456 1184
1380 1276
4025 4059
1254 1407
1680 1152
1585 1233
1213 1627
1339 1505
1482 1462
1295 1582
1615 1332
1463 1485
1737 1312
1344 1663
1530 1619
1400 1728
1595 1541
1511 1747
1608 1544
1708 1533
1728 1604
1468 1779
1583 1744
1730 1699
1666 1673
1592 1789
1752 1672
1260 2210
1388 2004
1859 1596
1311 2163
2229 1396
1801 1773
1907 1669
1965 1626
1940 1748
1811 1853
1956 1832
2026 1785
2016 1817
1964 1901
2047 1871
1949 1916
1786 2196
2117 1902
3518 1283
2587 1741
2308 1884
2126 1921
2231 2034
2275 2096
2287 2068
2351 2063
1858 2858
2064 2330
2186 2274
2234 2366
2254 2237
2150 2317
2400 2495
2712 1935
2003 2562
2063 2873
2250 2462
2528 2276
2452 2719
1973 2842
2302 2498
2518 2676
2434 2404
2208 2662
2851 2421
2491 2455
2187 2985
2725 2658
2565 2660
2574 2718
3201 2188
2772 2548
2672 2711
2597 2835
2633 2786
3082 2281
2953 2535
2681 2809
2790 2738
2788 2765
2650 2896
2906 2687
2671 3130
3156 2568
2817 2918
2856 2904
2852 2885
2325 3700
2457 3646
2919 2891
3037 2820
3530 2511
3009 2913
3053 2931
3084 3245
3131 2937
3012 3200
3749 3103
3740 2745
3242 3074
3780 3238
2649 4053
3411 2962
3767 3358
3090 3354
2863 3752
3739 3513
3433 3071
3426 3093
3510 3825
3730 2999
3284 3439
3372 4096
3523 3216
3654 3124
4111 3344
3243 3556
3369 3393
4149 3595
3348 3511
3469 3464
3557 3421
3602 3526
3611 3515
3536 3589
3503 3664
3879 3286
3475 3872
3911 3432
3709 3765
3973 3615
3995 3591
3719 4045
4082 3663
4029 3838
3953 4043
4059 3984
4040 4014
4165 4200
