850672740 858943217
1
sift 788
50 39
59 45
9 10
75 70
67 57
13 12
58 46
92 49
14 15
85 65
249 196
18 19
71 55
95 60
20 21
112 108
367 222
29 24
234 232
118 119
33 25
387 337
371 280
65 56
332 228
233 260
49 81
409 352
354 329
66 59
425 421
326 278
76 67
422 453
426 336
94 62
465 424
415 399
91 99
536 415
402 469
104 91
499 574
513 354
117 83
486 702
581 551
116 93
531 556
526 448
114 101
604 542
1279 1001
107 107
635 573
501 540
132 103
743 620
1388 1102
124 110
694 538
705 501
122 114
760 672
1185 1458
143 106
979 567
610 583
128 112
833 663
1575 1359
123 124
807 763
666 587
119 134
700 936
1969 1240
131 125
798 789
698 775
140 128
797 821
1203 2137
146 135
855 794
739 818
147 132
951 747
1393 1919
150 127
925 780
980 954
155 140
945 847
1884 1420
166 136
931 907
902 1167
170 147
1006 842
1803 1553
173 153
1013 878
1100 999
186 145
1169 939
1352 2223
187 156
827 1157
1295 1328
197 160
970 1287
1924 1827
213 155
1035 1212
1073 2056
175 190
1144 1200
1991 1954
209 159
1027 1439
1563 1542
204 174
1234 1140
2132 2186
218 168
1241 1251
1602 1534
221 176
1288 1232
2076 2409
235 163
1332 1247
1480 1658
245 162
1587 1372
2385 2155
223 191
1710 1170
2055 1793
225 194
1437 1557
2218 2480
238 223
1559 1445
2134 1870
262 246
1519 1558
2209 2820
264 271
1290 1816
2344 2280
296 237
1679 1408
2912 2520
275 261
1655 1436
2740 2267
283 259
1707 1536
2963 2540
266 294
1677 1592
2494 2536
285 288
1484 1902
2889 2659
281 300
1502 2091
3036 2136
337 266
1931 1623
2985 2585
313 282
2013 1569
2844 2288
322 277
2364 1446
2626 3106
303 299
2070 1578
2454 2716
312 315
2020 1644
3006 2637
321 311
1879 1809
3066 2640
325 309
2249 1580
3128 2763
301 333
1937 1865
3320 2654
295 340
2018 1846
2666 3432
352 292
1956 1908
3013 2966
343 298
1834 2110
3081 2955
361 320
2216 1847
3687 2603
349 343
2105 2108
3551 2804
353 350
2326 1948
3377 3185
385 328
3330 1493
2962 3605
375 344
1986 2423
3239 3318
363 358
2577 2003
3443 3293
374 351
2423 2197
3308 3483
368 367
2386 2246
3566 3418
370 400
2510 2133
3790 3137
392 373
2552 2125
3481 3521
404 378
3189 1708
3400 3633
411 376
2469 2398
3703 3452
388 409
2591 2373
3570 3637
330 464
2679 2298
344 466
2700 2325
3889 3463
410 405
2247 2907
440 375
2294 3127
405 412
2522 2898
424 401
3100 2472
365 481
2468 3443
439 425
2205 3612
437 444
3230 2539
458 439
2703 3138
460 440
2629 3287
477 429
3688 2675
419 487
3853 2624
490 438
3534 3148
468 461
3699 3230
517 434
3692 3441
488 467
3616 3684
511 452
504 489
523 473
508 494
455 605
556 479
565 484
574 498
552 516
544 521
528 554
631 485
606 513
570 555
611 548
548 611
620 545
672 512
569 613
624 565
633 562
638 557
561 650
733 527
699 577
692 594
706 597
681 631
657 660
670 651
777 571
788 576
756 601
653 708
576 793
674 689
726 641
693 722
800 617
752 659
764 665
709 748
745 714
661 828
747 730
875 632
688 812
765 725
868 669
654 916
801 724
867 688
690 921
809 739
762 783
795 767
780 787
883 723
815 778
885 742
792 822
986 687
962 700
782 858
804 827
803 833
832 810
872 805
790 892
802 877
838 831
886 814
969 771
941 807
947 804
873 890
853 914
921 862
920 871
888 932
1003 864
901 965
994 903
1351 683
1104 797
1030 881
1042 865
993 924
1031 889
1136 786
1001 929
971 958
1020 953
1057 926
1014 967
1051 942
974 1043
999 1056
954 1128
1045 1032
1265 872
1129 972
1162 978
1117 1021
1141 1013
896 1414
1247 956
1191 1010
1397 910
1208 1004
1244 979
1224 1005
1125 1094
1137 1104
1252 1006
1230 1025
1196 1074
1454 931
1175 1106
1188 1095
1174 1118
1178 1114
1166 1138
1067 1284
1222 1099
1356 1033
1302 1081
1305 1078
1235 1165
1280 1130
1542 981
1362 1093
1357 1109
1263 1211
1338 1139
1171 1292
1330 1148
1462 1066
1301 1171
1276 1219
1253 1272
1193 1379
1491 1112
1385 1193
1414 1191
1261 1340
1452 1210
1364 1273
1312 1338
1565 1172
1329 1380
1404 1320
1273 1463
1359 1383
1419 1334
1348 1404
1553 1249
1424 1341
1538 1264
1448 1321
1670 1163
1492 1301
1361 1443
1343 1459
1490 1316
1482 1331
1513 1312
1467 1395
1511 1361
1331 1541
1430 1464
1189 1776
1599 1333
1525 1405
1524 1410
1278 1655
1536 1422
1580 1390
1544 1442
1508 1490
1546 1486
2036 1144
1614 1430
1618 1434
1674 1384
1323 1775
2032 1183
1376 1735
1473 1631
1571 1556
1851 1297
1549 1574
1608 1527
1579 1566
1829 1347
1841 1358
1754 1450
1693 1509
1689 1525
1398 1877
1844 1417
1635 1601
1720 1529
1659 1588
1805 1474
1690 1573
1759 1520
1629 1677
1733 1577
1683 1627
1775 1554
1647 1674
1667 1667
1975 1444
1835 1547
2012 1427
1597 1800
1716 1684
1762 1652
1786 1629
1810 1616
1706 1713
1504 2044
1777 1651
1934 1538
1682 1785
1742 1722
2157 1477
1779 1728
1802 1715
1815 1709
2103 1551
1963 1625
1847 1739
1985 1634
1870 1759
1959 1683
1997 1688
2091 1630
1632 2192
2435 1491
1843 1858
1908 1790
1756 2051
1831 1923
2028 1717
1860 1901
1923 1828
2040 1731
1958 1806
1783 2059
1806 2053
2403 1594
1990 1853
1921 1932
2174 1733
2006 1879
2163 1763
1875 2057
2215 1726
2096 1807
1928 2001
1945 1998
1984 1939
2021 1910
1812 2207
2099 1851
2147 1833
1929 2086
2075 1913
2054 1950
2480 1694
1982 2080
2222 1843
2061 2005
1995 2083
2152 1925
2079 2006
1943 2165
2068 2029
2444 1756
1974 2141
2164 1963
2478 1760
2184 1980
2380 1830
2286 1889
2230 1972
2253 1974
1863 2399
1548 3182
2239 2012
2141 2102
2334 1927
2154 2109
1855 2467
2198 2087
2089 2170
1940 2354
2400 1921
2309 2050
2442 1973
2255 2120
2419 2014
2014 2405
2279 2168
2460 2054
2352 2145
1788 2848
2092 2389
2312 2206
2291 2250
2102 2448
2533 2090
2417 2185
2311 2272
2410 2204
2388 2228
2203 2375
2486 2159
2619 2045
2558 2117
2078 2517
2378 2286
2433 2255
2390 2289
2412 2285
2127 2525
2512 2233
2548 2201
1966 2750
2639 2135
2310 2415
2696 2101
2546 2253
2535 2278
2562 2261
2365 2437
2421 2388
2613 2230
2612 2240
2452 2387
2720 2169
3264 1805
2221 2606
1976 2992
2534 2368
3184 1869
2684 2275
2250 2653
2539 2417
2637 2335
2360 2583
2404 2547
2553 2422
2653 2333
2686 2306
2757 2243
2601 2396
2649 2360
2526 2482
2993 2100
2023 3119
2160 2881
2608 2411
2816 2235
2273 2741
2292 2729
2429 2668
2681 2444
2724 2424
2694 2474
2507 2651
2120 3217
2212 3079
2837 2382
2746 2499
3244 2163
2739 2535
2655 2629
2256 3180
2748 2529
2847 2481
3482 2116
2560 2831
2711 2660
2961 2446
3070 2400
2946 2503
2974 2496
3102 2421
2636 2883
3603 2191
2964 2558
2301 3442
2994 2566
3501 2287
2921 2650
2706 2925
3176 2511
3235 2473
2935 2678
2585 3212
2880 2740
2863 2768
2894 2730
3026 2641
2476 3381
3237 2510
2984 2690
2976 2717
3054 2667
3030 2712
3435 2479
3508 2436
3172 2633
2631 3360
2689 3302
3760 2326
3302 2617
3146 2721
3105 2759
2668 3368
2901 3024
3063 2842
2904 3029
2987 2939
2769 3228
2888 3087
2897 3096
3834 2339
2972 3052
2842 3268
3158 2941
3217 2869
3243 2839
3194 2899
3851 2410
3440 2724
2934 3271
3390 2796
3048 3174
3276 2915
3291 2911
3219 2985
3010 3263
3263 3004
3282 2994
2999 3312
3494 2808
3309 3017
3241 3094
3317 3032
3288 3069
3522 2826
3212 3163
3470 2896
3252 3123
3346 3036
3449 2943
3729 2681
3572 2871
3148 3306
3434 3033
3574 2891
3406 3081
3370 3129
3455 3066
3018 3536
3564 3002
3460 3125
3871 2649
3445 3159
3381 3225
3338 3294
3312 3324
3211 3414
3118 3525
3358 3305
3270 3393
3266 3402
3635 3061
3349 3335
3686 2998
3548 3162
3295 3412
3641 3146
3589 3232
3702 3114
3629 3222
3545 3344
3339 3540
3234 3643
3447 3511
3819 3140
3706 3273
3299 3632
3332 3613
3842 3133
3788 3245
3806 3218
3496 3564
3736 3333
3637 3465
3743 3437
3780 3435
3875 3260
3765 3542
3738 3631
3807 3638
3869 3577
850672740 1375567567
1
sift 751
50 49
59 56
18 26
111 116
67 63
20 23
71 73
118 122
23 24
112 130
354 318
34 32
85 97
233 261
37 35
234 224
371 388
53 47
297 314
326 289
65 64
409 345
415 378
66 77
331 307
346 348
76 85
387 406
426 417
82 78
465 449
402 508
94 94
425 492
538 556
91 99
422 514
501 461
93 101
635 522
797 746
117 106
536 455
526 465
114 111
594 586
1035 671
143 103
499 590
610 652
107 129
700 510
925 780
110 137
591 585
705 682
122 126
604 616
940 848
128 125
694 543
665 726
133 124
807 567
1185 1289
131 134
743 665
698 773
132 140
760 699
1388 1139
140 142
772 739
902 933
123 155
846 708
1519 1504
147 147
798 769
980 967
164 156
945 837
1352 1730
171 159
734 881
1274 1568
155 193
979 851
1393 1698
187 162
855 960
1480 1671
208 161
951 872
1443 1756
191 181
833 1061
2137 1251
209 173
1013 873
1575 1681
186 196
931 1007
1602 2364
213 179
1026 1044
1817 1542
175 209
1126 926
2308 1634
207 183
970 1208
2364 1644
204 194
1333 868
1924 1968
221 198
1270 1163
1991 1891
223 199
1233 963
2076 1932
225 195
1241 1248
1948 2294
226 207
1307 1321
2259 1931
237 228
1288 1423
2018 2237
277 239
1437 1469
2209 2376
296 255
1234 1806
2385 2261
255 293
1440 1622
2132 2674
337 237
1420 1824
2820 2338
283 270
1638 1507
2626 2514
305 265
1559 1711
2872 2314
303 266
1707 1691
2344 2863
275 297
1932 1527
2983 2252
313 278
1879 1697
2850 2375
266 370
1832 1803
2912 2404
315 295
1698 2035
2454 3119
321 290
1937 1764
2666 2794
317 306
2013 1749
2868 2535
320 302
1834 2128
2781 2633
312 341
2043 1897
2740 2682
325 340
2020 2007
2963 2523
352 316
2167 1819
2844 2746
363 322
2216 1913
2889 2827
333 363
2326 1827
3308 2515
365 329
2276 1984
3006 2763
342 352
2045 2187
3081 2779
388 309
2247 2032
3036 2835
391 311
2105 2193
3128 2760
370 331
2070 2287
2898 3110
385 330
1986 2390
3014 3026
372 358
2566 1926
3377 2803
361 403
2173 2386
3239 3182
404 384
3330 1680
3593 3022
400 407
2591 2105
3400 3296
450 338
2679 2166
3551 3140
440 361
2031 2692
3507 3261
423 399
2510 2334
3443 3347
414 420
2205 2673
3536 3340
437 433
2700 2288
3566 3310
460 442
2249 2683
3489 3448
405 494
2629 2635
3687 3264
452 462
2529 2457
3615 3451
482 427
2577 2776
468 474
2900 2456
3889 3498
490 468
2521 3130
502 458
2793 2641
458 529
2386 3412
533 438
3100 2636
551 437
2992 2850
508 470
2703 3413
504 485
3688 2614
523 487
3534 2613
344 820
3189 3097
522 500
3260 3121
544 482
3853 2715
547 491
3526 2880
527 517
3583 3253
552 524
3352 3081
548 545
3699 3360
564 539
3463 2982
542 580
611 537
3083 3496
606 546
569 584
574 577
570 596
561 619
730 493
620 593
687 553
670 575
657 603
756 520
652 629
643 648
702 611
727 604
693 635
777 597
726 647
709 673
733 678
752 677
668 778
749 707
838 655
695 786
764 729
677 896
835 731
830 755
832 758
697 958
901 745
843 781
809 823
815 829
883 776
762 898
899 768
856 814
921 761
867 817
803 871
886 809
870 824
782 918
873 836
907 825
962 796
891 866
941 840
746 1076
853 920
1003 798
974 842
1085 763
969 875
922 940
999 895
822 1096
1001 911
993 957
1031 937
1056 923
1051 936
1020 1005
1014 1026
1153 874
1141 919
1136 927
995 1112
1011 1109
1069 1031
1208 954
1095 1080
1229 996
1138 1071
1149 1073
1146 1078
1224 1022
1465 909
1359 961
1222 1059
1174 1108
1178 1107
1276 1041
1166 1145
1252 1081
1160 1192
1188 1164
1201 1159
1397 1034
1376 1068
1193 1223
1189 1232
1271 1149
1196 1236
1263 1172
1191 1273
1067 1523
2257 803
1317 1207
1331 1203
1302 1255
1253 1316
1260 1314
1301 1290
1255 1359
1454 1205
1414 1244
1385 1274
1535 1190
1552 1233
1536 1247
1280 1493
1448 1320
1424 1362
1327 1452
1419 1372
1343 1470
1489 1349
1553 1293
1521 1335
1534 1327
1404 1456
1468 1399
1467 1413
1490 1398
1504 1379
1430 1467
1513 1404
1392 1534
1670 1298
1515 1450
1508 1455
1171 1924
1525 1476
1622 1384
1609 1409
1551 1481
1361 1670
1618 1422
1659 1378
1623 1436
1569 1510
1608 1465
1600 1482
1599 1494
1601 1513
1805 1371
1473 1685
1690 1488
1674 1515
1462 1745
1733 1490
1544 1678
2000 1299
1763 1502
1920 1375
1701 1563
1499 1783
1689 1574
1720 1576
1749 1567
1691 1615
1580 1759
1851 1508
1651 1736
1762 1624
1782 1613
1973 1487
2048 1438
1511 1990
1775 1666
1666 1779
1810 1638
1524 2031
2053 1480
2399 1344
1742 1746
1844 1647
1683 1849
1831 1688
2273 1428
1731 1821
1758 1832
1777 1825
1968 1656
1870 1734
1855 1767
1963 1700
1908 1743
1815 1870
1891 1781
1958 1727
1909 1787
1976 1728
1903 1793
1790 1966
2163 1629
1966 1762
1843 1909
1783 1996
1693 2182
2598 1479
2091 1719
2033 1799
1652 2370
1890 1956
2152 1738
1860 2029
2147 1757
1925 1979
1745 2275
1990 1901
2154 1780
2103 1816
1959 1967
1636 2500
1983 1964
2072 1885
2089 1871
2174 1829
2099 1887
2021 1972
2068 1950
2015 2024
1997 2064
2309 1802
2236 1868
1940 2207
2444 1773
2022 2107
1928 2239
2124 2010
2230 1941
2403 1822
1995 2180
2310 1878
2676 1674
2061 2122
2206 2011
2380 1875
2311 1938
2075 2157
2400 1882
2054 2190
2401 1886
2378 1910
1934 2344
2500 1839
2253 2050
1974 2347
2370 1980
2255 2081
1779 2659
2115 2240
1992 2359
1922 2445
2002 2356
2491 1951
3568 1466
2650 1836
2307 2106
2203 2233
2283 2165
2696 1853
2623 1912
2398 2108
2312 2179
2460 2069
2120 2383
2292 2232
2360 2178
2219 2315
2141 2385
2480 2088
2412 2154
2321 2253
2535 2068
2410 2210
2432 2218
2512 2135
2476 2189
2387 2276
2602 2085
2837 1876
2419 2268
2486 2219
2575 2131
2221 2442
2388 2357
2711 2058
2553 2223
2871 1921
2588 2185
2252 2461
2534 2245
2390 2399
2408 2396
2184 2562
2343 2453
2293 2481
2440 2400
2409 2418
2558 2299
2010 2856
2027 2842
2102 2721
2383 2452
2352 2473
2664 2226
2243 2593
2583 2322
2639 2280
2757 2206
2533 2428
2526 2441
2724 2271
2452 2510
3325 1869
2637 2377
2507 2495
3212 1955
2649 2402
2322 2700
3042 2102
2453 2616
2874 2260
3234 2015
2867 2295
3184 2072
2728 2427
2127 3190
2153 3139
2537 2621
2187 3131
2345 3004
2279 3169
3099 2296
2601 2710
2505 2878
2597 2767
2455 2984
2730 2611
2799 2530
3264 2259
2746 2626
2585 2867
2655 2826
3427 2231
2883 2541
2488 3107
2519 3062
2539 3046
3834 1982
2625 2936
2748 2747
2778 2709
2888 2612
2761 2739
3190 2435
2636 3003
2948 2600
2689 2980
2842 2758
3063 2549
3266 2451
2964 2661
2959 2678
3109 2578
2828 2881
2893 2819
2987 2716
3321 2492
2894 2852
2974 2769
2940 2797
2826 2955
2818 3013
2866 2959
3054 2753
3390 2506
2884 2958
3130 2718
2517 3572
2783 3179
2984 2913
3490 2498
2763 3242
2961 2943
3048 2876
3118 2845
3529 2538
2976 3030
2880 3176
2999 3052
2972 3084
2891 3210
2797 3349
3338 2731
3018 3129
2921 3275
3176 2983
3219 2948
3194 2991
3252 2935
3332 2879
3156 3083
3169 3088
3434 2823
3449 2824
3102 3200
3010 3335
3243 3069
2904 3462
3658 2685
3603 2748
2706 3667
3030 3385
3302 3072
3312 3071
3235 3159
3273 3154
3291 3174
3826 2630
3501 3021
3634 2929
3381 3206
3385 3209
3282 3331
3574 3028
3202 3423
3455 3180
3293 3366
3628 3008
3556 3108
3470 3213
3541 3135
3669 2986
3456 3244
3263 3442
3348 3379
3629 3093
3582 3217
3572 3250
3201 3584
3807 2997
3543 3381
3627 3314
3510 3480
3641 3393
3522 3512
3494 3539
3760 3291
3411 3606
3479 3571
3637 3454
3742 3389
3447 3635
3558 3580
3619 3551
3680 3501
3788 3426
3782 3457
3711 3540
3472 3672
3706 3601
3738 3645
3806 3675
850672740 1472528885
1
sift 62
112 85
109 123
170 118
197 156
694 451
253 322
232 219
371 276
760 597
354 333
508 450
415 370
951 616
2385 1887
504 479
1273 279
833 691
2132 2214
622 537
745 722
846 887
2344 2182
690 1022
1357 845
2249 895
2912 1912
1491 917
2577 1035
1677 1545
2985 1894
2376 1187
1840 1568
2070 1421
2963 1929
2103 1504
2216 1458
2405 1436
2889 2207
1305 2897
2164 1542
1937 1791
3507 3384
2340 1657
2105 1875
1906 2061
2092 2117
2326 1821
2629 1597
3102 1936
1931 2190
2591 1784
2994 2287
2875 2422
3616 2426
3666 2255
3358 2612
3374 3300
3445 2632
3564 2657
3699 3038
3614 2690
3824 3569
850672740 1911602604
1
sift 374
71 60
59 48
52 71
112 92
415 409
63 68
234 247
90 62
93 79
299 289
1924 1704
117 77
425 426
118 133
114 93
604 561
1991 2083
143 104
422 450
249 220
107 151
635 593
2385 1993
154 109
760 689
253 228
141 138
951 671
2209 3051
155 146
1035 639
233 262
131 182
846 832
2889 2390
150 158
796 961
326 312
170 149
1388 1069
2963 2475
209 161
827 1054
354 342
197 175
1587 1323
3443 3361
221 171
1677 1392
426 310
159 233
1484 1605
3703 3414
225 178
2249 1118
371 411
245 177
2070 1373
223 191
1817 1686
428 414
232 198
2577 1386
210 271
2364 1492
526 473
266 259
1937 1945
275 251
2018 1888
666 516
285 253
1931 2012
283 279
2216 1765
610 591
295 265
3330 1462
287 278
2186 2044
698 760
296 286
2105 2122
313 302
2591 2085
739 845
343 276
2076 3049
322 295
2501 2305
980 1012
312 317
2247 3271
303 362
2326 2448
1100 986
368 309
2781 2568
323 378
2990 2684
1575 1129
392 353
2992 2970
375 367
3352 2519
1602 1280
411 348
3374 2971
405 387
3561 3000
1481 1422
344 464
3699 3172
397 418
3853 3201
1395 1676
423 446
477 441
1933 1307
460 456
507 403
1969 1575
518 445
523 484
2134 1777
504 518
508 511
2132 2070
511 531
419 663
2344 2219
495 564
685 453
2740 2076
455 673
552 547
3036 2175
556 546
544 570
3320 2389
570 558
606 543
3239 2488
569 579
611 613
3507 2540
561 685
633 618
3889 3333
745 571
677 634
692 668
800 578
688 681
788 605
653 732
709 692
747 721
752 716
765 707
924 617
835 693
780 751
815 766
809 779
962 710
885 763
886 787
888 839
907 818
805 936
928 851
838 1046
1191 750
804 1162
1014 951
974 991
1306 788
1454 777
1265 954
1136 1031
1247 988
1186 1038
1252 1003
1104 1144
1263 1016
1150 1101
1222 1045
1171 1113
1301 1015
1362 1017
1302 1050
1261 1205
1254 1215
1189 1374
1137 1480
1357 1247
1424 1220
1511 1152
1193 1490
1385 1295
1513 1210
1473 1251
1346 1372
1500 1257
1359 1411
1419 1358
1524 1273
1544 1265
1711 1115
1599 1221
1540 1302
1442 1415
1482 1404
1490 1417
1465 1460
1618 1321
1273 1646
1343 1571
1525 1477
1430 1549
1312 1684
1689 1348
1693 1361
1775 1303
1659 1442
1860 1304
1691 1473
1865 1352
1805 1461
1690 1536
1778 1525
1705 1596
1841 1513
1815 1545
1810 1567
1997 1479
1383 2196
1755 1688
2402 1469
1870 1793
2119 1625
1908 1771
1992 1716
1840 1889
2102 1667
1984 1761
2021 1755
2174 1653
1652 2279
2424 1582
2252 1666
2141 1789
2480 1613
2099 1855
2144 1823
1982 1982
1963 2003
2054 1935
2444 1679
2092 1908
2380 1726
2352 1758
1995 2089
2147 1976
2490 1743
2164 2019
2103 2066
2334 1880
2154 2060
2152 2073
1974 2270
2400 1910
2089 2189
2340 2009
2419 1956
2533 1885
2417 2024
2547 1948
2390 2112
2486 2094
2639 1965
2452 2146
2534 2080
2421 2185
2653 2030
2311 2327
1855 3027
2835 1959
1973 2828
2467 2299
2558 2240
2478 2301
2623 2190
2211 2561
2187 2615
2535 2320
2601 2361
2681 2313
2553 2421
2565 2412
2649 2346
3482 1819
2768 2262
3282 1973
3669 1786
2689 2451
3220 2156
2816 2460
2946 2385
2976 2414
2476 3044
2585 2890
2655 2830
3102 2383
3241 2319
2668 2837
3030 2518
2495 3320
3172 2516
2847 2833
3406 2480
3317 2543
3760 2295
2999 2855
3299 2649
3159 2762
3564 2468
3217 2797
3435 2652
3243 2836
3048 3060
3146 2968
3302 2834
3201 2912
3666 2538
2880 3368
3341 2875
3512 2727
3309 2949
3291 2979
3263 3053
3312 3022
3449 2866
3370 2961
3229 3110
3530 2857
3765 2638
3252 3156
3641 2767
3655 2772
3496 2942
3176 3288
3819 2650
3376 3123
3555 2994
3680 2889
3445 3240
3744 2918
3601 3124
3339 3378
3447 3342
3548 3276
3490 3354
3635 3219
3657 3197
3460 3396
3582 3295
3775 3174
3638 3341
3783 3179
3479 3496
3869 3351
3738 3501
850672740 1960691938
1
sift 176
71 51
354 311
34 27
1627 903
94 56
85 68
426 304
131 109
112 106
234 209
415 333
147 121
186 144
299 237
1388 919
213 135
176 220
409 269
1073 1960
270 226
283 282
387 369
1924 1943
352 301
397 299
536 309
1991 1973
460 378
425 430
694 518
2385 1954
533 454
611 423
760 558
2076 2218
638 506
772 584
797 731
2344 2234
733 794
856 707
827 734
3036 1927
962 711
945 750
833 949
2868 2159
1001 947
798 1078
951 1161
2963 2151
1136 866
1174 845
1307 1235
2209 3141
1265 799
1247 911
1288 1391
2626 2762
1188 1148
1414 1016
1437 1411
2913 2404
1454 991
1193 1251
1587 1320
3081 2742
1498 1027
1191 1307
1679 1522
3551 2652
1253 1297
1301 1287
1932 1317
3536 2991
1513 1255
1490 1280
1420 1840
3443 3291
1599 1421
1963 1184
1677 1627
3566 3239
1744 1439
1749 1444
2013 1414
3703 3352
1775 1471
1851 1416
2326 1347
2198 1467
1937 1572
1879 1733
1783 1848
1777 1885
1698 2082
2152 1564
2164 1571
2167 1628
2400 1518
2340 1575
2216 1737
2021 1797
1860 1994
2020 2060
1990 1856
2309 1766
2679 1642
2102 1984
2306 1830
2173 2040
3325 1378
2068 2065
2468 1866
2412 1929
2481 1872
2423 2103
3264 1498
2143 2207
2249 2239
1855 2638
2871 1681
1986 2611
1693 3107
1992 2450
2875 1939
1891 2653
3266 1594
2521 2364
1867 2909
2419 2177
2700 2205
2221 2393
2507 2171
2277 2699
2146 2604
2526 2209
2205 3409
2127 2641
2649 2189
2591 3001
2206 2698
2585 2255
3534 2186
2553 2288
2638 2244
2405 3435
2299 2777
3491 1880
3463 2442
2895 2213
2748 2555
3260 2650
3252 2237
2987 2708
3231 2803
3243 2452
3176 2600
2793 3305
3010 2798
2689 3208
3100 2987
3018 2907
3561 2577
3374 3251
3291 2855
3376 2774
3449 2860
3574 2754
3338 3021
3680 2750
3641 3053
3424 3325
3070 3442
3209 3440
3869 3433
850672740 2046133546
1
sift 72
2018 1665
354 338
170 124
191 208
416 389
232 190
283 247
371 550
508 508
504 541
739 950
745 537
622 659
903 876
1014 1014
1101 1007
1602 1019
1070 1085
1082 1350
2055 1529
1419 1194
1385 1362
2134 1606
1357 1436
1448 1387
2132 1877
1193 1717
1599 1317
2454 2025
1865 1285
1775 1386
3279 1741
1306 1863
1778 1461
2740 2253
1689 1562
2335 1196
2494 2522
1805 1505
3254 1245
2209 3406
1963 2115
2164 1972
2912 2447
2442 1852
2152 2130
2889 2666
2103 2216
2428 2097
2478 2149
2400 2283
2535 2272
2101 2913
3102 1999
2560 2492
3276 2030
2649 2519
2994 2269
3172 2259
3435 2301
3370 2382
3406 2466
3513 2477
3299 2621
3564 2469
3376 2585
3252 3092
3548 2800
3048 3425
3375 3128
3614 2902
3339 3373
850672740 2119627969
1
sift 481
21 18
147 165
66 64
33 26
44 54
275 284
65 74
64 61
82 90
365 288
101 120
89 82
91 86
458 376
186 161
123 129
190 159
548 554
171 171
237 213
204 195
533 580
314 340
265 208
226 239
570 556
321 349
251 258
273 297
521 780
352 354
356 260
294 316
668 634
397 495
317 309
348 306
687 650
468 551
400 310
403 361
888 688
547 466
373 395
408 390
752 889
606 710
388 414
334 535
1014 933
719 831
439 408
370 494
999 991
709 854
427 439
431 464
1003 1546
699 969
421 480
437 496
1253 1286
815 953
485 462
490 481
1524 1123
856 935
527 511
560 533
1136 1639
868 1105
534 597
539 673
1424 1434
1282 777
695 531
618 612
1301 1724
1009 1088
615 633
697 579
1247 1821
994 1181
652 670
639 708
1208 1960
1051 1364
671 696
649 712
1599 1577
1224 1163
723 655
584 793
1385 2100
1178 1237
710 690
683 720
1813 1657
1138 1356
727 772
794 746
1777 1696
1195 1450
720 848
753 803
1508 2111
1252 1376
890 761
729 911
1473 2200
1187 1553
742 898
758 869
1659 1915
1359 1467
770 891
764 915
1689 1934
1510 1399
783 931
906 807
1652 2051
1191 1800
848 875
880 856
1815 1917
1362 1597
832 918
803 962
1843 1974
1278 1791
814 948
921 864
1775 2092
1330 1783
895 914
967 835
1860 2255
1466 1729
901 954
992 887
1940 2126
1344 1848
883 1011
1011 897
1731 2467
1910 1640
956 947
998 927
2016 2069
1509 2172
893 1079
944 1017
1976 2112
1618 2007
986 1009
938 1083
2116 1997
1759 1919
993 1037
1020 1073
2068 2085
1833 2015
1002 1161
821 1538
2152 2042
1810 2076
1058 1094
1045 1114
2141 2061
1763 2305
1130 1007
1085 1077
2127 2207
2144 1939
1106 1076
1087 1138
1959 2454
2002 2168
1000 1325
1010 1394
2102 2325
1870 2385
1088 1253
1181 1184
2420 2266
1974 2304
1084 1355
1673 909
2476 2235
1990 2337
1166 1277
1228 1211
2017 2919
2203 2219
1117 1393
1093 1508
2311 2603
2054 2533
1201 1327
1264 1315
2762 2176
2174 2439
1199 1426
1390 1243
2486 2499
2099 2522
1272 1385
1039 1846
2429 2739
2564 2145
1210 1505
1214 1572
1963 3592
2310 2363
1258 1499
1293 1545
2400 3177
2206 2530
1331 1485
1338 1503
2585 2965
2467 2342
1366 1471
1347 1497
2387 3349
2412 2614
1277 1604
1206 1730
2535 3236
2243 2850
1662 1241
1387 1507
3313 2668
2390 2724
1512 1401
1275 1686
2380 3699
1895 3405
1411 1531
1571 1373
2649 3357
2507 2688
1335 1641
1499 1462
2444 3739
3105 2293
1399 1609
1489 1573
3274 2830
2655 2707
1557 1509
1415 1685
3031 3100
2221 3197
1372 1762
1468 1647
2894 3251
2526 2926
1467 1672
1483 1659
3370 2888
2961 2702
1492 1650
1435 1743
2921 3250
2623 3062
1569 1618
1504 1749
3647 2796
2748 2917
1457 1795
1993 1288
2853 3643
3241 2624
1681 1566
1637 1637
3194 3410
2539 3494
1423 1871
1397 1906
3293 3310
3093 3019
2027 1322
1545 1832
3365 3400
2984 3136
1639 1747
1614 1773
3531 3256
2920 3320
1633 1771
1630 1772
3641 3525
3156 3375
1548 1851
1523 1935
3252 3920
3176 3514
1576 1895
1422 2104
3292 4062
3447 3727
1770 1715
1706 1785
3627 3956
3869 4168
1553 1951
1612 1914
3680 3888
1644 1887
1516 2096
3819 3733
1690 1881
1521 2117
1623 2019
1567 2188
1696 1985
1416 2510
1674 2024
1720 2000
1629 2204
1609 2282
1835 1968
1678 2190
2572 1596
1938 1924
1837 2053
2019 1884
1762 2224
1873 2122
1957 2034
1847 2193
1864 2214
1911 2139
2079 1986
1903 2186
2075 2016
1912 2251
1972 2185
1850 2373
2042 2162
1786 2534
1649 2873
1978 2283
1758 2744
2094 2327
2301 2140
2087 2387
2734 1902
2029 2486
2138 2366
1920 2676
2072 2495
2263 2311
2211 2365
2237 2345
2318 2331
2172 2492
1737 3151
1893 2842
1862 2969
2632 2133
2112 2653
2148 2646
2230 2566
2391 2418
2250 2567
2319 2562
2262 2634
2440 2514
2336 2625
2155 2828
2727 2265
2506 2540
2265 2798
2652 2435
2406 2710
2537 2579
1952 3241
2739 2421
2447 2749
2255 2960
2343 2928
2930 2348
2940 2376
2882 2445
2798 2523
2569 2809
2496 2885
3257 2229
3029 2398
2643 2764
2728 2697
2293 3153
2574 2891
2688 2786
2550 2936
2904 2583
2425 3117
2558 2966
2724 2807
2879 2835
2681 3058
2470 3358
2842 2904
2604 3184
2799 2945
3103 2722
3130 2708
2836 2941
2742 3102
2827 3023
3227 2743
2833 3113
2290 3965
2901 3068
2710 3354
3061 2954
2746 3302
2878 3191
3000 3080
2888 3219
3174 3016
3015 3198
2711 3646
2998 3293
2761 3641
3107 3210
3253 3081
3050 3262
3244 3132
2785 3688
2954 3480
3171 3220
3098 3287
2948 3513
2897 3568
2715 3847
2926 3556
3146 3283
3283 3182
2807 3778
2958 3597
3439 3130
3116 3526
3332 3345
3077 3656
3164 3595
3307 3503
3324 3508
3485 3325
3063 3843
3623 3257
3796 3126
3348 3645
3472 3549
3578 3464
3203 3825
3633 3393
3494 3601
3359 3737
2986 4144
3049 4095
3431 3711
3580 3588
3612 3575
3134 4080
3739 3492
3728 3582
3539 3845
3678 3705
3572 3918
3559 3981
3405 4130
3497 4126
3882 3686
3711 4096
3822 4021
3744 4163
3846 4085
