1159754689 1162772251
1
sift 411
240 137
9 3
931 235
398 202
36 22
857 589
60 28
1117 1634
409 219
98 40
1008 554
90 58
2718 1052
469 224
123 66
1430 603
155 54
2573 1123
575 246
126 70
1774 540
149 78
2859 2047
505 270
143 111
1648 724
170 94
3302 2809
632 327
176 109
1798 802
216 107
701 370
222 100
2016 825
217 108
753 459
225 105
2225 782
204 124
984 484
223 116
1625 1091
228 122
963 505
321 92
2457 854
272 135
1221 634
288 131
1991 1141
244 193
1146 689
390 159
2373 1315
304 243
1265 661
451 197
2120 1479
466 196
1229 860
369 231
3183 1135
391 227
1488 832
404 249
2796 1331
423 252
2049 665
368 278
3340 1433
360 289
1415 926
427 273
2823 1726
441 268
1557 910
406 313
3192 1676
567 265
1495 988
481 302
3315 1850
452 348
1778 975
499 303
4002 1971
572 324
1885 1000
624 300
590 332
1476 1321
425 499
681 320
1644 1337
612 357
664 355
2334 1183
568 412
734 354
2035 1287
658 390
671 386
2521 1158
629 472
794 388
2024 1351
669 462
631 490
2469 1226
766 435
582 563
2069 1420
627 532
695 493
2295 1349
817 432
731 502
1994 1570
717 503
767 483
2190 1533
679 548
892 438
2105 1594
773 495
745 511
2555 1462
801 496
1040 410
2512 1564
831 507
957 476
2766 1440
872 510
875 522
2835 1587
1234 422
852 553
2197 2124
813 587
656 748
3108 1744
708 682
677 730
2787 1962
878 581
771 655
3234 1729
962 556
781 664
3713 1631
1065 531
933 637
3084 1958
1001 628
1443 491
3262 1906
959 660
938 711
3196 1934
973 705
1164 616
3078 2002
995 729
993 807
2998 2083
1034 799
1171 697
2689 2316
1081 837
1284 716
2895 2175
1213 765
1339 703
3120 2093
1306 721
1310 718
3177 2088
2748 481
1161 814
3197 2295
1318 735
1770 627
3574 2302
1249 816
1023 981
3952 2248
1231 836
1182 850
3863 2342
1291 812
1482 739
3976 2438
1119 918
1550 752
3356 3075
1344 839
1461 827
3967 2867
1282 913
1116 1066
1668 811
1341 965
1564 861
1578 872
1635 858
1168 1146
1351 1020
1569 929
1590 927
1474 992
1397 1047
1350 1081
1701 904
1615 956
1768 880
1441 1062
1223 1234
1501 1036
1725 939
1752 921
1693 962
1859 895
1754 976
1434 1189
1576 1096
1775 986
1984 933
1588 1167
1732 1100
1992 1018
1837 1174
1756 1247
2080 1092
1941 1198
1903 1265
2180 1170
1336 1887
1986 1268
1916 1284
2240 1215
1791 1446
1809 1448
2060 1318
2123 1292
2019 1402
2542 1246
2038 1478
2149 1404
1856 1673
2986 1172
2560 1302
2012 1608
2234 1453
2600 1319
2409 1388
2226 1492
3362 1142
2103 1604
2211 1521
2387 1443
2084 1649
2145 1598
2119 1646
2566 1413
2309 1573
2564 1451
2115 1733
3165 1259
2369 1591
2339 1618
2750 1419
2165 1763
2707 1463
2313 1688
3185 1306
2228 1775
2572 1569
1761 2243
2865 1436
2534 1647
2586 1636
2250 1842
2378 1770
2247 1871
2762 1621
3029 1475
2602 1737
2434 1838
2590 1769
2648 1758
2629 1767
2801 1654
2558 1824
2664 1789
2114 2154
2426 1995
2376 2045
2147 2188
2780 1783
2853 1781
2965 1752
2825 1844
3561 1495
3137 1732
2936 1881
3322 1712
2906 1921
3069 1825
2925 1918
2571 2148
2988 1899
3097 1848
2264 2412
2976 1943
2617 2174
3037 1941
2977 1977
3055 1948
2680 2176
3064 1950
3156 1915
3013 1994
3228 1902
3608 1741
2855 2117
3092 2004
3128 2014
2640 2304
2989 2086
2974 2122
3034 2102
3265 2035
3604 1883
3209 2061
3367 2001
3346 2053
3649 1919
3471 2042
3112 2196
3774 1936
2366 2900
2691 2599
3072 2299
3328 2235
2646 2770
2931 2481
3416 2216
3783 2085
2744 2758
2450 3036
2790 2733
3303 2345
3824 2107
3012 2535
2678 2899
3654 2202
3731 2180
3062 2558
3238 2447
3227 2451
3456 2347
3470 2358
3483 2356
3404 2415
3551 2353
2644 3079
3509 2383
3298 2594
2672 3112
3885 2253
3207 2695
3805 2325
3494 2494
3487 2506
3579 2462
3174 2772
3767 2387
3479 2570
3770 2395
3549 2526
3172 2796
3955 2326
4031 2278
3377 2726
3688 2528
3712 2518
3758 2538
4080 2123
3552 2719
3835 2545
2857 3374
3860 2648
3927 2682
4047 2574
3255 3174
3984 2704
4074 2441
4068 2623
3637 3187
3929 3002
3147 3628
3862 3064
3789 3133
3939 3027
3080 3772
3894 3261
3994 3257
3849 3717
3834 3774
1159754689 1503000354
1
sift 200
39 70
45 75
61 117
52 98
89 198
144 394
126 270
315 714
143 246
173 323
176 314
477 614
186 307
197 299
208 325
443 786
194 360
330 570
191 418
497 903
217 491
383 686
228 440
586 1375
257 432
597 871
272 462
678 1262
244 529
633 1126
284 524
702 1187
374 628
665 1143
391 677
719 1662
369 748
627 1280
317 935
872 1613
368 828
647 1465
425 757
820 1759
410 809
638 1576
385 891
1045 1407
445 765
745 1746
328 1529
907 1997
474 890
787 2040
529 762
947 2072
487 875
995 1865
548 816
1241 2311
543 988
1101 1673
582 892
1227 2452
551 1055
991 1991
536 1132
1318 2355
568 1111
892 2602
571 1146
1414 2430
591 1175
1039 2294
583 1272
1464 2428
653 1162
1357 2002
624 1241
1433 2645
632 1341
1208 2637
707 1153
1424 2958
753 1154
1614 1944
679 1417
1555 2756
717 1298
1182 3020
768 1342
1643 2951
664 1680
1407 2585
677 1653
1803 2666
843 1214
1460 2769
773 1403
1735 3044
730 1540
1628 2505
795 1364
1896 2777
852 1275
1696 2569
792 1581
1561 3788
917 1359
1371 3277
959 1367
1636 3774
821 1636
1581 3105
766 1950
2041 2962
771 1975
1813 3433
941 1655
1988 3684
835 1954
1931 3609
989 1729
2712 3308
957 1795
2012 3696
1191 1438
993 1862
2646 3002
1001 1958
889 2307
2621 3085
1034 1920
962 2217
1075 2054
1088 2026
970 2518
926 2641
908 2757
903 2802
1161 2167
1283 1935
1150 2288
1112 2431
1415 1987
1237 2369
1235 2402
1168 2639
1439 2185
1284 2489
1341 2405
1455 2228
1397 2377
1215 2731
1434 2347
1442 2462
1389 2547
1361 2606
1116 3305
1344 2665
1547 2374
1482 2565
1783 2221
1687 2456
1727 2419
1409 3182
1786 2481
1306 3621
1756 2738
2339 2205
1718 2990
2084 2464
1791 3078
1578 3681
1775 3209
1745 3360
1772 3337
2031 3083
1919 3278
2197 2856
1916 3333
2129 2993
1981 3264
2226 2953
2080 3249
2019 3420
1921 3715
2126 3568
2398 3232
2425 3357
2775 3024
2310 3669
2334 3698
2423 3629
2491 3593
2664 3500
2641 3608
2673 3647
2406 3792
2806 3458
1159754689 1615100174
1
sift 817
130 170
26 25
28 30
54 72
30 42
36 54
319 460
115 135
32 57
197 234
60 73
39 51
303 635
137 178
35 61
249 390
78 112
45 56
492 684
219 222
53 49
275 371
111 151
44 64
566 963
239 249
52 67
273 435
132 128
61 82
595 1123
240 297
80 105
323 461
135 171
95 113
623 1135
229 344
90 115
359 468
141 160
89 118
883 1066
357 550
98 133
312 523
163 167
119 145
1013 1223
365 583
124 156
376 521
168 221
127 155
1021 1217
435 604
126 162
352 571
154 269
143 173
1037 1333
643 889
173 224
448 553
194 268
136 348
1133 1396
704 897
176 233
434 649
204 309
186 212
1281 1426
705 1056
162 259
446 658
221 262
193 238
1448 1953
877 1251
191 251
488 791
217 334
181 311
1618 1987
974 1285
208 255
485 947
199 409
230 243
1516 2280
1008 1433
225 256
532 855
253 336
206 308
1605 2147
1136 1555
216 292
597 792
261 379
228 318
1666 2325
1228 1627
257 321
625 806
271 410
274 328
1794 2720
1625 1983
235 421
746 761
285 394
281 340
1906 2593
1648 2220
272 377
647 934
288 428
258 474
2314 2232
1665 2290
245 526
618 1023
358 341
284 426
1855 2789
1840 2047
279 462
750 864
386 408
278 472
2300 2392
2077 1900
313 351
691 1009
341 491
300 403
2200 2506
1695 2640
291 452
655 1108
409 466
297 445
2546 2675
2090 2291
405 350
665 1118
331 562
349 447
2362 2942
1991 2426
330 498
763 987
361 577
317 548
2106 3782
1797 2711
374 517
733 1064
369 589
367 532
2552 3309
2067 2470
308 622
650 1220
370 612
404 516
3008 2868
2143 2459
383 549
674 1367
415 608
328 663
2755 3270
1974 2730
391 588
922 1152
399 627
477 489
2956 3217
2016 2678
384 615
890 1344
390 682
406 620
2675 3665
1850 3268
360 677
1041 1229
433 714
385 648
3634 2948
2302 2749
425 611
1101 1269
469 716
373 678
2968 3618
2373 2747
410 651
1000 1458
534 702
444 596
3048 3541
2667 2552
480 569
1261 1528
536 817
471 597
3283 3830
1911 3510
443 654
1177 1666
533 853
465 626
3691 3672
2453 2929
427 712
1207 1813
571 824
528 603
2407 3294
468 737
1374 1637
567 845
487 685
2457 3362
529 646
1731 1343
575 891
474 757
2848 2921
489 727
1404 1709
658 880
576 629
2715 3101
496 723
1357 1809
624 938
521 715
2709 3361
548 706
1462 1740
632 925
543 755
2472 3748
491 831
1407 1838
893 671
551 782
2547 3828
600 739
1558 1690
671 980
481 1017
2656 3659
565 800
1201 2190
681 1022
582 820
2823 3419
568 881
1301 2012
605 1156
645 780
2839 3575
549 943
1331 1981
581 1233
596 874
3116 3323
591 895
1343 1971
558 1348
629 846
2901 3863
608 888
1733 1614
726 1020
586 953
3445 3463
627 872
1614 1817
637 1192
631 894
3316 3728
633 913
1575 1911
753 1040
583 1060
3124 3931
667 906
2318 1395
701 1125
644 956
590 1082
1405 2359
639 1253
669 957
679 1019
1209 2798
773 1045
638 1093
708 977
1581 2284
859 1046
854 794
707 1007
1609 2410
794 1165
678 1071
717 988
1762 2211
734 1346
806 866
702 1049
1639 2536
766 1303
675 1094
664 1116
1874 2181
852 1174
584 1276
723 1004
1813 2408
1024 1016
768 1028
771 1041
1703 2767
720 1447
719 1112
916 870
1824 2550
918 1159
843 962
730 1141
1982 2509
878 1190
813 1047
745 1151
1861 2735
817 1289
851 1010
795 1098
2191 2433
959 1146
778 1128
789 1140
2237 2441
887 1249
689 1352
740 1244
2391 2589
984 1309
949 1014
826 1173
2169 2863
993 1357
756 1291
914 1095
2251 2925
957 1450
801 1245
792 1312
2381 2879
963 1452
1087 1057
787 1408
2379 3065
903 1565
872 1250
1032 1096
2162 3358
1065 1460
1273 898
820 1400
2495 3006
1075 1605
840 1359
842 1355
2633 3338
1164 1547
1045 1197
835 1543
2596 3498
1110 1668
862 1499
927 1390
3391 2717
1163 1567
896 1455
989 1320
2897 3215
1091 1834
941 1401
884 1518
2907 3300
1234 1581
970 1406
939 1448
3900 2577
906 2344
831 1721
995 1384
2679 3805
1221 1640
991 1394
907 1542
2818 3570
1383 1504
892 1624
908 1596
3002 3508
1486 1411
947 1521
1191 1188
2958 3608
1302 1710
1001 1462
962 1566
3014 3734
1291 1754
863 1798
1016 1507
3252 3566
1249 1829
926 1696
983 1603
3412 3948
1078 2299
1046 1512
1034 1548
3823 3758
1283 1851
1004 1711
1088 1557
1415 1763
1141 1468
1066 1658
1284 1899
1116 1539
1039 1739
1423 1781
1112 1699
1086 1814
1204 2093
1027 1955
1119 1767
1275 1989
1251 1560
1168 1742
1167 2365
1213 1723
1161 1799
1250 2246
1150 1863
1237 1771
1482 1871
1219 1824
1376 1622
1547 1887
1227 1825
1248 1803
1306 2336
1134 1972
1269 1800
1488 2056
1309 1760
1235 1917
1289 2424
1241 1963
1182 2080
1310 2471
1414 1805
1528 1673
1635 1990
1439 1806
1434 1827
1569 2084
1341 1895
1397 1869
1511 2162
1389 1902
1467 1836
1463 2445
1332 2020
1361 1976
1616 2229
1594 1749
1336 2066
1408 2599
1473 1889
1231 2298
1621 2226
1371 2057
1268 2230
1487 2480
1409 2029
1637 1795
1693 2269
1274 2274
1350 2122
1701 2261
1351 2144
1460 2036
1551 2500
1441 2071
1464 2033
1668 2363
1501 2028
1432 2140
1756 2243
1836 1677
1531 2005
1745 2317
1424 2173
1514 2153
1560 2620
1244 2699
1364 2449
1694 2439
1472 2267
1459 2294
1490 2809
1580 2096
1555 2143
1885 2145
1570 2198
1326 2659
2115 1958
1628 2157
1643 2154
1644 2743
1339 2672
1679 2155
1778 2520
1673 2255
1761 2103
1597 2940
1786 2105
1696 2318
1590 2966
1667 2394
1728 2295
1994 2487
1578 2533
1763 2277
1887 2639
1736 2342
1752 2301
2035 2491
1729 2376
1611 2585
2197 2332
1816 2254
1783 2300
2105 2450
1735 2414
1517 2801
1725 3134
1972 2107
1485 2881
2024 2631
1705 2516
1872 2239
1919 2818
1803 2362
1791 2434
2069 2648
1429 3186
1553 2903
1877 3003
2084 2183
2279 2039
2123 2703
2060 2281
1772 2681
1714 3537
1636 2964
2405 2026
1709 3592
1896 2502
1942 2505
2190 2709
1496 3379
1944 2624
1770 3429
1981 2617
1817 2853
2206 2756
2097 2496
2012 2653
1941 3138
1839 2878
1932 2754
2266 2786
2005 2694
1931 2783
1927 3292
2041 2665
2264 2454
2080 3056
2111 2601
1970 2797
2564 2563
1983 2782
2175 2545
2082 3086
2699 2120
1992 2795
2295 2850
2019 2802
1967 2875
2049 3248
2203 2609
2567 2309
2240 2972
2130 2744
2292 2587
2284 2968
2222 2671
1856 3220
2180 3116
1933 3126
2065 2927
2234 3074
2247 2732
1753 3610
2031 3458
2021 3048
2275 2777
2287 3075
2119 2960
2484 2595
2398 2954
1837 3493
2014 3158
2339 3076
2076 3047
2549 2572
2342 3239
2224 2864
3032 2158
2297 3380
2204 2896
2328 2792
2689 2936
2034 3175
2268 2857
2615 3029
1953 3359
2137 3133
2521 3142
2622 2660
2464 2806
2555 3113
1937 3561
2129 3214
2334 3413
2145 3211
2250 3058
2664 3090
2110 3265
2072 3352
2544 3245
2101 3335
1819 3933
2121 3875
2327 3042
2165 3249
2255 3692
2126 3320
2260 3190
2634 3150
2310 3193
2349 3129
2662 3199
2647 2824
2291 3238
2475 3408
2507 2981
2491 3001
2838 3009
2258 3283
2182 3433
2534 3422
2523 3019
2393 3208
3069 2833
2369 3257
2149 3596
2572 3465
2252 3444
2420 3221
2512 3564
2529 3115
2427 3229
2566 3497
2806 2808
2677 2979
2936 2994
2646 3033
2673 3024
2586 3571
2640 3067
2482 3262
2583 3583
2228 3655
2471 3315
2737 3344
2558 3225
2219 3743
2497 3720
2434 3401
2891 2865
2853 3194
2462 3455
2614 3271
2750 3382
2481 3447
2617 3275
2895 3206
3700 2423
2589 3342
2976 3105
2678 3250
2723 3200
2713 3491
2743 3171
2696 3266
2825 3374
2578 3456
2378 3789
2703 3612
2816 3153
2747 3305
2835 3394
2571 3684
2440 3861
2748 3589
2602 3674
2754 3435
2826 3487
2711 3531
3041 3095
3191 3128
2812 3360
2629 3705
3197 3205
2744 3528
2465 3941
2969 3507
2684 3710
2857 3411
3006 3474
3510 2825
2759 3629
3128 3356
2870 3431
2753 3650
3158 3340
2805 3550
3029 3317
2801 3819
3045 3427
2967 3560
2766 3880
2912 3699
2726 3937
3176 3368
3107 3478
2988 3604
3160 3415
4004 2766
2920 3753
2906 3818
3092 3584
3055 3623
3078 3607
3520 3170
3047 3651
3330 3452
2762 3973
2931 3836
3034 3774
2885 3915
3186 3602
2998 3869
3088 3719
3097 3751
3209 3709
3172 3718
3448 3425
3170 3799
3005 3924
3188 3793
3167 3864
3305 3765
3432 3614
3417 3825
3742 3398
2980 3982
3459 3845
3898 3277
3514 3842
3371 3961
3878 3573
3683 3744
3919 3640
3751 3802
3986 3613
3565 3977
3773 3967
4057 3797
4006 3956
1159754689 1646429863
1
sift 178
90 46
444 243
95 60
123 59
368 393
204 100
208 102
568 315
223 142
257 133
679 529
284 136
317 192
768 500
391 188
349 202
1251 814
385 216
374 225
1397 937
367 227
318 285
1168 1087
373 270
410 266
1820 1225
471 241
462 311
1992 1235
452 331
534 287
1856 1508
543 304
560 308
2129 1411
521 366
591 375
2247 1633
667 349
658 368
2317 1686
612 395
707 424
1953 1914
717 484
730 505
1812 2131
689 581
941 450
2641 1621
795 551
843 595
2678 1637
756 689
914 609
2600 1809
887 655
938 680
2744 1793
989 675
926 737
2691 1834
1282 596
1046 709
3083 1685
1116 695
1309 630
2974 1735
1171 716
1150 732
2800 1802
1237 759
1023 878
2932 1856
1231 788
1687 652
2857 1905
1078 918
1081 959
3062 1973
1341 826
1424 838
3255 2049
1439 855
1474 891
3377 2031
1434 921
1693 832
3456 2016
1215 1038
2952 612
3742 2161
1570 908
1244 1138
3489 2318
1514 1023
1578 1018
3572 2481
1971 869
1792 942
3834 2547
1786 1065
1409 1255
3357 2989
1718 1139
1783 1140
1981 1083
2080 1073
2398 991
2019 1146
2226 1101
2168 1206
1806 1443
2114 1316
2349 1275
1944 1441
1843 1519
2677 1264
2528 1313
2491 1335
2737 1357
2629 1407
2425 1473
2308 1538
2309 1591
2673 1471
2617 1491
2747 1495
2587 1655
2614 1638
2401 1753
2602 1736
2696 1704
2758 1666
2914 1578
2868 1628
3102 1535
2291 2029
3421 1564
3470 1692
3367 1742
3305 1771
3129 1805
3064 1887
2712 2196
2921 2005
2406 2534
3963 1691
2484 2503
2805 2228
3077 2041
3514 1890
3494 1903
3509 1907
3736 1853
3355 2024
3012 2261
3487 2021
2917 2440
3386 2129
3688 1969
3363 2195
3074 2423
3552 2117
3954 1943
3637 2201
3866 2081
3673 2254
3771 2349
3741 2387
3730 2429
4006 2243
3831 2414
3973 2337
3565 2673
3789 2689
4038 2641
3476 3151
1159754689 1724217577
1
sift 59
705 381
398 264
469 289
1125 342
409 332
575 291
2457 762
681 363
632 386
2373 1747
753 536
767 568
984 522
964 647
1164 584
2748 482
1616 637
1221 870
1488 849
1701 836
1482 954
1884 1169
2334 1037
2240 1068
2190 1221
2069 1304
2123 1298
2105 1315
2521 1193
2409 1303
2766 1342
2584 1473
3356 1232
2555 1553
2664 1560
2825 1663
2835 1689
2998 1654
3176 1636
3078 1728
3196 1724
2787 2047
3037 1850
3120 1829
3197 1830
3234 1838
3109 2025
3713 1785
3084 2328
3328 2211
3485 2213
3863 1994
3359 2369
3697 2296
3939 2285
3952 2361
3976 2393
3708 2561
3681 2632
1159754689 1735922398
1
sift 258
2755 1298
115 66
9 7
1505 1025
575 257
126 82
705 349
176 104
2596 1710
1125 427
217 109
1008 487
204 119
2457 789
216 114
1297 665
244 193
1625 1264
297 237
1648 695
361 212
2848 944
398 211
1797 737
451 204
2469 1170
369 244
2098 744
409 245
2713 1480
360 289
2016 868
469 239
4002 1917
433 276
2324 1053
427 299
368 384
2407 1167
499 303
567 288
2796 1450
452 355
931 234
2373 1715
487 348
572 342
3284 1500
624 316
632 339
3192 1558
612 368
681 350
568 446
664 428
671 422
794 389
831 391
695 478
631 517
969 394
766 469
767 480
817 468
582 655
753 514
773 518
708 593
821 535
677 669
1234 440
852 604
957 553
963 563
878 627
1065 547
962 590
1001 639
1164 592
993 793
1161 709
1087 747
1221 699
2748 455
889 908
1284 689
1081 807
1306 730
1213 785
1229 836
1616 734
1488 786
2049 654
1282 879
1482 819
1590 790
1730 811
1223 1076
1415 955
1495 933
1341 1039
1550 914
1569 920
1344 1061
1442 1067
1768 876
1701 925
1474 1054
1985 848
1859 907
1778 968
1235 1361
2483 804
1884 998
1820 1058
1775 1088
2080 964
1992 1063
1756 1231
1941 1162
1986 1146
2240 1101
2334 1106
1916 1289
2123 1270
2521 1131
2035 1355
2986 1020
2069 1404
2119 1378
2865 1120
2287 1331
2038 1486
2689 1203
2560 1254
3165 1085
2105 1512
1994 1605
2234 1453
2387 1390
2465 1381
2031 1677
2409 1462
2584 1408
2555 1443
2309 1587
2228 1666
2250 1675
2369 1608
2766 1421
2566 1523
2012 1921
2553 1571
3356 1243
2564 1576
2165 1865
2434 1722
2534 1670
2512 1709
2600 1663
2707 1592
2084 1988
2572 1721
2762 1611
2649 1711
2993 1492
2586 1760
2558 1820
2835 1657
3608 1406
2426 2047
2664 1978
2825 1894
2925 1869
3604 1553
3234 1744
3322 1713
3919 1476
3036 1861
3108 1856
2617 2166
2590 2181
2197 2525
2977 1955
3471 1777
3029 1992
3156 1949
2988 2043
3196 1982
3078 2019
2893 2145
3176 2008
3120 2036
2998 2090
3346 1974
2976 2142
2800 2286
3167 2066
3265 2051
2906 2279
3207 2112
2974 2239
3731 1927
2646 2546
3485 2057
3050 2290
3209 2214
3303 2169
3228 2223
3681 2013
3367 2160
2895 2452
3034 2354
3362 2213
3262 2289
3197 2323
3479 2212
3084 2422
3416 2267
3783 2093
3438 2278
3509 2274
3824 2128
3328 2388
3062 2689
3404 2451
3355 2559
3326 2620
3456 2524
3770 2409
3758 2417
3612 2547
3357 2756
4031 2303
3549 2627
3976 2355
3863 2423
3955 2390
3907 2426
3952 2484
3579 2751
3708 2676
3654 2724
4047 2499
3767 2738
3939 2709
3862 2840
3726 2946
4074 2517
2857 3810
4068 2791
3927 3080
3834 3402
3489 3792
3994 3328
3894 3433
3932 3428
3929 3507
1159754689 1750469169
1
sift 53
294 196
69 45
1194 723
72 58
585 251
115 59
2577 647
357 205
703 240
705 410
2763 1036
623 424
1444 610
877 414
3417 1610
888 428
1906 805
1125 525
2975 1889
1121 634
2355 1152
1800 614
1297 823
2546 1189
1527 782
1797 810
3347 1516
2007 1010
2016 1112
2374 2101
1991 1121
2090 1217
2972 2321
2132 1218
2225 1222
3998 1950
2796 1051
2472 1231
2373 1319
2889 1212
2656 1557
3114 1412
3124 1572
3466 1495
3284 1705
3315 1875
2370 2608
3753 1786
3425 2182
3960 2036
3760 2209
3858 2242
3446 2489
1159754689 1923562747
1
sift 447
36 15
304 244
176 99
39 14
60 19
590 461
216 103
90 41
138 64
775 430
217 108
149 60
155 58
892 700
244 165
146 77
204 118
831 945
361 205
235 113
228 121
842 1014
406 288
208 133
223 132
1119 1096
427 278
257 143
271 150
1339 1033
452 330
284 158
317 160
1332 1253
425 417
386 144
349 226
1350 1287
571 347
369 228
367 248
1552 1404
568 349
390 252
374 271
1753 1466
509 389
410 259
318 311
2149 1707
582 406
567 221
471 268
2220 1907
558 458
443 300
534 274
2119 2047
664 474
462 315
608 281
2250 2054
631 531
543 303
521 412
2762 1886
773 485
559 388
612 422
2481 2056
766 505
629 454
671 432
2790 1960
706 553
669 440
707 436
2598 2349
771 569
658 475
689 497
2467 2573
818 562
851 402
734 483
3174 2474
855 599
792 470
717 522
3551 2615
708 825
679 552
730 525
3303 3255
937 632
872 500
794 539
3505 3508
962 659
801 543
813 564
3612 3672
1001 677
835 558
878 548
3775 4095
889 789
852 573
795 670
1086 678
957 583
756 727
900 901
905 621
926 609
1160 767
914 622
768 743
1213 757
917 664
907 671
1174 792
1065 594
982 662
1306 861
843 753
938 720
1284 896
1234 578
941 725
1231 942
1241 589
989 721
1161 985
1046 702
1078 688
1223 1019
789 943
915 844
1251 1017
1227 665
1171 736
1112 1148
970 900
1150 798
1389 1011
1282 765
1291 774
1474 979
1116 876
1244 817
1397 1067
1249 823
1318 790
1729 959
1023 954
927 1053
1441 1098
1248 841
1288 845
1590 1113
1344 829
1414 812
1537 1193
1081 967
1439 828
1772 1063
1416 854
1550 803
1667 1226
1463 842
1255 922
1533 1309
1687 784
1531 858
1580 1314
1464 899
1341 947
1654 1332
1569 864
1320 955
1820 1318
1309 962
1158 1042
1715 1391
1490 934
1168 1090
1941 1307
1818 849
1461 977
2012 1300
1501 965
1366 1065
1992 1425
1693 935
1215 1179
2287 1363
1421 1058
1555 998
2234 1484
1376 1102
1273 1172
2165 1517
1570 1004
1514 1031
2589 1393
1413 1108
1578 1027
2072 1593
1673 1002
1356 1176
2275 1566
2181 888
1635 1061
1873 1855
1434 1182
1408 1220
2153 1677
1768 1023
1752 1030
2560 1478
1775 1074
1984 1012
2129 1739
1816 1080
1725 1211
2317 1646
2080 1054
1409 1417
2011 1858
1921 1169
1783 1304
2534 1571
1877 1252
1955 1237
2590 1554
1981 1230
1746 1351
2309 1758
1576 1452
1963 1278
2264 1832
1736 1370
2258 1175
2602 1660
1786 1365
1791 1375
2586 1708
2041 1294
2398 1180
2600 1733
1718 1448
1843 1379
3007 1520
2235 1281
2019 1356
2558 1834
1785 1510
2528 1256
2369 1982
1528 1815
1927 1462
2434 1949
2226 1353
2750 1254
2228 2065
1806 1678
2027 1580
2211 2076
2061 1560
2359 1488
3101 1657
1856 1816
1944 1777
2498 1988
2680 1449
2339 1602
2030 2434
2313 1640
1987 1860
3013 1827
2853 1424
2188 1735
2780 1972
2491 1570
2109 1798
2744 2017
2545 1558
2737 1492
2678 2092
2145 1825
2376 1701
2974 1958
2673 1576
2247 1795
3156 1909
2147 1915
2747 1594
3265 1904
2651 1665
2475 1762
2644 2241
2629 1700
2349 1857
2925 2147
2707 1685
2401 1853
3783 1902
3112 1514
2868 1624
3919 1957
2617 1789
2614 1801
3268 2213
2522 1859
3128 1552
2800 2545
2677 1790
2906 1661
2933 2446
2683 1820
3962 1382
3936 2009
2517 1937
3055 1653
3172 2341
2914 1737
2691 1871
3062 2428
2920 1741
2672 1900
3083 2425
3025 1699
2988 1759
3355 2294
3097 1747
2778 1931
3456 2238
3018 1784
3408 1658
2978 2524
2640 2015
2696 2037
3255 2429
2921 1927
3228 1839
3758 2173
3346 1817
3209 1870
3298 2441
2542 2224
3654 1713
3396 2400
3386 1854
2945 2033
3579 2388
3365 1877
2976 2039
3884 2291
3482 1878
2989 2099
3547 2548
2922 2144
3314 1984
4068 2206
3322 1986
3064 2112
3489 2816
3305 2027
2932 2199
3730 2687
3986 1787
2828 2301
3787 2664
2977 2203
2917 2250
3929 2805
3471 2010
2857 2337
3894 2886
3470 2059
2899 2330
3994 2850
3077 2217
3367 2106
4048 3138
3712 2012
2406 2937
3834 3479
2865 2473
3699 2061
3951 3452
3231 2273
3351 2212
3924 4151
3604 2135
2965 2485
3494 2182
3467 2211
3227 2351
3885 2058
3688 2145
2805 2702
3495 2242
3509 2234
2952 2598
3173 2439
3012 2575
3377 2356
2837 2785
3473 2323
4047 2067
3326 2455
3519 2332
3767 2218
3487 2366
3824 2261
3621 2380
3406 2511
3608 2423
3673 2405
3955 2266
3074 2873
3034 2902
3552 2526
3363 2724
3954 2340
3985 2402
3721 2636
3866 2525
3476 2808
3731 2650
3973 2554
3572 2844
3742 2746
4036 2588
3831 2804
3565 2978
3776 2868
3514 3000
3771 2938
3789 2927
3808 3033
3992 2933
3850 3021
3805 3364
4038 3334
