1163718206 1223175561
1
sift 218
45 16
699 635
145 132
37 28
38 35
855 804
187 140
54 40
63 47
988 1243
234 302
70 52
97 87
1249 1208
299 277
101 90
108 92
1642 1487
432 478
89 112
131 119
1914 1772
411 632
142 124
154 141
2423 1825
862 816
157 143
160 164
2137 2621
874 908
162 182
163 194
2397 2760
1510 612
178 208
192 188
2566 2831
963 850
167 248
217 215
3176 2864
863 992
198 238
214 237
946 930
203 267
239 246
1213 1199
248 272
262 265
1232 1210
283 291
349 286
1103 1820
336 309
372 341
1693 1228
350 431
388 418
1719 1653
379 433
512 358
1917 1835
464 429
400 508
2278 1982
562 398
440 525
2443 2482
665 458
679 451
3343 1970
535 542
610 526
2521 2537
560 576
581 719
2634 2784
757 596
716 659
3102 2539
756 636
670 790
3119 2690
705 779
764 726
3111 3031
816 706
708 846
3350 3109
838 802
763 882
847 803
888 872
951 889
918 932
1004 862
1329 708
973 912
984 911
739 1358
1032 965
1033 1054
1118 1074
1042 1202
1060 1189
1124 1119
1203 1068
1236 1087
959 1524
1141 1176
1076 1254
1136 1201
1277 1103
1187 1289
1420 1137
1316 1257
1381 1193
1162 1401
1434 1179
1385 1235
1409 1249
1467 1233
1455 1278
1480 1329
1504 1308
1612 1250
1168 1694
1629 1295
1566 1373
1524 1486
2004 1151
1551 1494
1447 1617
1974 1245
1534 1587
1650 1480
1696 1492
1712 1515
1605 1607
1481 1816
1887 1440
1630 1664
1466 1963
1737 1686
1754 1716
1869 1735
1721 1887
2315 1495
1888 1753
1476 2427
1959 1778
1926 1866
1893 1910
2039 1862
2083 1877
1993 2049
1911 2188
1912 2216
1967 2169
2036 2155
1871 2379
1812 2461
2108 2170
2321 2040
1934 2433
2128 2254
2114 2302
2438 2067
2687 1914
2320 2284
2145 2472
2507 2224
2487 2323
2176 2721
2597 2276
2180 2735
2976 2106
2183 2907
2383 2640
2451 2608
3506 1992
2652 2422
2554 2534
2759 2480
3387 2217
3302 2290
2788 2568
3543 2225
2774 2737
2705 2861
3086 2580
3107 2581
2932 2728
2745 2932
3253 2541
2918 2804
2815 2939
3149 2716
3217 2680
3381 2593
3182 2776
3235 2788
2995 2979
3049 2984
3232 2965
2850 3281
3542 2810
3550 3024
3679 2990
3630 3117
3478 3358
3434 3419
3743 3315
3806 3387
3875 3450
4047 3412
1163718206 1308641291
1
sift 177
32 25
157 160
54 43
70 51
97 104
248 295
167 188
131 117
162 212
283 316
198 258
178 200
192 189
372 395
778 558
217 235
239 229
350 477
815 663
297 213
379 475
512 374
756 749
562 430
400 459
645 673
764 842
560 582
610 726
1004 532
993 706
670 666
724 713
752 766
923 1250
732 762
849 674
692 929
999 1559
757 774
816 775
888 896
1060 1430
747 894
847 835
918 948
1173 1320
807 905
891 928
957 989
1618 1233
1000 1001
973 978
1052 1031
1887 1197
1893 718
1032 1063
1093 1082
1974 1426
1136 1159
1005 1278
1042 1364
1712 1706
1007 1436
1360 1067
1316 1344
1911 1777
1209 1190
1178 1342
1351 1343
1959 1810
1364 1413
1278 1446
1213 1652
1912 1851
1168 1878
1356 1563
1542 1605
2319 2630
1725 1462
1480 1764
1642 1629
2850 2546
1368 1958
1546 1756
2004 1391
2932 2563
1479 1854
1524 1796
1517 1828
2815 2837
1605 1704
1655 1707
1693 1741
3182 3037
1576 1930
1572 1967
1737 1846
2745 3463
1514 2356
2315 1599
1888 1865
3210 3172
1767 1955
2105 1743
1917 1900
3197 3297
1754 2103
1859 1989
2092 1827
2672 3694
2128 1853
1869 1986
1874 2072
3676 3406
1967 2040
2083 2027
2036 2456
3500 3558
1787 2337
1989 2141
2027 2603
3782 3395
1984 2230
2183 2047
2433 2294
3743 3504
2170 2448
2231 2451
2743 2083
2352 2347
2502 2335
2554 2385
2469 2415
2438 2592
2652 2505
2507 2533
2565 2517
2634 2621
2788 2450
2499 2795
2145 3341
2597 2708
2496 2904
3302 2524
2759 2681
3313 2405
2909 2787
2574 2969
3917 2333
2976 2824
2705 3120
3217 2718
2774 3210
2857 3043
2969 2986
3049 3143
2938 3308
3107 3179
3381 3030
3616 2930
3343 3048
3253 3108
2995 3581
3119 3421
3207 3466
3488 3268
2917 3643
3550 3211
3547 3233
3875 3091
3844 3155
4047 3262
3232 3620
3637 3653
3736 3607
3982 3650
1163718206 1418904103
1
sift 291
176 136
15 20
4 8
150 131
24 25
228 169
389 317
39 45
664 495
43 53
329 293
345 366
55 64
835 888
104 79
398 522
393 344
93 91
127 83
672 502
501 301
110 89
181 173
676 588
397 386
169 194
286 268
688 603
434 374
296 266
368 307
713 628
619 568
390 357
388 369
805 851
703 620
507 316
367 483
898 769
742 687
452 397
469 417
974 1217
759 675
575 351
534 422
1150 1005
772 692
511 491
565 518
1096 1240
829 781
606 496
561 550
1315 1112
998 840
652 488
658 546
1367 1092
1337 775
662 555
613 601
1352 1305
1260 821
709 539
720 534
1451 1370
1114 1072
573 666
677 606
1459 1404
1266 1097
634 721
827 685
1564 1429
1243 1308
780 714
821 789
1876 1206
1522 1284
852 779
914 809
1454 1608
1404 1410
1008 774
992 847
1598 1583
1526 1497
785 1129
996 885
1727 1681
1512 1842
1206 755
1137 807
1760 1753
1584 1850
1163 806
754 1498
1919 1705
1763 1646
1033 968
1074 917
1714 2022
1676 1722
1081 991
1131 1040
1983 1826
1824 1885
1244 990
1235 992
1940 1919
1865 1907
1118 1103
1106 1121
1766 2166
1680 2333
1275 1033
1540 918
2029 2037
2074 1908
1369 1067
1285 1161
2222 1853
2130 1890
1187 1272
1161 1321
2233 2049
2255 1977
1296 1186
1424 1122
2208 2101
2316 1940
1391 1163
1276 1322
2690 1924
2181 2341
1309 1298
1340 1292
2072 2739
2306 2477
1378 1259
1272 1449
2419 2395
2207 2857
1381 1395
1420 1384
2662 2165
2795 2335
1201 1616
1534 1312
2616 2449
2738 2453
1409 1445
1215 1642
2564 2736
2884 2538
1550 1337
1591 1329
3076 2413
2415 3822
1530 1406
1467 1501
2765 2789
2388 3947
1891 1200
2054 1178
3355 2564
2957 2970
2081 1273
1555 1680
2919 2775
3175 2938
1430 1864
1699 1554
3292 3119
2984 3377
2654 1069
1885 1488
3346 3311
3682 2937
1573 1755
1667 1673
3401 3414
3320 3295
1596 1780
1603 1798
3439 3400
3903 3573
1600 1819
1557 1922
3698 3485
3801 3732
1759 1661
1900 1582
3649 3654
3667 4075
1814 1655
1929 1620
4032 3780
1743 1795
1656 2014
3995 3923
1962 1767
1913 1880
4071 3943
2102 1731
1927 1892
1993 1823
1923 1936
1855 2040
1938 2031
1856 2118
1944 2059
2003 1995
1792 2276
2056 2036
2131 2015
1744 2593
2164 2046
2127 2142
1943 2434
2189 2150
2287 2082
2237 2157
2487 1926
2322 2164
1845 2724
2702 1837
2245 2409
2457 2219
2362 2358
2474 2247
2248 2498
1873 3012
2414 2415
2491 2362
2430 2489
2571 2590
2553 2612
2694 2483
2527 2653
2678 2533
2639 2628
2907 2433
2792 2570
3061 2436
2854 2634
2785 2678
3285 2421
2935 2636
2717 2842
3075 2639
2897 2749
3582 2392
2848 2778
2307 3697
2824 3143
3407 2780
3035 3004
3271 2947
3143 3138
3243 3067
3154 3160
3403 3000
3470 2932
3274 3186
3363 3183
3362 3223
3941 2795
3031 3629
3512 3154
3832 2949
3444 3359
3382 3448
3518 3365
3529 3529
3498 3630
3788 3349
3626 3557
3625 3567
3380 4020
3635 3791
3630 3864
3881 3679
4080 3216
3716 4025
3692 4054
4059 3627
4038 3956
4026 4008
1163718206 1425359813
1
sift 711
126 118
8 10
2 3
329 296
111 103
4 7
176 154
15 17
6 19
382 426
164 152
18 16
324 301
94 115
21 22
543 472
420 320
23 27
668 471
143 131
32 38
632 525
340 461
30 42
671 515
150 147
38 39
619 568
434 355
39 41
676 571
219 171
43 45
871 625
461 359
50 43
675 583
298 356
41 56
792 672
479 383
65 46
688 618
345 319
55 59
987 624
491 379
63 66
712 646
389 323
83 72
998 831
541 402
80 77
774 719
393 337
82 83
1291 938
529 410
93 98
837 789
397 373
101 100
1069 1128
621 532
110 106
898 775
448 363
127 95
1153 1093
453 838
123 121
1048 1005
501 343
134 123
1564 1368
1039 810
177 112
1315 934
522 405
155 146
2140 1064
1442 1240
169 167
1128 1080
611 436
181 170
1601 1480
1634 1286
183 172
1167 1082
545 508
187 183
1581 1702
1782 1678
186 187
1096 1172
559 518
209 182
1824 1514
2049 1725
214 193
1218 1124
571 661
237 201
1763 1583
1884 2002
241 206
1352 1253
702 628
212 226
1939 1889
2035 1862
246 205
1876 1012
775 542
276 232
2029 1827
2238 1787
291 243
1459 1365
742 676
296 233
2467 1990
2018 2031
286 261
1451 1387
759 674
293 250
2264 2247
2074 2007
316 253
1577 1539
834 667
303 269
2690 2102
2274 1832
321 263
1632 1550
772 726
314 275
2072 2990
2374 1829
336 299
1438 1765
829 755
318 334
2957 2274
2263 1974
347 310
1853 1425
912 743
368 314
2741 2573
2287 2056
331 421
1727 1584
835 816
390 347
2919 2546
2363 2191
371 366
1756 1595
965 889
367 393
2939 2558
2595 2268
432 361
1722 1631
1337 704
452 375
2737 2780
2747 2652
469 389
1760 1831
1185 802
507 360
3076 2777
3740 2280
470 432
1919 1697
1114 1007
466 482
3230 2731
3079 2805
433 554
1940 1783
768 2017
510 466
3115 2874
3521 4006
581 435
2134 1799
1255 1028
534 455
3185 3135
575 441
2135 1863
1259 1085
582 439
3401 2983
596 438
1983 2050
1266 1103
605 443
3446 3432
495 528
2065 1960
1196 1154
499 536
3574 3356
707 407
2013 2039
1243 1179
606 499
3669 3509
561 537
2222 2013
1294 1221
583 535
3989 3273
641 497
2232 2126
1526 1227
659 501
4071 3951
652 516
2419 2139
1522 1278
572 615
613 572
2513 2337
1404 1416
658 523
662 527
2510 2376
1747 1136
651 546
634 574
2120 2864
1584 1536
709 502
636 636
2218 2729
1676 1478
684 595
722 552
2616 2394
2279 1350
699 604
708 603
2662 2424
1865 1611
738 561
677 659
2765 2402
1436 2294
680 660
810 538
2497 2863
1681 1847
649 708
769 577
3355 2228
1796 1707
785 573
794 579
2946 2642
1680 2072
726 666
746 683
3474 2703
2062 1743
865 608
870 613
3292 3036
2452 1679
748 692
864 633
3008 3377
2113 1985
731 720
762 701
3450 2898
2130 2077
780 697
808 712
3609 2895
2310 1968
763 807
821 756
3439 3113
2316 2071
873 716
846 741
3346 3365
2207 2212
813 774
885 724
3316 3497
2258 2190
754 891
827 803
3538 3252
2416 2093
832 790
908 745
3649 3184
2592 1977
880 770
916 763
3882 3164
2306 2387
914 795
988 817
3546 3498
2415 2453
925 911
881 958
3698 3434
2328 2738
984 855
1008 829
3745 3479
2795 2307
1213 713
996 871
3955 3425
2895 2253
1018 879
801 1182
4027 3521
2594 2506
991 927
1103 792
3995 3700
2388 2914
1074 840
1025 920
2753 2468
1033 941
1129 886
3166 2276
963 1097
1076 983
2713 2631
1099 1030
1081 1051
2833 2650
1091 1062
1060 1129
2884 2722
1173 995
1118 1063
3359 2505
1369 930
1141 1068
2869 2849
1201 1026
1051 1230
3144 2641
1136 1117
1187 1073
3317 2687
1165 1109
1275 1038
3682 2580
1203 1116
1131 1176
3276 2893
1235 1111
1143 1216
3567 2725
1340 1053
1088 1393
3854 2680
1339 1157
1342 1158
3431 3131
1182 1313
1219 1321
3024 3846
1221 1316
1098 1463
3558 3376
1121 1467
1296 1273
3667 3623
1285 1297
1365 1202
4041 4051
1471 1125
1276 1307
1391 1192
1385 1204
1424 1169
1378 1229
1434 1191
1180 1470
1371 1276
1408 1269
1161 1538
1399 1300
1381 1341
1421 1292
1400 1324
1412 1322
1272 1498
1409 1342
1494 1270
1671 1138
1886 1027
1534 1266
1591 1233
1460 1375
1479 1363
1754 1135
1625 1228
1660 1196
1467 1409
1530 1359
1631 1256
1478 1473
1549 1379
1531 1402
1573 1382
1603 1364
1550 1451
1693 1366
1948 1209
1551 1527
1610 1489
1723 1385
1636 1492
1684 1450
1686 1456
1224 2117
1555 1594
1557 1593
1607 1552
1402 1807
1667 1516
1596 1571
1648 1532
1683 1521
1743 1502
1699 1531
1893 1396
1476 1826
1872 1452
2152 1303
1719 1577
2357 1244
1792 1576
1600 1786
1900 1543
1592 1850
1752 1696
1815 1645
1663 1800
1656 1846
1817 1664
1898 1615
1867 1648
1650 1887
1913 1652
1989 1612
1929 1659
1728 1854
1962 1637
2390 1430
1912 1680
1814 1778
1973 1684
1856 1769
2082 1646
1949 1734
1923 1759
1927 1774
1918 1785
1943 1834
1984 1793
2003 1773
1945 1883
1744 2197
1836 2111
2131 1794
1860 2105
2225 1729
2081 1904
2150 1836
2127 1864
2114 1880
2189 1828
2178 1866
1873 2219
2146 1924
2399 1722
2116 1993
2172 1928
2298 1830
2224 1897
2487 1699
2098 2067
1887 2325
2056 2159
2000 2224
2196 2033
1708 2646
2235 2003
2514 1756
2164 2114
2198 2106
2231 2073
2217 2089
2226 2084
2694 1691
2237 2079
2318 2052
2245 2120
2248 2123
2272 2143
2523 1901
2337 2107
2160 2296
2406 2075
2511 1983
2430 2095
2234 2286
2322 2208
2039 2542
2280 2284
2179 2417
2433 2185
2362 2248
2605 2008
2474 2181
2325 2348
2194 2480
2443 2258
2450 2259
2457 2257
2531 2195
2676 2083
2307 2451
2143 2624
1941 3038
2470 2308
2491 2309
2571 2242
2812 2037
2702 2144
2499 2347
2423 2434
2527 2395
2788 2152
2553 2385
2414 2548
2654 2351
2868 2188
2398 2617
2548 2478
2705 2378
2678 2416
2717 2381
2566 2508
2551 2561
3075 2223
2315 2995
2793 2428
2639 2568
2651 2564
3293 2192
2762 2471
2912 2408
2696 2599
2822 2481
3005 2405
2876 2474
2740 2574
2711 2620
2574 2823
3027 2423
2745 2649
2907 2539
2932 2530
2854 2608
2372 3555
2935 2638
3407 2430
2728 2861
2508 3414
2759 2845
2848 2747
3150 2576
2803 2837
3140 2589
3279 2515
2815 2858
3102 2644
3873 2322
3090 2736
2915 2912
3506 2551
2857 3102
3137 2793
2459 3963
3143 2798
3544 2543
3131 2813
3120 2829
3114 2843
2858 3155
3043 2918
2994 2991
3154 2841
2525 3898
3101 2901
3198 2827
3071 2941
3093 2965
3085 2988
2931 3181
3470 2688
3147 2975
3183 2942
3264 2869
3219 2926
3271 2882
2995 3186
3111 3098
3400 2800
3159 3030
3210 2969
3217 3033
3415 2860
3372 2917
3056 3287
3091 3281
3176 3170
3319 3021
2987 3401
3307 3060
3380 2993
3560 2783
3229 3214
3434 2973
3374 3104
3362 3126
3820 2686
3414 3090
3031 3529
3356 3211
3444 3118
3788 2766
3261 3364
3382 3248
3363 3269
3484 3115
3378 3266
3366 3285
3350 3408
3512 3202
3498 3241
3832 2877
3630 3105
3520 3232
3012 3836
4022 2730
3742 3061
3529 3293
3475 3418
3532 3362
3365 3606
3471 3469
3549 3433
3692 3355
3908 3159
3676 3448
3552 3611
3313 3956
3626 3597
3545 3714
3540 3736
3658 3614
3634 3722
3773 3570
3792 3576
3478 3945
3830 3571
3760 3694
3841 3760
4037 3462
3691 3942
4047 3437
3815 3831
3765 3907
3933 3755
3898 3833
4059 3486
3928 3854
3972 3793
4075 3411
3887 3946
3945 3895
3959 3955
3946 4014
4085 3372
4082 3796
4080 3853
4074 4056
1163718206 1647351560
1
sift 290
16 21
51 57
38 46
32 32
45 33
180 192
63 68
54 51
70 55
277 282
101 105
131 127
154 135
390 455
198 220
144 186
167 183
413 467
581 594
162 210
178 193
432 483
634 552
192 198
217 224
636 456
658 615
242 221
210 295
874 1000
708 567
261 275
248 285
846 1119
709 760
283 276
297 305
1133 803
832 695
349 294
350 401
1019 1125
763 764
372 389
379 415
1063 1428
840 841
512 361
585 398
989 1884
916 884
562 426
474 533
1256 1437
923 977
584 457
535 520
1213 1782
999 1349
560 547
656 581
1693 1781
1180 1140
670 610
610 689
1719 1845
1060 1329
778 523
815 606
1886 1871
1173 1217
849 598
724 704
1815 2192
1391 1433
732 731
756 779
2161 1921
1587 1267
747 790
839 708
2198 1940
1551 1499
816 738
737 865
2433 2262
1650 1405
764 825
847 743
2292 2539
1486 1756
993 650
793 815
2613 2374
1531 1904
762 855
777 848
2212 2780
1923 1976
862 769
882 816
2512 2640
1814 2195
705 1139
809 974
2498 2747
2178 2160
918 852
914 949
3131 2346
2315 2062
985 914
1005 928
2443 2923
2116 2353
1000 944
1209 879
2639 2951
2196 2279
1033 1016
1061 1009
2811 2829
2457 2371
1032 1070
1136 978
2756 3028
2474 2404
1007 1264
1118 1147
2848 2931
2527 2477
1360 1004
1605 897
3060 3237
2553 2500
1178 1159
1236 1168
3101 3211
2531 2555
959 1672
1278 1226
3343 3117
2932 2504
1162 1338
1316 1250
3350 3163
2815 2646
1351 1237
1553 1167
3470 3086
2705 2947
1447 1292
1305 1464
3384 3204
2788 2902
1364 1421
1466 1321
3532 3386
2857 3005
1481 1350
1525 1308
2711 3191
1356 1520
1566 1414
2745 3159
1504 1487
1461 1573
2995 3011
1524 1513
1887 1215
3209 3133
1576 1483
1434 1668
3498 3109
1542 1598
1572 1643
3501 3325
1479 1777
1168 2313
3363 3536
1381 1975
1517 1764
3382 3537
1630 1658
1513 1806
3765 3240
1974 1475
2054 1440
4047 3339
1724 1675
1800 1635
4053 3462
2004 1492
1754 1724
1737 1773
2078 1602
2273 1494
1898 1714
2197 1557
1242 2749
1867 1784
1712 1962
1888 1821
1529 2333
2083 1763
1787 2020
1869 1924
1812 2034
1767 2120
1917 1971
1859 2042
1690 2248
2039 1870
1959 1959
1967 1966
1911 2128
2183 1883
2056 2041
1989 2106
1757 2365
1984 2131
1929 2257
2211 2002
2027 2219
2237 2091
3380 1582
2036 2351
2105 2312
1810 2627
2321 2205
2231 2370
2226 2513
2469 2322
2686 2145
2145 2578
2438 2363
2430 2386
2319 2495
2476 2394
2098 2825
2170 2725
2502 2459
2174 2819
2597 2432
2407 2589
2507 2523
2554 2514
2014 3296
3182 2188
3038 2273
2352 2877
2496 2688
2652 2545
3582 2121
2308 3078
2493 2846
2694 2609
2601 2727
2759 2592
2383 3242
2409 3212
3543 2364
2937 2615
2574 3105
3249 2596
2973 2789
2774 3090
3049 2868
2969 3030
3982 2473
3407 2774
3107 2997
3119 2998
2850 3373
3232 3041
3148 3177
3253 3168
3616 2964
3271 3256
2917 3580
3207 3381
3488 3172
3700 3101
3743 3088
3788 3103
3381 3614
3679 3413
3782 3446
3844 3411
3875 3476
1163718206 1789068863
1
sift 447
484 662
112 116
4 13
219 183
43 47
18 18
898 744
298 436
17 23
434 411
55 70
32 32
1153 1104
417 481
38 43
541 499
127 145
54 58
1237 1293
543 600
70 65
619 580
269 182
63 73
1598 1506
772 611
67 75
733 931
304 305
87 89
3076 2019
912 759
97 96
920 769
296 334
101 118
3574 1967
1039 845
123 111
1255 1017
368 391
109 133
2616 2747
1266 1047
116 128
1155 1689
510 450
154 150
3609 3301
1584 1453
145 164
2809 1075
466 500
156 171
3537 3515
1502 2015
167 169
1865 1728
613 560
169 184
1890 1718
170 188
2112 1682
652 590
178 186
2130 1754
185 179
1680 2399
794 812
163 223
2264 1881
209 185
2416 1789
1245 778
186 210
2074 2300
214 196
3317 1738
1105 916
192 214
1749 3085
217 215
2316 2427
972 1124
198 238
2592 2239
203 231
2753 2621
1074 1021
200 239
2388 2996
212 268
2895 2600
1165 1008
204 276
2738 2980
239 256
3801 2451
1081 1107
248 250
4064 2358
261 247
2795 3273
1244 1096
258 279
3185 2917
283 261
3567 2931
1378 1179
277 278
3326 3026
297 290
3128 3326
1442 1496
286 328
3781 3020
356 319
3334 3556
1299 1763
321 377
3667 3345
354 341
3503 3662
1550 1549
350 346
379 357
1603 1508
371 380
450 352
1648 1593
395 383
367 454
1748 1539
388 446
440 429
1900 1697
432 440
413 477
2238 1662
605 372
537 412
2189 1782
474 512
227 2293
2414 2529
562 487
584 514
3140 3690
566 523
568 581
3432 3675
573 597
583 619
3946 3779
662 552
778 471
658 574
561 648
670 578
677 586
648 643
708 588
686 638
651 669
762 594
725 627
709 655
908 527
737 645
697 687
720 671
810 620
756 661
665 790
813 634
832 647
827 658
784 690
839 651
747 745
732 775
780 727
785 754
793 750
862 695
816 746
782 818
874 743
847 791
764 894
763 897
808 869
821 847
809 876
754 983
914 800
918 823
976 774
878 891
985 870
996 874
999 890
1103 809
1000 935
1061 905
1033 970
957 1063
934 1091
1026 1006
1241 855
840 1389
1435 781
1032 1101
959 1260
1131 1037
1278 977
1019 1225
1206 1013
1221 1020
1147 1100
1173 1081
1257 1058
1271 1069
1213 1105
1305 1079
1055 1382
1137 1250
1426 1032
1745 872
1187 1212
1060 1441
1296 1138
1169 1274
2081 811
1220 1277
1476 1074
1203 1348
1529 1064
1369 1196
1356 1215
1182 1415
1180 1433
1447 1182
1469 1201
1391 1409
1461 1356
1885 1055
1478 1417
1224 1759
1551 1430
1434 1597
1800 1247
1566 1477
1506 1545
1479 1607
1514 1580
1466 1658
1754 1370
1517 1635
1572 1608
2022 1255
1607 1596
1567 1652
1887 1387
1368 1975
1817 1483
1420 1981
1712 1632
1684 1676
1898 1517
1546 1887
1591 1870
1486 2052
1795 1686
1787 1688
1812 1680
1737 1740
1742 1778
1600 1973
1728 1803
1719 1829
1777 1822
1692 1927
1753 1871
1912 1732
1867 1780
1792 1842
2305 1578
1767 1959
1580 2280
1814 1920
1724 2041
1818 1950
1967 1811
1927 1847
1888 1888
1913 1875
1708 2111
1723 2099
2083 1764
1973 1852
1959 1884
1859 1983
2315 1677
2209 1736
1989 1930
1856 2068
1929 2001
2027 1911
2197 1786
1991 2013
2173 1874
2129 1948
2160 1935
1984 2157
1926 2224
2237 1909
2036 2116
2157 2000
2004 2172
1974 2212
2116 2053
1911 2313
1624 2740
2196 2071
2308 2037
2085 2274
2438 1961
3380 1610
2248 2202
2245 2242
2143 2349
2430 2169
2273 2357
2469 2197
2231 2429
2433 2297
2457 2291
2553 2200
2474 2290
2641 2140
2554 2235
2164 2563
3086 1951
2149 2640
2174 2619
2383 2445
2493 2370
2496 2377
2406 2478
2531 2435
2507 2464
2377 2589
2512 2525
2278 2835
2659 2444
2352 2758
2527 2565
2307 2893
2670 2484
2678 2543
2694 2562
2705 2555
2932 2437
2639 2679
2935 2506
2525 2968
3091 2473
2958 2550
3407 2393
2788 2673
2857 2642
2652 2895
2421 3294
2815 2692
2745 2769
2762 2753
2686 2886
2666 2948
2574 3103
2759 2879
3182 2616
2811 2899
2850 2869
3050 2739
2995 2787
2774 3005
2711 3111
3582 2491
3137 2771
3499 2580
3225 2768
3210 2780
2756 3182
2848 3112
2632 3472
2650 3460
3047 2971
2937 3107
3031 3093
3286 2947
3625 2702
3151 3087
2998 3242
3101 3185
3271 3052
2917 3434
3246 3130
3313 3114
3148 3319
3157 3316
3060 3418
3012 3497
3119 3397
3463 3095
3363 3230
2991 3573
3616 3028
3444 3186
3470 3214
3788 2964
3498 3220
3382 3365
3743 3064
3501 3354
3552 3306
3730 3247
3529 3495
3671 3413
3434 3709
3765 3468
3917 3357
3677 3591
3630 3629
4047 3172
3895 3477
3488 3749
3832 3552
3940 3513
3918 3547
4026 3443
3806 3713
4080 3183
3782 3730
4053 3476
3875 3740
3868 3793
