1256872597 1375567567
1
sift 200
838 1188
40 37
224 243
64 50
128 85
1212 1902
100 96
242 303
139 192
283 199
1229 1962
188 191
302 268
217 241
251 307
1417 1788
221 293
296 366
237 270
305 252
1312 2205
208 319
427 541
260 254
306 310
1540 2657
335 317
525 465
311 339
801 677
1863 2486
344 336
435 682
397 313
883 752
2097 2618
364 385
581 631
391 439
738 960
2028 2764
443 404
625 605
450 410
840 967
2531 3039
457 437
566 683
561 432
1222 781
2212 3696
686 462
618 641
508 715
888 1147
2357 4156
504 724
723 702
615 619
1160 881
2593 3722
710 629
728 769
782 636
1447 816
769 713
730 975
809 777
1173 969
844 764
866 918
758 980
1169 1005
892 848
829 997
1362 824
1017 1298
915 892
1238 1149
1022 1054
1749 897
1228 1071
1120 1345
1317 1085
1166 1287
1045 1307
867 1978
1407 1107
1251 1245
1000 1525
1564 1179
1192 1727
1205 1335
1505 1171
1341 1427
1815 1148
1497 1226
1562 1196
1273 1527
1347 1559
1629 1168
1360 1556
1389 1715
1439 1529
1394 1562
1839 1197
1398 1712
1470 1560
1797 1450
1684 1352
1466 1694
1590 1501
2508 1303
1821 1314
1305 2000
2000 1268
2166 2176
1685 1473
1670 1833
1616 1573
2150 2476
2120 1277
1746 1791
1791 1469
2283 2396
1689 1616
1446 2340
1778 2013
2631 2114
1732 2096
1668 2261
1823 2008
2497 2317
1901 1970
2010 2879
2063 1870
2515 2479
1753 2139
1961 2993
1973 2071
2214 2820
2321 2017
2218 2869
1991 2345
2231 3022
2900 1842
2433 3222
1814 2814
2966 2408
2324 2314
3347 2836
2644 2078
3418 2175
2604 2256
2918 3481
2247 2962
2542 2850
2298 3001
2368 4531
2453 2856
2471 2989
2270 3169
3120 3375
3163 2390
2745 2720
3062 2480
3019 3626
2509 3204
3131 2680
3672 2392
3014 3769
3205 2863
3430 2627
3017 3013
2815 4130
3048 3016
3186 3167
3411 2938
3572 3419
3708 2610
2485 4269
2916 3624
3312 4445
3497 3260
3146 3388
3527 3131
3350 4807
3554 3223
3133 3565
2967 3840
3636 4462
2806 4465
3583 3268
2711 4484
3592 3672
3348 3728
3291 3861
3569 4463
3398 3794
3634 4099
1256872597 1584042216
1
sift 711
300 401
72 78
11 16
46 52
13 18
21 36
655 762
993 1070
27 34
86 83
31 30
37 43
894 860
2323 1956
38 50
104 106
149 177
40 51
837 958
2328 2395
55 64
163 227
154 187
57 65
1229 1267
56 74
279 299
196 228
64 71
1225 1404
91 98
295 327
179 241
100 107
1211 1524
128 124
371 437
194 233
113 139
1312 1638
134 155
399 458
230 258
144 157
1417 1624
139 226
492 596
239 278
156 190
1540 1724
146 220
618 583
248 304
150 216
1575 1680
164 202
634 753
292 313
220 168
1863 1984
152 236
777 732
352 335
172 214
1735 2326
198 212
723 824
321 562
206 210
1835 2280
188 231
767 863
408 452
200 251
2028 2681
217 256
866 1142
412 509
224 247
2535 2211
231 272
1162 928
427 508
237 264
2127 2664
221 283
952 1272
496 460
251 268
2212 2625
257 273
1000 1262
447 528
302 274
1947 2988
298 287
1120 1292
504 547
281 301
2357 2759
260 321
1273 1444
490 606
305 298
2798 2401
275 336
1389 1475
539 603
276 339
2531 2741
264 375
1305 1650
532 646
311 322
2857 2509
280 423
1468 1625
599 637
306 407
2886 2766
316 417
1388 1799
493 827
344 389
2505 3341
345 390
1446 1815
583 710
354 384
2997 3491
330 435
1569 1809
581 717
335 440
3460 3409
357 432
1668 1777
625 683
397 391
3401 3929
450 367
1736 2054
567 782
372 446
3425 4122
366 454
1639 2196
633 748
429 393
317 546
2038 2062
650 805
323 554
393 449
1818 2237
658 819
387 488
415 463
1997 2187
685 795
394 483
391 487
1961 2357
728 786
287 707
414 480
1953 2385
810 728
364 570
554 380
2075 2435
757 801
443 520
445 532
2450 2114
789 949
479 538
453 565
2218 2539
865 978
487 571
516 542
2190 2577
851 997
508 573
497 592
2240 2663
850 1172
503 588
511 585
2433 2756
963 1101
621 512
576 555
2536 2781
1061 1275
525 616
564 618
2374 2957
1059 1352
614 581
565 640
2610 2948
1306 1146
561 647
544 696
2649 2989
1217 1297
560 686
631 662
2939 2816
1085 1467
601 703
615 697
2784 3197
1192 1411
592 737
577 779
2934 3231
1314 1361
580 777
635 729
3043 3209
1220 1490
668 691
637 745
2892 3783
1368 1393
662 742
679 739
2947 3802
1398 1384
654 784
606 865
3432 3610
1257 1632
704 720
686 778
3572 4096
1554 1402
786 681
640 878
1476 1584
677 843
702 788
1401 1693
801 704
819 699
1779 1304
673 881
676 886
1557 1614
710 814
630 1016
1392 1804
738 842
817 774
1527 1688
705 900
730 873
1370 1904
848 798
758 902
1647 1637
769 906
804 891
1431 1921
755 961
803 917
1521 1836
795 927
842 920
1516 1869
808 973
829 947
1513 2191
788 998
844 966
1879 1762
822 1003
781 1057
1730 1918
780 1095
813 1059
1671 2040
763 1160
875 1018
1733 2030
889 1011
892 1009
1650 2157
840 1099
877 1084
1681 2128
872 1132
883 1139
1627 2246
992 1029
825 1299
1689 2186
979 1102
1075 1005
1796 2205
1040 1037
935 1178
1971 2100
925 1204
906 1264
1851 2214
839 1469
870 1420
1888 2195
965 1255
1035 1175
1778 2386
1015 1226
1022 1224
1868 2324
1026 1230
1048 1215
1900 2360
1027 1256
1019 1271
1944 2359
995 1318
1116 1209
1866 2544
1099 1237
1045 1298
2254 2289
984 1409
1011 1363
1920 2636
888 1737
1224 1181
2171 2476
990 1479
1113 1373
2164 2494
1036 1531
1160 1381
2037 2665
1154 1435
1222 1367
2499 2318
1173 1430
1237 1354
2353 2493
1188 1425
1177 1436
2386 2461
1136 1509
1183 1462
2335 2671
1280 1350
1159 1572
2269 2837
1213 1551
1253 1487
2494 2588
1404 1332
1169 1645
2571 2529
1281 1526
1351 1424
2451 2843
1123 1748
1264 1602
2442 3058
1289 1606
1407 1445
2491 3084
1362 1515
1439 1427
2732 2839
1317 1603
1451 1415
2215 3650
1028 2018
1383 1540
2668 3046
1371 1601
1552 1374
2719 2982
1447 1541
1387 1647
2984 2804
1284 1800
1487 1583
2951 2880
1428 1648
1497 1580
2545 3355
1500 1579
1320 1794
2835 3287
1363 1783
1163 2067
2464 3948
1394 1771
1411 1757
2991 3232
1348 1846
1590 1548
2914 3308
1412 1782
1295 1933
2898 3454
1367 1877
1419 1831
2821 3565
1463 1767
1529 1690
2918 3462
1688 1486
1494 1870
2957 3435
1522 1825
1358 2039
3008 3420
1562 1843
1538 1883
3176 3282
1564 1851
1444 2002
2972 3566
1504 1948
1680 1717
3004 3589
1427 2170
1519 2034
3019 3819
1784 1711
1511 2090
2782 4089
1586 1965
1486 2166
3138 3717
1623 1936
1454 2225
3115 3752
2102 1605
1685 1900
3148 3730
1605 2006
1798 1808
3336 3535
1732 1889
1441 2383
3283 3620
1669 1999
1764 1922
3234 3736
1666 2043
1641 2104
3648 3251
1761 1961
2011 1812
3431 3722
1565 2286
1616 2164
3170 4026
1933 1894
1465 2605
3101 4221
1634 2198
1828 1959
3622 4194
1797 2003
1753 2074
1649 2232
1842 2053
1820 2096
1709 2227
1852 2079
1973 2014
1893 2110
1746 2270
1814 2193
2019 2052
1871 2162
1823 2226
1803 2258
1815 2252
1821 2264
1629 2639
1791 2350
1846 2309
1867 2294
1972 2204
1880 2334
2000 2274
1970 2338
1887 2455
2115 2238
2144 2245
2072 2321
2071 2333
2155 2251
2131 2288
2120 2308
1923 2516
1962 2519
2034 2444
1708 2902
2008 2542
1901 2666
1875 2697
2018 2556
2135 2445
2098 2482
2321 2266
2114 2489
2577 2068
2298 2304
2282 2312
2004 2613
1963 2673
2095 2532
2225 2388
2055 2582
2159 2490
2231 2422
2166 2510
2110 2561
2205 2481
2063 2644
2654 2094
1951 2786
2179 2576
2141 2634
2346 2429
2549 2218
2027 2771
2324 2471
2414 2379
2085 2740
2083 2751
2197 2621
2169 2682
2223 2616
2184 2679
2061 2812
3070 1995
2182 2700
2330 2565
2261 2701
2247 2732
2291 2725
2208 2825
2285 2772
2791 2293
2355 2760
2090 3061
2331 2799
2052 3114
2391 2750
2133 3039
2334 2838
2506 2659
2517 2667
2644 2525
2226 2984
2609 2583
2259 2979
2329 3013
2458 2882
3017 2409
2485 2895
2368 3037
2455 2962
2275 3212
2497 2926
2509 2918
2475 2976
2872 2622
2501 2985
2401 3152
2837 2703
2372 3211
2409 3184
2758 2769
2707 2814
2884 2717
2746 2852
2313 3421
2279 3469
2576 3052
3418 2399
2300 3495
2385 3370
2628 3011
2472 3249
2645 3009
2515 3198
2462 3285
2608 3074
2783 2909
2630 3056
2752 2929
2696 2974
2586 3162
2723 2994
2661 3076
2706 3023
2486 3470
2726 3133
2579 3331
2831 3070
2524 3496
2260 3989
2876 3112
2620 3425
2860 3174
2873 3171
2896 3153
2743 3291
2895 3200
3088 3041
2850 3272
2760 3365
2801 3317
2528 3772
3079 3079
2796 3350
2989 3195
3166 3032
2711 3544
3065 3173
2881 3386
2840 3415
2806 3486
2739 3582
3110 3186
3187 3125
3048 3294
2820 3564
3086 3276
3023 3361
2815 3663
3104 3313
3037 3418
2814 3703
2861 3662
2833 3698
2980 3517
3033 3449
2745 3807
2862 3681
3003 3502
3398 3124
2790 3797
3089 3422
2612 4070
2885 3743
2704 3935
3186 3368
3405 3182
3163 3391
3162 3404
2953 3696
3209 3406
3159 3458
2970 3719
2825 3905
3397 3271
3229 3431
2660 4142
3144 3604
3343 3392
3464 3302
3242 3643
2967 3971
3278 3627
3329 3590
3291 3640
3487 3395
3133 3857
3347 3624
3068 3953
3678 3245
3062 4025
2916 4193
3428 3671
3052 4163
3256 3966
3411 3867
3546 3701
3035 4236
3592 3642
3696 3439
3205 4129
3453 3919
3312 4103
3672 3639
3298 4188
3716 3492
3451 4051
3541 3944
3339 4202
3576 3982
3586 3987
3647 3926
3497 4171
3609 4115
3703 3950
3702 3975
3636 4195
3567 4258
3728 3714
3715 4197
1256872597 1780862618
1
sift 247
62 54
72 74
142 118
77 67
209 222
84 69
162 173
132 108
362 302
165 120
180 172
161 154
300 402
173 150
193 205
232 202
418 394
234 212
315 273
310 283
425 463
375 338
278 316
346 270
701 634
416 358
468 355
405 374
876 892
543 538
434 411
412 485
1093 937
537 571
473 441
483 454
1132 1112
626 533
519 491
526 482
1687 1048
448 790
681 417
572 507
1816 1672
591 695
678 501
652 537
2216 1522
703 620
669 545
683 539
1622 2030
731 600
737 655
718 622
2177 2037
716 692
847 606
646 855
2272 2209
736 706
798 822
762 791
1968 2514
831 856
860 764
773 868
1921 2859
1041 808
807 828
958 768
2615 3514
1077 1083
896 888
957 867
1007 1325
806 1218
982 962
1155 1153
949 1079
1021 992
1076 1428
1032 996
1349 831
1321 1161
1065 1066
1109 1031
1373 1152
1164 1092
994 1286
1267 1354
1282 1016
1107 1188
1414 1209
1084 1245
1318 1128
1448 1300
1320 1258
1436 1213
1545 1265
1286 1401
1509 1163
1756 1099
1594 1119
1148 1645
1260 1636
1769 1040
1234 1669
1471 1463
1513 1400
1338 1589
1593 1351
1397 1574
1768 1168
1366 1823
1647 1279
1587 1485
1518 1641
1582 1550
1444 1696
1644 1579
2096 1298
1482 1839
1758 1530
1799 1544
1520 1840
1751 1664
1671 1856
1739 1721
1503 2270
1856 1692
1762 1798
2054 1723
1743 1910
2421 1552
1891 1885
1978 1765
1630 2203
1676 2224
1946 1919
1873 1967
1775 2112
2161 1820
1591 2474
1938 2163
1804 2144
1833 2119
2602 1741
1632 2513
1808 2249
2118 2194
1765 2351
1888 2228
1977 2318
2029 2095
2049 2094
2191 2142
1880 2290
2522 1838
2076 2252
2147 2182
1983 2407
2266 2150
2284 2199
2292 2155
2422 2057
2563 1951
2425 2056
2349 2130
2239 2255
2186 2372
2016 2517
2195 2365
2527 2066
2241 2393
1708 2936
2113 2520
2199 2462
2829 1954
2964 1900
2551 2245
1744 3067
2600 2152
2523 2375
2243 2528
2582 2233
2923 2068
2613 2220
2569 2327
2136 2732
2499 2417
2173 2719
2314 2594
2999 2070
2356 2558
3287 2171
2365 2571
2540 2451
3102 2321
2752 2354
2363 2707
2742 2562
2057 3214
2451 2739
2779 2561
2981 2364
2578 2647
2482 3089
3090 2336
2406 2959
3018 2634
2950 2464
2215 3384
3179 2655
2952 2577
3198 2437
2912 2866
2538 3007
2643 2926
3334 2629
3656 2278
2754 2976
2968 2983
3578 2461
2943 2938
2810 3160
3320 2662
3091 2830
3378 2737
3160 2841
2914 3159
3282 2903
3415 2861
2940 3251
2846 3416
3431 2872
3316 3011
3134 3213
3657 2878
3259 3142
3257 3372
3078 3491
3224 3400
3056 3574
3613 3366
3689 3378
1256872597 2102469315
1
sift 729
300 335
72 63
8 5
46 37
13 8
9 6
838 680
849 602
11 7
78 57
31 17
26 15
894 921
1343 1338
38 28
86 61
54 36
40 29
1229 872
2328 1786
48 42
104 77
149 115
56 46
1212 943
2422 1785
64 44
195 192
154 120
90 59
1225 1069
3266 2839
91 60
279 213
196 143
133 56
1312 1026
3474 2994
100 71
295 218
194 160
110 81
1417 1096
114 89
371 267
239 167
113 90
1665 1450
128 84
399 344
248 205
146 80
1835 1453
131 92
492 355
332 269
134 100
2127 1354
139 123
618 390
352 273
152 134
2028 1583
163 128
583 496
427 318
164 129
2212 1588
150 146
748 440
412 343
206 114
1863 2125
172 141
634 502
447 352
198 127
1947 2233
188 159
723 521
444 361
200 173
2357 1937
224 165
777 532
472 357
217 174
2531 2006
237 168
767 594
484 367
221 184
2658 1957
257 175
866 633
465 421
201 222
2857 2040
242 214
952 774
496 411
280 187
2505 2333
283 196
1120 815
539 392
275 202
2535 2400
260 217
1089 937
532 404
251 229
2997 2428
276 211
1301 901
490 451
302 206
2593 2724
305 204
1273 929
546 453
281 226
3050 2494
264 240
1389 926
633 479
323 221
3020 3356
335 227
1305 999
650 534
311 242
3425 3374
330 231
1168 1115
757 519
316 246
3454 3397
306 263
1388 1303
865 666
354 249
339 258
1569 1173
851 685
345 266
344 276
1668 1225
945 677
450 233
394 271
1639 1335
915 848
372 280
317 337
1624 1491
971 912
415 274
391 291
1818 1484
1220 902
408 287
429 278
1736 1587
1306 893
414 295
364 373
2021 1423
1217 1008
404 350
457 317
1961 1558
1368 969
453 345
393 415
1953 1617
1369 1004
479 369
443 416
2240 1707
1392 1015
503 356
487 389
2075 1929
1401 1037
621 316
512 393
2610 1850
1521 1060
576 362
510 408
2218 2180
1398 1148
508 425
544 403
1997 2459
1513 1220
511 435
565 399
2433 2059
1554 1223
528 443
564 436
3121 1690
1627 1218
614 431
580 454
2536 2054
1647 1239
581 472
635 456
2555 2083
1516 1434
625 459
592 475
3019 1919
1851 1240
615 468
665 457
2450 2478
1431 1727
600 494
637 484
2919 2116
1650 1430
561 553
640 500
2649 2409
1868 1398
668 486
662 510
2892 2462
1733 1521
685 488
658 522
2947 2519
1900 1537
677 509
680 523
2805 2678
2499 1272
729 482
606 613
3170 2616
2668 1222
673 544
704 511
3369 2694
1920 1642
705 514
679 560
3432 2689
1957 1713
819 470
676 589
3043 3044
1866 1775
848 489
728 559
3713 2977
2037 1732
730 565
786 531
3572 3423
2089 1760
822 515
801 549
2215 1800
795 555
738 590
2353 1868
803 554
755 585
1888 2255
804 558
758 603
2269 1940
768 618
720 681
2254 1969
769 629
829 591
2507 1821
667 767
810 620
2392 1975
763 665
833 617
2442 1961
781 660
788 670
2211 2165
813 661
864 655
2491 1946
889 640
844 673
2451 2076
884 662
832 698
1971 2654
870 678
892 671
2553 2093
875 687
840 718
2821 2004
883 689
872 713
2406 2413
900 695
975 648
2842 2098
1017 635
764 825
2914 2105
850 757
981 674
2943 2131
1035 644
825 794
2835 2253
935 721
842 798
2719 2370
969 728
979 748
2582 2589
1079 726
1015 764
2890 2404
1019 765
963 810
3008 2359
995 791
1228 720
2898 2488
888 924
1205 734
3220 2437
1027 805
1011 841
3234 2454
1224 741
1200 781
3176 2490
1061 869
1113 850
2992 2685
1072 892
1059 905
2951 2759
1045 919
1195 856
3324 2527
1183 865
1136 890
2464 3317
1176 880
1154 897
3442 2498
1116 917
1160 908
3336 2666
1152 946
1159 942
3648 2608
1034 1023
1222 925
3364 2918
1189 970
1173 992
3618 2999
1264 936
1280 971
3694 2914
1291 985
1289 997
3320 3506
1362 948
1192 1051
3596 3689
1447 915
1407 939
3707 3832
1345 973
1246 1027
1387 998
1237 1089
1411 1000
1360 1031
1171 1156
1383 1072
1284 1169
1454 1070
1466 1068
1363 1120
1552 1034
1412 1104
1367 1183
1616 1039
1497 1118
1317 1264
1487 1142
1572 1083
1463 1172
1480 1187
1347 1316
1295 1356
1567 1111
1500 1184
1358 1311
1562 1137
1522 1162
1438 1242
1565 1145
1406 1287
1538 1204
1879 1020
1564 1195
1551 1215
1486 1296
1669 1122
1519 1281
1778 1101
1504 1359
1749 1153
1623 1252
1641 1258
1586 1375
1590 1376
1964 1132
1441 1559
1737 1262
1693 1310
1666 1358
1842 1246
1821 1251
1629 1405
1798 1288
1709 1352
1732 1350
1609 1464
1815 1308
2102 1210
1753 1401
1662 1476
1796 1367
1708 1447
1677 1478
1634 1536
1746 1473
2007 1339
1867 1421
1820 1451
1823 1457
1689 1594
1730 1542
1764 1533
1797 1498
1791 1510
1973 1411
1923 1455
1962 1441
1681 1676
1761 1596
1854 1538
1871 1535
2185 1382
2071 1446
2001 1488
2115 1436
1960 1519
1887 1574
2004 1501
1972 1554
2008 1556
2120 1489
2083 1534
1875 1684
1852 1699
2455 1368
1950 1651
2171 1506
2263 1481
2117 1593
2150 1567
2165 1553
1965 1685
2184 1551
2078 1634
2031 1678
1740 1888
2203 1599
1814 1846
2321 1545
2143 1668
2298 1578
2244 1649
1893 1834
2095 1726
2609 1429
2164 1692
2324 1607
2144 1717
2155 1720
2608 1466
2166 1745
1996 1867
2169 1763
2223 1738
2231 1741
2871 1409
2247 1734
2052 1862
2259 1743
1932 1965
2085 1866
2205 1804
2182 1823
2329 1753
2400 1723
2063 1966
2548 1670
2282 1809
2197 1886
2179 1909
2159 1930
2414 1770
2090 1993
2019 2051
2700 1627
2494 1742
2308 1881
2055 2060
2226 1971
2277 1959
2497 1812
2644 1755
2458 1891
2517 1842
2767 1706
2509 1859
2180 2109
2577 1811
2394 1973
2337 2015
2208 2127
2261 2089
2368 2027
2082 2324
2436 2010
2274 2142
2752 1806
2285 2155
2478 2028
2133 2381
2135 2382
2722 1870
1991 2566
2330 2208
3088 1747
2485 2068
2479 2091
2746 1910
2603 2011
2355 2241
2365 2278
2279 2352
2475 2201
2726 1996
2704 2019
3017 1874
2576 2156
2391 2360
2409 2364
2385 2396
2472 2312
3035 1922
2627 2218
2446 2439
2876 2074
2761 2138
2706 2166
2236 2698
2571 2342
2828 2154
3405 1872
2486 2522
2783 2235
2837 2210
3110 2047
2638 2387
2723 2331
3061 2106
2815 2280
2894 2229
2965 2194
2790 2327
2984 2183
2740 2372
3101 2135
2804 2343
2660 2486
2760 2393
2862 2330
2916 2314
3037 2238
3278 2092
2648 2556
2707 2496
2816 2416
3062 2243
2806 2432
2611 2629
2774 2502
2934 2424
2982 2399
3033 2355
3065 2348
3148 2288
3054 2378
3193 2281
2859 2532
2823 2568
3323 2211
3077 2389
3039 2436
2967 2484
2930 2513
3144 2345
3011 2475
2443 2941
3291 2274
3162 2390
3356 2279
2788 2675
3029 2534
2896 2633
3048 2548
3456 2249
2860 2669
3272 2385
3133 2501
3229 2453
3488 2261
3255 2444
3209 2482
3512 2258
2825 2749
2904 2710
3123 2574
2745 2838
2989 2682
3374 2429
2711 2873
3343 2474
3347 2479
2980 2715
2861 2813
3089 2679
2874 2832
3131 2661
3138 2664
2661 3057
3398 2538
3465 2540
2850 2953
3609 2464
3492 2571
2698 3175
3411 2647
3587 2512
2814 3154
3312 2769
3080 2932
2801 3231
3636 2580
3260 2855
3419 2752
2953 3138
3677 2584
3497 2736
3541 2740
3451 2827
3514 2770
3641 2680
2966 3245
3631 2703
3500 2809
3367 2919
3371 2923
3647 2722
3590 2783
3027 3291
3217 3126
2781 3583
3276 3097
3256 3140
3525 2904
3448 2968
3329 3089
3673 2828
3527 2962
3042 3492
3567 2939
3651 2869
3586 2948
3576 2967
3003 3595
3696 2850
3468 3113
3547 3034
3491 3111
3703 2902
3592 3098
3682 2969
3453 3284
3556 3209
3630 3136
3570 3244
3348 3564
3654 3292
3687 3335
3502 3621
3555 3573
3634 3500
3716 3725
3705 3895
