1375567567 1584042216
1
sift 531
10 17
37 51
26 37
366 325
34 56
25 54
171 149
50 71
30 39
641 583
284 254
46 59
243 247
84 110
42 72
702 824
405 304
53 97
268 274
96 107
64 85
1045 943
605 683
73 89
465 616
192 226
59 137
1076 950
631 717
89 112
522 886
191 231
77 127
918 1142
728 710
85 124
683 641
241 256
82 136
1188 959
769 786
79 147
975 873
270 264
106 130
1345 1292
942 1101
95 166
997 947
293 283
115 133
1525 1262
1100 1488
120 132
1149 1355
254 321
129 142
1527 1444
1297 1254
152 143
1179 1851
319 281
127 195
1962 1267
1712 1384
135 181
1715 1475
209 512
145 184
1957 1404
1727 1411
132 208
1902 1525
313 391
144 203
1788 1624
1517 1967
139 252
1703 1799
336 389
186 192
2000 1650
1616 2186
229 205
1917 1834
412 301
187 272
2205 1638
2013 2386
174 392
2328 1510
317 440
168 425
1885 2047
1972 2671
182 368
1645 2110
410 367
223 290
2261 1777
3170 2836
252 298
1833 2000
440 337
307 268
2340 1815
3122 3136
259 300
2096 1889
389 502
237 369
2184 1950
3418 2887
247 365
1791 2270
404 520
230 443
2486 1984
3788 2894
306 329
2878 1812
439 487
273 420
2025 2948
3037 4027
308 383
3068 2280
385 570
251 464
2993 2357
3481 3462
309 396
2869 2539
432 647
332 372
2764 2681
3833 3780
310 407
3039 2741
499 797
333 378
3723 2387
400 292
3222 2756
715 573
429 311
3696 2625
324 474
2836 3624
619 697
364 429
3241 3341
422 370
2903 3797
629 814
344 484
4156 2759
345 521
4219 2750
759 815
353 514
3419 4096
460 439
3008 3944
713 906
373 567
370 578
4531 3037
637 1057
424 523
406 557
4130 3663
764 966
397 574
371 645
4445 4103
733 1029
386 629
484 544
4586 4008
777 974
521 545
453 672
4462 4195
849 1008
500 582
477 617
980 902
561 518
396 822
810 1110
451 725
426 854
954 945
509 712
576 644
959 1212
537 741
520 836
824 1515
625 659
582 759
1054 1224
482 1088
731 636
1015 1366
677 704
495 1072
953 1506
577 871
463 1312
1107 1445
616 850
540 1063
1085 1603
707 806
673 868
1307 1298
828 772
635 1078
1382 1415
891 785
805 882
1510 1340
643 1157
650 1278
1528 1428
793 986
734 1121
1493 1572
960 842
908 888
1710 1508
749 1133
689 1302
1473 1900
1032 837
675 1358
1269 2273
742 1187
754 1152
1277 2308
680 1520
844 1117
1314 2264
822 1200
781 1367
1573 2164
797 1326
775 1433
1469 2350
779 1464
786 1443
1684 2189
966 1100
987 1093
1816 2190
1016 1061
873 1252
1729 2349
854 1308
780 1596
2071 2014
853 1349
1111 1021
2139 2074
1162 1010
816 1541
2008 2226
827 1497
949 1260
1870 2644
881 1381
1012 1180
1970 2666
899 1463
1298 1027
2314 2471
913 1549
1047 1296
2814 2193
969 1430
1122 1232
2323 2682
1190 1151
1089 1341
2150 3012
955 1589
893 1816
1879 3884
1055 1455
1158 1303
3001 2304
1048 1502
919 1766
3079 2617
1245 1214
1287 1171
2962 2732
1005 1645
1043 1607
2390 3391
1035 1674
880 2073
2471 3286
1057 1690
1195 1452
2701 3632
1272 1379
1152 1619
2480 4025
1150 1626
1385 1314
3016 3294
1315 1397
1139 1705
2954 3712
986 2008
1225 1582
2938 3867
1357 1387
1077 1888
2687 4199
1147 1737
1137 1783
2731 4202
1084 1911
1141 1803
2863 4129
1094 1916
1114 1883
3860 3212
1565 1347
1196 1843
3408 3766
1249 1753
1275 1715
3672 3642
1417 1530
1248 1784
3916 3434
1355 1662
1350 1671
3260 4171
1239 1866
1465 1588
4465 3486
1353 1759
1154 2109
3624 4193
1386 1735
1671 1458
3897 4186
1274 1953
1451 1790
4606 3811
1030 2753
1270 2038
1555 1686
1305 2005
1497 1764
1322 1978
1280 2092
1327 1997
1261 2117
2044 1351
1562 1771
1818 1594
1631 1716
1414 1971
1445 1994
1168 2639
1450 2003
1118 2858
1449 2071
1922 1691
1718 1849
1757 1858
1404 2260
1342 2424
1705 1930
2022 1714
1700 1973
2180 1615
1441 2331
1095 3497
1775 1977
1481 2317
1534 2222
1744 2033
1795 2015
1470 2415
1829 2027
1695 2147
1535 2397
1438 2613
1480 2543
1582 2362
1524 2473
2081 1881
1487 2579
2432 1654
1519 2528
1537 2513
1639 2382
1502 2653
1498 2677
2110 1912
1878 2180
1564 2686
1526 2791
1860 2299
1796 2419
1759 2480
1653 2651
1472 2969
1474 3047
1344 3521
2084 2174
1910 2427
2046 2295
1518 3115
2038 2361
1673 2909
1577 3159
1916 2687
2254 2229
2234 2292
2054 2575
1831 2925
1657 3222
2004 2730
1832 2999
2176 2510
2206 2458
1589 3561
1923 2931
1467 3962
2006 2819
1696 3338
2396 2311
1792 3242
2833 2017
1875 3229
2098 2835
2223 2676
2099 2855
2221 2707
2136 2846
2507 2383
2339 2570
1601 4001
2519 2407
2554 2447
1826 3728
2428 2643
2874 2249
2664 2437
2503 2612
2036 3362
2322 2874
2714 2485
2317 2926
1933 3769
2232 3126
2057 3569
3013 2409
3022 2422
3026 2430
2509 2917
2207 3450
2215 3538
2271 3407
2347 3343
2470 3170
2996 2662
3585 2219
2253 3688
2342 3568
2412 3447
2391 3638
2166 4121
2774 3203
2597 3471
2497 3685
2318 4038
2985 3054
2525 3690
2762 3429
2990 3249
3213 3018
3370 2896
2736 3745
3308 3053
3365 3006
3102 3374
3167 3368
2622 4125
2605 4237
2951 3880
2826 4090
2778 4185
3463 3301
3515 3304
3670 3187
2830 4226
3344 3528
3174 3831
3318 3587
3794 3124
4269 2895
3159 4032
3644 3432
4033 3184
3565 3857
3861 3640
3786 3920
3576 4158
4203 3652
4062 3781
3840 3971
4485 3543
3942 3957
4322 3711
4210 3862
4216 3897
4554 3697
4898 3258
4323 4046
4469 4207
4368 4285
1375567567 1960691938
1
sift 356
439 350
26 15
115 63
1350 693
46 27
713 689
89 52
306 138
1631 1039
79 68
1085 1043
82 84
373 159
4026 2645
120 85
1366 966
129 82
413 190
152 91
1180 1789
145 98
460 235
132 117
1469 1420
186 127
575 282
229 136
1870 1682
187 171
500 367
154 234
1794 1923
182 183
757 305
252 186
1985 1857
239 228
699 381
275 205
2150 1850
230 248
886 379
247 254
1994 2138
422 154
707 495
333 221
2088 2232
251 287
908 513
400 187
2226 2472
353 271
1032 635
310 321
3408 2333
324 311
1111 612
395 309
3260 2838
371 332
1122 696
406 327
386 434
1104 722
450 372
424 418
1245 784
408 431
477 365
1049 1010
397 488
451 441
1515 738
390 517
582 358
1287 865
578 373
561 399
1579 850
566 391
576 417
1047 1300
550 458
731 330
1534 912
483 583
615 432
1790 844
518 572
620 498
1279 1112
616 514
860 370
1249 1159
673 491
496 748
1744 1147
679 523
635 588
1370 1381
806 504
793 534
1988 1121
720 606
841 550
1812 1222
754 651
767 645
2143 1135
891 569
723 747
1718 1436
827 634
675 858
2221 1272
821 688
796 741
2432 1204
996 608
734 873
2234 1290
926 674
689 978
2178 1395
995 709
781 946
2176 1517
951 793
807 948
2833 1509
1012 774
853 915
2673 1581
1199 687
1150 758
2503 1687
881 987
899 969
3013 1516
1058 832
873 1019
2339 1934
1195 749
1056 975
2714 1836
1241 833
1333 791
3363 1834
898 1186
1281 904
3018 2028
1327 889
2054 686
2768 2142
1094 1126
888 1402
3585 1869
1196 1021
1265 989
3644 2108
1096 1176
1114 1162
4032 2036
1112 1190
1016 1367
4137 2059
1305 1132
1284 1156
3628 2317
1451 1056
1449 1106
3631 2322
1055 1545
1602 1031
4062 2226
1355 1206
1477 1182
4284 2212
1520 1173
1321 1372
3377 2730
1472 1240
1739 1118
4250 2283
1270 1463
1404 1320
2877 3309
1598 1191
1535 1295
4210 2450
2022 1078
1562 1282
4323 2406
1275 1618
1344 1529
4471 2480
1374 1502
1576 1345
3681 2885
1376 1578
1700 1346
4643 2617
1531 1458
1557 1453
4677 2740
1438 1589
1910 1261
3728 3312
1759 1365
1705 1405
1818 1352
1775 1375
1878 1317
1582 1592
1470 1719
1772 1491
1422 1815
1796 1498
1519 1723
2084 1315
1533 1738
1757 1602
1356 2016
1958 1488
1691 1729
1844 1643
1541 1908
2264 1373
1914 1628
2038 1534
2228 1412
1860 1683
1774 1769
1653 1878
2036 1593
1977 1651
2180 1506
1586 2007
2081 1605
2170 1580
2322 1490
2206 1571
1943 1840
2388 1512
2522 1475
1935 1918
2097 1773
2253 1716
2707 1484
1832 2098
2098 1895
1657 2332
2011 2012
2806 1603
2085 2060
2100 2050
2516 1788
2158 2025
2130 2057
2554 1796
1853 2415
2519 1846
3297 1478
2274 2015
2114 2173
2223 2100
3002 1691
2313 2064
2348 2116
2428 2065
2254 2379
2269 2413
2906 2002
2807 2029
2474 2246
2487 2231
2676 2107
2362 2412
2415 2443
2874 2094
2470 2455
2497 2434
2558 2394
3670 1823
2506 2493
2364 2756
3025 2167
3515 1932
2680 2446
2520 2600
2667 2497
2478 2790
2736 2534
2523 2802
2983 2397
2841 2517
2454 2927
3463 2176
3364 2239
3994 2017
3125 2502
3578 2219
3131 2564
2594 3067
3734 2228
3475 2378
2997 2812
3307 2550
3236 2640
3470 2487
2852 3035
2605 3313
3729 2391
2477 3652
3266 2811
3229 2858
3020 3082
3251 2869
2907 3298
3817 2549
3563 2743
2830 3442
4421 2344
2837 3572
3786 2780
4147 2628
4203 2605
3275 3252
3849 2850
3407 3169
4242 2767
3386 3306
4181 2845
3473 3321
3528 3445
3694 3331
4006 3192
4605 3039
4369 3254
3679 3873
3818 3800
3942 3724
4457 3344
3798 3907
4087 3688
4029 3792
4274 3595
3770 4153
4544 3547
3604 4435
4538 3761
4576 3843
4424 4244
4418 4362
4368 4420
1375567567 2102469315
1
sift 353
10 6
37 29
85 84
284 176
34 30
50 44
243 165
96 71
106 87
366 219
405 205
120 86
268 206
192 123
132 147
584 267
541 318
144 152
303 214
191 159
199 196
641 390
892 848
241 174
683 398
270 168
252 204
645 428
1574 796
233 222
605 459
293 184
237 245
728 496
1100 1124
253 216
631 472
209 316
247 248
702 521
2787 2207
223 272
769 559
317 227
187 380
961 581
3234 2004
307 229
918 633
313 247
310 263
1046 576
3173 2175
335 246
997 591
412 226
306 268
1188 680
3788 3288
336 276
833 842
410 233
353 329
1345 815
389 305
1149 1090
439 291
397 371
1527 929
401 334
1179 1195
437 317
424 364
1715 926
385 373
1962 872
513 304
450 460
1902 943
404 416
1556 1031
433 552
451 503
2000 999
500 469
1694 1068
499 490
520 504
2184 1012
715 425
1833 1123
619 468
625 497
2261 1225
629 508
1791 1473
637 660
616 528
2025 1850
495 730
2096 1350
713 629
677 549
2946 1450
707 567
1645 1834
764 673
784 525
3068 1453
828 523
2796 1542
759 682
635 736
2993 1558
752 689
2913 1748
849 672
960 590
2486 2125
980 603
3374 1690
954 652
908 647
3003 1999
742 820
3039 2006
810 822
966 717
2869 2180
779 911
2784 2258
1071 720
781 925
3222 2059
816 915
2836 2479
824 948
914 838
4156 1937
949 819
3645 1967
1004 825
943 847
3037 2615
881 908
3511 2324
1015 884
854 996
3946 2349
1190 735
3008 2740
1291 781
1122 787
3722 2724
1111 832
4531 2027
1107 939
1287 750
4198 3965
1016 933
3612 2531
1307 919
969 992
1158 909
4130 2280
1085 1264
897 1153
1147 924
4462 2580
1493 942
1055 1044
1124 1130
4722 2622
1710 891
1152 1102
986 1364
4445 2769
1148 1308
1114 1204
1196 1137
4143 3193
1573 1039
1225 1119
1249 1161
4045 3715
1382 1139
1094 1378
1280 1167
1314 1251
1239 1229
1153 1348
1684 1048
1355 1127
1497 1071
1727 1051
1168 1405
1305 1407
1269 1488
1818 1098
1277 1489
1180 1682
1695 1221
1559 1316
1501 1376
1438 1501
2013 1101
1469 1510
1450 1498
1828 1241
1628 1459
1705 1346
1582 1449
1811 1386
1829 1317
1905 1315
1616 1594
1757 1388
1361 1752
2008 1457
1043 2665
1922 1374
1859 1574
1491 1750
2071 1411
2139 1401
2110 1467
1985 1647
2125 1535
1564 2052
1510 2367
2078 1755
2038 1847
1870 1966
2314 1607
2176 1745
1587 2452
2150 1901
1958 2199
2323 1763
1879 2261
2317 1812
2833 1561
2805 1731
2396 1810
2442 1820
2471 1938
2315 1950
2221 2149
2480 2243
2412 1987
2006 2543
2345 2566
2535 1944
3022 1741
2857 2637
2516 2016
2231 2387
3016 2548
2443 2189
2234 2444
2466 3038
2210 2493
3585 1571
2687 2804
2470 2196
2271 2470
2938 2647
3013 1874
2065 2807
3791 2032
2191 2646
3069 1912
2785 2789
2497 2374
2622 2529
3860 2143
2391 2828
2404 2822
3623 2313
2990 2312
2877 2430
3392 2572
2093 3421
2680 2661
3260 2736
2875 2556
2330 3105
4048 2311
2353 3146
2720 2838
3057 3145
3102 2586
2477 3200
3897 2597
3806 2088
3006 2821
4465 2432
2406 3594
4269 2068
4123 2619
3861 2274
3644 2414
3252 3204
3565 2501
3213 2773
3672 3098
3349 2660
3681 2505
4280 2787
3507 2633
4033 2364
3545 3390
3131 2962
3840 2484
3858 3814
3576 2639
3794 2538
4121 3664
4011 2453
3309 2866
3916 3988
3388 2871
3000 3446
4613 3876
3538 2989
3604 2963
3327 3321
3353 3325
3290 3437
3942 2905
3786 3070
3669 3219
3993 3007
3773 3229
3371 3678
4485 2874
4598 2862
3728 3564
3713 3758
3628 3840
4099 3500
3847 3784
4368 3455
4746 3235
4308 3629
4593 3459
4201 3903
4396 3844
4517 3815
4849 3792
4450 3995
4877 3895
4728 4003
