1428487141 1647351560
1
sift 180
375 302
39 63
92 94
56 54
702 639
122 108
181 168
199 188
784 706
317 278
208 213
224 224
827 689
320 412
347 261
270 331
882 798
398 470
388 286
351 315
1050 842
437 453
443 353
476 400
1047 897
572 549
510 365
486 433
1208 1178
637 506
530 446
631 419
1267 1159
598 637
569 498
564 611
1377 1095
618 624
955 523
738 583
1348 1490
721 642
762 668
824 645
1786 1765
1003 743
793 679
797 677
2001 1658
969 864
771 731
1018 675
2208 1680
1202 1153
829 800
862 789
1998 1897
1242 1185
942 726
997 779
2514 1908
2125 975
1020 898
1048 895
2244 2247
1264 1736
1006 948
1226 748
2411 2205
1619 1721
1097 926
1122 1067
2497 2323
2096 1635
1111 1207
1079 1327
2584 2305
2060 1738
1321 1097
1063 1592
2830 2232
1968 1800
1411 1183
1345 1291
2772 2364
2319 1684
1501 1333
1506 1356
3082 2563
1551 2605
1559 1311
1794 1144
3283 2627
1915 2267
1412 1517
1496 1449
2187 1968
1621 1337
1708 1422
2029 2128
1435 1699
1654 1476
2155 2024
1696 1523
1699 1537
2328 1935
2004 1282
1603 1654
2167 2264
1954 1330
1756 1577
1924 2670
2007 1372
1718 1715
2299 2340
1946 1739
1960 1875
2541 2176
1846 2074
2133 1799
2213 2579
1977 1962
2020 1966
2631 2377
2067 2120
2270 1927
2588 2523
2318 1936
2294 1990
2705 2649
2498 2082
2377 2316
2693 2996
2453 2288
2071 2617
2831 2815
2444 2328
2607 2391
3052 2678
2303 2768
2574 2476
3005 2991
2662 2541
2924 2387
2870 3141
2649 2983
3281 2431
3006 3054
3023 2561
3112 2519
3343 3026
3502 2327
2460 3487
3291 3143
2656 3060
2960 2660
3499 2975
2790 2867
2771 2929
3563 2953
2974 2700
3048 2668
2926 2957
3026 3056
3211 2863
2809 3373
2764 3476
2795 3412
3135 3153
3153 3147
2832 3588
3053 3396
2946 3567
3570 3088
3524 3162
3263 3562
3460 3446
3404 3578
3664 3158
3638 3646
1428487141 1664374466
1
sift 1693
16 20
39 39
0 0
49 51
14 16
2 1
110 99
56 58
5 6
52 54
81 76
6 7
123 124
95 82
7 10
67 81
64 94
8 12
125 125
91 90
13 13
153 153
122 122
25 25
162 171
109 150
24 27
160 157
157 159
27 28
205 197
174 154
30 34
180 183
199 167
31 32
245 237
228 223
29 35
252 286
202 191
37 37
376 378
317 288
45 42
369 335
233 265
47 46
389 374
320 329
46 48
391 338
350 308
48 45
402 397
354 337
50 47
372 353
437 373
54 56
504 383
363 416
57 61
408 430
428 396
60 65
497 424
470 449
65 67
496 447
432 429
68 68
502 495
571 543
72 70
478 466
423 481
77 73
507 497
598 533
74 75
519 494
530 391
76 74
533 503
572 562
75 78
581 480
486 468
82 77
549 509
608 601
83 79
543 572
646 602
79 86
545 650
637 617
90 83
631 604
618 644
96 84
662 666
696 742
97 88
695 690
647 629
99 101
681 736
721 771
101 102
703 718
809 708
102 104
756 773
834 726
98 118
852 727
692 954
103 123
784 801
738 848
108 111
825 816
792 791
106 121
900 800
785 797
113 116
841 853
732 970
116 120
1004 767
929 819
120 114
840 931
801 855
138 103
916 867
951 871
119 127
958 837
971 850
124 128
924 907
1235 787
128 137
879 969
862 964
134 132
886 972
969 1043
131 136
805 1086
921 893
135 135
991 995
1033 1013
126 149
1032 992
860 974
139 143
1052 1027
1040 1033
150 138
1026 1049
961 887
144 147
1050 1061
1070 1095
132 152
1287 981
865 982
164 162
1088 1162
1130 1054
167 156
1101 1207
1071 958
166 163
1144 1197
1037 1173
165 165
1241 1136
1111 1102
172 166
1267 1177
1090 1148
170 169
1210 1245
1063 1164
159 181
1208 1305
1544 1019
190 158
1277 1260
1172 1299
173 172
1344 1206
1297 1182
206 160
1377 1250
1224 1292
181 176
1327 1314
1365 1234
184 174
1311 1416
1222 1345
179 189
1440 1338
1358 1254
191 177
1545 1268
1332 1312
183 193
1348 1596
1264 1394
192 188
1278 1583
1496 1306
208 170
1458 1471
1449 1468
194 182
1490 1409
1453 1472
186 201
1498 1415
1454 1463
195 195
1456 1486
1551 1383
203 186
1442 1511
1731 1316
177 214
1566 1423
1484 1535
212 184
1611 1458
1507 1531
211 190
1593 1417
1478 1569
193 210
1483 1635
1523 1522
209 198
1355 1793
1518 1557
217 192
1646 1645
1606 1556
214 199
1469 1742
1532 1572
218 196
1578 1715
1538 1633
213 202
1546 1866
1669 1574
196 208
1785 1680
1436 1844
207 211
1511 2222
1621 1675
219 204
1918 1782
1674 1659
224 220
1786 1930
1726 1625
223 221
1961 1821
1829 1536
253 205
1865 1964
1959 1442
238 222
2015 1947
1805 1730
234 224
2134 1857
1649 1752
231 227
2420 1774
1915 1674
237 229
1998 2144
1708 1758
242 240
2316 1868
1967 1719
241 241
2136 1978
1917 1695
226 279
2178 2008
1891 1953
247 239
2208 2031
1863 2050
235 249
2266 2025
1991 2046
255 235
2119 2291
2098 1949
236 278
2222 2209
1924 2175
259 247
2139 2300
2187 1937
250 251
2279 2215
1988 2223
258 250
2624 1917
2176 2001
261 257
2418 2199
2167 2043
271 248
2347 2316
2141 2118
263 262
2165 2531
2193 2159
278 252
2124 2598
2253 2010
272 259
2492 2357
2131 2210
257 276
2814 1931
2259 2030
266 268
2514 2405
2155 2230
276 260
2497 2544
2343 2018
270 271
2536 2596
2352 2034
275 270
2591 2591
2213 2216
268 272
2475 2727
2225 2260
283 263
2925 2329
2700 1824
267 293
2556 2731
2228 2282
273 289
3078 2254
2094 2406
280 284
2568 2717
2328 2237
290 275
2572 2706
2234 2337
294 283
2900 2516
2299 2278
299 285
2953 2573
2541 2124
292 300
2901 2698
2603 2117
303 292
2776 2726
2278 2460
311 296
2969 2854
2227 2594
307 307
2949 2917
2462 2389
312 315
3354 2673
2406 2436
323 304
2999 3027
2308 2543
331 294
3087 3068
2397 2497
316 314
3082 3144
1872 3146
306 327
3141 3170
2631 2235
325 305
3566 2799
2589 2490
251 387
3278 3289
2559 2661
361 303
3521 3001
2474 2769
342 311
3129 3577
2485 2794
386 297
3180 3368
2736 2517
300 366
3426 3376
3291 2200
293 380
3339 3343
2912 2574
338 334
3389 3631
2727 2775
309 390
3442 3608
2705 2844
351 339
3616 3455
2812 2757
348 345
3622 3410
2743 2901
353 343
2831 2783
360 349
3652 3674
2796 2851
341 370
3114 2636
347 364
2872 2781
381 351
2945 2765
397 342
2741 2983
370 358
3070 2690
365 363
3421 2503
410 347
2693 3272
388 365
3128 2777
380 376
3344 2662
383 375
3009 2979
382 377
2819 3169
400 359
2827 3200
420 354
3132 2967
436 350
3001 3062
405 385
3006 3114
366 446
3248 2977
409 395
3275 3121
378 439
3432 2791
424 384
2870 3541
413 402
3259 3065
406 417
3206 3222
415 412
3343 3180
416 422
3044 3453
392 461
3268 3380
434 399
3360 3375
427 419
3430 3320
446 414
3313 3493
440 420
3429 3464
484 388
3453 3437
450 425
3410 3498
451 423
3054 3665
422 455
3319 3596
447 438
3446 3507
513 379
3450 3532
459 434
3499 3523
458 444
3374 3668
449 459
457 453
492 418
477 431
479 432
433 479
476 443
472 463
396 537
483 464
481 469
512 433
505 452
464 493
494 467
466 500
550 407
561 406
520 477
526 474
514 483
510 498
439 568
511 504
489 530
518 506
540 486
532 507
535 516
541 522
534 536
537 534
506 580
556 519
557 529
607 502
558 531
564 528
603 514
531 576
551 544
562 542
563 545
559 553
566 548
565 552
596 541
553 586
586 556
547 607
585 566
568 575
604 547
569 582
592 565
590 590
612 569
567 623
614 581
634 564
650 549
602 611
613 608
615 606
589 633
600 626
635 587
663 560
675 557
642 592
621 620
694 567
643 616
654 613
638 628
652 618
651 619
620 653
623 646
633 639
678 615
640 643
664 627
670 624
658 640
671 635
660 657
657 665
685 642
653 671
645 687
641 698
684 661
688 662
674 675
679 682
700 658
673 697
693 683
636 732
611 789
716 679
709 691
726 664
713 693
686 723
778 622
576 870
714 705
724 695
720 702
776 649
730 711
753 700
751 704
733 719
741 709
768 703
750 724
824 660
747 731
739 741
731 763
740 752
735 759
711 807
754 753
839 681
761 744
763 743
770 740
844 685
772 748
742 774
812 717
762 777
796 755
749 798
816 751
752 820
746 825
783 786
764 814
863 729
769 806
846 739
795 778
758 831
780 803
791 796
771 826
793 802
807 784
797 810
817 794
928 722
831 795
802 818
798 822
853 783
864 793
800 852
822 829
878 792
810 841
789 878
774 912
867 799
832 854
842 849
811 884
829 874
854 839
848 847
858 845
835 876
779 976
782 979
833 918
883 857
788 973
866 879
876 875
849 898
905 843
880 886
818 956
875 895
884 890
907 873
926 860
908 880
965 832
887 920
897 908
890 925
906 903
953 872
966 861
851 978
914 910
987 866
1043 823
936 901
1027 833
913 930
944 905
859 1012
1018 869
952 921
930 936
963 917
964 916
935 943
949 928
942 946
1015 892
945 965
933 977
979 942
1006 924
922 986
977 950
968 959
983 949
947 983
995 961
1102 862
938 1028
984 985
937 1045
1022 971
988 1009
1019 988
1007 1008
1028 993
992 1039
1024 1010
1068 968
1008 1038
1048 1004
1056 991
1051 1007
1049 1011
1058 1005
1121 962
1148 922
978 1106
1060 1025
1091 990
1064 1032
1074 1036
985 1119
1002 1116
1045 1083
1083 1046
861 1301
1041 1099
1053 1087
1112 1041
1140 998
1099 1065
1110 1067
1010 1146
1034 1137
1096 1096
1149 1052
1126 1081
1118 1112
1125 1100
1650 805
1369 926
1127 1115
1136 1111
1164 1085
1182 1076
1097 1160
1122 1139
1103 1156
1146 1126
973 1365
1189 1108
934 1457
1288 1048
1079 1262
1212 1121
1190 1135
1156 1180
1250 1120
1218 1140
1170 1175
1169 1184
1162 1200
1168 1195
1201 1178
1233 1149
1226 1161
1379 1091
1207 1185
1188 1238
1225 1189
1196 1231
1400 1090
1200 1229
1199 1237
1205 1222
1098 1405
1213 1235
1240 1213
1215 1251
1248 1205
1395 1123
1256 1202
1195 1291
1251 1208
1220 1266
1231 1249
1105 1452
1249 1218
1257 1228
1247 1241
1341 1154
1562 1071
1274 1240
1308 1204
1382 1163
1314 1203
1370 1167
1263 1279
1237 1313
1392 1166
1273 1278
1322 1216
1547 1109
1266 1288
1321 1225
1325 1220
1320 1232
1296 1287
1331 1253
1258 1327
1433 1174
1481 1144
1333 1263
1316 1281
1337 1276
1328 1286
1203 1436
1367 1261
1300 1331
1388 1272
1272 1385
1275 1375
1398 1283
1362 1308
1339 1330
1299 1367
1334 1360
1364 1346
1428 1302
1397 1332
1290 1445
1421 1323
1372 1366
1418 1336
1330 1412
1439 1328
1393 1369
1389 1388
1343 1427
1349 1430
1452 1341
1255 1592
1410 1382
1461 1348
1462 1351
1417 1389
1293 1564
1366 1451
1414 1399
1342 1482
1465 1357
1402 1410
1413 1406
1368 1481
1424 1411
1360 1507
1412 1424
1514 1342
1353 1532
1603 1290
1542 1340
1329 1586
1494 1384
1446 1440
1526 1374
1416 1497
1505 1393
1501 1395
1443 1475
1394 1552
1468 1462
1435 1504
1319 1649
1466 1487
1425 1543
1477 1476
1908 1150
1520 1429
1470 1501
1444 1533
1688 1307
1510 1454
1406 1593
1517 1465
1536 1449
1475 1528
1217 1848
1623 1380
1506 1510
1485 1541
1422 1615
1488 1538
1464 1576
1528 1494
1637 1387
1670 1363
1467 1587
1487 1558
1497 1548
1559 1474
1588 1433
1282 1777
1499 1566
1486 1577
1373 1692
1552 1505
1550 1514
1572 1488
1561 1518
1602 1479
1642 1461
1557 1561
1581 1540
1564 1555
1604 1500
1752 1359
1304 1832
1508 1630
1594 1559
1633 1529
1512 1640
1563 1604
1648 1523
1791 1356
1500 1662
1476 1686
1673 1516
1659 1542
1672 1537
1671 1547
1598 1619
1522 1690
1678 1573
1574 1667
1707 1563
1667 1597
1472 1757
1609 1642
1666 1605
1576 1682
1695 1591
1728 1567
1789 1467
1590 1679
1656 1636
1768 1526
1654 1643
1608 1683
1700 1621
1610 1685
1755 1578
1521 1773
1713 1638
2081 1329
1704 1655
1699 1656
1459 1879
1801 1554
1658 1688
1709 1660
1729 1646
1601 1728
1584 1760
1766 1628
1774 1614
1730 1663
1747 1651
1675 1710
1738 1669
1815 1603
1569 1845
1735 1698
1746 1689
1754 1687
1684 1736
1769 1677
1838 1617
1778 1676
1696 1743
1846 1626
1625 1835
1716 1737
1712 1753
1698 1768
1780 1700
1810 1684
1733 1761
1740 1776
1750 1756
1570 1959
1718 1815
1742 1799
1828 1701
2123 1499
1858 1681
1820 1713
1679 1873
1817 1721
1767 1791
1723 1867
1776 1789
1868 1707
2087 1579
1558 2092
1743 1851
1617 2009
1579 2074
1911 1697
1813 1764
1784 1811
1591 2090
1830 1771
1811 1802
1809 1810
1833 1766
1799 1819
1832 1780
1794 1839
1765 1891
1836 1795
1874 1765
1893 1755
1802 1855
1530 2317
1910 1759
1869 1806
1875 1804
1806 1876
1942 1769
1873 1837
1849 1875
1853 1871
1958 1784
2424 1549
1819 1922
2009 1735
1928 1820
1855 1888
1987 1785
2207 1671
1930 1838
1947 1826
1913 1869
1935 1840
1880 1887
1757 2086
1753 2110
1885 1919
1823 1979
1881 1921
1949 1863
1969 1852
2175 1720
1843 1970
1745 2180
1932 1889
1759 2151
1985 1853
1941 1882
1936 1892
1996 1859
1640 2410
1954 1886
1844 2012
2164 1738
1926 1932
1972 1897
1824 2060
2394 1661
1964 1915
1878 2011
1931 1946
2067 1841
2129 1809
1960 1945
1943 1973
1903 2037
2013 1926
1920 2023
2286 1749
2217 1797
1994 1971
2241 1792
2510 1658
1986 1985
2058 1923
1851 2189
1946 2056
2300 1786
2073 1936
2004 2005
1980 2049
1788 2369
2023 1998
1999 2041
2054 1976
2306 1817
1848 2288
2035 2015
2007 2042
2057 2004
2032 2028
2191 1916
1831 2342
2205 1910
1993 2115
1974 2138
2249 1880
2030 2057
2019 2085
2072 2021
2039 2059
1748 2551
2195 1935
2059 2040
1945 2203
2046 2070
2133 1987
2044 2088
2160 1974
2216 1940
1953 2234
2014 2149
2041 2129
2011 2181
2148 2048
2126 2072
2065 2152
2089 2131
2143 2067
2070 2155
2154 2058
2416 1872
2230 1994
2100 2126
2082 2157
2245 1996
2221 2019
2118 2119
2040 2213
2063 2188
2016 2255
2194 2054
2378 1913
2022 2259
2104 2158
2240 2038
2434 1900
2111 2177
2239 2055
2238 2065
2090 2227
2243 2064
2293 2024
2468 1902
2256 2061
2048 2290
2017 2339
2135 2196
2169 2172
2025 2331
2285 2045
2271 2069
2251 2105
2050 2334
2162 2219
1792 2699
2152 2229
2109 2275
2254 2136
2086 2318
2190 2205
2203 2194
2400 2002
2085 2333
2298 2120
2232 2191
2261 2168
2031 2409
2166 2271
2084 2364
2056 2403
2209 2236
2184 2273
2099 2371
2231 2233
2142 2330
2276 2193
2215 2262
2313 2169
2288 2183
2447 2029
2282 2206
2344 2161
2108 2393
2219 2306
2284 2242
2262 2280
2349 2197
2374 2163
2270 2281
2283 2272
2138 2412
2375 2179
2459 2113
2586 1968
2233 2379
2211 2401
2355 2244
2053 2555
2405 2198
2273 2343
2294 2326
2495 2127
2626 1992
2366 2301
2320 2373
2423 2263
2318 2381
2324 2366
2373 2315
2012 2679
2177 2535
2376 2341
2408 2324
2500 2208
2387 2354
2413 2325
2470 2264
2229 2504
2381 2363
2643 2047
2392 2372
2438 2355
2346 2440
2361 2416
2520 2249
2571 2184
2507 2287
2581 2190
2323 2486
2524 2269
2173 2640
2456 2374
2407 2422
2307 2538
2493 2345
2393 2450
2443 2413
2526 2297
2542 2303
3077 1878
2350 2526
2425 2456
2183 2691
2525 2335
2463 2425
2401 2499
2274 2625
2371 2530
2246 2656
2428 2484
2521 2380
2441 2472
2661 2218
2429 2495
2467 2466
2486 2457
2384 2579
2426 2540
2857 2051
2465 2494
2594 2375
2450 2552
2410 2593
2628 2353
2454 2553
2292 2697
2547 2429
2737 2232
2505 2491
2801 2174
2489 2533
2390 2642
2491 2545
2481 2563
2644 2382
2569 2447
2636 2400
2440 2630
2729 2305
2598 2454
2673 2392
2740 2322
2761 2296
2557 2523
2583 2480
2522 2571
2579 2506
2667 2419
2566 2547
2518 2600
2602 2509
2303 2867
2664 2453
2688 2434
2614 2518
2567 2568
2575 2558
2783 2346
2503 2649
3035 2170
2596 2561
2633 2532
2642 2524
2539 2626
2656 2505
2607 2567
2562 2614
2339 2908
2574 2611
2200 3126
2689 2515
2472 2747
2482 2739
2647 2576
2696 2529
2807 2415
2600 2632
2726 2498
2605 2637
2496 2751
2924 2358
2632 2619
2757 2479
2710 2548
2790 2461
2666 2592
2476 2815
3110 2251
2511 2761
2650 2638
2834 2442
2460 2889
2548 2735
2686 2629
3012 2384
2648 2669
2995 2395
2879 2459
2685 2657
2854 2489
2679 2664
2606 2725
3083 2370
2608 2738
2513 2930
2716 2651
2759 2608
2779 2599
2730 2659
2325 3234
2733 2666
2798 2607
2127 3555
2869 2562
3611 2039
2646 2767
2621 2805
3386 2238
2683 2737
2718 2711
2659 2771
2564 2943
2731 2709
2662 2797
2616 2886
2697 2768
2805 2672
2630 2878
3061 2493
2703 2773
2680 2817
2477 3166
2711 2776
2684 2837
2735 2762
3311 2407
2712 2814
2765 2754
2775 2741
2777 2740
2981 2609
2532 3101
2797 2724
2681 2918
2786 2753
2907 2667
2687 2931
2988 2634
2968 2646
2338 3482
2778 2784
2824 2722
3269 2469
2695 2940
3362 2428
2833 2728
3245 2502
2905 2701
2770 2816
2788 2803
2369 3480
3152 2566
2728 2905
2585 3103
2810 2793
2706 2961
2848 2759
2808 2829
3021 2674
2896 2749
2837 2800
2845 2790
2668 3048
2640 3113
2655 3078
2771 2947
2843 2865
2587 3245
2990 2745
2865 2850
2678 3134
2859 2888
2926 2831
2921 2840
3003 2772
2904 2861
2768 3034
3230 2665
3258 2652
2910 2895
2917 2911
2947 2883
2974 2847
3091 2746
2942 2913
2832 3002
2847 2998
2844 3000
2914 2958
2860 2992
2987 2914
2932 2970
3292 2689
3038 2860
2959 2949
2960 2950
3094 2811
3105 2810
3095 2823
2946 2975
2920 2997
2885 3020
3033 2923
3048 2909
2939 3012
2840 3136
2851 3124
3135 2893
3055 2964
3101 2936
3163 2885
3116 2938
3076 2966
2894 3135
2899 3150
2952 3099
3108 2971
3007 3053
3229 2869
2933 3130
2971 3077
3075 2986
3032 3038
3024 3060
2972 3102
3215 2925
2976 3119
3261 2879
3226 2927
3042 3044
3085 3025
2984 3153
3223 2956
3088 3055
3053 3115
3147 3033
3266 2952
2908 3269
3185 3013
3056 3142
2877 3328
3333 2919
3060 3148
3144 3063
2967 3232
3037 3176
3155 3054
3008 3219
2897 3335
3153 3080
2965 3292
3124 3149
3169 3089
3300 2985
3154 3104
3106 3173
3463 2836
3404 2920
3118 3179
3281 3026
3176 3110
3332 2989
3162 3151
3297 3021
3405 2939
3138 3187
3134 3199
3150 3192
3393 2980
3214 3156
3184 3172
3540 2825
2888 3451
3074 3271
3069 3284
3026 3357
3296 3085
3071 3301
2948 3427
3304 3092
3133 3260
2839 3548
3160 3242
3233 3190
3093 3326
3151 3279
3250 3205
3148 3296
3363 3086
3156 3286
3255 3215
3324 3157
3000 3460
3303 3185
3205 3282
3219 3274
3209 3280
3564 2932
3203 3299
3181 3309
3305 3210
3414 3084
3267 3251
3384 3162
3202 3338
3299 3250
3301 3287
3346 3237
3149 3423
3307 3300
3455 3133
3249 3366
3314 3310
3502 3074
3476 3128
3461 3159
3388 3231
3378 3252
3253 3413
3211 3461
3658 2774
3309 3385
3497 3188
3527 3171
3112 3588
3254 3484
3350 3387
3302 3431
3359 3396
3522 3218
3367 3415
3320 3479
3293 3511
3220 3578
3614 3155
3440 3370
3525 3281
3533 3307
3349 3524
3422 3432
3409 3450
3478 3382
3355 3542
3510 3354
3334 3557
3606 3227
3330 3570
3448 3435
3584 3303
3541 3360
3575 3346
3529 3397
3416 3536
3441 3510
3508 3433
3507 3456
3471 3503
3456 3531
3487 3494
3437 3556
3581 3408
3447 3558
3538 3471
3454 3566
3482 3538
3524 3485
3559 3459
3633 3323
3545 3520
3599 3512
3625 3469
3548 3582
3590 3562
3554 3590
3451 3645
3582 3576
3615 3543
3593 3574
3555 3616
3626 3537
3578 3626
3592 3640
3640 3546
3637 3584
3473 3679
3565 3673
