1429073379 1472528885
1
sift 126
183 109
81 82
2279 1060
284 170
198 119
414 213
227 188
1841 1521
372 202
249 166
587 354
258 181
1635 2013
534 423
362 243
741 520
351 250
2119 2179
589 417
379 260
1170 519
382 389
2221 2423
897 562
532 379
1188 524
570 375
2455 2326
960 745
553 386
1234 534
466 470
2586 2641
1150 739
606 393
1169 791
581 413
3079 2587
1445 730
555 439
1106 894
487 515
1355 825
525 511
1207 918
684 467
1284 881
905 456
1666 897
735 539
1530 1119
649 662
1683 1189
816 561
1836 1124
732 637
2063 1087
790 635
2224 1197
957 581
1308 2450
888 634
2333 1761
1124 535
2873 1852
858 706
2651 1752
840 787
1236 603
2669 1827
1067 680
1383 631
2613 1896
1003 838
1021 873
3321 2014
1331 819
1360 833
3297 3546
1168 1074
1760 809
1185 1103
1348 1017
1201 1206
1349 1096
1619 992
1598 1111
1441 1325
1866 1092
2216 980
1578 1293
1498 1444
1686 1372
1756 1408
2374 1196
2131 1376
1568 1939
1704 1751
2240 1420
1955 1745
1941 1821
2617 1504
2127 1845
2482 1631
2376 1682
2852 1545
2013 2037
2336 1758
2375 1729
3326 1397
2410 1773
2820 1624
2464 1885
2997 1677
3306 1628
2304 2222
2502 2258
2591 2238
2775 2147
2998 2063
2701 2224
3314 1935
2822 2256
2920 2263
3374 2086
3184 3449
1429073379 1537327672
1
sift 496
40 14
75 45
71 28
36 16
70 43
93 61
226 100
81 50
87 56
149 81
202 132
91 59
97 63
199 113
241 155
135 69
129 75
201 134
268 159
118 79
137 73
224 118
327 161
152 78
157 77
225 124
322 185
145 87
130 105
282 177
326 191
162 92
190 97
477 283
337 217
173 121
181 123
531 311
369 220
195 138
232 119
594 323
447 208
205 146
214 148
708 381
313 285
218 160
222 165
783 371
456 241
219 181
252 166
723 401
452 265
253 176
314 169
821 471
473 271
233 231
375 170
795 500
591 248
272 200
329 202
902 453
552 287
330 221
320 234
950 516
578 315
349 229
338 237
974 536
565 318
296 278
430 211
1160 451
559 341
387 230
425 233
1004 519
615 328
382 255
384 251
1060 588
634 354
391 244
397 245
1390 530
633 365
392 257
394 253
1203 592
608 375
532 209
370 279
1434 556
648 369
409 267
564 213
1163 653
722 362
406 274
465 277
1085 682
710 377
454 322
468 324
1142 679
840 438
580 295
507 342
1235 706
922 426
525 333
472 363
1444 686
939 458
510 364
537 366
1200 813
873 525
577 359
649 336
1268 819
816 572
640 345
662 347
1376 771
957 492
511 409
682 346
1239 931
1127 533
491 440
561 421
1294 957
1080 574
630 404
625 423
1493 867
1164 568
646 412
699 398
1625 832
1277 542
861 350
635 430
1551 901
1172 582
733 386
609 515
1766 911
1136 619
624 540
725 446
1864 954
1011 702
732 457
775 437
1825 976
1263 678
679 526
833 413
1749 1126
1197 740
765 487
893 459
1841 1100
1357 699
760 534
837 493
2382 910
1254 748
892 477
857 506
1797 1191
1469 710
827 521
1079 408
1936 1116
1732 632
811 559
849 612
1897 1143
1473 720
1335 454
938 631
1928 1144
1406 757
1126 549
943 687
2019 1149
1561 738
1121 584
1185 581
2362 1012
1547 803
1485 502
1256 617
2050 1205
1583 785
959 768
1050 680
2217 1128
1465 850
1096 707
1304 634
2236 1130
1723 758
1119 697
1075 732
2322 1107
1433 903
1577 562
1316 650
2119 1256
1435 916
1175 693
1269 670
2117 1258
1962 805
993 864
1356 694
2111 1284
1661 898
1211 789
1453 683
2227 1228
1889 875
1305 787
1422 735
2283 1267
2039 835
1365 764
1194 858
2172 1360
1617 964
1401 769
992 1058
2260 1335
2318 861
1047 969
1455 775
2444 1298
2052 1000
1320 842
1520 765
2813 1248
1974 1075
1230 900
1223 907
2279 1437
2145 1004
1481 790
1426 829
2451 1349
2185 1050
1685 721
1181 970
2335 1416
2147 1076
1678 742
1407 887
2418 1430
2246 1091
1336 927
1110 1119
2662 1372
2113 1189
1260 1008
1265 1024
2605 1548
2654 1067
1330 1022
1717 892
2586 1621
2190 1300
2075 802
1565 1011
2989 1439
2234 1287
1562 1026
1818 912
2563 1867
2305 1271
1507 1083
1597 1002
2995 1646
2474 1216
1646 980
1660 972
3012 1687
2455 1254
1447 1174
1615 1006
2771 1933
2475 1324
1536 1084
1741 953
3342 1553
3231 1109
1506 1120
1842 943
3067 1923
2011 1665
1858 945
1656 1020
3247 1793
2459 1398
1704 1015
2042 914
3146 2061
2408 1492
1534 1217
1769 1037
3269 2093
2251 1596
1913 1013
1758 1114
2550 1419
1613 1238
1544 1314
2345 1539
1638 1239
1768 1210
2841 1345
1878 1160
1997 1087
2499 1545
1826 1203
2016 1089
2672 1514
2284 995
1558 1475
2547 1583
2086 1135
2150 1105
2809 1502
1633 1389
1986 1197
2752 1537
1901 1277
1845 1307
2860 1496
2097 1175
1709 1417
2764 1602
2100 1220
2176 1187
2965 1519
2014 1296
2241 1192
2581 1726
2200 1218
1832 1458
2739 1638
2066 1320
2196 1269
2875 1581
2705 1062
2285 1223
3054 1542
3210 965
1822 1569
3100 1571
2277 1260
2458 1222
2701 1796
2320 1303
2304 1319
2971 1641
2413 1278
1751 1817
2957 1744
2013 1516
2232 1356
3046 1703
2123 1435
2265 1355
2905 1804
1794 1825
2204 1407
3169 1661
2273 1371
2028 1586
2387 2248
1777 1959
2365 1364
2525 2221
2770 1266
1937 1845
2996 2106
2205 1556
2311 1470
3215 1979
1991 1797
2478 1382
3198 2040
2536 1379
2656 1352
3368 1977
2561 1409
2741 1347
3370 1983
2663 1367
2601 1406
3073 2258
2125 1795
2768 1359
1976 2051
2275 1634
2733 1374
2784 1366
2822 1365
2162 1810
2153 1854
2754 1396
2738 1403
2846 1388
2808 1424
1987 2212
2794 1482
2025 2215
2666 1567
2535 1662
2993 1448
2635 1625
2946 1498
2910 1529
2861 1549
2366 1882
3044 1476
2847 1568
2868 1575
2469 1846
2766 1630
2866 1585
2776 1635
2677 1698
2708 1749
3183 1523
2727 1773
2819 1775
2781 1862
2471 2144
2725 1893
2631 1992
2734 1916
3315 1560
2183 2420
3292 1601
2742 2007
2964 1844
2899 1902
3134 1766
3276 1666
3070 1829
3171 1765
2976 1901
3191 1780
3367 1660
2574 2274
2969 2025
3363 1692
3168 1954
3211 2028
3113 2121
2900 2242
2823 2284
3105 2158
2676 2394
3018 2239
2888 2316
2664 2476
2811 2410
2985 2318
3216 2263
3184 2272
2941 2412
2909 2453
3237 2322
2755 2667
3147 2428
2903 2642
3003 2602
2959 2637
3366 2341
3371 2336
3374 2361
3410 2191
3331 2681
3335 2829
3394 2694
3312 2959
1429073379 1724217577
1
sift 172
271 176
24 14
40 41
36 31
414 239
46 29
97 78
55 25
585 311
51 49
388 415
61 35
1170 709
67 65
425 416
65 71
1445 831
70 83
732 761
81 74
1398 889
95 101
946 611
133 117
2226 1225
154 108
939 681
152 116
1989 1395
148 130
1137 821
150 139
2807 1212
176 126
1221 881
156 161
2872 1787
173 160
1861 711
211 144
190 173
1551 1040
212 166
227 189
1433 1248
233 210
234 267
1197 1939
281 230
372 244
1974 1500
254 336
280 327
1797 1815
320 310
370 360
2184 2267
382 370
487 315
1857 2846
452 351
505 347
3216 2193
532 361
613 357
2841 2916
580 440
501 497
3031 2754
472 533
520 587
2701 3148
649 504
557 570
707 513
927 432
682 563
630 600
790 546
816 555
897 554
836 590
840 638
825 660
812 717
777 811
959 687
753 939
865 812
1014 765
960 850
1021 778
1126 712
1242 692
957 908
1080 791
967 949
1314 704
1185 815
1201 868
1238 852
1316 875
1423 964
1269 1052
1707 845
1216 1170
1775 856
1168 1264
1441 1065
1530 1086
1349 1367
1704 1279
1756 1266
2132 1106
1447 1614
1851 1294
1833 1457
2127 1276
1765 1582
1954 1480
1702 1680
1905 1610
1941 1765
2097 1715
2320 1597
2197 1749
2410 1627
2482 1621
2375 1686
2376 1692
3164 1447
2365 1752
2067 2098
2046 2222
2336 1885
3306 1485
2545 1777
2651 1738
2201 2163
2059 2376
2738 1866
2867 1818
2591 2013
2502 2121
2535 2236
2946 1943
2776 2150
2839 2155
2966 2094
2775 2241
2666 2313
2469 2463
3239 1990
2999 2149
2992 2187
3094 2170
2749 2364
3151 2199
3183 2205
3307 2133
2899 2486
2822 2542
3272 2388
2664 3099
3321 2537
3211 2716
3190 2816
2819 3231
3299 2839
2970 3176
3057 3183
3398 3129
1429073379 1750469169
1
sift 360
273 393
290 417
20 25
189 214
24 32
23 28
328 453
614 738
28 37
179 264
59 128
36 66
399 508
980 874
57 96
186 249
71 157
70 114
458 650
863 1238
82 110
191 269
95 121
93 136
596 766
1098 1515
107 145
201 281
124 159
97 162
638 798
1169 1490
135 155
199 286
125 171
149 230
652 848
1459 1400
150 192
224 298
152 203
153 225
666 855
1355 1538
157 239
225 336
197 285
137 305
692 935
1274 1695
194 209
235 350
322 461
181 280
846 989
1170 2298
190 274
256 371
380 436
198 262
803 1095
1470 2002
218 332
282 382
354 467
249 373
774 1225
1630 1787
258 401
297 431
372 504
233 470
894 1190
1545 2117
281 385
435 343
452 530
315 403
908 1199
1880 2462
320 437
420 512
451 544
280 532
919 1311
1945 2575
370 433
514 571
473 637
351 488
955 1284
1984 2672
386 486
448 699
522 725
349 600
805 1867
2219 2715
382 564
412 776
589 817
472 475
1210 1589
2333 3331
394 596
543 760
613 921
397 595
1292 1623
2832 2958
438 592
604 712
777 854
487 549
1195 1891
2559 3309
505 542
594 827
790 1092
466 597
1347 1729
509 601
672 777
724 1328
525 621
1373 1726
537 606
675 876
825 1109
477 705
1341 1885
468 732
737 906
840 1330
570 659
1420 1776
503 746
860 763
897 1357
598 698
1404 1848
699 619
656 1076
816 1753
532 801
1585 2047
607 747
821 1129
1127 1473
510 954
1649 2057
759 649
1036 1196
1121 1489
646 857
1542 2445
679 902
1013 1341
1150 1697
684 899
1795 2109
667 951
1200 1146
1316 1527
839 761
1734 2175
787 893
1118 1513
1238 1658
766 937
2115 1871
706 1057
1272 1373
1406 1593
717 1061
1573 2622
735 1022
1132 1554
1359 1822
738 1077
1883 2287
806 1007
1174 1552
1441 1709
943 914
1784 2416
834 1021
1142 1607
1530 1774
760 1128
1849 2450
732 1198
1294 1553
1419 2092
782 1080
2002 2491
745 1353
1155 1748
1349 2449
827 1309
1999 2748
1014 1157
1258 1636
1678 1844
981 1293
2291 2501
959 1348
1235 1820
1650 1954
1021 1207
2106 2901
925 1437
1163 1952
1749 1868
1003 1344
2065 3005
1159 1195
1434 1590
1807 1922
1067 1384
2206 2897
1117 1340
1301 1775
1704 2585
1246 1263
2564 2841
1173 1395
1286 1805
1765 2656
1161 1430
3088 2683
1107 1549
1462 1627
1911 2474
1124 1569
3141 3063
1510 1204
1381 1996
2044 2576
1231 1643
3390 3194
1062 1927
1479 1900
1813 3107
1289 1599
1236 1728
1376 2217
2878 2038
1223 1756
1594 1409
1493 2185
1858 3236
1086 2152
2004 1158
1624 1992
1998 3122
1529 1512
1340 1788
1625 2070
1889 3321
1397 1727
1414 1752
1606 2106
2260 2876
1102 2295
1447 1852
1729 1965
2172 3057
1453 1887
1559 1754
1648 2483
2335 2932
2210 1324
1570 1815
2252 1932
2670 2762
1623 1761
1517 1976
2105 2150
2475 3007
1595 1853
1618 1842
1801 2555
2265 3330
1933 1601
1668 1857
1810 2595
2482 3261
1282 2686
1751 1863
1864 2514
2672 3157
1477 2273
1866 1795
1835 2844
1598 2143
1741 1990
1893 2719
1820 2191
1756 2249
2189 2407
1714 2299
1719 2461
1629 3333
1768 2603
1833 2750
1825 3135
2138 2275
1955 2591
1936 3055
1941 2840
2009 2764
1995 3131
2286 2358
2013 2836
2340 2670
3348 1767
1976 2968
2337 2757
2135 2676
1986 2986
2382 2906
2097 2861
2067 2934
2293 3137
2619 2339
2029 3184
2862 2547
2240 3145
2304 3043
2509 2983
2567 2881
2425 3088
2444 3117
2945 2587
2458 3114
2837 2823
2744 2949
2631 3054
2392 3295
2770 2939
2535 3188
2626 3243
2487 3228
2656 3070
2813 3097
2548 3196
2606 3140
2645 3285
2469 3268
2502 3262
2851 3207
3074 2752
2848 3082
2912 3293
2881 3111
2967 3048
3178 3205
2680 3297
3312 3000
1429073379 1928484021
1
sift 156
31 3
149 36
87 26
40 9
91 27
201 51
116 35
97 29
153 43
473 107
241 60
156 41
162 40
531 119
322 78
181 50
190 49
565 121
333 91
218 72
253 67
425 138
634 111
337 83
368 90
860 181
608 120
320 103
382 101
1861 168
559 134
370 110
388 122
1749 275
562 143
520 115
537 126
2011 277
648 152
649 118
511 133
1433 336
766 160
472 139
641 125
2217 323
848 216
628 130
491 141
1840 367
952 226
732 142
697 157
1646 422
939 243
646 169
916 151
1635 445
1481 349
765 194
679 219
2172 409
2145 363
827 199
857 220
2119 453
1577 452
938 232
973 276
2260 462
1660 523
1278 238
1110 289
2455 481
2251 460
943 327
1488 267
2263 628
2066 513
1320 296
992 354
2581 602
2235 498
1049 339
1365 317
2586 631
2387 486
1223 334
1181 341
3067 588
1974 574
1230 337
1704 298
2905 638
2525 537
1986 310
2026 309
3079 619
2654 548
1305 366
1407 372
3216 608
2008 763
1330 394
1565 364
2986 753
2875 597
1858 346
1536 451
3146 747
2739 655
1613 433
2265 371
2809 673
1506 493
2241 401
2766 722
2196 413
2148 437
3073 697
1867 483
1597 536
3407 885
1845 505
1900 497
2285 467
2741 438
2365 476
2013 549
2162 546
2784 489
1777 691
1745 701
2304 542
2123 581
2727 507
2273 567
2163 612
2242 605
2868 527
2205 680
3374 511
2635 629
2366 757
3211 699
3184 717
2928 760
2765 814
2829 872
2664 901
2790 923
3098 881
2909 1010
2708 1062
3339 1018
3312 1107
