148862797 204405907
1
sift 278
27 20
55 50
29 23
35 25
133 146
65 56
49 43
44 45
188 166
92 63
68 54
72 60
183 221
143 126
74 66
93 112
231 201
166 162
170 155
179 151
233 258
312 267
192 150
198 177
293 216
289 305
180 236
214 203
322 349
421 384
265 171
229 276
383 387
482 342
296 218
294 230
598 386
511 414
301 241
304 252
496 550
459 478
298 272
303 281
633 469
445 496
305 289
311 284
563 539
506 515
363 326
393 310
634 565
544 524
388 359
412 383
748 521
661 538
442 374
409 401
715 548
644 645
427 408
494 406
636 715
723 665
468 480
504 492
826 688
814 616
576 468
656 546
921 662
899 590
555 682
687 568
791 775
848 834
706 603
1010 571
1092 678
860 842
951 610
1067 650
828 938
920 892
1052 664
846 814
1191 900
1017 940
902 771
865 829
1118 942
1234 1087
923 788
1074 709
1422 880
1285 1071
871 860
843 960
1259 1114
1281 1078
1065 805
800 1091
1452 1037
1075 1349
984 869
1068 851
1064 1473
1302 1128
1687 622
1224 807
1315 1207
1295 1208
1036 1020
1131 995
1712 1425
1551 1073
1215 970
1007 1166
1855 1391
1400 1196
1141 1083
1143 1205
1670 1599
1195 1623
1443 996
1664 965
1865 1485
1609 1244
1294 1194
1312 1186
1792 1615
1600 1285
1559 1125
1485 1236
1994 1506
1570 1304
1250 1597
1686 1336
1893 1657
1212 2051
1694 1351
1714 1370
2261 1915
1556 1588
1620 1470
1748 1382
2506 1964
1844 1360
1534 1560
1660 1528
2522 1959
1354 2242
2170 1178
1814 1607
2678 1984
1789 1694
2020 1420
1926 1510
2202 2958
1874 1651
1759 1704
1662 1824
2821 2317
1720 1855
2004 1525
2124 1444
2827 2618
1645 1952
2130 1591
1894 1796
3635 2240
1918 1859
1940 1778
1856 2025
3013 2751
2164 1717
2061 1838
2070 1848
3294 2687
2299 1659
2235 1703
1888 2145
2798 3324
2131 1957
2160 1893
2047 2074
3304 2955
2191 1927
2250 2052
1974 2255
3300 3060
2370 1872
2193 2132
2189 2169
3654 2977
2333 2056
2351 2007
2027 2571
3299 3450
2087 2488
2634 1922
1908 2873
1838 3229
2542 2067
2572 2114
2303 2467
2596 2115
2385 2312
2419 2412
2746 2034
2595 2218
2490 2516
2723 2126
2610 2252
2431 2604
2363 2491
2589 2291
2463 2665
2923 2012
2777 2184
3259 1977
3327 1883
2772 2221
3100 2066
2602 2429
2691 2350
2780 2353
2870 2304
2689 2492
2732 2485
2618 2589
2663 2535
2662 2723
2353 2948
2649 2798
2856 2629
2852 2614
3133 2374
2658 2984
2813 2732
3185 2489
3130 2597
2887 2787
2617 3196
3099 2739
3338 2481
3541 2422
3026 2830
3543 2602
3381 2692
3230 2940
3097 2945
3149 2968
2946 3344
3108 3010
3675 2620
2902 3503
3150 3020
3471 2784
3370 3030
3341 2893
3041 3191
3438 3041
3017 3262
2943 3369
3566 3242
3315 3017
3313 3215
3498 3356
3580 3059
3271 3361
3897 3448
3238 3407
3807 3195
3454 3604
3785 3425
148862797 579740000
1
sift 407
133 152
4 4
12 16
800 978
72 75
20 15
187 185
85 87
31 40
74 79
49 60
496 643
124 119
58 59
89 93
63 73
599 595
143 156
94 104
174 158
108 109
551 780
166 187
119 115
181 175
135 129
921 869
179 211
126 154
251 278
139 143
931 1030
461 422
131 153
298 282
162 165
1169 945
445 539
163 182
363 371
173 176
1064 1170
482 571
175 186
409 411
170 203
1355 1234
459 702
192 180
544 716
198 232
1230 1357
814 748
210 226
644 1009
218 221
1491 1574
883 814
234 216
1010 735
244 230
1468 1646
1022 858
266 252
706 1108
275 254
1630 1687
946 966
271 281
1052 790
311 291
2207 1819
1195 1324
310 312
846 938
331 326
1712 2531
1136 1470
338 324
952 929
400 368
1893 2585
1592 1117
398 401
1270 937
381 566
2678 2689
1400 1578
450 423
1340 1040
435 464
2827 3066
1600 1366
408 548
1443 1160
475 442
3013 3299
1302 1761
503 470
1312 1340
547 451
2771 3665
1487 1590
462 587
1664 1285
536 531
3272 3129
1570 1631
504 563
1725 1476
486 616
3216 3295
1844 1788
578 561
2124 1533
532 605
3323 3404
1987 1642
569 597
1872 2390
652 550
3631 3734
1874 2051
600 627
1856 2564
632 614
3654 3867
1831 2294
576 671
2061 2183
616 666
2418 1850
568 706
2572 2532
564 740
1754 2743
703 648
2691 2660
641 697
1974 2611
628 721
2618 2899
608 761
2021 2577
719 670
2286 3814
595 807
2131 2458
696 695
3271 2777
656 758
2316 2597
639 789
3185 3000
774 684
2050 3065
766 713
3472 3071
695 800
2331 2710
770 803
3543 3072
823 759
2463 2624
744 832
3541 3182
718 874
3100 2306
702 907
3150 3629
811 793
2614 3031
876 736
3247 3647
793 824
2512 3304
786 835
3238 4009
867 772
3027 3368
857 799
3602 3840
842 823
2855 3776
798 871
2902 4397
893 801
3259 3345
1003 731
841 852
3382 3519
805 898
809 903
3795 3453
966 810
799 967
3750 3671
862 890
871 900
3789 3646
870 908
905 905
854 973
760 1140
1074 815
974 863
956 881
865 1006
975 892
923 959
1031 877
963 933
1085 868
939 1010
1006 976
933 1073
1051 969
1005 1023
1057 990
1073 981
1071 1044
1095 1014
1019 1110
1453 829
1008 1156
1190 999
1162 1031
1087 1103
1168 1039
1059 1174
1373 918
1036 1240
1131 1157
1178 1126
1183 1143
1080 1248
1113 1218
1256 1099
1124 1282
1199 1299
1129 1377
1252 1242
1217 1356
1128 1489
1236 1344
1376 1233
1141 1535
1402 1239
1442 1224
1341 1289
1504 1209
1362 1343
1215 1526
1294 1415
1555 1227
1485 1272
1338 1408
1353 1406
1415 1370
1333 1520
1466 1372
1303 1576
1105 1987
1512 1380
1390 1512
1343 1629
1327 1720
1374 1682
1484 1568
1525 1530
1503 1571
1228 2000
1436 1662
1391 1809
1706 1504
1640 1561
1574 1668
1521 1755
1690 1606
1553 1767
1713 1604
1620 1727
1632 1722
1696 1664
1672 1793
1575 1890
1912 1542
1579 1922
1701 1813
1427 2126
1849 1643
1748 1797
1736 1843
1760 1836
1536 2045
2042 1506
1820 1779
1459 2192
1845 1853
1674 2038
1847 1887
2116 1678
1910 1930
1788 2095
1806 2139
2009 1888
1926 1984
1397 2922
2091 1928
1692 2518
2004 2034
1952 2100
1843 2350
2134 1989
2129 2026
2002 2176
1766 2649
1961 2307
1767 2775
2101 2162
2112 2167
2108 2174
2109 2186
2434 1934
2081 2216
2538 1940
2126 2285
2084 2461
2335 2177
2250 2266
2151 2459
2005 2745
2248 2372
2220 2485
2257 2491
2416 2387
2263 2633
2190 2911
2395 2656
2330 2744
2193 2970
2407 2728
2391 2799
2406 2804
2449 2800
2523 2734
2281 3011
2724 2512
3029 2234
2666 2705
2603 2784
2604 2835
2676 2780
2228 3460
2153 3670
2363 3254
2697 2925
2591 3057
2319 3437
2670 3004
3211 2525
2575 3197
2755 3032
3373 2524
2213 3905
2694 3146
2741 3126
2551 3414
3107 2810
2808 3157
2889 3096
2353 3955
2539 3633
2763 3311
3122 2978
2718 3411
2948 3173
2943 3211
3111 3086
2863 3382
3020 3229
3228 3128
2727 3817
3113 3268
3384 3117
2934 3536
2970 3496
2870 3737
3443 3348
3221 3663
3362 3531
3741 3196
2957 4112
3085 4030
3119 4027
3445 3777
3315 3938
3578 3679
3580 3709
3297 4060
3506 4008
3584 3967
3785 3684
3748 3949
3288 4374
3647 4275
3952 4172
148862797 595444731
1
sift 440
10 10
71 62
19 19
31 25
47 43
134 115
58 49
86 82
70 73
331 251
126 114
84 87
87 93
358 314
131 124
114 127
135 119
368 359
162 147
157 112
129 146
408 535
163 152
169 122
196 121
435 553
186 161
173 154
194 160
719 452
214 166
206 164
215 175
569 614
199 207
234 190
245 206
641 765
244 217
247 211
266 210
854 870
258 225
287 227
277 237
933 889
262 243
270 241
275 239
1003 890
400 257
271 261
243 293
963 996
406 308
347 235
310 255
1005 947
409 344
333 266
338 289
1299 1155
437 446
264 386
376 279
1215 1373
504 393
398 311
362 404
1305 1283
536 410
385 358
449 355
1373 1367
475 500
430 418
462 394
1312 1471
578 402
538 337
484 383
1484 1500
532 526
498 534
575 460
1435 1591
547 588
617 468
595 531
1574 1620
443 824
600 568
564 616
1713 1744
700 551
608 604
628 609
1822 2147
639 661
664 659
726 595
1767 2308
696 745
680 663
554 863
2151 1873
632 881
736 662
790 623
2134 1963
798 774
695 728
912 575
2119 2158
876 726
744 763
770 747
1961 2450
809 788
811 723
702 873
2186 2261
847 843
768 813
857 749
2133 2611
938 754
842 848
867 829
2335 2528
799 943
838 912
939 801
2407 2671
863 909
722 1175
793 1039
3316 2035
917 871
905 867
893 904
2988 2407
975 868
816 1031
787 1108
2718 2898
952 898
974 891
956 905
2592 3130
966 925
929 931
990 913
3091 3988
1074 882
823 1170
984 944
3314 3805
927 1094
940 1024
792 1397
1006 1051
1019 1025
1031 1016
1043 1020
1124 961
1036 1061
1087 1043
1073 1080
1081 1118
1162 1097
1095 1115
1071 1159
1131 1204
1256 974
1233 1045
1152 1244
1113 1218
1220 1133
1198 1207
1015 1404
1141 1271
1217 1313
1329 1102
1149 1260
913 1905
1105 1349
1395 1082
1391 1337
1117 1359
1292 1176
1362 1378
1224 1255
1671 1019
1287 1485
1252 1329
1228 1392
1428 1335
1333 1293
1401 1256
1525 1339
1387 1306
1348 1358
1431 1456
1456 1258
1320 1413
1338 1623
1374 1357
1695 1156
1621 1361
1459 1309
1411 1350
1545 1442
1177 1717
1260 1595
1503 1490
1442 1389
1343 1532
1632 1401
1479 1371
1307 1606
1353 1798
1447 1455
1659 1275
1457 1683
1549 1366
1559 1476
1520 1690
1541 1561
1690 1450
1787 1555
1640 1486
1615 1506
1684 1655
1555 1579
1564 1580
1691 1688
1669 1489
1557 1642
1725 1693
1643 1566
1579 1646
1816 1619
1494 1745
1314 1957
1396 2077
1755 1498
1472 1780
1849 1626
1696 1602
1536 1772
1837 1740
1436 1940
1780 1613
1530 2061
1686 1705
1749 1666
1736 1900
1859 1581
1622 1826
2042 1633
1602 1841
1845 1630
1748 2100
1582 2038
1912 1718
2022 1778
1810 1923
1967 1764
2152 1703
1358 2624
1763 1982
1722 2278
2159 1601
2158 1612
1856 2096
1771 2093
1850 2032
2124 1854
1820 2112
1910 1994
2009 1977
2116 1813
2112 1827
1942 2060
2002 1960
2031 1931
1952 2136
1971 1999
1900 2173
2000 2163
2241 1879
2085 2012
1766 2794
2043 2098
1920 2290
2193 2064
2069 2063
1861 2410
2290 2111
1992 2213
1909 2399
2489 2229
2375 1890
1692 2976
2189 2597
2054 2324
2232 2103
2441 2475
2108 2294
2030 2520
2353 2561
2257 2237
2330 2250
2345 2686
2408 2196
2355 2252
2286 2776
2153 2595
2229 2476
2605 2602
2264 2437
2270 2449
2577 2747
2423 2346
2174 2722
2539 2850
2228 2607
3372 1859
2618 2775
2395 2523
2396 2572
2583 3127
2197 2855
2338 2674
2319 3599
2595 2430
2277 2849
2610 3214
2329 2816
2668 2493
2830 3063
2523 2709
2237 3025
2889 3004
2495 2910
2293 3139
2922 3148
2944 2415
2661 2772
3111 3023
2666 2780
3030 2406
2703 3583
2955 2480
3047 2413
3247 2955
2646 2858
2697 2809
2887 3318
3504 2205
2520 3100
2888 3482
3121 2494
2836 2773
3034 3430
2985 2605
3172 2486
2778 3787
2807 2833
2977 2658
2813 3799
2733 2965
2860 2902
2948 3636
2837 2957
2790 3009
3164 3406
2940 2923
3190 2743
3041 3631
2694 3234
2728 3305
3251 3452
2851 3169
2926 3095
3447 3374
3298 2825
3210 3007
3119 3699
2686 3714
3050 3195
3362 3572
3003 3309
2916 3496
3021 3939
3127 3324
3524 3017
3741 3213
2844 3733
3131 3408
3469 3574
3124 3442
3177 3500
3432 3647
3122 3559
2934 3829
3315 3820
3352 3380
3477 3313
3243 3961
3554 3233
3416 3413
3457 3792
3649 3269
3574 3417
3661 3838
3224 3761
3245 3745
3580 3935
3523 3495
3620 3439
3361 4089
3348 3669
3829 3205
3785 3947
3449 3649
3757 3321
3700 4129
3423 3802
3336 3872
3660 3771
3682 3738
3680 3849
3726 3858
3644 4014
3984 3386
3914 3781
3885 3910
3991 4064
148862797 651405152
1
sift 203
1277 766
460 395
10 10
20 14
12 16
2418 2478
63 58
89 76
108 93
2513 4091
94 82
126 128
119 90
147 83
131 135
135 101
163 150
193 152
170 173
218 197
177 379
244 234
275 239
298 272
271 271
310 264
331 274
333 284
400 266
409 398
625 227
398 392
504 467
475 448
547 449
435 584
536 497
578 479
532 596
486 567
631 555
696 680
576 593
600 598
1003 663
503 727
695 557
809 835
569 665
564 679
706 1155
726 561
595 681
854 892
639 667
628 685
952 831
766 600
718 648
923 923
770 628
656 750
1005 1017
744 736
719 788
1131 1210
857 715
893 703
1215 1309
725 878
702 981
1664 1032
811 802
842 790
1312 1341
905 761
966 739
1353 1622
841 842
862 833
1574 1555
760 999
805 906
1725 1497
1052 726
974 764
1713 1625
870 868
956 797
1521 1834
867 887
1071 752
1748 1940
799 1044
913 894
1856 2458
1031 819
863 1027
2061 2168
963 930
975 936
1766 2805
1006 984
1019 1013
2005 2420
1050 1018
1087 992
2538 1896
1162 916
1073 1025
1961 2629
1233 902
1149 1028
2144 2776
1256 940
1036 1218
2295 2582
1113 1130
1183 1109
2407 2777
1763 899
1128 1381
2691 2703
1199 1305
1402 1121
2948 2463
1453 1096
1252 1268
2618 2947
1290 1232
1555 1069
2353 3400
1362 1249
1141 1661
2286 3767
1436 1401
1338 1609
2539 3526
1503 1399
1484 1456
2319 3940
1690 1347
1228 1938
2763 3216
1859 1299
1428 1752
3472 2808
1459 1839
1553 1755
2741 3654
1697 1652
1701 1662
3247 3111
1391 1972
1536 1832
3150 3435
1912 1448
1849 1590
3313 3552
2042 1367
1845 1854
3303 3738
1806 1915
1910 1880
3748 3791
1847 2044
1820 2092
3952 3623
1936 1924
2009 2002
2031 2078
1861 2403
2351 2125
2257 2380
2595 2197
2330 2596
3030 1996
2190 2882
2676 2488
2416 2845
2603 2718
2523 2829
2666 2803
2696 2879
2768 2856
2583 3200
2631 3204
3122 2989
3111 3014
2889 3281
3107 3190
2778 3699
3113 3264
3210 3234
3315 3245
2727 4027
3423 3501
3741 3201
3362 3675
3251 3842
3447 3656
3119 4016
3580 3571
148862797 858943217
1
sift 83
231 142
203 167
52 45
142 116
636 609
312 185
301 204
311 213
715 601
421 374
648 321
459 333
991 635
454 392
529 445
511 456
1118 893
814 640
470 702
685 647
1194 963
836 643
856 612
851 672
1315 1322
734 920
873 709
881 759
1866 1382
874 919
896 818
1035 751
1491 1830
1281 909
1283 1086
1212 1251
1994 1411
1571 1457
1524 1279
1660 1423
2506 1842
1874 1584
1759 1609
1940 1514
2522 1971
1894 1730
2047 1773
1951 1688
2827 2706
2191 1587
1825 2133
2131 1797
2918 2767
2370 1659
2596 1810
2087 2031
3153 2973
2333 2027
2775 1783
2873 1649
3294 2874
2689 1975
2444 2117
2398 2242
3600 3231
2901 1871
2550 2170
2541 2401
2856 2323
2637 2428
3180 2245
2317 3293
2570 2864
3199 2320
3026 2771
3017 2425
2991 2456
3051 3065
3572 2222
3057 2809
3820 3043
3168 2820
3897 2988
148862797 1242253086
1
sift 432
27 24
55 56
5 9
14 19
35 30
65 59
26 25
29 29
153 114
143 130
49 48
44 54
133 147
166 178
68 61
72 65
168 126
179 181
74 72
89 96
176 191
320 281
93 110
108 105
183 235
312 416
126 134
155 153
240 198
369 491
162 146
163 162
231 242
421 429
170 164
193 167
293 266
482 414
175 223
198 199
321 371
511 468
180 259
210 226
383 425
445 558
214 221
265 217
496 598
459 557
218 257
296 255
551 555
506 550
275 269
301 275
633 560
544 571
304 276
298 286
563 606
697 551
305 303
317 296
634 632
661 592
311 306
267 353
715 599
545 744
338 323
363 361
636 760
644 686
382 356
406 337
791 842
734 672
393 354
388 379
921 741
814 685
412 419
442 406
869 774
836 681
409 464
475 440
1091 751
899 663
400 538
468 505
969 816
883 678
547 433
494 475
1169 739
1002 643
501 488
504 525
991 892
874 825
533 544
703 484
1191 829
860 963
568 563
536 659
1064 984
920 1054
696 552
656 631
1355 887
1041 965
555 736
687 635
1703 836
1126 1051
660 666
639 719
1142 1183
1495 856
695 706
706 718
1422 1003
1542 850
799 715
893 694
1205 1163
1075 1267
1010 679
854 786
1315 1172
1234 1152
870 777
951 754
1452 1099
1285 1155
1059 710
846 840
1857 1111
1302 1166
1067 709
1052 720
1597 1278
1551 1045
913 795
793 962
1712 1352
1295 1239
809 934
865 867
1865 1517
1400 1201
902 818
1074 742
1792 1736
1195 1463
1008 770
786 1020
1893 1743
1212 1545
923 834
863 902
1994 1758
1609 1301
1005 782
1011 796
1670 2182
1570 1324
871 949
956 861
2207 1934
1600 1317
984 853
800 1066
3016 1523
1487 1426
1051 849
1068 924
2522 1958
1634 1363
966 1002
901 1130
2506 2145
1654 1385
1007 1047
1071 1007
2678 2046
1844 1349
1270 894
1223 1013
2499 2382
1660 1568
1215 1028
1141 1133
2821 2180
1753 1621
1352 1023
1143 1198
2202 3069
1354 2123
1294 1121
1687 983
2827 2712
1720 1773
1229 1273
1312 1194
3013 2783
1874 1716
1373 1150
1508 1086
3294 2695
1789 1823
1397 1191
1532 1151
2683 3402
1644 1976
1664 1107
1338 1339
2798 3240
2462 1320
1311 1397
1443 1272
3300 2727
1894 1840
1250 1508
1559 1227
3304 2768
1918 1925
1663 1178
1485 1300
3323 2801
1680 2257
1362 1447
1391 1413
3635 2725
2051 1888
1554 1304
1320 1549
3654 2968
2299 1729
1070 2089
1694 1293
3600 3578
2131 1950
1520 1429
1806 1281
3608 3623
2070 2072
1525 1486
1585 1435
3900 3361
1708 2735
1686 1375
1553 1480
3737 3594
1974 2261
1748 1340
1714 1382
2191 2061
1534 1555
1619 1488
2565 1854
1765 1531
2060 1296
2512 1892
1760 1603
1814 1583
2086 2264
1725 1690
2020 1403
2370 1974
1759 1723
1691 1815
2050 2369
1424 2125
1881 1681
2163 2269
1662 1911
2124 1453
2333 2190
2004 1613
1929 1707
2242 2297
1802 1848
1926 1737
2418 2228
1961 1788
1743 2119
2303 2365
1856 1969
1931 1890
2429 2256
1940 1903
2335 1602
2400 2388
2129 1792
2042 1896
2490 2333
2263 1709
2106 1868
2732 2164
2235 1763
2130 1861
2614 2316
1872 2187
2281 1776
2431 2509
1762 2443
1888 2253
2463 2553
2538 1691
2160 1931
2662 2410
1908 2506
2250 2088
2419 2721
2356 2042
2351 2049
3100 2105
2126 2347
2189 2294
2317 2877
2319 2226
2595 2025
2689 2496
2295 2329
2278 2378
2580 2704
2631 2063
2572 2135
3259 2153
1989 2889
2634 2148
2649 2649
2724 2059
2363 2401
2415 2984
2550 2224
2596 2254
2438 3206
2923 2034
2286 2643
2841 2700
2746 2223
2824 2171
2856 2697
2691 2310
3211 1963
3130 2504
2617 2419
2777 2288
2855 2882
2193 2995
2353 2779
3026 2811
2741 2376
2544 2609
2658 3312
2602 2589
2870 2303
3789 2361
2618 2560
2663 2593
3381 2825
2772 2466
2589 2693
3099 3055
3313 2126
2539 2867
2946 3331
2534 2884
3327 2232
3014 3227
3038 2476
2857 2639
3230 3049
2813 2814
2889 2771
3438 2922
3500 2362
2887 2860
3214 3212
2703 3153
3471 2491
3388 3179
2948 2858
3543 2473
3370 3209
2858 3046
3297 2708
3566 3171
3108 2869
3338 2733
3395 3698
3225 2865
3570 2645
3820 3328
3150 2981
3728 2548
3207 2962
3303 2892
3541 2723
3171 3017
3096 3077
3221 3002
3020 3294
3675 2767
2847 3549
3017 3378
3453 3006
3149 3314
3557 2956
3580 2935
3041 3451
3443 3163
3194 3431
3341 3284
3506 3154
3362 3273
3120 3567
3247 3564
3741 3118
3688 3325
3785 3234
3411 3635
3749 3315
3747 3438
3164 3820
3807 3514
3679 3823
148862797 1431199262
1
sift 140
59 51
2825 2340
119 90
157 103
135 113
186 159
247 206
244 197
271 286
249 218
270 220
333 262
347 211
400 264
578 446
385 363
431 371
498 557
450 351
462 527
532 561
616 522
600 596
569 616
695 781
719 511
700 555
790 677
628 636
770 553
744 740
718 676
702 767
768 728
782 809
811 800
857 758
722 989
862 833
842 845
787 952
975 1005
905 829
767 1090
940 1095
863 928
974 842
1124 958
1031 948
1095 971
1081 1057
1019 1052
1073 1101
1256 956
1015 1170
1087 1115
1043 1200
1117 1172
1238 1114
1233 1158
1402 1125
1113 1304
1198 1223
1411 1174
1333 1207
1290 1252
1228 1383
1252 1346
1549 1205
1387 1363
1447 1302
1287 1520
1459 1375
1423 1454
1632 1336
1787 1358
1484 1484
1555 1516
1314 2055
1621 1572
1579 1680
1696 1665
1457 1785
1849 1488
1436 1912
1602 1836
1912 1552
1900 1810
2116 1662
1910 1915
2347 1504
2031 1770
1820 2158
2158 1739
2002 1925
2112 1826
1909 2162
1992 2101
2043 2229
2113 2111
2111 2276
2330 2062
2423 2398
2257 2146
2153 2468
2264 2566
2676 2203
2197 2829
2521 2371
2030 3276
2293 2950
2790 2446
3393 2003
2310 3034
2733 2715
2977 2658
2889 2923
2940 2698
2493 3390
2694 3330
2584 3399
2686 3321
3228 2982
3050 2968
2844 3635
3119 3660
2835 3734
3620 3004
3362 3488
3298 3323
3336 3550
2948 3974
3574 3362
3190 3797
3523 3534
3021 3937
3682 3525
3571 3696
3644 3743
3885 3471
148862797 1693986903
1
sift 180
183 223
55 47
29 23
65 54
231 188
143 118
72 57
74 56
563 520
179 142
170 139
166 177
748 481
312 250
235 161
265 154
634 577
421 379
296 202
301 220
715 517
482 334
298 243
311 262
636 803
404 497
363 318
388 342
826 672
445 485
412 362
442 348
1091 695
459 495
427 377
494 386
1169 687
506 470
576 478
591 474
1193 743
544 533
555 656
661 555
991 894
899 452
706 560
656 606
1422 748
644 652
687 599
734 575
1118 981
814 600
1052 602
752 684
1491 855
848 878
1067 624
902 768
1064 1262
920 1075
846 836
984 755
1259 1074
1281 974
871 872
1085 828
1315 1128
1495 869
1065 849
1089 840
1712 1396
1234 1148
1035 928
1270 810
1855 1341
1302 1158
1294 996
1664 989
1670 1636
1400 1175
1559 1042
1485 1087
1994 1458
1600 1181
1340 1353
1609 1195
1792 1757
1570 1250
1534 1481
1195 1886
2207 1599
1754 1314
1694 1400
1844 1281
2522 1832
1634 1470
1940 1642
1660 1502
2506 2227
1874 1674
2170 1610
1918 1799
2678 2092
2164 1635
1968 1891
1894 2029
2499 2806
2462 1528
2061 1795
2566 1504
2202 3470
2512 1544
1856 2194
2263 1687
2827 2588
2131 2020
2047 1993
2160 1895
3013 2725
2191 1945
2250 1964
2370 1794
3294 2680
1974 2290
2501 1833
2333 1935
3635 2649
2642 2021
2746 1808
2000 2807
3654 2902
2087 2856
2572 2060
1908 3067
3534 3044
2303 2563
2589 2086
2723 1984
3600 3329
2463 2652
2596 2141
2363 2512
2780 2374
2691 2192
2602 2303
2419 2841
3327 1775
2870 2153
2732 2525
3133 2247
3259 2106
2580 2831
2814 2875
2856 2464
2317 3291
3541 2285
2649 2826
3099 2629
3185 2534
3026 2752
2689 3214
3341 2655
3789 2240
3381 2547
3472 2679
3097 3015
3230 2942
3449 2811
3749 2646
2946 3472
3315 3127
3438 2970
3130 3321
3543 3130
3370 3306
3566 3137
3661 3523
3820 3444
148862797 1778338741
1
sift 61
94 62
331 198
119 72
135 87
569 555
182 112
186 182
719 821
244 192
275 196
1484 1397
271 222
310 209
1701 1813
1396 111
406 347
3113 3243
400 534
547 452
533 564
600 570
564 609
770 518
628 625
639 627
696 632
718 815
811 705
805 781
913 714
809 875
863 874
975 777
1256 688
823 1150
1095 895
1019 948
1233 803
1087 993
917 1456
1113 1205
1252 1319
1442 1123
1290 1301
1374 1206
1555 1050
1436 1178
1453 1440
1621 1392
1912 1189
1696 1470
1910 1846
2002 1903
1820 2364
2257 2218
2330 2207
2768 2807
2889 2937
2539 3621
3362 3227
3447 3532
148862797 1911602604
1
sift 356
9 9
25 21
30 33
52 47
116 126
55 57
49 49
60 62
133 146
92 112
68 59
73 71
231 180
143 134
72 80
74 85
293 179
166 167
96 106
93 120
321 312
179 161
108 121
130 141
383 386
203 184
142 143
145 145
552 474
312 213
171 165
202 168
598 492
320 279
192 186
198 189
748 586
421 355
280 219
300 224
715 643
459 341
254 259
281 246
636 771
454 368
301 227
272 253
827 674
445 558
311 232
298 263
914 671
511 476
319 265
309 270
991 640
544 459
303 274
363 303
916 723
644 488
409 333
412 360
1118 916
583 533
427 362
396 429
1192 953
661 571
442 414
527 358
1296 892
698 594
458 445
488 439
1277 1081
814 582
470 498
529 441
1315 1149
852 587
504 466
576 442
1452 1064
825 611
648 456
656 450
1597 1190
883 584
687 518
659 580
1491 1322
836 701
665 602
670 593
1866 1331
860 721
645 625
776 539
1994 1567
874 827
555 754
685 631
1893 1734
1002 801
732 651
851 636
2283 1876
920 884
856 650
841 707
2137 2150
900 925
1687 443
849 741
2506 1836
1017 949
873 760
1010 703
2522 1840
1022 1007
865 790
1066 688
2207 2457
1281 956
901 778
871 805
2426 2534
1195 1070
881 807
1108 682
2821 2652
1234 1055
902 799
789 945
2827 2713
1212 1107
909 816
896 838
2918 2676
1136 1191
846 890
1035 755
2798 2903
1400 1000
1052 756
951 802
3153 2762
1295 1080
1007 794
989 840
3069 2867
1570 1151
1085 791
958 917
3654 2661
1753 1206
1151 780
1036 868
3767 2722
1720 1294
1074 846
1232 787
3600 3064
1354 1662
1107 875
1068 934
3299 3321
1660 1440
1011 982
1020 993
3900 2852
1789 1361
1336 844
1223 913
1654 1512
1166 978
1288 891
1832 1439
1141 1017
1200 1011
1918 1495
1283 1140
1312 1160
2191 1295
1362 1202
1559 1102
1894 1593
1270 1351
1421 1203
1874 1634
1340 1276
1327 1312
2343 1277
1306 1422
1664 1163
1944 1629
1485 1301
1524 1273
1830 1989
1663 1195
1686 1199
2299 1580
1661 1242
1758 1196
2021 1894
1541 1402
1622 1334
2050 1863
1619 1393
1266 1788
2087 1853
1852 1269
1705 1421
2566 1585
1534 1565
1842 1313
2370 1722
1691 1500
1960 1251
2131 1949
2093 1181
1748 1524
2625 1738
1532 1765
1819 1611
2242 2037
1847 1620
1759 1730
2333 1965
2001 1507
1825 1713
2463 2309
1914 1648
2055 1547
2689 2129
1762 1851
2553 1256
2490 2388
2010 1638
2575 1267
2580 2336
1940 1712
2160 1573
2316 2602
2130 1605
2312 1530
2303 2720
1931 1929
2032 1814
2920 2190
1966 1980
2097 1806
3063 2149
2385 1631
2109 1845
2841 2342
2286 1698
2047 1963
2901 2349
2263 1813
2190 1916
2855 2481
2501 1700
2193 2057
3014 2496
2250 2045
2398 1913
2856 2634
2789 1687
2363 2038
3231 2414
2042 2480
2444 2042
3099 2581
2124 2365
2351 2154
3199 2542
2517 2026
2170 2384
3219 2549
2723 1874
2509 2093
3026 2688
2595 2097
2000 2801
3395 2619
2570 2213
2496 2274
2983 3131
2577 2238
2746 2124
3820 2653
2772 2109
2618 2292
3381 3228
2849 2102
2877 2113
3678 3029
2813 2194
2629 2361
3566 3227
2455 2586
2663 2352
2550 2509
2887 2206
3120 2073
2541 2561
2254 2890
2433 2756
2366 2901
2589 2683
2397 2930
2857 2423
2791 2506
2409 3072
3038 2357
3573 2088
3097 2333
3041 2452
2971 2537
3675 2137
3500 2282
3171 2519
3076 2593
3185 2525
3241 2515
3017 2719
2991 2748
3180 2644
3057 2730
2923 2926
3471 2563
3168 2847
3133 2944
3271 2815
3315 2868
3449 2912
3338 3032
3590 2885
3506 2971
3233 3244
3454 3110
3399 3195
3312 3450
3580 3320
3661 3366
3783 3293
3564 3535
3791 3413
3632 3576
3785 3470
3938 3286
3793 3577
3987 3156
148862797 2009681629
1
sift 625
27 19
65 73
12 14
496 603
168 152
20 12
133 157
143 149
14 23
919 1072
153 181
26 50
188 195
179 213
37 62
1064 1114
293 369
49 54
183 256
320 206
50 64
1712 1751
355 335
58 63
240 234
369 417
63 80
2678 2255
421 431
72 76
233 270
460 445
74 78
3013 3173
482 451
77 85
322 374
445 498
89 89
3323 3272
602 466
94 98
377 345
459 760
93 122
3609 3917
599 489
108 101
563 541
544 612
135 130
723 500
131 136
551 608
661 588
126 146
748 536
134 144
715 593
735 587
139 141
636 789
155 145
634 738
583 762
157 151
900 657
162 165
597 868
644 778
160 183
836 725
163 179
921 721
814 747
174 170
826 923
170 190
791 855
883 794
173 188
1022 755
181 189
931 856
1002 790
193 186
874 931
186 233
991 862
1041 860
198 222
914 1020
204 232
1102 802
1208 1031
210 240
1091 908
218 252
869 1015
1139 1150
244 248
1118 1003
235 261
891 1036
1075 1317
265 249
969 1193
251 271
1094 1142
1234 1189
258 269
1191 1119
275 267
1296 1030
1542 1005
245 288
1259 1147
247 295
1422 1067
1281 1232
271 279
1302 1262
266 293
1355 1286
1136 1472
298 286
1285 1307
273 321
1377 1380
1295 1319
311 302
1212 1684
305 314
1468 1332
1400 1347
338 323
1452 1382
310 344
1598 1465
1495 1267
324 396
1670 1551
363 377
1491 1968
1487 1439
388 368
1354 1947
382 399
1865 1816
1600 1366
406 397
1660 1790
412 392
1769 2010
1570 1533
398 404
1636 2113
393 423
1792 1984
1654 1500
418 403
2462 1411
442 393
1855 1980
1723 1629
400 450
1894 2053
435 415
2207 1815
1844 1562
409 449
1645 2623
408 459
1994 2229
1987 1682
450 422
2191 2019
475 419
2180 2238
1874 1901
427 512
2086 2223
547 411
2522 2258
1754 2060
504 442
2333 2269
494 463
2506 2400
1789 2234
431 562
2242 2394
498 484
2155 2869
2164 1982
468 535
2343 2702
462 553
2827 2784
2131 2283
524 510
2689 2498
591 481
3216 2636
2418 2025
486 569
2649 2880
483 604
2798 3128
2370 2100
568 503
2856 2882
533 531
3272 3113
2050 2541
561 543
2841 3375
576 529
3016 3589
1974 2703
536 572
3381 2972
569 557
3636 3481
2303 2357
578 602
3214 3204
575 609
3654 3553
2491 2308
641 560
3074 3366
696 528
3608 4104
2512 2300
622 645
3395 3154
656 662
2429 2384
703 623
2946 3807
555 773
2299 2625
719 616
3230 3805
687 660
2316 2615
660 689
3199 4011
608 753
2463 2668
675 712
639 746
2614 2566
702 693
733 678
2780 2438
695 724
766 691
2806 2842
867 615
767 730
3259 2507
744 754
720 788
2662 3362
770 743
706 842
3026 2942
718 829
893 719
3100 2962
862 739
798 793
2415 4035
793 805
786 821
2975 3308
857 761
799 818
3795 2611
963 702
1010 679
2738 3746
746 904
1003 685
2855 3696
760 906
805 848
3014 3930
870 791
809 861
3566 3355
846 841
865 831
3764 3697
854 844
951 785
800 960
777 1012
956 799
970 806
1052 758
1066 751
966 811
974 812
923 857
863 928
940 899
871 984
1042 846
927 969
933 978
1051 887
975 968
1000 938
1005 953
1059 916
1007 979
1008 1002
1057 1029
1071 1034
788 1559
1270 911
1085 1088
1223 990
1113 1082
1101 1103
908 1384
1178 1090
1182 1133
1124 1198
1229 1121
1443 988
1038 1404
1141 1251
1166 1258
1252 1156
1129 1329
1290 1135
1353 1115
1236 1208
1340 1127
1217 1265
1026 1603
1629 1022
1294 1238
1198 1391
1332 1228
1402 1174
1312 1270
1250 1370
1105 1611
1133 1571
1287 1365
1338 1323
1555 1139
1303 1456
1485 1261
1499 1256
1554 1223
1504 1304
1390 1430
1362 1475
1517 1303
1466 1362
1664 1202
1420 1421
1437 1417
1374 1495
1436 1428
1508 1353
1694 1216
1455 1425
1415 1477
1559 1335
1663 1294
1589 1374
1327 1679
1484 1492
1722 1311
1706 1337
1391 1643
1512 1546
1520 1574
1574 1525
1459 1678
1534 1605
1545 1632
1713 1501
1275 2000
1966 1278
1725 1507
1525 1702
1819 1447
1696 1552
1175 2311
1397 1888
1503 1785
1619 1666
1759 1594
1736 1610
1748 1623
1829 1548
1760 1624
1796 1646
1691 1758
1912 1540
1882 1602
1621 1900
1849 1685
1427 2141
1692 1879
1861 1728
2124 1473
2042 1535
1806 1813
1940 1655
1881 1746
1926 1706
1701 1974
1909 1792
1845 1883
1957 1756
1631 2118
1820 1944
2066 1675
1766 2021
1931 1867
1847 1983
1802 2047
1575 2345
1424 2633
1662 2217
1929 1925
1658 2259
2004 1914
1812 2147
2309 1657
2126 1839
1910 2063
1908 2068
1961 2041
1783 2346
1952 2075
2129 1930
1970 2087
2134 1939
2434 1759
1856 2369
2144 1970
1888 2339
1602 2800
2206 1952
2061 2106
2047 2145
2335 1890
2599 1770
2170 2054
2538 1826
2020 2287
2112 2240
2080 2271
2235 2093
2152 2209
2105 2324
2176 2205
1872 2736
1911 2724
2250 2208
2624 2006
2225 2323
2044 2607
2501 2109
2351 2254
2441 2196
2012 2764
2449 2226
2427 2252
2263 2410
2487 2228
2663 2094
2602 2184
2285 2467
2542 2250
2295 2477
2572 2265
2458 2404
2140 2791
2573 2336
2540 2375
2314 2592
2998 2009
2330 2574
2281 2647
2406 2518
2531 2432
2446 2554
2278 2742
2407 2671
2363 2735
2631 2455
2679 2408
2345 2756
2596 2501
2293 2824
2724 2379
2634 2479
2282 2884
2583 2560
2153 3222
2746 2433
2416 2881
3022 2288
2691 2591
2676 2626
2319 3046
2589 2751
2610 2731
2591 2779
2824 2528
2496 2907
2969 2419
2755 2635
3011 2413
2618 2839
2353 3232
2744 2711
2534 2979
2286 3431
2777 2759
2741 2801
2858 2722
2539 3220
2870 2748
2815 2817
2948 2689
2922 2717
3107 2601
2889 2780
2944 2738
3038 2700
2763 2985
2943 2789
3218 2609
2971 2786
2702 3201
2730 3163
2718 3191
3541 2457
2934 2889
2799 3193
2863 3071
2727 3325
2951 2996
2768 3270
2926 3029
3017 2938
3207 2836
2836 3257
3111 2913
3543 2641
3211 2873
3327 2830
2857 3338
3108 3048
3315 2894
3384 2895
2887 3521
3061 3302
3238 3140
2878 3592
3338 3074
3297 3115
3472 2987
2814 3766
3264 3180
3303 3139
3205 3283
3445 3068
3443 3082
3150 3389
2957 3644
3316 3224
3491 3099
3221 3385
3449 3198
3377 3306
3570 3147
3728 2983
3362 3383
3341 3408
2808 4067
3578 3211
3436 3367
2953 3903
3146 3681
3447 3428
2725 4173
3741 3096
2742 4181
3557 3466
3096 3946
3506 3560
3453 3674
3580 3537
3421 3721
3411 3734
3119 4015
3893 3210
3675 3546
3247 4000
3574 3779
3393 3961
3526 3846
3682 3707
3815 3574
3288 4109
3357 4083
3452 4038
3904 3541
3647 4002
3632 4027
3747 4044
3785 4050
148862797 2046133546
1
sift 1066
8 8
4 1
5 4
248 218
203 198
25 14
105 109
55 51
37 34
226 315
289 262
49 40
116 124
65 74
47 43
295 285
320 266
52 41
118 132
85 88
53 47
383 363
521 491
60 53
133 137
92 101
63 58
421 371
661 610
67 57
164 175
143 139
62 61
511 546
687 584
70 65
184 183
166 160
75 62
836 728
723 693
71 67
187 190
179 161
72 68
882 809
883 724
69 78
293 221
312 239
74 77
900 821
871 804
79 72
321 292
342 352
95 82
874 908
946 751
88 92
355 319
369 365
94 102
1092 744
953 789
110 110
440 373
459 396
108 118
991 944
848 920
111 126
481 408
439 410
131 130
1017 1010
1000 868
147 127
496 476
454 407
126 136
1284 891
978 1114
138 131
550 467
482 411
125 147
1118 1028
1075 1043
130 145
567 511
495 409
145 142
1192 1117
1136 1159
142 150
598 544
544 469
163 152
1281 1018
1294 1055
162 159
635 539
603 458
170 163
1590 854
1148 1220
185 165
721 524
583 531
182 174
1212 1132
1332 1131
190 173
755 603
506 661
180 184
1291 1191
1556 1058
192 177
748 652
644 526
175 208
1670 982
1229 1342
186 199
919 787
545 645
202 179
1315 1186
1570 1309
204 185
969 790
731 575
198 196
1354 1301
1644 1299
210 202
914 850
697 685
228 203
1542 1184
1568 1373
215 220
916 900
814 722
221 222
1483 1657
1551 1541
229 217
834 1021
824 939
218 224
1865 1513
1720 1405
261 205
1125 840
920 873
242 232
1792 1788
1680 1517
247 245
1277 824
880 947
244 274
1894 1704
1495 1936
279 256
1093 989
1139 844
305 241
2068 1854
1635 1849
275 258
1064 1022
1126 970
296 246
2086 2077
2051 1769
317 242
1240 882
1234 1102
281 261
2297 1918
1835 2208
262 286
1355 825
1195 1156
271 283
2333 2011
2191 1897
301 267
1111 1012
1379 1038
336 249
2388 2190
2235 1871
329 257
921 1330
1302 1125
297 280
2522 2175
2438 1916
300 278
1142 1062
1207 1313
311 272
2426 2421
2267 2096
304 287
931 1356
1295 1209
327 284
2758 2180
2749 1770
283 314
1169 1107
1400 1212
319 290
2689 2427
2208 2236
331 303
1296 1067
1544 1227
338 306
2842 2438
2182 2399
341 321
1259 1115
1625 1215
363 327
2261 3390
2303 2308
405 312
1230 1203
1609 1250
384 359
2821 2718
2430 2418
407 347
1422 1061
1486 1388
388 370
2856 2735
2841 2560
406 356
1452 1180
1561 1335
418 354
2918 2820
2649 2778
409 369
1491 1323
1723 1294
412 393
3600 2989
3012 2809
427 386
1398 1475
1757 1300
430 394
3299 3263
3199 2893
480 358
1702 1275
1600 1543
466 387
3546 3185
3179 2911
472 384
1712 1366
1563 1574
469 400
3153 3672
3225 2917
442 414
1597 1518
1734 1460
475 398
3294 3583
3167 3009
429 441
1673 1462
1753 1472
446 419
3951 3095
3130 3595
450 423
1733 1716
1654 1547
458 425
3698 3579
3742 3473
400 515
1630 1977
1660 1598
468 421
3903 3576
3820 3667
434 460
1994 1681
1789 1542
473 426
3899 3598
484 432
2180 1540
1873 1479
470 455
436 501
1855 1856
1832 1592
494 445
547 415
1893 1818
1830 1653
527 440
504 456
1946 1888
1807 1705
568 427
564 465
2077 1796
1874 1810
788 390
532 522
2413 1699
1594 2133
561 492
566 520
2283 2007
1918 1766
690 447
525 571
2137 2256
1951 1750
536 569
613 494
2207 2239
2050 1784
632 481
514 609
2357 2213
2021 1997
588 535
619 516
2506 2130
1974 2055
538 602
648 500
2155 2613
2131 1887
653 507
631 519
2645 2171
2400 1837
656 503
639 521
2827 2526
2435 1845
678 484
667 497
2798 2700
2419 1870
623 547
558 620
3272 2422
2070 2222
591 600
555 651
3559 2296
2565 1811
594 617
642 577
3013 2783
2370 1999
660 567
665 580
2499 3605
2512 1946
578 665
670 587
3323 2693
2242 2170
663 596
879 444
3325 2969
2625 2051
617 646
664 606
3250 3109
2469 2211
703 568
706 565
3300 3133
2732 1991
760 529
718 586
2771 3709
2429 2287
749 558
719 598
3334 3144
2317 2406
792 527
699 622
3016 3464
2687 2114
680 643
694 627
3635 2959
2614 2205
696 626
714 612
3475 3293
2490 2391
693 630
695 657
3654 3267
2463 2434
701 676
732 650
3285 3592
2662 2377
704 687
685 701
3737 3572
2717 2336
725 683
645 758
2873 2192
574 864
776 666
2418 2678
768 682
766 684
2901 2238
771 689
736 717
3074 2186
767 695
832 672
3063 2334
937 618
799 712
2794 2604
700 845
757 772
2920 2509
881 680
810 732
2855 2554
867 702
729 858
2982 2587
805 752
775 800
3014 2709
878 714
856 725
2983 2813
790 785
1069 624
3230 2649
782 812
809 765
3370 2599
854 733
798 783
3026 2867
857 741
746 894
3395 2624
789 817
839 771
3262 2760
787 830
893 735
3219 2824
865 769
863 778
3099 2932
786 902
903 748
3259 2915
873 801
957 736
3648 2771
855 853
1066 710
3583 2889
1004 730
1074 707
3563 2951
902 810
896 818
3711 2897
846 880
950 775
3381 3199
793 975
905 837
3388 3302
909 831
923 847
3830 2922
820 1008
1005 788
3667 3224
963 827
951 848
3502 3415
966 839
925 919
3678 3261
927 915
968 876
3897 3018
1010 833
1008 836
3784 3184
908 954
975 896
3778 3349
1115 773
994 889
3789 3708
970 914
1052 851
3986 3679
1007 895
939 971
958 963
1036 903
989 945
1330 720
1011 934
993 958
1031 922
1143 826
1020 935
1059 918
1025 942
1145 842
1108 892
1080 924
1070 956
1186 878
956 1106
985 1073
1107 967
1124 962
1105 985
1087 1053
1232 927
1201 960
1071 1089
1168 996
1131 1024
1183 991
928 1274
1140 1026
1187 1000
988 1196
1166 1030
1378 884
1215 999
1104 1108
1123 1084
1276 959
1006 1226
1141 1086
1150 1096
901 1488
1152 1141
1250 1048
1197 1105
1306 1005
1220 1120
1200 1154
906 1616
1223 1152
1217 1167
1153 1239
1054 1466
1399 1066
1305 1135
1147 1305
1391 1087
1423 1072
1373 1127
1222 1257
1405 1104
1303 1181
1130 1396
1269 1224
1370 1162
1325 1200
1421 1164
1202 1385
1566 1085
1424 1183
1367 1228
1312 1272
1395 1213
1390 1218
1287 1319
1338 1310
1362 1293
1314 1346
1431 1240
1781 1056
1266 1433
1320 1381
1327 1375
1513 1225
1435 1291
1437 1289
1392 1328
1474 1267
1270 1496
1826 1092
1471 1295
1530 1260
1432 1352
1540 1261
1508 1287
1352 1459
1489 1308
1416 1376
1459 1345
1535 1284
1385 1445
1559 1285
1317 1544
1484 1357
1428 1432
1349 1545
1664 1262
1554 1334
1488 1397
1585 1318
1727 1236
1524 1391
1525 1392
1810 1199
1588 1358
1505 1443
1595 1364
1336 1648
1548 1426
1539 1438
1629 1365
1485 1533
1541 1484
1833 1247
1346 1680
1687 1360
1534 1491
1502 1535
1520 1524
1663 1402
1503 1556
1557 1527
1622 1467
1604 1481
1550 1538
1504 1587
1758 1382
1293 1838
1692 1457
1526 1593
1722 1442
1661 1493
1440 1693
1481 1659
1669 1498
1766 1428
1579 1578
1619 1554
1562 1642
1821 1436
1802 1477
1532 1698
1640 1614
1736 1549
1418 1820
1545 1715
1701 1596
1691 1617
1694 1612
1909 1401
1840 1499
1672 1667
1759 1600
1752 1607
1705 1651
1743 1626
1780 1585
1822 1557
1842 1550
1679 1691
2096 1326
1929 1487
1760 1666
1872 1573
1574 1817
1852 1610
1841 1628
1725 1720
1816 1668
1621 1816
2020 1485
2132 1379
1819 1676
1856 1655
1957 1560
1870 1665
1631 1863
1748 1781
1895 1673
2030 1570
1825 1765
1888 1728
1850 1771
1796 1823
2001 1644
1914 1721
1940 1706
1960 1689
1772 1869
1616 2040
1947 1726
1882 1785
1818 1855
1787 1940
1837 1907
1931 1805
2060 1707
2004 1762
2067 1736
2055 1747
1887 1930
1966 1851
2009 1834
1961 1903
1892 2010
1762 2242
1942 1952
2111 1813
2032 1891
2130 1827
2005 1947
1980 1975
2186 1776
2109 1857
1908 2095
2319 1731
2061 1927
2126 1875
2144 1859
2114 1904
2113 1906
2047 1992
1849 2320
2097 1932
2069 1964
2112 1937
2093 1949
2160 1911
2575 1675
2358 1773
1934 2254
2601 1703
2197 1950
2348 1843
2128 2049
2606 1722
2124 2087
2189 2035
2250 1996
2286 1962
2263 1983
2023 2301
2294 1981
2335 1956
2106 2246
2129 2217
2158 2185
2345 1994
2298 2022
2170 2177
2152 2224
2329 2021
2229 2142
1864 2745
2363 2037
2260 2137
2542 1967
2338 2127
2278 2219
2517 2047
2249 2274
2409 2148
2218 2333
2275 2261
2406 2189
2509 2106
2290 2331
2360 2266
2501 2154
2444 2201
2206 2448
2556 2140
2611 2108
2353 2346
2427 2271
2646 2081
2327 2375
2596 2132
2395 2340
2567 2204
2729 2044
2398 2362
2661 2123
2587 2199
2627 2169
2449 2360
2445 2366
3037 1894
2515 2330
3211 1835
2998 1933
2544 2349
2539 2363
2433 2458
2550 2351
2595 2318
2923 2012
2572 2382
2486 2478
2592 2392
2391 2579
2485 2506
2534 2465
2781 2209
2770 2240
2402 2607
2977 2084
2564 2472
2629 2435
2589 2486
2583 2493
2652 2439
2618 2489
2702 2409
2381 2753
3121 2101
2663 2495
2870 2332
2488 2721
3206 2131
2665 2549
2746 2480
2813 2460
3305 2109
2454 2863
3062 2264
2691 2595
2718 2580
2865 2431
2849 2451
3124 2258
2803 2516
2755 2581
2684 2654
2355 3091
2789 2563
3689 2001
2723 2631
3106 2335
2623 2767
2877 2503
2741 2636
3602 2076
2824 2571
2285 3253
2751 2634
2887 2531
2860 2561
2927 2513
3183 2378
3327 2280
2857 2605
2800 2684
2531 3059
2830 2663
2295 3394
2953 2582
2553 3065
2989 2556
2958 2610
2533 3178
2647 2992
2810 2786
2377 3400
3088 2544
2617 3103
2730 2933
3500 2348
3148 2540
2852 2784
3436 2396
2889 2743
3096 2594
3017 2648
2847 2831
3241 2528
3341 2469
2570 3273
3010 2680
2934 2750
3108 2622
3031 2675
2888 2816
3098 2639
3076 2658
3038 2687
3123 2635
3428 2467
2685 3142
3070 2677
2822 2944
2943 2800
2779 3017
3041 2725
3573 2413
3157 2661
2926 2860
2764 3066
3011 2774
3429 2533
2922 2912
3734 2359
3018 2821
2632 3360
2956 2904
3113 2765
3171 2720
2899 2962
3251 2692
3120 2806
2604 3484
3092 2837
3133 2812
2974 2961
2808 3198
2986 2953
3050 2898
3021 2937
3150 2835
3472 2619
2725 3355
3149 2853
3034 2938
3164 2857
2966 3041
2914 3108
2945 3093
3102 2925
2991 3077
2984 3118
3297 2815
3232 2891
3185 2935
3127 3001
3313 2854
3549 2688
3022 3145
3315 2882
2858 3412
3228 3033
3207 3079
3607 2751
3770 2623
3462 2879
3180 3148
3168 3159
3057 3271
3726 2699
3675 2759
3264 3098
3419 2970
3777 2683
2876 3506
3439 2997
3111 3324
2862 3573
3399 3043
3119 3318
3416 3045
3392 3084
3314 3155
3524 3004
3177 3326
3494 3047
3604 2967
3457 3111
3840 2738
3829 2768
3233 3320
3337 3219
3453 3137
2836 3714
3362 3234
3338 3285
3372 3255
3447 3202
3673 2999
3620 3050
3557 3126
3454 3233
3506 3204
3332 3386
3191 3542
3196 3547
3590 3239
3256 3528
3269 3521
3356 3469
3736 3128
3574 3323
3379 3487
3238 3619
3760 3156
3435 3486
3655 3331
3585 3421
3700 3313
3571 3445
3939 3002
3656 3437
3659 3456
3714 3391
3530 3561
3791 3353
3853 3278
3582 3556
3432 3695
3822 3361
3757 3446
3452 3706
3377 3748
3917 3283
3936 3238
3639 3636
3684 3612
3622 3674
3761 3527
3879 3401
3987 3003
3803 3594
3785 3608
3717 3733
3913 3740
3966 3632
3938 3724
148862797 2080441786
1
sift 1124
105 97
85 77
6 6
24 13
14 16
10 8
116 102
143 126
20 17
63 53
49 38
18 25
195 169
124 140
31 24
71 59
74 66
37 34
227 294
166 152
48 31
89 70
108 95
47 36
269 258
179 167
53 43
155 119
130 98
58 45
325 271
207 299
59 48
175 130
125 110
61 58
426 461
344 305
62 61
160 161
126 111
70 67
440 459
369 460
75 64
180 196
131 123
83 81
596 537
445 384
86 79
177 210
150 138
94 84
550 626
461 391
97 91
210 181
163 142
119 100
634 729
544 518
114 120
218 187
162 146
129 115
721 865
545 554
134 116
232 215
170 165
139 118
791 920
477 736
135 121
251 275
214 168
145 117
921 848
620 668
138 128
305 280
198 185
132 135
931 975
644 723
157 129
357 297
202 191
169 137
1093 978
697 685
173 149
358 325
243 230
186 156
1210 888
740 798
196 157
388 322
265 235
194 174
1111 1073
852 794
201 172
382 351
277 256
206 189
1125 1079
738 990
215 182
393 393
297 278
209 190
1169 1052
1076 745
228 180
419 498
363 331
219 194
891 1422
802 1032
204 207
504 439
409 377
234 193
916 1437
1002 966
216 205
679 684
423 437
221 204
1142 1149
1278 1009
208 221
692 780
436 443
242 209
1164 1292
1563 1214
236 223
800 819
536 440
213 254
1627 1062
1295 1566
225 243
832 871
486 490
247 216
1230 1366
1400 1731
266 212
983 785
475 532
249 222
1102 1757
1487 1646
244 228
923 925
448 577
259 233
1296 1442
1719 1427
284 219
788 1211
500 609
291 217
1209 1589
1654 1640
271 234
933 1003
568 543
264 238
1277 1493
1594 1791
275 237
927 1030
535 651
258 265
1412 1636
2027 1404
261 264
1003 969
720 516
262 260
1597 1716
1789 1782
279 246
1034 1089
619 650
288 240
1673 1919
1831 1755
301 251
1131 1137
576 777
287 268
1991 1688
1890 1826
276 281
1312 1332
656 721
296 277
1893 1951
2349 1455
310 272
1299 1414
786 701
272 310
2460 1878
1955 1845
331 274
1339 1423
706 787
347 269
2207 2152
1753 2174
332 292
1421 1391
793 719
341 290
1988 2544
1723 2310
338 313
1512 1312
701 868
324 329
2499 2215
2041 2066
381 316
1435 1416
876 735
362 343
2180 2661
1974 2400
379 332
1384 1497
841 818
376 350
2283 2568
2050 2360
380 342
1593 1360
957 809
385 364
2202 2956
1982 2595
398 366
1443 1505
866 902
406 363
2568 2895
2490 2057
418 397
1574 1626
893 926
491 338
2609 3325
2483 2081
432 394
1661 1703
966 879
417 431
2798 3446
2370 2422
462 389
1725 1669
951 894
430 424
3216 3197
2405 2478
449 403
1713 1696
970 917
483 380
3016 3494
2429 2625
457 407
1664 1785
971 948
517 345
3252 3484
2245 3054
446 428
1617 1824
1010 924
435 457
3285 3569
2901 2393
484 434
1724 1812
956 1014
427 507
3654 3398
2418 2941
488 454
1908 1720
1038 921
538 429
3329 3828
2580 2884
612 405
1819 1830
878 1113
507 477
2513 3227
469 581
2093 1542
1074 995
497 521
2739 2948
478 572
1420 2521
1008 1082
513 508
3063 2691
443 674
2106 1721
1036 1152
543 496
2299 3593
512 522
1748 2090
1129 1107
498 540
2692 3103
523 517
1856 1973
1276 1022
553 494
2662 3304
616 464
1851 2058
1183 1117
578 485
2806 3113
532 526
2129 1984
1141 1216
566 501
3026 3251
684 463
2144 2088
1166 1260
510 594
3015 3389
575 523
2095 2179
1200 1248
548 558
3376 3170
606 504
2119 2167
1253 1201
569 591
3259 3275
564 602
2160 2146
1327 1229
561 603
3388 3189
572 600
2134 2180
1362 1276
577 598
3219 3653
588 593
2282 2118
1338 1382
749 474
3059 3799
554 642
2132 2344
1399 1533
541 671
3382 3524
600 597
2060 2558
1353 1625
594 606
3795 3201
693 535
2215 2376
1553 1585
609 631
3324 3766
617 628
2353 2406
1520 1643
642 636
3307 3941
639 644
2335 2504
1616 1543
652 634
3395 3924
608 676
2286 2577
1674 1541
628 661
3465 3939
700 610
2407 2616
1706 1525
655 665
3566 3843
592 725
2309 2728
1691 1618
660 667
3789 3637
531 793
2572 2569
1659 1644
653 699
3678 3982
726 615
2401 2798
1619 1717
632 730
610 756
2618 2655
1672 1751
664 712
641 731
2592 2774
1715 1810
680 702
722 653
2730 2757
1743 1798
631 749
695 704
2496 3041
1829 1744
694 708
702 703
2691 2872
1766 1956
688 720
718 689
2718 2859
1911 1820
670 760
696 739
2737 2897
1460 2460
714 732
719 738
2763 2996
1847 1936
782 693
703 759
2356 3685
2042 1864
732 737
744 747
2643 3231
2009 1941
711 774
746 748
2830 3047
2020 1961
790 716
766 746
3185 2967
2109 1905
771 757
767 762
3541 3053
2124 1948
768 766
770 771
3435 3136
1770 2588
758 778
858 718
2925 3725
2000 2161
760 814
965 670
3303 3499
1925 2308
912 707
798 779
3150 3781
2061 2109
708 916
811 796
3552 3596
1762 2751
736 906
805 828
3955 3258
2152 2070
842 805
816 832
3765 3731
2543 1836
799 847
857 810
3952 3391
2173 2086
840 851
838 866
3736 3833
2004 2452
854 849
853 875
3748 3900
2248 2106
863 878
879 867
3790 3896
2128 2325
995 784
867 887
3247 4092
2067 2453
909 863
787 1064
2850 1792
855 942
905 884
2285 2187
903 899
984 836
2189 2362
895 945
1053 830
2533 2045
938 914
939 930
2699 1925
929 941
902 999
2351 2311
974 923
940 988
2598 2136
959 961
1009 912
2406 2531
947 981
975 962
2402 2552
810 1208
963 984
2558 2536
1005 946
792 1270
2577 2565
990 989
904 1100
2586 2636
985 1029
958 1054
2724 2485
1031 976
1057 982
2605 2733
988 1048
1019 1045
2862 2465
1130 935
1011 1068
3061 2407
1049 1043
1073 1050
2263 3243
1087 1042
1006 1108
3451 2221
829 1434
1104 1035
2944 2707
1051 1097
1171 1002
2870 2896
1059 1126
1015 1173
2857 3099
1081 1114
1089 1101
2679 3355
1080 1132
1071 1154
2887 3069
1119 1091
1375 897
2777 3285
1014 1228
1070 1181
2705 3500
1124 1109
1105 1144
2877 3215
1162 1094
1113 1157
2813 3336
1107 1170
1159 1118
2888 3235
1149 1172
1152 1168
2957 3182
1279 1058
1128 1206
3108 3130
1201 1141
1202 1186
3031 3324
1198 1189
1168 1230
3041 3374
1147 1246
1117 1280
2966 3614
1220 1193
1127 1284
3315 3238
1232 1205
1336 1131
3587 3095
1066 1456
1292 1175
3008 3683
1415 1083
1256 1207
3171 3517
1090 1412
1252 1232
3339 3395
1217 1279
1222 1308
3149 3616
1228 1303
1329 1223
3251 3541
1237 1302
1303 1253
3096 3708
1187 1411
1395 1195
3557 3269
1290 1286
1321 1267
3677 3239
1287 1293
1236 1372
3356 3625
1083 1676
1320 1311
3062 3901
1260 1383
1367 1326
3661 3477
1391 1299
1348 1342
3206 3914
1231 1498
1293 1418
3454 3756
1376 1335
1373 1338
3399 3854
1150 1674
1428 1296
3570 3728
1275 1487
1401 1340
3580 3881
1268 1500
1390 1362
3716 3867
1306 1488
1325 1471
3924 3679
1431 1405
1437 1402
3305 4087
1411 1438
1444 1396
3741 4016
1405 1448
1562 1301
3785 4038
1307 1578
1456 1393
3913 4072
1343 1546
1517 1368
1503 1386
1374 1523
1442 1452
1504 1400
1484 1420
1466 1454
1525 1401
1447 1482
1424 1508
1485 1460
1647 1325
1459 1483
1595 1354
1621 1373
1812 1265
1337 1719
1436 1597
1559 1465
1539 1489
1518 1513
1671 1417
1541 1516
1549 1512
1601 1477
1397 1710
1532 1539
1507 1576
1359 1778
1534 1552
1505 1607
1579 1517
1740 1407
1632 1490
1471 1670
1564 1567
1472 1680
1656 1491
1555 1586
1704 1469
1309 1870
1557 1591
1640 1510
1548 1639
1450 1761
1493 1728
1684 1536
1721 1506
1589 1668
1690 1577
1643 1629
1494 1805
1602 1690
1696 1615
1637 1658
1615 1709
1651 1683
1669 1687
1622 1727
1686 1682
1701 1664
1657 1705
1755 1623
1837 1555
1580 1816
1787 1637
1749 1698
1655 1777
1582 1829
1759 1708
1773 1692
1980 1457
1705 1758
1758 1714
1717 1770
1727 1773
1448 2016
1760 1753
1585 1883
1849 1679
1678 1838
1499 2064
2017 1547
1859 1748
1845 1783
1816 1822
1934 1724
1408 2379
1820 1848
1771 1896
1663 2009
1780 1890
2140 1550
1912 1803
1783 1946
1744 2004
1967 1802
1822 1933
1929 1844
1767 2023
1882 1901
1810 2001
1871 1940
1677 2224
1862 1976
1919 1904
1881 1979
2031 1832
1910 1945
2116 1790
1722 2236
2159 1766
1735 2258
1763 2222
2301 1662
1692 2331
1971 1953
1927 1997
2092 1855
2107 1856
1949 1992
1965 1981
1952 2005
2422 1654
1966 2017
2112 1873
2151 1847
1920 2087
2044 1939
1900 2153
1936 2123
1992 2036
2531 1689
1850 2332
1989 2083
2002 2077
1961 2186
1843 2420
1909 2273
2404 1811
2043 2082
2065 2055
2178 1934
1869 2410
2101 2026
2069 2092
2055 2141
2032 2172
2085 2133
2241 1966
2105 2162
2218 1998
2231 1989
2192 2043
2157 2128
2414 1900
2158 2140
2259 1999
1947 2480
1913 2567
2161 2173
1876 2699
2270 2035
2504 1912
2681 1841
2165 2235
2162 2246
2098 2352
2108 2365
2153 2306
2274 2155
2147 2342
2114 2414
2148 2359
2024 2578
2375 2111
2174 2356
2355 2164
2064 2600
2150 2474
2257 2295
1565 3639
2229 2336
2281 2287
2220 2373
2223 2436
2170 2534
2441 2239
2264 2428
2330 2349
2843 1922
2436 2290
2347 2430
2250 2551
2470 2348
2271 2566
2396 2439
2517 2329
2197 2710
2288 2590
2228 2657
2646 2208
2126 2842
2408 2486
2251 2679
2123 2870
2423 2507
2329 2638
2277 2715
2345 2630
2395 2596
2449 2546
2360 2639
2425 2599
2458 2587
2379 2672
2363 2713
2446 2650
2776 2280
2427 2709
2477 2656
2381 2769
2184 2981
2540 2645
2523 2676
2502 2718
2567 2644
2960 2218
2509 2746
2246 2974
2539 2732
2959 2251
2635 2618
2564 2738
2421 2864
2495 2817
2394 2905
2977 2299
2670 2642
2358 2952
2657 2690
2764 2562
2515 2854
2837 2515
2661 2725
2668 2736
2293 3106
3276 2201
2319 3111
2753 2677
2768 2671
2676 2762
2849 2591
2666 2785
2445 3015
2836 2621
2710 2777
2587 2922
2501 3012
2807 2726
2520 3022
2694 2840
2742 2799
2518 3038
2416 3155
2697 2873
2733 2845
2755 2827
2631 2946
2684 2913
2787 2832
2629 3003
2955 2708
2603 3059
2185 3714
2187 3718
2923 2773
2811 2879
2702 2988
2790 2932
2863 2862
2943 2825
3047 2749
3148 2683
2924 2838
3121 2714
2693 3067
2584 3257
2727 3071
2985 2851
2434 3570
3066 2803
3029 2843
2916 2938
3107 2815
2922 2958
2889 2999
2940 2964
2917 3042
2890 3086
2844 3145
2782 3233
3372 2766
2895 3109
3088 2940
2815 3220
2847 3163
2803 3232
3035 3004
3036 3006
3210 2909
2969 3085
3105 2980
2926 3139
2745 3450
3111 3024
2953 3168
3022 3123
2928 3213
3182 3019
2789 3464
3157 3045
3664 2758
3379 2927
3050 3198
3003 3241
2872 3432
2867 3438
3070 3199
3145 3137
3084 3190
3020 3279
2858 3514
2934 3411
3152 3194
3653 2888
3110 3284
3122 3276
3024 3390
3367 3084
3011 3405
3049 3384
3127 3341
2998 3495
2988 3557
3102 3426
3126 3408
3703 2990
3415 3219
3224 3402
3256 3399
3187 3510
3161 3552
3362 3330
3245 3503
3119 3632
3487 3270
3352 3386
3275 3468
3164 3603
3447 3326
3348 3410
3204 3585
3124 3673
3853 2998
3524 3307
3169 3671
3416 3415
3314 3540
3232 3641
3717 3159
3477 3424
3526 3376
3384 3539
3620 3323
3760 3166
3065 3847
3411 3543
3158 3785
3510 3445
3680 3288
3045 3895
3264 3712
3449 3555
3361 3627
3838 3150
3523 3527
3269 3749
3336 3713
3358 3686
3604 3465
3919 3090
3457 3642
3419 3699
3497 3638
3106 3975
3504 3656
3726 3487
3331 3866
3421 3812
3549 3710
3848 3353
3558 3735
3221 4002
3729 3575
3688 3652
3757 3601
3519 3882
3660 3783
3560 3860
3512 3905
3644 3806
3878 3516
3491 3961
3817 3669
3597 3908
3554 3957
3744 3804
3791 3773
3873 3655
3682 3894
3530 4012
3590 3989
3759 3840
3393 4075
3893 3772
3819 3898
3803 3919
3756 3964
3701 4058
3907 3966
3896 4001
