1584042216 1960691938
1
sift 317
37 15
116 54
451 169
44 16
59 27
133 63
1671 693
85 41
89 46
329 138
1776 788
111 51
121 53
372 155
1716 1039
132 85
136 84
331 182
1913 1271
142 82
143 91
373 190
4074 2645
184 98
207 115
439 235
4032 2757
192 127
205 136
582 367
381 113
262 150
700 348
264 152
370 154
711 371
292 187
298 186
693 456
309 206
368 183
816 440
392 208
378 221
735 494
365 254
499 195
793 477
443 248
441 291
806 495
407 321
514 271
791 527
474 311
684 259
835 516
487 350
520 346
872 507
557 327
518 399
887 511
523 418
636 330
897 631
645 332
617 365
1021 612
639 364
664 370
995 739
542 479
644 417
1094 717
759 358
629 434
1112 718
574 488
715 429
1369 637
544 593
783 431
1232 696
751 561
868 491
1213 785
883 504
785 569
1141 870
802 576
986 534
1618 702
852 606
820 706
1171 865
906 689
1078 588
1176 950
1089 583
1208 571
1235 936
980 729
1080 674
1269 924
1196 623
833 941
1499 886
1073 748
1024 780
1501 1010
813 1100
1497 634
1517 1017
1505 645
1212 746
1530 1145
1180 774
1326 742
1940 1034
1188 808
1121 873
1752 1160
1451 750
1626 758
1654 1204
1358 858
1061 1114
1774 1228
1251 989
1349 915
2033 1147
1481 861
1302 978
1521 1538
1252 1019
1367 946
1819 1343
1381 987
1317 1036
1849 1436
1463 969
1653 923
1932 1371
1535 1031
1603 1043
1755 1532
2008 862
1997 889
2292 1290
1555 1165
1714 1078
1965 1526
1843 1021
1790 1056
2089 1515
1662 1206
1595 1267
2707 1272
1865 1155
1916 1126
1926 1838
2154 1016
1883 1162
2742 1359
1594 1352
2005 1132
2409 1516
2066 1110
2071 1106
2510 1517
1771 1282
2202 1087
2218 1868
1615 1506
2179 1186
3036 1439
3123 917
1877 1393
2611 1686
1973 1346
2277 1182
2689 1649
1946 1390
1930 1405
2609 1746
1977 1375
1715 1618
2485 1836
2018 1376
2174 1315
2496 1940
2180 1317
1858 1602
2624 1870
2260 1320
2038 1463
2793 1800
1881 1605
2221 1362
2570 1934
2427 1261
2397 1295
2909 1935
2480 1365
2350 1420
2470 2218
2165 1520
1975 1699
4085 1522
2921 1218
2969 1240
3437 1791
2419 1498
2361 1534
3306 1854
1760 2083
2362 1592
3206 1938
2458 1571
2299 1683
2685 2254
2204 1794
2613 1589
3326 1955
2415 1719
2874 1490
3018 2085
2687 1588
2528 1723
3059 2075
2644 1682
2447 1796
3536 1914
2407 1846
2868 1648
3258 2037
2328 1976
2303 2026
3831 1978
2564 1909
2651 1878
3432 2108
2249 2094
2210 2138
3053 2347
3521 1529
3362 1593
2610 2795
3091 1728
2708 1970
3194 2310
2835 1895
2776 1952
3221 2293
2566 2051
3012 1850
3781 2226
3739 1578
2430 2166
3568 2383
2229 2379
2643 2065
3772 2377
2565 2105
2676 2100
2900 3256
2966 1979
3688 1716
4266 2367
3304 1932
3711 1805
4213 2481
3146 2012
2999 2098
3183 3148
2764 2304
3180 2052
3544 2954
2698 2432
2923 2266
4203 2824
3163 2115
3006 2240
3114 3904
3216 2129
3301 2176
3832 3693
3150 2278
3822 2031
4228 3478
3222 2332
2983 2532
3170 2455
3398 2344
3766 2333
3716 2393
2931 2950
3686 2433
4035 2235
3728 2504
3755 2520
3745 2534
3652 2605
3434 2828
3920 2780
4114 2823
4171 2838
4003 3061
4099 3280
3374 4130
3829 3786
3923 3672
4237 3313
3957 3724
4226 3442
4285 4420
1584042216 2102469315
1
sift 954
6 4
18 8
17 6
52 37
30 17
16 7
83 61
61 39
36 14
106 77
78 63
34 16
250 156
94 72
43 26
254 176
177 115
49 25
299 213
176 111
50 28
325 219
187 120
51 29
437 267
185 126
53 27
458 344
217 145
65 43
497 327
228 143
71 44
525 338
237 151
72 49
587 360
241 153
91 59
596 355
233 160
98 60
583 390
257 155
107 71
633 402
270 171
113 75
576 450
278 167
121 83
710 496
304 205
124 84
753 502
308 214
127 82
732 532
479 238
132 86
726 568
459 275
130 87
824 521
415 322
134 91
863 594
452 287
139 90
942 576
541 269
131 95
904 601
448 319
161 92
959 680
508 318
157 96
1142 633
509 343
155 100
860 921
460 411
158 104
1272 774
528 352
181 107
1346 749
536 358
196 117
1292 815
556 349
210 114
1267 872
504 394
202 129
1444 929
563 350
226 123
1475 926
539 384
212 127
1524 944
660 361
192 150
1404 1069
603 392
214 141
1650 999
646 404
203 152
1638 1026
605 452
207 148
1893 961
683 459
236 134
1624 1096
748 479
216 146
1809 1173
716 471
231 159
1777 1225
801 519
267 154
1682 1327
795 488
247 165
1798 1302
805 534
264 168
2007 1271
819 522
262 203
1872 1517
773 650
283 184
2196 1335
786 559
274 206
2054 1587
953 579
298 204
2279 1452
728 620
284 235
2237 1484
978 666
336 202
2664 1354
996 684
301 226
2335 1543
1055 677
321 217
2357 1558
1070 719
337 225
2385 1617
1028 756
322 242
2393 1562
1082 723
290 272
2680 1582
1414 709
367 233
1984 2125
1101 810
355 239
2663 1707
1147 920
375 240
2435 1929
1172 757
369 245
2462 1883
1220 893
365 248
2509 2040
1283 861
384 249
2211 2400
1473 785
440 227
2759 1937
1274 870
391 247
2187 2459
1378 947
363 257
2948 1850
1352 905
329 268
2741 2006
1490 902
315 277
2538 2179
1356 923
434 232
2756 2059
1297 1008
316 282
2781 2054
1393 969
417 246
2988 2233
1652 956
407 263
3248 2202
1729 864
408 262
3136 2192
1700 984
390 266
2989 2409
1411 1051
272 380
3819 1919
1488 1078
389 276
3341 2333
2121 789
393 278
3802 2519
1384 1148
445 279
3231 2424
1693 1037
463 274
3610 2689
1804 1015
487 291
3658 2357
1762 1020
480 295
3209 3044
1402 1223
502 305
3908 2940
1371 1298
512 316
4026 2616
1904 1005
552 299
4017 2924
1836 1060
542 306
4172 3212
1668 1166
513 325
4122 3374
1805 1193
514 329
4096 3423
1575 1475
554 313
4244 3532
1941 1135
546 337
4138 3728
1981 1209
449 415
1903 1291
544 340
2026 1260
523 364
2386 1101
538 369
2191 1220
564 346
2325 1179
555 362
2246 1218
570 373
2214 1240
574 371
2169 1338
520 416
2318 1272
588 356
2050 1434
571 389
1918 1542
550 419
2107 1462
558 407
2205 1367
573 425
2030 1521
581 431
2324 1398
640 399
1921 1727
585 435
2296 1493
682 395
3046 1222
696 403
2186 1594
618 436
2360 1537
680 442
2128 1676
582 469
2126 1838
743 438
2476 1506
661 462
2636 1642
701 457
2494 1692
729 456
2395 1786
639 483
2124 2017
697 468
2665 1732
699 470
2588 1742
777 454
2289 1969
723 465
2493 1868
659 497
2652 1821
691 486
2194 2254
678 499
2421 2084
703 493
3022 1802
737 475
2944 1856
602 578
2100 2654
745 484
2837 1940
647 553
3135 1785
681 531
2640 2098
720 511
2998 1858
676 548
2842 2075
645 573
2529 2342
742 510
3084 1946
797 490
3058 1961
772 523
3650 1800
826 495
2804 2183
739 560
3300 1963
814 508
3024 2118
791 525
3441 1964
836 504
3330 2042
843 509
3308 2105
724 597
3565 2004
800 539
2982 2370
878 500
3390 2095
835 533
3382 2165
850 528
3287 2253
806 567
2880 2759
839 546
3419 2358
900 514
3282 2490
771 605
3673 2251
881 544
3491 2428
873 565
3729 2287
891 558
3251 2608
842 590
3454 2488
917 554
3233 2685
927 555
3644 2481
1003 515
3736 2454
831 634
4221 2135
865 613
3259 2748
886 589
3771 2495
882 609
3535 2666
902 603
3699 2583
815 682
4131 2563
792 700
3717 2664
906 629
3620 2889
947 591
3780 2710
961 585
4030 2692
868 669
3692 2972
990 575
3958 2895
888 647
4248 3372
905 642
4252 3440
856 693
4215 3735
970 626
1000 604
993 622
945 652
1011 640
936 697
837 763
966 673
840 766
998 670
946 711
1008 672
1057 660
1059 661
1018 687
1131 632
982 720
1117 686
1175 644
920 798
1029 726
1160 665
1139 689
1099 718
1072 730
1078 736
1132 713
1102 748
1178 721
1151 735
1021 832
1094 793
999 868
1212 733
1420 678
1170 751
1282 722
1227 741
1110 822
1226 764
1091 873
1271 765
1232 787
1180 816
1187 820
1204 808
1061 933
1109 903
1256 805
1260 819
1299 794
1318 791
1213 883
1312 837
1609 745
1363 841
1209 917
1359 855
1373 850
1600 773
1119 1024
1303 909
1366 884
1468 842
1643 779
1298 919
1462 865
1295 945
1381 908
1388 907
1279 975
1701 795
1435 897
1367 925
1508 891
1464 911
1308 996
1350 971
1496 904
1382 970
1196 1073
1445 939
1440 946
1541 915
1651 885
1429 991
1515 948
1521 953
1387 1013
1572 942
1733 874
1602 936
1374 1034
1492 1002
1593 972
1482 1016
1354 1089
1499 1019
1737 924
1606 997
1455 1044
1647 998
1116 1414
1224 1278
1530 1067
1540 1072
1415 1139
1757 1000
1708 1027
1718 1025
1594 1098
1677 1061
1580 1118
1690 1064
1619 1102
1583 1142
1629 1109
1764 1071
1579 1184
1662 1127
1829 1076
1605 1210
1782 1104
1587 1241
1943 1042
1783 1120
1603 1264
1752 1160
1770 1164
1767 1172
1843 1137
1800 1169
1548 1376
2164 1039
1851 1195
1877 1183
2189 1048
1999 1122
1899 1188
1883 1204
1865 1228
1742 1322
1808 1288
1691 1374
2225 1070
1698 1393
1940 1208
1834 1324
2105 1136
2120 1146
1936 1252
2092 1167
1894 1332
1907 1321
1889 1350
1858 1388
1896 1349
2053 1246
1856 1402
2286 1145
1567 1697
1859 1413
1929 1344
2034 1281
1933 1356
2147 1221
1916 1378
2027 1317
1948 1359
2104 1258
2039 1311
1906 1412
1965 1375
1844 1509
2008 1364
2067 1337
2043 1358
1912 1467
2166 1296
1932 1456
2005 1407
2264 1251
2014 1411
1926 1480
2074 1401
2252 1308
2708 1130
1922 1533
2173 1353
2123 1382
1996 1482
2003 1498
2227 1352
2096 1451
2180 1417
1961 1596
1760 1825
2238 1436
2294 1421
2226 1457
2410 1369
2430 1379
2108 1586
2162 1535
2018 1682
2270 1473
2333 1446
2084 1638
2273 1488
2362 1449
2271 1504
2384 1444
2204 1554
2308 1489
2150 1625
2218 1572
2307 1520
2266 1545
2404 1472
2079 1699
2233 1592
2144 1660
2675 1363
2350 1510
2297 1561
2519 1441
2202 1645
2516 1455
2304 1578
2622 1408
2583 1429
2639 1405
1842 2025
2555 1454
2213 1667
2383 1559
2381 1573
2235 1678
2426 1566
2367 1615
2068 1811
2635 1470
2455 1574
2755 1422
2342 1654
2245 1717
2613 1501
2251 1720
2203 1756
2541 1555
2471 1607
2110 1834
2448 1644
2962 1368
2564 1557
2470 1640
2210 1774
2217 1793
2679 1551
2751 1534
2193 1846
2902 1447
2600 1624
2484 1695
2422 1741
2522 1688
2363 1772
2813 1540
2311 1810
2379 1770
2052 2051
2514 1728
2510 1745
3074 1466
2525 1755
2361 1847
2696 1683
2434 1813
3093 1479
2616 1738
2481 1804
2148 2087
2409 1874
2732 1734
2682 1763
2590 1815
2433 1949
2490 1930
2629 1849
2654 1852
2667 1842
2700 1823
2621 1886
2576 1909
2628 1899
2643 1898
2578 1933
3103 1668
2692 1879
2568 1967
2979 1743
3257 1637
2872 1799
2644 1966
2854 1822
3013 1753
3041 1747
2921 1796
2929 1806
2926 1812
2582 2060
2851 1911
2918 1859
2882 1891
2820 1932
2686 2052
2292 2444
2834 1978
2733 2050
2715 2063
2721 2062
2701 2089
2565 2208
2931 1934
3012 1901
2661 2171
2865 2014
3114 1862
2445 2382
2984 1971
3181 1871
2301 2600
2687 2215
2703 2210
2772 2155
3016 1984
2895 2068
2825 2127
3180 1912
3061 1993
2974 2041
2615 2376
2760 2241
3130 1982
2676 2341
3037 2027
3549 1803
3133 1996
3286 1938
3305 1948
2750 2360
2572 2559
3112 2074
2909 2235
2691 2467
3186 2047
2850 2332
2877 2311
2976 2201
3023 2166
3052 2156
3482 1942
2985 2267
3447 1987
3212 2143
2868 2446
2814 2496
2627 2674
2994 2331
3170 2196
3144 2213
2819 2543
2883 2500
3039 2381
3067 2363
3309 2173
3442 2154
3173 2348
3176 2344
3249 2312
3627 2092
3183 2365
3338 2276
3418 2238
3935 2019
3226 2445
3358 2338
3766 2122
3124 2538
4281 1820
3737 2160
3968 2046
3365 2393
3357 2398
3370 2396
3412 2353
4236 1922
3404 2390
3449 2355
3043 2663
3163 2588
3469 2352
3806 2167
3640 2274
3663 2280
3709 2262
3432 2414
3153 2633
3604 2345
3392 2474
3294 2548
3431 2453
3349 2511
3486 2432
3406 2482
3681 2330
3453 2468
3018 2773
3768 2303
3174 2669
3630 2377
3525 2456
2575 3307
3336 2585
3884 2261
3195 2682
3685 2374
3847 2298
3797 2327
3374 2586
3735 2356
3470 2522
3676 2440
3146 2765
3624 2479
3380 2634
4025 2243
3615 2512
3515 2599
3596 2569
3172 2832
3518 2621
3422 2679
3446 2711
3857 2501
3814 2550
4193 2314
3971 2484
3075 3056
3628 2683
3942 2562
4268 2292
3701 2709
3272 2953
3528 2800
4115 2464
3558 2791
3439 2850
3866 2648
4142 2486
4125 2529
3543 2874
3571 2865
3638 2828
4147 2540
3662 2813
3652 2859
3926 2722
4104 2636
4195 2580
3905 2749
4186 2597
3751 2860
3944 2740
3807 2838
4157 2638
3679 2920
4251 2566
3317 3231
3817 2866
3827 2861
3590 3089
4103 2769
3725 3023
3642 3098
4171 2736
4051 2827
3950 2902
3957 2905
3711 3102
3595 3208
3696 3138
3703 3154
3721 3159
4156 2840
3818 3090
4198 2803
3987 2948
3982 2967
3920 3070
4074 2976
4274 2770
3965 3139
3502 3595
4128 3069
3919 3284
4257 2938
4136 3112
3669 3617
3645 3663
4101 3226
3527 3811
3917 3478
4035 3412
4110 3422
3881 3761
3933 3711
4264 3286
4250 3347
4207 3438
4185 3509
4087 3707
4213 3679
4086 3842
4285 3455
