1647351560 1664374466
1
sift 177
63 39
425 509
108 122
168 176
188 167
419 604
412 329
286 365
315 339
593 668
364 451
410 350
326 460
822 859
339 481
376 428
383 457
842 1061
453 373
400 443
446 391
1095 1250
433 468
365 498
575 429
1159 1177
507 603
464 616
498 582
1357 1125
549 562
611 528
506 617
1178 1305
637 533
609 630
645 660
1242 1368
622 787
729 632
642 771
1490 1596
864 1043
892 612
668 777
1680 2031
909 1089
679 802
677 810
1765 1930
1516 790
731 826
653 983
1897 2144
1207 1102
726 946
800 874
1960 2300
1521 1299
790 927
821 1059
1908 2405
1417 1522
948 924
898 989
2323 2544
1337 1675
895 1004
1040 863
2531 2732
1736 1394
748 1161
1067 1139
2563 3144
1422 1758
1152 1269
1693 1025
3173 3067
1800 1717
1183 1381
1327 1262
3652 3528
1631 1918
1290 1326
1261 1441
1620 2332
1333 1395
1311 1474
2267 1674
1421 1379
1356 1510
1968 1937
1144 1839
1517 1424
2118 1984
1476 1643
1537 1656
1935 2237
1699 1504
1309 1907
2024 2230
1330 1886
1282 2005
2176 2124
1735 1570
1523 1743
1928 2536
1638 1760
1715 1815
2832 1730
1795 1724
1929 1762
2340 2278
2082 1696
1739 2056
2377 2235
1799 1987
1875 1945
2153 2537
2120 1841
2127 1940
2579 2216
1927 2281
2488 1809
2669 2176
1989 2327
1965 2387
3167 2359
1832 2582
2173 2258
2566 2960
1895 2686
2547 1958
2649 2844
2316 2340
2617 2154
3054 3114
2877 2068
2391 2567
2965 3222
2476 2611
2414 2689
3026 3180
3074 2250
2327 3074
2996 3272
2699 2649
2541 2797
2975 3523
2431 3026
2634 2808
3141 3541
2700 2847
2668 2909
2712 2859
2660 2950
2768 2867
2731 2996
3158 2688
2929 2947
2982 2974
2895 3035
3153 2893
2870 3147
2519 3588
3147 3080
3487 2889
3055 3230
2863 3461
3578 2920
3056 3357
3567 2975
3396 3115
3588 3002
3162 3485
3226 3508
3585 3424
1647351560 1789068863
1
sift 475
234 222
20 23
27 24
2951 2599
30 29
249 219
42 33
32 32
45 42
250 232
68 73
49 51
51 58
282 278
103 106
55 65
74 78
378 353
104 119
84 74
88 95
386 376
191 167
129 97
118 101
483 440
190 196
107 112
139 109
467 477
220 238
127 131
134 134
632 620
253 234
137 139
142 141
759 752
578 358
135 150
155 151
844 809
517 483
157 173
170 168
1000 743
567 588
183 169
186 166
1084 792
615 574
177 190
179 193
1269 926
712 539
193 186
208 207
1025 1235
695 647
198 214
224 215
1125 1225
601 767
243 203
203 236
1235 1218
766 650
244 227
275 247
1565 1123
760 655
258 264
285 250
1359 1483
814 691
235 337
257 317
1743 1103
808 733
279 298
287 297
1782 1105
764 897
291 322
326 343
1581 1578
837 937
317 419
401 346
2081 1414
1011 908
343 377
376 371
1844 1828
1349 890
415 357
387 380
1781 1928
1526 850
360 396
407 372
1921 1934
1184 1022
398 382
405 381
2262 2297
1217 1081
385 424
409 421
2146 2431
1140 1433
347 468
424 403
2427 2326
1329 1441
356 486
421 432
2058 3044
1691 1114
371 476
380 526
2640 2525
1408 1368
426 487
488 429
2550 2734
1615 1212
461 492
457 514
2787 2806
1433 1409
487 482
522 472
2829 2899
1499 1430
499 489
516 496
2931 3112
1609 1650
447 596
533 512
3028 3182
1833 1613
598 493
502 565
3086 3214
1976 1512
604 509
572 561
3119 3199
1880 1646
474 687
626 537
3170 3167
1616 2025
614 554
562 613
3211 3185
2155 1587
735 485
610 578
3346 3239
1892 1753
605 642
810 521
3213 3440
2062 1677
597 689
679 627
3237 3418
1708 2062
657 652
708 651
3355 3371
1756 2052
779 661
741 698
3576 3384
2160 1806
719 748
769 695
3510 3542
2195 1920
865 645
776 719
1944 2192
738 746
794 708
2243 2033
731 775
743 791
2279 2071
790 745
831 723
2289 2127
796 762
815 750
2252 2298
845 782
811 834
2662 1951
896 780
793 886
2371 2291
851 824
825 894
2403 2289
949 800
847 914
2500 2200
885 885
914 870
2325 2374
818 973
974 876
2460 2292
944 935
1009 905
2504 2437
833 1135
902 1056
2555 2435
979 961
1016 970
2477 2565
1052 1005
1460 774
2502 2574
1197 925
1085 1039
2645 2691
1046 1085
1227 989
2947 2555
1070 1101
1180 1041
2783 2696
1391 972
1201 1090
2902 2673
1442 984
1143 1222
3005 2642
1120 1255
1128 1317
2723 3036
1252 1195
1292 1182
3011 2787
1286 1191
1204 1308
3075 2750
1296 1216
1268 1310
3131 2781
1190 1398
1215 1387
3159 2769
1415 1185
1274 1349
2969 3065
1429 1217
1406 1245
2903 3459
1346 1340
1106 1700
3109 3220
1400 1342
1188 1594
3191 3111
1659 1115
1426 1352
3243 3117
1271 1532
1450 1345
3070 3350
1524 1282
1410 1410
3292 3091
1529 1283
1392 1457
3378 3079
1552 1316
1414 1477
3339 3172
1577 1336
1573 1356
3421 3193
1606 1343
1462 1488
3325 3354
1321 1658
1954 1158
3240 3468
1594 1501
1704 1395
3536 3230
1724 1370
1531 1614
3219 3639
1534 1641
1582 1610
3442 3451
1465 1729
1688 1547
3462 3476
1714 1517
1643 1608
3537 3365
1645 1609
1668 1597
3447 3546
1692 1642
1717 1617
1557 1786
1893 1476
1722 1627
1501 1889
1777 1607
1842 1570
1398 2178
1735 1717
1914 1573
1749 1726
1561 2012
1491 2173
1773 1740
1475 2212
1763 1764
1962 1632
1784 1780
2090 1592
1697 1958
1887 1737
2224 1536
2194 1564
1675 2041
2020 1688
2034 1680
1601 2282
1821 1888
1796 1981
1966 1811
1846 1957
1959 1884
2072 1848
2273 1719
2041 1910
1488 2744
2102 1899
2091 1909
2022 1988
2042 1983
2106 1930
2133 1904
1900 2184
2120 1959
2258 1844
2219 1911
2334 1838
2148 2031
2169 2038
1998 2249
2439 1819
2257 2001
2131 2157
2337 1952
2191 2136
2082 2281
2234 2112
2280 2144
2128 2313
2351 2116
2322 2197
2476 2027
2386 2169
2134 2421
2198 2372
2463 2096
2121 2491
2007 2614
2286 2346
2355 2304
2396 2271
2314 2376
2514 2235
2398 2361
2395 2382
2250 2522
2665 2117
2370 2429
2188 2616
2012 2930
1905 3121
2750 2135
2349 2544
2220 2712
2145 2886
3078 2037
3137 2050
2523 2464
2393 2626
2457 2569
2688 2377
2487 2584
2513 2606
2774 2393
2846 2370
2561 2598
3046 2309
2609 2562
2586 2593
2727 2560
2709 2582
2545 2895
2639 2808
2819 2619
2591 2878
2574 2993
3051 2537
3242 2445
3072 2543
2652 2934
2756 2830
3257 2481
2869 2739
2877 2758
2564 3162
2615 3107
3174 2580
3122 2620
3244 2558
2786 2972
2914 2942
2647 3348
3037 2904
2964 3028
3103 2964
2865 3241
3089 3006
3081 3047
3088 3064
2991 3159
3475 2743
3105 3103
3373 2869
3256 3052
3207 3122
3095 3287
2998 3397
3002 3404
3516 2966
3177 3319
3604 2856
3364 3134
3552 3004
2683 3799
3398 3260
3326 3364
3236 3474
3379 3329
3254 3484
3434 3296
3565 3207
3220 3649
3172 3749
2803 3818
3580 3434
3633 3266
3571 3594
3446 3730
3450 3738
3601 3653
3441 3796
3527 3788
