1707515443 1780862618
1
sift 388
8 13
309 269
143 109
42 27
73 51
348 282
152 119
81 46
69 58
395 305
171 121
78 62
90 65
440 476
165 135
112 83
123 90
1219 909
170 133
126 102
129 100
1386 1020
196 158
163 91
144 106
1433 1204
213 148
175 130
187 123
1840 1217
222 151
197 149
216 162
1824 1468
293 211
220 176
240 168
1977 1668
251 268
232 186
244 193
2162 1805
369 276
246 207
248 214
2401 1746
331 387
288 228
286 236
2383 1855
465 346
308 218
328 217
2646 1976
559 448
387 264
316 301
2863 1899
511 516
404 280
402 285
2645 2497
621 460
407 304
371 336
3485 2272
652 597
417 313
391 331
2824 2760
796 567
394 339
383 366
3759 2366
1061 465
761 271
571 347
4030 2526
749 650
538 365
541 376
3563 2849
862 577
525 422
589 392
3760 2972
849 624
544 433
586 418
3655 3558
896 608
545 439
606 429
842 654
683 431
660 443
947 642
598 498
697 523
873 713
703 520
588 643
789 902
839 458
730 546
1048 701
790 534
818 552
979 749
758 605
699 691
1112 687
828 585
745 669
1039 788
753 681
935 615
1070 771
840 662
930 630
1120 731
879 673
778 746
1043 846
836 733
960 668
1236 734
945 682
820 817
1206 783
823 919
1002 742
922 1156
938 811
1211 648
1045 1051
1028 752
830 984
1280 880
962 848
1055 762
1270 934
989 879
1006 922
1277 1076
1113 824
1118 878
1563 943
1288 797
1216 837
1353 1042
1213 840
1094 963
1361 1065
1144 927
1170 910
1609 1043
1248 886
1301 914
1743 1024
1407 871
1451 839
1424 1321
1473 835
1412 883
1750 1064
1322 931
1290 971
2173 924
1660 894
1582 930
1418 1458
1349 1081
1392 1071
1620 1347
1496 1010
1393 1088
2181 1005
1423 1072
1543 1034
1774 1240
1307 1219
1419 1127
1989 1116
1337 1225
1253 1323
1735 1399
1411 1165
1430 1231
1645 1548
1536 1149
1444 1235
1837 1368
1355 1387
1461 1264
1765 1450
1467 1285
1552 1232
1631 1601
1506 1274
1606 1216
1848 1489
1657 1191
2128 973
2237 1386
1656 1270
1763 1195
1889 1627
2763 870
1925 1121
2887 1115
1882 1152
1779 1267
1950 1606
1432 1663
1614 1561
2083 1538
1821 1358
1887 1283
2319 1451
1791 1416
2191 1135
3489 1041
1671 1570
2033 1236
2241 1681
1850 1409
2180 1164
2355 1658
1734 1542
1770 1537
2164 1842
1776 1577
1859 1487
2421 1787
2230 1230
2113 1295
1902 2361
2055 1371
1390 2114
2155 2049
1825 1587
1866 1572
2634 1780
1655 1773
2259 1291
2784 1934
2001 1512
2112 1463
3353 1778
2178 1466
2000 1619
2983 2202
1755 1898
2152 1565
3387 2000
1856 1801
2328 1514
3050 2244
2066 1648
2518 1443
2726 2534
1952 1757
1962 1758
2962 2429
2219 1622
2079 1691
2981 2457
2186 1741
1932 2115
3238 2396
2190 1847
2330 1772
3051 2588
2302 1811
2286 1830
3671 2300
2223 1869
2279 1897
3038 2680
1713 2682
2709 1700
3779 2273
2171 2054
2133 2129
3243 2595
2760 1703
2300 2002
3629 2636
2629 1790
2576 1822
3710 2685
2412 1982
2682 1835
3600 2744
2431 2008
2568 1945
3895 2626
2390 2109
2134 2368
3626 2787
2816 1816
2374 2220
3871 2729
2674 1972
2276 2315
3557 3078
2683 2010
2515 2165
3753 3051
2526 2168
2493 2210
3798 3092
2042 2593
2487 2243
3482 3413
2406 2325
2728 2053
3924 3120
2759 2019
2434 2326
4018 3147
2676 2134
3505 1657
4152 3095
2594 2239
2730 2125
2571 2306
3204 1924
2737 2349
2711 2385
3442 1912
2698 2459
3171 2099
2886 2337
3630 1911
2611 2591
3327 2086
3842 1902
3648 1986
3437 2148
3665 2027
3515 2153
2613 2867
3091 2414
2755 2750
3985 2001
3641 2211
3278 2446
3113 2547
3776 2263
3267 2541
3282 2674
3104 2814
3003 2931
3791 2434
3077 3021
3526 2687
3186 2939
3767 2559
3303 2846
3367 2854
3607 2717
3670 2709
3695 2699
3214 3043
3399 2921
3273 3041
3904 2684
3828 2756
3952 2779
3658 3150
4080 2792
4012 2896
4059 2851
4023 2915
3795 3153
3663 3284
4141 2786
3403 3511
4032 3048
3683 3372
4095 3044
4054 3214
3839 3458
3689 3543
3580 3561
4144 3204
1707515443 1988776702
1
sift 423
26 57
9 22
19 31
21 39
110 159
55 71
36 49
44 44
140 154
121 167
56 60
60 72
135 315
154 247
66 101
79 89
257 341
181 275
75 107
86 133
336 342
183 294
115 171
124 168
364 371
207 355
113 200
137 189
321 589
263 373
146 199
153 203
620 415
297 430
156 204
157 222
454 918
283 467
182 229
184 257
642 749
390 354
185 278
238 285
706 782
320 454
243 310
228 336
1072 878
298 533
247 350
233 396
1438 1268
367 497
267 337
235 420
1388 1545
332 530
296 374
311 408
1704 2815
360 661
322 422
376 381
2211 2125
410 644
420 376
300 513
1897 2515
372 703
289 538
310 514
1968 2400
423 733
343 475
379 448
2234 2455
488 614
377 460
344 524
2316 2781
561 564
388 501
305 611
2856 2839
467 722
385 522
429 498
2708 3589
664 585
413 525
374 557
3533 2918
570 667
425 515
462 456
556 788
447 544
443 554
657 781
397 677
441 599
641 861
623 474
452 610
613 971
382 771
492 587
691 907
506 593
471 646
717 986
512 604
592 560
774 929
468 686
736 478
846 910
477 700
554 676
777 1080
549 698
597 684
973 901
614 704
599 727
653 1472
609 724
710 645
658 1459
605 754
656 720
854 1170
503 894
646 743
975 1091
665 745
752 662
1132 1100
698 779
739 730
961 1339
560 947
704 806
908 1614
686 843
675 860
1031 1350
632 915
598 965
1084 1484
715 836
728 879
1410 1269
755 838
558 1162
1314 1337
769 862
776 1030
1375 1296
800 1022
793 1047
1169 1808
867 953
811 1083
1176 1803
872 1007
918 976
1319 1862
851 1064
844 1078
1371 1814
677 1480
861 1072
1404 1790
1053 887
932 1050
1575 1751
824 1174
926 1061
1682 1724
920 1076
966 1029
1490 1956
983 1013
797 1271
1082 2919
1034 1019
1009 1056
1312 2222
923 1150
902 1187
1579 1898
964 1171
886 1293
1259 2488
943 1233
1095 1125
1929 1629
990 1263
1130 1143
1613 2093
1016 1304
1089 1224
1828 1988
1058 1318
1098 1261
1915 1899
1071 1368
1076 1354
1819 2184
1168 1223
1040 1457
1862 2151
1145 1314
1097 1449
2179 1881
1207 1286
1051 1654
1628 2691
1276 1305
1356 1246
1721 2508
1142 1560
1092 1701
1944 2154
1415 1315
1269 1506
1796 2522
1332 1482
1358 1505
1728 2697
1489 1364
1368 1513
1870 2504
1499 1391
1456 1500
1815 2631
1240 1785
1334 1699
2069 2225
1347 1749
1303 1806
1811 2700
1587 1539
1583 1562
1672 3161
1493 1709
1366 1910
2022 2645
1514 1766
1504 1784
2058 2621
1455 1869
1472 1878
2321 2474
1311 2107
1486 1895
2338 2608
1654 1715
1485 1980
1979 3056
1422 2080
1574 2061
2360 2702
1564 2137
1678 2001
2307 2778
1757 1927
1670 2054
2335 2752
1565 2228
1783 2008
2679 2481
1618 2239
1515 2476
2157 2983
2195 1682
1615 2336
2639 2602
1905 1975
2125 1905
2094 3214
1558 2705
1941 2050
2600 2855
2251 1888
1858 2297
1919 3927
1808 2396
1894 2351
2107 3791
2018 2181
1863 2432
3209 2539
1933 2329
1942 2359
2081 3902
1864 2583
1890 2544
2564 3269
1946 2422
2050 2319
2496 3377
2062 2327
1971 2444
2278 3812
2025 2406
2481 2068
2874 3046
2161 2322
2123 2377
2817 3203
2005 2540
1826 2880
3134 2941
2130 2436
2068 2513
2668 3565
1996 2636
1768 3065
2476 3845
2941 1951
2104 2635
3062 3162
2059 2763
2131 2711
2850 3554
2170 2660
2257 2661
3218 3120
2312 2618
2337 2623
2702 3938
2240 2751
2435 2620
3146 3570
2083 3010
2691 2467
3192 3531
1851 3642
2511 2760
3149 3594
2701 2593
2609 2703
3139 3708
2497 2871
2502 2872
3388 3519
2430 3102
2713 2846
3073 3983
2598 2986
2844 2772
3143 3990
2505 3095
2498 3170
3544 3803
2649 3025
2552 3123
3703 4053
2562 3143
2269 3596
3713 4106
2405 3496
2473 3402
2556 3307
2884 2949
2533 3447
3479 2634
2843 3103
2406 3755
2573 3518
2601 3475
2555 3598
2388 3888
2525 3669
2722 3424
2840 3376
3333 2957
3351 2942
2771 3619
2697 3789
2932 3354
2994 3289
2943 3379
2655 3943
3360 3084
2886 3622
3216 3208
2615 4089
2852 3759
3245 3272
2974 3614
3446 3264
3084 3678
3196 3587
3094 3723
3119 3800
3352 3556
3323 3661
3095 3944
3092 3979
3897 3224
2938 4182
3578 3552
3785 3445
3718 3541
3236 4000
3185 4144
3830 3561
3895 3592
3202 4208
3377 4134
3647 3923
3681 3998
3883 3846
3961 3890
3919 3984
3859 4047
4097 3939
4091 4130
3685 4254
