1750469169 1928484021
1
sift 73
763 181
461 78
42 3
230 36
154 25
66 8
3148 368
637 107
68 15
1868 275
937 160
74 17
3289 454
1194 201
162 29
1767 492
1436 229
225 43
2166 321
239 42
3057 409
201 54
2585 298
219 53
2876 462
274 49
3236 346
212 56
2932 504
332 72
2710 386
473 97
437 103
3330 371
433 110
564 101
3126 389
606 126
475 139
2993 432
867 166
857 169
3176 594
1198 142
907 205
569 276
1309 199
1222 223
1091 241
1147 245
1495 264
1476 307
1483 306
1756 334
1705 356
2986 310
1509 400
2075 350
1914 365
1798 382
1779 424
2209 387
2182 402
2051 478
2836 549
2647 565
2504 606
3043 542
2796 622
3171 660
3113 683
2447 1042
3000 1107
