2011792801 2118799435
1
sift 526
29 13
39 26
100 88
22 18
28 14
165 114
101 105
31 15
36 23
149 141
108 115
54 42
83 54
162 159
113 161
76 67
111 60
175 169
140 258
131 72
88 94
179 182
208 195
123 77
144 85
249 210
223 253
91 134
135 100
264 213
267 226
143 98
231 96
271 254
241 249
154 138
213 117
311 389
254 252
207 125
258 106
376 379
283 302
171 151
191 143
369 424
307 285
217 131
226 133
377 413
343 325
172 173
222 144
398 417
362 405
274 128
316 129
432 432
406 421
169 221
230 177
449 430
513 403
204 197
281 162
435 461
471 475
276 166
243 178
455 467
514 544
266 189
301 184
474 452
572 575
294 191
318 185
494 444
540 614
253 227
400 179
501 508
570 628
305 202
278 246
500 547
627 620
290 265
325 250
555 511
557 686
309 259
389 222
599 553
620 637
367 244
302 296
653 561
561 693
425 255
360 295
583 617
563 718
372 287
348 319
569 652
558 736
323 351
337 350
543 689
651 678
358 353
451 283
649 667
778 639
384 327
401 332
579 765
688 752
418 348
443 341
718 648
679 802
536 291
439 352
681 728
785 773
356 459
549 316
826 834
863 713
498 340
552 339
766 926
757 817
426 428
437 425
867 832
790 857
511 378
506 380
958 783
746 954
453 429
413 469
836 902
802 949
436 453
496 404
848 937
819 945
519 393
402 497
1051 762
858 1007
433 470
491 448
844 1023
772 1085
456 482
614 399
929 938
808 1049
550 438
473 498
868 1012
877 1006
654 408
534 468
856 1030
935 973
466 552
532 506
909 967
911 992
521 524
517 536
1136 965
1181 827
530 519
526 521
1044 1063
845 1222
546 523
720 466
1030 1161
1122 940
523 613
548 616
1029 1268
837 1304
622 572
621 584
1193 1264
1026 1093
567 642
578 638
1205 1332
951 1220
660 600
566 674
1128 1420
838 1395
750 558
575 730
1139 1413
1045 1134
674 641
732 609
1259 1340
1049 1320
994 557
728 687
1117 1505
1130 1272
630 843
686 757
1153 1499
1038 1434
696 778
887 643
1137 1524
1158 1378
714 759
725 768
1229 1414
1198 1352
794 720
969 645
1032 1742
1260 1315
707 898
1070 627
1216 1581
1120 1453
723 910
995 680
1228 1588
1090 1552
852 789
1016 671
1364 1482
1149 1500
800 859
893 779
1375 1485
1291 1388
1015 684
861 810
1395 1501
1412 1339
917 774
820 864
1385 1584
1275 1481
726 1019
824 915
1374 1597
1221 1596
1043 733
851 924
1435 1514
1336 1496
603 1359
982 813
1287 1675
1289 1605
964 849
822 982
1274 1713
1227 1683
945 884
811 1038
1406 1681
1211 1724
849 1008
1250 709
1519 1589
1046 2097
973 960
1001 936
1436 1695
1870 1191
850 1092
1000 979
1421 2036
1166 1893
997 985
1232 805
1619 1794
1373 1647
1279 796
1041 978
1548 1957
1365 1670
885 1219
921 1178
1713 2021
1409 1632
1230 905
1050 1039
1598 2298
1379 1698
959 1154
1004 1079
1805 2048
1270 1857
1012 1064
1009 1108
1730 2150
1219 1963
1025 1128
1069 1102
1485 2504
1307 1894
1218 996
1340 971
1624 2345
1301 1934
1203 1047
972 1307
1733 2325
1268 2030
1134 1087
976 1364
1674 2418
1346 1903
1183 1088
1062 1269
1850 2199
1579 1754
1150 1204
1319 1072
1601 2541
1437 2053
1100 1284
1081 1311
1688 2431
1441 2137
1096 1317
1266 1169
1831 2278
1285 2432
1144 1273
1240 1218
1819 2327
1668 1802
1072 1397
1560 1011
1834 2324
1580 1936
1430 1074
1590 1024
1787 2403
1566 1971
1303 1241
1323 1244
1682 2610
1562 2001
1273 1300
1167 1391
1858 2552
1520 2080
906 1867
1104 1509
1972 2477
1494 2124
1164 1424
1095 1572
1943 2624
1620 1953
1175 1438
1135 1498
1926 2766
1592 1998
1345 1301
1342 1327
1931 2970
1542 2099
1210 1458
1310 1368
1976 3108
1610 2102
1353 1353
1180 1529
1814 1967
1184 1553
1189 1545
1543 2369
1456 1276
1493 1243
1605 2366
1659 1148
1469 1265
1851 2089
1248 1517
1293 1455
1482 2686
1586 1252
1362 1479
1810 2258
1281 1593
1312 1568
1830 2253
1392 1474
1394 1489
1840 2531
1314 1592
1192 1726
1781 2687
1369 1578
1645 1302
1932 2528
1438 1471
1396 1559
1672 3031
1899 1176
1576 1381
1825 2755
1407 1606
1795 1270
1790 2838
1495 1492
1841 1278
1914 2656
1470 1570
1315 1765
1746 2969
1325 1781
1317 1801
1928 2831
1585 1522
1506 1618
1995 2768
1615 1541
1500 1643
1946 2996
1662 1491
1812 1383
1982 2882
1777 1407
1338 1877
1897 3217
1329 1897
1490 1661
1978 3028
1299 2051
1540 1694
1923 3266
1292 2071
1533 1699
1992 3515
1423 1885
1334 2095
1627 1676
1857 1503
1335 2136
1550 1782
1522 1827
1811 1635
1701 1710
1573 1848
1582 1838
1644 1786
1536 1941
1570 1896
1563 1948
1476 2068
1446 2172
1492 2079
1724 1788
1637 1891
1467 2154
1774 1766
1475 2157
1844 1755
1770 1812
1656 1966
1554 2128
1765 1853
1708 1949
1625 2103
1577 2173
1541 2255
1537 2266
1740 1996
1842 1881
1847 1908
1890 1886
1650 2210
1564 2358
1752 2086
1734 2134
1907 1950
1827 2076
1741 2179
1953 1973
1678 2340
1731 2276
1584 2507
1613 2458
1821 2203
1634 2461
1695 2414
1822 2303
1788 2347
1783 2389
1875 2339
1760 2503
1631 2774
1975 2284
1773 2619
1968 2346
1697 2845
1872 2636
1987 2518
1815 2909
1884 2759
1864 3087
1933 2935
1900 3035
1942 3090
1896 3207
1934 3223
1971 3169
2004 3399
2011792801 2119627969
1
sift 173
12 11
3 2
0 0
21 24
8 6
15 15
43 49
10 5
16 13
55 81
80 80
17 21
77 91
190 199
18 19
94 120
395 323
20 25
134 151
596 562
19 26
146 231
900 1237
33 29
170 233
37 35
220 188
38 40
205 286
41 42
221 289
46 52
252 316
59 44
270 305
52 60
272 307
63 59
277 373
66 62
304 363
69 64
381 341
90 99
329 451
97 94
424 361
102 109
407 470
93 141
371 628
151 119
505 490
159 128
636 454
156 160
553 495
145 198
482 625
189 177
898 686
206 186
729 839
209 247
747 936
175 303
1071 1397
248 207
1127 1372
229 246
1766 981
279 205
1632 1482
261 279
1434 1810
355 213
1865 1529
245 308
1633 1820
250 321
283 296
257 345
385 292
330 362
396 301
357 349
347 392
308 443
422 344
442 360
611 309
334 509
391 456
376 468
457 412
356 552
437 453
386 558
402 553
520 461
499 467
564 449
525 479
259 1442
538 503
435 734
577 565
500 720
652 619
472 927
727 604
511 948
625 759
653 745
740 685
626 830
721 732
706 818
806 711
977 624
890 665
809 788
725 930
845 872
726 1014
950 843
929 938
943 939
834 1113
1177 800
705 1435
1205 850
1032 979
973 1058
930 1140
792 1359
877 1265
851 1342
764 1610
826 1504
1081 1134
1113 1112
1128 1154
1051 1321
1080 1295
1170 1188
1176 1206
1209 1181
1160 1294
1154 1330
1440 1096
1107 1422
989 1721
1334 1263
1172 1390
1175 1411
1791 1003
1325 1323
1238 1403
1332 1344
1452 1249
1816 1042
1310 1384
1383 1401
1321 1582
1374 1537
1563 1380
1603 1402
1707 1400
1492 1652
1686 1602
1625 1704
1972 1837
