332492770 1159754689
1
sift 540
26 38
63 126
22 36
626 857
24 60
113 134
85 194
37 98
1159 1991
41 89
116 171
104 217
48 91
1362 2089
45 127
120 173
142 321
53 119
1333 2373
46 155
228 354
163 299
65 149
1602 2823
67 162
260 301
225 400
98 143
3166 3426
101 176
302 384
200 466
112 216
106 222
344 344
241 469
126 204
121 223
296 481
259 423
129 228
169 196
530 541
294 360
137 272
164 211
521 565
283 505
160 257
194 244
599 627
361 624
190 271
180 284
598 745
383 632
159 317
221 297
601 781
365 720
249 282
205 332
538 899
518 695
191 390
218 361
653 787
474 766
231 391
242 369
723 831
464 794
271 367
276 404
677 933
505 773
316 339
280 433
712 980
519 753
289 427
327 374
762 983
503 817
240 594
384 318
786 947
545 767
266 567
325 443
616 1443
525 918
305 543
346 471
802 1039
621 818
355 462
388 452
875 995
602 852
454 425
292 805
1028 1119
555 964
358 572
397 503
914 1340
756 994
413 531
392 612
1027 1182
679 1160
473 509
411 600
1106 1134
650 1536
386 681
460 590
966 1353
759 1284
406 671
422 664
1003 1351
820 1307
423 684
509 582
891 1628
774 1476
376 829
442 678
1113 1242
794 1519
415 734
479 689
1276 1066
982 1229
399 835
463 707
1147 1257
845 1550
499 669
522 629
1229 1223
884 1482
539 631
512 717
1532 1517
897 1461
516 731
483 828
1774 1336
1017 1467
597 679
414 1040
1475 1837
1066 1389
520 801
640 675
1656 1696
1008 1615
526 872
537 887
1534 1839
1009 1616
511 982
600 810
1468 2013
1051 1590
754 656
531 984
1545 1937
1079 1537
569 926
558 957
1713 1942
942 1859
584 907
670 771
1731 1933
1071 1701
607 878
663 813
1584 2149
1047 1768
648 875
613 962
1638 2439
995 1984
761 756
594 1065
1592 2598
1110 1778
692 905
645 1030
1903 2119
1081 1885
661 1001
686 992
2189 1935
1209 1715
741 938
917 768
1896 2378
1281 1694
647 1234
773 989
2106 2250
1153 2154
733 1046
806 959
1751 2986
1239 1941
839 924
705 1164
2111 2592
1262 2121
682 1227
785 1051
2146 2639
1338 1916
716 1151
949 842
2177 2646
1313 2035
637 1463
883 941
2420 2366
1305 2123
823 1034
737 1238
2084 2859
1288 2521
770 1171
997 893
2267 2757
1341 2334
743 1283
939 991
2628 2420
1353 2295
798 1213
932 1023
2454 3238
1497 2070
810 1248
778 1310
2639 3046
1511 2084
768 1344
805 1318
2453 3560
1500 2234
940 1081
816 1291
2469 3551
1585 2190
1146 889
916 1116
2224 4074
1433 2560
793 1422
888 1231
3126 3498
1425 2584
868 1309
890 1314
3079 3612
1476 2573
969 1161
877 1408
3252 3352
1554 2572
944 1341
828 1730
2998 3959
1860 2105
1092 1168
935 1464
1491 2766
1214 1112
965 1531
1628 2506
1007 1474
1091 1364
1615 2534
976 1569
1006 1514
1902 2103
1090 1397
994 1555
1897 2165
1037 1501
963 1635
1488 2920
1015 1578
1123 1442
1460 3069
1013 1693
1237 1299
1618 2801
1222 1356
1062 1725
1720 2649
964 1921
1232 1434
2010 2211
1131 1673
1087 1775
1710 2780
1192 1576
1135 1732
1856 2553
1120 1756
1021 2031
1968 2434
1132 1786
1139 1816
1715 2878
1050 2080
1253 1667
1594 3165
1217 1719
999 2320
1867 2665
1036 2235
1318 1580
1769 2825
1138 1981
1372 1552
1941 2558
1397 1533
1287 1746
1691 3191
1259 1896
1248 1972
1794 3037
1246 1992
1144 2398
1743 3234
1395 1791
1548 1713
1784 3177
1247 2409
1370 2019
1753 3265
1509 1809
1606 1717
1792 3185
1182 2748
1490 1887
1827 3157
1398 2226
1851 1672
1949 2893
1467 2115
1738 1792
1620 3711
1614 1953
1559 2072
1946 2999
1300 2868
1549 2224
2098 2775
1556 2313
1683 2145
1700 3699
1408 2750
1652 2276
1986 2998
1783 2114
1551 2542
1972 3078
2014 1856
1692 2310
1921 3196
1544 2602
1698 2339
1891 3322
1522 2738
1604 2590
2358 2450
1474 2853
1852 2188
1935 3262
1643 2586
1763 2369
1919 3346
1668 2564
1739 2416
2087 2976
1916 2147
1755 2462
2125 3121
1438 3231
1943 2228
2078 3328
1516 3025
1699 2707
2187 3013
1484 3128
1885 2376
1886 3784
1786 2629
1832 2571
2073 3392
1821 2614
2033 2264
2067 3453
1920 2467
1627 3007
2201 3084
1705 2865
1651 2977
2182 3197
1805 2762
1718 2895
1917 3952
1956 2522
1947 2688
2110 3485
2011 2617
1788 2965
2231 3207
1766 3056
1757 3097
2113 3769
1760 3112
1830 2988
2260 3483
2057 2673
1791 3137
2211 3608
1817 3228
1716 3482
2239 3574
2140 2640
1909 3064
2315 3416
1995 2925
2044 2921
2368 3404
1918 3209
1962 3314
2115 3976
2097 2978
2278 2691
2283 3615
2244 2744
1873 3604
2272 3681
1926 3467
2168 2906
2296 3731
2629 2406
2027 3367
2401 3580
2199 2917
2171 2974
2869 2933
2282 2812
2167 3129
2290 3864
2567 2672
2302 2932
2063 4080
2631 2678
2037 3712
2489 3758
2135 3421
2210 3355
2495 3767
2122 3555
2560 2857
2721 3479
2172 3473
2522 2922
2378 4031
2321 3227
2427 3062
2525 3927
2642 2833
2480 3012
2927 3939
2232 3438
2065 3906
2985 3994
2238 3456
2150 3688
3263 3835
2251 3449
2332 3305
3652 3808
2243 3470
2225 3509
2923 2607
2325 3343
2184 3774
2580 3174
2403 3495
2559 3298
2539 3326
2650 3172
2915 2828
2217 3885
2526 3377
2534 3351
2465 3494
2446 3553
2519 3487
2709 3255
2536 3609
2784 3303
2496 3777
2297 4047
2441 3954
2841 3363
2802 3457
2492 3955
2687 3708
2728 3721
2771 3730
2611 3973
2925 3565
2693 3984
3010 3573
2858 3805
2899 3790
2862 3860
2996 3673
3139 3476
2978 3771
3257 3462
2984 3894
2971 3929
3355 3514
3334 3743
3231 4038
3475 3834
3719 3996
4061 3951
332492770 1162772251
1
sift 1296
4 3
63 70
5 5
107 119
225 201
7 10
25 24
105 106
20 21
147 138
241 224
24 28
64 68
104 108
37 40
209 230
282 269
43 50
116 93
115 114
46 54
302 330
360 327
48 59
120 126
163 132
58 65
481 383
519 459
68 69
220 175
200 196
62 74
568 534
579 455
65 78
260 243
214 206
74 79
711 676
517 500
73 105
296 302
259 252
96 102
865 737
531 484
106 100
342 280
294 289
101 109
908 848
555 504
98 111
334 301
310 288
112 107
1096 908
703 409
121 116
426 366
328 294
129 122
1076 1004
626 589
125 123
546 438
361 300
133 131
1109 1097
673 642
136 133
635 436
482 364
130 147
1160 1151
774 654
148 130
616 491
464 388
166 129
1476 1123
749 700
145 152
598 511
436 414
154 155
1882 1245
718 746
160 166
599 532
474 435
171 167
1671 1585
771 706
165 173
675 485
503 432
203 151
1455 1891
1009 820
178 170
527 686
505 495
191 159
1662 1696
982 860
188 174
723 507
518 493
197 185
1843 1857
1081 1000
194 193
601 664
545 483
208 177
2005 1817
1110 975
201 188
677 637
602 553
189 225
1930 1911
1212 982
211 204
657 678
679 536
229 197
1871 2179
1228 1013
202 212
688 669
650 567
219 208
2084 2047
1159 1141
206 217
538 906
619 612
223 209
2051 2234
1288 1158
196 244
708 685
656 577
231 227
1895 2504
1341 1183
242 231
712 779
714 630
234 247
2487 2346
1290 1301
248 234
875 729
739 606
268 226
2623 2507
1313 1287
287 229
914 704
759 716
276 249
2581 2734
1333 1315
266 265
866 838
777 730
278 266
2767 2804
1325 1361
289 273
882 823
820 720
286 282
3002 2678
1353 1349
315 263
906 822
756 808
321 279
2456 3313
1393 1457
329 274
1027 850
845 752
288 321
3541 2416
1497 1421
307 314
1028 918
884 739
320 343
2565 3479
1491 1440
371 295
1003 1020
974 725
358 324
3199 3146
1301 1868
369 323
1174 947
897 827
386 320
3508 2924
1715 1365
412 304
1078 1106
913 831
399 336
3151 3505
1601 1484
340 408
1276 941
1129 705
387 349
3453 3521
1386 1798
374 368
1240 1058
942 895
395 341
3790 3600
1585 1533
397 339
1018 1363
1047 880
378 363
4200 3406
1563 1587
384 360
1229 1234
995 933
488 292
3691 3988
1602 1726
392 357
1440 1107
1153 833
415 354
3627 4182
1674 1772
422 355
1475 1174
1008 956
389 405
4333 3852
1860 1594
406 386
1366 1346
1071 904
443 373
4349 4007
1743 1729
470 356
1385 1425
1051 927
452 382
1670 1916
414 410
1751 1172
975 1108
431 404
1815 1815
439 401
1352 1494
1311 842
416 423
1945 1704
449 397
1584 1404
1175 1014
427 448
1877 1912
458 424
1468 1607
1209 987
484 406
1935 1906
508 399
1545 1522
1207 993
446 467
1784 2088
465 463
1550 1756
1100 1155
490 451
2050 1801
534 394
1903 1646
1173 1128
453 482
1921 1934
483 464
1774 1887
1262 1050
566 390
1718 2175
403 543
1940 1705
1239 1198
515 427
1964 1962
472 474
1896 1770
1151 1335
454 499
1972 2002
645 359
1377 2579
1309 1170
499 462
1986 2083
529 441
2229 1510
1305 1292
438 544
1917 2248
522 472
1937 1978
1411 1216
589 426
2201 1958
520 496
2106 1842
1338 1284
516 502
2125 2092
512 503
2586 1566
1433 1302
557 477
2215 2137
539 490
2035 2243
1421 1373
526 510
2041 2435
647 422
2733 1995
1594 1259
471 604
2235 2224
573 515
2224 2441
1415 1424
563 529
2182 2295
493 619
2165 2617
1862 1168
594 531
2115 2438
608 533
2469 2353
1526 1389
597 548
2239 2302
637 514
2633 2244
1500 1453
588 564
2290 2341
593 565
2454 2447
1477 1584
613 556
2275 2388
648 522
2816 2241
1667 1413
628 550
2355 2456
607 581
2656 2410
1700 1417
582 624
2263 2613
629 570
2795 2432
1749 1376
550 667
2574 2411
617 592
2420 2900
1511 1649
612 601
2533 2534
632 596
2639 2706
1554 1569
665 557
2531 2552
595 636
2744 2685
1460 1825
642 591
2463 2656
591 650
2960 2542
1615 1647
631 629
2564 2566
663 587
2886 2861
1618 1654
590 673
2572 2569
748 539
2998 2777
1838 1449
524 805
2917 2371
651 626
2951 2901
1521 1990
661 628
2766 2626
680 608
3396 2790
1720 1757
705 616
2711 2739
686 632
3864 2551
1710 1783
670 655
3152 2335
758 594
3126 3331
1902 1604
795 569
2763 2749
606 801
4073 2636
2010 1521
818 590
2720 2890
618 815
3445 3038
1747 1794
692 707
3032 2776
728 690
3319 3233
1623 1951
793 657
2878 2960
806 660
3401 3208
1560 2049
741 711
2952 2916
780 679
3811 2981
1856 1724
836 647
2751 3154
770 697
3371 3292
1769 1844
778 718
3149 2920
754 748
3819 3079
1891 1712
885 643
3071 3033
828 702
3583 3383
1928 1700
842 691
3245 3031
805 735
3340 3712
1970 1674
740 806
2715 3745
877 674
3882 3365
1867 1788
957 627
2898 3529
798 765
3659 3782
2023 1641
812 758
3052 3337
927 653
3337 4213
1897 1763
841 759
3089 3318
768 839
4048 3587
2430 1355
819 795
3104 3502
824 794
3978 3711
1794 1941
823 799
3241 3323
816 812
4034 3922
1827 1914
855 784
3063 3610
1059 638
3898 4069
1753 2035
869 792
3290 3509
743 914
4190 3799
1941 1824
844 818
3753 3168
809 898
3901 4176
1968 1838
1026 714
3518 3372
888 836
4207 3954
1735 2116
872 855
3324 3578
1172 641
4358 3775
2038 1812
949 789
3354 3621
839 925
3895 4291
1518 2440
936 817
3494 3598
1014 770
2073 1835
1043 761
3438 3802
940 837
1820 2115
969 814
3563 3825
911 859
1878 2071
939 846
3553 3845
917 867
1886 2084
919 875
3835 3730
890 932
1919 2053
937 862
3953 3768
1002 835
2157 1778
878 958
3733 4096
963 858
2211 1741
920 916
4140 3776
925 923
2046 2003
832 1079
4249 3728
1034 843
2174 1813
1015 872
4144 3882
910 979
2087 1943
976 929
4082 4134
990 922
2012 2100
999 917
4243 4047
944 965
2110 1999
932 981
4187 4154
930 1017
2320 1805
1063 893
4355 4032
968 984
2063 2123
984 968
4287 4127
863 1179
2187 1994
993 971
4224 4188
1013 962
2066 2165
916 1066
4302 4164
1053 931
1787 2586
992 998
1062 939
2490 1819
1007 992
1144 871
2221 2034
1001 1026
1041 1002
2078 2235
1072 960
1011 1034
2142 2158
943 1125
1037 1036
1990 2529
1087 986
998 1086
2416 2074
1090 1047
1045 1101
2296 2180
1149 976
1050 1092
2114 2395
954 1197
1289 864
2468 2119
1445 793
1123 1063
2315 2216
1243 943
1450 811
2260 2356
1248 964
1092 1146
2159 2526
1135 1100
1193 1053
2377 2280
1138 1131
1245 1019
2452 2286
1024 1278
1192 1096
2498 2265
1133 1206
1258 1074
2367 2414
1120 1247
1150 1231
2479 2364
1388 969
1104 1303
2523 2350
1233 1148
1254 1142
2401 2463
1299 1095
1165 1261
2495 2387
1232 1189
1252 1177
2231 2695
1205 1236
1273 1159
2609 2333
1146 1360
1118 1391
2592 2376
1317 1145
1271 1218
2298 2718
1268 1243
1179 1358
2385 2643
1355 1196
1702 1016
2649 2394
1247 1388
1266 1422
2489 2538
1163 1663
1384 1281
2397 2701
1438 1249
1367 1319
2669 2445
1380 1314
1636 1140
2665 2514
1351 1348
1404 1293
2525 2682
1132 1865
1444 1279
2635 2560
1354 1367
1551 1246
2662 2590
1188 1797
1389 1386
2500 2747
1287 1554
1370 1402
2660 2625
1358 1469
1464 1354
2749 2509
1481 1345
1395 1446
2721 2570
1408 1419
1398 1492
2731 2627
1562 1341
1493 1396
2585 2808
1537 1380
1473 1475
2358 3036
1454 1503
1509 1448
2588 2835
1430 1579
1514 1511
2691 2755
1502 1530
1391 1749
2823 2622
1539 1518
2016 1220
2837 2727
1524 1560
1490 1633
2880 2692
1668 1451
1607 1508
2854 2833
1567 1551
1513 1635
3110 2700
1705 1436
1610 1524
3263 2545
1699 1463
1467 1733
2942 2891
1492 1699
1842 1378
3248 2593
1559 1637
1579 1630
2674 3241
1474 1781
1617 1605
3108 2844
1570 1665
1697 1540
2927 3027
1556 1688
1632 1638
3403 2571
1544 1737
1643 1636
2608 3409
1692 1574
1745 1515
2840 3159
1683 1598
1772 1505
3155 2954
1596 1684
1698 1618
3073 3099
1707 1600
1746 1550
3017 3197
1435 1963
1614 1708
3021 3205
1740 1595
1763 1591
2985 3257
1645 1727
1686 1682
3661 2724
1604 1769
1658 1722
3212 3063
1682 1706
1452 2015
3161 3153
1624 1796
1448 2054
3322 3011
1805 1621
1732 1698
3282 3053
1484 2014
1722 1720
2997 3464
2018 1445
1687 1780
3249 3180
1756 1701
1790 1677
3203 3272
1654 1831
1664 1821
3343 3151
2045 1452
1694 1800
3269 3255
1808 1678
1752 1759
3995 2826
1547 2011
1791 1732
3297 3316
1599 1965
1788 1752
3352 3263
2160 1393
1786 1767
3217 3617
1588 2004
1728 1833
3490 3298
1900 1660
1651 1977
3625 3256
1757 1848
1528 2132
3487 3360
1730 1922
1799 1845
3265 3672
1927 1723
1652 2051
3382 3605
1716 1981
1754 1935
3980 3224
1932 1731
1648 2070
3677 3606
1847 1847
2009 1679
3874 3487
2014 1673
1766 1947
3936 3433
1817 1902
1830 1899
3499 3830
1619 2126
1789 1949
3425 3910
2096 1615
1943 1775
3385 3986
1873 1883
2319 1434
3560 3930
1606 2176
1936 1810
3301 4189
2061 1709
2130 1623
4083 3444
1855 1970
1953 1859
3573 4001
2121 1667
1839 2019
3920 3689
1880 1983
1909 1950
3243 4312
1397 2769
1889 2018
3693 3960
2423 1495
1995 1918
3900 3756
1885 2045
1783 2154
3941 3739
1991 1952
1759 2197
3598 4079
2013 1945
1832 2148
3766 4020
1999 1987
1918 2061
3930 3853
2027 2001
1850 2168
3546 4245
2384 1666
2092 1993
3816 4062
1961 2142
2183 1896
3739 4270
1916 2188
2168 1921
3991 4103
2070 2062
1944 2192
3971 4128
2184 1936
2256 1874
4284 3875
2031 2135
2022 2145
4129 4036
2173 1974
2011 2174
4251 4021
2129 2039
2176 1986
4155 4186
2020 2177
1913 2294
4342 4309
2139 2048
2167 2068
2082 2207
2598 1786
1761 2702
2171 2122
2074 2272
1907 2460
2702 1785
2464 1954
2190 2169
2033 2412
2152 2221
2392 2036
2195 2200
2247 2153
1869 2732
2140 2304
1912 2673
2099 2379
2220 2222
2037 2518
2328 2149
2246 2215
2280 2193
2217 2253
2237 2266
2376 2181
2307 2231
2105 2525
2238 2347
2243 2358
2225 2383
2327 2298
2150 2528
2697 2086
2736 2072
2240 2453
2470 2261
2343 2355
2230 2496
2322 2389
1899 3078
2439 2328
2462 2312
2425 2352
3116 1882
2179 2646
2549 2263
2321 2451
2104 2818
2422 2377
2492 2326
2302 2482
2449 2367
2545 2303
2834 2110
1893 3201
2289 2575
2278 2599
2297 2574
2448 2427
2619 2300
2406 2467
3293 1879
2558 2378
2530 2397
2180 2841
2365 2589
2444 2498
2551 2405
2488 2450
2340 2623
2244 2758
2465 2494
2458 2503
2427 2558
2467 2521
2548 2444
2451 2564
2480 2535
2482 2550
2519 2506
2504 2536
2421 2647
3062 2121
2599 2469
2436 2650
2372 2712
2383 2733
2784 2345
2559 2594
2596 2548
2716 2429
2447 2719
2859 2324
2426 2795
2591 2634
3001 2256
2526 2726
2678 2577
2424 2840
3049 2260
2471 2816
2603 2722
2756 2565
2374 2952
2494 2838
2580 2772
2750 2612
2499 2870
2693 2704
2777 2642
2806 2620
2797 2633
2650 2796
2366 3084
2202 3301
3163 2307
2613 2866
2908 2543
2631 2899
2862 2648
2668 2880
2597 2942
2737 2803
2501 3028
2249 3329
2870 2667
2828 2716
2774 2785
2803 2766
2809 2765
3105 2455
2478 3108
2696 2913
2381 3234
2835 2791
2722 2923
2197 3599
2817 2851
2687 3001
2567 3112
2758 2959
3057 2649
2644 3073
2707 3037
3033 2708
2785 2963
2818 2941
2874 2884
2914 2872
3014 2780
3667 2281
2937 2878
3069 2763
2765 3081
2885 2948
2935 2896
2945 2897
3037 2845
3118 2757
2709 3174
3114 2761
2518 3404
2655 3250
3128 2760
2842 3044
2857 3024
2560 3374
2932 2973
2728 3194
2986 2940
3064 2888
2843 3097
2553 3438
2754 3207
2876 3076
3211 2738
2743 3242
2971 3002
2957 3017
3046 2957
3157 2850
2899 3132
3035 3008
3038 3016
2700 3431
2832 3254
2844 3243
3528 2614
3234 2874
2963 3149
3279 2854
3009 3107
3095 3050
2968 3160
3119 3039
3386 2793
2931 3244
3122 3060
3210 2984
3877 2492
2979 3225
2984 3261
3012 3239
3473 2813
3214 3045
2913 3413
2912 3459
3140 3211
3179 3156
3034 3363
3103 3281
3266 3110
2741 3835
3255 3142
2528 4149
2921 3547
3276 3125
2956 3517
3005 3449
3137 3310
3129 3324
3579 2947
2923 3628
2896 3704
2775 3917
3258 3230
2974 3609
3395 3102
3164 3347
3124 3422
2989 3636
2781 3973
3642 2993
3609 3026
3370 3190
4126 2721
3010 3699
3125 3569
3092 3625
3228 3446
3318 3391
3746 3085
3232 3510
2939 3951
3442 3299
3330 3466
3497 3306
3592 3258
3765 3166
3359 3476
3420 3457
3641 3378
3417 3575
3053 4133
3230 3869
3437 3581
3348 3697
3492 3555
3321 3752
3465 3603
3451 3626
3378 3723
3657 3463
3477 3634
3686 3454
3828 3354
3390 3783
3533 3656
3755 3465
3251 4009
3454 3725
3903 3338
4159 3170
3771 3468
3538 3678
3471 3751
3603 3664
3315 3978
3475 3774
3372 3915
4271 3145
3613 3706
4044 3336
3884 3475
3820 3564
3393 3975
3773 3622
3185 4229
3551 3818
3309 4095
4132 3308
3384 4008
3783 3635
3994 3442
3709 3700
3781 3679
3561 3898
4209 3330
3628 3880
3505 4029
3858 3717
3927 3666
4266 3362
3794 3811
3848 3792
3532 4093
3777 3889
3842 3836
4238 3469
3788 3912
4353 3407
3634 4129
4020 3760
3944 3856
3943 3863
3956 3864
3912 3895
3607 4192
3894 3982
3985 3916
4420 3309
4198 3786
3713 4225
3966 4038
3981 4023
3992 4011
4100 3911
4111 3900
3952 4071
3892 4126
3880 4168
4227 3892
4262 3841
4081 4026
3730 4296
3922 4201
4062 4101
4072 4109
4043 4162
4204 4057
3919 4271
4228 4059
4265 4034
3963 4284
4115 4185
4067 4230
4397 3876
4029 4265
4192 4172
3986 4297
4076 4247
4433 3615
4060 4287
4210 4236
4277 4237
4241 4305
4051 4348
4421 4345
332492770 1339724796
1
sift 76
94 75
86 88
281 237
213 174
233 206
346 221
273 208
319 252
384 231
363 275
447 301
300 577
407 392
605 420
496 404
512 397
680 477
418 468
569 698
847 581
773 533
685 588
902 548
803 541
761 614
740 654
536 898
715 687
990 594
652 767
785 712
962 727
980 686
1006 791
1451 657
1232 745
1665 1018
2345 1348
1764 1044
1989 1364
2351 1617
1821 1553
2057 1419
2736 1862
2077 1466
2332 1423
2800 2506
2325 1537
2286 1615
3655 2089
2044 1885
2519 1717
3513 2200
1955 2353
2995 1679
3210 2420
2611 2009
2466 2149
3066 2560
3092 1903
3019 2007
3262 2575
2925 2101
2978 2111
3298 2828
2889 2229
2624 2439
3418 2815
2629 2442
3648 2817
3924 2712
3909 2703
3839 2814
4209 2915
3908 2984
4338 2919
332492770 1503000354
1
sift 108
228 839
361 1241
50 105
599 1280
41 198
54 140
498 1375
519 1154
62 162
546 2602
98 246
53 213
655 2041
505 1403
80 170
802 2294
101 314
79 184
786 2072
756 1863
86 203
939 1991
128 439
173 276
1027 3020
714 2664
137 462
966 3452
164 395
187 567
1785 1939
759 2489
180 524
1656 2569
231 677
273 537
1468 3695
884 2565
242 748
2177 3002
305 988
319 482
821 3621
315 603
384 691
313 746
1066 2547
363 600
454 757
325 786
1338 3333
404 715
418 1055
493 698
1867 3499
447 914
509 892
605 705
422 1680
512 1298
526 1613
516 1541
597 1417
680 1095
761 1135
534 2185
649 1594
661 1958
670 1975
854 1685
917 1342
773 1729
682 2452
887 1621
883 1655
902 1741
822 1919
737 2370
935 2428
768 2665
969 2167
968 2345
944 2405
1090 2377
1121 1945
1126 2073
1092 2639
1094 2681
1021 3083
1214 2431
1064 3118
964 3715
1087 3209
1259 2777
1015 3681
1144 3232
1703 2459
1351 3186
1395 3078
1622 3655
1407 3112
1370 3420
2602 3480
2033 2817
1692 3669
2726 3296
2141 3608
2629 3792
332492770 1615100174
1
sift 319
116 356
63 162
22 54
104 334
36 47
246 325
225 628
37 133
190 410
41 118
260 420
294 677
48 116
218 577
54 106
256 537
361 938
45 155
242 589
53 145
498 953
505 1045
75 123
280 714
74 137
599 872
519 1040
79 122
266 845
86 134
653 1408
474 1303
80 144
386 1022
98 173
732 1368
525 1159
101 233
406 980
128 319
786 1521
503 1289
137 377
415 1346
164 271
723 1721
603 1175
141 452
462 1504
160 321
762 1603
555 1453
213 257
537 1249
180 426
875 1384
756 1356
187 411
531 1309
221 445
802 1739
656 2026
254 413
607 1190
269 382
856 1729
777 1737
278 437
558 1450
276 516
900 1610
759 1899
271 532
594 1460
313 443
1028 1767
771 2202
319 508
611 1500
340 450
1042 1931
884 1871
363 432
806 1146
327 517
1027 2080
821 2336
316 547
705 1547
300 663
1003 2144
1066 1902
289 712
626 2032
304 686
1106 1972
1081 2145
346 597
743 1851
325 654
915 2672
1071 2261
305 755
816 1754
330 662
1785 1870
1110 2520
407 538
778 2471
307 835
1457 2486
1051 2966
404 616
976 2084
391 651
1655 2319
1281 2439
333 851
1013 2269
454 611
1468 2654
1338 2337
447 704
1120 2243
378 890
1713 2505
1313 2491
418 782
1254 2027
605 601
1532 2801
1305 2703
427 821
1212 2250
509 820
1475 3493
1511 2183
551 784
1159 2426
463 1007
1731 3126
1353 2850
442 1071
1050 3056
522 846
1584 3596
1288 3142
422 1116
1021 3458
499 957
1957 2825
1497 2647
606 774
1237 2626
539 894
1639 3861
1460 2833
512 988
1144 2954
573 847
2177 3033
1585 2709
582 892
1333 2747
516 1142
1896 3789
1341 3413
597 1019
1490 2639
680 886
2285 3712
1500 3074
520 1245
1474 3194
526 1250
2628 3221
1563 3394
622 1078
1408 3382
663 1047
1554 3465
640 1094
1484 3356
670 1041
1488 3753
740 1086
1522 3345
584 1542
1615 3422
534 1806
1698 3076
569 1696
1491 3880
613 1566
1602 3419
912 983
1667 3497
661 1462
1718 3206
917 1028
1867 3091
761 1291
1629 3576
773 1320
1769 3374
742 1448
1643 3571
799 1335
1784 3367
682 1825
1618 3819
925 1221
1688 3845
737 1770
1766 3622
716 1862
1675 3894
898 1339
1830 3604
823 1548
1941 3225
903 1342
1918 3709
883 1401
1968 3401
1011 1224
1972 3607
798 1723
2046 3334
939 1394
1986 3869
810 1803
868 1760
968 1676
984 1659
969 1799
1126 1502
1085 1628
828 2377
944 1895
1031 1797
985 1866
935 2033
1007 1888
1092 1742
888 2298
1205 1511
911 2205
1090 1869
994 2143
1214 1699
1094 2062
1152 1937
1232 1827
1123 2070
1064 2313
1132 2105
1056 2403
1015 2533
1131 2255
1139 2254
1091 2449
1261 1939
1248 2107
1138 2617
1318 2096
1259 2502
1244 2610
1146 2984
1395 2434
1665 2044
2196 1563
1370 2802
1351 3687
2033 2454
1524 3515
1683 3211
1692 3193
1770 3032
2031 2623
1544 3674
1763 3257
1821 3271
1755 3455
1664 3752
1793 3444
2077 3005
1757 3751
1786 3705
2099 2979
2014 3220
1832 3684
2011 3275
1989 3423
2140 3067
1805 3973
2478 2901
2689 2851
2282 3360
2244 3528
2680 3000
2240 3689
2482 3459
2631 3250
2332 3765
2560 3411
2302 3837
2714 3446
2602 3624
2414 3922
2783 3520
2901 3442
3113 3203
2809 3726
2969 3677
3334 3399
2925 3977
3310 3683
3655 3801
332492770 1646429863
1
sift 405
40 36
173 164
48 45
58 58
50 50
363 327
98 105
75 55
73 62
377 383
164 143
78 77
94 75
404 388
315 169
80 79
79 86
493 392
278 224
86 83
126 100
622 541
371 268
144 121
121 142
815 706
427 345
160 133
180 136
848 800
487 398
159 192
187 181
1197 839
378 532
201 172
213 179
1344 1148
591 347
231 188
219 213
1622 1161
496 446
233 220
253 208
1781 1293
564 426
271 227
273 233
1733 1543
573 488
281 239
279 253
2928 2003
597 529
327 225
330 252
3133 2406
704 508
319 267
346 241
3608 2977
680 563
305 304
285 350
3481 3774
649 619
391 266
304 355
4357 3506
698 611
355 311
384 285
917 500
333 359
387 322
879 590
392 395
447 358
646 887
438 415
463 424
819 748
418 461
491 404
925 659
523 380
566 368
740 833
413 520
512 484
1011 828
542 455
543 466
1216 712
516 506
401 658
854 1014
663 401
605 491
984 868
640 550
729 553
955 977
569 737
536 782
968 974
587 770
743 597
1090 937
534 855
724 617
1248 926
803 614
672 744
1165 986
741 680
715 714
1092 1087
773 675
652 808
1383 1028
761 689
716 731
1246 1235
809 655
787 688
1503 1220
1164 511
770 716
1740 1134
737 758
806 710
1728 1304
785 763
829 718
1617 1409
833 771
887 754
1703 1438
912 721
888 788
2014 1508
976 746
990 735
1849 1686
818 932
962 812
2031 1527
944 826
931 846
2141 1621
1133 755
1013 832
1809 1902
932 878
911 919
2171 1735
980 869
1007 891
2244 1793
940 959
991 940
2631 1637
1131 905
1006 1023
2278 1834
1015 1018
1031 1027
2302 1856
1225 903
1050 1073
2482 1788
1232 921
1144 991
2238 2016
1152 1005
1132 1065
2800 1719
1138 1083
973 1318
2478 1855
1360 984
1430 1038
2183 2230
1537 994
1398 1101
2428 1972
1738 942
1782 944
2560 1905
1370 1146
1244 1282
2644 1873
1395 1218
1407 1239
2526 2031
1369 1290
1365 1305
2265 2491
1471 1324
1621 1296
2709 2049
1300 1628
1522 1356
2668 2121
1666 1330
1443 1551
2212 2579
1783 1316
1525 1546
2809 2120
1845 1343
1492 1634
2765 2317
1786 1407
2099 1264
2672 2502
1692 1590
1544 1736
3103 2346
2345 1240
1401 1929
3334 2160
1961 1486
1742 1672
3251 2235
1821 1638
2011 1491
3699 2032
2057 1471
1850 1643
3721 2347
2524 1274
2161 1414
3475 2547
1770 1760
2065 1516
3533 3006
1999 1587
1989 1616
4223 2741
1879 1753
1829 1814
3859 2960
2135 1564
2027 1742
3744 3063
2077 1702
2082 1748
3647 3225
2325 1563
1909 1887
3540 3470
2257 1667
2243 1692
4040 2989
1873 2068
2167 1805
4120 3484
2501 1651
2444 1711
4033 3689
2044 2005
2332 1771
4299 3485
2494 1732
2286 1838
4338 3699
2150 1969
2172 1939
2343 1839
2225 1907
2351 1852
2210 2024
2409 1898
1955 2527
2465 1903
2441 1943
2374 1991
2885 1761
2130 2411
2519 2021
2521 2027
2446 2116
2407 2177
2199 2440
2176 2507
2603 2036
2414 2244
2783 1941
2548 2173
2480 2261
2466 2306
3027 1870
2757 2096
2714 2164
3014 1926
2946 1981
2843 2078
3128 1893
2753 2185
3113 1901
3092 1920
2611 2337
2602 2382
2841 2195
2675 2396
3019 2084
2814 2281
2624 2485
2629 2534
2771 2429
3124 2127
2995 2255
2868 2395
2818 2475
2932 2389
2978 2349
2436 2845
2889 2500
3050 2356
3081 2329
2807 2624
2969 2508
3060 2477
2804 2703
3258 2302
2945 2619
2899 2688
2925 2673
2988 2712
3672 2189
2862 2820
3046 2698
3730 2223
2914 2867
2972 2840
4085 2088
3309 2577
2625 3365
3310 2588
2817 3096
3066 2828
4052 2191
3232 2749
3454 2582
3668 2551
2858 3384
3080 3055
3513 2694
3655 2620
3102 3068
2857 3603
3662 2729
3480 2859
2702 3935
3956 2631
3694 2803
3379 3118
3781 2826
2959 3793
3298 3267
3656 2956
3712 2931
3307 3396
3774 2932
3262 3528
3839 2954
3944 2883
3491 3245
3465 3266
3814 2983
3853 2971
3858 2999
3869 3013
4109 2849
3872 3029
4076 2909
3908 3053
3846 3136
3366 3676
3418 3609
3822 3176
3653 3400
3663 3389
3599 3469
3938 3147
3279 3870
3992 3161
3965 3207
4027 3135
3736 3511
3818 3505
3665 3686
4050 3277
3746 3818
4069 3658
3982 3758
4376 3363
4004 3871
4015 3856
4241 3745
3939 3958
4428 3759
332492770 1724217577
1
sift 114
226 265
531 522
241 289
283 411
611 528
328 356
436 477
705 584
519 536
555 647
1212 986
776 1006
884 954
1247 1303
1071 836
1047 899
1333 1747
1158 822
1095 904
1912 2611
1228 902
1110 1039
2322 2720
1081 1168
1290 1084
2687 2561
1341 1037
1338 1112
2751 2727
1288 1193
1411 1147
3378 3007
1305 1298
1313 1310
3641 3397
1476 1160
1386 1300
1585 1221
1497 1305
1491 1342
1425 1473
1477 1512
1860 1315
1563 1689
1867 1559
1784 1637
1769 1663
1815 1679
1794 1850
1986 1654
1972 1728
1964 2047
1747 2365
2397 1605
2125 1828
2182 1830
1674 2657
1917 2361
2079 2209
2110 2213
2290 1995
2235 2101
2523 1894
2115 2393
2533 1965
2201 2328
2564 2106
2463 2263
2531 2203
2215 2559
2585 2244
2367 2472
2711 2308
2574 2456
2572 2588
2927 2285
2823 2513
2837 2517
2767 2835
3032 2544
3089 2521
3152 2476
2952 2742
2942 2787
2766 3093
3263 2529
3120 2799
3354 2614
3052 3060
2878 3281
2944 3204
3249 2809
3325 2874
3290 2952
3241 3052
3247 3119
3625 2845
3425 3041
3559 3172
3494 3253
3518 3413
3693 3276
3573 3417
3553 3434
3921 3268
4341 2928
3398 3586
4322 3067
4355 3026
3953 3487
4140 3466
4082 3508
4346 3391
4129 3592
332492770 1735922398
1
sift 629
64 81
63 82
89 77
107 102
260 235
105 107
101 104
104 109
481 253
200 196
112 114
125 118
723 391
226 210
194 193
197 195
599 557
241 239
165 241
229 204
657 864
259 283
202 228
217 213
866 803
294 289
234 219
221 237
1078 999
283 313
211 254
242 244
1229 1076
310 311
287 218
280 276
1751 1020
361 316
266 288
289 299
1455 1445
360 339
307 286
358 342
1468 1919
482 353
386 350
387 354
1843 1847
464 389
369 393
460 374
2106 1675
436 431
449 380
452 390
1940 2151
474 469
406 422
515 346
2816 1795
503 468
422 428
416 470
2733 2047
518 478
454 485
483 472
2177 2546
505 518
647 440
545 480
2224 2517
519 514
539 517
579 475
2664 2498
703 414
589 496
608 499
2581 2597
679 504
558 553
611 513
2586 2629
602 604
594 547
509 655
2229 3020
619 636
588 555
613 590
3079 2547
673 651
686 543
651 567
2951 3170
656 712
607 627
590 656
3401 2889
771 626
718 537
642 664
3364 3201
714 691
661 639
705 592
3819 3385
749 657
659 662
595 747
3898 3327
777 669
758 601
793 645
759 689
670 758
780 678
774 684
778 697
776 706
820 729
745 746
885 692
756 792
681 911
824 765
884 819
798 785
936 703
897 822
743 878
828 811
845 914
855 782
969 709
1051 790
1014 711
911 806
982 836
809 937
940 807
908 904
754 1058
963 802
996 848
768 1061
817 985
942 907
925 934
1209 755
1095 827
1062 851
976 920
1047 876
930 972
993 900
1071 925
890 1094
944 1039
975 1091
1050 964
1013 1041
1081 997
1007 1054
1090 971
1110 968
1146 908
1041 1043
1207 873
1212 886
1073 1052
1076 1065
1087 1088
1008 1149
1175 978
1063 1118
1228 938
1100 1143
1123 1067
1248 930
1160 1109
1069 1145
954 1323
1239 1162
1245 1062
1120 1231
1309 1090
1193 1189
1252 1179
1329 1075
1355 1050
1288 1131
1341 1106
1317 1128
1214 1266
1305 1270
1243 1222
1222 1310
1278 1381
1247 1462
1411 1182
1488 1135
1551 1097
1338 1289
1594 1085
1401 1211
1313 1355
1421 1253
1380 1276
1433 1254
1353 1349
1426 1286
1524 1200
1476 1242
1705 1120
1555 1201
1425 1408
1408 1357
1266 1652
1393 1482
1493 1401
1497 1405
1491 1421
1611 1337
1333 1715
1500 1453
2045 1092
1367 1663
1477 1493
1653 1375
1667 1523
1563 1657
1607 1634
1601 1622
1554 1721
1668 1576
1513 1775
1615 1670
1692 1586
1682 1597
1902 1439
1699 1592
1467 1883
1860 1512
1446 1928
2018 1335
1671 1745
1859 1504
1763 1608
1720 1711
1643 1760
1645 1791
1856 1571
1805 1611
1873 1553
1710 1743
1559 1903
1900 1544
1511 1988
2121 1380
1743 1744
1460 2069
1687 1885
1739 1853
2010 1573
1791 1829
1928 1636
1891 1713
1651 1955
2211 1406
1674 1951
1943 1666
1815 1834
1794 1862
1507 2226
1747 1905
1769 1894
1961 1750
1968 1722
1897 1865
1730 1994
1606 2135
1517 2276
1913 1850
1941 1820
1585 2193
1604 2181
1837 1944
1827 1948
1632 2197
1784 2009
1753 2051
1995 1869
1867 1977
1919 1974
1830 2043
1921 1982
1560 2436
1716 2253
2050 1923
1886 2094
1889 2063
1972 2019
2073 1957
1927 2060
1817 2223
1871 2207
1880 2144
2256 1819
1986 2090
1718 2452
1970 2120
2320 1782
1918 2214
1949 2145
1776 2381
2011 2166
2062 2049
2416 1800
2020 2163
2027 2160
2125 2035
1850 2516
2110 2057
1935 2289
1760 2703
2012 2233
2296 1927
2190 2110
2490 1815
2087 2142
2129 2218
2272 2013
1917 2484
2702 1816
2438 1958
2221 2107
2184 2158
2227 2114
2231 2112
2176 2171
2142 2227
2187 2178
1912 2595
2171 2239
2078 2388
1944 2603
2220 2179
2046 2509
2328 2082
2168 2279
2115 2355
2031 2543
2599 1961
2215 2287
2422 2062
2167 2308
2182 2323
2249 2236
2551 2004
2114 2409
2225 2274
2232 2278
2315 2267
2322 2299
2275 2339
2201 2422
2139 2554
2470 2201
2498 2180
2619 2095
2235 2434
2649 2091
2033 2875
2523 2182
2377 2304
2343 2365
3024 1891
2159 2627
2210 2559
2290 2424
2531 2282
2238 2524
2697 2139
2635 2219
2530 2273
2421 2366
2623 2231
2297 2499
2367 2450
2721 2212
2074 2945
2591 2313
2479 2403
2671 2260
2558 2346
2355 2565
2579 2335
2492 2390
2489 2417
2448 2496
2468 2476
2385 2561
2458 2515
2592 2444
2463 2596
2451 2605
2859 2249
2720 2384
2263 2848
2716 2369
2401 2752
2427 2689
2340 2791
2660 2502
2539 2620
2665 2512
2662 2514
2424 2749
2397 2776
2500 2686
2372 2830
2585 2602
2574 2623
2756 2455
2495 2738
2731 2544
2518 2731
2803 2426
2358 3049
2596 2670
3105 2234
2840 2604
2687 2676
2668 2705
2823 2677
2742 2641
2765 2632
2711 2812
2381 3030
2230 3227
2691 2894
2917 2542
2449 3060
2525 3080
2672 2877
2714 2878
2927 2709
2937 2643
2559 3042
2837 2803
2751 2893
3279 2359
2764 2899
3069 2696
2749 2947
2572 3117
2621 3151
3108 2639
2942 2823
2613 3187
2298 3627
3073 2767
2597 3216
2540 3299
3217 2610
2877 2962
3032 2800
3152 2692
2835 3010
2844 2996
2533 3331
3276 2568
2801 3047
3263 2606
2715 3194
3038 2870
2435 3613
3035 2891
3508 2442
2565 3478
2958 2980
3033 2908
2766 3353
2818 3125
2817 3148
3089 3007
2709 3364
2307 4004
2854 3323
2743 3341
2650 3477
2952 3195
3149 2901
2857 3189
2878 3383
2775 3352
3179 2946
2898 3452
2560 3810
2974 3205
2985 3328
2935 3285
3395 2853
3241 3053
2968 3270
3807 2612
3021 3329
3234 3029
3095 3175
3322 3014
2923 3408
3119 3212
3212 3158
3753 2757
2984 3433
3245 3160
2971 3507
3331 3082
3249 3241
3258 3226
3264 3307
3398 3171
4132 2718
2931 3830
3247 3371
2833 4046
3269 3351
3203 3427
3378 3217
2913 3950
3324 3315
3316 3330
3609 3113
3403 3271
3188 3548
2754 4196
3385 3415
3009 3937
2939 4070
4144 2890
3318 3520
3488 3319
3297 3573
3718 3157
3382 3449
3660 3209
3641 3230
3475 3402
3351 3673
3293 3676
3010 4173
3677 3356
3471 3538
3496 3505
3558 3497
3124 4060
3628 3405
3553 3517
3451 3583
3650 3411
3627 3482
3465 3647
3494 3651
3573 3618
3442 3700
3700 3539
3835 3423
3477 3721
3359 3894
3518 3755
3420 3822
3820 3484
3874 3442
3842 3519
3766 3578
4129 3290
3885 3494
3562 3829
3991 3428
3927 3510
3934 3500
3425 3997
4227 3240
3739 3710
3920 3552
3988 3490
3490 3990
4013 3491
3734 3833
4353 3203
3693 3878
3794 3798
3546 4063
3904 3717
3956 3670
3460 4137
3563 4102
3892 3722
3687 3967
3953 3742
3634 4052
3957 3719
4195 3536
3992 3695
3994 3701
3863 4016
3829 4038
3985 3947
3816 4091
4021 3968
4192 3785
4341 3740
4238 3756
4051 4018
4083 4027
4270 3813
4140 4022
3499 4258
4072 4169
4155 4045
4249 4024
4087 4215
4242 4120
4287 4155
4292 4216
4302 4176
332492770 1923562747
1
sift 1235
184 161
104 108
17 10
62 56
45 50
24 19
220 209
474 505
29 27
69 69
101 99
35 34
246 254
505 485
40 39
74 68
112 103
48 40
260 244
464 539
46 58
83 87
165 148
60 62
344 328
518 624
65 60
150 180
164 167
75 59
599 627
602 573
73 65
178 184
194 165
79 81
546 700
619 563
88 95
286 258
202 188
98 98
634 610
679 767
122 97
377 411
217 204
125 117
689 566
845 803
128 122
508 320
221 203
134 110
616 762
759 896
133 119
431 430
211 224
145 107
723 945
820 862
121 132
457 443
196 257
144 129
861 916
897 977
137 138
460 461
244 211
154 155
900 956
975 984
160 143
470 465
192 314
159 160
915 1033
995 1012
190 150
629 593
276 282
180 158
938 1050
1047 1023
173 168
604 694
289 278
201 146
1028 1096
1066 1011
181 178
639 685
285 286
187 177
1075 1100
1051 1113
234 157
717 709
307 280
170 202
987 1239
1079 1193
222 166
824 695
315 290
213 187
1125 1092
1239 1307
191 252
842 806
358 348
219 227
1042 1202
1185 1368
233 242
898 833
387 331
242 228
1229 1019
1209 1391
208 274
919 840
472 390
203 292
1234 1210
1433 1478
253 232
1024 851
454 417
266 221
1227 1308
1414 1498
284 229
867 992
438 441
271 248
1468 1301
1421 1511
278 246
939 958
449 449
279 247
1240 1574
1526 1429
235 306
1048 941
422 474
273 256
1569 1275
1500 1484
270 270
949 1014
509 406
281 265
1550 1346
1615 1571
327 271
1032 988
664 365
319 293
1439 1419
1488 1741
305 303
1064 991
539 531
346 268
1475 1662
1820 1623
333 283
1033 1028
515 591
325 300
1701 1502
1667 1780
331 295
1094 1045
642 599
349 285
1584 1707
1749 1822
300 346
1197 1039
670 569
306 332
1937 1720
1735 1893
304 338
1344 1223
613 659
391 259
1592 2349
1753 1904
403 266
1294 1297
659 625
329 327
1903 2047
1710 1972
345 309
1149 1467
661 677
290 402
1958 2030
1827 1908
347 316
1384 1316
698 642
363 307
2106 2054
1685 2046
355 315
1372 1404
681 773
373 308
2568 1987
1919 1817
384 311
1404 1376
798 757
369 339
2148 2319
1700 2061
389 326
1658 1418
844 871
368 351
2905 1990
1941 1834
381 350
1707 1539
925 819
495 302
2515 2320
1886 1901
397 355
1647 1734
827 959
378 413
2469 2615
1891 1986
484 337
1711 1746
888 942
390 424
2420 2689
1968 1949
392 422
1684 1772
1146 789
427 382
2285 2960
2187 1827
404 420
1858 1696
1041 917
406 432
2918 2416
2010 2076
456 395
1933 1721
969 985
401 462
2610 2922
2087 2039
418 438
1805 1886
1007 979
453 423
3099 2577
2114 2064
467 416
1752 2053
993 1003
478 405
2604 3172
1778 2715
463 436
2092 2056
955 1086
417 478
3819 2241
1902 2632
415 483
2220 2045
1216 912
442 469
2816 3305
2468 2117
499 440
2383 1960
1063 1047
479 497
2633 3595
2211 2423
522 454
1920 2573
1090 1067
496 484
3511 2670
2489 2173
542 453
2376 2181
1123 1097
541 470
2929 3264
2385 2295
526 500
2580 2474
1204 1125
512 522
3079 3672
2495 2218
443 590
2509 2602
1214 1148
566 475
3340 3499
2221 2509
543 498
2571 2828
1248 1132
516 524
3252 3700
2401 2389
704 383
2689 3288
1252 1227
520 543
3401 3632
2296 2650
591 502
2784 3255
1316 1181
573 517
3659 3388
2517 2448
570 529
3772 3309
1318 1314
595 515
3669 3398
2378 2691
623 494
3426 3655
1246 1425
502 607
3479 3697
2452 2795
554 584
3619 3649
1397 1309
557 582
3729 3662
2174 3138
597 552
3842 3558
1577 1310
605 547
3867 4099
2500 2822
511 662
4152 3508
1493 1583
607 548
4229 3772
2609 2727
588 585
3528 4155
1627 1520
569 609
4194 3896
2660 2694
594 594
4381 3714
1559 1593
818 467
2691 2678
589 635
1604 1554
628 589
2608 2798
647 578
1524 1650
562 689
2749 2695
536 724
1544 1660
663 564
2649 2851
584 671
1652 1565
533 740
2498 3114
622 644
1643 1708
535 761
2731 2945
728 551
1692 1757
640 650
2780 2954
849 512
1808 1657
587 730
2880 2932
534 828
1694 1804
692 621
2985 2850
630 705
1880 1651
680 658
2840 3048
682 665
1848 1736
665 692
2854 3122
645 734
1730 1919
803 587
3661 2451
686 688
2031 1671
652 737
2845 3194
735 653
1898 1809
685 710
3217 2848
729 680
1763 1982
633 822
2822 3356
701 711
2033 1832
672 766
2635 3658
733 702
1893 2020
637 842
2942 3337
724 715
2074 1921
586 928
3385 3045
740 714
1943 2065
741 720
3301 3188
879 613
1913 2152
876 622
3424 3088
885 618
2171 1958
761 727
3110 3464
773 721
1995 2147
720 785
3243 3317
715 795
2009 2213
770 736
3560 3072
716 797
2167 2051
743 764
3998 2832
781 756
2244 2017
760 783
3652 3033
785 786
2470 1969
815 758
3322 3297
809 763
2342 2121
646 966
3212 3504
816 774
2238 2238
851 747
3383 3322
805 790
2299 2188
666 949
3572 3242
768 829
2210 2294
833 780
3343 3496
883 725
2634 2009
822 818
3684 3467
840 816
2340 2206
853 805
4007 3402
810 841
2097 2524
910 745
3546 3940
872 799
2631 2092
829 837
3403 4204
690 982
2139 2574
806 866
3936 3760
917 743
2499 2245
787 902
3930 4121
779 919
2412 2430
800 906
4244 3846
834 887
2427 2428
887 830
4155 4043
902 884
2885 2093
1004 813
916 876
2714 2291
953 849
965 858
2650 2341
980 860
990 848
2448 2548
976 864
795 1034
2559 2441
868 962
968 868
2668 2357
935 899
943 897
2422 2664
793 1057
931 931
2709 2429
911 952
944 947
2621 2536
932 954
836 1089
2591 2717
1001 927
940 967
2964 2435
1013 935
962 980
2775 2646
854 1139
984 986
2834 2596
1011 971
1037 965
2771 2687
895 1114
994 998
2892 2569
991 1001
1039 974
2464 3061
1249 853
963 1061
2803 2819
1015 1027
1006 1031
2724 2977
1034 1022
877 1220
2672 3037
992 1062
1122 969
2746 3003
1031 1059
1045 1044
2971 2805
1050 1054
1131 1002
3061 2741
964 1169
1126 1009
3258 2558
1014 1127
1087 1074
2984 2886
1088 1081
1092 1090
3373 2547
1022 1198
1139 1080
2972 2986
973 1280
999 1282
2756 3231
1062 1211
1165 1110
3001 2984
1036 1281
1053 1256
2926 3082
1049 1285
1144 1180
2963 3084
1226 1103
1138 1230
2754 3360
1238 1119
1205 1168
2974 3136
1166 1218
1222 1176
2765 3513
1232 1182
1137 1303
3234 3019
1195 1247
1296 1134
2844 3509
1254 1215
1360 1083
3164 3213
1242 1234
1273 1206
3179 3211
1275 1207
1243 1245
2986 3540
1348 1123
1132 1365
3338 3137
1115 1392
1271 1268
3088 3503
1266 1290
1133 1414
3069 3568
1399 1151
1430 1179
3721 2980
1327 1294
1192 1452
3163 3429
1287 1351
1408 1254
3359 3244
1236 1462
1244 1460
2923 3949
1528 1217
1184 1561
3228 3515
1358 1345
1150 1658
3621 3217
1486 1279
1370 1356
3919 3123
1666 1192
1418 1334
3442 3501
1398 1353
1369 1385
3475 3479
1537 1295
1706 1197
3443 3545
1395 1375
1365 1415
3738 3321
1538 1319
1407 1403
4033 3193
1300 1624
1474 1424
4071 3222
1413 1494
1431 1508
3437 3836
1770 1328
1419 1533
3771 3564
1375 1614
1383 1630
4271 3226
1376 1644
1436 1559
3718 3731
1522 1493
1428 1599
4014 3457
1606 1449
1484 1552
3700 3811
1462 1594
1443 1628
3791 3728
1875 1339
1471 1596
4060 3453
1536 1545
1664 1465
3330 4254
1637 1490
1567 1538
4040 3598
1740 1432
1621 1506
3745 3925
1617 1522
1782 1438
4292 3414
1525 1632
1632 1534
4139 3693
1351 1879
1529 1648
3789 4168
1516 1699
1855 1440
4276 3895
1823 1457
1607 1615
4081 4190
1401 1876
1759 1515
4365 3918
1732 1529
1698 1602
4238 4206
1900 1480
1833 1532
4295 4208
1728 1641
1699 1685
1555 1808
1766 1652
1908 1527
1492 1956
1845 1603
1703 1750
1416 2063
1654 1799
1597 1862
1786 1700
1742 1751
1757 1747
1683 1825
1613 1888
1809 1731
1961 1622
1830 1759
1885 1701
1716 1878
2057 1576
1799 1826
1821 1801
1866 1781
1817 1839
1813 1846
1829 1833
1733 1939
1347 2505
1936 1755
1445 2300
1883 1811
1879 1853
2105 1659
1844 1924
1850 1925
1839 1947
1551 2224
2011 1789
1918 1870
1800 1989
1754 2035
2014 1816
1956 1859
2168 1661
1599 2221
1916 1915
1910 1926
2070 1783
1442 2541
1924 1929
1999 1884
1987 1906
2103 1787
2099 1790
1989 1920
1988 1922
2524 1521
2044 1927
2133 1806
1962 1984
2077 1905
1873 2135
2537 1580
2037 2012
1909 2112
1826 2226
1884 2162
2191 1865
2203 1877
2082 2023
1705 2473
1901 2202
2027 2106
2116 2005
2278 1871
2259 1899
2140 2015
2325 1864
1788 2485
2252 1961
1993 2208
2365 1918
2154 2086
2144 2109
2217 2058
2548 1856
2243 2059
2314 1994
1831 2603
2150 2145
1955 2408
2332 2027
2567 1900
2149 2192
2297 2067
2222 2163
2237 2165
2102 2328
2088 2367
2458 2052
2199 2250
2257 2198
2380 2116
2488 2055
2225 2234
2183 2286
2372 2133
2343 2151
2172 2323
2302 2199
2478 2114
2655 2024
2227 2314
2409 2170
2197 2374
2522 2144
2176 2454
2240 2376
2465 2182
2308 2306
2403 2242
2018 2838
2562 2161
2130 2612
2697 2099
2321 2351
1997 2916
2421 2292
2962 1965
2534 2212
2492 2266
2494 2289
2318 2444
2501 2285
2441 2340
2542 2262
2438 2355
2414 2426
2359 2475
2265 2604
2256 2634
2519 2366
2526 2356
2374 2495
2560 2337
2482 2436
2195 2781
2444 2481
2566 2358
2613 2334
2928 2134
2516 2452
2446 2527
2521 2466
2406 2586
2473 2510
2467 2515
2539 2455
2603 2442
2466 2581
2503 2525
2480 2575
2694 2402
2738 2384
2551 2550
2783 2333
2879 2267
2541 2580
2729 2431
2451 2703
2602 2555
2611 2554
2702 2491
2055 3311
2596 2609
2915 2301
2753 2484
2624 2608
2777 2463
2797 2459
2687 2616
2690 2633
2436 2904
2293 3020
2558 2779
2312 2994
2496 2867
2800 2544
2728 2636
2831 2535
2798 2583
2529 2878
2678 2725
2545 2871
2995 2404
2757 2675
2882 2517
2735 2706
2642 2829
2543 2942
2785 2712
2814 2696
2867 2648
2804 2723
2701 2866
3084 2464
2629 2937
2841 2724
3014 2556
3201 2380
2809 2807
2606 3006
2806 2817
2599 3009
2853 2769
2850 2774
3092 2522
2903 2733
2774 2921
2532 3131
3027 2644
2957 2721
2815 2897
2946 2750
2889 2834
2818 2924
3113 2619
3000 2714
2968 2760
3400 2372
2716 3047
3019 2742
2817 2979
3056 2738
2977 2821
2704 3109
3103 2709
2899 2926
3009 2810
2484 3374
3010 2843
2908 2953
3013 2863
2671 3203
2935 2935
3034 2857
3416 2470
2932 2952
3320 2567
3451 2461
2988 2919
2925 2978
3125 2792
2978 2938
3173 2735
3167 2755
3139 2808
3532 2482
3302 2653
2983 2992
3213 2787
2914 3076
2366 3863
3081 2988
3191 2890
2969 3081
3049 3021
3193 2906
3831 2438
2688 3461
2945 3135
2737 3397
3124 2987
3039 3091
3060 3079
3046 3099
3454 2718
2864 3319
3133 3051
3095 3100
2856 3351
2937 3259
2858 3364
2876 3347
3066 3159
3310 2939
3114 3116
3102 3140
2593 3883
3068 3214
2989 3300
3309 2985
3699 2716
3381 2947
3926 2622
3318 3014
3132 3239
3355 3000
2959 3440
3115 3287
2825 3719
3311 3092
3946 2684
3232 3168
3262 3167
2843 3757
3293 3148
3420 3029
4037 2704
3122 3394
3105 3433
3210 3303
3407 3128
3411 3132
3384 3150
3379 3156
3503 3086
4085 2736
3603 3030
3231 3334
3418 3155
3441 3173
3314 3308
3279 3393
3491 3207
3251 3498
3707 3121
3307 3430
3514 3253
3285 3487
3675 3154
3476 3290
4064 2946
3614 3223
3119 3810
3533 3283
2857 4257
3237 3640
3473 3335
3298 3556
3539 3318
3822 3141
3036 4019
3655 3281
2828 4363
3315 3631
3544 3383
3578 3357
3834 3187
3608 3344
3672 3314
3033 4163
3480 3476
3629 3392
3814 3268
3455 3554
3730 3342
3702 3367
3561 3492
3185 3987
3421 3639
3599 3489
3244 3960
3496 3610
3694 3416
3656 3455
3465 3659
3701 3446
3662 3497
4052 3218
3589 3618
3869 3373
3509 3712
3369 3887
3653 3580
3504 3725
3709 3527
3858 3451
3839 3483
3853 3469
3755 3574
3650 3699
4146 3266
3482 3879
3472 3892
3909 3447
3832 3538
3734 3664
3781 3619
3736 3677
3665 3748
3944 3471
4254 3240
3550 3915
3540 3946
3758 3723
3430 4059
3989 3535
3786 3759
3762 3803
3571 3989
3908 3643
3966 3606
3846 3735
4120 3460
3880 3715
3973 3635
3859 3755
4210 3412
3649 4004
3825 3840
4230 3423
3654 4026
3938 3738
3956 3729
4098 3593
4178 3523
3872 3864
4070 3652
4029 3695
3962 3776
3939 3826
3774 3998
3596 4197
4175 3591
4091 3671
3794 3995
3965 3834
3931 3874
3881 3934
3992 3818
4231 3578
3634 4227
3884 3972
4076 3768
3981 3901
3833 4032
3683 4196
3985 3916
4167 3709
3818 4078
4049 3852
3746 4184
4069 3860
4137 3796
4027 3930
4415 3370
3922 4045
3982 4015
3642 4360
3809 4258
3820 4262
4042 4029
3886 4225
3664 4376
3943 4179
4109 3992
4260 3857
4301 3821
4004 4176
4294 3853
4111 4040
4385 3698
4163 4018
4067 4131
4066 4133
4095 4147
4050 4217
3868 4346
4216 4068
3894 4373
4107 4229
4228 4118
4273 4086
4015 4326
4115 4281
4305 4106
4147 4300
4241 4232
4317 4138
4376 4035
4100 4384
4299 4294
3885 4432
4332 4344
4174 4414
4398 4264
4421 4277
