362442651 491624696
1
sift 679
161 190
30 24
45 43
41 44
33 23
1128 1167
31 25
75 76
49 45
39 36
1437 1634
42 39
87 100
116 136
66 58
2073 2164
88 86
106 143
149 133
94 101
2641 2603
96 105
143 154
138 145
97 106
101 109
233 238
157 175
111 121
118 158
318 279
218 182
140 152
141 153
343 330
212 196
163 156
144 174
364 369
205 204
130 192
139 188
479 459
186 225
195 187
215 189
577 592
228 206
208 198
225 201
596 654
332 360
193 220
203 223
674 648
309 393
213 229
227 241
655 733
433 399
211 258
242 237
748 711
415 422
197 274
188 284
731 737
474 385
256 235
262 280
735 739
419 432
296 261
291 266
781 818
443 447
287 291
288 290
842 782
503 419
301 289
311 294
824 820
467 448
305 298
306 318
893 924
482 442
316 319
320 316
1039 1009
499 505
285 375
345 301
1143 967
435 650
347 311
361 303
1184 1161
533 534
330 349
363 333
1193 1163
566 518
387 361
392 356
1312 1170
607 484
400 368
373 392
1296 1284
548 558
402 370
383 386
1363 1520
568 582
378 397
412 382
1460 1547
585 595
344 443
421 412
1609 1664
537 724
438 410
456 408
1687 1727
673 560
473 440
478 445
1788 1701
727 639
455 476
465 467
1738 1768
788 685
493 455
487 496
1666 1835
782 985
485 503
593 436
1667 1898
855 961
428 608
505 504
1676 1900
896 929
539 497
520 511
1887 1902
943 896
531 521
546 502
1958 1912
986 878
506 564
501 581
1895 1998
945 1007
543 548
528 597
1864 2068
991 989
571 561
620 513
1910 2056
985 998
581 554
619 530
2367 1826
924 1058
623 547
569 631
2108 2335
1055 1059
589 604
554 678
2423 2229
938 1217
632 594
628 610
3030 1842
1069 1095
578 672
625 647
2002 2875
1003 1246
636 632
614 663
2385 2462
1103 1136
624 657
616 700
2281 2764
1169 1075
669 660
670 670
2746 2522
1155 1091
691 635
747 593
2759 2527
942 1369
652 730
656 721
3099 2539
1097 1209
717 679
839 579
2857 2801
1263 1253
664 743
769 656
2887 2909
1347 1234
707 752
811 671
2907 2932
1151 1434
714 750
784 690
2905 2982
1137 1478
688 769
775 701
2811 3515
1317 1308
721 766
737 755
2947 3344
1251 1380
745 751
760 757
3113 3657
1396 1314
792 758
694 850
3193 3636
1231 1600
740 848
806 823
2933 3920
1480 1356
841 791
808 829
3421 3487
1503 1383
935 720
819 826
3441 3992
1415 1555
803 846
996 723
3463 4063
1474 1488
831 863
818 886
1422 1630
832 899
954 797
1507 1521
917 825
908 834
1596 1558
856 880
874 894
1636 1942
956 875
929 900
1861 1760
909 931
972 872
1689 1905
1029 842
836 1035
1953 1728
875 996
892 981
1917 1828
884 1001
951 932
1771 2061
851 1053
919 982
1925 1920
998 906
959 943
2077 1841
863 1052
915 1013
1950 2039
867 1082
911 1038
2040 1970
1041 934
1031 972
2065 2049
990 1090
1045 1065
2185 1981
1087 1048
907 1299
2145 2014
1066 1115
1026 1180
2495 1833
1171 1084
857 1531
2171 2084
1144 1117
1095 1166
1902 2422
1165 1134
1174 1129
2052 2287
1181 1151
1127 1230
2060 2330
1269 1185
1218 1248
2269 2158
1213 1252
1154 1303
2672 1884
1015 1581
1117 1389
2133 2454
1188 1335
1430 1149
2433 2227
1245 1317
1293 1283
2380 2390
1237 1338
1294 1341
2483 2336
1490 1221
1332 1368
2190 2716
1285 1438
1328 1406
2322 2588
1266 1466
1382 1357
2659 2226
1370 1396
1444 1324
2289 2732
1549 1237
1281 1506
2618 2314
1246 1557
1157 1707
2362 2631
1469 1318
1359 1453
2246 3031
1282 1565
1493 1332
2303 2997
1371 1509
1441 1402
2451 2831
1428 1417
1208 1740
2142 3362
1336 1573
1391 1492
2562 2760
1329 1644
1386 1560
2552 2788
1384 1616
1411 1582
2889 2521
1345 1708
1470 1540
2712 2666
1486 1529
1517 1487
2330 3136
1226 1906
1956 1229
2417 3057
1447 1637
1551 1502
2662 2813
1558 1507
1660 1397
2575 2895
1457 1696
1475 1669
2217 3564
1519 1591
1615 1526
2896 2699
1703 1445
1446 1752
2808 3028
1554 1623
1575 1647
3398 2582
1675 1589
1678 1592
3169 2836
1628 1668
1686 1607
3319 2783
1843 1515
1487 1860
2572 3593
1580 1789
1586 1788
3028 3154
1612 1775
1720 1688
3352 2937
1664 1742
1723 1731
3077 3234
1617 1812
1727 1750
2962 3381
1616 1834
1732 1759
2960 3467
1567 1925
1607 1869
3544 2637
1572 1944
1753 1783
3135 3470
1736 1800
1716 1819
2942 3810
2126 1546
1685 1882
3066 3770
1557 2064
1803 1802
3384 3361
1712 1903
1639 1991
2988 3895
1789 1830
2220 1574
3424 3384
1718 1946
1613 2095
3133 3799
1809 1910
2030 1772
3333 3587
1605 2241
1847 1978
3451 3436
1898 1937
1966 1872
2939 4251
2162 1771
1934 1951
3486 3664
1886 2002
1909 2004
3332 4150
1868 2057
1824 2111
3469 3978
2089 1870
1933 2010
3541 4033
1990 1984
2114 1899
1841 2159
1941 2043
1935 2046
2046 1966
2391 1758
1770 2271
1635 2510
2331 1791
2067 1971
2008 2085
2375 1821
2028 2078
1799 2353
2043 2072
1998 2127
1906 2242
2387 1829
2131 2021
2353 1851
2024 2119
1786 2449
2038 2128
2055 2123
1984 2217
2146 2077
1872 2411
1710 2680
2022 2239
2017 2254
2200 2080
2047 2245
2121 2166
2093 2220
1997 2357
2344 2025
1978 2440
1782 2745
2184 2230
2300 2175
2123 2476
2158 2446
2064 2568
2352 2257
2293 2325
2039 2746
2420 2322
2235 2543
2327 2472
2368 2457
2544 2234
1994 2896
2276 2630
2706 2173
2469 2399
2589 2276
2481 2432
2476 2437
2214 2774
2291 2693
2358 2594
2506 2453
2411 2577
2464 2505
2726 2266
2671 2301
2492 2513
2660 2376
2758 2305
2482 2584
2359 2762
2528 2558
2406 2757
2461 2661
2557 2542
2609 2506
2603 2517
2453 2704
2565 2549
2229 3085
2623 2601
2199 3160
2534 2736
2443 2856
2715 2561
2977 2445
2776 2648
2566 2837
2836 2642
3045 2523
2761 2747
2710 2795
2814 2724
2852 2714
2414 3203
2466 3087
3223 2483
2843 2772
2670 2901
2890 2735
2576 3003
2398 3350
2777 2834
2740 2876
2454 3245
3126 2616
2456 3292
2643 3060
2545 3230
2985 2827
3047 2797
2731 3049
3434 2494
2879 2928
2730 3064
2953 2884
2695 3132
2842 3009
3023 2913
2683 3198
3006 2941
2608 3351
2651 3300
2744 3182
2753 3172
3007 2962
3014 2976
2775 3176
2403 3867
3136 2917
3042 2990
2606 3465
3324 2780
2938 3100
3098 3008
2974 3103
3468 2683
3168 2964
2716 3437
3012 3110
2982 3174
2961 3211
3087 3115
2830 3383
3358 2881
2831 3396
2955 3272
3237 3030
2893 3365
2970 3287
3044 3222
2900 3378
2656 3700
3109 3169
2952 3318
2792 3569
3068 3267
3146 3186
3408 2939
3209 3159
3162 3238
3369 3016
3268 3111
3314 3067
3246 3155
3431 2958
3315 3084
3368 3054
2585 3995
2718 3852
3155 3407
3173 3389
3330 3192
2941 3696
3187 3461
2966 3723
3116 3570
2883 3834
3309 3321
2725 4069
2822 3939
3226 3521
3021 3797
3238 3545
3183 3710
3355 3475
3206 3769
3157 3942
3351 3675
3427 3562
3481 3500
3294 3813
2951 4205
3298 3862
3312 3865
3386 3768
3067 4207
3403 3860
3182 4167
3392 3955
3542 3394
3376 4077
3334 4173
3443 4163
3231 4291
3347 4288
362442651 768479201
1
sift 555
161 223
1192 1502
30 27
123 156
41 49
31 31
1128 1141
2981 4137
39 39
233 264
46 44
42 38
1177 1280
49 55
343 410
77 104
53 69
1234 1454
66 68
364 444
116 171
78 94
1511 2013
88 109
453 556
157 184
97 132
1640 1887
101 129
577 676
218 206
122 133
1426 2548
111 146
596 674
205 245
113 166
2073 2299
118 180
655 821
212 265
130 181
2107 2368
143 174
731 833
309 412
140 183
2641 2349
139 185
781 885
332 409
144 199
2699 3937
141 212
895 1079
395 497
163 194
3322 3330
213 202
1143 892
454 470
227 196
3011 4310
188 217
1232 1492
474 459
215 218
3444 4051
208 238
1306 1558
433 501
195 261
3449 4510
254 216
1296 1692
435 504
217 250
197 313
1855 1181
415 538
242 252
256 266
1506 1431
451 518
262 277
225 366
1363 1762
467 553
238 328
296 290
2002 1489
533 568
306 294
301 326
1788 1677
503 681
285 359
311 338
1666 2039
566 632
287 370
357 300
1910 1947
547 717
347 353
327 373
1887 2154
607 734
316 396
317 400
1895 2369
585 763
304 423
363 358
1864 2425
727 651
361 374
321 421
1958 2418
678 733
373 384
345 420
2367 2106
674 757
330 440
392 469
2095 2377
788 814
402 462
393 493
1965 2654
735 881
383 546
456 492
2281 2379
748 906
421 537
428 551
2423 2802
855 1075
473 507
443 549
2811 2485
896 1142
438 561
465 524
2887 3165
986 1049
478 532
499 513
3029 3074
1003 1047
593 448
442 586
3282 3532
938 1105
455 587
501 570
3178 3709
987 1068
485 594
505 580
3082 4128
991 1198
506 583
493 613
3441 3694
924 1394
539 602
543 599
2857 4454
1039 1243
487 684
531 630
3193 4354
1069 1249
581 616
549 662
1055 1329
554 661
615 625
1109 1269
568 697
619 638
1097 1374
571 722
623 664
1184 1252
616 670
528 808
1148 1485
620 707
632 700
1193 1453
569 778
570 800
1263 1389
600 753
625 762
1137 1649
589 812
628 786
1284 1425
664 767
707 725
1311 1452
689 782
670 826
1151 1733
669 831
717 804
1317 1509
714 840
688 857
1169 1796
797 783
740 891
1508 1399
693 967
808 846
1480 1613
759 924
803 889
1357 1832
745 963
818 895
1396 1784
775 960
737 1022
1507 1623
806 974
691 1132
1259 1986
841 964
769 1112
1333 1934
875 996
863 1038
1609 1569
884 1005
954 936
1474 1781
892 1007
908 993
2060 1371
733 1244
874 1046
1687 1703
945 969
994 947
1416 2130
832 1134
831 1139
1529 2005
972 976
857 1148
1596 1964
929 1067
911 1101
1644 1954
951 1066
959 1070
1676 1968
919 1124
988 1055
1689 2023
867 1261
943 1169
1738 2055
915 1218
1026 1095
1771 2100
998 1131
985 1168
1917 2332
1043 1170
956 1337
1879 2540
1087 1163
1045 1229
2143 2246
926 1524
1029 1469
2031 2833
1157 1309
1168 1306
2269 2563
1181 1318
1218 1305
1954 3045
1165 1377
1293 1268
2190 2761
1213 1350
1110 1514
2322 2612
1171 1429
1144 1546
2171 2820
1347 1316
1430 1312
2495 2481
1237 1547
1281 1574
2328 2755
1382 1468
1336 1559
2472 2731
1251 1681
1370 1628
2308 3125
1208 1855
1269 1757
2185 3333
1381 1615
1332 1722
2385 3129
1411 1634
1282 1831
2362 3279
1270 1843
1575 1436
2552 2968
1285 1856
1441 1711
2280 3443
1197 2064
1703 1500
2759 2848
1446 1837
1457 1838
2323 3522
1475 1808
1444 1857
2794 2917
1487 1842
1397 2002
2672 3036
1525 1873
1809 1604
2365 3578
1418 2084
1685 1754
2523 3292
1558 1900
1586 1892
2808 2996
1422 2138
1617 1869
2330 3706
1493 2025
1391 2203
2264 3964
1329 2403
1615 1965
2810 3217
1949 1667
1727 1864
3093 3037
1612 1992
1716 1910
2907 3212
1519 2125
1639 2009
2960 3242
1664 1994
1628 2031
2905 3444
1723 1944
1554 2133
3004 3457
1428 2396
1789 1905
2962 3502
1606 2127
1557 2212
3169 3403
1861 1923
1736 2021
2662 4202
1569 2207
1616 2148
3397 3350
1607 2176
1803 1999
3022 4096
1712 2116
1567 2317
2886 4350
1782 2054
1678 2189
3544 3181
1580 2343
1886 2019
3541 4027
1572 2389
1843 2102
3550 4343
1966 2109
1658 2486
1996 2112
2140 2069
1990 2198
1635 2724
2146 2120
1770 2510
2058 2187
1799 2500
1786 2532
1841 2467
2193 2114
2158 2170
2375 2040
1896 2452
1726 2752
2046 2311
1868 2557
2059 2320
2065 2328
2055 2344
2008 2404
2093 2324
1939 2511
1909 2560
1978 2502
2387 2162
2040 2515
1962 2617
2420 2164
1872 2808
1710 3070
2105 2519
2028 2611
2162 2479
2121 2568
1935 2830
1941 2860
2134 2739
2276 2572
2506 2321
2184 2713
2395 2488
1971 3010
2044 2936
2214 2754
2172 2815
2234 2759
2454 2466
2291 2710
1998 3110
2043 3063
2048 3097
2124 3009
1898 3449
2300 2853
2380 2786
2293 2896
2406 2766
2013 3308
2443 2744
2344 2874
1933 3558
2469 2750
1825 3925
2224 3237
2670 2729
2456 3025
2274 3363
2557 2898
2481 3022
2776 2741
2642 2866
2476 3083
2618 2901
2128 3751
2848 2817
2461 3225
2440 3284
2368 3483
2451 3347
2589 3142
2459 3408
2576 3203
2726 3062
2883 2952
3157 2781
3045 2862
2634 3239
2354 3762
3003 2948
2973 2977
2775 3157
2411 3746
2695 3334
2744 3299
2890 3139
3050 3030
2656 3412
2879 3215
2715 3432
2985 3183
2974 3220
2830 3373
2466 3968
2643 3634
3014 3251
2358 4221
2562 3800
2665 3683
3187 3138
3077 3262
2731 3611
3146 3213
2975 3367
3209 3171
2777 3591
3087 3317
2955 3428
2712 3728
3047 3379
3185 3270
3067 3378
2533 4083
2732 3796
2814 3697
3000 3506
2836 3715
3012 3553
2710 3909
3010 3576
3079 3527
2544 4374
3355 3410
3002 3857
3109 3759
2822 4155
3211 3737
3116 3863
3358 3564
3007 4036
3133 3897
3098 3972
3086 4003
3162 3926
3334 3818
3427 3739
3048 4426
3443 4178
3481 4126
3309 4407
3542 3666
3330 4437
3408 4390
3350 4466
3312 4497
362442651 781759124
1
sift 1398
44 44
6 12
9 8
57 58
18 16
14 14
58 65
48 49
15 15
59 66
60 62
17 18
62 74
99 114
32 20
102 108
110 137
25 23
114 126
121 138
27 21
135 129
115 150
28 24
129 143
126 149
30 27
142 165
146 151
33 28
150 167
162 171
35 31
158 162
210 223
39 37
160 199
220 233
40 38
170 201
257 240
41 42
222 247
280 261
42 43
248 239
342 279
46 47
272 272
279 289
45 48
274 309
319 339
49 59
253 338
362 368
51 53
337 308
411 427
53 55
397 311
517 411
52 56
379 349
527 582
56 61
346 396
477 638
61 57
358 387
545 599
66 69
385 366
762 492
63 73
375 422
586 650
69 75
422 377
579 670
70 80
431 390
626 685
68 84
423 417
660 632
74 79
413 438
608 709
72 81
416 463
647 673
77 88
449 451
638 776
78 90
448 466
708 688
81 94
483 475
705 700
82 96
492 515
791 684
88 95
530 501
732 760
87 97
470 590
741 762
79 104
552 498
702 831
83 103
631 511
783 810
91 101
556 626
812 792
93 100
575 603
810 861
96 105
643 556
1010 714
98 106
557 649
848 907
92 115
634 587
905 900
94 109
795 538
918 929
95 111
606 727
903 1030
80 139
663 658
913 1107
101 112
698 664
1212 856
100 119
641 778
1175 945
107 122
712 686
995 1166
103 133
703 715
1052 1193
112 117
755 697
1042 1210
111 123
711 780
1192 1130
122 125
744 835
992 1484
118 132
752 826
1149 1269
113 140
802 800
1204 1313
116 135
794 807
1124 1448
117 141
756 838
1289 1306
130 134
864 806
1211 1407
133 146
878 820
1146 1496
125 186
845 939
1297 1346
132 160
846 949
1369 1398
152 147
825 991
1662 1178
143 155
910 902
1315 1489
131 174
891 982
1277 1570
145 157
883 1005
1314 1497
141 209
859 1106
1449 1516
154 183
1034 917
1199 1634
157 175
947 1016
1461 1585
140 222
997 995
1585 1455
156 196
980 1049
1594 1465
159 184
1061 1023
1584 1525
169 176
1068 1059
1513 1667
163 195
1008 1199
1560 1683
171 180
1086 1088
1515 1718
184 177
1075 1119
1483 1903
224 161
1007 1246
1680 1697
181 188
1101 1134
1531 1892
168 214
1158 1214
1648 1779
176 198
1177 1247
1849 1707
191 192
1128 1315
1500 2091
178 208
1070 1431
1683 1955
199 205
1564 964
1698 1952
188 215
1234 1216
1715 1956
189 216
1273 1235
1822 1847
204 207
1145 1392
1749 1927
186 220
1119 1503
1802 1944
175 227
1258 1319
1937 1884
193 218
1330 1263
1792 2051
209 213
1111 1567
2283 1670
205 232
1272 1370
2062 1830
216 226
1239 1413
1875 2132
215 234
1275 1394
1757 2270
195 241
1256 1414
1532 2696
190 246
1353 1355
1878 2284
227 228
1300 1495
1901 2203
228 229
1364 1577
1991 2213
208 254
1599 1520
2139 2099
242 225
1437 1589
2306 2088
217 253
1573 1580
1957 2460
233 242
1518 1677
1852 2746
230 245
1494 1757
2241 2328
250 236
1512 1704
1930 2654
234 252
1640 1693
2003 2646
225 265
1426 1901
2179 2455
218 282
1741 1758
2222 2579
236 258
1643 1929
2094 2894
238 259
1859 1802
2277 2639
256 255
2204 1609
2418 2493
254 256
1655 2098
2347 2558
247 269
1885 1900
2371 2732
231 315
1796 1983
2504 2589
276 260
1747 2148
2428 2763
266 285
1816 2090
2197 3213
269 281
1980 1925
2378 3060
277 278
1842 2245
2455 2953
271 297
2107 1876
2581 2954
288 286
1967 2137
2968 2498
275 306
2176 1911
2755 2768
251 352
2117 2166
2741 3030
294 302
2073 2179
3125 2548
284 312
2053 2240
3222 2619
287 314
2257 2096
2547 3324
302 307
2250 2169
2979 2832
301 316
2404 2076
2422 3539
330 284
1622 3270
2688 3318
297 330
1918 2717
2841 3164
290 336
1693 3298
2835 3299
285 346
2236 2472
3505 2742
296 348
2260 2481
3264 2988
312 332
2641 2118
3036 3366
315 325
2803 2067
3393 3196
316 328
2399 2496
3495 3061
311 337
2445 2424
3477 3071
306 343
2068 2945
331 319
2770 2216
339 318
2275 2761
308 354
2325 2723
293 384
2477 2590
304 370
2381 2786
332 340
2479 2686
317 356
2432 2801
309 381
2686 2544
343 351
2948 2453
340 358
2749 2620
387 324
2517 2909
320 393
2681 2695
347 369
2377 3228
345 375
2796 2719
373 350
2664 2895
359 362
2723 2903
355 371
2550 3306
366 360
2699 3037
361 364
2779 3081
328 404
2574 3416
335 399
3075 2925
354 383
2832 3201
364 367
3081 2971
350 386
2825 3278
383 355
2717 3464
365 378
3051 3104
376 374
3306 2897
360 391
3141 3262
374 388
3160 3496
392 379
3409 3264
377 398
3373 3454
399 385
3011 3558
402 380
3494 3354
372 420
3216 3560
393 397
3322 3541
394 402
3375 3543
412 409
410 416
445 373
428 403
398 450
415 440
400 457
441 418
439 435
454 432
438 443
408 478
453 436
437 452
425 467
432 458
474 434
421 476
435 469
404 533
476 444
429 481
494 445
459 474
482 454
465 471
463 472
440 503
456 480
447 497
486 461
468 483
471 488
514 464
455 535
485 499
479 512
473 525
467 532
462 545
478 528
460 554
464 548
499 506
503 524
543 479
469 576
484 560
504 537
515 531
487 568
506 544
531 516
501 555
558 496
539 526
505 567
488 593
489 596
538 542
512 574
533 550
519 572
547 540
563 549
546 565
591 522
549 579
593 521
564 571
629 509
581 563
574 569
566 594
528 630
542 624
571 605
583 581
577 588
599 562
551 623
620 557
559 625
481 718
568 631
554 643
616 586
585 615
497 719
651 561
588 621
576 633
569 655
652 585
561 668
637 606
625 629
614 636
656 613
570 703
529 793
596 667
619 654
584 687
666 620
715 591
589 705
632 661
595 691
636 672
587 740
624 690
592 730
623 708
644 680
674 653
665 662
689 644
578 834
628 755
789 609
600 790
639 741
640 745
664 713
717 666
655 757
661 747
719 677
707 698
670 753
714 701
657 794
693 720
727 683
667 774
742 675
716 726
746 696
580 1006
739 706
757 693
721 734
649 868
765 704
735 729
731 751
688 825
740 765
736 779
722 798
764 754
691 851
786 743
808 723
745 804
792 752
759 788
849 689
778 784
777 791
769 797
781 802
748 830
737 850
835 739
806 795
829 756
782 818
768 832
681 961
840 768
799 829
818 817
734 924
801 865
803 866
880 763
682 1035
836 822
793 885
819 852
831 840
841 824
855 819
874 799
648 1180
775 936
826 867
784 927
856 828
844 860
885 814
817 914
838 888
780 990
834 910
821 931
827 928
869 893
850 913
804 1008
823 966
843 935
832 976
919 864
952 844
875 921
863 954
908 912
896 938
996 845
920 909
857 999
892 958
938 903
942 904
865 1017
851 1045
909 978
895 997
930 960
945 951
954 940
871 1047
797 1202
915 993
943 963
941 979
974 943
973 948
921 1015
1053 881
867 1110
959 988
988 980
1029 926
1020 953
981 1010
953 1039
929 1068
824 1274
925 1078
1030 974
961 1053
957 1056
986 1055
999 1044
916 1160
951 1109
950 1114
911 1185
1155 897
998 1079
1051 1026
1003 1090
985 1128
1023 1092
1026 1100
1012 1137
1041 1099
1095 1033
1025 1135
1040 1122
1072 1085
991 1208
1049 1131
1045 1140
1056 1147
1018 1226
1103 1111
1123 1086
1084 1152
1031 1225
1432 883
1069 1182
1122 1105
1060 1192
1039 1227
1087 1170
1152 1072
1055 1209
1027 1252
1134 1101
1037 1262
971 1365
1267 1012
1115 1163
976 1373
1063 1242
932 1469
990 1382
1106 1191
1184 1097
1233 1065
1066 1275
1298 1028
956 1462
1161 1145
1080 1270
1097 1243
1062 1309
1125 1218
1299 1058
1168 1204
1378 1048
1110 1301
1165 1239
1171 1230
1170 1241
1048 1454
1088 1389
1159 1273
1167 1277
1193 1251
1127 1344
1130 1337
1132 1336
1222 1231
1181 1290
1156 1321
1166 1316
1174 1308
1200 1283
1164 1342
1388 1127
1064 1522
1137 1397
1144 1387
1246 1297
1508 1062
1328 1238
1268 1284
1247 1323
1347 1234
1194 1404
1251 1335
1232 1357
1304 1288
1587 1041
1182 1440
1213 1395
1312 1300
1266 1340
1383 1256
1206 1449
1090 1613
1354 1302
1309 1339
1224 1424
1263 1384
1237 1446
1306 1381
1317 1375
1254 1433
1208 1500
1339 1366
1215 1499
1269 1442
1296 1425
1169 1568
1157 1599
1259 1475
1474 1254
1293 1456
1333 1423
1382 1376
1147 1653
1391 1399
1294 1506
1410 1437
1385 1480
1335 1558
1370 1529
1415 1472
1470 1409
1638 1249
1575 1311
1387 1527
1390 1532
1396 1523
1441 1474
1411 1510
1399 1533
1244 1691
1476 1444
1435 1501
1538 1403
1650 1304
1447 1515
1336 1654
1303 1689
1392 1600
1264 1745
1446 1545
1363 1648
1367 1646
1464 1544
1491 1507
1281 1751
1265 1769
1433 1584
1282 1775
1458 1578
1372 1685
1292 1784
1361 1705
1457 1595
1535 1498
1722 1348
1561 1491
1397 1684
1368 1748
1188 2072
1308 1860
1497 1604
1454 1661
1240 2035
1485 1628
1490 1640
1398 1786
1507 1622
1407 1774
1496 1647
1565 1590
1576 1579
1475 1702
1329 1968
1771 1453
1553 1627
1380 1926
1557 1658
1578 1631
1555 1673
1448 1844
1619 1623
1422 1915
1626 1621
1596 1652
1590 1660
1525 1738
2060 1358
1558 1719
1417 1977
1685 1615
1617 1680
1764 1559
1463 1907
1373 2122
1480 1872
1505 1824
1613 1703
1523 1817
1542 1792
1628 1701
1848 1554
1589 1763
1554 1821
1664 1687
1479 2021
1676 1732
1541 1912
1678 1742
1519 1951
1493 2009
1583 1850
1667 1772
1534 1959
1727 1731
1605 1882
1529 2000
1720 1773
1521 2058
1738 1767
1731 1778
1788 1733
1639 1890
1946 1620
1666 1854
1793 1740
1658 1897
1689 1863
1428 2352
1607 2003
1656 1923
1609 2016
1652 1924
1621 1992
1880 1729
1644 1985
1572 2124
1707 1909
1660 1967
1717 1908
1569 2139
1580 2142
1736 1916
1843 1815
1699 1962
1645 2066
1551 2225
1861 1819
1797 1879
1786 1899
1723 1965
1478 2408
1949 1770
1729 1990
2029 1717
1726 2022
1733 2008
1635 2160
1759 1979
1902 1836
1925 1838
1789 1974
1803 1969
1830 1975
1780 2041
1649 2226
2186 1700
1762 2075
1799 2053
1753 2128
2170 1735
1782 2095
1898 1970
2137 1789
1917 1972
1739 2205
1914 1989
1783 2154
1910 2006
1841 2116
1695 2300
2059 1913
1935 2049
1966 2023
1876 2130
2045 1948
1990 1994
1785 2249
1773 2263
1927 2102
1864 2178
2097 1934
3304 1390
2040 1984
2061 1964
2042 1991
2412 1720
1868 2190
2220 1856
2008 2062
2126 1954
1978 2113
1896 2209
1887 2236
1968 2156
1718 2448
2083 2055
2227 1931
1604 2706
1824 2351
2146 2011
1710 2516
2065 2111
1826 2364
1900 2272
1770 2428
1634 2665
2030 2168
1986 2212
2020 2192
2401 1865
1863 2372
2077 2158
1895 2342
2055 2175
2089 2150
1960 2268
2013 2224
2044 2207
2487 1823
1853 2447
2058 2229
2248 2081
2209 2127
1922 2407
1965 2363
2046 2293
2607 1800
2133 2232
2074 2303
1959 2410
1831 2578
2052 2330
2315 2080
1998 2384
2093 2292
2015 2368
2165 2233
2104 2309
2183 2237
2145 2271
1909 2523
2123 2304
2332 2131
2253 2219
2187 2307
2064 2421
2023 2468
3035 1734
2463 2084
2320 2243
2047 2526
2121 2441
2116 2459
2269 2326
2154 2418
2190 2393
1872 2810
2300 2311
2335 2289
2391 2250
2158 2477
2324 2318
2171 2470
1929 2796
2330 2340
2356 2319
2011 2676
2362 2316
2034 2662
1995 2733
2367 2338
2588 2108
2784 1981
2184 2514
1857 3027
2200 2518
2329 2397
2398 2356
2281 2467
2164 2583
2366 2395
1933 2974
2414 2360
2385 2390
2108 2689
2337 2440
2132 2685
2483 2324
2990 1973
2177 2643
2322 2497
2494 2343
2214 2640
2387 2462
2372 2483
2049 2921
2246 2641
1969 3063
2131 2795
2492 2382
2816 2143
2249 2667
2375 2519
2004 3046
2413 2501
2067 3016
2128 2912
2293 2680
2471 2457
2441 2506
2071 3039
2224 2811
2172 2884
1919 3361
2461 2509
2221 2849
2182 2900
2443 2537
2272 2799
2290 2773
2009 3274
2593 2414
2672 2378
2592 2430
2274 2878
2638 2431
2195 3059
2451 2663
2365 2804
2380 2778
2161 3185
2460 2660
2646 2478
2319 2902
2405 2781
2295 2975
2245 3070
2303 2958
2454 2702
2498 2650
2368 2880
2344 2907
2355 2901
2129 3294
2419 2809
2354 2918
2712 2476
2506 2690
2258 3125
2231 3221
2632 2566
2271 3163
2434 2846
2217 3252
2639 2576
2589 2625
2481 2793
2523 2730
2691 2557
2411 2956
2637 2613
2459 2860
2437 2930
2539 2769
2266 3312
2557 2753
2525 2835
2334 3197
2185 3417
2836 2539
2458 2995
2345 3218
2417 3109
2682 2711
2938 2520
2507 2984
2616 2800
2783 2651
2735 2715
2678 2770
2759 2701
3268 2374
2501 3062
2466 3110
2854 2631
2527 3029
2603 2923
2423 3280
2775 2741
3171 2469
2660 2875
2761 2780
3200 2475
2715 2841
3157 2510
2649 2940
2521 3123
2576 3024
2570 3045
2898 2693
3026 2621
2440 3342
3069 2614
2851 2803
2917 2747
2670 3050
2776 2919
2690 3023
2578 3199
2635 3128
2615 3165
2665 3095
2658 3107
2520 3327
3099 2683
2618 3186
2636 3167
2566 3266
2889 2867
3007 2771
2952 2819
2653 3179
2870 2908
2843 2957
3369 2513
2777 3026
2808 3007
2746 3074
2465 3446
2974 2850
2692 3166
2726 3116
2598 3284
2552 3345
2910 2928
3000 2862
2656 3248
3014 2872
2876 3002
2985 2891
3050 2837
2810 3066
2648 3291
2568 3377
3005 2904
2744 3209
3126 2836
2972 2987
2622 3364
2605 3385
2716 3287
2879 3093
3090 2935
2963 3034
3003 3017
3168 2855
3087 2948
2961 3056
3072 2976
2941 3076
2575 3475
3243 2818
2753 3346
2725 3372
2814 3285
2852 3244
2630 3459
2722 3379
2651 3439
3063 3042
3001 3089
3119 3012
2819 3303
2731 3402
3164 2992
2724 3406
2962 3200
2996 3178
3065 3097
2544 3540
3335 2815
2900 3290
2913 3279
3129 3072
2959 3250
3226 2990
2736 3448
2984 3232
3045 3187
2894 3321
2919 3314
3111 3158
3109 3173
3296 2942
3209 3057
3163 3133
3178 3118
3169 3138
2905 3383
3352 2978
3397 2916
3067 3310
3139 3249
3218 3188
3290 3068
3012 3404
2806 3521
3079 3362
3187 3286
3146 3335
3082 3382
3047 3408
3023 3431
2766 3545
3092 3396
3135 3369
3002 3460
3390 3055
2969 3490
3347 3169
3083 3455
3148 3422
3341 3241
3532 2779
3326 3268
2964 3535
3261 3365
3282 3352
3451 3102
3549 2626
3034 3528
3351 3313
3293 3375
3465 3170
3368 3337
2918 3556
3089 3533
3544 2738
3162 3526
3496 3212
3468 3256
3323 3429
3334 3444
3238 3525
2904 3573
3155 3555
3536 3053
3410 3457
3417 3453
3427 3483
3143 3563
3443 3472
3480 3427
3370 3531
3413 3513
3488 3509
3442 3552
3252 3577
362442651 1078340171
1
sift 106
42 31
714 685
66 41
113 126
1409 1548
140 144
195 203
1639 2296
227 187
211 225
2359 2492
203 235
197 277
3006 2917
254 282
306 268
2973 3276
301 286
287 300
330 324
392 340
402 372
383 411
428 389
501 361
618 343
593 403
505 466
625 570
569 634
570 658
688 660
775 721
745 885
880 758
818 878
856 822
870 892
956 867
971 912
1029 858
884 1025
1041 931
996 1008
911 1101
1026 1059
1138 1501
1391 1408
1218 1686
1441 1509
1448 1588
1397 1728
1660 1585
1612 1698
1624 1685
2159 1286
1486 1860
1727 1699
1716 1765
1664 1804
1906 1673
1658 1858
2153 1565
1616 2088
2375 1572
1998 2039
2024 2105
2064 2106
2162 2054
2093 2111
1898 2369
1990 2374
1765 2796
2354 2245
2058 2688
2114 2763
2836 2274
2609 2478
3000 2218
2279 2914
2974 2367
2276 3203
2710 2749
2706 2777
2466 3058
3014 2645
2890 2863
2744 3011
2852 2961
2731 3100
2775 3176
3115 3074
2985 3351
3369 3043
2822 3664
2970 3531
2608 3950
3079 3459
3368 3169
3116 3506
3109 3518
3465 3146
3067 3720
3265 3638
2900 3987
3334 4023
362442651 1256872597
1
sift 1159
44 43
18 12
2 1
59 69
56 68
9 5
64 65
60 73
10 11
65 74
61 72
14 9
62 76
110 132
16 13
102 122
115 165
27 18
105 124
126 161
25 25
104 159
146 173
26 22
142 170
210 189
28 23
150 181
168 190
31 21
158 177
220 235
33 26
161 212
235 234
30 31
196 197
257 313
39 38
170 226
272 273
40 37
244 258
279 328
42 40
248 253
319 342
41 42
253 304
384 353
45 46
274 361
313 375
50 47
300 362
362 405
46 51
328 300
358 416
51 55
397 294
411 538
53 56
375 418
448 459
52 57
385 421
517 518
73 66
413 442
458 543
63 82
416 438
477 575
74 78
409 475
495 537
71 85
431 489
544 627
70 86
449 523
634 591
78 91
492 536
586 731
77 104
483 636
573 703
81 95
552 584
605 718
82 105
557 666
701 647
86 103
575 655
647 736
88 100
556 687
660 716
83 106
631 623
708 762
87 102
643 701
724 815
85 107
641 778
791 914
96 110
698 713
878 831
97 113
677 760
807 960
92 133
703 751
837 1041
94 128
712 752
913 977
103 129
755 724
944 1003
101 131
711 861
995 1007
112 118
744 826
1038 1076
111 134
774 854
1077 1179
107 141
781 838
942 1343
113 139
787 862
1149 1155
117 142
794 869
1007 1278
116 149
802 917
1052 1321
122 144
864 876
1042 1414
106 171
752 1127
1175 1268
152 135
845 978
1297 1234
118 164
1185 749
1124 1482
141 146
938 894
1275 1252
139 152
910 948
1532 1077
132 160
1008 1010
1204 1537
131 162
1034 1093
1289 1472
148 153
1075 1101
1501 1261
143 163
997 1307
1212 1593
145 168
1145 1064
1323 1518
144 172
1101 1209
1462 1459
127 241
1128 1225
1276 1643
140 206
1234 1211
1500 1448
159 180
1177 1312
1465 1520
165 176
1173 1380
1421 1591
157 194
1119 1489
1287 1758
163 188
1068 1575
1192 2323
184 185
1232 1417
1513 1676
166 207
1258 1510
1515 1739
190 195
1272 1548
1449 1984
188 201
1273 1556
1662 1657
175 213
1353 1541
1483 1977
199 200
1256 1607
1648 1775
169 225
1220 1734
1372 2328
171 216
1437 1665
1680 1756
182 220
1439 1712
1698 1873
189 222
1400 1895
1724 1865
208 221
1300 2156
1920 1752
215 224
1364 2056
1682 2086
195 237
1402 2088
1594 2294
191 240
1511 1835
1748 2077
217 230
1577 1750
1521 2456
227 217
1481 1994
1875 1892
186 248
1794 1603
1584 2404
205 239
1573 1816
1849 2016
193 257
1426 2212
1715 2266
209 256
1646 1776
2112 1891
254 208
1518 2112
1544 2715
156 340
1791 1735
1805 2293
203 260
1665 1968
1967 2173
230 247
1641 2028
1976 2199
234 242
1598 2220
1655 2667
197 281
1796 1919
2062 2191
250 238
1795 1921
1980 2349
251 249
1684 2177
1937 2425
256 251
1741 2097
1802 2602
219 309
1582 2459
2139 2241
233 279
2073 1863
1915 2551
242 276
2404 1682
1930 2646
211 357
1931 2318
2283 2356
259 278
1885 2380
2504 2314
247 315
2218 2039
1817 2995
238 335
2150 2148
2277 2677
277 311
2068 2258
2241 3018
271 332
2107 2357
2347 2912
301 316
1871 2564
2770 2523
296 331
2236 2311
2841 2482
288 339
1895 2531
2618 3066
287 344
1816 2893
2455 3334
294 341
2250 2344
2580 3223
304 352
2053 2554
3036 3134
373 287
2664 2210
2832 3218
285 367
2117 2887
2755 3424
311 345
2296 2679
2934 3257
297 365
2377 2695
2981 3474
275 404
2479 2692
3495 3282
281 394
2432 2800
299 382
2641 2593
290 387
2445 2962
315 358
2399 3151
361 323
2601 2857
322 356
2550 3059
308 380
2699 2997
327 363
2627 3249
320 372
3167 2768
306 397
2617 3306
363 354
3130 2809
343 371
2686 3311
350 368
2723 3322
344 376
2779 3270
317 408
2477 3691
316 415
2825 3402
332 412
2624 3615
360 384
3057 3407
356 402
2940 3526
354 411
3148 3346
345 419
3075 3614
364 399
3444 3425
340 434
3540 3454
347 429
3494 3731
378 414
402 391
335 468
390 445
377 462
392 457
399 451
410 435
408 441
412 453
415 447
428 443
383 516
481 401
437 455
419 472
434 466
474 427
432 483
425 500
482 444
421 508
438 487
429 497
456 479
376 622
476 476
440 512
542 420
439 517
453 498
454 504
455 510
400 621
467 496
494 480
441 534
473 503
444 539
499 490
504 505
511 506
478 544
465 566
471 563
505 528
503 532
618 450
485 580
487 592
558 526
447 669
493 614
538 570
541 560
607 493
543 564
533 582
564 551
512 612
531 600
519 619
563 571
506 640
551 590
539 615
488 681
593 562
464 715
547 632
546 635
514 678
566 625
528 676
571 637
637 569
559 653
568 650
479 748
577 634
554 677
502 726
651 583
574 672
583 665
588 671
501 786
576 685
620 668
569 710
632 658
584 699
616 679
678 618
589 705
595 702
636 680
623 694
596 723
625 704
669 673
585 757
797 606
652 720
578 825
716 683
600 804
658 737
670 730
664 738
629 807
619 822
614 848
640 817
635 839
667 773
639 843
674 777
628 870
665 795
836 667
727 728
693 765
714 758
707 768
630 905
655 866
731 767
764 750
788 729
649 906
688 844
700 832
721 813
745 788
717 829
775 781
740 819
722 860
811 766
739 847
719 874
793 802
746 857
769 850
737 875
748 884
835 798
840 779
695 951
801 845
806 840
759 889
838 806
691 992
803 883
728 966
808 892
884 809
855 846
841 872
826 897
843 877
786 957
679 1187
804 958
857 888
777 998
790 983
954 842
842 952
821 981
1084 754
827 982
905 907
875 935
830 995
981 868
896 945
934 921
824 1089
784 1224
1003 915
818 1200
892 1027
908 1015
986 963
911 1045
950 997
909 1056
991 971
915 1059
935 1026
867 1183
959 1011
893 1120
951 1035
886 1162
920 1099
945 1062
1001 1006
974 1032
930 1084
921 1124
998 1019
773 1505
919 1159
1016 1016
1027 1021
985 1085
1041 1022
1085 980
961 1150
988 1116
1122 975
957 1197
976 1161
973 1163
916 1282
1023 1109
956 1222
990 1176
984 1189
999 1164
971 1227
1231 932
1130 994
1064 1080
948 1284
1014 1190
863 1490
780 1706
1081 1108
1045 1175
1063 1177
993 1298
1095 1136
1055 1220
1134 1098
1031 1280
1191 1075
1069 1257
1020 1332
1247 1031
1036 1338
1056 1300
1029 1362
1106 1242
1147 1199
1039 1389
1066 1345
1165 1213
820 2033
1171 1238
1109 1341
1088 1392
1087 1407
1181 1264
1062 1465
1127 1339
1184 1273
1200 1255
1143 1337
1100 1426
1508 1000
1193 1305
1243 1250
1240 1254
1268 1230
1206 1301
1333 1192
1125 1421
1174 1360
1110 1476
1166 1386
1182 1382
1160 1410
1298 1286
1253 1318
1144 1454
1244 1349
1097 1557
1250 1348
1254 1344
1349 1277
1215 1415
1242 1404
1354 1310
1251 1401
1340 1326
1169 1521
1208 1494
1269 1412
1072 1698
1312 1388
1347 1370
1286 1449
1299 1443
1296 1446
1274 1485
1117 1688
1293 1487
1213 1564
1246 1552
1263 1527
1222 1587
1155 1647
1294 1519
1309 1509
1142 1707
1157 1693
1218 1616
1224 1624
1306 1569
1399 1479
1237 1670
1151 1796
1339 1594
1489 1419
1407 1532
1441 1500
1194 1784
1350 1611
1415 1554
1382 1590
1230 1769
1474 1516
1154 1962
1334 1678
1363 1639
1264 1744
1370 1641
1551 1444
1391 1623
1285 1749
1235 1831
1329 1708
1356 1686
1433 1601
1410 1648
1848 1289
1385 1695
1411 1666
1491 1582
1413 1671
1444 1634
1398 1731
1397 1740
1549 1565
1387 1761
1703 1463
1479 1658
1390 1799
1460 1703
1336 2000
1326 2032
1422 1868
1497 1726
1588 1636
1440 1867
1304 2190
1596 1650
1523 1763
1282 2361
1558 1753
1464 1952
1609 1736
1717 1632
1486 1933
1435 2096
1529 1851
1686 1662
1533 1857
1557 1814
1617 1746
1496 1943
1578 1804
1575 1820
1505 1976
1649 1743
1628 1764
1361 2388
1447 2165
1555 1883
1623 1779
1446 2171
1685 1732
1689 1730
1736 1689
1554 1923
1644 1778
1457 2197
1607 1875
1473 2207
1475 2185
1777 1691
1561 1978
1470 2237
1652 1834
1946 1605
1676 1818
1568 2008
1626 1913
1636 1900
1701 1812
1809 1738
1729 1826
1542 2162
1428 2455
1699 1880
1667 1965
1614 2091
1727 1887
1645 2051
1751 1898
1708 1956
1718 1960
1572 2231
1720 1972
1830 1833
1610 2186
1688 2038
1738 1961
1692 2074
1660 2120
1616 2223
1639 2205
1580 2329
1716 2085
1696 2125
1723 2098
1803 1973
1678 2204
1519 2494
1826 1983
1864 1953
1831 2049
1953 1888
1664 2321
1759 2188
1917 1971
1889 2027
1753 2226
1799 2181
1726 2300
1898 2063
1841 2159
1712 2335
1896 2083
2030 1912
1925 2081
1998 1996
2253 1766
1876 2160
1783 2289
1789 2324
2180 1882
1603 2668
2040 2037
2165 1903
2148 1925
1567 2752
1887 2240
1762 2421
1999 2134
2022 2102
1962 2179
2058 2095
2024 2135
1997 2169
1900 2284
1958 2219
1632 2697
2042 2154
1734 2560
1924 2302
2059 2150
1939 2283
1950 2269
1909 2337
1990 2244
2145 2089
2131 2114
1635 2806
1868 2436
1995 2279
1780 2557
1788 2610
2089 2247
1978 2391
2004 2364
2365 1997
2171 2215
2031 2374
2055 2355
2215 2195
2041 2387
1853 2619
2116 2313
1773 2731
2052 2392
2067 2372
2114 2333
1695 2950
1765 2795
1782 2781
2344 2117
1770 2796
1901 2613
1843 2706
1949 2571
2249 2260
2047 2471
2423 2075
1965 2555
2064 2453
1824 2761
2016 2525
2391 2143
2046 2497
2065 2491
2077 2507
2123 2468
1732 3088
2121 2475
1914 2725
2331 2263
2459 2141
2592 1999
2013 2632
2108 2536
2293 2368
2138 2515
1966 2726
2044 2639
2154 2540
1933 2837
2281 2433
2269 2451
2105 2627
2490 2217
1942 2892
2463 2249
2187 2563
1710 3406
2469 2261
2495 2254
2291 2501
2330 2464
2128 2704
2164 2674
2659 2164
2036 2884
2389 2466
2267 2596
2129 2754
2335 2527
2350 2522
2017 2972
1975 3073
2539 2345
2400 2530
2217 2719
2487 2450
2955 2082
2158 2876
2308 2649
2183 2836
2406 2576
2375 2609
2475 2487
2184 2862
2454 2517
2195 2867
2113 3000
2061 3090
2315 2703
2419 2607
1835 3545
2387 2644
2009 3201
2510 2516
2570 2449
2259 2883
3115 2101
2300 2802
2008 3278
2434 2636
2172 3029
2329 2813
2672 2442
2588 2499
2411 2740
2368 2815
2414 2756
3268 2090
2358 2850
3455 1911
2354 2859
2412 2782
2506 2660
2783 2426
2276 3035
2536 2620
2527 2645
2310 3010
2578 2626
2481 2790
2362 3009
2433 2914
2071 3508
2696 2633
2461 2934
2638 2689
2322 3176
2367 3121
2761 2611
2471 2952
2405 3091
2996 2479
2623 2760
2214 3452
2525 2936
2509 2981
2562 2898
2395 3191
2280 3431
2528 3011
2643 2861
2964 2583
2516 3061
2678 2851
2670 2874
2692 2838
2853 2673
2606 2931
2712 2835
2898 2670
2323 3442
2691 2915
2589 3048
3200 2538
2814 2825
2460 3304
2706 2967
2759 2919
3171 2604
2808 2904
2731 2989
2682 3057
2295 3633
2458 3398
2594 3161
2843 2916
2990 2784
2695 3086
2602 3175
2760 3023
2739 3065
2715 3089
2598 3225
2660 3148
2889 2943
2887 2947
2735 3109
3082 2805
2917 2954
2697 3187
2634 3273
2466 3514
2576 3347
2736 3168
3168 2788
2653 3299
3260 2734
2662 3337
2938 3042
2888 3096
2836 3154
3007 3037
2974 3062
2603 3441
3050 3033
2777 3291
2557 3541
2810 3283
2775 3329
3099 3043
2497 3668
3090 3068
3157 3003
2812 3320
2910 3202
3080 3077
3333 2803
3014 3131
3324 2823
2566 3590
3000 3144
2559 3608
2776 3451
2907 3369
3026 3288
2819 3481
2642 3640
2972 3355
3124 3228
2961 3367
3351 2980
3163 3235
3047 3343
2831 3525
3129 3281
3079 3339
2786 3597
3237 3192
3045 3411
3017 3448
2970 3491
2785 3638
3544 2582
3092 3416
2879 3567
3209 3312
3136 3396
3169 3364
2984 3550
2941 3576
3069 3492
3127 3467
3431 3103
2893 3647
3018 3578
2900 3655
3004 3604
3301 3323
3451 3118
3523 2957
3293 3383
2963 3666
3352 3324
3532 2941
3427 3256
3428 3275
3288 3465
3065 3657
2905 3713
3269 3551
2918 3717
3235 3631
3135 3694
3309 3577
3187 3682
3330 3569
3147 3710
3199 3705
3362 3618
3028 3723
3315 3683
3438 3583
3475 3534
3403 3711
3468 3687
3399 3729
362442651 1375567567
1
sift 169
161 340
42 37
215 243
66 50
94 85
1177 2205
113 192
234 303
211 161
256 307
1353 2658
163 191
474 541
214 176
352 288
1437 2946
188 233
528 522
203 254
956 781
1511 3068
195 270
410 682
208 293
806 967
1640 2765
254 319
465 683
400 209
773 1171
1741 2618
277 341
533 632
306 313
800 1190
2641 3722
287 336
566 605
330 389
857 1147
392 437
596 702
402 439
1045 970
428 404
727 769
484 385
1285 897
593 433
674 845
615 499
1906 2123
421 715
655 918
539 619
2014 2114
569 629
798 833
570 759
1572 3022
775 637
717 997
508 1060
1939 2396
691 733
735 1046
688 764
2146 2210
808 848
781 1188
884 777
2046 2317
714 980
1003 892
1029 824
2138 2479
972 1071
893 1345
1026 1015
2047 2989
1041 1054
1171 1149
911 1307
3014 2680
1087 1107
1213 1179
1135 1306
3155 2744
1109 1427
1039 1715
1336 1268
2457 3793
1281 1382
1184 1527
1096 1710
2829 3407
1174 1556
1232 1788
1218 1573
2706 3840
1382 1501
1237 1833
1660 1277
2777 3861
1312 1703
1193 2000
1333 1727
3438 3268
1508 1525
1458 1885
1371 1811
3199 4877
1430 1684
1296 2340
1624 1510
1736 1616
1617 1791
1615 1810
1644 2013
1506 2261
1558 2139
1712 1972
1685 2096
1898 1870
1855 1962
1788 2025
1803 2071
1591 2465
1325 3234
2279 1816
1509 2805
1738 2993
1789 2314
1557 2814
1771 3173
2093 2150
1997 2323
1959 2869
2214 2384
2102 2591
1895 3039
2064 2856
2089 2962
2143 2913
2744 2688
2308 2698
1965 3245
2589 3016
2281 3222
2576 2836
3045 2938
2557 3008
2367 3374
2444 3674
3030 3003
2368 4130
3067 3057
2552 3788
2293 4531
3223 3204
3192 3259
2954 3510
2843 3624
2822 4010
3209 4445
3116 3897
3003 4123
3162 4592
3330 4463
362442651 1584042216
1
sift 551
575 762
1192 1956
30 30
45 52
41 61
31 36
1128 1404
33 35
70 83
46 56
40 43
1068 1680
42 51
77 106
61 78
51 64
1234 1524
53 74
233 299
116 177
66 71
1177 1638
78 98
343 437
138 185
88 107
1353 1725
94 124
364 458
149 187
97 139
1511 2280
111 155
333 497
157 233
122 157
1426 2625
118 202
577 753
168 217
113 226
2176 1872
130 216
596 824
218 228
140 210
2073 1984
144 214
674 732
212 257
141 220
1791 2326
139 236
731 863
217 258
163 231
1640 2680
199 251
735 942
205 278
215 247
2107 2759
195 264
655 1142
228 270
193 273
2117 2767
227 256
781 959
186 304
208 283
2601 2509
197 301
886 928
304 335
256 268
2749 3248
203 321
842 1272
273 457
254 281
2699 3491
171 423
893 1292
309 415
242 339
2825 3930
238 440
1039 1475
328 401
283 337
3444 4122
287 389
1184 1444
317 452
306 391
301 417
1193 1650
332 509
311 390
296 434
1508 1262
324 536
285 455
347 393
1232 1624
415 528
281 483
363 384
1296 1815
395 562
290 488
320 446
1311 1798
474 508
316 463
330 502
1306 1809
454 547
378 480
402 487
1506 1777
444 603
393 513
361 554
1363 2196
394 796
400 512
390 532
1458 2047
499 606
383 542
387 546
1609 2054
482 660
428 520
412 565
1687 2061
503 646
421 573
438 571
1676 2237
533 716
373 707
429 592
1973 1980
566 683
484 570
442 616
1666 2335
548 748
473 588
493 581
1738 2357
568 805
465 641
478 696
1864 2385
585 801
501 681
543 618
1958 2538
607 827
520 662
487 737
1887 2663
632 819
539 697
532 703
2365 2187
537 996
541 686
485 777
1895 2741
673 776
593 648
546 729
1788 2948
727 786
581 678
571 745
2108 2781
938 860
620 691
506 878
2423 2435
832 1082
625 720
580 779
2031 2957
769 1172
569 814
570 815
2281 2756
896 1055
528 886
554 843
2308 2989
782 1378
595 788
636 772
1942 3783
986 1101
614 798
640 774
2461 3231
964 1147
624 826
740 699
3099 3209
945 1274
589 900
600 891
2887 3802
915 1352
664 842
670 873
3178 3691
1012 1304
669 881
619 1003
2947 4138
1074 1221
665 927
714 902
3113 4017
943 1474
656 993
797 865
985 1467
688 966
717 947
924 1729
578 1299
691 1029
1055 1490
745 998
737 1018
1069 1632
721 1059
759 1011
1110 1584
792 1000
808 1009
1097 1614
775 1057
690 1185
1155 1637
806 1099
884 974
1088 1804
954 920
729 1255
1333 1411
803 1139
843 1084
1415 1402
784 1181
800 1151
1480 1371
841 1132
972 982
1251 1693
875 1178
856 1234
1169 1836
830 1318
798 1468
1263 1688
908 1226
892 1256
1137 2070
951 1175
920 1237
1347 1904
935 1230
911 1298
1151 2205
988 1209
1191 1005
1317 1941
867 1462
909 1388
1474 1869
929 1373
998 1271
1357 2128
1041 1224
956 1367
1422 2324
959 1363
919 1572
1689 1918
857 1737
1026 1366
1529 2214
1108 1239
1045 1431
1446 2476
921 1747
1063 1436
1596 2157
1029 1515
1043 1496
1736 2186
1087 1445
948 1800
1519 2588
1171 1355
1095 1509
1644 2386
1117 1486
1242 1332
1917 2100
1246 1374
1165 1551
1953 2195
1150 1600
1281 1415
1712 2671
1181 1602
973 2067
1902 2421
1196 1665
1293 1583
1603 3046
1194 1711
1382 1548
1949 2529
1213 1851
1208 1870
2040 2665
1269 1782
1441 1579
2077 2652
1250 1846
1417 1754
1950 2837
1237 2000
1144 2225
2495 2289
1294 2034
1528 1697
2588 2318
1218 2164
1391 1936
2269 2843
1490 1829
1154 2519
2065 3084
1486 1894
1370 2104
2217 2982
1411 2043
1848 1606
2659 2494
1336 2274
1381 2173
2190 3092
1703 1767
1430 2189
2017 3566
1475 2123
1551 2002
2472 2880
1493 2097
1444 2198
2133 3382
1628 1922
1685 1889
2385 3136
1586 1992
1440 2294
2322 3282
1558 2074
1575 2096
2171 3650
1675 2018
1557 2193
2618 2998
1752 1964
1379 2705
2440 3283
1549 2286
1329 2902
2362 3419
1525 2404
1803 2014
2433 3308
1457 2621
1612 2290
2280 3722
1617 2270
1454 2709
2672 3058
1572 2422
1658 2276
2451 3678
1664 2266
1554 2516
2443 3699
1720 2204
1660 2308
2562 3454
2039 1933
1946 2006
2712 3287
1568 2542
1699 2334
2663 3535
1428 2962
1639 2481
2412 4089
1605 2591
1616 2616
2660 3730
1750 2406
1727 2455
2810 3620
1607 2697
1723 2482
3398 3390
2153 2039
1789 2471
2959 3959
1939 2311
1567 2929
3206 4248
1872 2432
1841 2490
1865 2484
1716 2740
1580 3013
2227 2162
2353 2075
2279 2190
2024 2445
1898 2644
1962 2576
1896 2751
2058 2532
1933 2703
1889 2771
1753 2984
1732 3041
2131 2489
1997 2682
1935 2786
1978 2750
1941 2799
1710 3181
2036 2717
2064 2704
1635 3486
2055 2760
2089 2732
1770 3350
1726 3495
2387 2525
2046 2926
2375 2583
1999 3040
1966 3133
2093 3012
2121 2976
2245 2877
2106 3011
2162 2979
2459 2634
2048 3249
2469 2701
2165 3095
2158 3112
2291 2985
2138 3198
1995 3469
2293 3037
2008 3627
2334 3078
2116 3421
2406 3052
2726 2733
2420 3074
2224 3380
2300 3316
2358 3272
2327 3313
2527 3009
2710 2850
2458 3124
2184 3681
2128 3935
2626 3066
2368 3663
2883 2945
2697 3125
2216 3961
2670 3172
2476 3470
2589 3294
2249 3989
2739 3173
2731 3195
2536 3425
2695 3276
2623 3365
2481 3797
2870 3241
2760 3361
2576 3624
2715 3422
3231 3056
2643 3662
3268 3061
2775 3590
2615 3851
2777 3640
2557 3944
3007 3418
2506 4142
3050 3449
2596 4053
3000 3604
2706 3971
2852 3812
2822 3872
3157 3502
2482 4264
2814 3905
2776 4051
2893 3926
3045 3867
3351 3517
2941 3982
2744 4198
2974 4025
3090 3953
2843 4193
3369 3628
3226 3875
3433 3669
2879 4258
3034 4188
3079 4202
3116 4186
3209 4103
3174 4192
3340 4009
3427 3966
3288 4147
3496 4054
362442651 1780862618
1
sift 285
57 54
99 114
61 74
86 95
196 251
110 108
117 118
115 120
300 302
121 153
159 172
126 154
313 338
146 150
223 215
235 212
358 358
257 304
247 273
293 242
375 394
319 353
266 270
259 316
458 538
314 371
335 355
394 321
495 571
362 374
328 402
340 411
573 620
369 456
332 485
432 454
643 634
544 532
488 417
447 545
634 695
586 600
486 508
514 501
878 856
605 622
558 482
559 536
864 892
610 637
511 723
644 587
859 1048
579 790
715 507
716 539
980 965
660 692
658 655
739 606
1423 1429
647 706
585 850
626 763
1573 1672
762 726
629 828
607 933
1684 2037
708 791
722 764
667 868
1859 1992
732 784
804 768
701 854
1980 2130
675 956
786 867
807 794
1665 2514
837 808
835 822
964 739
1883 2356
812 972
696 1077
823 945
1795 2859
904 904
827 962
942 875
1967 2719
918 1062
907 985
916 1016
2770 2375
958 1122
905 1071
974 996
2549 2848
1052 1161
838 1218
816 1289
2728 3415
1042 1209
1027 992
1244 831
995 1325
1023 1031
930 1245
992 1459
1012 1184
931 1405
1149 1153
1065 1181
1081 1187
1038 1428
1230 1040
1123 1249
1176 1354
1253 1128
1130 1286
1211 1335
1155 1279
1339 1119
1192 1397
1036 1589
1309 1163
1212 1351
1103 1527
1450 1193
1532 1145
1298 1401
1222 1485
1290 1463
1368 1361
1316 1466
1287 1530
1435 1298
1152 1703
1277 1580
1325 1581
1500 1300
1124 1839
1390 1544
1380 1564
1323 1641
1350 1624
1297 1669
1544 1469
1335 1694
1303 1738
1594 1421
1491 1550
1405 1690
1501 1637
1769 1355
1476 1707
1657 1575
1413 1856
1534 1692
1515 1721
1551 1696
1465 1840
1331 2171
1762 1552
1516 1786
1802 1741
1523 1797
1561 1765
1920 1665
1542 1819
1804 1708
1513 2224
1649 1910
1483 2318
1421 2474
1578 2144
1698 1967
1648 2112
1329 2936
1567 2354
1715 2150
1611 2373
1947 1938
1875 2019
1699 2290
1830 2119
1805 2156
1900 2199
1748 2253
2112 1885
1901 2220
1937 2056
1992 2137
1919 2214
2187 1951
1915 2245
2350 1838
1975 2190
2062 2142
1953 2228
1717 2513
2284 2041
1826 2407
1902 2359
2306 2052
1933 2328
2206 2082
1849 2517
2335 2066
2061 2336
1976 2462
2332 2118
2422 2069
2139 2393
2323 2178
2037 2484
2407 2270
2215 2365
2282 2319
2003 2688
2253 2352
2070 2504
2418 2321
1903 2711
2154 2451
2179 2631
2355 2322
2004 2708
2283 2558
2509 2364
2241 2634
2057 3149
2072 2904
2269 2739
2455 2629
2588 2417
2129 2976
2504 2594
2471 2577
2280 2872
2347 2866
2655 2496
2720 2465
2371 3041
2405 2830
2190 3188
2773 2683
2171 3384
2812 2662
2428 3311
2433 3159
2724 2900
2763 3115
3215 2622
2968 2814
2741 3143
2889 2938
2697 3189
2841 3089
3065 2878
2838 3066
2581 3400
2677 3344
2979 3074
2688 3395
3531 2549
3200 3007
3036 3213
3191 3214
2934 3372
3052 3319
3169 3265
3495 2903
3405 3104
3018 3476
3319 3228
3291 3453
2797 3557
3417 3277
3505 3289
3412 3316
3393 3523
362442651 2102469315
1
sift 656
1177 1026
2981 2994
30 17
45 37
41 39
39 28
1128 1069
42 29
75 57
49 36
52 43
1437 1450
53 46
70 61
61 63
66 44
1426 1588
78 60
77 77
116 115
88 71
1511 1453
96 81
233 213
149 120
94 84
2176 1517
97 90
343 267
168 145
101 92
2107 1937
111 100
359 284
157 160
141 80
2073 2125
113 123
364 344
218 143
118 129
2601 2040
140 114
577 502
205 167
138 126
2699 2428
143 128
596 521
228 171
139 134
2641 2724
130 146
674 532
186 205
144 141
3011 3359
163 159
655 633
230 238
212 155
3444 3374
180 172
735 576
304 273
195 168
3322 3620
215 165
731 594
309 322
193 175
3449 3767
199 173
781 680
328 335
208 184
3540 3397
227 174
842 774
332 343
213 198
225 195
893 815
415 352
188 222
203 217
824 937
474 318
197 226
241 196
938 921
419 357
234 214
242 211
1039 926
433 367
238 227
256 229
1184 929
482 361
262 242
283 225
1193 999
443 391
296 232
305 241
1305 1174
394 455
301 246
291 252
1311 1302
467 411
306 247
288 258
1363 1335
503 404
281 271
357 236
1224 1491
499 451
287 276
311 266
1506 1225
548 479
363 249
316 274
1676 1484
568 534
320 280
317 287
1609 1587
585 519
347 278
330 305
1666 1543
537 684
378 295
402 291
1738 1558
723 796
383 306
392 317
1864 1617
896 677
400 316
393 325
1887 1707
782 947
387 337
412 345
1788 1850
943 786
456 369
438 389
1910 1956
1003 848
473 356
440 393
1895 2006
964 920
428 416
421 425
2367 1690
991 912
484 373
455 408
1965 2083
1055 902
465 398
478 403
1958 2179
1103 956
493 431
485 454
2108 2054
1088 1015
505 443
543 436
2002 2197
942 1338
487 475
546 456
2423 1929
1169 1060
539 468
533 471
2281 2059
1251 1037
566 459
506 500
2095 2264
1347 1005
531 494
501 531
1942 2462
1155 1239
571 484
554 509
2385 2192
1396 1193
569 508
581 499
2308 2409
1415 1223
614 489
620 486
2365 2459
1480 1298
589 514
624 495
2759 2116
1529 1240
528 589
625 511
3030 1999
1422 1398
619 515
593 552
2487 2478
1603 1222
632 522
636 523
2887 2519
1320 1597
616 560
740 470
2907 2694
1474 1434
669 544
570 682
3082 2678
1507 1512
665 555
788 482
2811 2947
1596 1430
670 565
664 590
2857 2996
1636 1537
656 622
727 559
2905 2977
1811 1404
628 678
689 617
3099 3044
1709 1713
717 591
714 603
3282 3369
2040 1732
652 681
707 618
2947 3728
2170 1721
578 794
688 673
3193 3560
2145 1760
721 661
792 604
3421 3413
2077 1821
797 613
759 640
3441 3576
1950 1940
700 698
748 662
3463 3745
2171 1800
745 670
775 660
3537 3691
1771 2175
737 687
691 726
1902 2084
808 671
803 689
2065 1946
821 674
806 718
2052 1975
694 825
784 741
2185 1985
800 735
769 757
1953 2255
841 713
874 695
2133 2165
832 723
951 644
2269 2076
875 721
733 853
2134 2227
836 767
818 781
2618 1858
830 791
798 842
2494 1970
972 720
908 764
1917 2654
892 805
851 882
2433 2105
867 865
998 765
2217 2370
954 798
929 850
2672 1961
857 924
986 810
2380 2223
833 980
924 864
2362 2358
959 841
945 870
2322 2490
909 907
915 905
2323 2498
911 919
990 880
2303 2627
919 942
956 925
2889 2131
1150 773
1026 884
2712 2253
988 917
1043 904
2562 2488
1029 948
1095 890
2417 2767
1087 939
1045 990
2472 2759
1066 973
1245 844
3398 2095
994 1057
1181 936
2662 2667
907 1285
1174 1031
2575 2748
1144 1070
1218 1039
2896 2567
1246 1034
1171 1090
2330 3317
1333 1051
1237 1123
3352 2527
1269 1104
1213 1195
2810 2889
1281 1139
1430 1048
2962 2858
1293 1142
1285 1153
2552 3288
1317 1135
1157 1310
2959 2894
1225 1241
1359 1143
2886 2981
1151 1367
1490 1076
3135 2914
1294 1281
1154 1441
3022 3064
1441 1184
1370 1258
3133 3108
1391 1252
1848 997
2987 3238
1549 1145
1644 1101
2812 3506
1381 1353
1448 1305
3544 2589
1382 1376
1329 1447
2786 3688
1411 1358
1428 1368
3077 3524
1337 1488
1486 1332
3469 3593
1332 1579
1703 1172
1440 1421
1475 1382
1446 1506
1357 1676
1444 1536
1558 1401
1447 1553
1525 1472
1554 1455
1685 1350
1809 1261
1575 1451
1617 1473
2022 1210
1568 1556
1628 1533
1686 1476
1660 1489
1803 1411
1509 1731
1664 1545
1689 1542
1718 1519
1519 1742
2126 1301
1457 1886
1607 1684
1678 1600
1720 1554
2153 1311
1727 1574
2039 1356
1572 1741
1736 1594
1580 1753
1667 1685
1616 1738
1675 1682
1567 1806
1789 1607
1557 1846
1896 1534
1681 1718
1606 1815
1639 1804
1625 1835
1732 1747
1613 1920
1865 1695
2059 1567
1990 1649
1710 1871
1716 1866
1493 2222
2375 1429
2227 1535
1786 1851
2331 1481
1886 1823
1753 1971
1997 1763
2058 1726
1939 1810
2089 1734
1841 1930
2344 1593
2143 1748
2162 1743
2046 1812
2028 1837
1998 1867
1962 1909
1898 1966
1868 2010
1624 2367
2391 1668
1799 2108
1909 2015
1824 2138
2093 1901
1966 1996
1843 2166
2387 1755
2008 2092
1933 2210
2128 2019
2276 1922
2659 1692
2234 2000
2158 2074
2454 1842
1949 2342
2055 2241
2293 2027
2105 2218
2121 2201
1978 2360
1995 2352
2048 2312
2000 2381
2024 2382
2124 2281
2600 1852
2746 1789
2044 2388
2184 2330
2245 2311
2291 2267
2406 2156
2890 1826
2469 2089
2146 2493
2368 2280
2172 2534
2726 2050
2411 2372
2481 2327
2224 2634
2609 2193
2354 2532
2461 2424
2532 2340
2274 2684
2660 2288
2996 2091
2506 2486
2456 2537
2476 2522
2528 2475
2443 2583
3268 1993
2623 2393
2777 2274
2634 2386
2710 2332
1782 3583
2453 2620
2576 2479
2739 2348
2843 2314
2606 2514
2974 2243
3007 2238
2589 2548
2706 2484
2955 2324
3000 2345
2466 2770
3050 2355
2358 2953
3301 2211
2557 2740
2761 2629
2566 2783
2715 2679
3047 2474
2731 2682
2398 3080
2301 3231
2952 2603
2942 2612
2643 2813
2808 2710
3006 2602
3069 2571
2670 2832
3003 2619
2730 2802
2814 2749
2744 2803
3116 2597
3014 2661
3045 2647
2893 2722
2776 2827
2403 3306
2533 3096
2750 2876
3288 2540
3168 2675
2482 3286
3324 2568
2831 2904
3109 2745
3087 2761
3235 2703
3012 2854
2879 2939
3209 2769
2961 2919
2775 3089
2985 2922
3098 2865
3369 2683
2941 2967
2836 3104
3351 2715
3002 2956
2753 3207
3017 2968
3010 2986
3126 2913
2792 3256
2970 3111
3203 2944
3042 3101
3187 2969
3265 2926
3067 3145
3132 3099
2966 3241
3162 3120
3252 3045
2951 3363
3355 3020
2953 3448
3357 3041
2938 3492
2651 3845
3236 3269
3311 3170
3231 3318
3004 3565
3206 3372
3386 3150
3465 3049
3427 3140
3155 3482
3294 3319
3089 3609
3238 3474
3377 3296
3040 3705
3157 3595
3350 3466
3468 3335
3314 3650
3443 3558
3251 3834
3392 3657
3284 3810
3433 3617
3312 3821
3533 3672
3384 3975
3550 3472
