491624696 768479201
1
sift 1142
1 3
19 19
0 2
100 87
24 27
12 9
77 78
44 49
11 14
178 243
45 55
25 31
83 104
136 171
26 30
190 223
175 184
32 35
154 174
165 201
27 40
238 264
177 205
36 39
210 242
182 206
39 38
330 410
226 195
48 56
227 314
196 265
49 60
369 444
204 245
57 63
279 401
268 311
58 68
376 641
357 397
63 66
377 558
360 409
79 88
592 676
393 412
85 103
573 733
400 423
96 99
654 674
385 459
89 108
648 757
399 501
86 109
778 658
430 474
101 119
749 698
442 472
99 121
733 821
426 533
109 129
737 833
422 538
108 130
802 909
448 553
106 132
711 906
447 549
115 140
817 884
383 671
123 139
739 881
441 581
121 146
742 1136
419 681
129 144
967 892
505 513
130 142
864 1084
534 568
141 143
923 1079
518 632
138 161
1074 1133
484 734
149 166
1009 1243
582 697
150 169
1167 1141
557 717
151 170
959 1399
639 651
199 138
1043 1526
531 770
159 177
1163 1453
595 763
152 183
1250 1515
634 726
158 180
1170 1451
685 814
146 192
1297 1492
724 803
156 194
1296 1276
694 863
153 212
1284 1692
878 1049
169 191
1264 1594
976 955
161 215
1520 1762
961 1075
192 181
1664 1569
1007 969
174 199
1701 1677
975 1087
188 185
1727 1703
929 1142
191 190
1835 2039
1008 1068
189 218
1768 2055
1028 1130
193 237
1826 2106
1262 928
229 202
1900 1968
998 1168
198 238
1902 2154
989 1198
241 196
1911 2419
920 1418
211 240
1998 2369
1246 1047
179 354
2164 2299
1217 1105
200 271
2068 2425
1138 1178
224 255
2467 2405
1095 1249
221 263
2754 2227
1059 1329
197 322
2603 2349
1058 1394
214 269
2229 2802
1072 1512
239 247
2764 2379
1210 1332
250 241
2302 2919
1209 1374
236 253
2333 2899
1233 1317
235 266
2133 3241
1253 1389
201 366
2527 2848
1113 1714
223 321
2777 2681
1193 1674
261 290
2580 2926
1325 1487
276 279
3577 2183
1308 1509
280 277
2462 3129
1344 1620
253 324
2656 2989
1354 1614
272 287
2570 3133
1314 1784
274 313
3000 2834
1378 1752
258 356
2383 3741
1379 1680
281 335
2864 3107
1478 1649
262 382
2559 3566
1503 1630
296 326
2909 3165
1521 1623
318 294
2932 3212
1434 1733
294 338
2946 3184
1563 1665
285 361
2610 3736
1488 1781
282 368
2791 3547
1369 1961
310 328
2982 3444
1556 2020
291 370
2848 3907
1346 2327
313 342
3432 3125
1760 1923
322 334
3431 3267
1905 2023
311 353
2741 4196
1630 2138
303 374
2801 4454
1764 2279
384 308
3275 3935
2226 1707
333 358
3929 3425
2281 1934
361 355
3657 3676
1525 2648
301 420
3991 3695
1828 2332
355 365
3348 4210
2061 2100
374 360
3328 4365
2006 2186
339 388
3735 3916
1833 2481
337 425
3926 3901
2086 2238
325 435
3433 4394
2049 2328
277 515
3635 4355
1730 3045
373 406
4145 4326
1970 2515
392 384
4146 4431
2065 2439
312 460
4105 4467
2310 2302
346 429
2051 2677
349 440
2157 2564
320 480
1884 3036
321 485
2185 2646
329 489
2084 2820
356 469
2227 2698
370 462
1887 3407
362 468
3119 2090
381 455
1981 3333
352 503
2454 2624
454 415
2588 2612
396 495
2314 2823
405 491
2921 2449
436 448
2390 2786
408 492
2536 2873
420 498
2359 2913
457 457
2684 2755
435 482
2563 2797
378 573
2145 3457
450 477
2716 2761
412 537
2521 3069
424 510
3061 2576
434 506
2621 3100
414 557
2193 3692
410 561
2788 2968
465 500
2637 3181
445 532
2631 3279
466 523
2582 3351
607 431
2330 3797
394 653
3391 2634
474 530
3252 2730
439 586
2742 3248
486 550
2752 3247
490 559
2937 3039
476 587
3028 2996
485 577
2721 3393
502 569
3428 2917
529 554
2869 3196
504 580
3038 3306
503 594
2831 3347
497 602
2729 3822
517 588
2666 3728
487 648
3467 3242
581 570
2760 3800
608 551
2895 4020
596 560
3136 3706
548 599
2813 4202
564 583
3082 3819
492 650
3381 3502
521 630
3564 3360
572 596
3953 3066
533 627
3358 3589
494 686
3083 3895
496 684
2830 4350
530 638
3857 3355
554 616
4014 3674
547 664
3869 3937
626 611
3799 3897
568 690
3761 4066
569 702
3837 4041
664 625
4203 3615
599 685
3618 4402
561 722
4033 4027
594 700
4225 3824
633 666
3805 4387
551 751
3681 4495
602 709
536 791
678 661
622 724
645 710
620 737
700 670
577 784
736 640
659 712
591 777
680 704
652 743
640 749
632 766
647 762
610 786
631 778
597 808
604 812
697 729
649 776
493 989
665 779
716 756
715 771
723 769
679 804
660 831
839 656
670 826
688 805
590 915
743 767
726 781
744 787
760 807
767 819
750 840
766 836
831 782
698 922
769 857
701 960
770 875
786 876
756 924
828 845
806 877
843 842
656 1112
768 935
751 963
762 957
813 908
695 1076
928 800
797 936
791 964
755 1022
807 952
846 889
848 891
684 1155
1014 795
883 888
823 974
886 895
734 1119
851 944
857 950
850 968
834 993
819 1037
845 987
1027 841
872 976
911 992
894 1046
937 1008
1025 934
919 1039
900 1067
940 1024
946 1019
892 1088
981 1007
996 996
863 1139
932 1066
1001 1005
1002 1018
943 1070
1022 1004
899 1134
971 1062
906 1131
930 1107
1034 1003
931 1125
1021 1053
1042 1040
1105 985
1052 1038
1020 1078
1269 870
982 1124
972 1144
1038 1101
875 1337
1049 1110
1018 1152
948 1233
1010 1208
1048 1163
1013 1218
938 1386
1180 1095
1107 1183
1392 956
978 1384
1064 1228
1030 1311
1085 1222
1063 1247
1100 1207
1039 1299
1093 1261
1071 1308
1152 1196
1077 1322
1176 1189
1110 1272
1015 1461
1169 1212
993 1595
1083 1428
1149 1312
1207 1225
1151 1318
1134 1377
1073 1505
1267 1214
1101 1459
1196 1295
1201 1297
1145 1383
1225 1281
1189 1321
1198 1348
1102 1554
1283 1268
1252 1350
1302 1285
1116 1608
1203 1438
1367 1230
1106 1657
1120 1629
1158 1546
1531 1148
1247 1465
1351 1310
1304 1378
1232 1525
1137 1764
1364 1360
1197 1666
1186 1687
1239 1602
1326 1478
1843 1100
1185 1757
1357 1468
1320 1543
1274 1638
1313 1587
1338 1547
1220 1799
1287 1683
1445 1500
1648 1340
1612 1362
1707 1309
1437 1575
1424 1590
1396 1628
1258 1876
1721 1327
1458 1573
1495 1555
1368 1722
1647 1436
1345 1769
1506 1574
1402 1711
1513 1586
1324 1857
1535 1585
1480 1645
1573 1559
1471 1700
1420 1768
1433 1758
1363 1847
1643 1537
1508 1695
1477 1731
1511 1701
1499 1725
1486 1739
1575 1637
1553 1659
1582 1634
1528 1718
1450 1820
1399 1871
1438 1856
1464 1827
1501 1823
1332 2025
1405 1942
1431 1922
1567 1807
1672 1716
1341 2062
1533 1853
1395 2003
1565 1831
1507 1900
1669 1808
1886 1538
1635 1851
1776 1671
1688 1805
1526 1965
1732 1777
1577 1932
1599 1924
1696 1838
1909 1603
1754 1797
1781 1782
1752 1837
1619 1977
1740 1855
1863 1697
1750 1864
1515 2102
1347 2359
1504 2134
1731 1944
1748 1930
1704 1983
1492 2203
1668 2031
1303 2636
1849 1819
1713 1991
1788 1892
1493 2232
1812 1869
1591 2125
1859 1841
1417 2396
1742 1994
1684 2045
1794 1936
1623 2133
1586 2165
1816 1921
1830 1905
1743 2022
1867 1868
1592 2189
1936 1834
1539 2262
1775 1992
1893 1880
1795 1996
1802 1999
2142 1724
1419 2587
1800 2021
1914 1937
2099 1790
1821 2040
1817 2047
1606 2370
1974 1940
1985 1951
1852 2043
1766 2172
1644 2403
1618 2458
1857 2076
1963 2014
1961 2028
1913 2056
1636 2487
1825 2144
2212 1860
1991 2009
1872 2109
1930 2060
1834 2148
1829 2162
1923 2083
2002 2019
1904 2117
1896 2131
1782 2291
1869 2176
2037 2049
1677 2578
2216 1957
1789 2343
1803 2350
1939 2174
1889 2244
2147 2026
1720 2595
1951 2188
2034 2113
1771 2479
1848 2314
2076 2097
2097 2096
2077 2120
1984 2198
2246 2027
1934 2285
1878 2347
1462 3270
2067 2145
1925 2317
2205 2068
1971 2276
2483 1938
1960 2301
1879 2416
1949 2335
1966 2311
1693 2858
2064 2212
1969 2318
1832 2526
1899 2422
1944 2389
2103 2228
2443 2016
1986 2392
2090 2275
2269 2132
1999 2381
1854 2602
2206 2181
2534 2002
1932 2592
2173 2297
2322 2164
2204 2271
2123 2344
1982 2531
2219 2265
2184 2319
2116 2399
2346 2201
2004 2560
2343 2217
2220 2324
2357 2215
2299 2255
2137 2437
2446 2170
2057 2557
2590 2110
2159 2467
1928 2816
2316 2309
2414 2252
2078 2611
2745 2054
2236 2431
2166 2568
2093 2663
2035 2746
2203 2534
2233 2504
2326 2410
2453 2321
2271 2510
2426 2367
2285 2495
2152 2678
2046 2830
2025 2874
2353 2500
2356 2506
2183 2715
2267 2620
2622 2281
2208 2703
2348 2556
2055 2927
2230 2713
2109 2872
2440 2502
2535 2415
2554 2401
2373 2601
2429 2549
2449 2532
2406 2591
2174 2852
2374 2618
2612 2374
2258 2770
2638 2363
2307 2716
2905 2200
2072 3063
2215 2891
2017 3175
2125 3008
2318 2804
2403 2738
2399 2750
1937 3449
2255 2929
2388 2777
2790 2383
2127 3110
2411 2808
2107 3190
2630 2572
2325 2896
2510 2724
2478 2772
2379 2889
2196 3127
2313 2958
2464 2826
2293 2992
2328 2960
2567 2717
2266 3062
2706 2596
2543 2760
2225 3156
2544 2784
2537 2799
2436 2915
2493 2845
2010 3558
2370 3005
2421 2950
2351 3026
2439 2944
2573 2809
2275 3141
2412 2980
2074 3489
2523 2862
2304 3098
2256 3199
2648 2741
2693 2710
2251 3235
2623 2776
2819 2582
2677 2758
2432 3022
2655 2791
2542 2898
3079 2412
2908 2561
2437 3083
2530 2981
2774 2754
2710 2840
2507 3078
2687 2884
2435 3177
2288 3420
2856 2744
2617 2990
3023 2610
2111 3923
2401 3402
2999 2718
2587 3159
2352 3512
2805 2937
2680 3070
2761 3004
2726 3059
3491 2465
2457 3483
3024 2821
2731 3132
2661 3225
2735 3139
2541 3390
2455 3557
2663 3257
2444 3574
2898 2970
2561 3432
3323 2665
2600 3409
2850 3090
2919 3016
2782 3210
2556 3506
2400 3814
2702 3348
2471 3722
2827 3183
2104 4397
2707 3374
2945 3056
2657 3451
2490 3781
2492 3786
2826 3281
3098 2985
2705 3508
3036 3065
2775 3415
2797 3379
2927 3216
2577 3746
3375 2847
2685 3588
2808 3416
3088 3072
3052 3149
3003 3203
2642 3715
2975 3250
4003 2530
2846 3470
2722 3684
3246 3028
2724 3697
2996 3304
2653 3821
3292 3025
2818 3565
2758 3680
3318 3021
2911 3459
3793 2733
2862 3517
3103 3220
3159 3171
2834 3591
3176 3157
3268 3104
2671 3902
3216 3153
3575 2910
2881 3564
4217 2492
2887 3577
3186 3213
3418 3042
2643 3994
3114 3316
3014 3448
2942 3540
3132 3334
3325 3166
3181 3300
2872 3707
3733 2904
2974 3560
3215 3283
3217 3286
3429 3120
2858 3769
2594 4221
2795 3909
2739 4025
3461 3138
2641 4183
3417 3185
2832 3941
3049 3611
3834 2952
2967 3731
3528 3174
3299 3368
3109 3554
3373 3326
3060 3634
2625 4337
2933 3864
3272 3428
3111 3614
2889 3963
3533 3256
3383 3373
2950 3892
2977 3870
3175 3608
3058 3784
3004 3886
3077 3792
3285 3562
2914 4073
3475 3410
3372 3523
3535 3380
3248 3645
3008 3972
2962 4036
3484 3458
3472 3469
3168 3760
3269 3677
4101 2991
3496 3479
3504 3491
3466 3531
3124 3921
3648 3388
3976 3124
3087 3968
3394 3666
3700 3412
3254 3849
3074 4079
3514 3604
3143 4002
3238 3926
3777 3427
3357 3841
3316 3878
3163 4116
3809 3487
3336 3961
3274 4034
3562 3739
3498 3840
3606 3727
3486 3858
3956 3417
3751 3618
3135 4325
3634 3795
3570 3863
3541 3906
3764 3679
4086 3391
3271 4216
3599 3904
3910 3601
3134 4417
3905 3648
4207 3378
3624 3980
3500 4126
3382 4257
4199 3422
3580 4086
3385 4289
3192 4437
3557 4148
3792 3934
3924 3799
3377 4348
3630 4122
3321 4407
3775 3992
3303 4427
3772 4052
4262 3455
4239 3514
3619 4280
3688 4213
4092 3836
3815 4131
3666 4272
3724 4240
3979 3999
3353 4485
3952 4057
4173 3818
3716 4327
3755 4323
3939 4155
3842 4292
3578 4469
4258 3776
3830 4395
4165 4081
4095 4194
4067 4238
4006 4315
3960 4344
3890 4424
4163 4178
4050 4378
4237 4141
3954 4444
4202 4266
3781 4505
3795 4501
3865 4497
4102 4439
4192 4479
4264 4488
491624696 781759124
1
sift 626
43 48
19 21
11 14
24 27
77 80
45 59
23 28
36 37
83 88
175 175
39 43
54 56
100 97
206 229
56 55
58 69
154 155
204 232
86 95
112 99
178 189
225 220
106 102
105 105
238 242
255 252
101 109
109 112
227 268
323 297
121 123
158 132
279 357
360 340
149 140
156 195
330 351
393 381
153 209
152 222
376 345
385 434
163 211
174 179
369 367
422 440
173 205
189 234
377 407
399 465
187 241
198 254
592 588
442 454
236 224
241 228
648 653
419 524
201 265
276 194
654 667
448 532
235 255
284 215
644 816
505 506
211 280
239 275
739 729
650 469
280 278
310 259
737 751
534 550
261 348
291 314
733 757
558 539
296 316
294 337
711 830
518 594
349 284
318 343
817 803
582 631
303 364
301 375
784 971
531 813
311 369
274 456
923 997
639 683
315 394
374 347
820 1274
763 847
356 379
392 350
959 1062
961 819
386 355
370 380
1009 1227
985 818
382 409
397 401
1163 1251
896 963
368 457
410 443
1170 1300
929 938
321 560
412 476
1167 1315
1028 857
408 480
434 460
1227 1245
878 1055
466 470
436 521
1250 1332
1006 952
440 525
445 528
1297 1357
1091 897
608 403
503 499
1284 1425
1008 1069
497 526
548 479
1278 1519
998 1128
521 516
496 568
1520 1648
1262 874
502 565
513 557
1538 1823
1217 903
504 567
500 581
1701 1733
989 1208
564 544
554 563
1768 1767
1138 1025
671 487
581 555
1664 2016
1136 1111
561 605
530 654
1900 1732
1059 1209
597 630
700 586
1898 1772
1369 904
647 629
594 661
1835 1854
1095 1182
547 708
645 640
2056 2006
1128 1158
631 655
663 636
1842 2279
1245 1091
721 613
678 643
1826 2338
1209 1243
604 705
679 666
1902 2236
1193 1268
657 690
610 755
2068 2178
1233 1233
681 691
670 753
1911 2410
1244 1312
656 797
635 851
1998 2342
1315 1213
750 701
752 698
2164 2179
1113 1524
743 713
672 834
2144 2201
1253 1384
766 734
758 752
2603 2118
1308 1375
720 821
707 859
2462 2390
1380 1335
756 788
751 804
2334 2688
1488 1254
832 702
828 722
2764 2467
1378 1362
690 927
769 825
2527 2701
1344 1476
755 850
850 721
2539 2683
1314 1523
701 936
844 738
2522 3074
1478 1397
791 824
823 795
2741 3260
1555 1472
848 765
835 790
3257 2864
1678 1428
928 703
826 852
3409 2931
1521 1622
894 799
863 840
2982 3383
1354 1871
797 940
886 817
3021 3368
1556 1799
846 866
843 878
3275 3293
1449 2108
880 828
834 912
3566 3182
1630 1915
842 926
845 932
3657 3411
1760 1819
982 864
1035 822
3735 3510
1920 1838
899 976
931 978
3991 3552
1905 1863
996 921
1081 845
1828 1972
943 988
981 958
1970 1984
900 1068
1025 933
1841 2158
906 1079
836 1202
2065 1933
1013 993
1052 954
1833 2344
932 1109
934 1099
2049 2111
1010 1039
1053 1045
2310 1880
1041 1074
972 1225
2422 1836
875 1462
1030 1192
1884 2378
1038 1185
1048 1170
2014 2271
1064 1141
1093 1110
2117 2227
1165 1032
1071 1173
1887 2592
1034 1220
1083 1229
2157 2325
1180 1100
1100 1223
2084 2470
1022 1427
1134 1239
2287 2330
1114 1276
1130 1280
2336 2324
1090 1382
1151 1290
2454 2232
1185 1442
1181 1492
2051 2613
1252 1395
1313 1317
2621 2180
1406 1238
1283 1456
2631 2316
1357 1376
1445 1333
2145 2905
1338 1446
1466 1340
2716 2393
1455 1350
1220 1639
2588 2497
1557 1297
1341 1506
1981 3417
1402 1474
1492 1399
2666 2476
1647 1311
1396 1529
2390 2778
1540 1409
1602 1463
2359 2843
1513 1536
1582 1510
2563 2774
1576 1588
1740 1500
2521 2867
1395 1841
1572 1655
2637 2738
1507 1719
1243 2247
3136 2340
1695 1594
1456 1805
2831 2663
1332 2009
1506 1751
2635 2985
1752 1545
1707 1599
3119 2479
1732 1576
1335 2072
3251 2458
1845 1477
1575 1747
2869 2777
1515 1815
1397 1967
3031 2641
1592 1742
1514 1846
2721 3048
1565 1775
1668 1701
2595 3314
1669 1702
1843 1554
3083 2710
1623 1821
1742 1687
2937 2978
1550 1921
1688 1773
2836 3138
1546 1954
1750 1731
2997 2958
1591 1951
1812 1680
3028 3007
1586 2038
1644 1968
2788 3345
1577 2092
1417 2352
3057 3109
1502 2225
2097 1574
2895 3475
1731 1965
1988 1675
2753 3550
1713 2019
1837 1811
3381 3200
1831 1837
2064 1658
3467 3251
1800 1916
1802 1969
3564 3252
2095 1703
1830 1974
3470 3369
1783 2128
1743 2217
3869 3037
1772 2168
1789 2142
3427 3481
1869 2003
1939 1935
3532 3488
1991 1890
1872 2023
3618 3502
1886 2005
1758 2250
3901 3349
1937 1970
2002 1906
4130 3305
1984 1994
1870 2150
4225 3376
2013 1977
1944 2124
2534 1684
2077 2011
2046 2049
2241 1882
2035 2085
1931 2228
1951 2218
2085 2062
1819 2419
1829 2462
1966 2293
2057 2190
1821 2519
2159 2116
1787 2603
2135 2157
2449 1899
2123 2175
2299 2012
2483 1894
1946 2448
2096 2266
1747 2890
2018 2379
2111 2351
2174 2312
2426 2110
2220 2292
2440 2113
2004 2523
2127 2384
2328 2231
2080 2518
1850 2918
2166 2441
2510 2160
2255 2412
2437 2259
2271 2428
2055 2664
2476 2304
2745 2095
2230 2514
2021 2795
2243 2524
1971 3016
2025 2907
2010 2974
2630 2252
2196 2669
2513 2382
2275 2624
2446 2477
2805 2208
2531 2436
2325 2680
2442 2575
2999 2177
2670 2451
2453 2690
2267 2983
2661 2509
2680 2516
2376 2875
2432 2793
2266 3116
2457 2880
2542 2753
2535 2782
2633 2672
2757 2588
2782 2569
2352 3121
2561 2841
2517 2923
2500 2963
2556 2862
2856 2537
2774 2640
3111 2374
2616 2836
2589 2908
2577 2956
3203 2360
2938 2543
2612 2924
2747 2780
3016 2513
2648 2919
2523 3187
2360 3420
3100 2520
2234 3540
2647 3077
2772 2957
2879 2806
2827 2891
2663 3160
2962 2771
2657 3243
2766 3082
2682 3255
2834 3026
2964 2855
2714 3244
2743 3217
2975 2871
3268 2614
2724 3285
3062 2802
2901 3050
3176 2741
3245 2702
3103 2850
2854 3193
2928 3093
3003 3024
2837 3266
3115 2948
3568 2634
2797 3408
3318 2819
2967 3222
3385 2828
3087 3110
3158 3058
3386 2873
3533 2755
3294 2995
3211 3056
3595 2757
3155 3151
2913 3431
3168 3172
3054 3337
3181 3210
2930 3494
3049 3402
3521 2990
3051 3443
3186 3335
3172 3346
3110 3404
3349 3214
3378 3290
3253 3400
3437 3287
3461 3286
3535 3239
3696 3076
3300 3439
4067 2870
3514 3359
3493 3391
3238 3526
3700 3248
3675 3313
4073 3005
4224 2840
3562 3483
3545 3525
3407 3555
3828 3445
3835 3466
4171 3211
4069 3372
3738 3544
4207 3310
3927 3529
3976 3527
4173 3444
4163 3472
4288 3169
491624696 850672740
1
sift 198
59 38
370 235
94 88
115 126
108 81
478 375
119 113
253 217
146 121
743 366
159 150
366 225
167 152
657 696
197 162
346 318
200 200
1005 643
219 211
396 285
263 223
1134 1036
282 253
479 526
386 301
1444 989
362 325
729 452
420 352
1506 1163
425 353
806 697
608 411
2577 1210
631 419
953 647
591 458
2243 1452
602 511
787 784
659 499
2276 1438
578 556
994 824
665 534
2242 1467
726 652
921 993
734 762
2080 1753
1027 557
930 1079
767 743
2432 1760
875 694
1015 972
919 807
2423 1789
937 888
1055 1078
1106 829
2523 1765
1107 859
1018 1164
1063 944
2346 1907
1120 902
1232 916
1077 1091
2556 1936
1022 1190
1116 1158
1304 876
2774 1898
1186 1015
1377 1097
1166 1128
2496 2060
1282 1029
1697 990
1239 1150
2589 2051
1345 1381
1342 1484
1794 1199
2834 1947
1493 1378
1938 1205
1428 1456
3159 2072
1511 1403
1548 1843
1456 1545
2531 2740
1584 1449
1606 1848
1437 1608
3173 2223
1688 1527
1781 1624
1742 1485
3292 2243
1643 1656
1827 1622
1782 1552
2976 2627
1672 1827
1773 1786
1819 1711
3704 2470
1982 1989
1969 1831
2183 1648
4237 2514
2098 1997
2090 1739
2356 1588
3813 2931
2879 1546
2076 1889
2203 1882
4128 3176
2225 2005
2258 2242
2304 1945
3809 3426
1977 2334
2296 2323
2544 1977
3970 3796
2220 2302
2401 2339
2318 2216
4138 4399
1965 2762
2667 2172
2500 2282
2471 2357
2374 2421
2493 2565
2689 2414
2606 2503
3379 2059
2511 2712
2677 2482
2620 2586
2858 2401
3340 2146
2766 2589
2408 3003
3392 2208
2850 2567
3190 2537
2919 2512
3156 2389
2942 2811
2821 2703
3928 2254
2974 3021
2816 3381
3787 2498
3140 2975
2793 3431
3610 2717
3862 2660
4090 2504
2705 3732
2600 3874
2874 3496
3759 2799
3828 2879
3466 3139
3484 3203
3899 2958
2965 3738
3095 3626
3673 3366
3496 3387
3125 3768
3531 3510
2597 4702
2945 4087
3499 3573
3693 3379
3368 3725
3600 3687
3204 4057
3373 4093
3756 4032
3698 3824
3792 3938
3334 4525
3715 4189
3561 4307
3833 4072
4211 3795
3540 4845
4087 4579
491624696 1078340171
1
sift 337
58 41
514 421
1219 954
69 49
89 83
717 534
1100 1072
108 102
123 112
770 701
1743 1405
117 132
149 126
1042 568
1791 1394
159 134
169 139
892 661
1991 2296
214 170
187 203
1189 1200
2762 2492
222 234
219 250
1145 1298
2941 2917
263 212
258 225
1499 1224
274 277
313 251
1450 1614
318 268
296 286
2067 1350
291 300
355 262
1803 1624
405 236
282 336
2233 1539
310 339
349 324
1533 2201
356 340
362 338
2179 1889
352 356
337 399
2761 1924
370 372
415 345
1960 2716
386 411
396 398
2653 2299
436 403
450 386
3763 2254
420 456
381 524
3486 2416
378 544
414 480
3453 2910
425 503
612 377
3406 3101
486 467
608 389
3830 3740
523 458
504 466
4110 3752
485 513
512 506
4007 3967
492 538
542 552
602 508
626 516
736 457
620 535
640 537
647 570
577 641
572 673
745 571
665 646
649 670
715 626
726 631
696 675
769 660
701 721
1027 586
734 791
762 762
767 755
928 658
751 885
937 692
819 779
911 722
940 714
845 819
856 806
842 858
880 822
875 867
886 878
903 864
913 855
872 911
843 1011
919 930
934 931
971 917
953 964
1215 770
1001 1025
1081 1008
850 1343
1038 1101
1120 1045
1077 1136
1302 935
1180 1059
1022 1284
1181 1085
1169 1099
1232 1150
1186 1276
1239 1223
1225 1266
1134 1448
1304 1209
1201 1429
1223 1452
1282 1345
1403 1208
1254 1430
1320 1382
1721 1143
1248 1686
1313 1565
1345 1522
1458 1443
1577 1332
1475 1437
1492 1408
1402 1509
1190 1855
1433 1499
1508 1444
1397 1585
1672 1305
1505 1476
1363 1761
1511 1617
1599 1558
1659 1525
1456 1749
1534 1687
1553 1739
1849 1426
1795 1561
1821 1572
1529 1860
1939 1472
1914 1494
1716 1723
1867 1532
1750 1699
2147 1346
1775 1698
1816 1697
1677 1841
2446 1285
1742 1804
1974 1587
1692 1867
2034 1576
1493 2125
1934 1660
1819 1765
1782 1842
1586 2132
1999 1759
2098 1719
1689 2163
2242 1673
1780 2020
1930 1885
2094 1839
1852 2031
1986 1909
1834 2088
1754 2349
2075 1994
2206 1904
2267 1876
2436 1802
1850 2245
2127 2039
2074 2109
2119 2105
2421 1906
2204 2061
1937 2369
2220 2111
1984 2374
2554 1907
2192 2190
2327 2093
2093 2313
1982 2495
2451 2103
1899 2763
2568 2106
2427 2209
2556 2218
3058 1920
2371 2519
2408 2487
2642 2274
2600 2344
2507 2447
2173 2777
2478 2512
2506 2478
3018 2085
2612 2428
2658 2429
3196 2048
2370 2761
2677 2496
2439 2719
2726 2542
2655 2610
2567 2697
2583 2692
2530 2748
2766 2577
2538 2821
2850 2561
2862 2559
3103 2367
2112 3487
2620 2855
3311 2332
2795 2749
3024 2566
3631 2232
2976 2645
2735 2863
2819 2802
2974 2670
3340 2442
3264 2500
2714 2961
2500 3337
3012 2759
3188 2647
2858 2939
3372 2604
2722 3184
2649 3262
3303 2668
2743 3204
2443 3676
2564 3475
3215 2839
3016 3043
3734 2629
2827 3351
3049 3100
3316 2867
3087 3058
3181 3012
3054 3169
3124 3116
3368 2930
3392 2936
3164 3117
3334 3000
3397 2993
3184 3157
3310 3074
3176 3176
4264 2435
2964 3502
3130 3359
3217 3323
2942 3649
3404 3199
3757 2994
3169 3518
3600 3178
3776 3061
3512 3279
3561 3277
3274 3514
3385 3445
3287 3531
3751 3175
3531 3357
3190 3680
3640 3300
3871 3194
3828 3255
3716 3372
4204 2964
3570 3506
3605 3533
3890 3306
3533 3620
3206 3915
3144 3970
3988 3285
3455 3791
3787 3588
3378 3987
3791 3668
3872 3591
3969 3515
3697 3824
3919 3645
3939 3664
3817 3825
3915 3797
3833 3994
4236 3604
4224 3708
4192 3773
4173 4023
491624696 1256872597
1
sift 671
10 11
19 18
11 9
817 837
1369 1343
25 21
43 46
24 31
23 26
1217 894
3358 3627
36 38
77 86
44 42
39 40
1074 1229
4014 3266
45 54
83 104
133 154
54 57
1167 1225
56 56
154 163
175 194
58 64
1297 1417
86 100
143 171
182 196
105 110
1634 1665
106 113
238 279
196 175
112 114
2164 1863
101 128
227 296
204 239
108 119
1997 2532
109 131
279 409
225 248
121 134
2202 2357
149 139
330 371
255 242
153 146
2603 2593
158 164
369 399
323 332
188 152
2741 3050
156 188
376 492
360 412
146 202
3869 2997
152 206
458 747
385 427
161 198
174 172
573 618
426 404
173 200
180 208
592 634
422 447
189 224
187 237
654 723
399 484
198 221
241 217
648 777
442 444
220 257
222 261
737 767
432 472
211 283
284 201
711 884
419 532
235 251
219 305
733 866
448 496
224 302
276 231
782 952
441 546
236 277
239 275
820 1089
484 493
259 264
274 281
959 1000
505 490
260 330
282 306
923 1121
393 708
280 311
258 357
1009 1389
534 582
300 292
296 316
1163 1305
518 625
291 344
303 323
1170 1388
634 567
294 345
310 335
1284 1446
558 633
350 298
392 287
1296 1466
582 650
326 348
333 354
1278 1620
531 789
321 364
315 373
1687 1468
595 757
318 397
301 419
1520 1639
639 728
374 366
311 429
1547 1703
685 729
370 391
356 457
1664 1736
694 865
407 393
397 414
1517 1997
724 852
382 453
443 376
1992 1624
961 846
408 479
386 516
1726 2038
878 963
410 487
412 508
1768 1961
929 945
414 511
368 621
1538 2450
989 971
440 503
439 525
1900 1818
1006 1061
445 544
436 562
2068 1953
998 1085
476 510
466 565
1701 2610
1246 915
485 542
504 528
1911 2218
1059 1220
503 580
496 592
1902 2240
1094 1258
541 569
497 615
2229 2075
1128 1306
548 564
521 600
1826 3121
1210 1218
502 635
511 631
2334 2537
1113 1398
500 665
513 668
2764 2433
1075 1521
561 637
564 640
2552 2720
1244 1314
536 685
594 658
2516 2903
1233 1369
547 694
597 676
2460 3019
1325 1368
633 662
632 680
2527 2919
1209 1557
660 673
604 705
2383 3170
1253 1527
678 677
631 710
2539 3043
1380 1401
551 801
647 704
2909 2947
1242 1631
700 679
581 786
3432 2649
1344 1627
681 702
645 755
3127 2922
1488 1516
670 730
671 766
2932 3369
1555 1554
730 720
610 870
2802 3706
1378 1733
696 780
672 825
3275 3350
1434 1796
743 738
701 781
2982 3713
1491 1931
656 850
663 848
1525 1944
679 829
726 769
1556 1920
750 758
752 768
1630 1868
751 788
766 813
1728 1888
635 992
832 763
2032 1599
769 844
1035 667
1905 1730
755 875
850 764
1449 2499
756 889
797 842
1828 1971
791 872
823 840
1942 1900
831 833
848 819
1703 2386
720 1026
828 893
1920 2081
846 883
801 975
1970 2037
690 1224
1001 809
1833 2254
894 900
844 969
2014 2089
834 1015
863 989
2310 1866
996 935
821 1205
1884 2442
906 1019
934 1022
1841 2507
932 1035
943 1011
2084 2215
931 1056
900 1113
2039 2269
1025 979
981 1027
2226 2164
886 1200
872 1228
2117 2353
875 1222
919 1160
2049 2491
997 1048
842 1362
2157 2452
1013 1059
1041 1034
2454 2211
1038 1045
982 1159
2287 2392
1004 1195
1022 1169
2001 2732
1030 1189
972 1280
2194 2553
1071 1154
1064 1173
2165 2929
986 1351
1090 1176
2227 2914
1083 1237
1165 1137
2621 2575
1134 1213
1048 1407
2637 2582
1034 1447
1151 1264
2359 3115
1114 1346
1100 1383
2295 3234
1052 1490
1129 1360
2521 2943
1137 1387
1077 1538
2666 2835
1102 1497
1158 1454
2145 3604
1185 1412
1304 1363
3136 2464
1313 1358
1186 1562
2631 3009
1301 1406
1345 1367
2563 3101
1283 1487
1237 1565
2760 2898
1252 1564
1181 1685
2588 3176
1248 1616
1326 1522
2634 3171
1444 1411
1341 1519
3038 2808
1402 1500
1445 1463
3028 2904
1602 1347
1513 1427
2813 3337
1514 1433
1502 1444
3677 2570
1506 1451
1357 1590
2836 3364
1324 1634
1584 1456
3251 2951
1338 1670
1395 1629
2936 3326
1396 1641
1843 1289
3564 2719
1557 1552
1389 1688
2721 3648
1492 1623
1303 1962
3082 3220
1317 1930
1438 1749
3371 2992
1732 1534
1624 1609
4232 2890
1456 1791
1582 1666
3154 3723
1507 1753
1607 1662
3470 3694
1455 1827
1576 1709
3690 3618
1644 1708
1399 2115
1397 2120
1707 1693
1577 1821
1668 1764
1647 1820
1677 1823
1623 1923
1572 2001
1800 1689
1618 2018
1672 1922
1635 2007
1812 1746
1688 1972
1417 2455
1539 2236
1787 1798
1750 1887
1592 2204
1882 1732
1713 2034
1704 2071
1909 1737
1772 1912
1565 2361
1988 1713
1731 2098
1518 2478
1696 2197
1782 2004
1802 1973
1798 2010
1868 1876
2097 1700
1758 2143
1752 2171
1591 2494
1819 2085
1743 2298
1515 2706
1742 2321
1945 1959
2064 1814
1783 2226
1771 2259
1791 2263
1837 2184
1937 2063
1834 2223
1789 2329
1830 2324
1870 2247
2035 2079
1951 2208
2021 2114
2025 2117
1944 2231
2127 1996
1991 2205
1899 2333
2002 2182
1903 2335
1984 2244
2534 1740
1931 2365
2119 2135
1971 2372
2255 2055
2004 2337
1821 2609
2159 2159
2239 2102
2043 2331
1829 2644
2426 1992
1966 2497
1792 2816
2299 2155
2123 2355
2057 2436
2196 2299
1872 2726
1759 3088
2357 2169
2353 2181
1831 2895
1850 2859
2267 2330
1925 2752
2328 2285
2166 2475
2399 2261
2313 2334
2099 2577
2325 2368
2243 2472
2010 2837
2676 2137
2440 2391
2406 2443
2531 2385
2437 2486
2476 2468
2090 2932
2174 2801
2322 2608
1965 3193
2483 2509
2612 2398
2271 2796
2230 2862
2173 2967
3124 2041
2096 3110
2513 2579
3111 2090
2453 2660
2254 2972
2085 3278
2693 2501
2432 2790
2232 3080
2331 2953
2275 3049
1999 3515
2457 2815
2657 2603
2382 2946
2446 2876
2510 2806
2757 2576
2577 2740
2747 2611
2288 3186
2601 2760
2535 2896
2594 2850
2376 3148
2805 2638
2654 2804
2472 3104
2745 2781
2775 2745
2723 2826
2442 3229
2661 2934
2561 3089
2630 3035
2556 3144
2772 2916
2388 3488
3245 2517
3113 2596
2496 3371
2642 3154
2901 2874
2964 2788
2523 3411
2517 3441
2782 3133
3217 2648
2736 3276
3060 2861
2542 3541
2573 3512
2680 3406
3203 2756
2648 3451
2962 3037
3049 2989
2914 3138
3239 2814
2958 3103
2797 3343
2834 3291
2897 3205
2942 3146
2938 3162
2975 3130
2794 3430
3100 3042
2722 3527
3103 3062
3132 3086
3030 3192
2917 3396
2682 3688
3003 3347
2900 3473
3464 2930
2837 3590
3380 3054
3248 3159
2625 3716
2974 3497
3159 3312
2928 3567
3046 3456
3176 3329
3386 3209
3675 2980
3211 3367
2967 3609
3835 2894
2929 3673
3087 3514
3062 3556
2977 3636
3294 3398
3246 3453
3130 3592
3562 3256
3268 3492
3287 3491
3192 3569
3942 3003
3369 3468
3084 3683
3096 3678
3195 3634
3321 3577
3704 3313
3856 3260
3535 3523
3365 3647
3378 3655
3880 3356
3485 3645
3738 3487
3461 3682
3696 3576
3533 3696
3960 3447
3888 3643
3848 3703
4165 3518
3860 3711
3899 3708
3970 3705
4237 3702
4286 3718
491624696 1375567567
1
sift 450
227 366
226 284
11 10
57 71
39 37
26 26
330 584
255 303
59 42
189 243
58 50
94 77
525 545
225 405
87 76
224 268
85 84
101 85
654 702
385 541
86 96
439 465
149 192
115 106
749 728
518 605
108 120
594 485
230 176
159 127
644 961
534 632
146 132
597 522
187 270
167 144
733 918
639 769
211 199
466 684
180 319
197 223
739 1046
878 942
276 187
668 602
198 293
219 252
818 1188
907 1100
222 253
670 975
241 241
253 237
924 1345
961 1183
284 233
679 997
368 209
235 307
959 1525
1113 1712
282 310
1021 1220
280 339
346 295
1009 1715
1210 2534
289 335
1084 1149
291 336
313 333
1074 1962
1478 2812
310 317
1252 1179
318 313
312 344
1170 1703
1905 2796
274 412
1129 1556
321 385
366 329
1227 1747
2061 3173
396 324
1163 2000
349 389
362 354
1296 1694
2418 2945
378 401
1528 1523
356 437
478 330
1250 2184
2788 3788
370 439
1338 1833
394 462
355 460
1284 2340
405 422
1550 1965
436 433
457 371
1701 2025
425 397
1776 1651
608 404
420 424
1687 2552
418 444
1798 2879
412 715
381 484
1768 2993
450 406
2164 2486
497 619
479 396
1911 2869
352 561
1842 3003
631 629
486 500
1998 3039
602 451
1826 3374
701 637
659 472
2383 3038
591 520
2209 3030
635 733
533 575
2764 3222
787 463
2432 2903
726 713
734 495
2460 3626
728 510
2542 3008
723 746
529 625
2603 3722
626 582
3003 2836
769 764
578 616
3433 4612
551 677
2417 3612
928 759
572 745
3275 4807
640 707
2457 4130
843 810
665 720
616 757
2440 4219
842 824
767 635
736 673
2325 4531
828 849
649 784
632 828
3272 3511
762 954
806 749
948 650
2977 4462
750 980
744 805
874 718
3158 4446
1001 777
715 891
717 908
3238 4592
845 959
930 742
953 734
3750 4143
850 1004
875 781
743 960
3529 4586
872 1071
819 949
823 967
3580 4579
934 1054
1055 779
919 881
886 1291
1107 774
1034 816
1048 1107
1018 854
903 1017
958 1251
911 1012
1050 913
1180 1015
892 1111
1135 888
1038 1307
1022 1005
1049 996
1181 1473
1064 969
940 1122
1397 1277
1015 1043
857 1287
1149 1684
1232 899
1063 1094
1589 1180
1120 1055
1342 870
1248 1573
1077 1114
1105 1158
1572 1269
1106 1152
1438 897
1357 1501
1102 1226
1287 1059
1577 1314
1124 1244
1437 986
1506 1382
1186 1196
1282 1153
1586 1554
1169 1272
1427 1077
1962 1252
1096 1489
1395 1168
1602 1559
1320 1250
1239 1355
1509 1811
1531 1147
1254 1417
1526 1810
1302 1357
1458 1229
1507 2139
1511 1239
1471 1280
1677 2008
1365 1386
1534 1275
1937 1870
1672 1305
1495 1465
1802 2071
1685 1394
1428 1695
1903 1972
1475 1705
1553 1666
1829 2078
1782 1438
1477 1829
1830 2314
1599 1718
1773 1518
2388 1879
1486 1922
1431 2011
2220 2150
1636 1746
1387 2097
2151 2196
1419 2110
2076 1519
1743 3001
1827 1795
2195 1475
2357 2323
1795 1878
1781 1905
1870 2962
1697 2093
2332 1480
2426 2346
1849 1910
2395 1487
2304 2489
1363 2833
2356 1564
2064 2814
1711 2223
2183 1696
2774 2384
2152 1831
2606 1526
2275 3017
2034 2038
1716 2504
3190 2226
1986 2098
1930 2176
2568 2856
2200 1958
1969 2158
2500 2940
1754 2507
2436 1916
2523 2938
1966 2317
1878 2442
3058 2466
1817 2554
2077 2210
2766 2857
2242 2123
1949 2428
2897 2863
2258 2136
2225 2207
3310 2566
2233 2221
2707 1948
3181 2687
2137 2362
2098 2412
2423 3791
2660 2005
2689 2006
3899 2610
2644 2126
1852 3026
2974 3260
2451 2315
1944 3022
2879 3437
2279 2535
2362 2509
2772 3624
2093 2906
2544 2404
3279 3231
1766 3586
2805 2231
2510 4465
2147 3013
2655 2470
3130 3672
2243 2990
2257 2977
3890 3252
2929 2391
3094 2318
3185 3860
2288 3167
2794 2627
3836 3412
3088 2416
2775 2720
3512 3812
2646 2838
2961 2605
3570 3897
2945 2622
2862 2736
3192 4463
2204 3515
2976 2680
3775 3911
2507 3213
2849 2889
3241 4662
3142 2635
2702 3102
4264 3858
2722 3131
3052 2777
3531 2477
2943 3006
2826 3148
2421 3644
3466 2630
2535 3507
3407 2744
3217 2875
2530 3681
2554 3670
3828 2594
3200 3005
2833 3400
3206 3056
2782 3565
3085 3227
2537 4033
2942 3388
3759 2795
3756 2821
2615 4042
3692 2963
2567 4269
2834 3861
2889 3942
2844 4195
3530 3378
3312 3629
3334 3604
3842 3290
3422 3669
3293 3793
3303 3817
2992 4340
3715 3541
3195 4099
4035 3309
4273 3036
3215 4203
3372 4026
3634 3773
3188 4471
4091 3471
4028 3521
3426 4308
3784 3905
3697 4029
3337 4598
3997 3798
4094 3770
4192 3728
4086 3906
3649 4554
4141 3921
3733 4485
4129 3995
3821 4593
3688 4746
3983 4458
4188 4469
4283 4259
3970 4877
491624696 1584042216
1
sift 1098
10 16
19 23
0 2
43 52
24 30
4 8
77 83
37 56
11 17
83 106
44 61
22 34
154 227
84 78
26 37
178 250
95 94
27 43
238 299
136 177
28 41
227 325
129 176
34 46
279 453
133 187
32 49
330 437
145 185
36 50
369 458
165 218
39 51
357 497
175 233
48 59
377 525
182 228
54 65
376 596
177 237
57 69
444 632
196 257
58 71
458 790
206 270
59 72
540 768
204 278
61 81
592 753
226 254
63 82
648 732
225 304
69 84
654 824
300 313
86 107
749 710
269 401
85 110
737 863
320 459
107 104
739 942
393 415
89 121
742 1064
383 448
99 113
817 958
323 541
94 127
733 1142
360 509
116 105
778 1211
385 508
101 124
782 1272
448 460
108 132
1060 904
422 528
106 139
923 1294
430 556
115 130
959 1262
426 563
90 186
1074 1267
419 646
126 137
1009 1475
524 504
121 155
1167 1404
442 660
120 158
1240 1444
505 606
123 168
1163 1650
518 683
164 123
1170 1799
534 716
141 154
1297 1624
484 827
151 196
1284 1815
557 749
162 191
1250 1950
536 795
159 195
1687 1625
560 776
146 208
1241 2250
582 805
158 202
1264 2456
595 801
152 210
1538 2114
594 819
169 192
1279 2710
639 786
161 212
1517 2187
531 949
149 226
1520 2196
764 773
153 220
1664 2054
705 953
167 203
1726 2062
694 978
174 214
1768 2357
724 996
192 216
2164 1984
761 1020
191 225
1835 2335
656 1172
173 251
1924 2211
920 944
188 236
1900 2237
965 933
189 247
1874 2393
878 1101
187 264
1701 2948
899 1082
176 284
1911 2539
929 1055
193 267
2068 2385
1217 860
180 281
2229 2435
976 1283
198 283
1998 2741
896 1474
214 262
2334 2782
1006 1275
197 290
2764 2756
907 1488
224 274
2462 3136
985 1378
241 256
2754 2862
1128 1146
199 318
2539 3209
998 1467
235 268
2661 3231
1013 1352
219 298
2333 3748
1028 1576
221 297
2559 3567
1008 1636
215 337
2570 3574
1113 1384
223 321
2864 3148
1059 1490
276 272
2460 3819
1211 1297
236 338
2580 3611
1091 1637
239 336
2979 3096
1095 1632
263 309
2610 3653
1058 1729
274 301
2383 4026
1136 1652
250 371
2656 3658
1075 1836
277 316
3081 3250
1325 1393
281 315
3432 2989
1209 1614
253 369
2909 3802
1354 1372
262 355
3212 4002
1242 1668
280 322
3344 4138
1253 1688
259 375
3645 3908
1555 1402
256 408
3431 4159
1316 1700
286 363
3657 4017
1234 1904
350 287
3348 4244
1380 1693
258 432
4105 4023
1314 1805
260 435
1563 1575
285 397
1308 1941
291 389
1488 1869
282 407
1378 2030
294 390
1369 2169
296 417
1344 2246
313 378
1478 2070
266 490
1532 2026
311 393
1434 2205
302 416
1449 2318
318 391
1558 2157
384 320
1525 2359
333 384
1905 1918
310 440
1630 2324
372 386
1762 2126
315 445
1728 2195
301 470
1828 2100
405 370
1556 2636
288 537
1703 2461
355 439
1800 2186
312 484
1833 2289
374 454
1591 2588
428 388
1663 2804
366 471
1752 2476
351 482
2070 2124
303 554
1841 2652
349 502
2130 2326
370 487
2184 2296
407 449
2086 2395
352 518
1903 2671
325 553
2469 2101
362 515
1970 2665
368 512
2117 2493
396 474
2226 2494
321 570
2001 2839
397 480
1714 3552
329 566
1884 3058
347 559
2039 2837
361 546
2422 2421
469 411
2310 2544
381 544
1887 3232
386 542
1832 3369
382 565
2051 2944
408 538
2157 2842
420 523
2048 3083
415 540
2120 3179
410 571
2314 2998
412 573
2227 3308
435 550
2252 3330
414 585
2084 3650
425 574
2470 3051
450 557
2254 3566
454 558
2788 2894
392 707
2454 3382
440 588
2716 3092
439 616
2295 3736
436 648
2350 3673
394 778
2588 3282
486 582
2181 4030
438 682
2359 3752
466 640
2394 3692
445 696
2376 3730
608 520
2582 3390
481 622
2666 3287
472 658
2721 3251
492 639
2631 3419
490 680
3251 2880
463 763
2895 3259
511 662
2760 3454
514 661
2742 3644
512 664
2814 3535
497 697
3035 3312
548 618
2870 3588
517 677
2831 3678
529 659
3564 2982
500 701
2856 3699
513 691
2563 4221
494 723
2914 3717
532 669
2789 4131
522 703
3136 3948
496 737
3869 3491
502 729
3467 3958
567 657
554 678
3390 4206
551 704
479 822
3769 4248
581 681
503 777
4099 4170
585 702
561 745
602 725
647 720
633 742
626 759
680 711
572 820
549 849
632 772
607 800
591 836
577 851
652 781
564 878
599 835
649 791
729 712
631 814
700 739
640 806
622 839
663 798
697 771
681 788
597 886
657 826
530 1003
604 900
715 785
665 852
676 846
678 843
839 684
687 840
670 873
660 881
695 862
760 792
645 961
743 842
736 868
717 888
679 947
744 882
786 837
635 1029
726 906
688 970
750 902
768 905
659 1063
684 1027
721 993
770 937
762 945
836 865
797 920
701 1057
769 966
696 1095
751 998
928 815
835 891
758 1000
755 1018
569 1454
734 1072
690 1181
766 1059
610 1420
767 1078
672 1299
828 1008
720 1230
851 999
872 982
813 1094
791 1132
823 1099
806 1133
913 988
892 1021
843 1110
937 1022
903 1062
832 1160
1001 974
846 1139
787 1312
819 1260
834 1226
856 1170
995 1026
845 1212
946 1091
927 1117
805 1418
953 1121
880 1234
911 1180
932 1175
930 1187
1025 1102
863 1319
883 1282
994 1138
906 1271
934 1224
940 1232
875 1367
1042 1119
971 1213
996 1178
852 1466
842 1515
948 1278
997 1215
900 1373
1010 1191
981 1256
1099 1116
919 1381
931 1388
943 1363
1178 1083
972 1350
1018 1308
1038 1298
1021 1359
986 1424
1030 1382
922 1643
1085 1295
1096 1279
982 1572
1105 1303
1002 1533
917 1718
1083 1354
993 1593
1048 1445
1064 1430
1071 1435
1034 1541
1020 1595
1073 1440
1055 1464
1015 1607
1082 1462
1078 1482
1050 1549
1108 1434
1069 1510
1269 1196
1022 1645
969 1794
1201 1296
1120 1455
1169 1379
1100 1540
1180 1366
1102 1580
1040 1701
1134 1551
1392 1194
1165 1508
1176 1492
1171 1507
1151 1602
1203 1481
1191 1506
1137 1647
1232 1463
1215 1505
1145 1654
1182 1586
1302 1387
1077 1883
1254 1530
1267 1555
1283 1583
1239 1662
1307 1556
1393 1413
1367 1469
1185 1782
1189 1774
1357 1548
1238 1743
1186 1843
1220 1831
1343 1617
1181 1900
1506 1415
1557 1374
1364 1629
1402 1579
1252 1851
1351 1671
1320 1752
1304 1783
1495 1588
1403 1677
1223 1965
1365 1735
1152 2145
1348 1770
1327 1826
1274 1907
1149 2189
1265 1968
1198 2105
1158 2225
1285 1961
1486 1691
1429 1765
1501 1684
1345 1877
1737 1459
1445 1767
1248 2164
1531 1737
1427 1888
1313 2039
1338 2000
1419 1912
1237 2286
1341 2034
1363 2017
1508 1858
1464 1896
1511 1866
1533 1842
1450 1932
1480 1906
1475 1930
1529 1894
1324 2198
1492 1936
1437 2008
1599 1849
1458 1978
1499 1940
1648 1834
1420 2067
1843 1606
1396 2104
1433 2089
1477 2027
1502 2002
1716 1819
1748 1776
1428 2147
1471 2092
1780 1760
1507 2074
1535 2033
1399 2238
1668 1922
1303 2519
1589 2018
1787 1808
1397 2308
1582 2043
1497 2148
1672 2005
1619 2084
1414 2376
1854 1828
1456 2350
1671 2048
1647 2096
1576 2227
1669 2123
1572 2273
1577 2264
1820 1945
1395 2639
1504 2410
1684 2150
1802 2014
1688 2204
1689 2203
1677 2226
1827 2015
1463 2684
1867 2003
1974 1946
1704 2333
1567 2555
1636 2458
1851 2075
1742 2266
1623 2516
1766 2218
1795 2180
1447 2858
1743 2304
1863 2108
1710 2384
1618 2556
1699 2442
1417 2962
1775 2290
1713 2444
1754 2383
1812 2270
1405 3093
1731 2482
1848 2213
1750 2455
1604 2749
2083 2012
1696 2621
1914 2202
1816 2381
1712 2635
1926 2235
1515 3023
1845 2342
2099 2068
1711 2676
1961 2217
1817 2447
1660 2822
1597 2932
1830 2471
1849 2427
1852 2430
1644 2902
1782 2613
2074 2181
2064 2193
1829 2525
1825 2564
1858 2507
1821 2583
1944 2422
1834 2616
1960 2434
2067 2293
1967 2433
1923 2514
1930 2510
2034 2361
1879 2578
1837 2679
1819 2740
1991 2481
1894 2650
2348 2142
1886 2675
1868 2696
2021 2489
1870 2732
1937 2644
1949 2643
1721 3114
2090 2463
1759 3041
1985 2624
2119 2445
1783 2984
2112 2470
2147 2409
2076 2528
1758 3103
1789 3013
2103 2521
2037 2600
1958 2746
2159 2490
1773 3115
2002 2700
2137 2522
2269 2379
2010 2703
1951 2825
2206 2486
2141 2552
1986 2835
1925 2929
1875 2991
2142 2627
2203 2569
1963 2896
2645 2175
2168 2641
2043 2799
1966 2926
2017 2872
2241 2591
2267 2565
2255 2582
1831 3200
2441 2396
2411 2432
1872 3133
2285 2559
2123 2760
1999 2921
2332 2543
2307 2561
2210 2721
1977 3010
2233 2707
2205 2761
2316 2630
2116 2883
2395 2579
2266 2733
2403 2573
2055 2974
2052 3002
2066 2994
2357 2682
2053 3025
2356 2686
2397 2661
1982 3180
1971 3211
2374 2692
2152 2925
2259 2845
2373 2715
2399 2701
2328 2772
2436 2687
2166 2976
2326 2820
2313 2838
2440 2750
1934 3482
2264 2934
2196 3016
2153 3090
2220 3012
2096 3186
2367 2876
2340 2920
2653 2610
2568 2704
2362 2917
2351 2975
2011 3537
2790 2562
3569 2090
2574 2775
2191 3236
2325 3037
2219 3226
2478 2910
2322 3074
2483 2918
2174 3317
2098 3447
2296 3130
2622 2793
2243 3249
2183 3338
2371 3067
2204 3304
2567 2895
2284 3258
2685 2810
2085 3627
2275 3295
2250 3360
2611 2901
2311 3257
2673 2861
2507 3018
2271 3350
2446 3112
2225 3450
2288 3368
2135 3709
3015 2615
2370 3306
2535 3153
2693 2985
2380 3401
2537 3184
2230 3681
2617 3081
2641 3063
2443 3354
2472 3313
2554 3187
1878 4281
2421 3432
2934 2854
2442 3431
2214 3855
2589 3241
2757 3052
2437 3470
2655 3170
3340 2566
3014 2806
2429 3515
2173 3971
2493 3407
2444 3505
2331 3696
2594 3272
2531 3370
2680 3181
2125 4104
2510 3486
2601 3365
2561 3422
2564 3434
2578 3412
2412 3737
3171 2789
2457 3663
2346 3842
2677 3309
2948 2997
2919 3043
2494 3670
2432 3797
2388 3884
2702 3374
2650 3437
2556 3604
2625 3492
2761 3336
2438 3858
2901 3172
2797 3392
2523 3867
2743 3525
2583 3766
2498 3904
3111 3061
2473 3983
2433 4042
3024 3176
2824 3456
3049 3195
3079 3163
2726 3688
2542 3944
3072 3216
2808 3597
2453 4142
2587 3942
2938 3404
3156 3164
2999 3349
2731 3772
2490 4128
2714 3812
2866 3547
3096 3245
2962 3418
2834 3640
3323 3075
2608 4004
3294 3124
3186 3213
3132 3276
2775 3807
2427 4251
2643 3991
2850 3686
2723 3907
2686 3968
2782 3857
2624 4062
2887 3676
2929 3638
2648 4051
3151 3322
3451 3099
2862 3745
3008 3571
3098 3446
3153 3398
3004 3618
3003 3624
2899 3814
2898 3822
3052 3615
3668 3048
2905 3847
3023 3679
3060 3662
2584 4264
2630 4236
3248 3458
2889 3957
3130 3642
3739 3098
3176 3590
3435 3358
2772 4193
3215 3652
2854 4136
3239 3703
2897 4129
2785 4253
3599 3375
2933 4110
3534 3440
3472 3528
3491 3519
3218 3790
2945 4125
3504 3527
2967 4115
3496 3581
2829 4261
2974 4171
3103 4025
3094 4038
2977 4195
3336 3827
3216 3947
3246 3919
3675 3517
2928 4258
2908 4268
3135 4087
3733 3543
3268 3990
3159 4103
3365 3926
3648 3698
3357 3987
3772 3595
3134 4203
3521 3875
3498 3917
3942 3502
3181 4199
3352 4078
3372 4074
3744 3778
3486 4028
3562 3966
3087 4274
3529 4008
3900 3731
3696 3982
3617 4086
4034 3763
3939 3872
3848 3950
3570 4186
3619 4178
3887 4006
4025 3933
3767 4180
3751 4213
4116 3952
4239 3755
3915 4134
3927 4158
4101 4100
4237 3975
4086 4209
4262 4003
4188 4207
4181 4287
491624696 1960691938
1
sift 214
89 53
117 104
3372 2645
108 85
147 115
355 235
169 127
187 152
533 282
214 150
219 186
486 367
263 206
313 221
616 305
362 272
396 311
680 371
337 369
370 350
599 516
352 399
450 327
640 495
420 418
386 479
649 527
492 364
512 370
717 513
425 488
608 346
892 612
612 355
626 358
813 717
602 441
736 491
940 696
665 606
715 569
857 865
572 706
614 713
971 785
767 588
726 689
1254 1145
937 558
735 748
1189 1228
845 746
911 774
1320 1160
1269 623
1215 645
1499 1034
875 946
953 873
1223 1526
919 987
904 1367
1599 1296
1063 1126
1130 1043
1363 1509
1232 969
1077 1162
1721 1222
1186 1021
1437 862
1716 1343
1020 1267
1225 1074
1673 1684
1027 1553
1239 1206
1803 1542
1135 1402
1120 1545
1930 1517
1511 1156
1672 1132
2147 1516
1345 1393
1456 1420
1896 1791
1475 1405
1589 1376
1985 1870
1612 1397
1795 1317
1867 1992
1849 1261
1999 1218
2206 1835
1387 1773
1606 1558
2370 1854
1636 1571
1782 1589
2622 1800
1692 1742
1688 1794
2478 1936
1493 2029
2034 1534
2284 2037
2200 1488
1817 1796
2112 2218
1937 1682
1825 1909
2421 2108
2076 1723
1659 2133
2507 2085
1711 2100
1933 1923
2991 2039
2436 1588
1986 1895
2993 2364
1780 2083
2220 1850
2109 3429
1819 2188
1949 2065
2530 2885
1852 2166
1982 2052
2653 2795
2093 2002
2204 1932
3311 2317
2726 1716
2267 2105
3188 2480
1965 2500
3196 1724
3406 2624
2439 2098
2137 2412
3134 2824
1815 2944
2030 2669
3751 2481
2898 2031
2649 2211
3734 2954
2141 2798
2583 2333
3625 3345
2408 2570
2382 2629
3498 3589
2655 2455
3079 2115
4003 3170
3072 2129
3340 2051
3795 3546
2850 2433
2722 2564
4192 3312
2862 2534
2564 2828
4110 3536
3152 2345
3088 2444
4007 3666
3325 2372
3190 2472
3830 3892
2560 3120
3303 2549
3446 4483
3215 2605
2983 2800
4031 4280
2974 2838
3385 2726
4245 4195
4045 2506
3200 3009
3952 2703
4239 2520
2889 3724
4204 2761
3640 3158
3716 3104
3828 3067
3077 3820
3575 3306
3607 3310
3631 3330
3373 3731
3891 3284
3787 3393
3531 3652
3759 3439
4095 3218
4262 3061
3833 3610
3697 3792
4176 3341
3871 3664
3969 3865
3442 4404
3997 3907
3808 4122
4077 3979
4094 4153
4267 4089
491624696 2102469315
1
sift 1485
1 2
13 8
8 3
43 37
24 17
11 6
10 7
37 30
20 12
55 45
45 36
25 14
68 67
44 39
22 16
76 57
84 63
31 18
77 61
95 72
29 19
83 77
136 115
27 26
100 85
133 120
32 25
144 110
165 144
34 24
154 128
145 126
36 28
178 156
182 143
39 29
247 189
177 151
40 32
226 176
175 160
41 38
227 219
196 155
49 40
238 213
204 167
53 41
279 286
206 171
54 43
330 267
225 205
58 44
295 293
255 214
50 54
357 327
323 269
57 48
377 338
383 319
59 49
369 344
385 318
65 47
376 355
360 343
63 52
444 297
393 322
73 51
388 351
399 367
72 59
458 439
422 352
82 66
464 450
426 350
90 68
571 402
432 357
86 71
592 502
430 349
96 76
546 584
442 361
99 75
555 574
419 404
89 83
654 521
447 391
94 82
648 532
448 411
93 88
772 478
441 453
101 84
586 614
524 394
105 81
749 496
505 451
108 86
644 581
518 459
106 90
739 576
650 421
112 89
914 477
570 449
109 92
737 594
558 479
115 87
742 593
534 471
120 104
545 811
519 530
121 100
733 633
595 519
123 98
798 599
582 534
125 97
711 662
685 482
119 107
882 556
634 586
129 111
945 543
639 559
152 114
818 680
705 579
151 117
864 702
694 666
149 123
810 749
724 684
157 121
782 774
763 649
194 105
908 707
761 715
141 130
800 818
929 677
161 127
1029 714
896 786
158 129
820 937
878 810
146 147
923 814
1008 732
167 152
784 1046
1003 770
174 141
1009 926
1024 809
169 150
893 979
976 861
163 157
1074 872
989 912
188 134
1125 845
1028 824
192 146
1162 901
985 947
193 154
861 1128
1006 869
173 173
1216 922
1059 902
209 149
1086 1043
1058 864
179 177
1240 929
1128 893
189 165
1163 999
1245 849
187 168
1122 1099
1097 987
195 178
1250 1012
1136 956
198 184
1167 1069
1138 983
176 235
1336 962
1075 1060
220 175
1241 1050
1211 1008
201 195
1260 1088
1233 1004
221 186
1297 1096
1325 969
211 196
1296 1068
1113 1148
241 174
1279 1151
1316 984
214 203
1170 1303
1379 1038
219 204
1214 1445
1242 1166
224 206
1601 1105
1308 1135
229 198
1467 1271
1314 1193
215 225
1430 1263
1263 1313
222 216
1273 1581
1344 1218
239 202
1195 1709
1354 1297
236 212
1520 1335
1491 1212
197 272
1617 1380
1369 1338
235 229
1625 1433
1449 1272
246 230
1666 1410
1503 1244
260 231
1634 1450
1555 1223
317 193
1627 1490
1532 1260
253 245
1664 1587
1378 1521
274 226
1768 1558
1434 1367
259 240
1900 1484
1488 1434
284 222
1835 1543
1558 1430
262 239
1790 1641
1630 1398
266 252
1808 1610
1563 1475
280 242
2156 1366
1847 1333
256 262
1874 1562
1556 1642
303 221
1992 1491
1678 1590
310 227
1824 1689
1383 2045
298 241
1701 1850
1942 1537
286 257
1826 1690
1905 1542
282 263
2170 1439
1841 1821
290 258
1898 1685
1970 1732
318 247
1902 1707
2014 1760
294 266
2068 1617
1833 1969
281 277
1990 1686
1884 1961
277 282
1662 2077
2226 1692
291 276
1892 1903
2086 1786
333 249
1842 1999
1728 2255
319 274
1997 2005
2065 1807
311 278
2056 1956
2084 1800
320 275
1911 2180
2051 1856
315 279
2133 1998
1981 1985
301 296
2229 1929
2117 1868
314 292
2522 1789
2039 1940
325 298
2164 2125
2049 1946
276 380
2460 1919
2310 1775
429 255
2334 2053
2185 1924
370 291
2007 2434
2070 2017
349 305
2480 2013
2273 1887
356 317
2527 2116
2314 1858
368 316
2462 2192
2157 2075
397 295
2465 2273
2287 1975
309 368
2764 2059
2061 2175
347 336
2300 2472
2252 2042
386 306
2572 2209
2193 2094
362 330
3147 1845
2120 2211
342 347
2800 2100
2227 2105
361 337
3000 1973
1917 2533
392 312
2383 2616
2319 2055
321 373
2656 2357
2502 1979
401 310
2875 2197
2422 2084
378 334
2777 2320
2566 1992
381 340
3577 1863
2503 2044
382 345
2741 2494
2350 2251
408 369
2791 2507
2390 2223
403 379
2603 2724
2454 2165
420 364
2864 2517
2521 2131
410 389
2863 2521
2582 2095
425 371
2909 2519
2634 2103
440 356
2718 2771
2563 2135
434 370
3061 2410
2295 2454
407 415
2392 3197
2181 2692
412 425
2539 3044
3629 1727
438 395
2932 2694
2691 2228
414 435
2946 2714
2666 2253
445 403
3432 2409
2631 2358
435 419
3419 2438
2588 2490
478 385
2801 2996
2621 2578
454 407
2982 2977
2742 2481
466 399
2877 2949
2760 2488
463 418
3552 2867
2637 2589
465 417
3021 3060
2699 2567
476 408
2848 3613
3391 2057
517 382
3333 3073
2729 2564
516 383
3257 3149
2721 2608
487 410
3515 2947
2789 2563
579 363
3657 2924
3032 2354
590 359
3423 3148
2752 2671
498 422
4184 2676
2936 2526
490 442
3208 3370
3082 2437
539 412
3735 3024
2813 2667
504 443
3711 2970
2409 3134
503 454
3205 3498
3270 2351
617 397
3348 3532
2330 3313
502 456
3487 3413
2895 2748
548 436
4247 2777
3564 2370
608 416
3874 3117
2836 2918
500 457
3322 3608
3028 2710
486 469
3659 3331
3047 2764
596 423
3717 3285
3719 2318
494 465
3708 3311
3057 2767
436 552
3331 3656
2830 2981
497 468
3344 3728
3384 2668
584 441
4272 2799
3251 2759
514 462
3596 3552
3869 2428
496 475
3635 3561
2817 3222
492 483
3870 3453
2788 3288
513 486
4009 3354
3119 2908
667 434
3801 3623
3436 2742
521 494
3991 3575
3810 2612
536 488
4146 3523
3381 2858
529 497
4021 3675
3358 2886
532 491
3879 3846
4232 2404
559 487
4063 3745
3467 2895
561 484
4078 3848
3470 2914
712 437
4145 3965
3363 3025
530 515
3354 3131
554 499
3136 3317
564 500
3701 2954
569 506
3690 2999
591 504
3232 3411
602 503
4014 2839
523 573
4149 2794
577 529
3857 2983
604 514
3234 3524
551 549
3548 3251
581 531
3799 3108
594 522
3618 3297
663 489
3170 3779
631 508
3591 3470
633 510
3895 3239
657 495
3804 3332
599 533
3881 3458
647 511
3802 3536
607 539
3746 3659
632 523
3681 3654
620 542
3837 3590
649 525
3855 3647
622 546
3978 3593
678 509
3361 3975
660 544
3770 3847
597 589
3963 3736
640 567
3901 3820
670 565
4130 3616
645 585
3947 3799
700 560
4225 3580
848 470
4135 3874
732 554
3938 3971
679 591
699 587
610 678
689 616
697 605
688 626
686 634
684 635
743 590
721 622
744 609
726 629
750 603
701 660
758 604
752 618
716 646
676 694
635 726
756 640
736 669
768 642
730 681
762 652
751 670
766 661
656 757
831 617
769 673
755 687
801 648
836 613
690 741
760 700
770 696
687 766
672 794
734 730
832 665
828 672
963 578
791 713
767 736
815 710
936 619
846 689
823 718
879 679
932 644
786 763
821 734
938 656
833 731
894 695
928 682
844 728
927 686
872 720
845 733
901 708
883 722
797 798
834 764
807 799
813 793
899 723
787 837
856 751
819 819
1027 691
855 800
863 792
1014 711
843 822
996 721
906 765
888 775
850 825
886 781
840 862
922 779
851 868
792 966
892 832
911 816
940 787
1025 748
930 820
900 850
999 789
1035 767
981 805
842 948
943 841
875 925
937 874
946 873
1040 795
919 908
903 934
931 907
971 883
1004 856
1021 855
1069 826
1013 905
982 942
1053 882
1178 780
972 971
1082 865
1034 915
1277 745
993 972
1038 919
1090 880
1071 897
1055 911
978 1011
1048 939
1030 970
1039 954
1018 996
1329 752
1105 909
1073 946
1085 945
1180 884
1165 891
1064 992
1096 975
1041 1023
1042 1024
1114 974
1151 936
1078 1016
1317 844
1140 982
1137 998
934 1278
1120 1044
1192 989
1176 1002
1142 1031
1100 1072
1083 1089
1164 1021
1149 1048
1124 1083
1106 1102
1102 1118
1197 1040
1182 1052
1154 1082
1256 1018
1077 1204
1248 1039
1302 1013
1158 1134
1220 1075
1185 1104
1067 1274
1254 1067
1190 1130
1269 1073
1186 1137
1531 924
1198 1136
1239 1127
1444 1000
1237 1145
1204 1171
1255 1140
1283 1142
1304 1120
1099 1414
1252 1195
1403 1061
1111 1424
1338 1123
1364 1109
1206 1307
1320 1160
1293 1199
1557 1034
1326 1162
1265 1269
1348 1164
1345 1183
1524 1081
1223 1375
1274 1321
1438 1153
1299 1285
1453 1143
1402 1184
1371 1219
1445 1172
1313 1311
1282 1348
1506 1139
1343 1280
1366 1253
1471 1167
1341 1281
1322 1331
1281 1385
1843 997
1428 1221
1347 1312
1396 1258
1551 1155
1522 1186
1499 1208
1351 1351
1452 1277
1511 1229
1303 1441
1357 1376
1492 1252
1420 1337
1733 1126
1280 1531
1477 1317
1424 1362
1417 1368
1391 1396
1437 1364
1577 1251
1395 1405
1464 1349
1475 1346
1285 1596
1545 1300
1394 1428
1324 1536
1529 1332
1399 1436
1486 1374
1575 1320
1504 1369
1602 1316
1509 1386
1508 1388
1723 1217
1419 1467
1405 1479
1480 1412
1397 1489
1507 1401
1450 1456
1363 1561
1576 1352
1648 1324
1368 1579
1582 1358
1635 1339
1413 1539
1707 1310
1463 1487
1612 1373
1632 1360
1456 1510
1567 1454
1787 1288
1660 1406
1623 1455
1672 1407
1572 1488
1624 1464
1607 1476
1644 1447
1647 1451
1626 1494
1677 1457
1909 1262
1704 1446
1643 1509
1710 1444
1659 1525
1763 1413
1712 1470
1592 1600
1668 1533
1656 1568
1795 1417
1802 1411
1619 1638
1882 1350
1688 1554
1852 1379
1886 1363
1589 1682
1821 1429
1752 1506
1732 1547
1794 1477
1742 1545
1684 1625
1791 1481
1812 1473
1782 1501
1748 1570
1743 1578
1750 1574
1754 1559
1591 1742
1769 1572
1604 1767
1588 1771
1857 1499
1686 1723
1867 1498
1800 1594
1816 1573
1825 1557
1332 2222
1758 1668
1837 1551
1766 1671
1689 1756
1581 1892
1830 1607
1863 1586
1945 1518
2020 1468
1518 2028
1759 1747
1845 1654
1771 1743
1533 2025
1848 1667
1889 1652
1789 1753
1914 1645
1695 1885
2053 1513
1868 1683
1721 1862
1975 1627
1834 1738
1515 2166
2025 1593
1926 1678
1829 1755
1984 1649
1861 1739
2184 1493
1870 1734
1780 1825
2037 1624
2035 1635
1923 1728
2322 1466
1930 1745
1944 1741
2348 1474
1819 1866
2112 1640
2090 1653
1878 1820
1783 1971
2107 1681
1925 1806
1961 1793
1960 1813
2137 1688
1966 1812
1916 1870
1999 1796
1991 1804
2017 1799
1879 1933
2311 1637
2002 1823
1949 1898
1872 1996
1934 1942
1893 1988
2034 1847
2016 1864
2203 1746
1982 1912
1937 1966
1711 2341
2099 1811
2361 1675
2064 1846
2078 1837
2207 1758
2308 1691
1967 1949
2041 1896
2299 1720
1973 1983
1986 1977
2269 1770
2127 1867
2095 1920
2147 1874
2004 2015
2357 1763
2264 1830
1951 2127
2057 2010
2159 1930
2351 1794
2098 1987
2220 1901
1792 2416
2026 2058
2148 1959
2055 2041
2316 1848
2382 1814
2096 2047
2192 1976
2196 1984
1931 2278
2085 2092
2109 2069
2052 2121
2374 1879
2420 1854
2279 1944
2208 1997
1965 2281
2449 1851
2010 2210
2326 1932
2408 1894
2111 2138
2296 1982
2483 1859
2395 1921
2210 2062
1850 2532
2255 2060
2266 2050
2258 2065
2534 1888
2256 2096
2325 2027
2451 1950
2166 2201
2123 2241
2497 1939
2614 1860
1929 2534
2066 2331
2233 2149
2441 1995
2135 2262
2356 2052
2200 2199
2373 2063
2735 1826
2423 2032
2680 1871
1810 2778
2183 2276
2353 2108
2298 2151
2399 2089
2630 1922
2484 2024
2267 2208
2455 2056
2119 2382
2328 2155
2446 2074
2393 2124
2077 2493
2419 2134
2243 2312
2230 2330
3219 1687
2397 2171
2412 2160
2116 2500
2567 2068
2657 2011
2173 2484
2388 2261
2219 2445
2436 2215
2376 2288
2246 2441
2686 2046
2583 2122
2506 2193
2478 2236
2611 2115
2457 2280
2414 2323
2519 2213
2371 2363
2633 2129
2432 2327
2440 2360
2607 2189
2275 2549
2142 2674
2573 2258
2401 2443
2447 2395
2421 2414
2655 2196
2464 2392
2677 2173
3245 1842
2442 2453
2835 2088
2471 2431
2757 2156
2664 2244
2556 2345
2537 2364
2453 2486
2531 2396
2510 2432
2417 2531
2693 2267
2578 2353
2437 2522
2403 2560
2577 2372
2493 2470
2818 2164
2426 2565
2861 2145
2601 2393
3111 1993
2654 2343
2623 2366
2558 2475
2530 2505
2772 2314
2661 2424
2636 2458
2590 2504
2834 2274
2795 2332
2261 2845
2587 2562
2646 2525
2908 2292
2743 2456
2905 2298
2805 2387
2188 2966
2535 2633
2523 2647
2962 2238
2380 2796
2667 2557
2850 2373
2689 2543
3184 2142
2797 2474
2561 2679
3045 2250
2782 2501
2785 2506
2702 2586
2604 2662
2507 2773
2887 2440
3103 2243
2938 2390
2826 2502
2704 2620
2542 2740
2761 2585
2780 2568
3155 2232
3024 2344
2808 2570
2747 2629
2858 2545
2766 2637
2329 3040
2544 2822
2967 2464
3366 2187
2856 2583
2899 2550
2931 2541
3003 2479
2945 2529
2496 2923
2999 2511
2724 2749
3272 2324
2648 2827
3052 2512
2941 2602
2526 2964
2977 2580
3051 2530
2640 2882
2490 3069
2914 2664
2616 2913
2919 2663
2594 2953
3435 2338
3065 2582
2775 2838
3380 2378
2976 2661
3079 2588
2964 2675
2749 2872
2837 2783
2996 2688
2579 3088
3016 2683
3217 2556
3049 2682
2722 2962
3386 2482
3292 2537
2873 2835
2974 2736
3835 2229
3134 2644
3104 2656
3268 2571
3302 2555
2642 3104
2901 2832
2929 2828
2541 3277
3101 2700
2827 2922
2943 2821
3098 2711
3464 2513
3318 2603
2715 3122
2889 2905
2584 3286
2736 3097
2942 2871
2660 3225
3087 2770
3114 2762
3064 2802
3060 2813
3008 2865
2928 2939
3168 2746
3158 2768
3558 2577
2881 3042
2682 3334
3175 2795
3570 2597
3406 2690
3109 2853
2663 3375
2854 3112
3023 2920
3181 2804
3325 2733
3365 2722
3918 2436
3178 2844
3036 2959
2739 3376
3982 2448
3215 2859
3296 2829
3483 2720
2950 3127
3316 2823
3200 2888
4176 2346
3243 2869
2990 3101
3401 2785
3058 3038
3524 2737
3124 2987
3405 2816
3211 2919
3336 2861
3077 3059
3274 2906
3472 2800
3675 2715
3163 3008
3377 2881
3385 2878
2745 3583
3130 3098
3396 2904
3123 3119
3291 2971
3631 2788
3533 2850
3062 3209
3176 3089
3357 2948
3171 3103
3254 3046
3099 3187
3106 3185
3484 2900
2933 3422
3372 2976
2713 3773
3530 2903
3238 3120
3712 2807
3323 3056
3451 2965
3461 2969
3287 3111
3172 3207
3239 3154
3350 3080
3070 3344
3369 3113
3475 3020
3733 2874
3501 3030
3246 3284
3856 2855
3914 2820
3549 3082
3100 3492
3696 2967
3161 3421
3422 3219
3848 2902
3536 3123
3600 3085
3403 3248
3562 3140
3976 2860
3330 3362
3793 2980
3195 3500
3531 3200
3067 3650
3249 3469
3390 3352
4035 2866
3538 3223
3053 3718
3625 3162
3615 3180
3528 3258
4015 2899
3480 3304
4065 2876
3724 3135
3568 3255
3673 3171
3241 3570
3634 3229
3135 3707
3716 3184
3540 3338
3630 3267
3768 3150
3638 3261
3407 3482
3882 3086
3688 3235
3750 3193
3797 3176
3723 3241
3957 3061
3557 3389
3772 3208
3498 3478
3541 3456
4032 3047
3545 3474
3910 3161
3890 3204
3426 3629
3581 3495
3755 3355
3813 3319
3924 3224
4080 3116
3828 3330
3769 3372
3787 3371
3867 3306
4202 3016
3311 3840
3300 3845
3842 3437
3821 3459
3817 3464
3795 3494
4036 3290
4252 2991
3894 3436
3872 3457
4207 3145
3666 3649
3851 3491
3670 3664
3504 3811
3971 3398
3760 3582
4140 3262
3980 3425
4029 3392
4112 3349
3830 3602
3751 3679
3886 3591
3177 3994
3617 3842
3942 3595
4205 3363
3736 3828
4006 3588
3955 3657
3744 3837
4085 3544
3932 3695
4188 3438
3775 3831
3783 3866
3579 3964
3865 3821
3891 3797
3985 3713
4163 3558
4025 3711
4186 3541
3984 3754
3960 3788
3833 3898
4192 3564
4280 3341
4236 3537
4004 3860
4159 3717
3970 3895
3937 3929
4048 3863
4174 3802
4291 3318
4003 3947
3610 4003
3946 3980
4084 3957
4131 3958
4248 3835
4264 3814
4245 3896
4228 3941
