507090750 897658064
1
sift 1035
7 5
8 9
0 0
14 15
12 11
2 3
26 27
88 79
5 4
48 53
79 91
11 6
72 74
106 104
16 17
74 83
175 191
20 20
101 119
135 115
19 21
129 133
176 212
21 22
139 137
227 236
24 25
180 155
245 249
28 26
163 175
288 289
27 32
172 178
565 573
30 31
206 171
954 568
33 38
178 202
787 744
35 36
207 197
802 842
36 41
199 207
841 907
42 39
215 229
851 992
39 43
262 189
40 45
271 264
41 44
265 292
43 42
289 281
45 40
287 321
46 48
298 355
54 46
370 315
49 51
347 389
58 52
376 362
57 56
386 381
56 58
444 396
59 60
418 444
61 59
461 471
62 66
496 499
65 64
556 533
68 68
585 572
67 69
568 595
69 70
619 552
70 72
569 598
71 76
693 537
76 71
727 664
73 82
792 702
80 80
854 680
77 89
819 810
82 84
987 742
83 86
924 856
90 107
886 946
92 98
970 940
91 101
997 1004
93 99
1175 1064
95 105
1307 1027
97 110
1139 1148
99 100
1218 1150
103 102
1237 1170
105 112
1209 1357
98 117
1337 1311
96 122
1336 1346
100 116
1315 1372
109 113
1509 1255
113 118
1114 1715
108 127
1576 1545
116 121
1646 1604
112 124
1800 1522
114 129
1625 1911
111 136
128 131
117 138
119 147
123 148
132 142
137 149
140 140
142 151
143 152
146 154
149 159
155 157
144 177
168 161
153 172
174 165
152 181
170 170
183 169
173 173
191 183
195 190
189 200
184 210
205 188
209 194
233 179
196 218
213 199
217 196
193 221
157 283
218 208
214 216
190 254
204 257
224 230
220 239
230 225
222 237
232 226
249 214
225 234
228 231
223 250
231 244
198 288
258 222
239 240
241 238
235 256
236 258
254 232
237 259
252 243
256 251
243 266
221 291
248 272
257 269
260 268
255 273
242 284
261 278
273 267
276 261
266 293
278 277
269 299
281 280
277 294
274 301
282 296
294 290
291 304
284 313
286 308
319 285
299 306
317 303
302 318
340 300
292 338
306 316
296 341
303 333
311 326
333 311
305 335
318 327
308 347
300 357
312 343
321 339
295 377
323 348
304 370
313 363
322 359
324 354
344 350
326 365
350 352
342 361
328 374
476 286
307 407
337 375
348 373
389 342
331 398
339 394
330 402
351 385
363 379
373 368
335 408
334 409
390 356
343 404
325 420
361 390
374 371
379 369
354 403
345 413
336 425
341 426
310 474
380 395
395 382
400 378
392 392
367 416
371 411
381 410
388 406
394 405
353 455
384 418
356 450
422 383
387 429
398 431
427 400
416 419
406 434
420 424
470 386
409 447
397 473
402 467
405 461
423 437
426 433
411 458
424 449
413 464
425 463
378 532
459 442
450 456
407 508
415 495
448 465
421 510
479 446
441 484
419 514
483 445
478 462
442 501
457 485
458 486
455 492
463 494
447 509
514 453
429 538
532 436
408 567
435 539
438 536
446 525
503 475
451 521
481 496
480 497
501 479
512 478
475 519
486 500
504 487
460 540
488 513
472 535
529 480
467 547
468 551
482 543
491 534
464 576
498 526
508 523
570 477
477 578
507 542
531 524
492 559
517 545
521 541
534 529
428 669
524 556
473 626
522 558
518 563
500 589
559 527
550 546
554 544
484 618
513 597
548 562
533 588
538 581
510 614
417 745
469 688
555 594
593 553
558 593
551 603
563 591
543 631
493 674
560 622
575 604
577 602
611 584
629 574
590 610
587 629
592 621
597 616
616 605
579 640
589 638
608 624
567 661
596 634
613 623
618 630
644 609
603 654
609 656
610 660
641 642
646 644
645 645
649 641
662 637
622 670
584 713
617 679
620 683
651 658
600 708
667 648
661 655
673 652
654 665
601 720
637 684
598 739
636 698
632 709
573 799
702 649
671 681
643 717
672 699
682 693
626 761
628 764
658 721
624 781
659 733
674 722
690 711
692 714
725 685
698 715
665 767
686 750
709 726
696 734
732 694
595 904
737 691
687 780
695 774
652 847
669 828
749 707
733 740
700 793
728 753
718 775
602 975
805 686
739 746
736 756
778 728
762 747
742 769
704 844
735 787
751 768
721 815
730 808
741 792
722 830
729 829
738 822
758 803
755 805
779 789
764 801
712 881
707 901
793 783
753 824
783 798
713 902
810 784
756 838
795 804
844 757
842 760
794 806
782 836
865 758
796 832
855 778
752 878
745 893
814 820
777 873
715 972
830 814
834 809
837 819
804 867
684 1032
843 834
831 849
808 877
806 880
823 872
663 1092
906 796
912 795
881 823
828 884
767 954
788 930
939 773
825 899
927 797
883 845
870 862
817 919
803 937
846 891
907 833
710 1063
833 917
836 915
798 960
869 892
898 863
850 914
849 918
845 922
876 887
859 910
848 927
785 989
852 932
873 908
858 931
885 897
781 1018
812 986
872 936
908 898
857 965
889 926
893 928
864 968
923 906
882 953
935 905
884 966
945 913
856 1012
863 999
979 886
922 970
909 985
929 984
917 987
903 1003
950 971
918 995
969 963
891 1037
937 1001
901 1035
913 1022
1019 938
1018 948
951 1007
900 1057
910 1049
955 1008
960 1005
968 1020
1111 865
760 1303
994 997
932 1059
985 1015
958 1045
928 1073
1010 1013
944 1072
984 1042
947 1083
990 1048
988 1050
975 1067
978 1066
972 1076
1113 943
916 1143
915 1149
1015 1043
1088 976
1002 1060
1038 1017
934 1153
1112 974
986 1101
936 1172
1016 1075
1264 909
953 1190
1033 1065
983 1158
993 1130
1084 1026
1034 1070
1001 1126
1049 1061
940 1239
1021 1111
1043 1078
1039 1088
980 1204
1050 1085
1014 1144
1013 1154
1048 1096
822 1487
1201 993
989 1210
1045 1104
1030 1123
1041 1114
1004 1214
890 1402
1081 1099
941 1343
1341 951
1079 1106
1065 1122
1094 1100
1027 1187
1026 1231
998 1298
1035 1215
1068 1163
1073 1159
1053 1194
996 1329
1140 1108
1106 1133
1179 1091
1076 1192
1067 1212
1044 1254
1120 1138
1061 1233
1089 1198
1143 1129
1137 1146
1189 1103
1176 1113
1323 1031
1070 1242
1130 1166
1181 1117
1104 1197
1183 1121
1102 1209
1153 1157
1136 1175
1092 1238
1155 1160
1090 1251
1127 1195
1160 1155
1149 1168
1064 1293
1080 1292
1204 1162
1145 1218
1055 1338
1091 1288
1141 1225
1135 1235
1082 1299
1085 1296
1097 1277
1098 1273
1128 1245
1103 1279
1126 1265
1157 1230
1022 1443
1219 1180
1159 1232
1162 1236
1142 1263
1152 1256
1226 1185
1191 1227
1151 1272
1154 1281
964 1625
1441 1053
1063 1405
1340 1119
1000 1551
1093 1367
1163 1290
1196 1267
1273 1200
1290 1186
1223 1274
1351 1136
1074 1435
1166 1325
1233 1268
1247 1257
1150 1348
1231 1283
1194 1319
1215 1316
1253 1269
1224 1310
1263 1258
1174 1342
1216 1334
1133 1404
1148 1388
1235 1326
1330 1237
1296 1271
1285 1282
1249 1322
1124 1449
1146 1426
1289 1294
1376 1222
1172 1403
1319 1280
1270 1330
1261 1340
1293 1318
1240 1366
1228 1375
1335 1286
1156 1454
1265 1349
1274 1344
1259 1359
1255 1368
1346 1284
1203 1419
1134 1489
1380 1266
1206 1447
1316 1336
1256 1385
1302 1350
1280 1370
1252 1398
1195 1463
1305 1361
1360 1315
1321 1353
1185 1482
1170 1501
1121 1572
1374 1313
1281 1399
1260 1417
1294 1386
1331 1362
1229 1466
1306 1381
1282 1413
1171 1534
1207 1513
1404 1312
1234 1493
1244 1475
1060 1784
1333 1392
1622 1156
1168 1579
1338 1397
1284 1452
1186 1561
1322 1423
1198 1558
1439 1323
1108 1711
1269 1478
1451 1320
1378 1377
1278 1476
1353 1401
1342 1415
1494 1287
1473 1305
1363 1408
1298 1472
1279 1495
1123 1724
1246 1532
1147 1675
1355 1422
1366 1429
1314 1473
1372 1432
1324 1483
1432 1373
1418 1410
1396 1437
1347 1481
1343 1491
1411 1427
1491 1354
1427 1407
1594 1291
1262 1597
1368 1477
1358 1503
1637 1270
1328 1541
1677 1246
1309 1565
1483 1384
1371 1506
1420 1456
1348 1530
1398 1480
1345 1542
1452 1439
1381 1537
1408 1500
1446 1465
1469 1446
1390 1529
1392 1528
1561 1383
1436 1497
1528 1414
1482 1461
1445 1504
1437 1515
1495 1462
1592 1390
1474 1488
1456 1514
1349 1661
1458 1518
1397 1603
1466 1516
1364 1657
1356 1668
1563 1444
1385 1636
1434 1595
1569 1468
1403 1642
1462 1556
1425 1614
1500 1531
1530 1510
1504 1533
1506 1535
1477 1576
1537 1520
1497 1549
1417 1672
1523 1536
1492 1571
1487 1578
1595 1498
1565 1526
1459 1633
1414 1717
1761 1379
1478 1627
1562 1547
1438 1693
1486 1621
1442 1690
1603 1512
1623 1502
1533 1591
1524 1601
1312 1896
1510 1616
1548 1585
1266 1955
1470 1677
1467 1688
1526 1611
1507 1644
1522 1622
1430 1747
1583 1577
1449 1736
1556 1608
1484 1687
1515 1647
1490 1682
1485 1691
1475 1704
1544 1623
1812 1395
1440 1760
1553 1629
1461 1741
1543 1639
1534 1652
1579 1610
1457 1752
1631 1552
1629 1557
1611 1594
1559 1664
1605 1609
1634 1586
1541 1714
1671 1550
1640 1592
1539 1729
1399 1913
1447 1840
1513 1769
1551 1737
1588 1695
1531 1756
1618 1659
1696 1555
1572 1735
1465 1847
1627 1665
1587 1730
1571 1748
1545 1772
1564 1763
1505 1816
1598 1734
1661 1653
1652 1683
1715 1602
1573 1788
1672 1669
1423 1982
1577 1815
1591 1801
1615 1779
1649 1739
1733 1640
1740 1632
1512 1914
1678 1710
1735 1650
1602 1812
1607 1829
1698 1727
1784 1660
1619 1831
1685 1753
1716 1725
1633 1824
1745 1728
1743 1732
1695 1775
1648 1843
1664 1825
1809 1696
1910 1560
1501 2001
1720 1783
1690 1817
1727 1789
1864 1648
1789 1759
1722 1820
1744 1810
1729 1819
1723 1830
1679 1892
1780 1804
1725 1850
1632 1961
1624 1969
1707 1871
1724 1865
1855 1751
1756 1853
1906 1685
1713 1890
1730 1883
1785 1826
1931 1646
1666 1947
1835 1800
1731 1898
1842 1803
1836 1811
1748 1900
1650 1987
1665 1978
1766 1891
1793 1861
1816 1836
1711 1928
1738 1918
1658 1991
1831 1833
1869 1793
1791 1885
1882 1777
1783 1902
1821 1859
1779 1916
1947 1674
1776 1924
1798 1908
1689 1989
1737 1958
1903 1781
1710 1986
1888 1806
1754 1957
1884 1818
1845 1905
1858 1895
1848 1917
1829 1937
1891 1869
1817 1959
1856 1933
1830 1962
1908 1868
1850 1946
1861 1951
1866 1954
1825 1998
1879 1950
1900 1944
1899 1948
1877 1983
1915 1956
1916 1977
1943 1965
507090750 1183258497
1
sift 445
161 147
175 168
0 0
114 91
345 366
2 1
207 212
787 910
16 10
93 112
865 759
22 12
271 226
851 913
20 15
347 252
1246 1339
19 16
298 380
21 18
378 254
1418 1494
24 25
462 291
41 19
376 363
1731 1319
49 34
569 458
42 39
819 1133
56 37
1237 1117
57 45
1112 957
58 54
1958 1038
61 55
1800 1529
68 53
1625 1909
70 58
64 71
71 70
82 68
98 61
95 64
108 82
92 95
123 86
103 97
116 89
121 103
111 114
131 115
128 134
140 126
149 135
165 130
141 151
142 164
236 119
205 141
195 146
170 174
183 171
295 128
250 150
189 190
256 157
235 169
224 177
213 188
223 215
242 204
232 219
266 198
269 200
302 187
312 184
273 234
286 217
276 251
314 220
328 222
233 312
440 197
294 263
323 253
404 221
316 272
317 277
363 267
395 257
299 294
322 290
275 375
339 299
499 246
426 285
459 284
392 311
491 279
380 340
373 350
388 342
306 421
367 360
492 287
413 327
442 309
381 361
566 281
405 348
382 389
482 307
389 415
513 329
483 337
486 336
508 333
481 346
548 326
424 416
593 316
534 356
613 310
553 345
463 411
558 354
686 301
501 400
470 441
580 368
479 437
609 359
587 383
563 422
649 385
512 470
599 417
577 430
722 371
682 395
590 443
475 579
832 347
575 465
622 454
503 592
610 474
554 550
542 570
597 500
641 479
835 406
630 506
724 445
646 499
671 482
770 433
733 457
617 551
615 553
766 459
796 451
552 660
514 728
672 539
718 505
738 490
589 636
785 475
736 527
743 525
838 497
634 659
776 535
797 528
805 530
830 524
704 627
745 587
774 572
876 517
702 649
875 537
928 511
828 575
720 652
856 559
834 606
899 563
732 681
901 573
878 597
962 545
823 638
950 582
631 948
794 710
793 719
1044 548
909 645
885 662
1002 609
756 795
845 724
989 630
734 863
978 647
818 785
844 768
884 732
937 697
1041 625
953 692
969 684
945 702
996 667
1085 615
866 789
873 786
1138 612
979 715
1086 633
1004 705
960 740
869 841
898 811
994 726
906 816
921 814
900 834
1214 622
935 820
1073 686
990 783
1072 699
1017 761
1154 657
1098 688
1081 700
1018 815
1132 725
919 939
1015 847
855 1014
1127 742
1294 669
1150 741
1068 803
1323 698
1089 837
1106 831
1233 764
1092 851
1042 899
1146 844
1104 884
1161 864
1191 850
1228 838
1141 900
1153 895
1342 797
923 1123
1312 812
1271 836
1147 914
1255 854
1369 796
1452 774
1155 941
1160 937
1140 971
939 1184
1282 886
1128 984
1303 872
1232 922
1113 1001
1170 972
1136 991
1324 873
1393 857
1102 1021
1274 925
1253 951
1149 1004
1272 936
1200 1006
1408 888
1047 1110
1464 860
1103 1061
1475 869
1512 868
1270 1005
1240 1018
1506 881
1224 1044
1382 980
1231 1040
1043 1232
1504 907
1111 1162
1501 917
1389 989
1612 885
1169 1147
1366 1020
1300 1062
1223 1131
1088 1275
1586 935
1239 1126
1219 1180
1413 1034
1347 1079
1269 1159
1289 1141
1427 1042
1308 1130
1379 1082
1194 1269
1425 1073
1374 1137
1278 1227
1561 1029
1363 1168
1459 1091
1531 1059
1884 918
1290 1263
1412 1163
1569 1056
1349 1223
1353 1221
1442 1138
1482 1107
1537 1081
1435 1156
1810 990
1455 1152
1404 1213
1234 1431
1148 1532
1562 1118
1595 1097
1541 1145
1235 1460
1449 1226
1826 1015
1496 1201
1485 1215
1380 1340
1533 1198
1621 1124
1539 1196
1927 1003
1594 1183
1664 1127
1362 1411
1782 1078
1564 1251
1740 1105
1436 1359
1579 1252
1522 1290
1500 1320
1573 1291
1640 1240
1922 1070
1748 1207
1627 1298
1583 1373
1754 1225
1563 1400
1753 1255
1622 1363
1596 1404
1866 1186
1706 1308
1756 1294
1639 1402
1783 1289
1791 1282
1784 1296
1727 1330
1466 1568
1803 1316
1494 1589
1415 1715
1604 1517
1685 1438
1830 1345
1806 1364
1587 1566
1568 1616
1521 1650
1859 1362
1855 1380
1839 1418
1915 1352
1477 1788
1698 1567
1879 1423
1763 1538
1870 1458
1776 1547
1624 1722
1490 1893
1716 1635
1623 1814
1918 1507
1857 1565
1815 1621
1766 1684
1762 1695
1789 1694
1968 1392
1483 2091
1825 1732
1850 1716
1916 1617
1811 1757
1877 1674
1858 1714
1899 1662
1813 1792
1962 1530
1842 1804
1820 1834
1936 1659
1837 1835
1856 1808
1900 1779
1793 1938
1886 1879
1930 1837
1862 2013
1939 1884
1955 2035
1895 2158
507090750 1188846234
1
sift 993
26 24
3 3
0 0
72 61
6 5
2 1
101 86
10 7
5 4
112 121
12 11
19 19
129 127
31 33
20 20
161 152
34 30
22 18
163 159
79 64
21 21
172 209
106 93
24 22
216 193
135 123
28 25
207 215
167 153
30 23
206 234
175 172
33 27
271 257
888 397
40 26
287 277
565 607
36 28
298 313
787 832
35 35
370 293
851 771
39 31
347 331
841 858
41 32
386 362
43 36
418 357
44 39
376 413
42 40
461 402
45 42
676 417
50 38
569 480
49 41
585 590
56 44
717 694
57 47
727 865
58 50
886 722
61 53
854 756
69 49
819 864
66 54
997 1003
65 55
1095 958
68 57
1315 1401
77 62
1337 1462
76 63
1576 1425
85 67
1421 1790
83 68
1800 1489
89 65
1625 1903
80 73
82 74
99 75
95 77
96 78
97 80
98 79
92 85
93 96
113 91
108 100
114 95
120 88
105 104
111 97
116 101
109 111
132 94
123 106
137 99
121 112
122 109
138 110
131 117
128 128
130 122
143 125
148 120
126 155
140 136
147 130
142 137
141 140
144 138
159 131
149 139
165 144
158 149
191 141
174 156
190 147
188 158
204 148
183 169
168 208
189 183
196 179
202 176
201 181
225 166
222 168
209 177
205 187
234 174
208 201
214 189
213 194
248 180
224 196
253 173
217 222
236 195
261 185
243 197
237 205
228 216
221 233
232 224
255 203
235 220
247 225
223 249
254 229
250 231
256 235
252 241
242 253
266 243
274 240
325 184
269 255
249 281
273 261
281 245
276 273
295 263
286 278
282 285
328 242
300 270
305 265
308 271
342 248
296 283
353 251
291 288
330 266
312 279
317 280
294 294
302 290
275 355
304 292
343 282
299 315
334 289
322 295
333 307
306 329
323 314
340 306
311 328
350 299
336 316
326 322
313 352
478 268
361 336
351 338
403 298
339 363
363 343
404 311
407 305
390 320
378 333
344 372
367 340
429 310
438 308
437 312
396 344
419 321
398 354
354 393
394 360
395 361
381 374
443 317
319 435
383 379
401 368
373 387
379 383
425 341
413 358
380 389
402 375
389 381
446 332
435 356
388 395
406 382
448 345
372 422
392 408
440 370
382 419
415 385
473 348
459 359
460 364
493 334
405 412
472 376
480 367
338 486
408 425
426 411
455 390
447 396
506 365
441 407
507 373
457 403
427 433
424 440
452 414
526 380
510 388
521 384
442 439
416 465
519 391
479 418
450 444
486 420
469 443
420 475
487 427
481 434
463 452
573 378
494 424
458 456
492 438
500 437
602 377
482 451
518 430
476 462
525 428
498 445
491 450
561 405
501 447
562 410
522 442
483 479
517 468
543 463
579 436
512 477
600 429
513 493
503 503
504 506
520 487
581 457
551 471
475 576
566 473
534 516
633 449
558 484
626 454
508 544
555 498
640 455
529 541
560 510
553 530
613 478
594 491
576 511
563 531
514 608
595 509
580 532
603 518
596 521
587 535
554 585
570 567
575 561
665 482
710 469
542 611
590 548
627 528
636 519
593 565
637 527
607 549
687 497
674 508
577 603
589 587
749 467
618 562
620 555
659 525
700 496
606 575
669 526
630 559
608 582
632 566
609 586
643 550
601 598
611 584
662 538
552 673
868 446
649 556
617 594
598 619
673 546
615 612
682 554
622 615
661 583
629 621
645 609
641 610
680 578
709 568
712 560
646 626
634 644
624 657
722 558
737 545
671 620
696 601
670 632
612 693
644 676
690 625
672 654
667 667
688 642
715 624
835 543
864 539
742 623
810 592
702 690
752 638
718 679
766 627
966 517
720 686
827 605
770 639
735 681
788 635
733 687
621 794
760 663
758 664
767 658
738 689
743 685
764 682
820 646
832 655
858 641
739 720
732 732
783 697
883 636
804 691
728 755
736 742
785 710
745 741
748 743
872 672
751 751
794 725
778 739
780 736
734 776
776 746
795 726
704 842
839 706
836 714
731 808
796 745
852 707
825 728
774 768
756 782
762 780
698 882
834 744
846 729
889 712
817 761
932 704
857 757
912 721
848 763
844 765
837 775
797 816
828 788
917 723
815 804
793 843
874 758
830 793
849 785
845 791
1022 684
798 854
856 798
863 786
870 789
843 827
885 781
876 796
818 861
850 831
907 770
816 869
873 822
865 838
901 797
884 819
899 810
861 852
1075 688
891 820
913 801
896 818
916 805
877 853
880 867
909 844
918 830
906 855
931 835
951 811
903 866
934 840
869 906
945 833
962 812
898 876
979 799
1032 748
968 823
986 807
921 881
978 837
927 879
998 814
928 885
910 904
1029 777
935 887
959 872
983 860
950 893
941 898
1010 839
900 935
940 910
969 888
855 985
937 913
984 880
955 911
960 909
985 894
1005 873
989 886
988 901
958 925
1018 875
922 960
1134 772
953 941
980 929
1021 896
1030 874
1019 902
964 947
939 972
1193 766
1002 923
944 977
1071 871
1048 889
1004 934
994 950
1015 936
1066 890
1045 914
1049 915
1044 926
1014 964
990 987
1068 921
1001 993
1016 986
1118 903
1081 927
1076 931
1027 980
923 1122
1012 1019
1080 945
1085 942
1033 984
1122 924
1112 932
1267 856
1064 970
1073 962
1097 943
1038 999
1172 916
1041 1002
1063 996
1090 976
1084 983
1156 946
974 1165
1126 979
1053 1035
1198 951
1106 1001
1211 954
1376 878
1154 988
1111 1012
1203 969
1065 1060
1159 992
1104 1023
1043 1092
1120 1030
1571 815
1228 978
1151 1016
1216 998
1256 975
1092 1080
1264 971
1291 963
1150 1047
1098 1089
1186 1033
1138 1070
1132 1079
1079 1137
1146 1063
1229 1020
1279 995
1127 1085
1247 1007
1249 1004
1102 1108
1207 1038
1202 1045
1121 1094
1094 1132
1089 1150
1141 1090
1173 1072
1196 1061
1191 1067
1195 1065
1135 1124
1113 1144
1252 1031
1200 1074
1161 1087
1140 1123
1128 1133
1149 1111
1103 1161
1153 1112
1241 1052
1176 1093
1170 1106
1166 1110
1160 1129
1088 1212
1145 1148
1148 1147
1194 1126
1300 1040
1306 1036
1124 1199
1233 1098
1232 1103
1204 1145
1390 1006
1157 1180
1214 1142
1177 1169
1363 1025
1343 1039
1316 1066
1223 1155
1323 1064
1206 1177
1163 1203
1265 1109
1481 989
1147 1225
1274 1121
1430 1010
1234 1175
1276 1139
1319 1091
1226 1191
1077 1347
1326 1105
1387 1062
1240 1189
1255 1181
1429 1046
1272 1174
1338 1117
1342 1114
1329 1136
1263 1185
1269 1182
1270 1184
1570 997
1312 1151
1253 1207
1303 1164
1273 1193
1423 1076
1392 1102
1254 1222
1381 1131
1296 1198
1299 1202
1169 1317
1314 1188
1461 1069
1355 1168
1282 1224
1305 1213
1388 1140
1360 1171
1365 1170
1224 1301
1289 1232
1420 1138
1231 1307
1331 1214
1281 1259
1400 1160
1322 1229
1378 1196
1301 1257
1246 1329
1333 1236
1328 1254
1358 1227
1369 1221
1290 1293
1308 1277
1403 1204
1235 1362
1458 1166
1294 1315
1408 1209
1287 1332
1413 1217
1286 1344
1345 1284
1437 1208
1635 1078
1297 1349
1675 1058
1382 1275
1364 1292
1344 1316
1414 1242
1385 1286
1359 1311
1356 1320
1353 1324
1368 1312
1349 1337
1645 1097
1347 1338
1258 1418
1380 1326
1506 1206
1405 1285
1622 1130
1677 1084
1288 1403
1452 1256
1648 1128
1395 1322
1470 1241
1486 1239
1446 1281
1427 1304
1462 1276
1471 1268
1491 1251
1601 1190
1637 1158
1440 1300
1472 1278
1497 1264
1435 1336
1179 1573
1411 1355
1589 1220
1553 1243
1371 1407
1374 1410
1496 1294
1425 1367
1577 1250
1502 1297
1504 1310
1617 1231
1475 1346
1534 1299
1348 1468
1393 1422
1528 1331
1459 1380
1595 1279
1561 1321
1259 1587
1512 1359
1466 1391
1451 1409
1547 1340
1419 1430
1541 1351
1643 1272
1551 1354
1664 1258
1501 1384
1524 1376
1560 1372
1773 1219
1415 1481
1519 1395
1632 1323
1562 1374
1404 1496
1500 1417
1449 1461
1442 1472
1592 1363
1482 1427
1533 1402
1564 1383
1531 1404
1522 1415
1569 1394
1649 1339
1362 1580
1539 1419
1436 1506
1710 1306
1477 1484
1596 1414
1537 1453
1587 1420
1556 1452
1546 1459
1573 1437
1702 1342
1621 1408
1828 1266
1584 1447
1615 1421
1456 1554
1733 1352
1485 1547
1705 1371
1544 1493
1729 1365
1612 1469
1634 1446
1557 1529
1898 1280
1639 1465
1526 1555
1563 1537
1585 1515
1798 1366
1745 1400
1603 1507
1467 1644
1450 1673
1579 1546
1608 1517
1630 1501
1604 1522
1640 1491
1591 1552
1704 1448
1619 1524
1707 1454
1627 1527
1713 1458
1665 1494
1678 1485
1652 1518
1780 1428
1490 1708
1795 1436
1476 1732
1873 1392
1671 1542
1787 1467
1725 1505
1418 1833
1740 1502
1623 1606
1663 1569
1712 1535
1748 1520
1812 1482
1730 1539
1826 1480
1763 1531
1659 1615
1638 1650
1835 1486
1657 1635
1845 1487
1728 1565
1720 1571
1715 1583
1734 1566
1731 1576
1744 1570
1807 1541
1483 1861
1706 1610
1626 1714
1891 1474
1724 1605
1825 1538
1655 1688
1727 1604
1718 1616
1844 1530
1722 1636
1784 1595
1753 1628
1789 1594
1788 1601
1685 1694
1948 1434
1654 1742
1855 1551
1776 1638
1783 1631
1945 1464
1698 1712
1818 1608
1809 1619
1811 1618
1756 1678
1782 1662
1849 1609
1679 1762
1791 1668
1754 1701
1769 1695
1716 1727
1739 1717
1910 1545
1806 1665
1738 1723
1947 1513
1672 1811
1901 1579
1866 1633
1785 1725
1829 1686
1858 1661
1870 1642
1810 1718
1831 1716
1801 1739
1842 1711
1779 1767
1881 1654
1937 1568
1883 1659
1837 1729
1927 1602
1777 1788
1821 1745
1766 1805
1915 1640
1582 1949
1830 1763
1912 1658
1933 1622
1913 1675
1799 1813
1864 1744
1839 1781
1848 1775
1688 1912
1879 1736
1815 1832
1877 1780
1743 1911
1850 1825
1939 1715
1832 1864
1862 1823
1899 1793
1960 1669
1803 1920
1918 1800
1856 1886
1840 1915
1900 1844
1885 1857
1954 1749
1869 1898
1936 1815
1957 1784
1971 1630
1953 1827
1930 1895
1961 1829
1920 1944
1955 1950
507090750 1446198686
1
sift 598
47 71
175 193
0 0
93 121
345 458
2 1
129 143
565 608
13 5
161 181
787 860
16 10
163 189
851 876
22 14
187 199
865 792
19 17
207 227
888 1849
20 16
240 203
1731 1421
21 18
216 232
23 21
178 330
24 20
271 259
25 26
289 302
33 25
370 262
29 32
378 280
41 28
347 304
45 41
298 431
49 38
376 399
56 44
461 350
57 50
569 542
58 56
886 610
61 52
819 1038
65 63
1112 1012
68 59
1218 1090
70 60
1237 1193
76 57
1509 1190
71 72
1651 1231
82 74
1800 1381
95 79
1625 1734
98 77
132 75
92 99
114 97
120 94
103 108
123 96
111 106
116 105
121 120
122 131
148 104
131 132
128 147
191 103
174 135
141 159
149 148
186 133
142 173
165 150
164 164
126 238
156 178
209 155
205 185
183 202
252 157
168 219
236 188
189 214
213 211
224 209
250 200
235 207
295 162
228 220
223 237
290 206
254 246
242 263
266 245
269 247
338 205
276 273
273 291
297 251
296 252
285 268
233 332
286 269
328 236
361 230
312 260
334 261
326 282
317 290
304 298
294 306
315 309
316 313
350 300
447 249
323 315
440 266
299 331
322 321
506 242
275 411
401 303
404 301
431 292
395 310
363 327
415 308
358 346
339 364
402 335
367 355
306 425
340 393
459 318
392 366
413 359
341 434
380 394
382 388
381 398
388 389
426 363
499 322
373 422
408 397
405 409
540 325
543 337
442 385
492 365
491 368
354 499
389 471
482 405
513 381
566 372
486 432
424 475
508 419
481 438
483 439
548 404
669 352
594 379
463 488
470 481
501 469
636 391
576 428
627 401
534 459
558 445
560 453
457 517
596 436
580 441
613 437
662 423
512 512
609 454
593 464
587 466
686 426
563 492
503 530
553 500
673 446
598 484
649 474
531 570
529 573
475 642
590 513
577 516
606 507
639 498
630 504
608 520
575 551
542 590
715 472
607 525
722 470
682 497
810 449
570 589
610 556
554 627
622 558
611 576
617 571
589 617
641 578
671 560
615 621
835 491
684 584
724 552
766 524
739 547
832 508
770 533
634 651
672 622
718 581
782 541
733 600
743 593
738 612
796 586
720 669
704 688
875 566
1005 509
805 613
736 671
775 639
745 663
793 636
795 637
776 656
778 659
646 790
762 683
702 751
876 628
964 580
797 678
928 618
783 702
856 664
794 704
873 665
934 630
962 615
907 653
857 685
899 658
838 700
751 764
878 681
834 709
756 779
980 644
983 661
891 723
912 726
916 718
901 738
884 763
909 757
871 785
845 808
1172 605
1044 673
937 750
950 744
945 756
923 768
1151 635
772 932
818 892
843 875
898 822
869 857
866 863
844 898
969 773
1002 758
1030 725
900 866
989 782
1001 789
921 873
1081 727
979 821
1053 754
918 889
978 832
1085 741
943 878
1126 721
1015 818
960 877
1004 834
935 908
990 864
996 862
1039 803
994 868
1211 719
1097 770
1018 861
1041 820
855 1032
1016 883
1120 775
1072 826
1073 835
1135 829
1229 788
1137 836
1068 896
1084 900
1154 849
1392 742
1214 838
1252 819
1106 909
1080 937
1161 894
1042 966
1089 944
1086 946
1247 844
1186 899
1393 781
1104 942
1132 930
939 1114
1127 939
1150 927
1338 825
1092 965
1291 859
1312 848
1470 774
1098 983
1146 955
1233 926
1205 956
1047 1064
1319 904
1387 858
1191 964
1141 1006
1129 1017
1228 958
1103 1033
1160 999
1149 1013
1157 1025
1342 929
1113 1062
1088 1082
1140 1052
1031 1152
1403 911
1408 914
1136 1067
1232 1016
1170 1051
1153 1069
1355 962
1296 1003
1102 1131
1365 982
1303 1019
1363 989
1305 1020
1705 842
1282 1055
1648 879
1270 1060
1240 1080
1274 1065
1194 1126
1413 998
1231 1105
1224 1123
1382 1042
1324 1071
1253 1118
1145 1215
1584 957
1223 1177
1506 995
1111 1298
1269 1148
1219 1211
1381 1089
1405 1073
1323 1133
1501 1036
1289 1179
1388 1108
1328 1167
1617 1011
1471 1074
1395 1127
1475 1077
1300 1206
1378 1154
1702 977
1159 1356
1404 1136
1452 1104
1359 1180
1632 1026
1366 1182
1278 1281
1169 1393
1427 1161
1347 1233
1246 1345
1512 1116
1504 1121
1294 1305
1374 1227
1290 1317
1349 1261
1798 1010
1308 1315
1287 1341
1795 1014
1411 1235
1612 1097
1947 948
1528 1155
1551 1150
1585 1130
1353 1319
1496 1183
1454 1212
1257 1417
1459 1217
1595 1151
1663 1101
1435 1267
1442 1259
1380 1333
1235 1469
1780 1070
1569 1194
1725 1088
1450 1286
1482 1258
1937 1000
1440 1301
1592 1191
1425 1326
1562 1214
1664 1149
1234 1505
1415 1352
1606 1195
1418 1361
1541 1253
1539 1266
1301 1480
1531 1280
1537 1283
1455 1372
1514 1321
1449 1395
1436 1406
1533 1334
1419 1440
1485 1398
1564 1346
1522 1385
1500 1400
1451 1451
1622 1328
1603 1350
1613 1354
1573 1394
1621 1348
1826 1199
1820 1203
1362 1553
1678 1304
1787 1263
1587 1418
1604 1415
1740 1310
1526 1470
1466 1509
1547 1458
1810 1275
1596 1435
1521 1475
1639 1404
1753 1323
1591 1442
1563 1466
1583 1454
1579 1459
1822 1289
1685 1387
1557 1486
1821 1303
1784 1353
1627 1455
1829 1335
1748 1392
1623 1479
1921 1256
1839 1362
1836 1368
1640 1485
1724 1432
1707 1449
1782 1425
1754 1438
1769 1434
1490 1650
1575 1582
1477 1692
1774 1444
1866 1388
1927 1344
1859 1414
1791 1482
1783 1499
1494 1783
1776 1512
1739 1531
1756 1526
1763 1523
1624 1686
1698 1594
1789 1554
1818 1538
1647 1712
1867 1504
1883 1501
1672 1702
1803 1562
1806 1574
1483 1948
1870 1527
1716 1695
1915 1508
1879 1560
1832 1641
1813 1661
1865 1604
1561 1979
1766 1736
1842 1658
1762 1790
1831 1733
1825 1735
1857 1710
1918 1615
1856 1722
1920 1634
1679 1929
1877 1711
1916 1648
1793 1851
1906 1724
1858 1810
1903 1756
1892 1774
1936 1714
1899 1814
1930 1809
1953 1791
1939 1843
1968 1651
1886 1994
1895 2034
1925 2026
1966 1953
1955 2045
507090750 2011792801
1
sift 811
26 21
3 3
0 0
47 43
6 5
2 1
72 55
9 6
5 4
101 94
12 10
13 9
129 134
34 27
20 16
161 147
31 35
19 17
163 170
107 80
21 18
187 186
151 127
24 19
172 221
135 128
28 20
239 236
167 167
33 23
262 255
175 190
39 28
271 270
565 596
41 29
370 273
787 833
44 26
282 299
931 662
35 33
347 304
851 900
42 38
298 381
1731 1557
45 37
461 328
49 36
378 340
56 39
376 407
57 41
386 424
58 47
418 383
69 40
496 505
61 46
569 482
66 48
585 658
65 50
727 684
68 59
854 636
77 51
768 751
71 63
886 754
76 54
819 898
86 53
1038 922
82 66
1095 936
80 69
1237 1071
85 71
1020 1766
98 72
1576 1195
94 75
1421 1616
95 76
1800 1434
92 90
1625 1633
113 79
93 97
111 91
118 86
114 93
120 84
137 78
103 102
132 83
116 101
123 100
121 108
109 141
128 125
131 122
143 110
148 109
159 111
142 140
140 151
126 185
147 139
202 113
149 145
141 159
191 123
190 131
165 150
174 143
186 135
164 156
156 177
168 203
183 189
222 155
201 179
205 175
209 171
214 183
234 176
248 172
267 164
213 209
237 195
243 191
236 204
235 208
252 201
228 223
250 213
223 229
247 233
242 245
274 224
254 248
266 241
281 222
353 194
269 249
249 282
273 261
300 231
308 226
305 234
330 230
290 257
285 267
286 271
296 263
312 253
333 247
302 269
291 284
294 283
304 289
334 278
317 291
297 315
313 312
443 242
350 288
322 308
394 275
407 265
326 310
323 323
275 404
437 258
419 276
321 333
448 259
361 326
425 285
351 346
435 286
404 307
339 356
340 357
562 246
367 334
363 348
344 359
406 317
336 366
306 396
395 337
440 306
446 298
506 281
473 293
390 347
401 341
460 301
380 369
459 324
402 360
472 318
415 353
480 322
354 419
392 377
413 365
447 344
540 297
510 316
388 386
381 402
371 412
526 319
441 367
426 376
602 292
373 437
338 468
405 406
457 375
389 442
452 397
442 417
476 385
499 373
408 449
420 441
479 391
600 332
638 320
470 421
427 457
594 355
513 398
491 418
482 426
424 466
486 433
492 435
543 401
523 423
487 448
481 455
458 476
581 389
561 410
463 481
550 429
508 459
626 382
517 460
494 478
483 491
700 370
566 443
534 471
640 420
512 499
613 436
501 514
674 409
558 473
475 558
576 463
548 493
580 474
636 452
669 439
662 446
553 513
563 500
503 576
531 557
596 486
784 400
552 525
593 496
587 502
737 434
544 570
514 617
673 472
529 602
590 523
608 515
577 541
606 518
609 517
542 592
713 465
575 566
620 524
598 556
868 425
649 521
622 544
607 561
690 495
595 574
645 526
643 533
686 511
709 507
611 577
629 564
617 575
597 603
682 546
624 585
601 618
610 613
615 608
641 583
752 498
589 652
722 534
630 625
646 620
695 573
680 591
810 503
741 552
671 627
770 548
764 550
672 630
667 643
726 598
735 589
821 560
715 632
766 600
864 549
739 621
804 582
733 653
835 578
738 649
718 670
702 686
825 594
877 568
782 631
694 705
874 579
767 648
796 626
832 614
783 647
745 678
775 674
863 624
1022 545
853 644
720 740
732 727
762 696
704 756
780 697
778 707
981 584
797 699
817 690
1075 539
728 774
731 780
794 726
876 687
795 737
904 676
751 775
899 681
829 725
856 718
917 685
734 837
834 736
756 807
907 698
844 746
793 790
878 733
913 724
807 810
978 692
1009 680
698 977
912 738
1193 588
818 817
724 962
845 808
901 764
850 818
749 914
865 809
951 749
843 850
918 773
772 912
873 822
816 890
869 845
945 766
916 793
885 836
891 826
928 794
1116 672
896 835
962 778
900 843
983 768
964 784
950 804
909 858
921 861
935 844
953 824
937 857
988 796
985 805
855 950
866 943
1001 797
989 811
942 871
969 848
984 839
960 877
898 942
923 906
1002 851
1004 867
1118 753
1176 731
1015 868
1049 823
1045 831
1188 750
979 929
1018 896
1063 849
990 935
1090 829
994 932
1085 852
1177 789
1044 893
1211 785
1076 875
1172 799
1071 886
1016 983
996 1001
939 1059
1314 765
1097 894
1053 939
1081 911
1064 937
1151 883
1080 921
1041 973
1430 739
1086 933
1003 1038
1073 964
1084 954
1065 992
1112 953
1126 941
1042 1020
1137 958
1096 985
1161 930
1120 970
1043 1052
1127 997
1249 918
1092 1026
1154 989
1079 1040
1089 1032
1138 1000
1124 1008
1104 1019
1098 1030
1132 1009
1247 945
1392 869
1242 961
1264 949
1260 957
1316 910
1390 887
1141 1029
1150 1025
1184 1010
1229 996
1252 982
1094 1083
1146 1045
1214 1012
1128 1076
1140 1062
1267 998
1538 862
1111 1106
1160 1072
1200 1049
1103 1113
1461 899
1149 1090
1206 1058
1233 1041
1226 1050
1113 1120
1343 994
1204 1082
1186 1092
1170 1096
1153 1114
1102 1154
1413 968
1408 980
1338 1014
1157 1135
1345 1017
1319 1039
1312 1044
1228 1104
1255 1091
1296 1066
1323 1051
1147 1198
1145 1214
1360 1053
1281 1105
1577 956
1100 1272
1405 1036
1155 1218
1219 1171
1159 1219
1240 1153
1223 1176
1342 1084
1169 1211
1423 1033
1270 1128
1648 920
1265 1139
1274 1137
1194 1209
1273 1140
1470 1016
1451 1037
1303 1123
1253 1167
1224 1205
1358 1095
1365 1101
1458 1043
1324 1130
1387 1093
1322 1134
1282 1175
1263 1189
1088 1402
1403 1099
1378 1118
1636 991
1359 1149
1299 1206
1289 1222
1369 1156
1231 1293
1286 1244
1300 1227
1347 1184
1472 1109
1382 1180
1308 1251
1269 1281
1325 1247
1395 1174
1246 1321
1068 1512
1446 1146
1276 1305
1601 1068
1287 1292
1278 1308
1290 1301
1464 1144
1239 1364
1454 1164
1385 1245
1328 1289
1498 1141
1381 1250
1534 1116
1486 1152
1388 1239
1452 1183
1364 1276
1414 1242
1374 1287
1404 1270
1234 1446
1502 1185
1349 1346
1235 1452
1380 1335
1259 1440
1524 1201
1412 1307
1366 1362
1617 1150
1427 1291
1705 1111
1528 1237
1512 1252
1435 1315
1589 1197
1471 1280
1595 1192
1425 1337
1622 1172
1506 1267
1710 1115
1501 1273
1702 1133
1632 1181
1659 1166
1371 1420
1475 1312
1612 1210
1551 1263
1440 1358
1547 1268
1584 1248
1504 1310
1572 1269
1491 1354
1459 1383
1788 1148
1652 1230
1585 1283
1482 1375
1537 1338
1664 1228
1604 1285
1539 1355
1569 1334
1752 1182
1531 1369
1592 1325
1533 1374
1606 1316
1560 1368
1564 1365
1562 1373
1729 1232
1701 1259
1514 1409
1730 1246
1541 1395
1798 1203
1634 1314
1485 1436
1477 1444
1561 1400
1455 1474
1573 1406
1448 1483
1620 1372
1436 1494
1442 1490
1723 1275
1363 1607
1621 1379
1557 1428
1348 1636
1466 1492
1663 1359
1449 1536
1819 1264
1583 1441
1725 1340
1678 1380
1780 1319
1795 1303
1643 1418
1563 1475
1603 1449
1522 1537
1373 1727
1496 1579
1744 1390
1740 1392
1826 1345
1718 1415
1706 1424
1362 1790
1640 1467
1812 1377
1690 1445
1579 1563
1596 1546
1807 1397
1591 1562
1810 1396
1947 1265
1715 1453
1467 1686
1720 1455
1655 1504
1587 1610
1671 1523
1623 1581
1639 1566
1891 1387
1526 1677
1712 1498
1734 1487
1845 1439
1783 1470
1724 1514
1505 1747
1748 1506
1624 1634
1483 1791
1882 1427
1638 1631
1707 1564
1627 1657
1698 1584
1490 1816
1769 1553
1575 1736
1789 1544
1657 1648
1784 1554
1753 1585
1829 1533
1782 1576
1727 1619
1791 1577
1494 1887
1754 1627
1716 1658
1756 1637
1679 1694
1913 1480
1821 1599
1677 1717
1811 1621
1666 1755
1921 1496
1910 1509
1937 1473
1794 1641
1818 1629
1739 1680
1775 1673
1766 1682
1855 1609
1850 1626
1858 1625
1849 1647
1870 1624
1815 1712
1806 1733
1866 1668
1879 1650
1839 1706
1883 1653
1927 1622
1915 1644
1862 1716
1793 1804
1859 1725
1856 1741
1842 1796
1803 1842
1865 1773
1876 1774
1885 1763
1830 1849
1877 1781
1918 1731
1962 1594
1857 1868
1892 1820
1953 1707
1906 1823
1916 1815
1936 1787
1899 1875
1939 1825
1874 1948
1968 1713
1837 1998
1967 1779
507090750 2118799435
1
sift 330
22 9
56 26
41 13
33 19
39 14
165 140
108 82
49 23
89 27
205 169
123 88
95 67
159 60
195 182
116 105
147 72
191 77
224 199
121 115
148 91
111 134
269 210
202 161
174 98
188 108
286 254
142 258
209 151
243 143
316 329
228 253
308 133
248 173
313 390
266 249
256 193
510 129
426 379
285 226
312 227
472 185
392 413
276 277
579 186
361 251
408 430
294 302
441 244
431 265
451 396
404 285
363 319
398 300
513 417
405 421
323 351
395 350
481 467
553 403
499 286
415 359
492 461
534 475
373 425
636 284
580 452
501 544
339 459
491 348
587 507
544 628
543 332
566 341
598 510
475 736
382 462
381 497
563 547
577 615
482 428
669 352
641 617
671 620
483 448
741 339
733 561
646 637
752 340
593 404
623 689
838 555
864 316
486 470
696 653
748 693
424 552
560 450
738 667
705 817
932 317
613 453
856 648
962 639
558 498
832 399
736 731
1147 575
765 439
722 468
677 921
793 857
609 536
649 524
785 787
844 954
590 613
575 674
899 728
845 1049
724 597
617 730
874 765
909 1007
770 616
775 641
892 835
734 1304
878 610
702 757
849 906
960 1006
672 843
830 679
885 902
919 1085
805 735
828 769
945 926
869 1222
1343 557
876 760
969 937
1081 992
773 863
639 1189
1137 783
1303 939
597 1359
794 1019
884 1029
1106 1070
1044 779
823 1016
935 1023
1092 1093
873 982
953 915
938 1030
1146 1134
1338 683
1002 924
978 1009
1003 1434
1073 849
996 936
1015 1012
1031 1409
1470 671
843 1092
1098 1161
1113 1453
1381 709
1249 775
1312 1063
1324 1272
1041 960
989 1038
1141 1268
1148 1483
1458 733
1247 884
1232 1303
1149 1552
1138 979
1127 985
1136 1536
1419 1395
1155 996
1233 978
1265 1413
1359 1500
1729 805
1072 1219
1270 1420
1289 1595
1652 905
1243 1154
1239 1482
1169 1724
1140 1269
1170 1317
1240 1499
1328 1605
1649 1015
1452 1104
1089 1742
1425 1497
1204 1310
1389 1218
1274 1524
1300 1683
1160 1397
1506 1168
1379 1505
1353 1679
1253 1391
1272 1380
1482 1485
1514 1632
1798 1047
1231 1455
1701 1340
1290 1934
1780 1072
1464 1273
1541 1501
1723 1481
1282 1438
1695 1139
1374 1675
1562 1647
1524 1260
1543 1309
1533 1597
1349 1903
1269 1593
1366 1479
1485 1695
1564 1670
1504 1368
1347 1553
1664 1588
1404 1857
1795 1241
1475 1568
1573 1681
1496 1754
1826 1301
1612 1458
1594 1673
1411 1895
1565 1512
1531 1578
1727 1794
1415 1910
1442 1661
1740 1474
1763 2087
1495 1854
1435 1765
1287 2071
1832 2272
1436 2124
1783 1570
1595 1726
1806 2325
1613 1879
1810 1559
1748 1618
1776 2418
1547 2030
1449 1941
1592 1781
1870 2345
1591 2001
1380 2136
1537 1877
1892 2329
1639 1971
1754 1676
1466 2079
1968 2021
1587 2102
1579 1948
1829 1699
1920 2299
1583 2137
1627 1965
1569 2095
1766 2610
1866 1802
1859 1738
1902 1697
1936 2403
1362 2838
1563 2157
1756 1891
1966 2620
1604 2432
1876 1766
1803 1881
1825 2478
1522 2266
1915 1786
1877 2687
1640 2154
1774 2088
1955 2586
1784 2128
1867 2050
1939 2755
1791 2173
1858 2103
1895 3452
1624 2461
1836 2202
1707 2358
1856 2179
1685 2395
1879 2210
1698 2507
1445 3049
1918 2276
1899 2339
1638 2774
1865 2619
1917 2859
1916 2909
1813 3189
1900 3166
507090750 2119627969
1
sift 212
26 24
12 5
16 15
74 71
107 80
19 21
72 81
851 1237
21 19
180 91
24 26
129 151
28 25
161 230
35 29
163 233
57 42
207 211
62 46
216 295
68 44
178 373
61 52
271 305
64 53
318 271
65 60
289 307
71 59
298 341
70 63
347 363
80 64
386 361
93 94
376 470
92 99
462 451
103 109
496 490
105 117
556 495
78 221
619 483
114 141
676 465
140 119
568 584
141 128
854 454
125 155
569 625
168 150
819 686
164 160
792 705
146 189
1020 981
149 198
1218 1372
183 177
1958 937
189 218
1237 1397
218 208
1625 1820
233 205
1800 1810
213 247
254 207
223 246
232 237
267 226
205 303
273 279
242 308
315 239
270 321
294 296
277 333
317 287
282 326
306 301
299 318
290 345
340 349
358 381
389 360
328 409
322 443
471 344
423 371
390 392
422 390
373 453
427 412
367 509
339 552
450 437
426 468
381 553
479 456
388 558
413 520
382 599
308 739
512 467
445 518
529 485
552 479
424 630
629 449
436 669
618 503
614 543
611 565
644 557
492 734
589 619
577 644
563 720
815 535
698 624
634 682
732 604
630 759
651 743
720 685
662 764
678 762
816 665
756 712
733 745
594 954
672 900
673 927
686 948
834 780
796 830
865 788
736 951
855 843
743 959
869 872
828 931
866 939
906 903
794 1014
979 938
898 1007
694 1435
896 1114
1088 926
1224 850
958 1081
899 1174
1050 978
1089 979
908 1235
1041 1058
960 1265
1103 1112
891 1504
1002 1342
1161 1140
1204 1135
1259 1096
901 1610
1194 1181
1219 1189
1483 1003
1223 1206
1270 1154
1102 1330
1143 1308
1490 1042
1235 1249
1318 1202
1027 1547
1333 1294
1323 1321
1234 1449
1282 1411
1141 1676
1569 1263
1445 1354
1154 1721
1246 1582
1305 1538
1314 1528
1551 1332
1592 1323
1500 1366
1459 1401
1396 1487
1504 1384
1579 1380
1812 1272
1622 1390
1623 1406
1906 1262
1467 1602
1533 1537
1594 1494
1466 1652
1391 1761
1837 1353
1530 1643
1441 1798
1953 1400
1869 1554
1931 1807
