672853355 769617110
1
sift 86
201 996
45 175
6 19
8 36
281 1292
109 537
11 52
17 56
282 1617
189 1053
19 69
48 187
437 1530
205 1153
43 254
44 292
407 1856
49 281
51 286
63 396
67 338
75 319
82 369
85 361
94 294
91 372
90 423
89 454
93 506
96 514
104 656
124 498
127 589
121 783
119 881
128 799
132 787
149 714
169 616
230 420
142 991
165 874
177 762
185 781
152 1300
176 918
192 803
198 760
171 1057
209 801
195 954
240 814
234 1150
250 1342
268 1250
278 1293
310 1046
242 1915
276 1425
300 1200
392 798
331 1182
294 1480
296 1497
304 1412
285 1662
325 1426
299 1708
360 1188
393 1040
395 1063
318 1660
311 1905
319 1872
351 1923
358 1978
356 2089
463 1729
460 1910
512 1770
509 1949
481 2114
523 2109
649 1996
699 1986
817 1842
