748678880 756063153
1
sift 127
220 202
6 12
196 188
243 238
19 23
295 361
96 110
238 198
525 594
178 133
358 390
195 141
527 667
565 579
180 161
582 698
185 173
547 816
929 1136
270 297
761 825
392 282
817 770
1050 1152
376 344
760 971
380 373
1035 751
1126 2319
385 376
1043 1393
407 410
906 879
1623 1620
450 436
1121 1266
469 435
1019 1082
2554 2759
475 442
1240 1414
458 478
1082 1125
2802 2737
530 504
1322 1600
566 497
1087 1419
545 544
1746 1456
529 581
1207 1302
576 575
2121 2223
665 658
1665 1451
628 756
2159 2517
660 731
1504 1960
771 712
2415 2538
866 742
1810 2245
794 968
2405 2798
821 975
2169 2163
975 814
3488 2472
833 1020
2067 2646
926 938
3530 3778
835 1062
2023 2932
802 1189
3468 3974
968 987
2977 3281
841 1217
934 1153
3523 3070
955 1143
943 1158
1276 1234
1392 1535
1474 1569
1661 1667
1399 2237
1827 1786
1823 1879
1552 2291
1586 2346
1769 2300
1742 2360
1880 2290
1983 2248
2160 2072
1847 2398
1753 2594
2090 2287
2246 2206
2046 2461
2144 2376
1909 2692
2242 2339
2273 2330
2196 2422
2283 2332
2134 2493
2390 2298
3033 1955
2251 2540
1836 3323
2138 2951
2424 2711
2465 2729
2262 3812
2614 3054
2568 3288
2772 3128
3088 3182
3335 3134
3099 3838
3203 3821
3439 3783
748678880 858943217
1
sift 58
96 107
376 366
128 111
180 158
380 357
98 2018
392 285
833 1121
446 379
450 425
965 958
469 432
475 423
1207 1235
458 468
530 502
1504 1701
529 556
545 581
1823 1833
576 565
580 583
2004 1713
866 618
660 858
2144 2250
771 707
731 931
2310 2102
975 711
926 903
934 1102
943 1103
841 1365
947 1228
789 1604
955 1232
1226 1405
1143 1561
1392 1606
1827 1669
1742 2014
1758 2005
1880 1991
1983 2079
2160 1925
2201 1909
2198 1929
2235 2126
2134 2267
2273 2233
1910 2664
2242 2272
2181 2432
2165 2495
2283 2643
2423 2615
2820 3271
748678880 1162772251
1
sift 98
84 56
245 137
368 317
287 246
396 219
598 537
315 276
382 333
1027 1099
361 455
641 370
1022 1356
615 523
645 504
1291 1191
701 689
688 724
1273 1856
772 701
769 825
1597 1549
704 910
842 777
1745 1991
815 854
880 832
1972 2491
997 750
873 988
2434 2386
998 1072
1098 975
2615 2893
1008 1192
1069 1222
2990 3630
1016 1301
1196 1120
3193 3512
1303 1134
1337 1180
3091 3892
1244 1250
1191 1473
1411 1383
1327 1483
1351 1489
1307 1533
1417 1440
1437 1432
1402 1570
1434 1594
1415 1639
1529 1563
1413 1798
1906 1450
1542 1956
1655 1815
1714 1745
1916 1565
2076 1587
1622 2088
1760 1934
1805 1962
1736 2083
1649 2239
1791 2093
1888 2105
1547 2582
1876 2124
2225 1969
2255 1958
1894 2295
2218 2055
1735 2534
2120 2143
1999 2473
2191 2341
2278 2354
2548 2182
2320 2569
2387 2916
2552 2739
2781 2774
2746 3318
2760 3381
3299 3091
3513 2960
2674 3691
2875 3598
3236 3277
2553 3918
3106 3877
3542 3288
3332 3698
2737 4238
3129 3955
3298 4032
748678880 1429073379
1
sift 180
104 149
79 71
17 20
193 271
24 24
1256 860
220 372
38 36
238 414
36 55
2489 2050
358 613
43 61
373 587
51 74
2919 2125
506 816
56 78
390 729
86 81
2505 2586
640 769
95 89
547 789
77 108
582 897
68 141
565 1234
155 95
703 957
144 152
600 1188
116 176
760 1169
184 173
726 1445
180 185
1147 1264
182 190
795 1789
179 212
1548 2669
197 227
1087 1836
186 259
1731 2333
217 216
1050 2063
195 249
1778 2372
200 315
1157 2226
261 234
1561 2965
212 395
1443 2571
260 281
1726 2651
270 351
1592 2326
277 336
1864 2613
278 379
3225 3209
404 383
1889 2841
376 505
392 532
1990 3321
385 606
401 620
2496 3031
439 555
444 581
3487 3297
532 452
502 525
533 503
556 487
458 685
566 557
557 650
545 735
480 904
593 836
630 790
580 888
491 1242
748 705
561 1124
718 857
724 840
742 865
665 1003
820 811
660 1067
806 960
677 1236
731 1126
799 1080
857 1014
866 1021
840 1238
835 1360
969 1186
934 1289
1059 1168
1053 1216
1071 1202
1005 1317
1151 1218
955 1598
1019 1530
1291 1223
852 2216
1234 1349
1144 1453
1162 1441
1297 1447
1376 1498
1320 1568
1331 1756
1507 1704
1207 2131
1763 1532
1811 1546
1477 1954
1340 2320
1366 2374
1426 2545
1414 2680
1761 2152
2037 1929
1877 2067
1252 3327
2518 1597
2140 1941
1513 2859
1747 2376
2046 2097
1782 2375
1823 2336
1602 2812
2217 2013
1700 2646
1637 2907
1827 2617
1968 2464
1787 2784
2119 2304
1909 2601
2232 2265
1769 3033
1973 2678
1938 2741
2060 2591
2023 2775
2196 2535
2233 2516
2242 2502
2137 2899
1870 3354
2258 2822
2466 2469
2264 2847
2434 2631
2403 2701
2187 3168
2297 2992
2556 2619
2160 3314
2101 3374
3336 2276
2692 2726
2990 2664
2872 3009
2512 3352
3197 2819
3518 2708
3439 3184
748678880 1472528885
1
sift 690
104 113
117 126
27 20
514 450
81 71
25 26
254 186
159 201
34 34
490 492
152 236
36 32
474 317
237 176
38 38
586 763
196 174
40 37
1359 1231
220 202
43 49
640 765
193 209
48 46
1435 1200
236 241
54 53
1113 1252
289 274
53 55
1164 1449
256 286
56 56
1393 1265
302 314
72 58
1256 1521
358 330
85 66
1379 1327
349 321
77 75
1751 1461
445 313
83 70
1591 1675
373 354
86 82
2319 2407
449 432
97 89
1710 1693
383 351
96 90
2343 2398
488 414
94 105
2710 1409
527 529
119 99
2363 3006
506 561
107 118
2013 1869
582 562
114 115
583 600
141 104
3052 1886
627 639
118 116
655 555
116 117
2496 2433
669 688
151 114
595 620
133 127
3270 2756
726 730
132 130
662 624
113 149
806 745
147 142
703 581
153 140
760 791
150 145
714 677
167 157
734 825
177 156
674 834
179 164
916 830
195 166
1085 744
185 181
919 918
194 183
1180 802
197 188
877 1068
209 185
1012 1013
198 217
1203 805
191 238
1007 1063
238 213
1035 937
223 235
1042 1061
243 222
990 993
265 218
979 1230
222 259
1082 1119
267 226
1090 1144
249 254
1087 1124
270 250
1121 1192
255 258
1133 1236
264 265
1183 1169
278 260
1134 1272
276 261
1240 1269
292 276
1665 1021
286 288
1322 1267
262 320
1285 1317
257 360
1378 1372
427 247
1096 1747
384 267
1669 1184
390 283
1442 1380
342 323
1548 1827
341 332
1262 1567
378 318
1561 1871
354 347
1443 1396
418 302
1779 1700
353 371
1458 1399
486 281
1726 1752
368 366
1592 1608
419 334
1729 1762
389 363
1792 1787
380 380
1746 1857
499 294
1889 1768
382 382
1947 1808
392 379
1864 1896
336 463
2071 1775
385 393
2157 1770
401 388
1946 1991
404 390
2222 1785
463 342
1990 2014
407 396
2178 1928
372 438
1933 2207
424 384
2121 2139
444 413
2484 1817
447 421
1988 2309
433 441
1846 2518
439 439
2132 2342
478 398
2159 2348
487 399
2099 2440
493 397
2206 2417
469 435
2312 2295
466 442
2858 2253
450 448
2368 2413
446 470
2580 2381
456 461
3205 2119
475 444
2523 2512
432 491
3309 2131
458 466
2639 2521
480 457
2468 2856
489 455
2560 2614
500 452
2949 2670
494 469
2415 3419
508 465
2824 2950
502 511
3405 2405
562 453
3043 2743
604 431
3025 3202
525 508
3476 2536
541 509
2908 3554
533 521
3421 2781
530 525
3367 3510
545 539
3184 3303
556 515
3530 3299
529 558
3232 3251
522 582
3482 3439
561 535
3392 3598
565 534
3468 3534
577 527
3374 3608
600 524
3487 3546
551 592
3456 3611
646 507
3342 3649
587 553
607 565
584 616
580 634
557 663
596 619
612 610
548 700
593 645
598 649
630 635
677 603
658 654
633 703
676 642
729 601
660 680
716 630
667 689
663 721
648 759
694 696
672 754
689 723
790 655
718 705
771 672
688 741
868 612
752 709
887 637
685 801
754 735
753 746
724 787
699 820
763 806
772 808
796 790
815 773
821 781
794 812
817 807
788 857
795 848
757 893
849 804
867 784
820 850
834 831
708 1017
800 905
872 841
750 979
862 864
841 889
905 826
833 901
866 873
915 839
858 903
913 882
926 880
906 898
1026 785
1053 778
852 980
923 915
828 1018
890 965
947 929
921 975
928 976
929 990
931 998
975 959
943 992
779 1257
968 972
791 1250
934 1051
1032 960
963 1053
1011 1012
1004 1031
955 1111
958 1122
969 1102
965 1118
1212 920
1062 1026
1000 1093
898 1311
1313 899
1111 1030
1059 1074
1050 1087
1041 1101
1051 1097
1127 1035
1089 1069
1069 1138
1022 1209
1097 1112
1070 1158
1159 1047
1093 1168
1196 1043
1071 1205
1126 1191
1139 1183
1234 1096
1061 1351
1238 1143
1282 1099
1391 1073
1198 1243
1162 1325
1231 1254
1642 1011
1366 1196
1257 1287
1207 1376
1281 1322
1427 1237
1374 1278
1511 1198
1251 1397
1253 1432
1276 1423
1135 1606
1429 1314
1331 1408
1273 1490
1288 1480
1298 1479
1324 1459
1392 1420
1477 1343
1384 1433
1376 1444
1264 1557
1494 1350
1469 1379
1424 1429
1347 1532
1553 1337
1355 1549
1514 1406
1504 1471
1447 1530
1375 1605
1540 1495
1420 1600
1534 1523
1620 1426
1340 1684
1625 1447
1539 1533
1536 1553
1643 1457
1829 1313
1438 1662
1574 1550
1414 1717
1512 1617
1565 1581
1618 1551
1603 1562
1578 1585
1586 1584
1777 1454
1320 1939
1834 1424
1545 1666
1661 1573
1538 1689
1941 1395
1507 1751
1544 1716
1636 1631
1451 1860
1555 1722
1827 1504
1558 1720
1648 1650
1967 1442
1640 1663
1517 1837
1740 1610
1611 1745
1646 1704
2082 1417
1637 1733
1631 1759
1659 1738
1425 2057
1732 1667
1605 1845
1835 1612
1747 1682
1800 1651
1623 1844
1559 1920
1562 1968
1782 1729
1942 1626
1701 1825
1758 1773
1972 1619
1763 1793
1633 1952
1879 1687
1823 1758
1881 1706
1818 1800
1825 1791
1680 1960
2245 1540
1682 1975
1996 1683
1817 1842
2174 1597
1809 1853
1754 1909
1769 1934
1704 2021
1902 1839
2001 1769
1752 2000
1787 1985
1850 1918
1882 1925
1927 1912
1719 2115
1596 2290
1939 1915
2046 1832
1824 2039
1880 1995
1626 2304
2140 1821
1966 1982
2029 1926
2152 1833
2095 1880
1852 2087
2019 1964
2151 1851
1961 2034
2128 1888
2075 1936
1813 2163
1969 2046
1959 2061
1909 2098
1983 2048
2059 1987
1984 2064
2156 1910
1981 2081
2160 1935
2166 1933
1905 2160
2067 2031
1847 2198
1788 2317
2032 2121
1954 2196
2144 2052
2038 2125
2101 2086
2023 2147
2123 2072
2055 2141
2226 2017
1910 2302
2217 2037
1938 2311
2060 2238
2090 2204
2251 2084
2102 2219
2091 2251
2118 2221
2364 2016
2134 2254
2246 2164
2260 2168
2165 2262
2357 2091
1798 2819
2125 2323
2195 2269
2086 2400
2242 2258
2232 2279
2258 2256
2295 2244
2381 2171
2219 2349
2213 2394
2138 2546
2403 2224
2314 2341
2525 2120
2297 2363
2383 2294
2073 2830
3039 1970
2491 2205
2538 2184
2390 2367
2272 2540
2225 2637
2459 2321
3076 2040
2162 2887
2423 2379
3007 2071
2262 2700
2568 2301
2335 2768
3034 2185
3138 2149
2204 3285
2772 2385
2433 2699
2721 2420
3103 2246
3199 2192
2614 2511
2512 2617
2495 2642
2565 2576
2711 2488
3209 2228
2492 2724
2535 2674
2244 3415
2229 3473
2822 2501
2268 3433
2615 2635
3127 2344
2655 2655
3567 2018
2649 2690
2717 2624
2781 2586
2554 2919
2888 2569
2848 2607
2973 2532
2895 2605
2626 2878
2857 2640
2785 2726
2744 2784
2770 2765
2756 2786
2725 2807
2627 3005
3193 2479
3078 2580
2791 2922
2766 2939
3148 2578
2978 2770
2873 2953
3442 2431
2932 3023
3006 2928
2802 3157
3537 2351
2748 3231
3095 2835
2918 3135
3154 2820
3361 2575
3192 2818
2972 3144
3369 2628
3020 3124
2957 3213
2504 3610
3402 2634
2977 3254
3105 3162
2931 3373
2871 3472
3267 3033
3335 2955
2987 3400
2917 3494
3229 3129
3159 3233
3070 3344
3321 3070
3079 3405
3345 3050
3287 3209
3376 3103
3240 3287
3459 3052
2809 3641
3269 3385
3426 3221
3288 3411
3485 3192
3261 3512
3221 3590
3416 3431
3439 3449
3337 3568
3472 3434
3357 3595
3433 3535
3479 3572
3438 3602
3338 3645
3447 3634
3460 3664
3552 3639
748678880 1537327672
1
sift 182
104 81
79 28
25 12
568 312
168 90
27 15
204 122
445 369
38 16
886 536
532 265
61 23
331 196
703 492
80 22
993 676
724 438
53 33
415 225
922 849
69 52
2363 1128
799 574
94 42
681 292
1561 1519
86 50
2489 1205
1889 1345
70 84
899 389
1846 1669
118 55
2319 1361
2152 1332
144 78
1020 405
2642 1771
182 97
3532 2267
2403 1796
169 115
1038 617
2682 2156
229 128
3105 2193
224 145
985 734
3133 2344
286 173
2532 2775
249 201
1083 732
397 182
3289 2518
392 209
1341 998
368 240
3218 2616
404 256
1527 1026
394 261
444 294
1783 961
468 279
502 333
1904 1099
557 337
632 379
1774 1210
699 367
730 388
1985 1234
668 425
826 373
1801 1336
598 496
691 501
1934 1311
718 506
694 547
1773 1501
791 491
731 549
1654 1636
915 447
820 559
2048 1387
832 576
931 573
1803 1957
969 580
928 661
3146 1586
891 719
934 688
2919 1795
982 665
1005 651
3149 2063
1255 558
1027 712
3186 2113
1011 763
1111 695
2948 2263
1144 683
1192 717
2995 2458
1198 828
1153 893
3526 2231
1331 839
1594 761
3254 2450
1291 907
1317 900
3506 2413
1273 925
1586 826
3505 2466
1424 978
1507 1015
3450 2828
1297 1174
1169 1327
1340 1303
1763 1053
1740 1078
1824 1158
1954 1162
2161 1081
2046 1175
1976 1241
2035 1230
2518 1002
1787 1366
1981 1305
1938 1347
1909 1406
1796 1515
2219 1274
2118 1318
2248 1277
2165 1340
2232 1355
2168 1414
2069 1557
2217 1516
2446 1351
2313 1455
2111 1720
2062 1802
2196 1662
2137 1902
2298 1693
2884 1384
2466 1846
2101 2361
2434 1992
2540 1884
2626 1859
2513 2028
2692 1894
2848 1849
2973 1783
2714 1931
2881 1871
3336 1633
2627 2211
3103 2089
3518 1749
3461 1819
2868 2388
2570 2600
3272 2295
2990 2476
3439 2272
2872 2846
3193 2756
3176 2928
3485 2849
748678880 1693986903
1
sift 91
77 71
108 116
96 104
128 120
180 159
486 383
185 184
190 234
247 239
566 793
354 355
271 236
392 337
598 771
389 344
446 440
376 371
1027 1149
380 376
529 568
386 402
1214 1132
407 401
866 646
450 453
1005 2246
475 443
1226 1338
458 468
2246 2090
556 475
1276 1321
530 503
1753 3040
545 544
1291 1543
561 565
1909 2992
665 680
1346 1509
660 741
2046 3032
676 893
1956 2010
857 725
3193 2729
771 818
2040 2058
731 900
2615 3730
788 938
2196 2030
841 995
975 867
2134 2339
968 908
943 1049
2283 2377
833 1241
934 1121
2273 2571
955 1144
926 1206
2465 2555
947 1249
1392 1600
2515 2714
1257 1878
1603 1696
2829 2667
1827 1645
1823 1888
2434 3520
2075 1782
1880 2056
2745 3447
1983 2080
2095 2009
3088 3211
1742 2449
1611 2755
2198 2006
2160 2262
1910 2623
1847 2734
2165 2482
2181 2636
2262 2897
2423 2909
2568 3581
3297 3776
748678880 1724217577
1
sift 651
204 174
159 123
25 16
69 66
48 41
26 22
187 234
156 147
34 29
70 81
97 84
43 35
254 219
216 209
46 38
229 163
107 110
50 52
331 294
220 244
53 45
415 276
132 124
54 47
422 325
302 304
80 49
494 338
138 143
84 69
679 580
295 367
86 74
668 617
151 168
106 106
1020 640
358 357
114 96
521 891
208 220
108 119
1055 1030
449 387
133 112
691 677
257 227
122 120
1216 1075
445 544
116 126
915 645
232 268
155 101
1589 1034
483 508
144 116
804 810
273 301
168 153
1654 2105
528 503
180 150
1047 1144
286 295
184 160
1773 2245
506 555
179 166
2129 1659
346 353
177 170
2234 1878
582 554
182 173
2035 2068
472 415
194 167
2328 2039
595 572
200 158
2547 2188
466 479
192 175
2343 2396
737 497
195 182
2351 2540
464 486
198 178
2718 2349
669 611
197 189
2531 2478
500 469
196 196
2354 2775
703 908
241 188
3202 3083
562 576
230 215
3157 3128
894 766
224 218
633 542
217 254
979 863
332 198
685 619
238 239
995 919
248 228
667 706
255 224
1012 895
245 242
666 753
260 230
1042 1058
362 197
764 720
261 267
922 1416
287 291
887 761
341 255
1121 1260
267 311
867 859
282 310
1489 1032
354 313
858 994
342 330
1183 1496
368 337
1141 927
396 332
1322 1589
376 347
1469 1311
378 343
1726 1738
353 409
1237 1824
392 361
2299 1733
382 381
1212 2003
404 369
2071 2306
389 391
1833 1510
429 388
1845 2622
468 360
1680 1704
412 433
2121 2317
419 452
1961 1952
424 450
1948 2547
532 351
1642 2734
444 441
2858 1755
469 448
2091 2197
485 437
1990 2537
641 365
2383 1921
559 429
2405 2176
541 468
2236 2385
484 553
2270 3031
594 462
2348 2441
557 505
2639 2584
540 566
3020 1989
607 515
2496 2754
615 532
2884 2117
566 570
2493 2797
491 692
2394 2721
630 546
2682 2744
564 613
2108 3330
593 590
3025 2616
632 578
2844 2671
598 604
2642 2875
636 653
2403 3148
645 647
2955 2708
769 548
2490 3024
584 715
2578 3088
694 610
3069 3131
658 672
3456 3008
701 649
2721 3399
688 658
3405 3209
651 755
3433 3499
954 533
724 638
3527 3490
752 644
735 670
754 664
664 833
731 712
709 825
772 737
726 831
742 812
802 760
815 762
675 966
753 832
872 703
799 791
817 811
857 765
837 800
806 850
866 778
853 822
847 839
840 852
842 860
810 911
921 780
880 849
1080 691
873 890
825 974
865 923
969 816
928 880
944 901
890 968
931 930
952 904
947 925
849 1051
1002 870
975 912
1005 874
1035 889
1071 867
959 1014
982 1003
1013 961
998 984
1254 779
1027 969
2066 594
1011 1018
1135 918
1008 1033
1016 1084
1041 1053
1019 1086
1098 1039
1097 1042
994 1179
1022 1145
1325 926
1091 1092
1024 1164
1010 1193
1111 1089
1096 1119
1150 1050
1053 1170
1069 1156
1162 1065
1136 1120
1004 1314
1089 1212
1200 1108
1207 1105
1128 1215
1139 1210
1293 1088
1205 1171
1157 1225
1082 1340
1217 1175
1198 1252
1238 1223
1324 1167
1244 1232
1321 1191
1181 1313
1337 1190
1307 1221
1191 1336
1375 1186
1273 1261
1303 1247
1369 1228
1291 1285
1213 1361
1327 1262
1367 1238
1331 1266
1234 1367
1366 1258
1225 1384
1348 1286
1347 1289
1298 1319
1403 1282
1503 1209
1413 1300
1498 1257
1230 1495
1434 1315
1257 1471
1417 1342
1497 1272
1596 1197
1500 1276
1411 1360
1507 1279
1555 1246
1608 1219
1412 1393
1334 1457
1424 1399
1420 1422
1396 1472
1455 1413
1533 1351
1454 1430
1579 1316
1473 1426
1667 1288
1311 1574
1402 1525
1620 1338
1474 1476
1437 1502
1487 1465
1297 1614
1505 1443
1597 1375
1340 1597
1514 1467
1365 1639
1585 1474
1986 1224
1529 1535
1542 1546
1425 1660
1603 1514
1586 1539
1511 1610
1875 1352
1546 1631
1520 1651
1426 1777
1314 1966
1660 1554
1672 1553
1817 1459
1944 1396
1415 1868
2143 1307
1565 1670
1631 1616
1636 1621
1621 1636
1646 1623
1761 1538
1690 1584
1433 1919
2072 1378
1618 1675
1545 1779
1756 1570
1704 1609
1661 1653
1526 1835
1577 1753
1706 1615
1740 1587
1655 1679
1770 1581
1682 1671
1598 1790
1794 1591
1757 1626
1628 1762
1707 1667
1736 1654
1909 1556
1824 1592
1692 1718
1798 1632
1747 1692
1888 1586
1782 1686
1760 1724
1752 1749
1796 1731
1850 1697
1732 1854
1849 1747
1834 1756
1809 1787
1791 1829
1788 1846
2238 1541
1939 1734
2075 1642
1446 2459
1735 1965
1813 1893
1823 1885
1715 2025
1964 1775
1894 1830
2046 1715
2076 1689
2065 1732
1905 1862
1745 2058
1313 2921
1969 1839
1895 1914
2059 1769
1841 1974
1805 2047
1959 1903
1981 1888
1935 1935
1932 1946
2140 1765
1902 2015
1983 1956
1999 1928
1742 2268
1877 2098
1876 2113
1839 2147
2239 1760
2044 1983
2038 2004
2030 2030
2389 1669
2060 2013
1722 2448
2120 2009
2213 1901
2118 2029
2917 1552
2191 1995
2218 1958
2067 2154
2086 2136
2023 2241
1916 2343
2210 2034
2291 1954
2195 2100
2103 2214
2242 2121
2371 1943
2225 2156
2368 1969
2278 2090
2124 2278
2525 1816
2196 2236
2247 2186
2481 1900
2114 2351
2297 2187
2180 2320
2407 2045
3039 1712
2246 2275
2175 2371
2219 2333
2395 2130
2232 2348
2255 2328
2137 2486
2290 2301
2170 2475
2318 2307
2293 2336
2174 2494
2134 2570
2495 2132
1997 2746
2539 2144
2283 2458
2548 2178
2688 2095
2392 2338
2258 2542
2396 2368
2424 2367
2725 2152
1881 3187
2331 2515
2552 2308
2894 2145
2256 2677
2320 2588
2492 2381
2335 2605
2766 2259
2479 2442
2465 2462
2499 2447
2581 2416
2387 2742
2409 2714
2443 2675
2728 2493
2649 2532
2565 2595
2381 2880
2856 2465
2746 2521
2498 2693
2758 2544
2514 2715
2459 2786
3308 2251
2161 3403
2915 2503
2461 2847
2714 2613
2913 2526
2626 2674
2533 2770
2535 2783
3154 2426
2336 3166
3339 2310
2781 2643
2512 2868
2477 2917
2717 2678
2616 2743
2572 2799
2973 2560
2772 2672
2932 2599
2570 2867
2472 2995
3209 2443
2900 2656
3040 2573
2421 3119
2848 2723
2668 2850
3100 2575
3006 2659
3284 2482
2734 2851
2792 2842
2978 2704
2542 3067
2518 3089
2760 2896
2910 2810
2674 2990
2614 3050
2819 2912
2553 3113
2868 2913
2785 3059
2988 2949
3449 2559
2737 3158
3105 2905
3079 2934
2963 3032
3114 2929
3089 2978
3004 3054
3007 3056
2871 3191
2990 3099
3240 2894
3168 2971
2875 3253
3218 2982
3438 2822
3022 3256
3447 2858
3298 3026
3144 3172
3205 3139
3055 3283
3574 2527
3223 3155
3049 3342
3129 3280
3197 3231
3469 2960
3177 3264
3095 3394
3017 3456
3558 2801
3570 2686
3341 3194
3236 3375
3402 3220
3416 3216
3288 3369
3496 3140
2888 3576
3332 3349
3503 3211
3480 3248
3400 3406
3426 3388
3513 3281
3345 3480
3542 3196
3428 3430
3569 3081
3498 3458
3484 3572
3573 3358
748678880 1735922398
1
sift 132
38 39
2278 2380
106 89
84 62
182 152
287 257
245 169
396 245
615 498
315 298
368 333
540 610
382 349
361 475
772 700
641 352
587 483
815 789
645 564
598 621
1069 1009
688 695
701 701
1196 953
755 737
842 761
1327 1556
769 868
704 980
1692 1480
880 786
952 827
1614 1631
873 933
928 883
1514 1790
998 967
1011 1013
1311 2015
1098 968
1403 812
1415 1981
1016 1074
1303 1163
1542 2044
1244 1243
1291 1271
1888 1966
1337 1272
1411 1250
1969 2098
1191 1545
1273 1500
1916 2293
1351 1473
1417 1421
2583 2616
1297 1607
1434 1512
2548 2734
1437 1546
1402 1605
2492 2799
1376 1669
1487 1625
3100 2868
1672 1443
1620 1509
2932 2984
1529 1708
1906 1377
3402 2723
1586 1807
1824 1560
2913 3109
1655 1834
1849 1715
3559 2591
1714 1858
1621 2008
2553 3504
2076 1657
1541 2195
2693 3514
1760 1982
1791 2036
3236 3266
1736 2090
1741 2317
2809 3889
1932 2241
1894 2323
3327 3540
2218 2159
1999 2379
3299 3738
1876 2525
2219 2220
3420 3751
2118 2348
1972 2529
3542 3530
2120 2372
2225 2306
3082 4178
2191 2424
2210 2542
1735 3331
2465 2556
2766 2453
2552 2812
3449 2287
2409 3077
2758 2800
2760 2856
2387 3195
2746 3007
2421 3371
2737 3135
2461 3486
2570 3365
2990 3294
3091 3240
3177 3268
3322 3165
2875 3651
3573 2850
3144 3498
3513 3383
3438 3551
3332 3977
3514 3803
748678880 1750469169
1
sift 93
66 75
220 504
25 34
144 203
27 42
422 411
302 674
38 66
209 312
53 74
1341 1789
582 1357
195 373
444 727
200 403
1985 1950
1121 2098
286 364
630 1092
315 415
3147 3184
1778 3023
270 488
724 1330
382 410
368 473
1005 1528
376 542
367 595
1162 1709
404 565
494 534
1080 3011
502 621
458 898
1234 2449
511 917
598 851
1507 2585
545 1022
668 850
1592 3093
691 907
755 810
2232 3330
810 811
719 1009
837 864
915 867
665 1344
825 1000
769 1112
828 1218
931 1039
677 1728
928 1147
1128 1229
934 1599
1011 1495
943 1841
1369 1201
1317 1424
955 2143
1649 1192
1533 1452
1144 1887
1273 1705
1514 1506
1291 1756
1620 1476
1849 1319
1297 1852
1424 1798
1376 2076
1331 2249
1843 1736
1932 1825
1745 2112
1763 2208
1824 2182
2210 1948
2410 1953
1877 2934
2046 2861
2140 2840
2736 2216
2118 3044
2196 3188
2766 2504
2242 3262
2032 3358
2465 3269
3435 3221
748678880 1928484021
1
sift 67
66 18
2550 532
27 3
104 36
2965 830
38 8
1256 181
3133 848
55 15
2948 608
53 17
3508 767
86 20
3337 1312
144 32
169 48
182 49
249 81
368 97
404 100
468 110
502 108
730 163
898 164
915 166
691 205
828 183
718 220
1011 264
1022 303
983 322
1155 300
1507 298
891 421
1291 334
1586 321
1273 356
1376 351
1424 382
1597 365
1763 388
1824 402
2232 371
1594 457
2884 378
1909 472
1787 489
2118 541
2217 549
2219 554
1972 663
2518 536
3041 530
2504 636
2766 606
2881 634
2513 699
3193 711
3439 717
2990 901
3272 943
3218 983
3435 1044
3518 1062
3357 1164
2872 1283
3176 1396
