1139800839 1339724796
1
sift 527
29 43
65 82
6 11
18 39
40 73
78 102
25 37
36 52
100 100
80 106
42 63
44 69
167 171
98 164
47 78
62 80
291 406
107 182
63 91
105 120
399 485
149 191
111 159
127 151
500 550
160 170
131 150
109 198
556 603
156 200
118 195
153 192
589 613
162 245
142 205
143 273
698 752
192 297
185 204
232 207
707 792
211 274
188 266
217 259
793 804
219 269
202 302
238 268
788 1020
207 337
214 292
239 284
990 1076
254 333
250 304
264 313
1093 1078
282 372
267 312
260 320
1416 1146
301 385
268 317
266 319
1452 1400
370 510
283 322
235 399
1442 1602
339 682
348 276
275 345
1687 1629
515 489
334 294
279 367
1488 1892
449 598
299 350
289 369
1570 1863
606 482
285 417
314 389
1896 1928
502 629
332 391
322 407
1917 2047
524 623
320 429
387 348
2108 1888
525 666
338 410
331 435
1914 2119
507 715
354 424
272 545
1895 2383
558 673
281 526
382 438
2199 2244
571 664
312 513
403 412
2237 2718
611 649
367 470
565 326
2461 2540
541 764
473 378
401 532
2842 3417
613 701
394 631
481 512
3030 3321
595 717
465 546
564 490
521 839
518 539
546 561
568 827
519 627
483 676
635 774
548 641
476 702
644 829
628 580
460 743
681 806
501 704
529 685
761 801
608 628
409 989
685 959
619 689
602 726
695 955
559 788
648 710
775 882
504 906
535 909
777 974
562 908
650 766
872 890
596 841
671 755
784 997
688 778
669 813
823 1008
705 874
633 1007
925 972
693 915
757 818
914 1116
763 816
726 867
899 1138
511 1334
867 736
980 1106
732 861
744 837
1006 1084
714 916
721 936
1017 1172
782 849
704 957
931 1430
734 964
800 880
974 1345
766 937
790 925
961 1406
825 877
604 1371
1054 1273
799 952
772 1033
1030 1342
755 1041
818 971
1025 1438
730 1088
891 942
1036 1446
810 1009
928 954
1212 1274
740 1193
886 1001
1187 1353
953 930
829 1059
1115 1455
840 1077
813 1174
1075 1514
864 1090
817 1162
1313 1294
839 1151
770 1324
1142 1505
1197 847
982 1005
1182 1479
856 1140
910 1094
1351 1504
905 1101
1100 939
1302 1701
893 1205
936 1144
1290 1792
1044 1011
921 1189
1411 1710
844 1313
875 1291
1598 1545
970 1112
938 1200
1427 1757
1134 991
883 1350
1168 2416
972 1195
1021 1150
1608 1674
991 1236
993 1237
1578 1751
1071 1135
1066 1152
1743 1785
1069 1186
1023 1282
1898 1734
1067 1220
1058 1242
2103 1642
1022 1303
1084 1217
1622 2075
1201 1100
1061 1280
1685 2006
973 1449
1130 1277
2031 1758
1150 1287
1049 1431
1717 2072
1082 1379
1231 1238
1621 2285
981 1599
1102 1386
1637 2289
1068 1468
1179 1390
1994 1911
1399 1160
1198 1384
1775 2237
1298 1304
1300 1319
1789 2228
1258 1376
1234 1447
1793 2271
1311 1389
1152 1565
1864 2273
1297 1435
1363 1369
1900 2262
1325 1412
1229 1523
2172 2114
1337 1411
1292 1488
2205 2314
1537 1276
1402 1388
2217 2342
1312 1494
1284 1525
2186 2401
1287 1555
1210 1656
2120 2492
1453 1402
1344 1516
2008 2657
1340 1550
1331 1585
1810 3130
1375 1556
1089 2027
2278 2457
1536 1457
1576 1426
2358 2386
1527 1481
1480 1519
2386 2437
1877 1234
1468 1557
2668 2390
1225 1867
1269 1883
2161 3012
1476 1633
1366 1755
2483 2582
1400 1707
1439 1697
2657 2451
1263 2003
1367 1818
2203 3001
1336 1912
1383 1851
2530 2553
1492 1748
1438 1815
2468 2635
1387 1935
1534 1761
2362 2788
1560 1715
1588 1702
2312 2950
1530 1833
1879 1573
2272 3060
1465 2013
1867 1614
2616 2596
1151 2768
2128 1495
2345 2981
1421 2212
1902 1653
2753 2543
1859 1666
1451 2205
2591 2778
1700 1781
1525 2118
2376 3064
1425 2290
1574 2025
2719 2655
1899 1705
1549 2104
2433 3093
1577 2083
1724 1859
2711 2914
1754 1887
1666 2014
2685 3035
1798 1841
1729 1938
2701 3136
1857 1875
2125 1678
2656 3231
1683 2081
1715 2059
2477 3386
1822 1997
1485 2509
3015 2991
1740 2103
1602 2326
3074 2940
1674 2222
1823 2060
2817 3369
1925 1970
1773 2124
2984 3223
1964 1967
1781 2175
2680 3438
1730 2224
1680 2300
3059 3178
1905 2084
1923 2094
3085 3212
1913 2131
1960 2066
3004 3325
1856 2196
1930 2177
2880 3409
2144 1987
2028 2129
3151 3281
1790 2397
1771 2467
3199 3330
2123 2156
2100 2190
3223 3331
1654 2713
2174 2182
3293 3301
2264 2106
2079 2282
3219 3433
2035 2336
1993 2371
1756 2623
1999 2409
2240 2221
2014 2423
2342 2121
2718 1840
2034 2410
2037 2418
1653 2995
1880 2591
1713 2968
2471 2108
1840 2791
2201 2367
3217 1716
2216 2372
2089 2490
2114 2488
2222 2479
2291 2436
2053 2742
2045 2793
2725 2181
2231 2526
2286 2485
2148 2631
2110 2754
2228 2600
1991 3009
2296 2552
2290 2592
1941 3169
2439 2496
2098 2967
2042 3150
2253 2866
2192 2954
1984 3300
2609 2468
2373 2753
2579 2536
2350 2825
2333 2852
2527 2615
2833 2411
2443 2780
2641 2594
2675 2571
2442 2854
2827 2480
2469 2843
2626 2661
2587 2705
2574 2811
2503 2911
2812 2610
2482 2992
2573 2912
2619 2863
2673 2823
2846 2668
2539 3029
2540 3033
2942 2603
2771 2806
2661 2951
2917 2677
2607 3042
2645 3084
2777 2963
2604 3186
3038 2746
3134 2664
2770 3068
3105 2722
2674 3257
2879 3030
2823 3121
2947 2960
2622 3336
2970 3056
2708 3359
2972 3116
3023 3062
3258 2861
3155 3058
3093 3144
3277 2944
3009 3286
3080 3249
2994 3323
2939 3387
2571 3473
3177 3381
1139800839 1475597139
1
sift 280
28 69
65 162
6 15
44 182
9 32
100 325
80 273
13 33
62 228
14 38
134 577
195 662
22 75
67 218
36 116
167 438
172 883
42 123
127 997
46 132
242 1145
207 628
47 147
185 496
71 285
346 768
254 935
86 222
200 589
81 260
333 862
301 1154
95 270
209 901
131 254
399 721
525 1377
104 389
239 882
111 392
374 799
558 1530
126 345
383 1536
124 372
543 902
700 1091
112 462
431 1552
142 330
489 1016
541 1656
118 453
520 1176
140 362
556 906
629 1346
154 439
451 2024
173 377
440 1513
571 1633
175 463
516 1976
157 584
683 1345
514 2099
161 608
610 2146
174 530
917 2155
582 1814
181 569
591 2359
188 538
990 2530
612 1748
202 521
614 2275
201 537
1104 2570
823 2154
196 623
605 2387
199 639
1093 3384
777 2499
226 519
619 2375
189 775
1452 3131
980 2003
210 654
688 2034
183 887
1687 3236
899 3174
223 619
690 2535
267 503
1669 3711
1006 2600
203 989
790 2500
285 573
2438 3136
1030 2857
266 655
734 3014
216 933
1025 3048
229 923
918 2895
257 747
1277 2351
287 736
838 3724
270 881
1182 2735
278 861
965 3330
247 1174
1088 3518
284 938
1915 3365
332 758
1351 3285
279 1073
296 1000
1457 3076
389 757
298 1087
1462 3193
299 1178
336 1197
341 1183
446 982
381 1518
391 1453
362 1713
469 1057
452 1232
424 1548
442 1388
546 1090
481 1293
385 2358
448 1571
454 1532
497 1344
467 1528
529 1351
592 1195
523 1443
551 1420
490 1669
434 2186
461 1870
504 1724
555 1549
545 1646
494 1827
527 1752
693 1244
518 2093
699 1318
547 2036
572 1916
574 1959
696 1422
581 1924
721 1418
662 1645
650 1731
655 1715
744 1362
653 1801
609 2052
684 1773
732 1691
822 1416
799 1512
705 1820
818 1519
701 2021
739 1985
648 2624
704 2228
742 2047
671 2514
860 1767
804 2007
751 2261
825 1911
837 1900
810 2016
757 2267
827 2027
687 2893
803 2217
765 2438
817 2197
836 2383
774 2725
905 2298
829 2594
928 2431
938 2360
1236 1733
901 2686
800 3162
1102 2050
1225 1878
993 2457
881 3050
795 3553
1084 2196
1023 2416
978 2659
921 2999
1186 2064
809 3698
1100 2414
898 3368
949 2990
1106 2405
976 2858
1067 2608
1022 2759
1227 2278
948 3246
1046 2821
1219 2516
1498 1966
1103 2798
962 3578
975 3600
1328 2412
1221 2675
1283 2618
1515 2131
1198 2840
1004 3646
1085 3366
1152 3109
1033 3609
1177 3062
1307 2752
1340 2689
1364 2702
1131 3520
1276 3072
1391 2703
1293 3040
1210 3344
1479 2641
1387 2852
1214 3458
1335 3392
1300 3635
1459 3196
1449 3390
1408 3528
1586 3067
1483 3491
1513 3504
1528 3457
1770 2993
1587 3559
1804 3150
2041 2932
1659 3661
1702 3620
1948 3271
1956 3521
1979 3571
2095 3718
2214 3681
2467 3439
2105 3733
1139800839 1503000354
1
sift 194
80 266
44 132
51 112
160 295
48 155
67 156
207 655
62 179
77 222
254 716
95 227
111 281
301 885
126 255
118 289
525 1106
110 344
124 347
516 1263
147 319
159 302
700 906
141 449
161 380
629 1072
127 596
157 437
595 1663
173 365
174 386
823 1461
181 399
223 430
777 1864
229 510
216 620
980 1806
249 553
224 668
872 2161
252 656
196 1004
959 2328
257 733
235 941
961 2356
260 775
279 812
1006 2208
303 734
299 811
1030 2434
289 884
296 874
1017 2558
383 769
272 1269
1025 2579
380 810
391 851
1054 2560
385 958
381 989
1244 2880
341 1109
473 764
1516 2872
361 1322
452 956
1555 3148
434 1082
520 868
1464 3509
418 1268
421 1288
1818 2833
448 1091
486 983
1629 3544
450 1184
454 1160
1775 3533
465 1138
494 1120
1829 3677
409 1688
536 1076
2103 3336
490 1238
461 1343
562 1177
586 1134
545 1433
483 1630
572 1366
504 1608
548 1505
564 1499
614 1515
655 1633
687 1531
609 1857
619 1800
753 1454
671 1719
581 2187
648 1840
701 1732
704 1841
757 1704
604 2603
803 1609
734 1870
846 1589
746 1877
774 1871
790 1845
789 1876
814 1868
714 2381
690 2524
735 2296
809 1933
763 2141
1043 1491
782 2339
755 2480
808 2257
830 2192
882 2099
800 2543
898 2260
840 2493
844 2535
951 2200
893 2582
940 2449
838 2815
948 2508
1071 2273
1065 2341
1085 2463
962 3040
1127 2477
1061 2703
1079 2810
1103 2890
1214 2710
1154 2870
1217 2766
1166 2967
1363 2539
1139 3152
1128 3223
1410 2515
1470 2439
1129 3454
1297 2917
1299 2936
1179 3396
1150 3545
1449 2732
1283 3181
1274 3229
1258 3392
1292 3250
1463 2807
1686 2453
1344 3235
1476 2952
1483 3099
1451 3287
1475 3260
1303 3777
1471 3353
1784 2730
1496 3449
1659 2918
1434 3686
1409 3737
1468 3653
1571 3596
1572 3611
1610 3498
1688 3326
1821 3151
1700 3383
1912 3114
1738 3475
2065 3004
1806 3754
2018 3660
2009 3787
2095 3797
1139800839 1646429863
1
sift 141
291 653
65 85
127 175
160 180
399 568
192 284
260 335
219 291
500 604
211 348
289 440
254 418
589 679
304 340
312 670
282 438
698 863
301 481
336 640
367 656
793 1032
323 803
401 650
515 605
909 1200
449 753
564 603
483 861
1416 1336
514 859
529 858
502 875
1687 1799
558 817
619 889
525 880
2237 2918
507 912
688 1085
595 802
613 807
647 1168
571 894
635 996
763 970
681 1007
784 969
714 1205
761 1066
685 1217
633 1361
734 1263
777 1232
953 1068
838 1243
980 1234
840 1327
893 1368
1006 1227
918 1384
974 1279
1054 1553
891 1454
910 1444
961 1781
991 1373
1079 1536
1025 1752
1340 1354
1212 1673
1187 1766
1179 1730
1287 1729
1075 2051
1344 1696
1351 1709
1182 2083
1325 1779
1103 2140
1457 1758
1537 1595
1576 1548
1598 1703
1284 2018
1451 2022
1583 2100
1468 2171
1683 1847
1343 2657
1724 1906
1578 2294
1743 2025
1879 2056
1718 2504
1898 2321
1730 2501
1739 2560
1792 2568
1993 2571
1637 2976
1608 3254
1960 2660
1900 2764
1816 3005
2014 2656
1775 3086
2058 2771
1715 3358
1737 3364
2120 2824
2573 2639
2186 3008
2161 3281
1957 3634
2098 3320
2362 3171
2286 3031
2444 3042
2358 3318
2348 3465
2261 3600
2483 3143
2442 3622
2668 3039
2272 3770
2419 3775
2433 3633
2616 3353
2606 3522
2701 3385
2386 3910
2352 3904
2745 3373
2710 3640
2661 3721
2539 3914
2715 3778
2947 3438
3023 3536
3223 3473
3277 3575
