1196896543 1738048405
1
sift 575
15 21
6 4
24 28
29 26
255 325
74 58
28 36
31 33
403 434
88 106
36 34
44 46
568 519
99 108
57 65
65 69
562 734
123 119
67 76
90 93
809 511
189 189
84 98
105 78
792 800
209 177
79 114
116 121
765 884
186 210
124 120
128 123
796 844
253 220
129 132
141 138
850 899
269 242
131 159
147 150
827 927
273 263
152 145
159 141
808 965
278 256
163 161
198 152
983 967
286 252
171 184
192 179
1006 1026
292 270
182 191
181 198
1183 1252
289 287
193 194
180 209
1251 1234
331 303
201 202
248 203
1127 1408
337 335
240 244
251 247
1192 1425
363 385
244 296
276 259
1388 1434
385 366
260 300
318 258
1472 1639
406 361
295 315
303 312
1709 1709
413 389
304 320
347 285
1632 1958
396 400
344 353
355 337
1817 1964
431 386
362 355
380 343
2087 1875
422 396
373 376
361 394
1972 2220
411 426
338 432
420 363
2143 2136
391 502
398 418
372 445
1941 2504
445 460
392 431
315 546
2277 2587
484 417
364 466
448 425
2325 2895
463 448
447 454
530 383
2437 2854
461 528
464 450
450 465
2773 2708
467 549
491 421
449 473
2801 2723
506 493
480 471
443 534
2880 3004
495 510
539 429
453 531
529 498
490 475
656 372
680 479
503 480
509 508
595 560
505 515
525 513
555 628
521 526
517 562
638 568
540 552
567 541
651 606
535 586
563 605
633 633
608 564
618 582
709 685
589 623
533 713
775 648
654 603
661 617
701 725
602 675
655 662
772 666
653 679
694 665
757 705
609 811
726 656
689 806
696 692
727 659
767 758
717 669
712 677
835 749
684 712
725 709
887 723
864 619
693 782
823 865
740 732
736 750
811 889
729 820
746 832
858 860
921 707
849 764
930 812
824 790
754 887
816 914
761 922
909 808
876 938
840 885
828 901
926 932
892 875
821 934
894 991
831 928
902 869
950 931
917 877
762 1114
1276 789
862 968
925 947
1023 958
923 961
1114 791
1112 904
877 1056
964 915
958 1168
856 1119
803 1258
1060 1040
971 999
978 995
1078 1030
847 1276
940 1084
1031 1096
1045 953
1028 990
1062 1100
1012 1016
1030 1012
1073 1181
996 1054
1017 1081
1075 1185
936 1299
1086 1034
1111 1167
1076 1042
1041 1108
1212 1057
1057 1115
1007 1202
1095 1248
1038 1157
999 1231
1296 1086
1042 1159
1105 1104
1215 1182
1020 1245
1177 1055
1290 1177
1129 1102
1089 1161
1219 1254
1093 1174
1132 1142
1121 1366
1153 1125
1097 1205
1237 1239
1033 1307
1146 1187
1213 1286
1138 1208
1242 1136
1339 1190
1160 1223
1332 1071
1163 1353
1081 1357
1247 1162
1470 1065
1139 1314
1151 1312
1434 1123
1306 1163
1297 1227
1018 1655
1235 1313
1371 1214
1279 1373
1184 1399
1304 1291
1401 1261
1446 1141
1080 1540
1303 1391
1400 1229
1384 1275
1195 1494
1322 1330
1311 1356
1286 1467
1341 1347
1277 1405
1390 1421
1334 1362
1236 1437
1428 1443
1272 1436
1350 1386
1500 1410
1386 1349
1323 1420
1624 1339
1369 1389
1375 1412
1518 1479
1186 1587
1140 1680
1425 1654
1377 1435
1344 1470
1442 1625
1246 1584
1387 1471
1539 1498
1385 1489
1399 1499
1794 1409
1258 1670
1202 1786
1328 1982
1547 1380
1408 1531
1540 1610
1187 1857
1426 1519
1590 1652
1523 1440
1392 1619
1542 1736
1413 1597
1415 1604
1516 1792
1498 1483
1849 1267
1596 1683
1502 1488
1389 1666
1678 1622
1488 1535
1374 1776
1643 1691
1581 1478
1441 1658
1591 1821
1464 1637
1287 1988
1637 1769
1454 1699
1436 1755
1777 1635
1575 1546
1450 1742
1654 1823
1668 1491
1618 1560
1782 1712
1570 1607
1568 1608
1868 1642
1533 1692
1555 1679
1912 1634
1549 1696
1496 1813
1830 1743
1571 1693
1612 1650
1737 1888
1729 1557
1698 1585
1764 1862
1593 1702
1559 1757
1437 2354
1599 1705
1697 1627
1651 1994
1602 1745
1717 1630
1728 1989
1644 1710
1627 1754
1913 1796
1532 1866
1465 2004
1508 2321
1659 1735
1754 1657
1937 1884
1567 1885
1779 1676
1882 1956
1529 1955
1713 1753
1959 1869
1657 1817
1630 1865
1821 2061
1562 1950
1694 1811
1883 2010
1784 1722
1656 1849
1876 2046
1801 1728
1927 1617
1861 2071
1859 1707
1793 1800
1862 2083
1783 1822
1797 1819
1969 1969
1985 1644
1750 1897
1836 2112
1634 2029
1814 1851
1936 2031
1718 1947
1670 2047
1977 2006
1312 2807
1803 1992
1892 2099
1609 2224
1893 1932
2102 1872
1820 2026
1939 1926
1938 2085
1909 1951
1832 2070
2164 1953
2059 1901
2073 1916
2015 2183
2010 2013
2007 2053
1973 2240
2006 2055
1952 2127
1770 2546
2046 2048
2318 1794
2105 2098
2192 1920
1957 2235
2245 2020
2034 2222
1931 2350
2052 2299
2085 2218
1765 2666
2124 2361
1920 2441
2016 2337
2133 2419
2077 2277
2063 2296
2516 2064
2171 2150
2115 2251
2056 2614
1966 2473
2057 2364
2184 2629
2776 1724
2128 2255
2330 2442
2166 2248
2053 2437
2319 2519
2130 2314
2236 2216
2108 2826
2172 2290
2202 2258
2673 2219
2297 2155
1887 2735
2044 2959
1945 2657
2036 2543
2400 2485
2198 2286
2303 2188
2395 2509
1888 2765
2159 2383
2441 2525
2069 2544
1992 2675
2492 2471
2466 2114
2156 2434
2525 2482
2621 2051
2309 2288
2793 2254
2194 2461
2290 2326
2412 2631
2014 2794
2715 2039
2161 3025
2269 2464
2321 2433
2594 2555
2316 2443
2208 2589
2471 2689
2210 2619
2239 2637
2391 2845
2544 2360
2215 2745
2657 2593
2328 2591
2428 2521
2802 2499
2374 2565
2406 2554
2440 2893
2368 2613
2350 2654
2524 2814
2289 2729
2408 2627
2472 2886
2404 2660
2181 2962
2728 2639
2482 2604
2365 2702
2745 2770
2435 2658
2306 2839
2788 2788
2426 2786
2518 2698
2851 2753
2345 2878
2536 2690
2765 2861
2416 2870
2484 2831
2598 3045
2359 2996
2533 2897
2922 3049
2758 2653
2599 2838
2966 2935
2424 2992
2740 2678
2604 2856
2477 2987
2823 2691
2695 2844
2528 3010
2899 2663
2543 3009
2912 2700
2783 2903
2910 2914
2744 3052
2938 2999
2791 3066
2952 3062
1196896543 1761909473
1
sift 91
115 68
213 110
341 270
245 133
264 149
722 342
327 156
330 155
642 403
320 189
421 158
704 360
545 291
611 328
675 438
603 378
636 370
666 465
677 460
872 487
815 448
787 526
867 589
749 576
789 591
955 543
800 665
899 631
977 606
1063 715
928 683
1108 650
1155 700
1191 658
1074 755
1239 1100
1310 691
1198 743
1456 1023
1227 776
1337 871
1460 1163
1319 939
1383 1224
1986 1202
1842 909
1531 1104
2021 1274
1663 1096
1536 1193
2000 1330
1638 1215
2114 1089
1974 1371
2214 1083
1776 1474
1878 1471
1934 1338
2094 1581
1981 1519
2035 1496
2274 1453
2098 1454
1965 1847
2090 1935
1747 2221
1746 2399
2436 1613
2337 1865
2824 1378
2083 2067
2398 1874
2799 1576
2753 1708
2317 2012
2581 1897
2450 2018
2461 2107
2326 2236
2572 2032
2341 2233
2814 1903
2495 2285
2589 2379
2756 2275
2838 2269
2746 2294
2862 2216
2702 2629
2777 2607
2722 2622
