122593339 167977404
1
sift 725
4 4
1 2
2 3
11 11
8 5
3 12
24 20
5 7
13 15
38 35
9 9
20 18
77 70
32 26
22 19
79 77
47 37
19 22
91 95
90 85
23 21
110 97
85 96
21 28
109 113
166 173
25 33
108 121
177 184
34 24
131 128
183 196
35 30
148 152
320 219
37 32
172 145
281 313
42 40
155 163
438 312
50 43
197 189
521 572
45 52
201 230
645 640
54 48
185 246
551 895
48 56
225 225
819 821
60 53
266 224
918 988
66 51
254 244
1013 1001
63 55
239 262
872 1350
59 62
264 269
1550 1399
70 59
249 302
1765 1328
71 60
275 285
1531 1529
65 79
334 259
1762 1788
73 68
317 276
76 69
336 280
75 72
321 300
81 75
311 325
80 84
303 347
82 82
364 349
83 89
335 411
84 99
389 363
92 94
386 412
88 102
435 457
99 98
470 490
100 104
490 478
101 105
577 519
102 109
443 666
96 126
624 530
115 120
540 594
114 124
531 627
129 114
644 617
103 139
528 662
130 122
656 681
111 138
672 722
124 127
792 641
116 142
750 676
122 153
745 714
128 141
970 847
117 169
1067 851
139 140
938 990
125 162
983 977
144 135
1241 896
138 154
1168 1076
159 155
1187 1183
147 164
1283 1119
152 160
981 1577
157 159
1172 1294
160 166
1482 1086
174 158
1279 1315
113 308
1545 1155
142 228
1388 1282
135 272
1347 1316
151 255
1301 1372
205 178
1175 1556
169 226
1788 1478
186 198
1652 1558
182 202
1601 1965
180 205
1813 1862
194 197
1761 1957
192 207
214 210
198 239
175 292
226 251
190 287
234 247
246 243
208 296
248 253
250 265
252 273
276 257
221 317
229 310
256 284
237 304
269 279
187 426
283 286
243 345
282 288
278 305
227 396
263 339
299 290
292 298
258 350
261 354
277 340
300 324
307 322
306 337
270 398
310 336
284 378
293 385
262 468
319 377
308 418
325 393
332 390
337 384
349 374
357 376
301 465
377 388
359 419
354 425
374 402
450 334
361 431
390 399
381 414
393 408
402 387
395 407
376 433
309 556
383 445
352 480
296 586
428 383
398 440
327 545
358 495
409 429
346 516
423 424
412 436
373 493
370 503
449 423
388 513
330 621
424 464
392 531
403 501
387 534
422 475
417 487
413 492
466 449
425 499
418 512
448 473
465 463
451 488
472 476
441 507
363 658
444 510
378 645
459 508
464 527
426 585
487 524
468 539
463 560
476 563
510 528
457 596
473 590
480 582
533 517
495 580
474 608
492 600
496 612
499 611
433 704
534 583
566 565
584 554
537 593
559 576
507 638
555 581
527 619
469 703
442 732
573 579
440 742
546 615
494 706
567 602
583 605
518 694
673 553
545 659
543 675
501 735
488 764
591 637
588 651
620 630
647 606
585 677
646 629
514 767
610 670
623 655
569 708
642 647
615 667
581 701
619 698
579 725
594 727
680 648
611 733
570 787
578 783
692 660
636 729
622 739
661 711
683 700
635 746
550 868
608 790
565 846
558 880
633 795
679 728
763 683
600 854
639 811
671 756
484 1138
676 759
657 792
669 807
674 806
711 752
667 827
773 717
709 788
751 748
728 791
767 753
598 996
758 763
580 1032
793 743
807 734
739 816
701 859
789 772
786 785
731 848
727 856
774 824
777 822
776 833
853 755
795 813
717 894
749 864
572 1151
772 872
735 916
740 906
778 867
737 925
747 917
836 830
891 768
837 836
835 837
820 845
902 778
908 780
805 884
759 950
784 912
842 852
788 900
725 987
797 910
791 924
689 1055
806 907
880 841
818 915
787 958
883 853
856 891
794 963
658 1162
884 865
756 1015
843 944
715 1084
864 936
803 995
858 962
861 957
748 1078
814 1011
906 914
834 1006
882 959
812 1027
989 842
964 879
947 902
863 1012
850 1024
854 1021
944 934
960 922
1031 840
761 1154
1053 834
941 961
833 1074
978 931
821 1096
766 1188
889 1025
901 1020
825 1130
898 1041
813 1153
798 1169
913 1022
934 1018
829 1172
930 1039
976 991
844 1163
931 1047
992 992
887 1101
993 999
802 1275
1027 975
916 1085
925 1081
730 1398
846 1230
886 1168
912 1121
801 1334
1014 1048
950 1127
1004 1059
869 1263
1012 1069
1096 982
855 1326
1017 1090
743 1590
897 1280
1086 1040
900 1293
1040 1087
1097 1034
729 1664
1044 1088
911 1295
1023 1132
945 1265
948 1266
1075 1083
957 1268
1049 1117
951 1286
823 1482
1101 1065
1152 1036
1009 1207
1113 1075
1076 1123
1090 1111
885 1426
979 1296
986 1299
1080 1152
929 1376
1099 1141
1117 1125
1033 1231
1026 1255
1038 1234
1084 1175
1120 1142
1028 1270
1056 1228
1137 1166
1197 1102
1140 1174
1030 1323
953 1449
1064 1292
1234 1098
1119 1212
967 1455
1019 1371
1268 1092
1079 1302
1072 1321
1098 1291
1160 1211
1183 1201
1231 1171
1225 1186
1135 1300
1111 1322
910 1727
1222 1218
1220 1225
1105 1341
1104 1348
1016 1512
1257 1213
1203 1279
1281 1193
1173 1305
1108 1369
1143 1340
1158 1332
1193 1311
1256 1254
1008 1638
980 1715
1321 1189
1267 1269
998 1665
1174 1355
1094 1452
1333 1202
1282 1287
1314 1274
1274 1325
1319 1284
1070 1631
1182 1418
1271 1345
1261 1354
1260 1364
1410 1235
1164 1489
1217 1421
1214 1429
1339 1312
1297 1346
1332 1320
1252 1397
1290 1358
1272 1385
1419 1247
1227 1433
1123 1619
1251 1420
1088 1705
1207 1468
1103 1667
1244 1444
1069 1791
1547 1200
1236 1486
1382 1338
1358 1362
1212 1562
1270 1469
1146 1709
1218 1596
1538 1272
1255 1540
1269 1521
1246 1566
1360 1411
1554 1281
1287 1500
1134 1786
1254 1586
1294 1502
1338 1436
1569 1288
1302 1498
1341 1445
1285 1568
1242 1642
1318 1488
1292 1555
1374 1434
1371 1443
1455 1375
1299 1585
1433 1409
1148 1836
1155 1839
1195 1779
1741 1239
1480 1400
1296 1641
1368 1528
1200 1799
1344 1572
1530 1379
1430 1459
1542 1382
1156 1903
1393 1531
1536 1403
1348 1620
1201 1874
1239 1833
1470 1464
1375 1616
1440 1522
1437 1542
1407 1597
1504 1473
1474 1533
1467 1564
1446 1598
1413 1640
1464 1583
1496 1537
1511 1518
1458 1612
1512 1551
1423 1658
1465 1626
1250 1953
1300 1886
1248 1974
1544 1582
1429 1731
1529 1618
1451 1724
1490 1680
1591 1589
1499 1681
1605 1580
1324 1921
1418 1782
1521 1662
1293 1971
1676 1547
1643 1592
1675 1563
1687 1553
1452 1780
1561 1653
1491 1738
1789 1448
1578 1660
1380 1922
1567 1688
1450 1824
1359 1948
1310 1989
1654 1636
1486 1798
1606 1679
1336 1979
1632 1669
1525 1766
1600 1692
1392 1942
1506 1804
1629 1716
1588 1736
1573 1758
1648 1722
1827 1496
1552 1813
1615 1757
1586 1790
1708 1707
1819 1571
1808 1593
1613 1795
1721 1723
1543 1875
1745 1683
1748 1686
1566 1871
1656 1810
1599 1850
1724 1746
1674 1847
1860 1643
1725 1823
1642 1919
1633 1930
1707 1853
1671 1904
1812 1743
1597 1977
1776 1818
1702 1924
1798 1808
1828 1769
1757 1861
1728 1912
1661 1975
1735 1935
1703 1958
1610 1992
1797 1870
1746 1943
1750 1947
1894 1860
1799 1968
1579 1998
1847 1944
1668 1996
1821 1963
1872 1961
1938 1863
1915 1966
1931 1945
1939 1964
1904 1993
122593339 413499319
1
sift 559
15 13
8 9
0 0
24 26
85 69
2 4
79 65
89 97
19 8
77 76
177 171
13 15
109 93
244 262
16 18
110 130
320 639
17 20
108 133
521 590
20 21
131 126
400 895
18 23
167 164
1013 764
22 25
170 186
23 30
201 170
30 36
185 212
42 34
197 209
37 44
249 182
45 39
265 214
48 38
264 265
41 52
254 270
59 46
275 268
50 49
311 274
57 51
321 276
54 54
303 325
63 58
317 329
60 62
313 332
71 60
334 341
70 63
336 340
73 73
386 377
76 75
435 323
81 71
375 458
83 100
490 472
92 84
470 630
94 92
531 573
102 85
535 688
122 82
577 647
101 99
540 684
111 88
656 790
117 87
970 595
103 102
792 769
116 98
745 882
114 103
1089 838
132 89
1059 893
153 81
1187 834
119 105
938 1087
115 123
983 1128
139 118
1172 1189
120 142
1067 1513
129 135
1283 1352
142 125
1301 1455
140 137
1546 1466
138 145
1601 1752
156 140
1813 1715
144 163
1761 1972
169 132
157 147
161 160
152 172
193 141
159 176
162 177
160 184
174 199
236 158
186 188
227 167
180 197
259 146
215 174
194 193
192 202
178 217
268 168
205 226
209 229
242 204
210 236
214 235
310 169
246 220
198 273
285 200
293 205
277 233
247 259
251 257
276 246
315 230
325 221
292 247
324 231
327 227
308 242
358 210
283 266
319 248
278 278
250 311
309 267
274 303
352 254
235 394
307 280
306 284
387 255
299 296
388 285
350 315
512 245
373 301
392 287
385 299
343 328
377 302
411 292
370 345
402 316
428 298
483 282
436 294
366 371
374 357
418 339
458 318
397 400
420 365
426 354
413 379
401 409
468 338
409 410
502 331
444 390
423 432
471 375
457 388
424 449
412 463
391 531
555 367
480 447
517 417
579 358
448 476
524 415
486 467
466 482
465 483
422 546
687 336
525 440
464 502
485 494
544 444
578 425
522 464
451 528
459 521
546 462
449 550
539 466
499 505
895 313
510 503
533 488
450 601
581 478
607 481
612 489
802 397
473 644
847 393
639 508
604 548
537 609
585 564
885 413
583 571
559 605
571 585
595 576
611 568
761 484
661 560
590 626
599 637
621 625
566 695
636 633
776 529
711 579
915 486
676 641
693 623
823 551
725 606
622 708
663 676
688 654
698 646
785 578
727 621
513 903
731 643
652 716
773 613
1727 347
759 629
749 648
900 554
737 665
963 544
733 681
680 727
728 691
770 666
784 661
797 659
858 618
812 657
751 702
692 770
805 679
786 697
803 715
940 624
967 616
791 726
789 746
901 667
777 772
804 758
741 826
806 759
818 779
714 887
679 934
732 880
850 784
827 809
814 823
883 768
758 891
843 813
1082 638
884 782
1073 649
793 870
976 705
772 896
836 849
778 898
782 899
945 763
956 766
1016 712
856 876
842 897
767 975
1178 652
897 851
684 1067
877 890
992 785
873 894
861 908
914 854
906 867
994 796
987 830
853 958
893 921
916 901
1109 755
863 986
1343 656
944 904
1043 819
1146 750
1022 850
934 936
1107 792
1072 821
1024 873
1248 717
1085 836
964 945
889 1017
960 972
975 959
1031 902
1000 949
1155 835
1023 935
1039 922
1357 721
1123 869
1336 739
1212 833
1004 1010
1309 811
1075 973
1040 1007
1310 845
1115 960
1098 976
1064 1003
1080 1002
867 1289
1079 1020
1076 1037
1370 885
1083 1048
1373 888
1084 1054
1271 955
1113 1056
1269 980
1138 1047
1101 1071
1094 1101
978 1298
1214 1042
1099 1123
1096 1138
1137 1116
1311 1013
1251 1046
1131 1170
1193 1110
1359 1015
1257 1070
1120 1197
1392 1011
1156 1171
1252 1092
1183 1154
1395 1018
1135 1237
1661 931
1234 1131
1353 1050
1173 1201
1242 1139
1226 1169
1285 1111
1170 1232
1222 1212
1197 1249
1192 1254
1341 1100
1159 1302
1407 1076
1312 1151
1413 1085
1594 1023
1254 1272
1383 1142
1518 1064
1281 1257
1452 1097
1387 1164
1405 1134
1294 1259
1404 1153
1448 1119
1447 1121
1203 1373
1339 1222
1435 1143
1588 1068
1314 1276
1374 1218
1718 1035
1538 1113
1333 1278
1780 1032
1260 1372
1416 1217
1640 1091
1290 1359
1267 1397
1386 1283
1302 1370
1453 1234
1597 1132
1658 1115
1393 1294
1340 1341
1558 1178
1499 1219
1621 1158
1297 1417
1457 1280
1564 1205
1491 1271
1602 1196
1351 1391
1875 1062
1360 1389
1403 1356
1446 1328
1436 1340
1410 1366
1432 1350
1568 1256
1503 1307
1732 1173
1421 1376
1561 1284
1332 1473
1276 1557
1674 1231
1465 1368
1582 1290
1643 1269
1532 1338
1614 1296
1440 1414
1635 1291
1760 1240
1250 1686
1464 1430
1940 1099
1338 1568
1382 1528
1677 1326
1784 1245
1586 1375
1529 1419
1433 1495
1430 1507
1530 1431
1851 1226
1371 1621
1671 1387
1438 1564
1504 1508
1733 1364
1928 1230
1544 1515
1455 1604
1496 1580
1521 1581
1557 1548
1736 1426
1797 1380
1897 1322
1567 1561
1884 1342
1580 1578
1535 1608
1629 1550
1605 1582
1642 1591
1810 1433
1507 1699
1690 1565
1591 1636
1480 1743
1849 1424
1745 1521
1845 1441
1750 1535
1819 1475
1517 1748
1873 1450
1848 1464
1512 1761
1735 1589
1757 1579
1786 1573
1720 1635
1881 1490
1702 1667
1803 1562
1846 1531
1648 1738
1595 1772
1798 1639
1654 1812
1721 1744
1853 1616
1901 1586
1907 1577
1782 1705
1825 1682
1703 1844
1870 1663
1828 1696
1756 1849
1805 1795
1748 1882
1842 1786
1878 1793
1924 1713
1904 1757
1902 1774
1880 1841
1939 1740
1741 1978
1859 1902
1915 1962
122593339 507090750
1
sift 597
24 26
1 3
3 2
49 48
8 12
2 5
79 72
85 79
7 11
77 74
89 106
13 17
109 101
166 167
16 16
108 139
97 135
17 20
131 129
177 175
20 19
110 180
183 176
22 24
170 162
244 288
23 25
167 163
521 565
30 35
148 206
819 841
35 45
201 172
918 888
34 46
185 210
1013 851
37 42
197 207
1102 914
42 40
249 178
45 41
265 215
48 39
264 271
41 58
275 265
59 49
311 289
50 57
321 287
54 61
303 298
57 60
336 347
63 65
317 318
60 68
334 418
70 71
364 386
71 70
386 376
75 69
389 547
73 81
435 462
76 82
490 496
81 83
470 619
96 78
531 569
88 84
443 693
92 92
540 568
94 93
535 585
83 126
624 556
100 103
577 676
102 99
656 792
101 105
745 819
99 115
750 902
111 95
970 970
122 91
1089 924
103 110
1187 886
117 98
1279 997
114 114
1067 1337
153 90
1175 1218
132 97
1172 1237
116 113
1241 1210
119 116
1347 1315
115 128
1301 1576
142 100
1601 1646
112 133
1761 1625
130 125
1743 1651
137 122
1545 1959
128 130
1813 1800
120 141
129 140
139 146
138 164
156 143
169 142
157 149
144 168
161 170
159 183
229 153
186 189
193 186
174 217
236 165
194 195
227 174
262 152
180 209
253 158
182 218
192 213
178 233
259 173
268 177
210 232
205 240
198 249
248 205
214 254
246 223
280 202
242 248
285 208
298 212
276 242
277 241
293 226
251 269
247 273
315 220
325 224
324 235
352 221
308 257
327 244
278 282
358 231
292 277
319 266
250 340
283 294
309 281
282 299
306 286
310 285
307 290
269 345
300 315
299 317
442 272
343 323
350 321
392 303
388 305
385 312
377 322
373 328
411 308
499 279
370 363
354 389
351 394
366 380
418 320
374 373
483 300
426 354
397 392
512 295
436 331
409 372
402 390
420 378
417 381
413 388
458 342
393 423
514 314
502 326
468 367
423 427
424 426
480 382
457 402
412 450
471 399
384 508
444 413
390 515
422 503
448 479
742 307
517 425
486 463
555 406
465 481
687 351
579 403
578 405
522 441
451 512
524 442
464 517
459 529
533 445
507 486
450 554
546 451
554 464
525 480
543 488
895 353
510 559
612 482
527 550
607 492
492 611
639 498
537 578
585 563
847 419
634 539
473 723
571 590
534 629
583 589
559 618
595 588
611 580
667 543
885 440
761 499
566 644
776 513
740 533
610 630
802 507
711 553
661 593
855 491
619 651
636 662
676 622
775 558
693 610
726 608
690 641
823 567
653 702
759 609
788 594
652 720
731 649
680 698
773 635
733 668
727 673
728 672
803 624
858 601
737 686
770 661
900 579
692 739
786 680
963 582
741 725
791 696
751 733
789 704
967 604
940 636
777 736
767 756
807 732
812 737
805 741
804 742
806 743
901 688
752 816
714 866
876 722
818 764
797 793
679 939
827 778
850 777
758 865
710 922
1082 626
732 907
843 794
793 837
956 729
958 728
836 834
782 885
883 782
1016 700
1049 683
884 796
1073 669
778 906
861 829
945 758
863 844
1509 537
853 855
842 869
976 738
688 1029
930 781
905 808
873 849
994 745
893 843
914 823
877 876
856 896
684 1111
906 873
1178 687
1156 694
814 979
932 859
897 891
1022 797
987 839
1061 775
944 894
1109 748
992 870
1024 845
1123 779
1248 718
964 945
1146 783
1107 804
1085 831
1043 875
975 950
1072 857
1031 898
1000 937
1155 806
1039 909
960 995
1023 935
1309 766
1004 990
1040 958
1075 923
889 1112
1212 864
1080 960
1336 788
947 1088
1310 812
1064 988
1163 915
1098 978
1115 969
1079 1002
1027 1050
1113 1016
1373 856
1138 1001
1101 1041
1083 1071
1370 903
1094 1068
1084 1089
1271 996
1214 1027
1311 986
1318 983
1135 1103
1183 1079
1229 1057
1137 1137
1269 1033
1096 1194
1099 1190
1272 1040
1173 1102
1217 1082
1193 1094
1170 1140
1120 1205
1392 1013
1206 1155
1661 929
1076 1323
1251 1122
1252 1124
1353 1048
1240 1152
1197 1220
1159 1253
1285 1141
1222 1223
1234 1224
1242 1216
1312 1128
1281 1161
1407 1073
1341 1135
1387 1120
1383 1127
1226 1296
1267 1259
1413 1104
1374 1143
1270 1261
1435 1098
1302 1226
1538 1053
1297 1235
1594 1030
1276 1263
1339 1196
1518 1076
1405 1153
1333 1231
1780 1004
1314 1270
1203 1404
1250 1363
1452 1154
1447 1166
1290 1334
1321 1293
1260 1380
1640 1092
1450 1213
1404 1247
1558 1136
1393 1275
1386 1289
1354 1341
1421 1287
1351 1360
1621 1151
1453 1269
1446 1282
1360 1371
1597 1195
1459 1297
1533 1255
1457 1319
1490 1301
1432 1355
1532 1271
1491 1305
1602 1234
1529 1281
1338 1467
1557 1290
1472 1354
1588 1278
1440 1396
1875 1097
1403 1435
1564 1306
1499 1375
1568 1324
1503 1379
1582 1316
1382 1490
1332 1569
1671 1294
1732 1252
1436 1458
1410 1483
1455 1445
1613 1332
1465 1442
1464 1459
1785 1244
1784 1256
1496 1466
1433 1537
1884 1203
1530 1446
1430 1565
1736 1328
1760 1308
1624 1419
1475 1533
1504 1504
1677 1409
1438 1606
1295 1812
1573 1482
1514 1542
1437 1623
1544 1522
1684 1439
1634 1477
1521 1579
1797 1358
1690 1454
1586 1528
1606 1515
1591 1526
1733 1428
1717 1441
1578 1544
1685 1474
1605 1551
1567 1595
1642 1564
1873 1382
1643 1594
1512 1686
1865 1398
1940 1312
1724 1530
1846 1426
1750 1531
1507 1735
1629 1640
1810 1475
1803 1485
1791 1514
1720 1611
1735 1605
1820 1505
1848 1486
1595 1727
1819 1524
1648 1717
1849 1541
1845 1562
1897 1511
1782 1624
1881 1558
1701 1741
1798 1639
1924 1500
1756 1679
1888 1588
1901 1583
1811 1672
1716 1804
1738 1799
1786 1731
1907 1637
1721 1858
1853 1726
1918 1658
1748 1869
1842 1793
1828 1825
1880 1785
1878 1821
1859 1842
1941 1723
1821 1900
1939 1776
1945 1754
1902 1866
1926 1862
1915 1899
122593339 897658064
1
sift 811
4 5
1 2
0 0
11 13
5 9
2 4
15 15
8 11
3 3
24 27
9 10
7 6
38 47
29 30
13 16
49 53
32 37
19 12
79 74
47 55
16 19
77 83
87 77
17 20
109 119
85 91
20 21
108 137
89 104
22 25
110 155
166 160
23 26
131 133
177 191
30 36
148 171
183 212
35 40
158 185
228 211
37 39
155 189
244 289
42 45
167 175
320 549
45 44
201 178
400 568
48 43
197 197
438 615
41 52
225 204
521 573
55 46
249 202
872 570
58 49
265 229
819 907
50 56
240 282
1013 992
59 51
264 264
1102 1582
54 59
275 292
1531 1645
57 61
311 281
63 64
321 321
60 68
317 327
64 71
313 336
71 72
303 355
70 76
335 334
75 70
336 389
73 81
364 381
76 84
386 362
81 86
334 444
84 82
375 415
82 85
435 470
80 95
443 537
93 89
490 499
88 93
470 552
98 90
535 572
92 98
531 598
94 99
540 595
100 102
624 533
97 115
656 702
101 112
792 646
102 100
644 934
103 114
745 810
111 105
970 940
122 101
1089 856
116 118
983 967
117 117
938 1014
119 121
1187 946
132 110
1059 1148
114 129
1279 1004
115 131
1175 1150
153 107
1172 1170
142 116
1067 1311
120 141
1168 1276
128 134
1388 1142
130 135
1241 1356
147 125
1347 1372
129 140
1301 1545
138 153
1601 1604
139 154
1813 1522
213 122
1761 1911
154 146
1768 1964
144 161
1788 1966
168 150
152 164
169 151
157 159
159 169
161 170
162 193
178 179
174 196
227 165
180 194
194 190
186 200
229 172
182 208
192 199
270 163
215 192
198 214
253 174
259 173
262 181
208 222
219 216
248 188
263 187
210 226
205 241
214 232
231 251
246 250
242 272
247 267
277 238
234 287
293 233
312 225
250 300
251 299
315 239
325 230
276 284
318 247
363 224
324 256
308 269
278 296
283 290
327 265
358 244
309 280
292 294
274 316
282 306
299 303
319 293
300 305
289 323
306 308
352 291
307 322
269 413
387 302
440 271
350 339
343 348
367 328
354 342
654 220
356 349
357 351
378 332
455 288
392 333
388 335
385 343
425 312
377 359
374 368
373 374
370 379
351 405
366 395
411 347
428 324
402 356
397 392
395 401
446 338
414 382
413 406
393 437
423 400
409 412
458 361
417 410
390 452
426 403
483 357
469 373
436 398
502 365
424 433
412 456
500 370
514 364
384 523
512 377
468 416
422 475
448 446
471 430
444 464
457 467
420 532
451 478
557 397
459 480
449 498
586 402
485 482
465 496
517 463
474 502
486 494
493 489
528 451
487 505
555 434
450 544
570 432
464 545
558 454
506 504
687 385
507 500
466 550
522 484
499 519
505 516
588 448
578 461
525 497
524 501
602 457
510 527
543 513
492 584
539 520
742 407
546 521
527 546
545 531
658 460
600 495
534 574
612 543
563 580
537 601
639 526
580 577
553 604
607 559
574 596
585 591
566 609
581 600
822 459
571 610
559 630
615 587
621 586
634 582
661 553
598 611
590 627
595 628
583 638
895 455
533 700
636 637
619 658
847 514
667 631
802 542
740 588
623 677
599 705
885 518
762 589
920 508
690 642
726 624
775 593
776 597
698 643
676 670
622 730
693 660
731 641
727 652
733 647
867 585
784 639
646 760
759 656
680 715
770 655
868 608
729 682
741 685
728 699
692 746
749 693
679 773
798 668
748 703
823 661
704 748
980 599
764 718
737 750
751 740
712 772
900 640
807 694
812 691
758 758
682 858
684 865
791 734
735 795
786 741
777 756
827 728
732 833
967 653
778 796
858 720
804 769
973 657
797 783
803 781
673 956
805 792
767 838
772 826
910 695
695 927
863 757
760 864
818 801
793 819
781 845
940 698
853 778
714 925
1280 564
836 809
882 766
843 806
835 827
710 970
837 831
795 870
782 897
854 825
901 774
796 896
851 854
958 753
814 886
785 924
876 830
879 835
850 873
884 832
883 836
842 892
948 794
893 834
861 883
945 803
670 1125
820 952
877 887
956 829
873 918
905 877
942 857
914 872
1016 793
1114 709
976 822
934 869
904 898
986 816
922 876
913 885
906 908
898 945
1082 761
931 911
992 862
889 974
944 929
964 913
994 893
1161 759
1031 863
1263 706
1123 789
1125 790
1073 828
947 976
1146 798
907 1008
1023 905
1178 780
1085 849
1092 848
975 971
1024 922
1017 938
930 1018
960 996
1070 882
1009 959
1107 867
1248 775
1087 891
1075 906
1055 944
1000 1001
1322 765
1022 990
1147 881
1039 985
1155 880
1072 965
1149 926
1004 1048
1043 1010
1025 1026
1115 963
902 1182
1207 920
1038 1036
1080 1005
1040 1045
1049 1046
1057 1041
1357 846
1342 852
1076 1031
1064 1050
1027 1085
1182 981
1212 968
1150 1016
1079 1060
988 1176
908 1309
1030 1128
1098 1066
1336 930
1111 1074
1113 1075
1099 1102
1354 951
1045 1183
1310 986
1101 1114
1020 1248
1237 1044
1097 1155
979 1347
1233 1058
1143 1115
1094 1163
1138 1126
1084 1198
1170 1108
1120 1161
1137 1146
1193 1100
1074 1230
1183 1106
1370 1003
1269 1065
1131 1178
1373 1012
1163 1149
1296 1056
1196 1122
1426 998
1272 1087
1119 1243
1206 1160
1173 1209
1197 1179
1135 1279
1096 1319
1214 1187
1311 1101
1159 1269
1362 1079
1220 1207
1288 1137
1353 1096
1661 984
1401 1076
1306 1152
1174 1306
1240 1256
1318 1158
1226 1271
1222 1274
1302 1185
1285 1225
1374 1129
1203 1312
1217 1299
1292 1221
1260 1266
1276 1258
1422 1105
1257 1278
1387 1138
1309 1223
1234 1310
1364 1168
1723 1007
1392 1154
1312 1245
1254 1320
1242 1334
1405 1157
1407 1159
1383 1195
1341 1235
1271 1329
1335 1247
1270 1340
1463 1153
1413 1197
1359 1254
1441 1173
1339 1267
1267 1359
1680 1069
1297 1326
1333 1283
1717 1053
1418 1220
1321 1318
1314 1330
1404 1257
1250 1408
1522 1169
1594 1123
1351 1315
1386 1294
1518 1192
1836 1034
1290 1393
1294 1394
1252 1449
1435 1273
1538 1194
1558 1175
1557 1186
1368 1350
1457 1280
1497 1253
1452 1281
1559 1203
1274 1470
1547 1229
1603 1189
1393 1345
1579 1210
1525 1261
1447 1325
1238 1568
1569 1259
1365 1423
1499 1314
1658 1228
1640 1238
1410 1384
1337 1457
1332 1468
1674 1240
1621 1272
1060 1968
1491 1361
1770 1190
1432 1422
1643 1291
1446 1413
1360 1506
1503 1378
1440 1437
1533 1368
1582 1336
1780 1214
1610 1328
1423 1460
1516 1383
1529 1399
1565 1374
1684 1323
1561 1380
1613 1363
1564 1381
1437 1502
1453 1478
1433 1520
1436 1518
1430 1526
1455 1504
1718 1337
1586 1414
1530 1465
1599 1425
1415 1580
1671 1386
1338 1688
1620 1434
1496 1516
1506 1512
1573 1461
1536 1492
1542 1494
1875 1277
1382 1682
1597 1463
1504 1533
1568 1483
1588 1476
1567 1498
1746 1376
1732 1398
1474 1590
1590 1497
1602 1493
1580 1517
1464 1633
1511 1587
1686 1459
1647 1490
1784 1385
1451 1673
1909 1308
1521 1610
1685 1488
1677 1499
1465 1690
1507 1650
1608 1559
1544 1622
1633 1575
1551 1646
1591 1611
1629 1592
1724 1510
1578 1623
1707 1539
1823 1439
1785 1475
1919 1369
1606 1647
1736 1541
1884 1419
1513 1753
1797 1503
1653 1655
1584 1712
1617 1692
1720 1594
1632 1696
1654 1679
1701 1631
1735 1609
1605 1737
1865 1480
1648 1726
1726 1639
1885 1485
1771 1605
1725 1667
1814 1551
1737 1660
1595 1789
1554 1823
1642 1763
1745 1656
1839 1544
1845 1547
1819 1601
1851 1566
1846 1615
1827 1630
1753 1745
1848 1621
1924 1531
1811 1669
1789 1707
1901 1577
1750 1756
1803 1691
1810 1704
1825 1684
1719 1813
1748 1793
1942 1537
1897 1617
1805 1733
1882 1664
1874 1681
1849 1714
1700 1903
1888 1695
1799 1797
1721 1895
1756 1892
1913 1702
1820 1816
1921 1703
1859 1803
1786 1898
1822 1851
1842 1861
1853 1849
1879 1827
1878 1859
1894 1833
1782 1969
1928 1798
1821 1944
1922 1854
1941 1830
1804 2002
1828 1998
1904 1938
1902 1954
1940 1896
1915 1948
1939 1924
1926 1952
1918 1991
1945 1957
1950 1926
122593339 1183258497
1
sift 241
11 14
9 6
13 11
24 24
521 617
17 15
197 212
1013 913
20 16
94 112
758 759
18 18
336 252
23 33
114 91
45 19
303 380
30 36
420 254
60 53
435 291
71 58
386 363
63 67
531 458
70 70
449 489
76 68
745 1133
73 76
889 957
92 95
1172 1117
100 97
1768 1412
115 134
1813 1529
129 126
1761 1909
120 151
157 135
236 130
159 171
215 139
194 146
161 174
242 142
248 141
162 207
144 242
192 188
186 190
181 225
210 219
209 230
251 200
324 169
246 215
325 177
276 204
198 283
247 234
319 198
306 217
283 263
373 222
299 277
282 294
370 267
514 220
377 290
274 421
424 285
397 311
366 340
384 333
374 350
413 342
354 415
488 302
417 361
493 313
465 346
539 308
468 360
507 336
612 307
480 389
578 348
448 437
611 368
451 470
776 329
711 345
537 431
422 592
585 422
466 522
759 359
571 443
731 385
499 579
581 507
909 394
751 457
590 599
990 396
583 636
884 451
728 539
777 527
806 525
599 703
653 649
873 513
786 560
850 536
976 490
987 498
861 576
836 606
669 730
663 743
789 627
773 658
782 662
1043 537
807 681
714 789
814 715
843 710
767 795
778 816
1079 609
863 768
964 702
1101 625
842 841
1000 697
906 786
1098 647
1076 698
1115 684
679 1184
1080 740
1023 820
1031 811
1271 667
1119 766
853 1014
1094 803
1084 837
1452 657
1407 686
1383 742
1281 864
1159 951
1170 971
1295 877
1285 900
1206 966
1307 947
1173 1021
1413 884
1405 895
1135 1061
1446 886
1075 1123
1393 926
1032 1232
1234 1044
1568 873
1314 1005
1504 907
1851 771
1677 887
1096 1269
1222 1131
1333 1040
1197 1181
1332 1056
1203 1213
1558 991
1433 1081
1340 1175
1386 1141
1464 1091
1403 1156
1260 1340
1465 1138
1453 1159
1580 1076
1499 1136
1567 1097
1736 1037
1573 1107
1475 1198
1750 1059
1471 1221
1702 1105
1297 1460
1521 1252
1643 1183
1588 1227
1846 1074
1557 1263
1760 1130
1629 1240
1544 1290
1191 1708
1642 1251
1909 1072
1700 1238
1849 1145
1664 1302
1512 1436
1803 1215
1602 1431
1815 1300
1496 1568
1753 1389
1757 1384
1798 1402
1825 1379
1829 1396
1924 1320
1382 1893
1901 1373
1437 1814
1490 1890
1547 1828
1721 1714
1410 2091
1789 1697
1782 1722
1725 1849
1828 1732
1915 1662
1821 1779
1842 1938
1926 2013
122593339 1188846234
1
sift 466
24 24
8 11
0 0
38 37
89 93
2 4
79 61
177 172
19 10
109 86
244 223
13 15
110 87
320 547
17 20
131 127
521 607
20 19
170 151
1013 771
18 21
167 159
918 1249
22 22
197 215
23 25
201 209
30 35
266 193
45 32
254 260
37 40
264 257
35 42
275 252
48 31
311 272
59 41
321 277
41 50
303 313
50 47
317 350
54 53
336 331
60 57
334 357
63 55
364 362
75 49
386 413
70 59
435 401
81 68
577 417
73 72
531 480
76 74
535 590
102 75
624 523
92 85
644 694
94 96
745 864
111 77
1187 908
114 95
1279 1003
116 91
1172 1081
83 155
1175 1178
119 101
1545 955
115 128
970 1532
137 109
1067 1462
120 140
1388 1245
129 136
1301 1425
157 139
1813 1489
193 134
1761 1903
159 169
160 178
144 208
162 188
236 144
215 161
180 177
178 186
186 183
194 181
174 222
243 162
192 194
196 214
259 170
242 180
205 218
210 224
248 187
214 229
293 165
198 281
284 200
246 249
251 255
247 261
325 196
327 198
276 253
324 220
292 244
309 245
319 243
392 206
250 306
278 285
310 267
367 230
436 191
299 280
306 278
283 294
373 242
274 329
282 315
388 265
385 279
411 271
343 314
377 295
483 270
370 343
402 320
372 366
354 381
553 264
366 389
420 333
374 387
417 374
397 408
444 358
468 340
502 322
413 395
472 354
426 393
457 375
409 422
424 411
514 351
895 251
423 433
412 444
525 367
448 418
480 419
465 434
555 382
526 400
507 420
522 407
486 452
422 503
743 319
464 468
493 460
547 414
451 477
524 439
578 412
581 421
539 453
466 537
459 541
607 438
612 451
450 585
449 588
639 445
492 584
499 576
667 463
585 531
559 562
571 548
595 536
611 532
537 604
534 621
636 538
610 559
583 587
900 436
823 472
711 530
776 493
566 676
788 491
784 505
669 595
963 459
727 546
731 556
676 615
749 554
663 640
725 581
590 713
812 545
621 709
759 586
652 686
770 583
786 578
653 696
791 601
728 654
968 518
940 519
1016 496
513 940
773 643
909 570
751 687
735 721
806 685
818 682
688 777
1073 526
901 642
777 742
807 732
945 664
680 882
843 725
767 782
827 739
836 744
1342 489
782 781
1212 539
793 775
850 747
758 838
976 689
752 869
884 745
814 799
863 765
790 841
778 855
797 843
679 972
861 787
1049 674
987 706
873 785
856 818
877 796
958 755
684 1012
994 741
897 820
893 827
916 803
1107 691
906 822
842 906
992 789
964 833
1043 759
1157 705
1024 791
1072 757
1109 743
889 932
1022 816
853 985
975 893
1039 844
867 1009
1023 887
1031 876
1000 913
1098 837
960 949
1083 871
1064 901
1040 925
934 1011
1053 918
1080 909
1115 888
1079 923
1094 921
1311 807
1246 868
1373 798
1143 953
1318 860
1113 986
1101 1002
1138 993
1108 1018
1463 840
1416 862
1076 1064
1214 980
1261 967
1075 1122
1269 984
1096 1126
1084 1150
1594 874
1119 1141
1250 1025
1120 1146
1579 886
1173 1108
1135 1161
1170 1123
1407 962
978 1382
1518 931
1183 1137
1159 1207
1281 1087
1404 1007
1452 988
1285 1090
1222 1155
1387 1030
1413 1023
1226 1198
1312 1133
1252 1199
1276 1185
1383 1085
1341 1124
1780 934
1718 959
1770 941
1302 1191
1314 1184
1393 1120
1538 1035
1405 1112
1435 1089
1621 1016
1564 1036
1234 1301
1290 1235
1457 1091
1447 1110
1784 975
1875 943
1260 1326
1582 1066
1432 1168
1436 1166
1597 1065
1640 1080
1453 1182
1386 1232
1333 1307
1297 1362
1446 1224
1503 1197
1533 1181
1491 1213
1602 1175
1403 1336
1331 1393
1490 1257
1421 1332
1614 1214
1529 1259
1360 1407
1471 1324
1479 1318
1295 1482
1530 1281
1677 1210
1504 1310
1459 1349
1919 1051
1567 1279
1557 1293
1464 1380
1267 1587
1586 1331
1475 1402
1496 1391
1851 1173
1433 1453
1736 1254
1499 1411
1671 1315
1605 1354
1907 1158
1544 1415
1760 1277
1465 1472
1940 1151
1642 1383
1745 1328
1569 1424
1338 1644
1624 1430
1873 1275
1437 1606
1789 1360
1810 1346
1521 1546
1382 1708
1750 1404
1634 1484
1629 1491
1849 1351
1647 1509
1819 1376
1846 1368
1935 1283
1396 1756
1845 1374
1591 1555
1702 1502
1595 1604
1512 1693
1617 1597
1798 1465
1410 1861
1817 1497
1803 1547
1853 1504
1828 1538
1786 1576
1700 1679
1649 1727
1721 1661
1825 1585
1756 1762
1753 1786
1738 1813
1902 1633
1703 1845
1654 1901
1859 1711
1880 1725
1904 1689
1664 1939
1878 1745
1725 1905
1748 1898
1821 1844
1945 1701
1915 1793
1926 1823
122593339 1446198686
1
sift 308
11 13
1 2
13 11
79 66
90 90
17 16
131 143
244 149
20 17
94 121
521 608
18 18
172 152
1013 876
22 20
170 182
758 792
23 26
167 189
918 1849
30 39
205 203
45 28
197 227
59 38
201 276
50 50
266 232
34 73
264 259
41 56
249 330
54 52
311 302
60 59
336 304
63 63
420 280
71 60
303 431
70 72
386 399
76 74
435 349
73 85
364 447
111 79
531 542
92 99
449 452
100 108
624 550
114 97
745 1038
115 147
983 953
137 131
889 1012
120 159
1175 1090
129 153
1172 1193
138 164
1743 1231
140 179
1768 1342
157 148
1813 1381
159 202
1761 1734
160 204
144 219
236 150
194 186
215 169
162 216
242 160
248 185
192 211
186 214
243 191
214 246
246 237
307 206
251 247
198 305
324 207
178 332
325 209
276 263
247 291
319 245
306 269
310 268
373 236
299 290
283 306
385 260
300 309
282 331
292 328
274 425
377 321
370 327
502 282
366 394
397 366
428 336
424 363
374 422
384 419
413 389
468 355
417 398
354 471
488 362
480 388
423 455
493 418
465 438
607 365
507 432
448 465
539 424
578 409
612 405
422 530
451 512
636 423
611 441
466 544
824 372
596 466
459 573
581 485
737 426
492 576
585 492
450 627
537 515
571 513
610 504
759 454
499 642
731 474
711 500
621 575
583 617
725 519
590 655
741 553
909 506
652 669
751 600
728 622
806 593
653 751
773 652
797 636
884 586
786 645
669 745
777 671
827 659
878 629
873 634
789 688
850 657
1043 566
976 612
836 709
843 704
906 665
867 696
767 779
714 863
994 663
897 723
814 821
987 699
1246 585
842 857
964 756
975 744
1076 687
1000 750
863 898
893 875
679 1114
925 880
960 869
1079 758
1075 768
1031 822
1115 773
853 1032
1101 820
1621 635
1098 832
1023 908
1080 877
1137 836
1094 896
1113 883
1273 803
1084 944
1119 949
1271 862
1120 956
1594 725
1341 829
1281 894
1407 835
934 1213
1404 844
1579 782
1135 1033
1452 849
1140 1043
1250 989
1226 1003
1170 1052
1457 904
1383 939
1096 1126
1285 1006
978 1332
1413 942
1294 1022
1159 1118
1377 979
1173 1131
1203 1136
1234 1123
1314 1060
1677 915
1222 1177
1197 1210
1393 1066
1640 965
1333 1105
1405 1069
1446 1055
1332 1194
1558 1067
1340 1198
1386 1179
1568 1071
1260 1333
1453 1148
1851 969
1504 1121
1403 1267
1567 1151
1464 1217
1586 1155
1433 1283
1499 1228
1465 1259
1267 1465
1420 1340
1297 1469
1471 1319
1475 1334
1736 1167
1573 1258
1690 1212
1588 1281
1578 1290
1557 1317
1512 1386
1544 1385
1642 1346
1702 1310
1437 1479
1750 1280
1753 1292
1521 1459
1490 1480
1760 1315
1849 1253
1624 1440
1496 1509
1382 1650
1591 1470
1878 1303
1846 1325
1629 1485
1602 1505
1803 1398
1798 1404
1757 1472
1435 1798
1901 1454
1547 1767
1410 1948
1648 1696
1945 1438
1725 1691
1782 1686
1721 1810
1859 1658
1904 1606
1828 1735
1741 1854
1789 1828
1842 1851
1915 1814
122593339 2011792801
1
sift 376
11 12
1 3
0 0
24 21
8 10
2 4
79 55
29 35
13 14
110 77
90 80
17 16
109 94
244 200
20 17
131 134
521 596
18 18
170 146
1013 900
22 19
172 161
1786 1557
23 20
167 170
30 33
201 221
45 29
275 252
35 37
205 235
37 38
264 270
59 36
311 272
41 47
336 304
50 41
278 299
54 46
317 363
63 50
303 381
60 59
435 329
70 63
420 340
76 66
364 424
73 70
386 407
92 90
490 505
111 76
531 482
94 97
624 553
100 102
535 658
114 93
672 729
83 185
745 898
119 101
1546 748
115 125
1172 1071
120 159
970 1422
129 151
1175 1127
138 156
1301 1195
140 153
1388 1339
157 145
1482 1575
169 140
1813 1434
189 136
1761 1633
193 135
1788 1632
144 203
159 189
160 206
180 171
162 210
236 150
194 179
215 162
259 148
242 172
192 209
248 175
178 279
214 248
246 229
198 282
327 192
251 249
324 208
247 261
276 245
309 222
319 241
307 257
283 283
306 271
310 267
411 226
299 291
235 385
385 253
392 256
274 396
343 323
377 308
350 333
372 330
370 348
366 369
402 347
502 310
397 377
514 311
468 334
354 442
424 376
374 437
525 322
413 386
444 365
457 360
417 402
555 317
409 413
488 362
384 459
426 419
448 391
423 457
465 455
547 397
507 433
524 417
449 464
464 460
527 429
578 406
539 432
391 617
486 481
451 499
422 576
612 426
466 520
607 435
761 373
636 446
499 558
459 602
776 398
492 577
611 474
585 500
581 508
537 540
595 501
571 523
534 564
675 486
963 387
727 472
823 444
621 563
711 513
737 511
725 516
731 521
583 652
610 625
940 452
759 517
599 706
805 552
818 550
728 630
786 591
663 691
909 532
751 653
652 740
901 573
732 698
884 626
883 631
669 802
774 715
1043 580
827 707
807 727
1049 597
976 649
843 726
836 736
789 756
1212 549
861 725
1107 582
878 714
758 809
767 807
863 746
797 790
994 678
793 813
681 978
752 890
714 943
842 845
856 835
679 1059
964 766
958 774
897 826
906 822
1098 692
893 850
814 929
975 804
853 950
1156 705
867 974
1024 808
889 953
1000 857
1023 844
1064 796
960 931
1246 728
1138 797
1079 851
1115 848
1080 877
1040 907
1373 718
1083 886
1031 942
1075 906
1318 768
1101 973
1137 958
1113 983
1143 972
1032 1052
1084 1032
1076 1051
1262 925
1281 930
978 1208
1119 1080
1579 811
1120 1081
1183 1040
1271 1001
1170 1062
1252 1008
1518 875
1135 1113
1404 945
934 1429
1226 1066
1387 970
1285 1029
1407 964
1621 883
1096 1209
1770 824
1383 997
1159 1167
1173 1154
1538 939
1582 910
1452 989
1312 1076
1197 1170
1413 1019
1222 1176
1206 1218
1457 1039
1234 1205
1314 1128
1290 1161
1677 981
1203 1270
1405 1114
1393 1138
1640 1026
1470 1107
1533 1091
1260 1335
1529 1105
1503 1117
1386 1222
1446 1175
1333 1293
1568 1130
1294 1378
1332 1334
1745 1070
1267 1440
1578 1163
1421 1292
1403 1315
1567 1192
1453 1281
1438 1316
1851 1069
1297 1452
1433 1338
1690 1164
1499 1288
1586 1237
1504 1310
1940 1044
1605 1263
1557 1301
1475 1374
1464 1383
1588 1308
1573 1375
1760 1251
1569 1381
1873 1180
1642 1365
1736 1289
1753 1274
1465 1490
1496 1492
1702 1392
1602 1446
1437 1581
1750 1369
1338 1686
1810 1312
1629 1467
1521 1563
1544 1537
1846 1336
1941 1275
1647 1541
1849 1395
1382 1816
1805 1426
1803 1436
1410 1791
1595 1619
1591 1677
1901 1441
1725 1603
1721 1625
1804 1559
1798 1566
1782 1634
1703 1739
1756 1694
1878 1599
1741 1801
1820 1747
1945 1627
1842 1804
1859 1796
1926 1716
1789 1981
1915 1875
122593339 2118799435
1
sift 125
45 13
236 140
243 209
242 173
215 159
194 182
324 195
370 319
248 169
251 210
319 249
480 459
325 199
424 379
488 405
507 470
397 413
514 389
578 421
571 613
546 396
465 467
711 403
731 524
539 432
611 452
537 614
759 536
776 417
595 508
499 736
653 757
585 547
751 561
621 718
861 768
990 491
791 653
987 556
843 1019
777 731
976 667
669 949
906 982
790 817
897 834
797 857
1079 924
873 906
1076 762
863 954
1101 960
964 926
1137 783
1080 1006
925 1171
1001 1030
1023 1023
1307 1338
1270 919
1098 1009
1285 1268
1386 1595
1271 936
1206 996
1435 1161
1203 1857
1383 985
1770 915
1234 1332
1471 1679
1121 1310
1170 1269
1314 1420
1642 1670
1143 1307
1579 1038
1084 1742
1736 1605
1159 1391
1333 1455
1940 1063
1511 1824
1075 1867
1504 1368
1393 1525
1845 1647
1446 1438
1191 1770
1573 1485
1557 1934
1430 1512
1851 1259
1475 1597
1828 2478
1453 1593
1558 1536
1499 1674
1702 1474
1403 1765
1643 1673
1750 1578
1849 1501
1595 1794
1567 1726
1433 1877
1753 1713
1332 2095
1521 1948
1803 1695
1496 2079
1945 1676
1664 2190
1629 2154
1602 2172
1700 3151
1950 1671
1544 2266
1721 2103
1512 2393
1817 2023
1830 2143
1782 2461
1455 3049
1915 2339
122593339 2119627969
1
sift 328
4 4
8 5
16 15
11 11
5 7
18 19
24 24
9 8
20 21
38 38
47 41
23 25
77 71
90 80
22 26
79 81
99 92
30 29
91 96
85 115
25 69
110 91
177 199
27 74
109 120
166 240
50 42
108 137
183 269
60 44
131 151
320 190
54 52
148 164
281 313
63 60
158 172
438 254
48 83
155 178
521 562
66 61
167 233
1102 1083
70 59
170 231
1013 1237
71 63
197 211
1531 1708
76 62
225 253
73 65
201 289
82 93
254 249
94 94
266 295
92 99
264 305
88 123
317 271
100 109
275 316
101 117
321 293
120 128
249 373
114 141
311 307
129 119
303 341
96 221
336 363
138 160
364 361
128 176
335 413
144 150
386 470
139 189
443 422
159 177
435 451
160 186
470 483
157 198
490 490
178 205
577 465
182 208
624 495
186 218
540 584
214 207
531 625
194 235
644 581
168 280
792 545
192 247
656 660
180 268
745 686
210 237
672 839
246 246
938 849
237 278
983 1034
235 292
1168 943
247 279
1545 936
300 239
1279 1126
248 303
1283 1158
252 321
1301 1266
274 301
1175 1372
276 308
1172 1397
283 296
1347 1252
299 287
1187 1678
250 349
1788 1482
278 326
1601 1755
282 318
1761 1820
241 400
1813 1810
270 369
292 333
307 345
354 360
372 362
359 378
393 371
357 398
258 566
373 409
402 392
381 424
377 443
374 453
423 412
412 437
428 420
403 482
424 468
434 464
448 456
466 461
451 467
413 558
417 553
459 485
534 449
444 520
468 509
464 527
418 627
492 565
533 518
559 503
480 599
411 739
510 609
566 557
476 680
567 568
589 594
537 645
583 619
680 624
563 736
585 720
652 667
670 676
615 747
619 743
610 759
807 604
514 935
544 875
636 764
599 818
752 665
902 587
773 681
767 712
751 745
774 732
635 916
622 932
837 724
758 788
669 946
836 780
728 900
598 1109
714 939
727 927
569 1198
835 824
786 868
778 903
737 948
853 843
791 901
842 872
989 742
884 830
887 836
777 951
820 925
814 938
788 954
806 959
861 930
883 940
843 1014
947 926
898 966
908 990
961 967
913 1004
976 980
1027 978
916 1099
1234 850
931 1092
1031 1007
1084 979
1049 1022
1040 1081
1006 1146
1220 956
901 1311
1090 1071
1101 1058
948 1283
1160 1039
950 1347
1135 1112
1120 1134
1257 1033
1096 1181
1274 1045
1073 1261
1080 1265
1267 1096
1410 1003
1275 1105
1197 1188
1076 1321
1382 1042
1119 1295
1281 1140
1079 1342
1222 1206
1314 1154
1098 1359
1038 1479
1173 1330
1315 1228
1297 1249
1294 1273
1290 1293
1451 1165
1554 1106
1331 1264
1156 1435
1282 1365
1374 1308
1254 1425
1256 1431
1494 1245
1214 1547
1203 1561
1302 1414
1193 1617
1174 1671
1455 1354
1337 1475
1437 1406
1675 1285
1542 1352
1446 1411
1464 1401
1431 1433
1605 1332
1504 1384
1521 1380
1285 1676
1470 1422
1338 1602
1440 1487
1654 1392
1474 1536
1779 1331
1491 1538
1602 1449
1811 1329
1725 1402
1643 1494
1496 1652
1452 1721
1595 1603
1819 1418
1924 1366
1748 1554
1759 1555
1600 1746
1724 1643
1551 1807
1721 1704
1747 1734
1717 1798
1879 1765
1870 1793
1931 1781
1918 1802
