1475597139 1503000354
1
sift 695
20 20
25 23
11 11
262 199
567 395
12 12
34 35
43 39
55 44
1431 584
1609 1055
50 40
60 58
86 80
48 52
1290 865
1341 1242
59 56
78 68
118 67
64 59
1353 1125
1902 1382
72 57
84 63
83 84
65 64
2317 1201
3119 1642
75 65
109 82
121 95
100 72
2685 1199
2963 2335
87 85
185 97
167 104
115 88
1539 2526
3616 3257
122 91
183 162
175 110
126 89
2593 1612
131 90
187 178
156 155
116 96
2717 1991
133 101
212 192
218 156
140 114
2881 2042
142 112
251 171
214 160
145 122
2906 2505
166 127
238 188
206 169
256 111
3360 2350
192 150
308 238
258 137
224 131
3507 2769
195 154
320 233
200 184
184 173
3288 3033
248 146
335 261
219 166
285 163
228 179
370 259
257 217
252 193
237 206
491 350
287 203
284 195
401 175
524 336
265 235
270 227
279 252
508 402
407 211
273 266
323 243
507 408
350 242
344 232
326 248
515 400
324 283
424 219
345 255
547 375
366 288
378 256
400 265
563 453
423 258
392 281
436 275
561 459
431 292
445 284
453 289
712 438
454 331
372 347
447 311
695 450
516 305
462 294
385 353
720 445
483 337
418 328
448 317
707 455
497 354
377 365
481 296
678 518
496 370
468 329
460 359
807 514
528 361
493 340
451 413
811 574
562 373
585 330
502 387
795 607
485 481
535 367
530 386
836 593
558 421
499 420
412 522
813 600
638 407
512 423
569 399
810 604
682 381
455 501
608 380
853 599
492 531
602 398
529 451
722 736
636 469
552 431
663 388
800 739
664 460
521 485
791 334
880 715
583 506
584 437
619 430
937 690
823 409
656 448
741 412
967 714
781 454
672 461
739 425
894 766
848 443
630 507
650 499
1047 685
674 537
614 589
882 449
1011 721
785 493
736 503
693 535
1035 710
725 552
753 504
611 654
890 867
754 555
703 561
714 566
1105 742
806 534
709 581
761 563
981 848
675 680
671 667
1058 477
1326 726
873 533
923 510
763 623
1389 717
884 578
863 590
934 553
1238 790
762 683
825 668
877 602
1121 852
891 601
747 733
1017 549
1125 876
912 608
879 661
1068 544
1208 829
997 596
933 620
1041 582
1219 855
1049 592
956 645
593 1018
1199 883
1230 551
953 656
1061 613
1266 921
1005 731
844 744
1044 625
1246 951
1603 572
888 725
935 716
1250 987
1220 696
886 754
931 735
1384 910
1456 622
962 720
1001 737
1432 1024
1019 817
1078 703
1013 751
1312 1089
958 877
910 824
798 984
1494 1011
954 925
1072 813
1000 874
1488 1044
1151 782
1067 825
1333 724
1491 1053
1086 856
1275 755
1178 811
1559 1043
1176 868
1222 804
1160 833
1408 1123
1553 746
1091 906
1365 808
1499 1093
1536 769
1070 997
1285 846
1614 1052
1095 998
1227 885
986 1133
1426 1151
1167 982
1280 903
1138 1005
1617 1113
1291 912
1261 936
1308 905
1342 1315
1427 919
1453 851
1435 864
1272 1400
1430 928
1295 952
1320 953
1561 1174
1407 970
1174 1077
1197 1088
1574 1264
1821 926
1420 963
1183 1109
1894 1070
1502 1138
1299 1065
1391 1025
1594 1295
1368 1277
1429 1007
1404 1033
2185 1027
1676 1095
1518 989
1305 1099
1781 1178
1580 1182
1276 1118
1346 1072
2002 1103
1659 1176
1349 1080
1524 1016
1805 1220
2005 1030
1632 965
1232 1198
1796 1301
2152 985
1377 1106
1278 1243
1529 1556
1376 1449
1375 1159
1571 1091
2068 1196
1506 1427
1587 1104
1611 1098
1604 1683
1425 1500
1578 1117
1596 1110
2056 1375
1976 1263
1455 1193
2379 836
2063 1389
2015 1302
1532 1160
1729 1067
2065 1422
1994 1318
1476 1237
1625 1144
1948 1520
2024 1321
1794 1105
1670 1231
1995 1516
2032 1372
1827 1120
1669 1238
1912 1587
2151 1373
1802 1140
1335 1501
2120 1510
2025 1450
1672 1261
1621 1358
1928 1690
1996 1473
1885 1163
1534 1466
2127 1578
1969 1517
1766 1296
1646 1433
2265 1537
2033 1505
1804 1337
1870 1343
2927 1287
1386 2204
1630 1530
1814 1419
1997 1766
1746 1848
1869 1381
1946 1333
3011 1290
1895 1781
1665 1543
1890 1425
2260 1634
1806 1859
1875 1445
1777 1493
2040 1801
2034 1677
1588 1692
1718 1575
2304 1717
2246 1605
1851 1492
1724 1608
2435 1763
2085 1685
1715 1633
1933 1482
2733 1656
2411 1514
1859 1523
1983 1470
2070 2162
2385 1554
2045 1477
1881 1588
2421 1887
2403 1552
2012 1498
1955 1549
2486 1861
2391 1594
2154 1461
1982 1567
2880 1658
2219 1734
2287 1434
2238 1459
2464 1930
1638 2376
2079 1524
2051 1563
2819 1742
2359 1735
2164 1555
2467 1424
2434 2016
2215 1824
2083 1604
2236 1526
2537 1945
2695 1577
1973 1691
2080 1611
2732 1826
2375 1800
2814 1285
2640 1363
2528 2085
2580 1762
2114 1617
1893 1797
2995 1809
2665 1718
1701 2045
2217 1609
2761 1932
2146 2078
2021 1732
2502 1484
3362 1707
2500 1845
1711 2065
1749 2030
2839 1926
2626 1789
2471 1507
2003 1806
2713 2024
2220 2126
2952 1338
2190 1711
2582 2190
2251 2284
2159 1748
2194 1736
2867 1994
2424 2141
2267 1704
2052 1857
2760 2072
3240 1684
1925 1978
2293 1725
3061 1939
3187 1750
2266 1738
2456 1645
3345 1850
2609 2139
2248 1764
1930 2018
2784 2186
3014 1870
2324 1743
2290 1774
3028 2044
2668 2105
2232 1810
2704 1545
2954 2096
3563 1665
2228 1841
2426 1724
2918 2164
3055 1909
3010 1480
2514 1719
2805 2254
2996 1953
1924 2187
2893 1531
2708 2363
3161 1879
2615 1696
2135 2046
3302 1972
2400 2534
2751 1670
2367 1929
3370 1959
2764 2227
2499 1864
2624 1840
2938 2250
2599 2422
2286 2093
2605 1858
2928 2329
2673 2345
2439 2099
2725 1871
2945 2409
2535 2524
1959 2662
2637 1980
3301 2241
3179 2035
2273 2344
2463 2188
3043 2506
3077 2109
2431 2273
2781 1936
2934 2702
2787 2331
2419 2325
2735 2007
3346 2517
3267 2080
2811 1981
2600 2208
3633 2333
3227 2127
2671 2156
2853 2010
3623 2342
2860 2553
2744 2081
3364 1798
3167 2687
3427 2211
3644 1681
3158 1894
3217 2747
3120 2549
2803 2106
2634 2304
3541 2615
3438 2522
2623 2336
2560 2413
3314 2758
3479 2503
2711 2296
2690 2357
3220 2808
3237 2745
2863 2229
2651 2504
3259 2860
2974 3014
3359 1992
2904 2290
3171 3121
3019 2983
3000 2232
2446 2725
3308 2998
3378 2749
2390 2775
2043 3330
3389 3034
2978 3169
2857 2434
2859 2442
3324 3118
3543 2740
2956 2382
2559 2741
3575 2932
3406 2855
3177 2315
3698 1933
3180 3108
3242 2328
3368 2260
3354 3082
3363 2277
3141 2440
3614 2849
3082 2516
3018 2580
3598 3001
3564 2233
2973 2616
3724 2815
3048 2579
3343 2387
3234 3708
3282 2460
3162 2543
3515 3492
3246 2508
3105 2607
3212 2546
3366 2463
3124 2623
3424 2444
3060 2707
2798 2890
3287 2604
3193 2657
3372 2561
2536 3341
3356 2572
3398 2568
3489 2528
3587 2450
2986 2864
2922 2947
3478 2621
3472 2661
3390 2732
3458 2710
2790 3317
3444 2779
3047 3116
3663 2629
3637 2658
3545 2824
3588 2792
3570 2807
3250 3127
3113 3259
3325 3080
3720 2659
3423 3066
3042 3461
3218 3290
3652 2854
3471 3081
3635 2937
3586 3016
3661 2918
3536 3200
3689 2986
3622 3132
3470 3417
3592 3306
3609 3455
3640 3631
3528 3787
3718 3797
1475597139 1615100174
1
sift 153
51 41
173 107
65 46
60 40
84 43
258 86
455 148
183 111
202 126
200 122
323 182
212 147
335 181
497 285
346 220
502 229
524 227
516 280
536 313
562 270
508 304
558 278
743 298
563 325
707 299
676 419
630 380
632 397
801 416
1050 338
753 391
813 432
810 477
913 414
863 522
884 425
1047 463
1041 398
1280 724
725 585
722 602
877 547
1305 777
967 524
1011 537
1005 614
1303 959
1035 542
880 616
1019 695
1672 1084
740 700
1105 572
1176 633
2169 1208
1217 567
1433 581
954 908
2286 1764
1219 645
1266 690
1167 834
2811 1569
1199 765
1384 696
1437 827
2781 1595
1352 748
1246 815
1609 782
2863 1833
1491 758
1389 867
2152 763
3177 1876
1617 849
1272 1055
1676 886
3151 1916
1237 1091
1981 822
1551 967
3363 2014
1796 910
1781 951
2178 847
3173 2116
1970 936
2002 1037
2024 928
3162 2137
1902 1075
2120 1032
1994 1119
3060 2212
2065 1070
2127 1128
1931 1237
3070 2384
3011 960
2265 1167
2215 1474
3424 2234
2304 1193
2421 1302
2343 1511
3083 2621
2880 1202
2708 1270
2424 1492
3652 2367
2464 1436
2486 1439
2626 1398
2732 1360
2717 1394
2580 1509
2537 1529
2575 1586
2584 1519
3346 1299
2760 1521
2673 1676
2761 1583
2582 1725
2444 1811
2713 1649
2805 1791
3427 1420
3303 1584
2784 1891
2500 2129
3623 1599
3061 1870
3014 1878
2535 2253
2989 1982
2599 2231
2860 2082
3220 1966
3724 2013
2927 2213
3217 2188
3614 2348
3127 2442
3324 2313
3167 2517
3308 2440
3575 2425
3541 2518
3487 2571
3691 2512
3358 2837
1475597139 1646429863
1
sift 97
78 28
258 48
145 51
367 117
877 170
133 57
320 131
562 137
184 82
794 341
1497 426
346 96
1037 427
497 174
273 134
1429 534
2178 488
357 153
1125 602
781 149
438 185
1426 540
1676 563
664 163
2185 490
674 233
445 226
1404 626
1931 618
754 220
1488 600
1086 507
512 320
2265 546
2580 920
585 291
2732 715
1580 414
672 292
1625 796
2860 1126
1070 273
2040 1191
2152 420
758 417
1804 801
935 418
2464 1081
2024 457
721 568
2761 995
1179 604
2918 1122
1806 514
1351 858
2867 1184
1502 598
3301 1135
1437 649
1530 817
2934 1332
1552 698
3633 1646
1994 672
2062 679
1377 880
1659 812
1747 807
2015 721
2375 889
2083 835
1466 1077
2424 970
2605 883
2051 1045
2626 1078
2003 1234
2908 1058
3014 1263
2499 1232
1930 1466
2665 1394
2600 1227
2325 1477
2895 1384
2689 1354
2599 1518
3629 1240
3048 1752
3724 1243
3121 1489
3076 1758
3406 1460
3285 1709
3236 1799
3218 2144
2797 2633
1475597139 2118799435
1
sift 80
37 133
83 243
88 170
65 339
109 445
228 780
98 219
133 292
370 1270
243 904
134 357
128 402
508 3520
261 1025
155 382
140 471
836 3476
691 1050
165 447
269 607
1237 3226
492 2084
273 625
266 903
558 1911
253 1278
355 844
583 1766
323 1095
313 1436
589 1730
414 1253
450 1076
533 2297
447 1484
480 1262
675 1609
445 1744
425 1889
674 2221
493 1345
523 1392
762 2322
630 1181
538 1544
754 2508
537 1613
530 1731
958 2270
628 1551
887 1145
1585 2954
602 2082
943 1141
843 1396
767 1704
693 2230
850 1697
845 1816
881 1780
915 1729
935 1990
888 2267
986 2153
863 3044
879 3073
1067 2598
1418 2405
1189 3007
1236 2866
1197 3021
1593 2375
1344 2844
1328 2915
1582 2640
1345 3361
1377 3464
1588 3523
1878 3139
2080 3220
