1537327672 1724217577
1
sift 175
51 84
12 16
84 81
17 41
16 31
90 153
15 33
128 163
63 78
33 45
132 266
35 48
122 174
92 105
37 59
265 351
29 70
149 283
173 295
50 74
369 544
43 83
196 294
233 260
67 76
438 638
78 116
225 276
457 761
95 119
541 680
97 173
291 374
518 834
121 160
492 908
125 197
235 465
602 783
131 228
574 791
145 218
405 640
620 821
175 336
903 1248
234 310
425 617
849 1416
209 361
1075 1500
240 337
447 645
1004 2298
255 370
1324 2337
279 360
501 677
1773 1824
293 442
1537 2254
306 448
532 696
1580 3132
298 475
1668 2622
336 504
675 1181
1796 3148
363 533
1771 2875
346 563
691 1194
2280 3336
367 660
2156 2744
404 600
814 1038
2870 3351
496 604
2193 2905
549 712
743 1347
476 924
2566 2524
580 816
836 1407
573 930
2518 3368
650 875
1046 1743
661 880
689 907
1104 1798
665 1003
712 969
1297 1837
750 917
708 987
1230 2068
670 1052
723 1020
1395 1873
695 1089
763 1018
1140 2649
807 1205
868 1189
1034 2987
839 1266
925 1261
1501 2245
826 1539
1014 1278
1636 2105
978 1399
1078 1587
1800 2131
1158 1592
1137 1627
2167 2500
1174 1614
1303 1597
1707 2991
1268 1749
1364 1752
2177 2775
1305 1888
1363 1794
2470 2478
1433 1760
1318 2029
2189 3010
1515 1731
1403 1866
2441 3233
1274 2333
1002 3089
3101 2271
1340 2194
1498 1943
2541 3289
1447 2149
1355 2348
3018 3320
1448 2268
1081 3403
1895 1887
1635 2150
1365 2542
1567 2313
1410 2533
1662 2236
1560 2468
1568 2519
1846 2463
2185 2233
1783 2560
1902 2486
1887 2551
1859 2674
1931 2613
1849 2723
1809 2887
2029 2715
2062 2816
1775 3231
2081 3014
2388 2913
2600 2867
2540 3001
2476 3099
2438 3194
2362 3394
2675 3252
1537327672 1750469169
1
sift 156
113 286
51 156
6 9
118 298
78 203
12 34
134 281
140 307
15 42
323 827
265 530
16 66
471 1129
372 1360
33 74
453 1463
438 1330
37 77
813 1146
563 1174
52 82
679 1607
644 1436
43 114
706 1820
757 1593
67 107
771 2217
650 1527
63 162
816 2104
793 1809
97 274
832 2070
742 1844
135 178
867 2185
875 3321
131 201
954 2514
1126 1868
125 212
1143 1580
1324 3007
129 219
1051 2269
1014 2586
115 244
909 2905
1514 3157
173 364
976 3135
945 3236
214 428
1100 3148
305 344
1248 3097
1335 2876
234 437
1321 3012
262 411
1298 3117
1416 2932
240 473
1256 3290
279 433
1355 3330
229 600
263 513
2406 2993
255 564
245 595
253 596
363 475
344 577
333 621
346 905
364 954
412 857
425 850
461 764
447 867
496 851
501 907
508 904
484 957
404 1264
507 1009
457 1198
534 1128
573 1039
579 1042
521 1309
545 1222
652 1029
658 1068
589 1262
661 1147
689 1091
662 1211
569 1537
716 1105
768 1348
745 1408
766 1483
763 1495
868 1271
801 1429
814 1478
683 1887
807 1648
987 1366
934 1509
907 1756
925 1705
978 1798
998 1789
953 1990
1136 1803
1174 1852
989 2209
1053 2208
1234 1950
1078 2242
1158 2182
1232 2168
1081 2835
1210 2603
1175 2861
1817 1863
1631 2036
1197 2986
1266 2939
1252 3098
1336 2895
1469 2594
1318 3044
1387 2803
1572 2503
1483 2798
1725 2442
1935 2338
1586 3183
1957 2708
1662 3188
1816 3155
1992 3054
1846 3268
2109 3113
2271 2938
2283 3022
2231 3146
2685 2700
2571 2884
2413 3266
2959 3000
1537327672 1928484021
1
sift 353
86 36
28 14
15 3
270 106
56 26
16 8
311 119
155 60
17 9
318 121
59 27
50 20
1100 181
185 78
65 24
518 195
227 93
63 29
932 287
217 83
78 32
693 295
354 111
92 40
1126 275
375 120
93 42
867 335
341 134
102 39
1127 324
369 152
97 49
903 336
422 143
115 48
1240 396
583 203
146 44
1665 277
458 243
123 50
1360 409
644 229
129 53
980 422
562 452
131 54
1288 443
740 418
125 56
1419 397
790 349
152 58
1335 462
1004 363
175 66
1253 482
972 523
160 72
1637 506
1067 548
182 71
1621 631
1286 498
184 79
1923 588
1075 574
201 81
1726 602
1596 460
187 87
1900 700
1525 529
190 89
1504 729
1320 513
157 115
2266 653
1581 597
239 92
1804 638
1502 673
240 97
1948 753
1638 655
234 103
1680 678
1630 722
255 101
2061 747
2258 697
264 98
2227 730
1471 1023
189 124
2931 879
1998 847
294 95
2247 787
2692 744
261 102
2890 1162
2344 848
279 110
3011 1203
2834 960
336 118
2976 1210
2616 983
273 132
3001 1469
1792 1398
360 125
2628 1157
366 126
3045 1578
2776 1143
367 127
2870 1204
331 135
2814 1225
363 139
3049 1522
409 133
440 141
388 163
457 142
412 169
447 166
476 173
528 167
489 172
448 187
487 194
521 199
708 164
508 210
506 220
477 227
626 193
526 219
550 217
545 223
561 230
631 232
661 245
689 241
537 300
557 294
711 248
662 284
717 268
763 264
745 278
659 320
768 302
766 306
687 327
764 317
831 301
770 319
842 296
645 355
826 321
807 331
1044 290
783 345
1014 297
1119 289
756 362
787 366
907 334
900 337
1197 310
945 346
719 421
970 341
925 356
887 372
1058 354
1011 364
923 393
978 382
934 400
1022 394
1053 388
959 410
1155 384
1170 392
1028 419
1158 402
1355 371
1159 407
1192 401
1799 343
1384 378
1132 434
1084 451
2075 342
1268 414
899 520
1238 433
1346 412
1088 483
1223 467
1347 438
1120 493
1002 536
1263 478
1043 558
1382 470
1313 487
1277 496
1364 476
2205 391
1406 472
1819 425
1178 534
1307 505
1232 530
1366 489
1326 508
1805 440
1092 591
1153 601
1274 554
1235 566
1318 541
1136 627
1363 525
1554 495
1184 648
1399 553
2406 432
1371 567
1518 538
1575 527
1580 526
1516 549
1773 507
1404 587
2387 455
1312 643
1435 581
1883 503
1388 613
1483 621
1878 535
1810 546
1837 568
1625 629
2361 511
1697 635
2547 490
1515 710
1410 746
1671 670
1871 634
1645 693
1831 658
2078 615
1812 705
1564 762
2020 675
1959 691
1813 727
2109 683
2028 699
2315 618
1875 736
2264 663
2425 623
1881 758
2272 717
2560 694
2211 774
1825 869
1997 831
2327 780
2511 776
2535 779
2278 824
2260 843
2244 881
2334 840
1749 1062
2099 963
2790 784
2163 974
2421 865
2523 844
1865 1103
2295 943
2901 795
2393 926
2290 967
2476 901
2546 891
2821 818
2637 863
2893 832
1978 1174
2789 864
2486 973
2608 936
2830 877
2745 905
2719 919
2468 1003
2453 1010
2321 1092
2727 948
2618 998
2672 984
2653 999
2856 935
2558 1051
1590 1465
2691 995
2499 1067
2680 1036
2773 1011
2748 1027
2603 1073
2617 1096
2512 1142
2769 1059
2714 1079
2544 1145
2426 1182
2705 1086
2707 1113
3061 971
3036 1017
2065 1455
2700 1153
2919 1072
2647 1197
2959 1107
3109 962
2774 1187
2876 1190
2944 1180
2845 1251
2846 1283
3028 1305
2928 1396
1851 2419
3056 1562
3110 1581
2609 2609
3111 2462
