16635677 204405907
1
sift 179
38 44
107 123
135 175
37 49
144 184
210 261
159 198
194 240
165 194
260 328
334 356
557 354
317 370
494 379
359 420
452 499
380 426
430 441
415 447
612 584
416 450
549 542
419 466
695 680
439 482
610 588
504 475
649 753
475 525
794 847
479 566
690 738
558 591
828 943
585 632
671 762
836 479
1024 1143
623 671
740 747
790 644
1035 1172
697 741
653 959
637 877
1068 1258
734 748
899 927
746 906
1383 1448
831 1036
922 944
872 1008
1603 1279
939 985
816 1210
905 1019
1400 1567
991 1072
928 1113
1017 1127
1507 1568
1139 1067
1042 1102
969 1330
1472 1624
1067 1177
1127 1106
1007 1455
1649 1475
1173 1397
1059 1369
1242 1195
1579 1777
1219 1378
1365 1133
1227 1380
1628 2215
1297 1493
1204 1480
1305 1415
2243 1713
1108 1732
1433 1366
1491 1308
1837 2222
1505 1341
1464 1367
1416 1459
2174 2036
1543 1556
961 2465
1489 1580
2036 2360
1617 1722
1700 1468
1804 1443
2120 2509
1842 1540
1396 1921
1885 1544
2068 2569
1522 2035
1746 1729
1553 2226
2285 2370
1852 2021
1878 2059
1996 1914
2230 2496
1839 2174
1851 2162
1901 2214
2306 2510
1991 2244
2130 2004
2082 2118
2383 2565
2139 2382
2357 1910
2056 2326
2208 2813
1923 2720
2406 2079
2050 2498
2639 2697
2049 2611
2413 2278
2519 2271
2569 2878
2321 2573
2517 2299
2368 2517
2618 2962
2199 2730
2473 2456
2481 2494
2753 2862
2438 2622
2503 2527
2595 2417
2675 2994
2226 2894
2521 2521
2911 2263
2665 3122
2666 2506
2442 2805
2355 2919
3036 3332
2528 2721
2997 2357
3144 2314
2315 3282
2689 2635
2429 3064
3525 2463
2761 2801
2684 2953
2981 2749
2775 3051
3569 2479
2597 3166
2693 3307
2697 3378
2904 3436
2994 3107
2809 3370
2803 3716
3714 2727
3432 2999
3774 3377
2737 3533
3565 3067
3767 3491
2857 3539
3013 3537
3194 3568
3595 3595
16635677 683079722
1
sift 414
889 709
149 160
21 27
168 222
398 388
23 25
1207 1026
195 198
56 58
196 205
414 386
61 52
1186 1048
199 207
60 63
227 219
395 437
74 57
1225 1283
268 246
70 78
291 302
443 400
135 144
1495 1490
456 454
154 155
370 410
463 539
144 168
1908 1754
547 427
159 177
513 461
603 572
174 199
2011 1864
552 444
210 203
577 555
605 591
194 217
1818 2196
1006 603
223 194
567 581
698 535
225 231
2169 2170
975 741
334 289
663 641
712 527
284 331
2083 2337
902 1231
315 307
745 664
621 646
339 359
3254 2820
998 1235
354 361
847 672
821 515
360 382
1142 1059
419 363
778 1034
811 690
406 391
1150 1153
403 402
866 940
852 697
394 419
1126 1255
478 338
1020 982
784 786
416 418
1274 1208
430 436
1261 1148
1174 912
439 447
1607 1031
489 417
1302 1250
1291 938
531 412
1373 1511
452 468
1335 1319
893 1405
449 471
1554 1437
436 492
1352 1350
1275 1101
475 475
1655 1711
500 467
1387 1582
1107 1446
492 499
1868 1530
504 495
1641 1376
1349 1489
611 433
1666 1854
555 464
1840 1809
1441 1429
479 568
1945 1880
578 496
2198 1625
1570 1451
558 511
2380 1716
469 643
1816 1976
1359 1816
549 549
2211 1969
473 655
1919 1931
1694 1589
562 564
2263 2217
612 537
1813 2097
1717 1619
550 631
2644 2229
649 548
1902 1985
2008 1398
585 612
3208 2995
680 559
2084 2164
1745 1933
643 602
3113 3301
616 635
2259 2005
1870 1882
671 613
600 688
2255 2120
2615 1480
695 600
637 665
2172 2329
1790 2257
690 633
656 683
2200 2292
2287 1954
769 622
697 723
2346 2538
2397 1862
790 651
652 812
2886 2586
2515 1939
794 721
734 765
2738 2758
2491 2272
883 702
739 834
2336 2405
899 740
785 850
1953 2874
651 1093
746 946
2173 2696
826 857
744 975
2502 2458
793 927
857 858
2633 2877
830 932
937 819
2961 2961
831 944
886 892
3384 3141
868 919
783 1022
3515 3079
827 980
872 998
3151 3499
955 937
828 1083
3639 3193
816 1135
1267 764
3675 3212
905 1062
1036 935
3709 3285
928 1110
1127 913
1372 787
1028 1036
1007 1090
2456 586
922 1256
969 1171
1067 1069
1358 926
1202 1016
1093 1130
1200 1042
1106 1151
1173 1082
1300 1011
1139 1141
1365 1005
991 1442
1113 1227
1465 985
1242 1113
1079 1352
1118 1307
1374 1076
1295 1139
1508 1013
1095 1392
1204 1251
1130 1355
1318 1209
1371 1218
1400 1265
1787 1003
1153 1565
1472 1260
1464 1337
1297 1506
1617 1223
1546 1277
1600 1238
1416 1450
1305 1551
1382 1501
1533 1381
1369 1553
1396 1524
1571 1361
1363 1577
2713 874
1491 1459
1637 1364
1715 1278
1451 1557
1434 1593
1519 1558
1885 1240
1489 1612
1688 1402
1409 1705
1843 1304
1700 1430
1633 1514
1542 1595
1502 1633
1406 1747
1662 1473
1579 1571
1340 1852
1421 1771
1804 1414
1567 1649
1553 1676
1544 1735
1801 1497
1628 1703
1587 1743
1710 1653
1595 1786
1592 1801
1479 1983
1695 1682
1982 1474
1614 1824
1752 1768
1724 1838
1619 2056
1771 1830
1842 1781
1728 1945
1852 1814
2319 1537
1996 1730
2056 1709
1826 1929
1984 1770
1799 1989
1837 1944
1910 1846
1711 2140
2289 1622
1712 2166
1878 1937
1839 2035
1729 2193
2053 1896
2025 1935
2036 1940
2029 1991
1991 2037
2134 1915
1867 2199
1964 2137
2128 1980
2269 1856
2050 2160
2000 2216
2095 2169
2092 2186
2227 2043
1901 2400
1923 2385
2119 2253
2610 1827
2230 2177
2139 2302
2365 2083
2208 2274
2370 2136
2082 2447
2305 2235
2306 2255
2196 2390
2285 2342
2595 2109
2226 2433
2185 2489
2270 2399
2228 2437
2357 2347
2617 2153
2321 2406
2061 2700
2272 2494
2277 2509
2391 2413
2110 2772
2693 2198
2438 2427
2911 2099
2481 2407
2503 2403
2271 2619
2293 2608
2854 2206
2521 2481
2528 2482
2442 2563
2753 2360
2555 2523
2099 3258
2429 2808
2480 2768
2666 2662
2689 2645
2676 2698
2632 2743
2701 2710
2560 2903
2833 2653
2797 2704
2773 2784
3036 2628
2895 2740
2973 2720
3457 2517
3085 2691
2697 2980
3707 2389
2994 2812
3363 2640
3320 2677
3073 2792
2803 3031
3568 2656
2709 3383
2996 3074
2905 3139
3432 2870
2769 3385
3013 3190
3194 3150
3767 2705
3119 3248
3774 2719
3500 3036
3353 3155
3574 3051
3072 3424
3614 3143
3570 3206
3211 3510
3562 3439
3737 3514
16635677 736661850
1
sift 879
80 82
35 27
31 25
148 178
62 81
42 36
79 89
65 65
51 40
211 225
66 93
54 56
81 97
110 113
56 59
251 293
128 152
71 52
187 191
149 175
60 67
274 283
183 215
63 72
234 296
168 179
61 79
318 316
195 254
70 76
257 305
189 220
76 108
346 366
212 246
83 117
298 331
199 209
91 98
484 479
224 248
89 109
399 314
209 252
105 112
538 505
241 255
124 130
333 375
216 257
123 133
554 653
237 290
122 140
356 371
250 301
126 157
493 730
353 273
150 154
407 359
269 317
135 167
714 656
290 327
145 164
560 434
280 304
129 198
667 705
347 369
159 184
584 632
445 264
165 186
717 672
422 472
174 207
596 627
306 437
181 217
682 709
496 474
194 196
608 616
352 383
196 251
791 745
456 554
264 214
594 655
401 390
210 270
840 795
537 531
235 253
731 585
530 545
227 263
854 903
508 584
217 275
686 698
553 567
239 279
692 1399
552 609
253 278
657 817
548 600
228 300
775 1202
580 621
270 288
741 870
733 648
276 282
936 1037
998 508
302 284
863 835
737 803
284 302
716 1521
767 856
291 346
885 822
823 779
332 329
940 1120
875 781
303 351
1304 790
873 807
362 303
1058 1038
812 976
329 344
1134 925
813 931
339 340
1109 1023
902 933
338 345
959 1349
1003 838
317 363
842 1594
882 1344
325 360
1414 966
879 984
331 356
864 1787
1168 1130
334 358
1186 1181
799 1193
374 322
1125 1372
1190 1212
381 320
1225 1195
1124 1058
340 384
1423 1132
1269 1178
354 372
1294 1194
1159 1385
358 377
1189 1340
1367 1179
380 367
1152 1351
1270 1290
360 393
1492 1176
1323 1223
370 380
1180 1409
1656 1006
267 652
1658 1095
1458 1269
383 403
1301 1311
1237 1327
398 389
1345 1400
1208 1556
394 412
1420 1294
1191 1465
438 385
1329 1452
1512 1390
430 406
1525 1314
1078 1654
406 432
1501 1474
1514 1428
416 424
1495 1485
1373 1464
378 477
1636 1468
1590 1459
337 591
1675 1453
1443 1440
435 428
1750 1492
1758 1318
419 452
1559 1675
1060 2009
415 461
1435 2149
1554 1515
414 488
1922 1503
1829 1190
439 464
1682 1760
1727 1402
441 471
1777 1671
1461 1538
463 468
1663 1792
1770 1542
413 557
1560 1976
1568 1424
491 460
1412 2301
2005 1663
564 417
1809 1746
1666 1495
473 502
1993 1774
1876 1816
501 497
1830 1731
1632 1604
475 536
1351 2985
1815 1915
479 529
1942 1846
1607 1865
504 500
1861 1986
2630 1401
482 555
1883 1922
1611 1982
525 516
1827 2142
2078 1764
486 561
2003 1968
1802 1737
478 592
2102 2198
2048 1923
514 549
2012 1967
1795 1808
492 575
2670 1822
2131 2014
566 514
1929 2194
1680 2090
549 540
2523 2027
2263 2001
531 583
2083 2347
1951 1806
434 754
2526 2078
2018 2415
558 569
2332 2156
1945 1936
568 559
1981 2608
2211 2266
577 566
2401 2117
1868 2086
532 637
2281 2391
2148 2338
679 499
2520 2164
2217 1797
581 595
1820 3687
2169 2485
567 603
2109 2595
2080 1971
494 717
2926 2560
2339 2443
597 624
2455 2264
1773 2345
570 660
2826 2769
2038 3400
565 667
2422 2540
2070 2043
562 675
2814 3080
2644 2494
727 534
2765 2606
1941 2655
683 572
2746 3483
2541 2852
636 649
2533 2989
2207 2654
668 619
3093 3270
3416 2483
673 612
3058 2855
2055 3377
614 669
2966 3646
3095 2634
623 671
3254 2875
2389 2740
659 646
2778 3864
2652 3628
644 664
2839 3742
2573 2505
703 643
3286 3585
3604 2591
606 724
3670 3240
2716 2755
574 769
3727 3821
3051 3186
663 684
3207 3862
2698 3182
671 677
3548 3912
3436 3352
610 735
3452 3815
2816 3190
734 659
3811 3879
3647 3106
742 679
3781 3552
2946 3095
694 723
3628 3433
653 783
3649 3876
3113 3197
697 740
3208 3800
696 749
3768 3899
2978 3403
706 767
3783 3715
768 747
3766 3926
3243 3521
772 744
796 731
3078 3671
807 725
944 694
773 815
715 887
814 777
695 926
777 823
790 824
872 757
785 839
698 956
794 842
922 752
850 813
778 895
828 841
857 816
831 854
747 945
913 791
884 831
826 879
763 951
868 846
867 884
931 819
745 999
964 806
805 965
901 865
911 892
917 896
905 924
932 906
957 894
991 893
1248 750
846 1039
847 1043
939 970
1036 889
981 952
1007 942
1116 928
1018 998
923 1133
969 1097
1122 963
1000 1081
1153 953
1457 821
1297 898
1485 833
1067 1094
1043 1152
1179 1007
1363 934
1053 1162
1107 1093
1169 1031
1118 1083
1128 1076
1133 1077
1154 1061
1086 1150
1080 1174
1139 1119
942 1466
1218 1065
1285 1036
1034 1296
1146 1164
1032 1322
1071 1278
1161 1165
1185 1144
1088 1255
1173 1158
1123 1222
1211 1147
1102 1310
1331 1103
1280 1154
1163 1279
1096 1379
1375 1098
1213 1224
1212 1232
1265 1206
1227 1233
1352 1151
1181 1302
1446 1087
1244 1252
1493 1057
1261 1242
1259 1288
1252 1295
1075 1526
1108 1480
1219 1365
1387 1215
1371 1234
1279 1328
1330 1287
1396 1225
1404 1248
1416 1262
1473 1253
1339 1381
1347 1377
1335 1416
1257 1502
1292 1486
1306 1463
1472 1313
1522 1286
1407 1418
1496 1329
1434 1403
1382 1443
1728 1155
1441 1408
1415 1441
1346 1520
1374 1497
1372 1505
1451 1429
1408 1475
1549 1358
1309 1615
1291 1638
1476 1494
1791 1231
1796 1235
1486 1514
1464 1546
1506 1518
1660 1357
1542 1482
1278 1776
1564 1470
1509 1533
1899 1226
1562 1508
1234 1902
1553 1527
1284 1864
1634 1488
1505 1602
1531 1567
1623 1525
1540 1591
1570 1554
1619 1539
1266 1984
1491 1653
1612 1551
1603 1557
1604 1569
1678 1504
1268 2062
1533 1703
1400 1918
1635 1644
1923 1396
1628 1664
1348 2082
1605 1740
1662 1668
1577 1798
2213 1303
1995 1419
1638 1730
1842 1543
1332 2219
1556 1848
1715 1662
1526 1925
1724 1665
1537 1912
1799 1611
1700 1697
1617 1835
1741 1686
1871 1583
1826 1633
2276 1359
1579 1942
2145 1438
1630 1895
1649 1837
1532 2031
1520 2053
1764 1725
1592 1989
1743 1766
1852 1670
2025 1549
1717 1851
1835 1724
1484 2251
1834 1757
1837 1752
1813 1780
2139 1576
1984 1660
1650 2052
1928 1726
1919 1773
1725 2024
1599 2232
1903 1820
1643 2183
1901 1841
1872 1874
1659 2177
1798 2005
2155 1678
2158 1683
1978 1823
1857 2002
1954 1906
1670 2261
1911 1951
2001 1868
1910 1992
1843 2085
1716 2267
1990 1933
1913 2018
1996 1939
2095 1873
1998 1963
1694 2329
1647 2419
2036 1978
1958 2114
1916 2150
2308 1783
2087 2020
2026 2076
2024 2084
2084 2037
2092 2047
2017 2122
2198 1950
2199 1954
2437 1761
2322 1872
2196 1991
2172 2016
2246 1931
2076 2133
2353 1860
2151 2070
2624 1681
2154 2072
2117 2123
2360 1893
2126 2127
2110 2136
1897 2323
2016 2215
2119 2165
3711 1433
2507 1849
2255 2069
2134 2192
2220 2103
2031 2284
1821 2546
2094 2244
2074 2274
1918 2442
2259 2140
2288 2135
2537 1909
2153 2269
2097 2326
2009 2398
3144 1667
2340 2138
2481 2022
2123 2359
2045 2410
2200 2289
2496 2046
2285 2216
2321 2214
2208 2314
2071 2449
2635 1980
2456 2139
2225 2316
2230 2313
2425 2176
2287 2297
2512 2124
2173 2399
1894 2869
2704 2011
2390 2252
2306 2333
2449 2230
2503 2196
2273 2385
2420 2285
2406 2298
2346 2350
2991 1924
2335 2374
2229 2465
2532 2248
2555 2245
2138 2696
2845 2064
2051 2840
2252 2528
2411 2389
2528 2293
2442 2390
2203 2667
2232 2609
2491 2365
2438 2407
2383 2475
1989 3342
2365 2589
2618 2340
2680 2307
2529 2413
2577 2375
2338 2663
2799 2283
2327 2729
2536 2447
2546 2459
2647 2379
2386 2687
2625 2405
2738 2343
2150 3329
2216 3084
2638 2412
3136 2197
2478 2617
2418 2730
2492 2628
3515 2109
3642 2061
2640 2497
2610 2522
2548 2604
2646 2511
2337 3006
3693 2054
3140 2268
2773 2428
2792 2416
3435 2187
2515 2712
2666 2536
2802 2427
2446 2844
2675 2548
2521 2765
3589 2190
2886 2414
2708 2571
2743 2549
2485 2941
2654 2698
2601 2773
3024 2436
2315 3564
2737 2662
2457 3246
2828 2578
2847 2599
2821 2616
2974 2527
2801 2670
2868 2600
2878 2594
2605 2936
3531 2339
2758 2747
2796 2703
2929 2588
2996 2562
2776 2798
2620 3046
2825 2727
2804 2784
3242 2515
2473 3569
2834 2810
2578 3322
2769 2901
2867 2820
2910 2772
3103 2664
3472 2493
2861 2887
3277 2610
2556 3556
2724 3230
2639 3405
3105 2734
3514 2534
3043 2806
2519 3721
2833 3070
2849 3020
2771 3242
3014 2867
2808 3193
2687 3444
2899 2978
2673 3482
2917 2963
2682 3491
2904 3072
3119 2860
2700 3570
2914 3223
2973 3164
2930 3216
2902 3271
2995 3168
3220 2903
2873 3388
3268 2909
2584 3805
2636 3786
3347 2907
3222 3063
3251 3037
3467 2836
3565 2775
3697 2637
3085 3291
3236 3134
3322 3035
3019 3398
3456 2949
3084 3404
3445 2982
2822 3714
3195 3351
3285 3325
3470 3154
3030 3643
2971 3690
3454 3279
3171 3550
3536 3207
3448 3338
3281 3523
3459 3358
3311 3519
3699 2951
3193 3666
3576 3384
3496 3494
3571 3500
3691 3316
3827 2713
3570 3581
3763 3153
3481 3696
3538 3667
3758 3254
3578 3711
3739 3397
3658 3682
3676 3674
3623 3736
3672 3729
3525 3873
3568 3858
3792 3582
3726 3843
3800 3772
3816 3789
3838 3868
16635677 748678880
1
sift 241
190 117
6 6
19 19
155 236
42 34
183 220
65 74
61 77
274 289
123 133
298 302
149 194
144 180
346 295
135 195
356 358
168 196
159 185
608 582
199 238
594 595
241 243
203 261
714 627
217 249
863 640
530 525
218 260
885 760
317 389
889 761
553 527
334 392
936 916
358 368
1134 734
508 565
363 376
1058 1007
354 380
1190 1028
548 612
360 385
1414 1012
380 407
1207 1019
873 672
428 367
1225 1121
435 405
1186 1082
823 753
406 433
1301 1106
319 566
1294 1183
975 906
394 469
1512 1241
415 446
1420 1378
902 1050
397 467
1501 1285
419 450
1180 1746
1142 929
416 475
1884 1731
439 458
2012 1864
799 1640
491 439
2109 1990
501 502
2422 1946
1124 1126
475 530
2332 2159
480 545
2083 2368
1269 1087
558 529
2523 1988
549 576
2325 2178
1657 1094
585 580
2720 2121
606 598
2520 2405
1237 1553
614 630
2765 2415
623 665
2926 2523
1568 1252
807 557
3093 2825
697 660
3286 3025
1373 1539
696 695
2839 3456
772 699
3727 2908
1443 1624
745 817
3606 3292
1146 608
3566 3388
1770 1383
872 731
3452 3530
816 802
3670 3421
1727 1442
826 794
3649 3488
790 866
3781 3541
1666 1504
868 836
831 926
1795 1544
794 975
971 852
1803 1637
991 841
1252 708
1854 1629
957 890
939 968
1893 1704
985 943
1007 947
2080 1825
1028 934
1114 1022
2245 2052
1185 1027
1219 1276
2210 2169
1280 1257
1335 1208
2698 2744
1347 1198
1440 1346
3243 2871
1451 1331
1507 1291
3113 2977
1543 1392
1372 1574
3112 3148
2276 1000
1605 1377
2978 3459
1408 1603
1552 1474
3657 3338
1257 1881
1623 1586
3637 3523
1613 1661
1764 1595
3783 3446
1638 1745
1472 2004
1599 1922
2199 1452
1617 2075
1833 1758
1842 1827
1913 1764
1852 1823
1598 2310
1901 1880
2068 1742
1923 1910
2095 1769
1851 2040
2084 1810
2016 1959
2340 1752
2134 1956
2225 1848
2666 1610
1990 2199
2036 2160
2122 2165
2172 2144
2425 1909
2288 2046
2174 2196
2243 2137
2407 2067
2532 1962
2528 1982
2411 2118
2548 2023
2438 2134
2230 2295
2321 2242
2305 2273
2259 2390
2625 2140
1910 3138
2529 2246
2519 2283
2708 2251
2115 3033
2679 2302
2924 2164
2569 2465
3103 2213
2821 2335
3024 2258
2675 2423
2665 2434
2470 2745
2879 2383
2761 2515
2828 2512
2803 2568
2832 2570
3627 2348
2867 2772
3589 2394
3774 2262
3084 2873
3223 2791
2754 3240
3470 2630
3431 2715
2905 3175
2769 3335
2971 3197
3467 3203
3672 3439
3809 3472
16635677 756063153
1
sift 980
79 75
6 12
5 7
11 18
35 33
23 24
183 202
62 67
32 29
66 64
57 60
31 32
190 199
149 167
43 38
96 109
195 197
56 53
187 228
168 188
54 65
105 119
241 238
61 52
211 212
199 198
60 66
196 222
237 241
74 57
333 310
224 248
76 59
227 255
328 295
70 82
346 361
219 270
83 76
324 245
306 349
116 69
608 698
268 286
102 78
291 306
344 355
89 105
682 680
353 327
100 99
370 433
395 426
101 97
714 651
422 401
107 100
362 483
393 441
103 111
725 815
456 495
113 104
465 387
414 423
129 96
889 825
547 466
118 132
528 518
376 480
120 128
731 1048
520 527
134 126
552 509
467 560
127 145
885 971
508 579
135 141
553 667
537 578
124 169
1058 1015
496 633
137 143
577 686
530 594
123 171
1207 1082
517 672
156 139
614 736
646 523
144 161
1186 1125
737 713
154 164
663 753
607 688
159 173
1134 1392
676 860
143 187
745 770
713 682
175 162
1225 1266
882 692
161 177
847 807
881 683
181 166
1190 1394
1006 743
194 220
733 1023
811 734
185 257
1143 1458
975 879
210 214
1020 824
942 786
223 223
1180 1456
721 1155
205 267
798 1166
850 889
218 252
1512 1413
767 1116
225 265
949 1018
923 861
238 261
1414 1600
1003 893
317 215
875 1117
846 939
260 266
1495 1544
902 1152
253 275
944 1150
970 839
276 288
1528 1547
1373 877
334 282
998 1312
893 1024
284 320
1675 1682
1159 989
303 345
1146 1279
1268 805
315 335
1777 1717
1124 1017
292 367
1302 1172
981 1000
338 332
1636 1966
1191 1072
339 356
1335 1301
841 1254
332 365
1818 1733
1142 1136
420 303
1270 1365
1116 1028
354 373
1876 1771
1274 1100
360 376
1269 1419
1174 1007
355 391
1981 1715
1208 1163
388 379
1607 1371
1074 1190
390 383
1830 1900
1168 1367
319 497
1387 1688
1348 1262
382 396
1560 2335
1468 1215
380 410
1679 1409
2203 931
406 380
1922 1830
1461 1330
299 580
1554 1621
1486 1360
403 411
1883 1942
1443 1619
398 425
1385 2059
1441 1422
394 435
1942 1885
1632 1648
430 420
1514 2042
1647 1230
419 436
1907 1998
1802 1779
416 442
1666 1960
1291 1706
438 450
2398 1748
1822 1761
436 464
1868 1772
1717 1625
478 424
2011 2144
1912 1777
439 478
2038 1798
2008 1426
470 454
2527 1700
2078 1844
472 463
1945 1990
2077 1415
449 498
2333 2022
1952 1993
460 496
1902 2053
1718 1801
452 524
2003 2378
2080 2097
463 502
2198 1845
1994 1601
475 504
2523 2161
2450 1811
654 412
1840 2352
2127 1559
479 543
2332 2517
2157 2120
473 551
2084 2245
2094 1615
489 547
2720 2223
2379 1977
492 549
2210 2163
1782 1989
469 582
3143 2177
2070 2296
531 526
2063 2411
1661 2212
504 550
2778 2405
2263 2182
500 555
2200 2333
1873 1971
555 512
2281 3025
2685 1865
719 413
2865 1812
2405 1633
513 557
2765 2538
1656 3622
424 747
2297 2460
2087 1968
635 492
2520 2798
2541 2315
549 575
2346 2599
2071 2122
541 586
2533 3024
2389 2502
521 617
2407 2646
2320 1893
558 581
3649 2472
2644 2889
629 539
2802 2437
1807 2468
536 624
2850 3164
2750 2923
550 610
2546 2799
1953 2309
603 570
3207 2903
3348 2645
533 659
2757 2607
2426 1909
562 608
3169 3027
2978 3073
611 574
2547 2933
2430 1921
568 612
3452 3778
3416 2820
567 621
2679 2913
1836 2614
578 623
3811 3435
2946 3144
566 630
2834 2997
2287 2233
588 606
3738 3891
3208 3147
605 614
2886 3009
2344 2192
574 665
3782 3941
3113 3281
581 678
2828 3078
2032 2489
612 625
3637 3070
616 654
3098 2873
2476 2135
557 722
3089 3780
636 652
3130 2955
2427 2194
760 562
3468 3699
643 690
3285 3040
2418 2260
680 653
3729 3933
621 720
3222 3554
2067 2838
637 711
649 703
3030 3797
3122 2225
695 662
729 632
3668 3413
2298 2908
671 716
633 775
2484 2814
631 778
652 758
3384 2293
706 718
600 848
2612 2806
656 771
697 731
3735 2208
772 727
746 744
2680 3306
954 605
690 803
3448 2760
726 763
790 742
3405 2813
762 757
734 789
2922 3150
801 745
661 924
2930 3171
678 905
769 804
3406 3022
742 822
724 851
3151 3553
763 813
751 821
3249 3608
883 737
739 857
3697 3091
794 814
765 840
3517 3493
806 827
899 761
3623 3706
784 867
785 871
3676 3719
778 891
744 922
1008 739
1167 679
807 908
884 866
828 909
830 906
792 954
783 979
727 1047
950 819
831 938
827 951
826 968
886 932
957 886
868 984
917 970
913 983
887 1016
1182 790
937 986
939 987
941 988
960 1008
972 1003
908 1070
905 1073
816 1189
1144 880
967 1030
1267 834
986 1044
1017 1019
1024 1020
927 1129
1032 1029
1181 920
1127 964
1188 941
1170 957
1004 1105
969 1158
995 1135
922 1243
1091 1061
1346 918
1036 1114
1297 945
1065 1097
1095 1091
1063 1122
1084 1107
991 1217
1057 1131
1059 1137
928 1348
1217 1035
971 1293
1067 1153
1372 994
964 1403
1079 1195
1309 1053
1227 1083
1173 1143
1071 1255
1233 1112
1139 1182
1374 1049
1533 977
1107 1226
1118 1246
1261 1147
1258 1188
1300 1164
1171 1250
1194 1244
1219 1234
1295 1197
1202 1278
1259 1221
1113 1412
1263 1227
1230 1259
1133 1401
1272 1239
1242 1288
1153 1396
1275 1269
1204 1346
1085 1533
1358 1216
1235 1353
1218 1381
1465 1178
1292 1331
1365 1251
1130 1527
1141 1539
1352 1307
1340 1338
1318 1358
1433 1295
1253 1472
1449 1285
1407 1339
1319 1427
1371 1391
1305 1468
1567 1210
1421 1363
1108 1723
1266 1543
1359 1447
1400 1434
1397 1442
1545 1305
1639 1222
1532 1325
1494 1359
1508 1361
1464 1424
1434 1462
1600 1300
1401 1500
1484 1407
1505 1388
1439 1475
1603 1317
1617 1315
1475 1435
1416 1516
1694 1237
1369 1577
1643 1341
1415 1579
1491 1504
1354 1635
1496 1501
1479 1521
1409 1606
1490 1515
1502 1508
1546 1457
1564 1441
1566 1439
1506 1524
1756 1309
1477 1571
1634 1432
1650 1420
1542 1536
1817 1291
1553 1526
1637 1488
1641 1477
1489 1624
1649 1463
1552 1569
1396 1744
1610 1552
1425 1743
1563 1605
1583 1586
1624 1576
1604 1588
1366 1870
1700 1525
1544 1672
1628 1639
1633 1632
1380 1939
1948 1378
1613 1667
1688 1591
1662 1617
1648 1636
1550 1724
1587 1697
1989 1373
1744 1574
1570 1728
1804 1528
1798 1531
1789 1560
1851 1505
1436 1985
1619 1736
1746 1612
1885 1503
2164 1334
1725 1638
1676 1674
1695 1670
1579 1842
1592 1838
1982 1502
1955 1545
2101 1471
1728 1727
1837 1645
1710 1758
2713 1191
2073 1520
1799 1693
1843 1666
2150 1494
1920 1628
1996 1597
1747 1799
1724 1836
1801 1745
1635 2002
1734 1826
2033 1584
1816 1765
1685 1940
1752 1875
1842 1786
1741 1913
1644 2067
1712 1963
1785 1868
1729 1953
2060 1651
1813 1878
1732 2001
1826 1903
1839 1895
1852 1879
1870 1858
1962 1829
1623 2346
1924 1864
1878 1926
2049 1768
1900 1946
1910 1935
1845 2020
2029 1831
2138 1787
1886 2018
2025 1871
2284 1683
1919 1992
1991 1919
2020 1902
2051 1882
2056 1891
1674 2367
1457 2831
2139 1841
1470 2821
2162 1856
2205 1824
2115 1955
1928 2146
1890 2195
1997 2075
3620 1355
1932 2190
2140 1979
2318 1814
2036 2072
1958 2226
1901 2290
2197 2007
2092 2123
2000 2204
2146 2095
2202 2027
2050 2234
2355 1938
1976 2320
2153 2158
2483 1859
2227 2100
2061 2286
2315 2034
2118 2261
2269 2111
2095 2300
2240 2145
2585 1843
2121 2295
2154 2272
2068 2360
2370 2060
2183 2258
2631 1872
2289 2193
2246 2237
2128 2384
2230 2294
2172 2376
2383 2180
2259 2298
2253 2306
2502 2085
1805 2878
2365 2232
2196 2387
2610 2000
2174 2422
1917 2716
2305 2330
2615 2031
2737 1962
2225 2399
2228 2397
2790 1936
2321 2339
2490 2203
2578 2117
1857 2966
2591 2132
2306 2394
2515 2210
2529 2206
2250 2465
2270 2452
2110 2634
2386 2361
3523 1753
2336 2400
2495 2275
2288 2461
2233 2510
2357 2410
2185 2581
2373 2430
2519 2332
2363 2482
2221 2632
1790 3650
2620 2270
2296 2559
2199 2674
2639 2289
2635 2310
2673 2288
2438 2493
2340 2595
2491 2464
2556 2401
1863 3573
2666 2334
2783 2264
2473 2501
2911 2183
2390 2587
2285 2709
3602 1934
2293 2721
2353 2663
2442 2572
2629 2420
2530 2519
2595 2470
2481 2588
2392 2675
2480 2596
2429 2651
2584 2488
2503 2586
2099 3224
2425 2692
2560 2553
2796 2419
2617 2564
2413 2828
2822 2439
2505 2712
2457 2776
2800 2466
2224 3132
2708 2540
2366 2928
2243 3102
2693 2574
2562 2694
2507 2794
2276 3184
2773 2554
2762 2562
2854 2504
2880 2494
2553 2785
3599 2253
2647 2735
2997 2495
2676 2711
2518 2885
2812 2615
2648 2753
2754 2684
2752 2699
2701 2744
2808 2682
2689 2810
2494 3185
2941 2660
2633 2957
2758 2830
2853 2741
2607 3006
3740 2323
2833 2767
2817 2804
2738 2888
2799 2842
2475 3452
2771 2904
2654 3052
3076 2693
2973 2750
2702 3021
2932 2784
2981 2765
2729 2989
2697 3056
2406 3791
2821 2919
2786 2974
3036 2775
3608 2521
2776 3018
3221 2706
2804 2987
3019 2817
2988 2833
3407 2642
3048 2815
3362 2666
3800 2374
2961 2867
2994 2859
2996 2860
2743 3148
3419 2676
2695 3246
2769 3134
2990 2929
2604 3558
3085 2912
2709 3374
3024 2963
2890 3058
3046 2952
2877 3089
2867 3128
2805 3239
2971 3041
2916 3088
2803 3288
3198 2927
3171 2959
3118 3014
2747 3523
3105 3034
3193 2968
3321 2894
2882 3225
2861 3260
3363 2880
3170 3017
3039 3105
3009 3154
3050 3111
2895 3355
3013 3247
3613 2816
3086 3194
3203 3108
3332 3046
2904 3468
3006 3392
3136 3230
3652 2843
3215 3177
3070 3324
3072 3337
3278 3146
3083 3325
3643 2854
3061 3382
3435 3047
2910 3567
2696 3918
3189 3286
2929 3600
3119 3430
3665 2899
3568 3016
3630 2975
3456 3152
2795 3893
3495 3136
3114 3581
3196 3498
3141 3610
3707 2945
3353 3417
3694 3011
2985 3832
3320 3492
3639 3094
3394 3422
3500 3295
3074 3772
3331 3524
2845 3940
3480 3381
3195 3709
3084 3828
3397 3570
3526 3463
3376 3657
3616 3320
3110 3877
3327 3732
3574 3439
3339 3751
3390 3735
3528 3597
3614 3449
3544 3625
3426 3760
3103 3949
3626 3585
3477 3801
3467 3821
3550 3773
3709 3476
3755 3349
3655 3688
3672 3783
3562 3929
3761 3646
3752 3710
3675 3934
3737 3863
3774 3812
16635677 858943217
1
sift 204
1666 1701
23 26
59 75
382 363
37 43
61 59
174 188
398 398
56 63
74 61
218 235
443 405
70 85
135 141
315 276
500 485
144 158
159 178
284 355
555 512
210 181
194 231
339 367
469 662
334 285
354 357
370 388
616 558
360 400
406 381
430 482
603 591
531 282
415 379
513 470
652 871
394 432
416 423
492 510
784 817
419 425
439 468
567 559
955 941
452 508
504 473
577 585
1242 1045
475 502
479 582
663 628
1318 1480
562 540
549 565
1035 1121
1371 1671
558 556
585 583
971 1476
1633 1455
595 564
612 554
1080 1388
1489 1832
690 599
671 667
1471 1119
1717 1630
637 706
790 618
1336 1235
1710 1634
734 701
794 711
1095 1545
1587 1796
697 858
740 867
1259 1364
1982 1541
859 831
899 824
1363 1417
1885 1717
831 903
982 780
1409 1756
2521 2431
872 931
928 1083
1472 1713
2442 2566
1036 960
905 1173
1614 1859
2413 2899
1295 891
919 1215
1724 1768
3410 2435
922 1255
1067 1102
1598 2102
2335 3482
1007 1228
1227 1018
1826 1872
2632 2993
972 1354
991 1365
1852 1833
2697 3330
1139 1190
1118 1217
1996 1709
3073 3002
1173 1232
1200 1484
1816 1908
3110 3116
1416 1307
1571 1253
1902 1865
3609 3555
1153 1677
1305 1556
1839 1941
3675 3549
1400 1530
1662 1369
1919 1861
1579 1523
1700 1414
2119 2131
1804 1345
1617 1534
2172 2250
1542 1605
1440 1752
1813 2888
1630 1594
1383 2020
2373 2369
1628 1789
1799 1673
2277 2485
1553 1984
1842 1669
2635 2465
1878 1819
1910 1968
2833 2811
1901 1991
1991 1929
2738 3012
1837 2141
2036 1925
3614 2488
2068 2014
2139 2195
2973 2920
2285 2152
2128 2312
3800 2606
2230 2196
2050 2391
3500 3210
2110 2376
2330 2184
3655 3561
2305 2233
1923 2664
3144 1743
2321 2272
2596 2029
2438 2267
2270 2449
2617 2205
2528 2331
2228 2733
2689 2270
2503 2590
2480 2677
2519 2643
2429 2852
2392 2922
2675 2615
2911 2483
2797 2640
3569 2345
2776 2734
2769 2826
2555 3163
2666 3110
2994 2904
2622 3361
2996 2996
2696 3327
3643 2627
3036 3052
3767 2599
3432 3112
3298 3465
3753 3509
16635677 1242253086
1
sift 101
89 122
107 127
156 204
194 260
144 212
317 400
159 230
452 602
165 222
494 393
359 480
695 712
319 607
549 587
415 521
690 732
416 522
610 614
439 561
649 862
475 603
794 921
558 691
671 876
600 669
816 1344
623 749
740 799
790 690
1383 1041
734 764
922 981
697 824
1059 1631
637 992
1305 1398
746 970
1532 1159
868 919
1700 1538
831 1148
1400 1680
905 1347
1878 2245
1139 1238
1649 1640
1219 1623
2056 2069
1433 1400
1292 2154
1571 1333
2050 2174
1416 1889
1784 1671
1194 2192
2406 1971
1522 1945
1579 1906
1617 1881
2481 2471
1804 1768
2174 1722
1553 2201
2911 2204
1984 1824
2243 1757
1851 1937
2368 2709
1837 2152
2121 1907
1910 2336
2689 2703
2139 2339
2110 2621
2321 2450
2994 3072
2036 2739
2068 2760
1930 3012
3598 2947
2285 2588
2383 2606
2305 2634
3432 3538
2306 2688
2208 3068
2438 2769
2639 2569
2569 2986
2528 2787
2595 2761
2665 3120
2997 2513
2761 2905
2676 3232
2666 3004
3569 2492
3114 3148
2904 3685
3036 3644
3072 3655
16635677 1429073379
1
sift 69
81 165
1568 3327
31 60
686 1098
135 249
187 300
159 258
741 1666
183 372
356 613
334 532
1134 1355
435 382
608 897
428 397
1884 2333
363 505
1207 1530
415 466
360 606
1929 2997
491 555
504 570
2109 3321
439 685
684 503
3649 3298
585 888
600 925
623 1003
772 825
697 1067
790 1021
872 1126
991 1161
969 1619
1245 1331
1252 1348
1507 1223
1279 1447
1139 1612
1173 1598
1605 1499
1297 1866
1451 1756
1336 2131
1930 1578
1543 2240
1923 1921
2276 1858
1852 2336
1709 2635
1630 2998
1826 2487
1842 2617
2242 2147
2625 1941
2174 2535
2412 2304
2243 2899
2570 2469
2548 2775
2529 2808
2665 2631
2847 2701
2413 3346
2784 3312
3682 2974
3672 3184
16635677 1472528885
1
sift 398
125 159
6 6
31 25
667 691
62 71
9 11
190 126
35 37
42 34
840 679
168 174
61 75
187 170
110 115
63 70
863 765
155 241
124 118
183 202
128 145
123 127
1198 3028
353 236
122 139
274 274
149 183
135 166
252 358
159 181
298 314
199 213
129 245
269 351
144 221
346 322
216 224
174 227
356 330
241 222
538 445
195 283
196 260
553 529
217 254
554 609
250 316
227 251
456 730
210 276
608 562
530 508
239 266
702 633
276 265
594 620
508 534
362 257
686 661
291 369
714 639
548 610
317 363
682 688
284 407
870 581
875 657
334 379
791 710
358 366
657 834
728 797
354 380
748 733
360 393
817 814
823 746
370 383
741 897
380 396
885 791
873 754
435 389
936 830
412 409
854 1009
975 898
394 435
1134 825
406 441
1045 909
865 1128
416 444
1058 1063
504 375
1190 1061
902 1087
419 448
1186 1119
415 470
1414 1013
1656 759
439 466
1269 1124
491 439
1152 1230
1142 990
475 525
1225 1192
480 539
1294 1169
812 1541
501 511
1367 1095
566 484
1345 1125
1124 1191
514 544
1323 1218
549 512
1458 1236
1237 1337
579 543
1512 1268
558 558
1420 1372
1159 1669
609 591
1501 1317
684 521
1590 1333
1373 1533
590 616
1514 1396
585 634
1180 1857
1555 1399
614 635
2018 1117
606 649
1636 1511
1568 1398
577 711
1663 1984
659 658
1929 1677
1210 1881
697 680
1883 1762
663 715
1908 1753
1666 1471
610 777
2012 1896
696 697
2109 2014
1632 1617
924 570
2131 2002
623 838
2281 1871
1443 1843
807 663
2005 2119
694 842
2526 1767
1822 1538
1146 564
2325 1928
745 807
2189 2085
1795 1716
785 810
2422 1991
772 820
2533 1980
1802 1732
826 812
1868 2536
884 779
2083 2413
2078 1558
790 873
2169 2342
868 832
2455 2207
1815 1755
831 880
3468 1741
913 826
2332 2348
1951 1735
794 959
2333 2378
982 864
2523 2309
1680 2090
991 889
2339 3032
939 972
2401 3022
1607 2228
1024 901
2926 2512
957 965
2827 3075
2080 1791
1007 929
3093 2951
971 980
3286 3202
2070 1810
985 992
3670 2781
911 1096
2839 3611
2048 1838
1084 1042
3452 3299
1139 1041
3649 3545
1893 2021
1302 981
3811 3263
1252 1017
3727 3554
2244 2477
1227 1058
3822 3343
1173 1111
2599 2212
1114 1209
1213 1132
2698 2784
1123 1245
1211 1160
3112 2578
1352 1050
1297 1092
2946 2887
1259 1159
1383 1080
2978 3052
1169 1256
1108 1369
3078 3144
1102 1388
1404 1133
3113 3254
1261 1248
1280 1287
3243 3472
1347 1243
1219 1423
2942 3624
1522 1185
1163 1568
3455 3511
1335 1377
1473 1378
3657 3645
1451 1408
1372 1550
1292 1633
1408 1562
1531 1430
1542 1419
1257 1706
1540 1490
1628 1425
1605 1443
1598 1456
1506 1551
2276 1093
1650 1489
1562 1585
1930 1293
1613 1573
1400 1803
1842 1504
2145 1343
1724 1682
1358 2267
1617 1936
1833 1773
1630 2063
1852 1758
1919 1699
1958 1684
1903 1779
2103 1640
1627 2156
1913 1792
1813 1911
1916 1816
1990 1788
1291 3199
1901 1995
2246 1698
2084 1852
2139 1854
2036 1935
1837 2135
2024 1965
2027 1983
2095 1934
2199 1859
2255 1845
1910 2149
2016 2061
2288 1832
2045 2038
2198 1931
2074 2068
2202 1971
2172 2052
1711 2663
1923 2302
1708 2707
2352 1960
2666 1746
2340 2000
1592 3380
2208 2128
2625 1821
2122 2262
2456 1989
2407 2031
2225 2199
2425 2098
2230 2244
2532 2035
2536 2037
2286 2235
2076 2454
2512 2086
2528 2082
2321 2258
2418 2194
2411 2221
2259 2367
2618 2077
2529 2164
2548 2147
2438 2254
2708 2084
2638 2168
2711 2121
2679 2182
2123 2963
2639 2304
2743 2311
2138 3322
2338 2849
2675 2379
2803 2301
2232 3123
2431 2725
2383 2850
2879 2294
3024 2256
2885 2355
2867 2385
2203 3460
2910 2363
2640 2765
2873 2508
3103 2394
2914 2485
2796 2599
2337 3487
2828 2617
2861 2607
3014 2532
2904 2615
2833 2739
2484 3431
3036 2588
2769 2955
2776 2966
3225 2705
3289 2684
3268 2733
3203 2817
3084 2953
3019 3060
3195 2993
3470 2867
3171 3160
3285 3147
3144 3301
3774 2700
3030 3617
3482 3417
3281 3571
3672 3449
3816 3372
3809 3434
3838 3541
16635677 1693986903
1
sift 250
23 30
60 88
59 86
36 46
70 93
101 132
135 153
89 121
107 113
118 155
159 184
144 159
165 185
245 237
210 242
194 225
206 241
260 322
218 276
436 380
283 355
494 430
317 344
415 440
334 337
636 660
354 376
452 464
363 371
606 771
359 403
504 489
380 401
808 920
430 433
549 502
416 443
1185 1149
419 453
555 537
406 473
1279 1182
439 468
558 568
475 503
1532 1199
479 545
563 614
612 588
1292 1503
610 661
836 534
623 680
1603 1355
637 817
649 703
690 675
1800 1974
697 741
695 700
790 646
2529 2090
794 867
671 760
651 823
2808 2238
941 834
740 713
734 753
2383 2708
872 900
652 902
746 903
2288 3032
828 963
886 838
749 1017
2340 3039
939 908
899 927
922 925
2639 2630
991 995
816 1133
905 1034
2753 2746
831 1206
1034 979
1312 820
2625 2974
985 1049
928 1104
969 1078
3242 2731
1067 1121
1017 1131
1007 1249
2773 3317
1035 1241
1139 1092
1036 1227
3457 2843
1173 1144
1127 1150
1085 1214
3105 3203
1080 1293
1242 1093
1059 1298
3136 3334
1446 1064
1466 1001
1365 1137
3184 3461
1227 1265
1295 1192
1188 1334
1544 1468
1204 1308
1219 1321
1280 1878
1305 1290
1433 1263
1408 1696
1505 1253
1464 1340
1543 1600
1491 1305
1416 1405
1617 1782
1371 1461
1331 1571
1628 1861
1571 1327
1489 1428
1522 2000
1440 1509
1400 1656
1612 1898
1507 1543
1700 1389
1592 1950
1508 1601
1885 1244
1842 1645
1396 1748
1633 1594
1724 1912
1587 1629
1579 1665
1826 1887
1383 2211
1697 1742
1852 1888
1982 1511
1553 2035
1901 2056
2713 1189
1749 1859
1991 2006
1804 1797
1289 2886
2049 2059
1837 1907
1878 1931
2036 2262
2240 1657
2082 1819
1996 2297
2101 1802
1851 2058
2139 2336
1910 2110
2056 1992
1923 2623
2357 1801
2134 2010
2068 2449
2025 2185
2174 2030
2230 2390
2000 2254
2696 1701
2225 2733
2110 2361
2306 2137
2595 2470
2517 2042
2413 2216
2373 2764
2285 2352
2243 2401
2528 2675
2438 2339
2481 2349
2199 3196
2368 2531
2406 2505
2617 2693
2519 2377
2911 2075
2666 2754
2473 2480
2503 2473
2675 2909
2442 2659
2631 2444
2981 2908
2050 3333
2569 2555
3144 2839
2429 2803
1921 3743
2776 3168
2521 2824
2997 2400
2797 3202
2689 2853
2315 3431
3298 3098
2684 2874
3568 2419
2803 3581
3665 2364
3320 2569
3739 2924
3525 2518
2470 3447
3774 2897
2994 2904
2775 3188
3751 3197
2737 3239
3714 2595
3666 3796
3250 2975
2665 3520
2693 3505
3488 2912
3708 2775
2904 3345
3036 3357
3363 3140
3013 3399
2771 3723
3046 3583
3595 3375
3194 3663
3110 3771
3432 3686
16635677 1724217577
1
sift 96
298 304
199 239
135 182
2352 1704
219 255
356 357
733 582
334 361
2124 2450
358 337
608 554
823 832
317 391
2879 1921
363 347
594 572
1667 1443
435 370
2401 2499
394 448
1190 1058
2211 2475
472 541
3286 2616
606 604
1207 1086
3126 3198
1146 516
2839 3008
772 660
1225 1260
2919 3419
745 811
2847 3148
790 778
1186 1340
872 712
3589 2721
816 760
1294 1496
794 912
809 1019
1907 1737
1007 925
1139 921
2083 1969
1302 866
1185 969
2189 1906
1114 1145
1227 1143
2520 2176
1335 1106
1347 1252
3768 3569
1451 1266
1507 1285
1401 1385
1552 1476
1764 1375
1617 1642
1613 1653
1621 1666
1816 1621
1852 1885
2425 1556
2084 1786
2016 1903
1911 2096
2340 1749
2330 1833
2074 2196
2286 1967
2122 2194
2068 2268
2625 1765
2174 2236
2321 2121
2411 2029
2407 2154
2243 2486
2548 2241
2529 2275
2519 2458
2438 2570
2676 2367
2569 2462
2306 2879
2597 2887
2867 2672
2754 2894
2832 2867
2776 3015
2757 3322
3662 2904
3249 3559
16635677 1911602604
1
sift 103
37 50
159 200
194 242
144 181
165 205
210 217
452 548
415 436
185 272
334 299
690 676
562 525
406 342
360 411
859 889
612 555
419 409
416 426
922 1115
734 604
430 478
439 500
1200 981
740 847
504 457
531 454
1127 1446
816 886
475 521
549 559
1318 1298
886 995
479 634
585 562
1416 1258
1383 1047
558 617
790 623
1108 1695
1295 1144
637 810
697 814
1305 1569
1400 1282
794 759
831 851
1885 1139
1804 1316
931 852
872 937
1700 1437
1851 1884
1035 1022
905 1279
1553 2196
1878 1950
991 1159
1067 1112
2082 1900
1837 2040
1139 1071
1007 1376
2146 2019
2438 2204
1227 1247
1219 1427
2249 2277
2110 2672
1595 1475
1544 1589
2911 2180
2285 2535
1780 1430
1579 1688
2503 2522
2330 2532
1628 1898
1852 1789
2697 2440
1826 1871
1839 2028
2442 2769
2036 1889
2068 1882
3334 2329
1901 2316
1996 2237
2429 3075
2230 2012
2321 2325
2406 3248
2618 2121
2666 2255
2689 2949
2595 2461
2528 2579
2622 3352
2981 2543
2675 2775
2521 3574
2456 3109
3810 3394
3767 3060
