167977404 413499319
1
sift 323
4 6
7 7
3 4
20 26
5 9
15 15
77 65
96 69
17 20
70 76
85 96
18 21
113 93
331 499
19 25
97 130
572 590
21 30
121 133
1001 764
32 44
128 126
941 895
52 39
191 178
43 49
189 209
62 46
224 213
48 54
263 187
61 48
246 212
53 62
302 182
55 58
244 270
60 60
269 265
59 63
285 268
67 74
325 274
69 75
259 341
94 84
276 329
89 100
347 325
105 99
457 323
153 82
412 377
124 103
477 473
142 98
559 517
120 123
627 573
114 135
654 574
119 142
594 684
140 118
641 769
135 163
847 595
154 145
681 790
159 147
714 882
275 112
1183 834
155 176
990 1087
291 116
977 1128
158 199
1119 1352
174 177
1294 1189
166 184
1156 1466
180 185
1541 1202
190 191
1372 1455
198 188
1494 1850
197 193
1862 1715
207 202
1957 1972
193 226
304 159
210 235
243 220
336 169
257 246
239 273
273 258
298 247
379 200
286 266
274 281
393 221
265 311
305 278
290 296
322 280
248 394
418 242
337 284
314 305
480 254
383 298
388 302
387 316
513 285
402 357
493 301
531 287
360 469
440 401
424 432
512 339
550 324
476 374
539 338
492 379
487 382
484 402
436 463
510 390
464 449
400 531
585 354
449 482
757 292
463 483
473 476
423 550
525 441
557 428
517 488
582 447
475 546
527 502
528 503
508 521
615 462
783 425
701 478
576 605
605 571
592 608
756 481
623 591
590 644
565 695
677 564
733 568
717 613
752 579
700 676
729 633
648 727
856 621
739 708
748 702
894 611
791 691
848 643
785 697
692 862
772 746
950 629
884 679
925 665
822 772
743 870
853 768
924 726
1020 667
865 782
728 934
763 891
907 759
830 849
991 705
915 779
755 958
753 975
980 775
944 813
840 902
852 897
992 785
890 875
872 896
867 898
914 867
1024 784
1114 723
1011 823
879 945
957 908
1455 616
922 972
693 1344
1265 763
1018 936
1085 901
1012 986
978 1016
1280 851
1083 973
1228 883
1025 1017
1256 879
1087 1007
902 1221
982 1138
1152 1002
1065 1071
1123 1037
931 1298
1090 1069
1291 976
1345 955
1175 1054
1292 1003
1098 1131
1302 1020
1213 1070
1166 1116
1142 1197
1102 1249
1187 1169
1201 1154
1273 1112
1521 980
1311 1110
1218 1212
1429 1042
1193 1257
1363 1106
1202 1278
1397 1092
1305 1201
1300 1237
1312 1222
1274 1276
1445 1100
1452 1101
1235 1366
1597 1076
1568 1111
1453 1180
1640 1085
1269 1397
1434 1218
1358 1359
1364 1372
1780 1097
1502 1259
1346 1417
1320 1473
1530 1295
1592 1269
1586 1272
1410 1388
1379 1431
1681 1219
1338 1528
1598 1328
1648 1289
1738 1271
1903 1171
1409 1495
1522 1414
1626 1368
1375 1604
1539 1442
1459 1507
1583 1430
1618 1419
1473 1508
1436 1568
1443 1621
1790 1375
1582 1515
1537 1580
1660 1486
1580 1582
1758 1469
1683 1521
1931 1362
1407 1809
1589 1636
1662 1581
1688 1561
1716 1550
1768 1567
1551 1761
1885 1511
1740 1648
1861 1579
1808 1639
1721 1737
1636 1812
1946 1534
1723 1744
1769 1696
1935 1589
1711 1806
1803 1735
1686 1882
1953 1686
1843 1889
1949 1854
1958 1844
1966 1962
167977404 507090750
1
sift 353
4 7
2 3
3 5
20 26
9 6
15 17
35 51
5 12
17 20
70 74
7 8
18 19
77 72
26 34
19 24
113 101
96 79
21 25
121 139
85 107
24 46
128 129
173 167
30 45
152 206
821 841
32 42
191 187
941 954
52 41
189 207
1328 1036
43 57
163 262
62 49
302 178
48 61
269 271
45 64
285 265
61 56
300 287
55 65
276 318
53 68
325 289
59 71
347 298
60 70
349 386
67 80
412 376
69 82
457 462
102 84
477 497
126 78
490 619
94 92
594 568
98 115
627 569
104 103
681 792
89 126
714 819
105 105
676 902
138 95
847 970
124 114
823 1020
122 125
851 1337
120 128
1315 997
114 140
1094 1238
142 113
1294 1237
119 141
1556 1218
141 130
1494 1336
140 146
1155 1959
135 168
1541 1509
154 164
1957 1625
159 149
1862 1800
155 183
275 121
291 137
212 157
158 217
198 189
197 195
205 209
207 213
202 218
193 240
304 166
253 205
190 267
210 254
243 223
239 249
257 242
273 270
379 208
298 277
393 224
286 294
305 282
288 299
586 181
265 340
290 317
322 290
480 221
337 286
418 257
324 315
314 358
375 321
388 322
402 373
387 390
360 422
611 279
502 306
513 305
531 303
425 389
512 320
484 339
493 328
440 393
408 423
424 427
391 470
487 381
550 335
476 398
492 388
436 450
464 426
539 367
399 515
585 354
510 413
444 508
582 382
463 481
473 479
517 445
757 308
766 313
475 503
508 529
527 517
615 451
725 403
528 559
638 486
619 550
592 577
576 618
605 589
565 644
583 629
597 614
600 611
756 492
677 563
623 616
746 538
752 553
670 630
590 723
733 580
723 597
698 651
648 698
717 635
1078 464
672 702
729 662
750 678
894 599
900 594
791 672
785 680
707 750
734 732
848 649
748 733
950 609
856 673
753 756
822 736
925 686
743 837
924 696
755 855
884 741
763 865
853 782
907 743
728 939
830 834
865 796
1020 688
915 764
991 738
852 869
944 794
1117 683
994 753
840 898
1027 737
956 828
867 906
914 873
1024 777
978 815
890 897
1039 781
1115 735
879 945
1455 604
1012 844
992 870
922 995
1265 758
1011 979
1083 923
1512 700
902 1088
1087 958
975 1050
1152 960
1321 857
1228 908
1256 901
1280 891
1090 1019
1065 1041
1025 1112
982 1194
1291 978
1292 988
1302 1002
1175 1089
1345 996
1201 1079
1273 1054
1166 1137
1098 1224
1102 1220
1142 1205
1193 1161
1311 1094
1300 1103
1305 1102
1385 1040
1202 1231
1429 1027
1218 1223
1123 1323
1187 1296
1312 1196
1347 1148
1521 1033
1452 1068
1269 1259
1397 1124
1160 1394
1274 1270
1802 981
1346 1235
1445 1135
1434 1143
1597 1073
1453 1192
1568 1141
1640 1104
1358 1334
1235 1483
1504 1221
1498 1226
1364 1380
1428 1318
1410 1370
1530 1274
1557 1264
1375 1445
1338 1490
1379 1446
1780 1154
1598 1282
1320 1569
1618 1281
1539 1366
1343 1592
1522 1396
1436 1467
1750 1246
1680 1301
1736 1278
1409 1537
1738 1305
1473 1504
1537 1466
1681 1375
1586 1451
1740 1346
1583 1459
1459 1565
1423 1629
1534 1533
1582 1522
1589 1526
1580 1551
1870 1358
1592 1594
1542 1623
1660 1544
1758 1482
1662 1579
1953 1363
1551 1686
1746 1530
1688 1595
1790 1528
1503 1812
1716 1640
1931 1477
1913 1550
1721 1716
1808 1639
1947 1531
1711 1757
1935 1605
1686 1869
1769 1825
1803 1906
1988 1750
1949 1903
1963 1900
1966 1899
167977404 897658064
1
sift 446
4 5
5 11
3 4
10 14
7 9
12 3
20 27
37 55
15 16
35 47
96 91
17 20
70 83
85 103
18 21
77 74
173 160
19 25
95 75
206 212
21 26
113 119
219 549
24 48
121 137
331 340
32 39
128 133
572 573
52 44
152 171
941 568
43 56
165 167
821 907
48 59
163 189
1001 992
62 51
189 197
1529 1645
61 58
230 178
53 68
191 207
55 64
225 204
60 72
224 228
59 76
302 202
67 80
269 264
69 84
263 282
125 62
285 292
98 96
325 281
94 98
300 321
104 102
276 327
105 112
280 389
138 105
347 355
124 129
349 381
114 140
411 334
120 131
412 362
119 141
457 470
142 118
478 499
122 135
490 552
140 154
530 533
135 161
662 451
154 153
594 595
155 169
666 537
159 159
559 662
160 164
627 598
226 151
641 646
158 196
681 702
291 149
617 934
197 190
714 810
190 203
847 940
198 200
1013 868
207 199
977 967
202 208
1158 811
193 241
990 1014
253 188
1183 946
210 232
851 1311
239 214
896 1356
310 172
1315 1004
243 250
1076 1276
247 287
1294 1170
257 284
1556 1150
265 300
1541 1255
468 181
1494 1346
340 238
1372 1545
273 298
1862 1522
286 290
1478 1966
290 303
1965 1604
298 294
1957 1911
288 306
385 233
393 230
305 296
324 305
322 322
418 269
337 308
314 331
377 293
279 413
332 348
383 324
375 339
480 291
376 351
360 383
387 356
388 359
425 342
402 368
391 386
534 302
499 312
424 400
378 445
440 393
513 335
531 333
408 437
399 452
493 374
484 394
503 379
436 456
487 410
492 406
464 433
423 498
476 431
473 446
539 416
550 408
475 475
444 523
463 496
488 478
510 464
585 403
508 480
449 550
757 347
524 505
598 443
528 527
766 363
527 545
582 483
652 447
557 535
620 494
638 500
615 521
583 574
619 546
565 609
674 512
600 584
783 461
592 602
576 630
517 700
623 605
880 454
605 638
667 587
677 591
701 600
855 504
756 559
746 581
672 649
723 616
698 658
729 637
648 715
833 597
553 956
906 588
759 670
734 694
848 641
938 608
739 730
856 652
791 699
1032 577
748 740
912 639
728 773
1070 580
996 611
1078 576
785 741
763 758
755 778
950 656
743 819
822 756
753 838
894 738
830 809
924 734
867 796
837 827
925 750
836 831
849 812
884 792
813 870
853 836
840 863
1027 691
865 832
872 826
915 801
959 766
944 806
852 892
1012 757
879 913
1020 774
845 952
991 822
914 908
956 884
992 862
902 976
1018 869
1114 788
1011 886
1024 873
1022 885
922 996
1455 653
777 1181
1047 911
1041 945
1083 906
1025 974
1266 794
1265 803
842 1177
780 1309
1090 938
1299 816
975 1085
1207 959
1152 1005
1087 1045
1512 793
1123 1031
1117 1046
1065 1114
1321 965
1517 845
982 1319
1234 1036
1402 943
1256 1035
1053 1241
1280 1037
1102 1179
1292 1050
1557 909
1418 981
1142 1161
1631 882
1201 1106
1166 1146
1291 1066
1302 1060
1175 1198
1311 1100
1098 1310
1200 1229
1225 1207
1212 1243
1187 1271
1272 1194
1385 1087
1340 1115
1329 1147
1202 1283
1213 1278
1218 1274
1305 1209
1288 1259
1521 1065
1300 1279
1312 1267
1279 1312
1434 1129
1274 1330
1269 1359
1235 1384
1452 1163
1429 1187
1364 1266
1296 1347
1488 1158
1355 1306
1345 1329
1346 1326
1445 1235
1498 1185
1453 1226
1597 1159
1555 1221
1343 1390
1347 1388
1568 1225
1358 1393
1640 1197
1320 1468
1325 1470
1469 1340
1592 1291
1379 1465
1397 1449
1586 1320
1530 1344
1375 1504
1382 1494
1782 1220
1502 1394
1403 1492
1766 1261
1681 1314
1411 1506
1740 1284
1942 1154
1409 1520
1522 1437
1539 1429
1780 1281
1847 1240
1338 1682
1618 1399
1598 1413
1423 1557
1459 1526
1281 1823
1738 1361
1473 1533
1542 1502
1537 1516
1795 1363
1518 1587
1436 1688
1554 1574
1533 1590
1790 1414
1448 1707
1688 1498
1571 1601
1758 1461
1736 1476
1589 1611
1582 1622
1583 1633
1850 1425
1998 1210
1746 1510
1943 1376
1992 1328
1662 1610
1750 1532
1660 1623
1716 1592
1552 1753
1953 1408
1580 1737
1626 1690
1636 1679
1683 1656
1870 1503
1724 1673
1853 1539
1977 1463
1721 1725
1686 1793
1803 1685
1823 1667
1913 1584
1930 1575
1935 1609
1924 1632
1711 1852
1885 1718
1903 1758
1946 1755
1860 1833
1888 1814
1844 1882
1949 1781
1968 1797
1963 1944
1966 1948
167977404 1183258497
1
sift 188
10 13
5 9
0 0
20 24
8 7
17 15
128 106
85 80
18 16
124 91
331 365
19 25
191 170
572 617
21 33
189 212
763 759
32 39
269 226
1001 913
30 46
280 252
1750 1339
61 37
325 238
48 55
347 380
53 53
412 363
45 71
559 330
60 58
530 469
55 67
423 489
59 70
627 458
69 68
722 495
67 77
1105 543
94 95
847 800
104 97
1044 739
114 126
714 1133
120 134
1294 1117
119 151
1025 957
159 135
1478 1237
155 171
1282 1584
197 146
1862 1529
253 141
1957 1909
304 131
180 186
174 207
207 188
198 190
243 215
257 204
239 283
286 263
290 277
288 294
471 209
489 241
388 290
464 285
402 350
484 299
492 342
391 441
425 415
539 360
473 437
502 421
582 389
449 522
488 470
752 345
592 430
733 368
475 592
677 422
848 385
950 359
623 554
748 457
701 507
723 500
605 636
865 451
822 527
907 525
717 658
991 490
771 628
830 606
700 731
734 681
956 575
1024 536
807 730
753 795
879 702
849 746
1065 625
922 727
944 710
840 811
1256 573
867 816
914 786
852 841
1011 715
1302 609
1012 768
755 1014
1123 698
1291 647
728 1184
1152 740
1345 667
1336 678
1212 766
1175 837
1193 864
1452 803
1098 1044
1454 850
982 1269
1083 1123
1274 1005
1202 1040
1473 907
1102 1181
1305 1021
1598 886
1363 997
1568 900
1640 884
1530 925
1300 1061
1218 1131
1320 1056
1018 1533
1539 1020
1409 1081
1583 1091
1534 1198
1436 1278
1592 1183
1681 1136
1346 1460
1758 1107
1947 1059
1582 1290
1347 1532
1662 1252
1716 1240
1736 1227
1200 1828
1711 1293
1551 1436
1953 1168
1329 1778
1885 1274
1537 1568
1235 2091
1448 1697
1843 1364
1338 1893
1861 1384
1542 1814
1723 1714
1792 1706
1966 1662
1823 1849
1931 1788
1789 1969
1963 1779
1888 1869
167977404 1188846234
1
sift 286
4 6
7 8
0 0
20 24
5 11
3 4
77 61
29 33
15 15
97 87
37 45
17 20
113 86
85 92
18 19
131 126
331 397
19 22
128 127
1001 771
21 25
263 152
988 1249
32 40
189 215
52 32
224 193
43 47
230 209
62 41
244 260
61 44
269 257
48 53
302 238
53 57
285 252
55 55
325 272
59 59
280 331
67 73
276 350
69 74
347 313
94 85
349 362
105 104
457 401
138 77
519 417
124 95
559 415
89 155
530 523
120 128
627 480
114 136
654 504
119 140
617 694
159 139
714 864
155 169
1044 778
275 112
1183 908
135 208
1155 955
166 178
847 1532
174 188
1315 1003
158 222
1294 1081
197 181
1556 1178
198 183
1541 1228
207 194
1372 1425
193 218
1862 1489
304 145
1876 1917
210 229
1957 1903
253 187
345 162
243 249
257 253
239 281
273 254
298 244
378 200
290 280
286 294
305 285
288 315
314 300
531 206
489 250
388 295
387 320
402 387
425 381
502 329
476 354
484 363
440 409
510 358
487 374
424 433
539 340
464 411
436 444
492 395
473 418
463 434
585 393
400 608
619 399
582 419
423 588
449 537
527 468
475 503
616 414
766 352
638 420
508 541
597 470
701 421
783 412
576 562
756 438
600 584
592 603
605 587
583 621
677 531
565 676
623 613
670 559
733 532
729 538
752 530
700 640
900 491
785 578
717 643
672 696
856 546
848 556
807 595
791 654
748 687
924 601
950 586
894 618
734 732
648 882
907 685
753 782
822 742
830 744
980 671
849 735
1020 642
865 745
763 838
771 841
991 689
944 725
728 972
879 833
1114 680
890 817
840 876
867 855
914 822
956 788
1024 747
755 985
834 918
852 906
1012 765
978 804
992 789
1011 799
1085 803
922 949
1025 932
1256 797
1087 925
1280 820
1152 909
1291 837
1018 1011
1065 1002
982 1126
1292 901
1302 923
1123 1064
1083 1122
931 1382
1340 953
1452 921
1142 1146
1193 1087
1175 1150
1201 1137
1429 980
1312 1061
1212 1141
1218 1155
1187 1198
1098 1301
1305 1108
1557 971
1521 984
1597 962
1274 1184
1300 1161
1347 1147
1202 1307
1453 1068
1648 1009
1640 1023
1445 1124
1780 988
1397 1199
1358 1235
1568 1090
1530 1121
1379 1281
1498 1191
1364 1326
1288 1424
1320 1394
1343 1363
1346 1362
1953 1025
1598 1224
1473 1310
1448 1360
1618 1259
1269 1587
1738 1213
1680 1257
1409 1453
1580 1354
1688 1279
1537 1391
1534 1402
1583 1380
1683 1328
1582 1415
1750 1329
1503 1482
1790 1331
1235 1861
1338 1708
1681 1411
1436 1644
1758 1427
1542 1606
1716 1491
1662 1546
1808 1465
1551 1693
1946 1405
1769 1538
1723 1661
1931 1484
1711 1677
1792 1682
1843 1665
1636 1901
1686 1898
1822 1816
1823 1905
1966 1793
1885 1881
1958 1845
1963 1844
167977404 1446198686
1
sift 218
10 12
2 2
0 0
20 23
5 9
15 11
77 66
29 47
17 16
97 64
85 90
18 17
128 143
572 608
19 20
145 152
763 792
21 26
191 199
1001 876
43 50
189 227
988 1849
61 44
224 232
48 52
230 276
53 59
269 259
60 60
280 304
55 63
325 302
59 72
347 431
69 74
457 349
67 84
423 452
94 99
559 380
104 108
530 550
124 97
627 542
114 153
722 746
120 147
847 817
119 159
714 1038
159 148
977 953
154 164
1025 1012
155 202
1294 1193
135 219
1282 1443
197 186
1862 1381
166 204
1957 1734
174 216
180 208
253 185
304 151
198 214
207 211
210 246
243 237
345 191
322 206
257 263
239 305
290 290
286 306
288 331
471 239
314 346
489 271
388 321
383 336
440 367
402 422
464 363
484 364
539 355
424 455
487 398
492 389
391 481
425 471
502 425
473 465
582 388
449 544
488 512
638 432
756 365
475 530
508 573
733 441
576 529
592 516
677 492
701 485
670 504
600 576
925 426
856 446
605 617
623 620
950 454
748 600
853 541
717 652
791 622
865 586
907 593
771 689
822 671
991 612
830 709
914 665
753 779
807 745
1024 657
944 704
879 756
849 809
852 857
1123 687
1035 759
922 869
755 1032
1011 821
728 1114
1083 768
1065 820
1012 898
1280 723
1256 738
1336 700
1081 880
1302 758
1166 836
1152 877
1363 765
1291 832
1193 894
1087 985
1386 803
1142 956
1175 944
982 1126
1345 862
1212 949
1445 829
931 1332
1018 1213
1597 835
1452 896
1098 1123
1300 1033
1274 1060
1202 1105
1102 1210
1780 849
1454 964
1640 942
1218 1177
1279 1136
1305 1131
1502 1022
1568 1006
1320 1194
1343 1191
1530 1065
1598 1055
1738 1020
1473 1121
1953 989
1364 1333
1539 1182
1426 1265
1409 1283
1269 1465
1583 1217
1790 1155
1346 1469
1681 1228
1534 1334
1660 1290
1551 1386
1582 1385
1758 1258
1736 1281
1338 1650
1750 1345
1542 1479
1589 1470
1537 1509
1235 1948
1662 1459
1947 1280
1680 1480
1716 1485
1861 1472
1448 1828
1721 1695
1885 1599
1823 1691
1803 1724
1931 1692
1949 1756
1966 1814
1888 1987
167977404 2011792801
1
sift 253
10 13
5 10
0 0
20 21
85 80
3 4
77 55
331 395
15 14
97 77
572 596
17 16
113 94
1001 900
18 17
128 134
19 19
145 161
21 20
191 186
30 37
230 221
32 38
193 235
62 36
285 252
43 41
269 270
61 39
302 277
48 46
325 272
55 50
280 304
53 59
305 299
59 63
347 381
67 69
457 329
94 90
349 424
104 102
559 371
138 76
478 505
124 93
530 553
89 185
627 482
120 125
722 729
114 151
714 898
119 159
1155 747
154 156
1183 754
159 145
1044 873
275 108
847 1422
135 203
1294 1071
155 189
1372 1195
190 164
1282 1339
166 206
1556 1127
197 179
1541 1253
180 197
1478 1632
174 210
1862 1434
253 175
1957 1633
207 209
304 149
210 248
243 229
257 245
239 282
273 250
286 283
322 257
290 291
248 385
489 254
388 308
531 256
387 347
391 421
440 378
484 356
402 437
539 334
464 376
473 391
425 442
492 386
424 457
487 402
423 464
502 396
444 459
766 312
449 520
616 397
585 419
400 617
527 460
488 499
619 429
638 433
475 576
508 602
576 538
756 435
592 541
583 564
938 403
677 500
600 577
701 508
623 607
752 513
605 652
856 472
670 625
723 603
848 521
925 511
785 591
950 517
884 552
700 691
748 653
791 630
853 631
865 626
734 727
1020 573
824 715
771 757
830 736
991 649
648 977
980 660
753 807
1115 589
763 809
807 802
944 726
879 766
957 725
755 950
852 845
890 834
1012 746
914 822
728 1059
840 942
922 931
1291 692
1011 929
1256 764
1025 953
1083 906
1087 907
1152 877
1292 796
1065 973
1280 826
1302 851
1166 958
1193 930
931 1208
982 1209
1123 1051
1175 1032
1142 1081
1201 1040
1186 1065
1340 972
1212 1080
1102 1170
1345 1001
1098 1205
1397 1008
1557 949
1018 1429
1274 1128
1300 1113
1218 1176
1597 964
1305 1154
1202 1293
1568 1029
1439 1087
1358 1161
1586 1037
1640 1019
1464 1107
1780 989
1703 1038
1683 1070
1320 1334
1288 1381
1530 1137
1618 1105
1343 1325
1364 1335
1269 1440
1598 1175
1407 1333
1409 1338
1660 1163
1473 1310
1346 1452
1688 1192
1539 1362
1534 1374
1842 1173
1681 1288
1790 1237
1583 1383
1235 1791
1736 1308
1750 1321
1452 1512
1537 1492
1758 1375
1582 1537
1338 1816
1542 1581
1443 1670
1436 1686
1716 1467
1946 1370
1662 1563
1589 1677
1931 1444
1723 1625
1721 1658
1823 1603
1448 1981
1792 1697
1953 1607
1803 1823
1958 1739
1966 1875
167977404 2118799435
1
sift 74
197 182
304 141
345 209
402 425
253 169
464 379
752 403
484 459
440 414
463 467
593 614
487 497
582 462
766 390
771 817
848 524
733 452
756 461
807 949
950 536
677 547
748 561
1012 954
980 600
822 731
991 667
852 1222
956 769
879 926
1123 762
1152 1006
914 982
944 1019
1291 1009
1347 1483
1065 960
849 1251
1098 1332
1518 1824
1302 924
1345 936
1274 1420
1888 2717
1081 1171
1469 919
1568 1268
1363 1280
1202 1455
1175 1742
1473 1368
1459 1512
1530 1524
1598 1438
1539 1479
1533 1598
1409 1877
1360 1831
1758 1485
1320 2095
1592 1673
1681 1674
1364 2136
1688 1726
1885 2164
1947 1578
1487 2026
1843 2325
1537 2079
1711 1890
1662 1948
1723 2103
1717 2155
1551 2393
1966 2339
167977404 2119627969
1
sift 538
4 4
2 2
0 0
10 10
5 5
1 1
20 24
9 8
16 15
35 38
37 41
18 21
70 71
85 80
19 26
77 81
98 92
21 25
97 91
96 115
23 34
95 96
219 190
30 35
113 120
217 194
36 43
121 137
173 240
43 42
128 151
312 254
33 69
131 171
313 313
53 44
152 164
331 323
39 56
163 178
572 562
45 53
165 188
542 688
48 52
189 211
640 634
49 50
191 242
650 647
51 61
218 216
952 652
42 88
225 253
895 768
55 60
244 249
1001 1237
59 59
263 230
1328 1287
52 75
230 289
1529 1708
60 63
224 295
1825 1844
69 62
246 286
67 64
276 271
56 83
269 305
75 86
300 293
82 93
285 316
76 104
325 307
63 129
280 363
94 99
302 373
84 122
347 341
104 109
349 361
102 123
411 413
108 113
412 470
105 117
457 451
88 149
519 465
116 118
478 490
101 143
490 483
114 119
530 495
119 128
666 422
124 141
641 545
135 150
594 584
154 160
559 628
141 176
617 581
133 185
627 625
140 189
681 660
155 177
714 686
126 221
722 839
136 200
878 794
160 181
823 981
139 209
990 849
166 186
1076 943
159 198
977 1034
177 191
1013 1027
153 236
1155 936
151 255
1044 1030
150 272
1105 1031
202 208
1119 1158
198 218
1226 1180
185 229
1315 1126
210 207
1282 1270
190 226
1316 1252
197 235
1372 1266
207 247
1294 1397
168 298
1183 1678
205 268
1556 1372
220 258
1478 1482
252 225
1876 1530
243 246
1862 1810
229 277
1965 1755
248 292
1957 1820
211 342
213 354
208 366
253 303
257 308
227 346
290 287
304 278
286 296
274 304
241 356
273 321
288 318
265 349
301 311
284 339
298 333
305 326
228 473
322 345
295 380
261 415
235 508
281 423
314 381
334 374
392 344
351 383
333 419
359 389
398 369
291 493
408 371
425 360
299 488
376 398
387 392
419 378
352 432
355 435
383 420
340 474
389 425
388 443
414 424
424 412
346 501
354 481
402 453
323 563
436 437
372 499
493 409
350 566
449 461
380 538
385 529
473 456
464 468
446 489
440 505
430 516
488 467
431 567
501 482
458 541
508 485
583 449
437 601
480 550
510 520
484 552
517 518
487 553
525 521
539 509
533 514
492 558
527 527
486 590
522 556
576 503
435 701
509 611
565 557
528 609
512 627
536 606
597 543
579 576
600 565
554 622
448 779
602 568
582 599
605 619
591 642
563 680
592 644
599 668
648 624
635 637
468 920
620 679
642 658
580 737
465 962
513 865
534 829
734 604
581 763
585 760
562 819
735 613
700 649
777 586
628 730
690 683
655 728
606 808
677 720
717 681
624 815
667 747
670 759
698 743
555 969
669 785
610 886
743 700
753 712
724 756
756 734
729 764
748 745
792 727
674 875
750 762
671 898
586 1052
824 732
836 724
545 1171
633 985
763 788
571 1147
842 742
651 977
755 843
830 780
738 889
794 826
647 1075
785 868
746 916
702 983
665 1041
837 824
832 833
739 932
768 905
791 900
865 830
766 934
703 1046
852 872
807 946
833 924
867 903
845 925
780 990
822 951
779 994
856 927
853 940
855 942
924 901
902 926
708 1198
934 917
864 965
774 1069
736 1148
840 1007
900 954
705 1255
925 948
907 959
956 931
923 967
839 1050
741 1241
1101 836
787 1177
1011 938
1098 850
921 1008
726 1300
783 1193
913 1028
910 1036
944 1014
946 1009
970 989
975 978
786 1254
991 980
810 1219
857 1129
890 1113
849 1175
909 1098
1041 966
868 1176
1022 1004
1006 1037
829 1281
996 1109
1062 1049
1002 1125
1065 1058
1017 1122
1175 979
982 1181
1046 1093
1117 1022
1039 1104
1224 957
906 1319
1087 1081
1085 1099
1111 1071
953 1301
1090 1102
835 1491
1235 1003
1213 1033
1150 1087
1363 950
1211 1039
1056 1197
1157 1103
1010 1296
884 1485
1142 1134
880 1507
1102 1188
1020 1311
1247 1070
1066 1268
1113 1212
1325 1045
1193 1140
1134 1217
1269 1096
1202 1142
1338 1042
1281 1106
993 1413
1061 1333
1259 1139
1300 1112
1152 1265
1274 1154
1218 1206
1126 1310
1123 1321
1228 1235
1019 1478
1127 1347
1198 1279
1072 1427
1212 1295
1037 1565
1266 1283
1038 1583
1208 1334
1320 1263
1346 1249
1194 1410
1428 1202
1305 1330
1302 1342
1104 1585
1291 1359
1287 1365
1358 1293
1343 1323
1153 1558
1254 1431
1639 1146
1234 1479
1255 1467
1375 1354
1434 1308
1169 1628
1382 1352
1502 1273
1407 1345
1724 1165
1280 1504
1188 1645
1182 1661
1439 1340
1465 1325
1284 1550
1563 1285
1279 1561
1539 1299
1695 1226
1283 1575
1256 1610
1603 1291
1277 1595
1265 1662
1580 1332
1311 1617
1473 1384
1557 1357
1464 1422
1460 1433
1803 1262
1498 1414
1334 1641
1542 1406
1421 1531
1583 1401
1429 1547
1571 1418
1355 1671
1598 1411
1586 1425
1636 1392
1643 1395
1352 1712
1339 1734
1662 1380
1522 1487
1418 1608
1395 1657
1436 1602
1533 1536
1489 1574
1592 1494
1414 1700
1519 1584
1385 1764
1435 1737
1675 1497
1618 1557
1483 1687
1823 1402
1537 1652
1716 1503
1405 1806
1686 1554
1568 1676
1949 1369
1737 1539
1623 1718
1750 1582
1642 1701
1608 1758
1746 1643
1723 1704
1692 1746
1780 1721
1807 1685
1689 1826
1984 1668
1844 1822
1945 1781
