1778338741 2009681629
1
sift 75
141 197
555 557
62 98
87 130
321 606
1397 1492
192 248
158 293
593 891
1813 1974
212 281
222 279
1870 1740
2930 2231
209 344
347 397
1924 2122
2693 2470
452 411
534 450
3043 3092
3243 2796
564 531
632 528
2736 3635
3390 3073
518 743
627 746
3346 3699
685 739
741 835
2862 4210
781 848
815 829
754 994
875 861
777 968
874 928
1038 899
884 1198
1205 1082
1318 1182
1215 1379
1178 1428
1684 1116
1206 1495
1469 1553
1363 1685
1494 1632
1392 1900
1746 1537
1564 1817
1498 1946
1792 1643
2152 1808
1456 2689
1846 2063
2038 1938
2121 1920
1929 2070
2364 1944
2207 2574
3343 1878
2828 2165
2685 2717
2937 2780
3711 2532
3072 3276
2914 3689
3226 3384
3293 3486
3532 3428
3484 3911
3777 3897
3850 3845
1778338741 2080441786
1
sift 146
198 274
62 84
2260 2407
81 96
555 591
89 108
128 125
821 738
129 127
127 199
1024 1338
182 156
158 212
1245 1361
192 228
194 247
1397 1420
222 234
211 266
1813 1664
252 291
293 320
1983 2281
347 363
359 353
3527 3016
354 455
367 442
3362 3649
344 475
377 483
3408 3690
383 479
388 484
399 485
393 531
385 556
482 553
458 633
622 471
564 527
511 601
570 597
507 691
609 602
518 771
627 644
625 661
629 734
632 739
705 796
643 930
812 776
678 891
780 827
727 885
827 806
722 907
832 892
777 962
874 878
688 1207
922 915
908 1044
884 1109
948 1045
1038 988
993 1042
995 1056
1010 1084
925 1202
1097 1095
953 1348
1205 1157
1366 1163
1066 1432
1318 1243
1123 1452
1199 1370
1368 1254
1266 1448
1463 1306
1206 1523
1392 1373
1178 1597
1443 1385
1478 1376
1494 1379
1650 1296
1189 1803
1572 1433
1363 1679
1469 1614
1503 1588
1315 1811
1656 1620
1792 1481
1539 1784
1309 1971
1249 2168
2311 1303
1619 2025
1991 1832
1846 1945
2475 1587
1706 2265
1968 1943
1759 2277
1903 2077
2364 1848
2144 1957
1779 2388
2105 2005
2205 2102
1976 2347
2115 2319
2218 2295
2207 2349
2610 2158
2315 2488
2245 2586
2296 2675
2515 2642
2159 3005
2807 2671
2812 2686
2534 2969
3344 2331
2629 3030
2663 3024
2973 2934
2937 2999
2940 3018
3209 2935
3621 2732
3079 3148
3133 3188
3225 3207
3226 3329
3148 3433
3298 3321
3187 3558
3433 3352
3532 3326
3601 3392
3811 3580
