204405907 579740000
1
sift 145
50 65
189 251
66 79
85 87
126 156
991 1559
125 183
149 181
166 184
1600 1837
272 282
162 187
155 203
1513 2325
310 279
177 232
325 370
2342 3658
350 390
546 422
401 411
2474 3872
524 716
496 539
492 563
2974 3429
571 735
468 671
761 421
3221 3433
664 790
478 702
650 665
3094 3653
611 929
616 748
709 815
3645 3750
662 869
788 959
732 841
3616 4239
645 1009
829 1006
602 1109
3621 4327
814 938
925 1188
832 930
889 937
995 1157
963 995
880 1172
1020 1240
961 1086
994 1133
1236 1272
996 1160
965 1285
1083 1535
1029 1357
1186 1340
1194 1415
1310 1358
1473 1253
1208 1507
1229 1475
1203 1593
1196 1578
1426 1343
1623 1324
1128 1761
1336 1569
1444 1533
1304 1631
1345 1703
1288 1812
1360 1788
1382 1797
1549 1758
1470 1727
1629 1687
1782 1819
1510 1984
1420 2097
1893 1739
1525 2034
1651 2051
1425 2531
1733 2222
1521 2380
1837 2184
1999 2139
1708 2420
1657 2585
2052 2266
1932 2298
2025 2564
2066 2306
1957 2458
1984 2689
2218 2238
2125 2512
2114 2532
2145 2566
2254 2681
2350 2660
2168 2911
2132 2970
2139 3030
1977 3345
2664 2623
2676 2676
2491 3254
2325 3113
2589 2899
2692 3520
2489 3000
2231 3327
2829 3368
2422 3182
2602 3072
2450 4331
2618 3066
2445 3387
3222 3340
2785 3071
3361 2777
3369 3211
2751 3299
2880 3243
3093 3535
2809 3870
2977 3867
2950 3776
3059 3709
3028 4244
3017 3938
3476 3587
3407 4009
3425 3684
3477 3825
3503 4397
3154 4345
3683 4269
204405907 651405152
1
sift 51
149 152
272 272
154 172
325 346
401 398
468 593
571 604
611 831
546 750
664 726
602 1156
720 811
832 829
788 923
1610 590
889 874
965 1032
934 959
995 1210
1310 1201
1020 1218
1186 1341
1444 1429
1083 1661
1313 1420
1476 1762
1471 1830
1382 1940
1708 2264
1075 3511
1837 2166
2025 2458
2007 2125
2125 2267
1468 3940
2168 2882
2139 2644
2114 2720
2451 3971
2350 2703
2422 2791
2880 3353
2589 2947
2785 2808
2450 4093
3093 3313
3154 3398
3059 3571
3215 3552
3613 3523
3683 4108
204405907 683079722
1
sift 281
130 91
81 58
19 23
26 29
184 168
91 74
35 31
41 42
261 203
135 111
49 38
71 56
328 235
145 131
92 66
133 99
441 436
167 140
169 133
176 142
588 434
175 144
227 213
197 176
542 549
356 289
240 217
255 249
755 586
393 370
278 266
309 240
847 721
425 337
322 287
330 290
943 1083
419 381
314 387
406 414
1053 1028
466 363
462 486
450 418
1017 1114
481 446
499 468
475 495
1517 1178
525 475
512 485
591 511
1567 1265
566 568
584 537
614 517
1624 1260
632 612
609 530
630 563
1786 1536
601 650
538 687
641 598
1777 1571
644 651
598 678
680 600
2215 1703
583 806
654 649
689 637
2222 1944
741 723
721 631
679 681
2360 1940
757 724
701 662
762 613
2388 1990
876 666
738 633
715 692
2496 2177
1108 559
717 731
748 765
2370 2342
830 749
856 717
747 835
2509 2252
577 1162
719 898
983 688
2510 2255
821 839
927 740
782 925
2962 2152
906 946
859 863
839 893
2813 2274
1174 748
958 812
942 846
2993 2698
1007 941
913 1009
976 976
3332 2628
1074 868
1166 809
973 996
3279 3492
1036 944
1165 935
1008 998
3424 3486
1019 1062
1133 1005
944 1256
1177 1036
1113 1110
1195 1113
1206 1141
1188 1120
1447 970
1445 1004
1210 1135
1230 1144
1397 1082
1202 1226
1072 1442
1455 1090
1268 1203
1330 1171
1308 1459
1366 1230
1705 1008
1291 1510
1313 1369
1367 1337
1722 1223
1544 1240
1491 1294
1225 1779
1443 1414
1460 1399
1493 1506
1316 1542
1468 1430
1556 1596
1526 1406
1481 1467
1540 1781
1415 1551
1723 1296
2314 1245
1765 1458
2147 1299
1581 1786
1921 1524
1732 1697
1873 1757
1802 1646
1678 1772
1914 1730
1885 1622
1648 1948
2129 1688
2051 1606
1796 1913
2183 1659
2149 1702
2226 1676
2021 1814
1877 2079
1753 2145
2164 1896
2059 1937
2056 1966
2208 1881
1994 2030
2115 1984
2172 2008
2116 1994
1909 2233
2174 2035
2210 1925
1829 2344
2244 2037
2045 2178
1910 2347
2418 2108
2121 2148
1936 2348
2234 2333
2074 2238
2263 2099
2214 2400
2230 2254
2640 2001
2382 2302
2118 2447
2498 2160
2612 2237
2425 2216
2456 2322
2677 2284
2405 2349
2555 2270
2573 2406
2492 2353
2180 2652
2622 2427
2629 2316
2494 2407
2720 2385
2527 2403
2662 2325
2479 2657
2429 2495
2488 2469
2506 2662
2838 2227
2521 2481
2721 2482
2241 2915
2593 2609
2894 2433
2652 2593
2713 2536
2448 3215
2635 2645
3307 2198
3333 2752
2918 2466
2804 2562
3377 2719
2869 2610
2997 2548
3193 2890
2717 2799
2885 2637
3039 3067
3170 2505
3406 2395
3491 2705
2836 2825
2932 2737
3716 3031
2423 3435
3022 2731
3486 3420
3064 2808
3287 2629
2999 2870
3107 2812
2923 3008
3539 2534
3375 2648
3546 2547
2815 3297
3080 3061
3454 2811
3205 3074
3378 2980
3460 2920
2982 3465
3204 3352
3330 3365
3469 3243
3537 3190
3328 3431
3519 3233
3218 3508
3655 3085
3733 3427
204405907 736661850
1
sift 92
100 74
175 167
240 196
194 186
261 270
197 185
944 752
356 358
370 363
426 367
959 783
419 392
441 406
450 424
1468 1697
447 461
542 540
466 452
2079 2298
481 463
588 735
475 500
2805 2390
525 536
847 842
566 529
3533 2662
591 569
1279 1557
479 775
671 671
1624 1313
757 676
644 824
1475 1837
741 740
1008 757
1567 1918
754 1117
1036 854
1777 1942
1019 924
985 970
2215 1664
1072 893
1007 1056
2222 1752
1493 898
1455 942
2360 1978
1177 1094
1206 1119
2370 2216
1330 1097
1331 1142
2508 2165
1291 1198
1397 1158
2496 2313
1380 1233
1378 1365
2813 2314
1556 1483
1581 1507
2962 2340
1540 1543
1722 1835
2993 2547
2226 1527
2021 1670
3061 2516
2720 1396
2183 1685
2954 2950
1914 1939
2314 1667
2983 3298
2214 1841
1987 2107
2244 1934
2164 2384
2730 1954
2612 2128
2573 2214
2395 2434
2721 2293
2622 2407
2506 2536
2894 2317
2577 3291
3228 2402
3039 3835
204405907 748678880
1
sift 67
115 96
80 77
17 1286
128 108
184 180
271 247
133 128
233 190
370 389
356 392
255 271
425 376
344 486
426 407
462 440
447 446
736 566
466 450
1210 802
450 475
847 975
481 459
1460 1226
525 530
1624 2004
567 545
2162 2040
632 580
2036 2196
671 665
2271 2283
741 660
2569 1742
644 866
2600 2829
772 857
2360 2160
1008 731
2801 2515
1072 841
2877 2466
1036 926
985 968
2993 2424
1177 934
1330 943
3122 2434
1397 955
1455 947
1378 1276
1556 1392
2187 1149
1722 2075
2021 1823
2174 1782
2214 1880
2244 2198
2612 1983
2720 1910
2894 1847
2622 2134
2573 2242
3109 2181
3614 2066
3377 2262
3039 3088
3716 2568
204405907 756063153
1
sift 266
104 82
11 19
19 23
26 29
115 110
80 52
33 26
36 27
123 100
81 53
42 31
49 35
129 99
91 58
71 47
92 63
182 132
143 105
97 103
169 144
184 161
167 149
232 160
175 141
261 214
197 172
209 185
194 181
344 247
192 236
202 196
297 177
328 266
271 237
240 220
227 231
418 372
356 282
265 221
282 239
441 420
425 344
315 249
312 283
542 575
419 377
314 362
330 336
589 574
426 410
415 389
438 422
736 497
450 442
614 403
466 436
1017 526
481 477
499 524
475 550
847 814
525 504
584 625
566 543
1053 779
591 581
630 607
598 710
943 909
644 742
680 662
654 726
763 1135
577 851
540 942
753 703
1143 1020
757 714
762 716
741 731
1023 1139
748 789
642 898
738 803
1217 1185
876 712
717 838
749 812
1279 1317
906 744
835 768
747 858
1475 1463
782 865
857 766
856 776
1567 1434
713 991
927 761
958 758
1643 1608
985 987
865 901
840 932
1786 1611
1036 938
844 999
1042 856
1777 1842
976 1030
944 1243
1007 1040
2215 1639
1019 1073
1047 1227
1230 1089
2222 1645
1072 1217
1210 1189
1177 1153
2388 1694
1206 1182
1133 1251
1380 1083
1951 2206
1330 1158
1113 1348
1748 951
2360 2072
1291 1206
1369 1137
1195 1288
2036 2422
1397 1143
1353 1180
1520 1106
2565 2180
917 1905
1366 1295
1445 1161
2496 2294
1378 1234
1171 1527
1341 1388
2510 2394
1308 1504
1240 1529
1460 1323
2569 2360
772 2937
1415 1468
1443 1528
2697 2289
1722 1315
1526 1460
1468 1525
2370 2709
1556 1535
1544 1503
1811 1410
2432 2683
2314 1213
1765 1553
1540 1786
2962 2565
1914 1597
1698 1696
1732 1723
2862 2698
2226 1526
1678 1892
1820 1757
2877 2728
1816 1809
1705 1918
1921 1744
3336 2428
2720 1354
2402 1462
2067 1643
2993 2711
1753 2055
2324 1519
1802 1884
2954 3151
2021 1879
2212 1708
2185 1796
3332 2775
2174 1895
2265 1741
2059 1926
3052 3356
1873 2323
1943 2115
1885 2193
3451 3239
2244 1919
2076 1984
1994 2145
3652 3445
2382 1841
2326 1891
1670 2694
2611 1768
2266 1974
1910 2410
1902 2484
2180 2191
2263 2183
2214 2290
2271 2332
2425 2204
2612 2248
2498 2234
2919 1938
2506 2334
2753 2098
2555 2307
2573 2339
2368 2465
2357 2495
2417 2470
1936 3318
2456 2501
3282 2034
2819 2252
2241 2809
2622 2493
2527 2586
2997 2268
2894 2398
3533 1962
2662 2584
2730 2674
2593 2722
2805 2572
2479 3015
2635 2810
2717 2791
2749 2765
2838 2733
3468 2287
2448 3433
3307 2574
2462 3463
3187 2639
2885 2922
3287 2671
3182 2846
3205 2860
3454 2710
3486 2700
2848 3890
3039 3182
3436 3468
3378 3056
3519 3003
3377 3812
3546 2990
3537 3247
3716 3288
3553 3364
3571 3674
3705 3528
3608 3855
204405907 858943217
1
sift 385
68 61
11 14
17 13
425 366
399 384
19 25
115 107
81 63
28 24
441 482
512 495
26 35
184 158
91 82
33 28
1172 1121
609 551
34 33
261 181
135 105
35 40
1243 1113
721 666
42 36
588 301
145 127
40 49
1624 1713
830 809
49 43
542 565
140 133
71 67
1914 1709
821 889
92 73
847 711
167 135
139 100
2021 1833
958 871
133 111
1219 571
175 141
163 134
1753 2374
913 916
195 126
1237 1149
192 171
186 140
2174 1941
1306 940
201 142
1516 1177
198 178
190 206
1195 1045
266 186
1567 1530
297 217
241 204
1367 1098
254 194
1777 1523
364 258
265 201
1491 1510
228 232
1448 2020
356 285
240 231
1544 1717
252 224
1786 1704
419 399
284 213
1580 1832
282 241
2455 1487
447 379
283 243
2045 1645
286 245
2388 1672
450 423
316 212
2116 1644
292 254
2215 1789
466 425
309 257
2230 2206
298 264
2360 1925
475 473
300 273
2405 2179
312 278
2222 2141
481 467
330 267
2521 2431
314 293
2370 2152
525 502
319 308
3608 1949
383 344
2569 2014
577 500
384 374
2804 2565
421 328
2496 2196
591 556
387 393
2625 2819
406 385
2993 2614
566 582
506 303
2594 2878
478 333
3332 3052
632 583
448 378
2918 2622
386 483
3279 3256
644 618
414 456
2776 3142
489 403
3488 3099
587 684
499 508
2982 2950
521 580
3652 3133
757 547
540 575
2727 3533
584 554
748 701
614 532
3378 3330
548 601
876 707
630 541
3454 3418
616 640
1108 607
600 671
641 642
741 858
680 614
715 609
884 760
738 599
717 648
1289 579
727 645
701 688
782 1051
598 855
654 819
1074 825
678 813
733 799
976 937
747 867
859 786
1036 903
865 807
927 824
1008 931
858 899
895 885
973 1027
856 917
923 880
1007 996
942 893
921 926
1174 910
840 1019
900 962
1019 1173
844 1041
1078 909
1177 1102
834 1208
920 1101
1225 1084
944 1255
1133 1049
1298 1057
1245 991
1113 1083
1380 1018
1123 1148
1188 1156
1206 1190
1163 1183
1304 1106
1072 1365
1207 1322
1330 1130
1291 1257
1366 1207
1344 1252
1397 1232
1224 1390
1316 1287
1455 1228
1313 1321
1353 1296
1308 1400
1443 1345
1445 1286
1378 1392
1479 1359
1275 1568
1434 1533
1526 1330
1460 1405
1331 1652
1477 1398
1468 1414
1556 1606
1697 1216
1505 1412
1540 1669
1587 1342
1481 1473
1722 1534
1415 1556
1723 1323
1873 1493
1855 1254
1765 1413
1732 1714
1402 1736
1813 1409
2677 1374
2051 1251
1648 1591
2164 1621
1651 1584
1778 1514
1987 1853
1678 1608
1704 1609
2129 1771
1770 1599
1560 1883
2049 1912
1927 1587
1820 1661
2314 1743
1805 1702
1872 1659
2366 1731
1796 1730
1946 1648
2244 1929
1877 1812
1957 1797
2293 1896
1828 1977
1964 1842
2214 1991
2264 1642
2074 1773
2226 1984
2037 1813
2059 1819
2719 1794
2115 1810
1943 1990
2382 2195
1936 1998
1959 1971
2612 2079
2009 1995
2056 2027
2478 2346
2571 1679
2383 1957
2573 2272
2180 2236
2492 1975
2622 2267
2488 2031
2242 2244
2668 2256
2402 2153
2561 2156
2580 2354
2648 2097
2607 2190
2234 2823
2263 2483
2555 2243
2721 2331
2774 2104
2634 2271
2448 2741
2760 2176
2498 2391
2720 2664
2429 2451
2840 2150
3109 2432
2456 2430
2271 2643
3486 2212
2629 2323
2675 2314
2506 3110
2578 2409
2541 2449
2806 2797
3030 2108
2713 2324
3228 2478
2495 2536
2674 2392
3491 2599
2527 2590
2640 2486
3187 3042
2739 2414
2241 3062
3203 3072
2740 2535
2618 2706
3102 3261
2694 2639
3089 2340
3333 3411
2997 2396
2879 2515
2753 2651
2845 2616
3437 2208
2836 2683
2687 2874
3366 2320
2797 2738
2664 2955
2485 3245
2829 2772
3262 2425
2923 2719
3047 2633
2885 2842
2838 2958
3287 2531
3064 2852
2932 3018
2706 3352
3204 2763
3553 2522
3107 2904
3699 2394
3022 3023
2999 3112
2989 3149
3324 2816
3493 2717
3205 2996
3390 2907
3448 2988
3218 3236
3469 3113
3460 3248
3467 3337
3362 3479
3762 2713
3596 3364
3600 3423
3746 3200
3733 3511
204405907 1242253086
1
sift 1488
68 73
11 14
1 3
53 52
8 10
2 7
94 100
64 78
4 8
92 101
19 23
7 12
115 118
80 83
9 11
123 127
26 34
14 17
129 136
81 92
15 16
152 121
35 41
17 21
184 212
91 98
20 24
158 144
71 79
21 27
178 224
143 122
25 26
212 245
108 112
23 29
261 288
141 129
27 31
294 304
133 151
29 36
256 352
167 188
31 38
309 333
168 197
33 40
304 380
191 202
34 43
357 313
186 220
37 44
328 392
194 222
40 45
347 399
197 229
44 51
344 421
271 254
45 54
378 394
202 253
52 55
370 400
297 331
50 56
372 404
255 251
54 61
355 499
371 398
56 59
334 471
227 264
55 66
437 411
391 403
58 64
405 442
233 280
60 65
445 493
364 446
59 74
415 459
265 290
66 72
446 497
393 417
73 75
434 460
287 388
75 77
412 623
419 481
87 91
471 469
312 339
89 86
433 594
475 485
85 95
551 478
330 377
98 96
417 676
447 521
101 103
487 648
450 522
110 108
615 548
467 520
113 110
634 547
462 573
114 111
563 613
481 562
121 138
535 658
506 597
126 130
588 614
507 625
120 143
636 577
522 591
132 134
736 607
525 603
127 149
578 650
601 611
134 148
786 814
567 683
146 147
717 619
591 691
153 156
850 881
617 708
149 167
669 746
644 690
154 163
847 921
583 855
159 165
761 738
701 704
151 181
873 1016
671 749
161 169
707 820
719 734
162 178
1040 967
748 764
196 152
749 773
598 907
147 201
1023 1076
772 759
179 166
800 865
649 888
166 186
1054 1098
741 824
169 187
767 952
722 844
164 198
1279 1069
754 841
170 191
817 891
856 750
180 180
1068 1241
917 858
163 211
835 879
884 900
173 209
1219 1131
885 923
177 199
791 938
906 970
171 217
1448 1041
876 993
183 196
922 827
1163 779
190 208
1179 1245
1007 1025
189 233
796 956
957 966
203 221
1217 1255
976 1064
220 194
797 961
1025 1021
195 241
1301 1271
1036 1148
204 232
848 917
980 1202
201 242
1325 1244
1056 1246
210 228
857 935
1174 1147
206 237
1258 1543
1019 1347
211 246
798 1354
1097 1259
213 248
1409 1399
1308 1123
214 247
1086 1113
1267 1125
221 235
1446 1507
1272 1153
215 249
1264 1285
1064 1389
218 255
1754 1253
1206 1238
217 258
1210 1344
1177 1495
216 266
1640 1393
1344 1334
236 259
1339 1225
1331 1355
219 277
1406 1660
1341 1394
226 271
1224 1348
1366 1400
240 260
1527 1514
1395 1446
230 279
1569 1171
1466 1345
246 268
1475 1640
1378 1623
241 275
1457 1316
1460 1457
252 276
1547 1656
1239 1839
244 284
1400 1466
1398 1714
293 256
1756 1458
1540 1657
268 281
1335 1551
1539 1563
270 278
1567 1680
1815 1390
272 286
1322 1629
1443 1768
281 282
1755 1587
1581 1658
274 291
1364 1576
1647 1580
286 297
1667 1698
1530 1924
276 307
1393 1548
2049 1499
275 314
2343 1261
1696 1889
284 306
1503 1455
1768 1836
251 376
1835 1637
1722 1881
292 318
1369 1631
1873 1858
283 325
1363 2177
1901 1899
298 320
1526 1606
1431 2602
279 384
1713 1757
2314 1748
302 344
1627 1539
1814 2166
262 424
2138 1431
2035 1945
267 416
1688 1476
2102 1927
313 345
1643 1871
2183 1885
310 354
1702 1529
1992 2050
335 319
1784 1772
2129 1991
308 381
1710 1654
2162 1937
325 362
1781 1831
2204 2183
319 374
1697 1838
1933 2220
327 383
1516 2179
2226 2201
351 360
1741 1879
2180 2048
349 370
1823 1837
2110 2408
360 368
1777 1906
2037 2260
395 334
2036 1722
2244 2350
348 382
1877 1850
2365 2287
320 415
2123 1738
2395 2265
359 379
2084 1799
2382 2339
341 391
1975 2020
2095 2784
332 413
1926 1957
2472 2404
300 489
2077 1989
2448 2441
323 431
2044 1900
2357 2513
342 414
2082 2008
2520 2381
388 385
1807 2143
2462 2463
374 406
2222 2152
2478 2493
432 350
1865 2090
2608 2384
376 410
1965 2831
2612 2418
352 435
1971 2062
2573 2450
383 419
2432 2338
2577 2515
387 425
2031 2022
2561 2559
384 429
2370 2588
2417 2761
377 477
2030 2129
2496 2635
411 438
2360 2739
2806 2467
404 456
2308 1946
2555 2618
407 457
2565 2606
2394 2938
401 464
2133 2207
2234 3270
421 449
2510 2688
2622 2769
406 475
2185 2217
2241 3330
427 458
2697 2569
2759 2672
439 448
2266 2328
2587 2894
414 468
2569 2760
2506 3004
430 515
2595 2070
2721 2787
422 532
2369 3180
2794 2728
458 491
2210 2494
2801 2905
455 495
2695 2796
3614 2583
451 509
2662 2674
2601 3185
449 534
2833 2682
3039 3264
454 528
3084 2360
2885 2886
480 505
2671 2941
3495 2906
494 501
3043 2550
2752 3051
468 526
2522 3243
3115 3488
574 441
2686 2909
3047 2901
476 523
2862 2854
3530 3063
492 525
3124 2626
2324 3768
460 551
2689 3168
3282 3388
469 560
2699 3092
3104 2879
472 556
3164 2696
3486 3316
478 557
2423 3541
2997 3134
496 558
2937 2919
3436 3685
526 531
2877 2987
3119 3029
477 579
2813 3068
3634 3714
473 586
3120 2843
3287 3335
510 555
2954 2998
500 568
3052 3010
3615 3301
515 550
2931 3248
459 624
2871 3288
3553 3404
490 596
3061 3139
533 540
2993 3232
3498 3552
521 567
3122 3120
523 566
3271 2973
3756 3348
499 602
3346 2944
501 608
2814 3484
3682 3703
497 620
3074 3245
524 571
3561 2791
3762 3825
443 723
2983 3491
540 576
3031 3365
508 652
3279 3254
544 580
3177 3255
538 592
3365 3213
539 606
3204 3287
548 599
3336 3309
550 598
3248 3298
597 570
3516 3109
529 636
3696 2951
562 610
3383 3481
546 631
3395 3463
559 627
3332 3644
554 634
3129 3716
608 582
3451 3640
565 632
3055 3810
568 635
3735 3231
619 601
3397 3647
570 649
3488 3633
504 757
3571 3616
575 667
3673 3493
600 645
3459 3738
592 662
3647 3755
590 663
571 679
769 537
599 670
573 689
686 612
624 677
616 685
602 717
641 682
633 695
645 686
642 692
572 765
673 678
531 847
650 709
714 664
623 740
667 696
610 754
607 763
664 720
663 728
680 712
656 743
662 741
630 772
766 665
657 756
655 758
682 736
678 752
605 845
709 742
652 798
738 732
715 760
710 771
711 775
706 797
705 803
693 813
806 733
704 806
553 1077
725 784
653 897
697 835
744 790
622 983
732 802
747 799
737 843
740 866
731 880
771 818
690 960
820 787
720 903
753 862
775 842
729 905
668 1011
762 876
788 834
789 839
814 840
832 826
827 848
829 867
780 915
810 883
759 953
795 906
735 987
869 853
878 852
899 828
839 884
831 899
727 1045
777 973
858 893
902 869
799 971
828 951
851 924
853 928
889 894
947 850
866 932
881 918
842 963
941 875
807 1014
812 999
895 936
844 980
920 916
1045 807
1011 857
934 931
787 1078
1099 796
865 1005
880 1003
843 1044
1003 896
723 1209
931 969
939 972
953 965
942 979
944 981
758 1188
918 1012
864 1065
696 1361
937 994
1012 940
750 1223
963 986
964 998
948 1018
925 1046
990 985
923 1051
1083 902
970 1028
933 1083
992 1026
991 1034
1281 812
961 1070
1004 1053
981 1087
988 1079
1035 1030
965 1107
1010 1061
969 1110
1034 1054
1041 1059
862 1276
1031 1095
1029 1100
1016 1108
1037 1099
1043 1106
1114 1058
954 1221
994 1187
1047 1122
1014 1175
1166 1047
998 1216
1265 996
1042 1181
1096 1116
1190 1066
996 1272
1092 1136
1071 1155
1160 1104
1469 930
1101 1143
1116 1128
1087 1152
1076 1185
1115 1157
1128 1166
1207 1112
1123 1178
1193 1135
1156 1173
1168 1164
1423 1017
966 1470
1111 1232
1158 1190
1125 1227
1185 1182
1131 1235
1192 1186
1203 1183
1186 1194
845 1801
1212 1179
1196 1201
1205 1198
1440 1062
1124 1290
1198 1213
908 1735
1141 1278
1188 1233
1208 1239
1201 1265
1000 1638
1200 1299
1165 1338
1236 1300
1262 1282
1244 1301
1255 1297
1182 1369
1294 1258
1403 1192
1368 1229
1223 1377
1323 1270
1285 1317
1349 1267
1240 1391
1318 1308
1312 1315
1304 1324
1351 1293
1321 1320
1333 1314
1209 1449
1384 1274
1260 1415
1473 1226
1302 1384
1313 1387
1360 1349
1336 1375
1382 1340
1176 1614
1413 1330
1410 1339
1345 1401
1370 1382
1277 1497
1252 1553
1519 1280
1386 1392
1425 1352
1329 1459
1453 1360
1337 1472
1415 1398
1452 1380
1420 1403
1374 1456
1474 1367
1507 1343
1529 1323
1490 1374
1598 1287
1501 1383
1426 1447
1404 1479
1429 1451
1537 1353
1444 1453
1554 1346
1545 1362
1603 1322
1424 1493
1354 1605
1477 1468
1818 1193
1470 1487
1502 1461
1270 1764
1274 1775
1508 1481
1476 1524
1563 1427
1485 1517
1468 1538
1654 1350
1465 1552
1595 1417
1419 1619
1359 1696
1396 1666
1451 1612
1504 1549
1571 1482
1549 1509
1350 1760
1523 1554
1324 1796
1481 1618
1623 1463
1550 1550
1528 1568
1479 1655
1940 1243
1597 1508
1585 1527
1560 1555
1525 1613
1644 1489
1579 1577
1242 1984
1450 1770
2085 1215
1390 1825
1607 1583
1284 1948
1684 1491
1637 1557
1587 1634
1792 1406
1510 1737
1534 1700
1506 1758
1573 1677
1604 1649
1216 2147
1552 1715
1600 1670
1251 2175
1669 1633
1418 1908
1678 1615
1721 1569
1716 1578
1617 1731
1615 1736
1577 1786
1828 1504
1743 1589
1651 1716
1631 1761
1593 1800
1140 2538
1659 1729
1664 1727
1657 1743
1666 1746
1761 1653
1535 1892
1739 1682
1704 1723
1591 1861
1801 1651
1775 1675
1679 1785
1703 1763
1674 1810
1698 1797
1693 1804
1752 1780
1787 1733
1694 1823
1961 1592
1882 1688
1645 1914
1372 2318
2051 1545
1759 1815
1464 2198
1521 2108
1780 1809
1855 1773
1682 1920
1802 1819
1723 1888
1695 1919
1910 1756
1805 1833
1967 1699
1889 1782
1796 1840
1449 2337
2163 1559
1797 1845
1690 1940
1839 1834
1762 1922
1778 1903
1963 1769
1578 2189
1800 1905
2075 1695
1829 1890
1599 2182
2262 1574
2144 1667
1782 1934
1824 1911
1896 1857
1837 1916
1765 1992
1764 1995
1859 1925
1989 1828
1943 1887
1700 2099
1893 1931
1870 1954
1875 1951
1639 2276
1872 1974
1866 1980
1879 1970
1854 2000
1620 2353
2013 1876
1976 1933
1676 2301
1957 1950
1959 1958
1848 2072
1952 1975
1983 1956
1590 2527
2158 1846
1662 2403
2008 1961
1950 2026
2001 1973
1927 2061
2025 1969
2192 1869
1998 2013
1934 2082
1984 2046
2079 1971
1783 2309
2012 2034
1922 2148
2050 2017
2124 1959
2007 2049
2160 1936
2275 1880
1883 2232
2327 1852
2019 2071
1964 2145
1946 2173
1785 2391
1977 2153
1334 3479
2002 2137
2004 2146
2134 2029
2052 2088
1937 2256
2181 2011
2066 2105
2053 2119
2125 2059
2227 1979
2143 2043
2154 2033
2096 2089
2097 2094
1956 2277
2218 2025
2114 2135
2056 2190
2101 2162
2034 2223
2071 2203
2427 1926
2605 1842
2059 2245
1653 2903
2254 2067
2171 2163
2086 2251
1949 2436
1958 2427
1565 3194
2039 2323
2242 2123
2115 2254
2024 2361
2281 2086
1921 2520
2326 2069
2145 2253
2265 2150
2311 2138
2237 2212
2168 2293
2346 2113
2184 2288
2263 2204
2191 2290
2130 2364
2474 2039
1750 2910
2167 2326
2358 2133
2503 2027
2317 2180
2302 2202
2419 2103
2255 2261
2017 2533
2325 2214
2273 2295
2349 2225
2023 2608
2303 2304
2272 2340
2449 2185
2485 2164
2057 2610
2062 2603
2149 2502
2276 2368
2498 2174
2220 2451
2350 2310
2409 2259
2221 2466
2270 2425
2289 2417
2299 2421
1966 2827
1924 2913
2371 2357
2488 2263
2361 2390
2401 2348
2576 2205
2518 2252
2200 2576
2287 2475
2493 2284
2633 2188
2442 2342
2073 2734
2329 2452
2532 2280
2249 2567
2398 2416
2333 2479
2415 2406
2466 2366
2403 2420
2515 2334
2216 2628
2246 2617
2846 2076
2391 2476
2491 2401
2451 2438
2638 2275
3025 2009
1929 3149
2688 2242
2691 2258
2445 2488
2655 2313
2550 2414
2239 2726
2351 2600
2494 2471
2426 2526
1930 3230
2090 2946
2202 2795
2551 2432
2492 2496
2438 2530
2245 2759
2698 2307
2291 2693
2339 2630
2995 2093
2231 2807
2572 2442
2429 2589
2527 2505
2790 2272
2453 2591
2641 2426
2545 2508
3170 2035
2132 2995
2480 2564
2396 2636
2513 2534
2602 2473
2756 2344
2644 2455
2501 2585
3024 2159
2597 2504
2531 2543
2603 2510
2676 2443
2264 2875
2723 2410
2803 2343
2535 2593
2356 2765
2464 2651
2197 3011
2574 2565
2412 2721
2809 2370
2649 2514
2589 2560
2591 2551
2422 2723
2908 2297
2489 2701
2499 2690
3215 2126
2541 2673
2664 2552
2481 2733
2517 2709
2890 2379
2578 2663
2383 2891
2784 2491
2807 2481
3223 2181
2305 3007
2581 2698
2651 2629
2627 2657
2150 3278
2539 2766
2629 2697
2769 2544
2679 2638
2618 2712
2634 2702
2166 3320
2889 2468
2292 3098
2919 2457
2290 3110
2469 2895
2672 2665
2873 2506
2704 2645
2620 2767
2694 2669
2236 3277
2687 2695
2529 2873
2713 2679
2839 2581
2656 2772
2757 2671
2381 3106
2858 2615
2798 2649
2701 2755
2717 2742
2570 2908
2766 2704
2646 2856
2779 2710
2816 2699
3196 2419
2751 2783
2709 2833
2731 2813
2998 2586
2818 2731
3026 2579
2640 2975
2822 2763
3087 2561
2961 2652
2860 2770
2942 2687
2760 2863
2433 3311
2829 2812
3158 2531
2797 2840
2583 3095
3232 2503
2898 2753
2787 2860
2828 2830
2888 2775
2876 2810
2393 3428
2904 2790
2845 2865
2741 2970
2955 2768
2650 3105
2948 2779
2895 2842
2763 2980
2783 2962
2836 2914
2929 2826
2642 3169
3060 2727
3009 2781
2739 3055
2740 3054
2881 2917
3211 2632
3150 2680
3083 2749
2872 2952
2879 2948
3049 2788
3285 2616
2950 2882
3032 2819
3326 2609
3029 2828
3010 2869
2921 2960
2553 3430
2774 3150
2903 3014
3002 2918
2922 3009
2977 2968
2932 3022
3041 2922
2896 3057
3081 2897
2835 3155
3357 2691
2973 3006
3289 2736
2789 3219
3059 2935
2906 3080
2940 3049
3172 2836
3146 2872
3020 2981
2778 3267
3565 2577
2840 3205
2725 3359
2944 3077
2958 3069
3116 2936
3053 3003
3113 2956
3176 2893
3090 2990
2632 3599
3130 2991
3155 2976
3064 3067
3543 2670
3093 3043
2893 3284
2880 3317
3316 2883
3094 3081
2925 3269
3107 3072
3160 3020
3011 3189
3188 3017
3035 3181
3022 3192
3092 3142
3213 3026
3226 3015
3238 3000
2943 3340
2968 3314
2984 3312
3214 3046
3045 3236
3208 3064
3153 3154
3095 3227
3222 3108
2974 3400
3028 3353
3100 3295
2928 3485
3582 2848
3184 3201
3165 3220
3205 3195
3387 3032
3447 2978
3242 3171
3227 3210
3660 2815
3168 3297
3413 3065
2999 3538
3197 3338
3237 3283
3371 3176
2963 3615
3281 3276
3324 3240
3091 3492
3162 3395
3473 3082
2992 3598
3458 3102
3341 3260
3272 3342
3382 3218
3218 3401
2899 3717
3250 3380
3191 3451
3328 3337
3262 3378
3477 3179
3344 3331
3425 3234
3310 3363
3417 3256
3273 3407
3347 3357
3194 3515
3224 3490
3291 3423
2930 3747
3260 3453
3192 3537
3302 3435
3056 3676
3493 3261
3313 3450
3381 3379
3475 3299
3293 3510
3299 3505
3099 3689
3737 2963
3161 3653
3515 3345
3622 3202
3401 3452
3343 3527
3445 3412
3578 3306
3449 3433
3487 3405
3462 3424
3366 3545
3422 3500
3482 3460
3372 3575
3406 3542
3180 3726
3587 3370
3638 3308
3391 3625
3520 3503
3189 3761
3442 3595
3121 3797
3549 3513
3640 3402
3212 3781
3280 3746
3521 3589
3537 3579
3396 3693
3460 3654
3439 3672
3547 3618
3627 3504
3739 3286
3594 3572
3311 3776
3057 3830
3472 3673
3609 3554
3657 3521
3499 3702
3679 3532
3540 3686
3467 3745
3592 3695
3736 3466
3531 3749
3420 3798
3702 3590
3692 3630
3621 3706
3645 3687
3669 3667
3683 3704
3699 3681
3539 3812
3667 3759
3643 3787
3700 3741
3728 3718
3704 3794
3681 3818
3761 3690
3747 3793
3763 3823
204405907 1472528885
1
sift 69
115 90
175 166
1443 913
1812 1333
197 180
261 276
194 188
2875 1963
271 278
370 363
356 379
425 380
441 475
419 392
426 396
542 512
475 375
450 444
588 777
447 470
466 448
847 959
481 467
525 525
1448 1080
567 539
591 558
1567 1803
632 634
558 722
2215 1425
741 680
644 873
2360 1935
671 838
1036 880
2222 2135
1072 889
985 972
2993 2380
1177 1051
1206 1041
3332 2588
1455 929
1530 902
1330 992
1380 1058
1331 1114
1397 1111
1493 1092
1378 1423
1817 1105
1556 1420
1540 1504
1722 1936
2021 1758
2174 1729
2244 1789
2506 1746
2214 1995
2612 2048
2573 2258
2622 2254
2720 2302
2894 2198
2314 3301
3468 2204
3716 2301
3377 2700
204405907 1693986903
1
sift 1526
51 44
11 11
7 7
82 75
68 68
8 8
100 84
64 66
9 10
128 116
80 71
14 16
94 91
91 80
19 17
129 114
104 93
17 19
115 104
135 124
21 21
182 155
140 127
23 23
123 113
143 121
25 22
212 196
144 156
27 25
172 170
167 149
26 27
280 249
175 153
29 29
184 159
191 175
35 33
303 269
197 183
34 37
261 242
194 185
40 35
304 286
271 239
37 41
235 299
364 328
44 43
328 322
356 337
49 45
259 365
403 370
55 49
361 341
370 344
56 54
347 324
425 371
62 51
344 383
418 396
60 57
369 385
399 423
66 56
346 416
419 402
58 60
355 451
426 401
65 61
412 381
391 475
71 64
378 431
447 440
73 72
416 404
441 433
85 77
433 429
450 443
86 78
470 434
466 453
90 79
436 487
481 469
92 82
485 447
507 494
99 87
446 501
475 489
97 92
498 543
525 503
109 94
542 502
479 534
107 99
564 542
545 551
108 102
563 578
558 552
114 112
661 616
566 545
121 111
631 754
591 568
126 118
716 712
692 498
125 125
826 628
617 619
133 120
763 710
671 680
134 129
755 702
644 646
139 136
736 793
659 742
147 133
785 752
757 654
151 142
794 844
741 741
161 137
873 705
713 717
154 141
909 764
772 725
146 162
847 867
748 753
159 150
1002 865
754 811
169 147
972 910
782 761
157 157
919 1012
746 851
166 148
943 963
830 777
176 144
997 957
876 818
160 172
1053 977
906 903
171 154
871 1226
985 908
158 178
974 1119
1008 900
163 169
1023 1076
884 1015
164 168
930 1316
976 960
165 165
1217 1097
1072 995
183 160
1017 1216
917 1018
190 163
1103 1348
1097 1100
179 181
1172 1241
973 987
186 173
1325 1212
1239 1052
173 192
1219 1205
1007 990
195 182
1279 1355
1177 1121
185 189
1293 1362
1019 1034
201 188
1406 1285
1330 1049
189 199
1300 1445
1174 961
247 166
1621 1188
1243 1235
214 208
1547 1272
1064 1086
218 202
1446 1427
1397 1144
215 209
1611 1307
1206 1092
230 203
1320 1677
1273 1295
237 204
1484 1483
1225 1333
217 226
1527 1492
1331 1256
221 223
1516 1501
1108 1534
227 215
1538 1515
1442 1203
224 224
1630 1422
1341 1253
231 219
1355 1806
1380 1265
257 201
1568 1543
1308 1305
236 218
1786 1443
1455 1249
243 211
1567 1656
1344 1326
240 225
2123 1254
1398 1372
241 220
1584 1739
1378 1321
213 246
1712 1675
1551 1437
233 234
1741 1685
1395 1306
244 230
1823 1684
1556 1600
202 298
1777 1665
1459 1405
255 236
1668 2068
1581 1608
265 231
1448 2211
1445 1433
253 241
1975 1736
1540 1645
274 235
1643 1885
1467 1546
279 232
1863 2037
1815 1397
270 240
1692 1996
1646 1596
264 248
2318 1700
1812 1556
272 243
1784 1914
1768 1569
254 260
1835 2204
1289 2331
266 251
1845 1911
1753 1658
258 270
2083 1926
1722 1782
268 259
1781 2017
1696 1724
283 252
1951 2090
1431 2515
275 271
1991 1845
1954 1571
284 262
2032 1983
1873 1880
287 273
2046 1913
1530 2310
292 272
2016 2091
2021 1888
286 274
1713 2401
1901 1960
296 268
2388 1974
2049 1944
298 267
2082 1957
1814 2283
309 277
2384 2046
2035 2000
313 295
2215 1861
1914 2297
321 293
2447 2096
2164 1998
315 308
2036 2030
2183 1994
319 306
2322 2252
2173 2044
314 329
2222 1907
2174 2049
330 312
2615 2055
2244 2006
325 317
2360 2262
2234 1997
322 325
2316 2334
2214 2056
329 321
2510 2137
2226 2035
327 353
2247 2442
2187 2244
342 334
2455 2198
2129 2208
354 336
2912 1901
2250 2226
398 302
2370 2352
2102 2443
359 342
2253 2788
2611 2059
351 345
2431 2299
2612 2080
396 316
2592 2411
2382 2336
357 359
2552 2312
2331 2466
367 352
2432 2622
2496 2390
345 368
2138 2867
2417 2470
353 364
2684 2427
2931 2079
374 348
2569 2449
2478 2419
350 382
2565 2708
2582 2408
377 360
2697 2630
2365 2543
387 356
2258 3292
2314 2839
383 362
2689 2707
2394 2539
431 327
2269 3355
2506 2754
348 414
2877 2554
2622 2339
384 379
2671 2809
2720 2623
409 357
2617 2959
2462 2519
408 377
2344 3372
2721 2675
406 386
2862 2746
2668 2354
404 393
2833 2836
2894 2734
405 391
2962 2692
2577 2550
392 419
3061 2732
2749 2908
438 372
2937 2776
2719 2441
415 395
2954 2843
3109 2636
407 411
2825 3021
2448 2820
410 399
2972 3013
2730 3196
422 389
2993 2910
2556 2712
376 455
3105 3495
3377 2897
572 296
2947 3047
3228 2151
401 421
2983 3730
3333 2939
443 397
3124 2893
2728 3001
428 418
3190 3582
2939 3516
427 437
2865 3290
2759 2998
360 553
3451 3393
3203 3388
460 426
3052 3150
2657 3275
472 424
3345 3612
3279 3331
449 457
3336 3238
3581 2462
462 449
3395 3561
3468 3314
458 465
3122 3520
2806 3482
459 467
3523 3535
3486 3551
497 435
3159 3529
3039 3211
468 478
3516 3546
3716 3581
473 480
3332 3357
3282 3431
471 482
3723 3347
499 464
3431 3300
3436 3345
512 458
3725 3703
454 512
3164 3623
3102 3741
478 495
484 490
3415 3379
496 485
515 470
3459 3542
522 466
523 479
3623 3390
521 481
493 515
3383 3695
590 452
501 529
494 548
510 522
651 441
502 562
528 507
504 567
540 506
535 516
524 533
539 520
508 589
548 517
533 539
557 532
538 555
578 524
455 728
667 491
575 563
608 528
565 577
541 607
619 538
546 606
602 561
568 599
584 588
592 582
562 622
536 651
691 514
622 571
585 610
641 572
616 600
633 611
629 615
664 602
626 645
650 624
642 649
673 617
657 627
645 652
669 625
828 526
598 721
637 686
701 623
745 596
662 668
756 591
697 634
682 656
688 672
600 784
652 724
711 665
678 694
680 700
740 632
683 707
719 670
721 669
729 664
738 675
728 683
694 723
695 730
693 735
855 609
750 677
732 704
653 813
769 673
753 703
747 713
751 718
749 720
926 618
800 698
704 826
715 803
690 848
856 681
762 760
717 807
771 768
775 769
780 775
687 898
857 709
862 708
783 788
607 1033
727 857
811 770
861 731
807 799
880 748
707 936
869 755
899 745
858 778
831 805
805 849
796 852
814 836
789 863
844 816
845 833
839 837
994 722
832 854
878 821
889 810
743 958
797 897
761 943
866 850
835 870
820 892
1092 685
834 878
902 840
848 877
907 846
860 872
969 802
895 868
843 909
920 859
957 832
827 949
925 866
725 1070
888 926
939 887
913 915
849 972
935 906
1009 856
958 902
1046 831
990 876
927 927
923 944
931 934
944 925
1011 888
933 965
1031 904
759 1183
948 973
810 1099
942 981
953 980
980 976
951 988
1001 959
986 975
965 989
922 1023
1004 968
1042 929
1029 950
1035 947
988 986
1037 955
991 999
984 1013
1022 991
921 1073
1176 886
945 1061
1081 970
1078 974
1057 998
956 1105
841 1273
999 1059
1013 1062
1209 923
1071 1011
1082 1016
1216 948
1185 966
1118 1019
924 1264
1193 997
1055 1111
1125 1042
1114 1047
1101 1071
1123 1054
1086 1106
1126 1089
1113 1104
1141 1084
1230 1029
1095 1141
1087 1148
1130 1123
1200 1063
1188 1065
1145 1115
1158 1098
1251 1040
1127 1131
1106 1150
1192 1080
1456 951
1198 1081
1133 1137
1156 1116
1124 1147
1195 1093
1128 1158
1182 1107
1283 1036
1345 1009
1160 1139
1428 985
1236 1087
1203 1127
1202 1130
1277 1066
1270 1069
1207 1128
1240 1109
1372 1026
1210 1133
1215 1145
1288 1094
1196 1175
1208 1167
1232 1154
1165 1227
1260 1171
1213 1198
1244 1195
1274 1177
1262 1187
1285 1181
1275 1194
1144 1343
1171 1325
1252 1242
1337 1161
1284 1223
1319 1193
1305 1210
1313 1221
1348 1191
1510 1091
1404 1169
1304 1250
1402 1178
1302 1260
1591 1058
1310 1289
1414 1224
1266 1381
1366 1263
1135 1551
1408 1234
1360 1281
1371 1270
1309 1342
1316 1346
1369 1298
1376 1317
1415 1290
1367 1340
1386 1330
1444 1274
1180 1581
1619 1146
1451 1280
1473 1262
1391 1341
1178 1610
1351 1400
1466 1294
1323 1434
1523 1246
1876 1043
1400 1363
1393 1369
1544 1244
1364 1419
1479 1309
1384 1407
1460 1338
1470 1337
1748 1125
1162 1713
1425 1396
1453 1376
1419 1408
1321 1528
1324 1526
1468 1389
1509 1351
1622 1269
1705 1189
1502 1391
1626 1271
1312 1588
1246 1704
1361 1552
1504 1430
1449 1489
1552 1375
1539 1390
1526 1411
1368 1577
1481 1464
1565 1388
1677 1276
1505 1459
1804 1201
1625 1365
1281 1744
1507 1496
1427 1570
1575 1431
1580 1428
1655 1353
1613 1406
1545 1471
1590 1436
1550 1482
1528 1502
1818 1239
1560 1481
1512 1542
1549 1508
1880 1233
1617 1455
1447 1643
1578 1506
1535 1544
1583 1523
1627 1465
1340 1779
1343 1789
1610 1521
1508 1626
1381 1780
1802 1350
1674 1453
1563 1578
1491 1666
1585 1591
1645 1540
1629 1557
1396 1813
1595 1617
1443 1797
1983 1284
1657 1562
1599 1636
1600 1639
1704 1538
1593 1664
1917 1377
1950 1357
1474 1852
1669 1620
1765 1537
1697 1584
2399 1165
1678 1625
1264 2296
1597 1726
1651 1674
1673 1647
1701 1618
1703 1624
1682 1651
1457 1968
1615 1757
1750 1614
1717 1635
1648 1738
1723 1634
1782 1599
1833 1568
1695 1682
1730 1669
1572 1893
1529 1949
1778 1642
1762 1655
1477 2067
1603 1871
1751 1680
1739 1709
1623 1886
1658 1823
1736 1723
1783 1673
2307 1339
1685 1800
1759 1755
1851 1683
1882 1672
1829 1717
1785 1751
1857 1702
1853 1729
1680 1930
2143 1532
1875 1737
2017 1622
1690 1936
1848 1762
1813 1802
1937 1698
1800 1833
1949 1695
1870 1767
1819 1810
1905 1743
1837 1796
1994 1657
1883 1775
1708 1963
1865 1793
1859 1799
2324 1469
2454 1403
1872 1794
1921 1748
1721 1958
2076 1627
1805 1874
1961 1719
2050 1653
1934 1770
1972 1735
1946 1763
1910 1801
1932 1786
1916 1805
1688 2095
1797 1941
1956 1785
1992 1747
1926 1835
1923 1838
1795 1971
1877 1909
1997 1764
1893 1895
2066 1730
1943 1863
1959 1832
2044 1753
1796 2029
2192 1660
1933 1882
1909 1916
1607 2388
1912 1929
2547 1486
1842 2003
1980 1867
1452 2791
2147 1728
2034 1808
2149 1731
1920 1951
1927 1945
1801 2126
2001 1881
2063 1829
1807 2135
2086 1843
2118 1819
1553 2676
1945 2011
2004 1947
1929 2062
1957 2020
2178 1816
1766 2305
1743 2332
1963 2026
2059 1931
2246 1776
2056 1935
2007 1980
2098 1906
1831 2219
1885 2172
2039 1966
2052 1964
2013 2012
2137 1917
1984 2092
2074 1993
1977 2106
2177 1915
2037 2053
2525 1671
2031 2064
2125 1985
2190 1933
2171 1965
2020 2114
2216 1948
2114 2060
1925 2282
2030 2140
2175 1991
1964 2227
1492 3244
2097 2089
2210 1978
1896 2358
2313 1890
2055 2144
2268 1939
2162 2058
1904 2386
2570 1756
2024 2240
2115 2141
2152 2119
2237 2040
2221 2072
2068 2225
2264 2022
2185 2116
2298 2004
2437 1896
2071 2256
2202 2121
2326 1992
2167 2148
2157 2173
2323 2008
2159 2182
2263 2075
2299 2042
2128 2235
2011 2369
2266 2081
2289 2071
2154 2224
2291 2086
2181 2213
2180 2214
2121 2279
2012 2405
2045 2373
2249 2179
2311 2115
2106 2356
2141 2321
2023 2465
2303 2152
2241 2242
2193 2288
2191 2293
2351 2123
2278 2216
2272 2233
2330 2180
2230 2306
2327 2196
2255 2290
2133 2434
2350 2192
2079 2505
2273 2276
2200 2375
2375 2176
2346 2210
2410 2146
2259 2317
2252 2341
2368 2212
2117 2502
2391 2215
2484 2129
2442 2178
2374 2247
2900 1826
2468 2156
3088 1745
2254 2392
2008 2710
2271 2377
2292 2367
2105 2606
1952 2854
2425 2254
2286 2399
2349 2355
2422 2285
2957 1875
2472 2265
2245 2503
2429 2303
2353 2374
2284 2456
1973 2894
2446 2302
2357 2400
2430 2340
2451 2324
2501 2275
2406 2364
1936 3049
2733 2078
2627 2186
2220 2607
2236 2583
2227 2599
2054 2859
2494 2349
2555 2284
2502 2353
1889 3259
2476 2380
2239 2650
2338 2530
2725 2161
2595 2307
2551 2363
2690 2232
2762 2164
2541 2381
2905 2063
2898 2083
2482 2450
2456 2480
2281 2689
2438 2507
2515 2438
2372 2584
2403 2572
2396 2587
2755 2257
2319 2700
2527 2473
2491 2512
2485 2525
2452 2561
2489 2534
2466 2564
2578 2451
2383 2658
2685 2362
2445 2596
2593 2453
2910 2168
2591 2459
2517 2531
2581 2474
2529 2527
2605 2469
2144 3057
2480 2597
2629 2464
2640 2458
2057 3242
2261 2901
2354 2799
2620 2510
2828 2326
2158 3128
3261 2032
2648 2536
2539 2662
2840 2371
2642 2558
2618 2588
2412 2841
2628 2603
2888 2370
2814 2430
2692 2547
2504 2777
2600 2667
2470 2823
2603 2670
2699 2560
3474 1986
2545 2744
2345 2989
2047 3544
2672 2604
2780 2499
2713 2575
2488 2856
2669 2628
2521 2824
2664 2651
2305 3121
2757 2552
2072 3555
2531 2821
2775 2542
2727 2595
2464 2911
2694 2626
2561 2810
2607 2775
2625 2770
2797 2549
2416 3005
2687 2680
2929 2460
2682 2715
2739 2629
2709 2690
2636 2808
2572 2862
2837 2570
3012 2414
3368 2184
2845 2573
2663 2794
2675 2787
2679 2796
2634 2852
2823 2620
2424 3118
2717 2759
2686 2798
2880 2582
2804 2660
2751 2725
2785 2679
2810 2666
2803 2696
2801 2714
2778 2739
2449 3186
2678 2882
2928 2612
2879 2673
2893 2655
2752 2819
3250 2384
2829 2753
2652 2971
3110 2496
2766 2831
2973 2611
2492 3214
2897 2701
2895 2702
2731 2875
2860 2767
2798 2826
2650 3029
2760 2881
2985 2647
2219 3693
2869 2790
2932 2720
2602 3130
2774 2888
3046 2619
3022 2637
2653 3080
2997 2697
2342 3558
3173 2540
2498 3333
2964 2751
3358 2429
2544 3283
2836 2883
2835 2896
3617 2261
2769 2987
2723 3063
2979 2785
3121 2653
2325 3669
2904 2861
3287 2533
2974 2812
3085 2727
2597 3321
2978 2834
3501 2402
3167 2631
2587 3340
3353 2513
2838 2991
3266 2578
2698 3193
2953 2874
3092 2769
2548 3452
3064 2803
2906 2955
2922 2940
2815 3084
2918 2957
2741 3181
3155 2737
3033 2850
2940 2942
3097 2805
2955 2925
3200 2703
2977 2902
3349 2590
3000 2884
3138 2782
2885 3042
2873 3067
2915 3010
2872 3077
3254 2688
3002 2915
2790 3183
3028 2903
2944 3016
3455 2568
2950 3038
2773 3267
2943 3065
3080 2933
2870 3171
3107 2904
3090 2949
2876 3187
3035 2995
3277 2792
3104 2948
3029 3009
2748 3394
3053 3003
3041 3030
2992 3086
3143 2927
3404 2749
3214 2906
3017 3127
3011 3134
3335 2842
3290 2864
2982 3198
3099 3078
2807 3441
2831 3412
3238 2928
3018 3165
3278 2914
2812 3474
3094 3119
2861 3417
3081 3143
3056 3175
3032 3205
3310 2921
3051 3188
3010 3246
3205 3043
3237 2997
3281 2982
3293 2972
3306 2965
2921 3389
3240 3035
3496 2815
3093 3226
3412 2890
3247 3052
3083 3251
3030 3306
2903 3486
3373 2968
3095 3265
3388 2977
3179 3173
3432 2929
3312 3055
3024 3377
3210 3156
2958 3470
3562 2844
3113 3284
3207 3161
3313 3076
3150 3241
3132 3277
3242 3137
3302 3092
2990 3459
3168 3248
3224 3213
3089 3378
3291 3145
3273 3155
3510 2932
3177 3272
3521 2937
3078 3436
3197 3296
3181 3316
3390 3096
2920 3628
3117 3407
3025 3531
3359 3154
2981 3591
3129 3427
3003 3587
2881 3713
3445 3110
3418 3135
3289 3288
3189 3404
3330 3299
3188 3448
3318 3318
3317 3341
2999 3686
3464 3185
3232 3464
3473 3199
3183 3522
3285 3439
3399 3315
3316 3421
3360 3382
3422 3313
3413 3322
3275 3480
3256 3500
3165 3584
3416 3326
3657 3037
3347 3413
3469 3278
3342 3453
3324 3473
3533 3239
3299 3513
3328 3477
3307 3505
3344 3472
3218 3610
3471 3364
3272 3579
3515 3342
3397 3488
3628 3215
3460 3428
3586 3301
3430 3478
3467 3440
3542 3392
3632 3269
3537 3399
3525 3418
3587 3359
3211 3712
3406 3554
3372 3609
3595 3375
3579 3398
3454 3545
3356 3637
3505 3502
3574 3465
3597 3432
3442 3608
3520 3540
3482 3577
3594 3499
3477 3618
3531 3589
3609 3534
3629 3509
3631 3515
3553 3634
3695 3430
3578 3622
3621 3559
3560 3659
3546 3673
3568 3663
3423 3760
3057 3798
3687 3547
3615 3641
3616 3660
3646 3631
3681 3615
3472 3783
3499 3786
3676 3683
3737 3564
3707 3647
3746 3658
3721 3738
3733 3708
204405907 1911602604
1
sift 613
68 81
11 15
8 8
80 82
30 34
13 13
104 103
81 87
14 19
79 88
44 37
19 32
184 181
91 108
24 33
140 170
49 50
26 39
261 217
135 133
35 44
167 160
48 52
37 43
588 338
138 151
43 49
175 177
137 148
40 54
418 511
143 198
50 57
198 200
240 242
54 59
441 478
194 205
61 72
297 268
314 281
60 80
542 559
356 299
66 85
364 311
322 334
56 89
1017 454
399 357
73 86
371 398
577 364
71 92
847 759
419 412
85 105
450 426
512 469
92 95
1172 1022
466 409
86 116
475 457
499 548
98 113
943 1453
447 436
105 114
481 501
540 483
109 110
1448 1047
525 521
126 134
632 562
609 535
133 140
1516 1103
566 634
132 157
591 617
587 699
134 168
1237 1504
644 623
159 156
757 607
721 576
151 161
755 3109
748 604
154 165
659 804
680 638
163 162
1567 1282
1108 514
169 163
671 784
694 712
162 167
1777 1688
741 814
161 175
884 731
738 676
149 185
1643 1915
830 782
147 194
885 770
921 772
186 173
2388 1733
876 809
177 189
772 939
881 824
201 180
2215 1898
821 930
216 179
976 819
902 883
215 197
2455 1802
1036 851
190 221
1074 842
844 972
218 207
2360 1889
906 994
266 212
1008 937
762 1216
252 222
2222 2040
1007 992
241 227
1072 1159
944 1115
227 254
2569 1882
1174 983
269 225
1019 1279
1368 908
265 230
2496 2012
1177 1112
284 232
1206 1100
1195 1079
286 236
2500 2064
1344 1168
272 263
1239 1270
1106 1446
281 274
2321 2245
1380 1247
285 273
1331 1474
1544 1093
282 278
2370 2535
1308 1408
319 262
1378 1427
1367 1299
298 290
2962 2121
1459 1258
300 302
1455 1376
1198 1704
309 305
2993 2776
1411 1594
330 286
1873 1349
1909 1095
325 304
3074 3287
1330 1914
401 333
1811 1624
1468 1437
384 355
3279 3344
1732 1695
383 360
2049 1663
1415 1569
387 386
3652 3021
2366 1509
439 332
2021 1789
2045 1546
408 362
3488 3516
1914 2237
374 414
2164 1961
1580 2087
448 344
2174 2028
506 324
2183 2051
1875 1972
508 328
2612 1832
478 341
2214 2316
2118 1900
406 417
2226 2196
430 424
2506 2255
3608 1387
386 492
2478 2228
458 453
2417 2461
2405 1987
468 442
2668 2144
489 448
2573 2325
2338 2101
492 466
2622 2204
524 459
2244 2777
2263 2180
546 450
2448 2558
472 566
2095 3080
2230 2235
496 558
2677 2422
562 512
2806 2479
2646 2019
521 586
2577 2528
600 491
2749 2543
2368 2276
538 571
2721 2579
645 488
2631 3563
2625 2234
607 507
3228 3047
608 513
3486 3217
2531 2350
584 555
3468 3269
522 639
2578 2369
630 526
548 643
2494 2488
616 582
561 644
2456 2539
569 632
614 596
2527 2522
575 655
673 584
2079 3248
717 554
571 703
2652 2568
776 533
737 585
2773 2554
650 687
641 702
2593 2928
657 700
689 674
2839 2691
706 678
701 684
3375 2310
727 656
654 735
2634 2950
610 802
664 756
2804 2768
682 754
663 826
2982 2707
740 738
732 752
3378 2440
715 771
679 858
2769 3005
842 721
788 766
2776 3024
771 799
747 847
2918 2913
820 807
954 742
3330 2686
859 806
814 890
2521 3574
865 855
807 914
3064 3075
735 998
825 903
3107 3088
879 870
834 902
3205 3094
858 892
831 922
3469 2910
896 918
923 912
2989 3429
1205 737
795 1043
3053 3458
840 995
899 953
3390 3201
942 916
1020 868
3493 3336
940 949
1166 794
3736 3329
1447 728
920 1056
957 1018
1453 768
1078 956
1095 957
1210 886
1099 982
1083 1017
965 1163
1494 836
1156 1011
889 1351
1163 1010
1196 1000
1153 1073
1125 1102
1208 1080
1321 1002
1160 1120
1135 1165
1123 1195
1090 1232
1188 1152
1186 1160
1207 1149
1240 1194
1304 1151
1302 1209
1260 1267
1366 1169
1336 1199
1236 1301
1313 1243
1410 1175
1520 1116
1623 1070
1254 1455
1353 1343
1587 1164
1329 1402
1285 1487
1443 1316
1460 1372
2019 1027
1526 1332
1436 1476
1382 1524
1479 1472
1528 1440
1647 1326
2051 1107
1564 1451
1824 1241
1678 1353
1505 1566
1694 1361
1933 1227
1560 1565
1828 1310
1723 1399
1855 1294
1535 1610
1354 1801
1549 1612
1402 1784
1927 1295
1591 1605
1770 1447
1659 1580
1978 1304
1759 1500
1651 1634
2013 1390
1822 1543
1949 1479
1883 1528
1796 1593
2053 1400
1698 1673
1606 1785
1224 2443
1657 1734
2197 1322
1804 1607
1893 1573
1704 1730
2180 1394
2050 1488
1827 1667
1851 1655
1778 1712
1800 1700
1765 1747
2412 1308
1872 1722
1602 2075
1615 2068
1946 1680
1490 2273
1943 1717
2067 1628
1837 1821
1819 1844
1805 1877
1721 2062
1829 1929
2454 1516
1964 1836
1959 1840
2242 1662
1762 2103
2264 1650
1877 1994
1857 2058
1957 1949
2191 1804
2126 1874
2059 1950
2056 1965
2571 1627
2162 1884
2074 1963
2004 2066
2168 1916
2052 2045
2122 1967
2265 1847
2276 1864
2007 2154
2100 2084
2034 2124
2131 2056
1782 2457
1937 2315
1637 2841
2383 1892
2513 1798
2488 1853
2218 2097
2221 2109
2017 2363
2561 1956
3025 1702
2491 2038
2251 2262
2167 2395
2774 1888
2434 2175
2492 2129
2302 2328
2485 2181
2607 2114
2620 2137
2254 2476
2391 2357
2438 2337
2329 2430
2884 2067
2589 2292
2731 2193
2535 2352
1992 3011
2445 2470
2555 2382
2787 2206
2664 2308
2501 2468
2317 2652
2498 2567
3030 2148
2680 2423
2541 2582
2484 2696
2985 2268
3498 1978
3165 2190
2944 2334
2752 2493
2339 2963
2629 2634
2374 2944
3232 2201
2739 2581
2755 2570
2940 2413
2618 2713
2576 2755
2451 2925
2694 2643
2784 2563
3286 2238
2950 2481
2231 3348
2714 2725
2481 3032
2903 2594
2997 2521
2923 2593
2241 3437
3097 2483
2829 2687
3095 2496
2836 2717
2845 2709
3191 2452
2879 2726
3089 2576
3010 2624
2885 2737
2777 2851
2977 2661
2973 2671
2840 2856
3448 2408
2783 2967
3366 2542
2614 3327
2692 3228
3553 2433
3104 2787
3017 2868
3204 2766
3262 2719
3060 2946
3699 2455
2797 3330
2717 3444
3153 2971
2869 3311
2932 3242
3154 2993
3324 2903
3212 3038
2984 3387
3059 3320
3022 3370
3242 3227
3028 3447
3430 3073
3362 3224
3762 2613
3121 3514
3604 3110
3450 3321
3277 3482
3359 3417
3224 3535
3303 3492
3600 3256
3326 3496
3655 3199
3285 3545
3396 3476
3425 3470
3505 3412
3520 3411
3537 3459
3460 3531
3467 3560
3704 3376
3413 3587
3733 3528
3746 3520
204405907 2009681629
1
sift 509
1 3
55 77
9 7
20 19
14 18
101 100
31 46
25 28
27 33
102 139
40 53
34 51
50 67
153 182
114 117
58 70
60 76
214 258
125 167
66 78
126 149
217 275
158 155
132 146
121 162
351 336
166 195
146 157
134 174
337 352
163 224
149 186
155 190
405 433
186 241
180 176
151 213
415 455
215 242
164 234
177 222
422 648
207 273
189 238
206 271
550 603
227 263
221 256
258 270
559 624
216 369
272 286
274 307
572 666
298 334
284 302
292 312
578 665
312 343
325 348
309 367
592 683
327 350
359 368
330 382
526 1000
342 451
349 374
374 393
669 763
387 413
383 392
384 431
791 717
404 465
439 408
401 449
707 833
385 489
427 435
458 417
761 933
431 537
492 442
496 498
817 865
469 518
477 512
515 485
797 940
521 536
468 529
472 534
857 929
539 541
449 682
510 608
1004 1113
538 588
562 568
524 612
1262 1313
665 500
478 760
522 632
1473 1235
548 593
546 662
717 514
1264 1615
600 629
568 660
571 679
1400 1612
641 726
565 738
598 772
1425 1751
701 745
616 747
662 721
1537 1649
715 789
610 785
650 752
1348 1918
719 815
645 778
664 758
1627 1766
732 816
602 843
682 773
1617 1873
678 907
673 794
709 776
1710 1802
688 923
776 762
747 810
1950 1876
652 1040
720 919
945 737
1866 1965
783 1108
727 921
775 855
1585 2350
858 1030
753 892
788 857
1868 2115
942 1003
829 831
814 841
1926 2195
880 1067
950 808
879 854
2031 2172
899 1118
832 898
875 866
1984 2255
1087 1189
789 964
807 989
2551 1844
947 1462
920 873
889 911
2030 2396
1078 1232
934 874
831 975
1807 2883
1071 1307
953 860
795 1095
2097 2627
1128 1262
961 932
957 974
2266 2434
1240 1434
895 1044
996 988
2237 2705
1321 1411
951 1059
925 1093
2325 2620
1252 1598
1020 1058
1012 1083
2220 2790
1337 1476
1025 1080
1166 979
2572 2672
1381 1452
965 1202
1094 1062
2544 2798
1402 1467
980 1201
1016 1146
2342 3132
1224 1757
1042 1180
991 1285
2464 3002
1366 1642
998 1273
933 1402
2809 2646
1460 1697
1233 1060
1156 1136
2642 3042
1647 1512
1083 1251
1090 1249
2751 3173
1599 1551
1096 1263
1203 1173
3018 2991
1481 1765
1160 1228
1185 1224
3238 2930
1539 1707
1255 1159
1194 1238
2860 3470
1587 1676
1125 1335
1186 1270
2915 3586
1485 1816
1236 1261
1323 1161
3011 3599
1933 1393
1208 1319
1196 1347
2650 4107
1528 1790
1141 1464
1351 1216
3571 3273
1526 1821
1188 1401
1229 1372
3177 3755
1391 1980
1285 1366
1234 1448
3272 3844
1604 1753
1349 1317
1302 1436
3381 3828
1674 1854
1404 1354
1417 1343
1649 1922
1637 1192
1304 1533
1615 1984
1601 1250
1370 1502
1506 2229
1359 1517
1426 1475
2051 1684
1444 1473
1336 1580
1697 2050
1360 1562
1312 1622
1936 1908
1382 1623
1470 1665
1796 2053
1178 2054
1560 1605
1877 2030
1510 1706
1629 1668
1927 2019
1508 1834
1704 1594
2134 1898
1354 2034
1721 1630
1645 2495
1525 1914
1895 1525
1631 2551
1479 1971
1690 1714
2197 1968
1778 1655
1600 1893
2242 1947
2014 1496
1739 1747
2019 2133
1759 1758
1651 1901
1959 2258
2085 1504
2139 1488
2632 1783
1420 2287
1782 1815
2121 2175
1657 2035
1829 1867
2056 2269
1717 1982
1763 1975
1964 2400
1535 2300
1703 2093
2180 2216
1708 2126
1694 2234
2241 2198
1800 2109
1837 2105
1952 2623
1872 2100
1805 2212
2037 2499
1583 2636
1723 2348
2488 2224
1824 2279
1879 2305
2041 2743
1998 2168
1795 2449
2149 2651
2074 2145
1957 2283
2492 2498
2007 2254
2052 2208
2698 2337
1937 2384
2067 2250
2514 2698
1893 2475
1922 2479
2453 2857
2114 2265
2025 2369
2780 2549
2004 2386
2311 2154
2618 2784
1977 2507
2145 2339
2555 2901
2125 2379
2059 2444
2629 2882
2302 2209
2054 2472
2239 3481
2218 2367
2535 2094
2264 3552
2039 2563
2115 2501
2799 2879
1883 2830
2429 2184
2324 3662
2254 2465
2445 2302
3060 2723
2273 2446
2167 2573
2752 3161
2515 2308
2353 2438
2822 3090
2466 2358
2873 2068
2815 3172
2422 2457
2255 2703
2674 3432
2351 2585
2350 2591
2818 3332
2066 2962
2304 2748
2885 3418
2202 2867
2024 3239
3324 3128
2398 2718
2904 2306
2940 3805
2221 2983
2326 2846
3204 3526
2610 2570
2491 2735
3402 3363
2602 2641
2591 2649
2997 3847
2603 2660
2651 2682
2929 3955
2664 2667
2589 2839
3218 3703
2246 3343
3083 2427
3237 3716
2880 2582
3002 2502
3028 3972
2489 3054
2481 3074
3287 3787
2757 2774
2783 2836
3344 3807
3232 2478
2807 2863
3366 4011
2474 3403
2829 2941
3693 3727
2784 2988
3049 2772
3667 4078
2236 3908
2848 3070
3762 3968
3017 2894
2836 3192
2620 3546
2723 3362
2763 3328
2526 3738
3010 3048
3369 2789
3080 3062
2948 3232
2581 3814
2709 3593
2468 3978
2872 3396
3262 2938
2932 3314
2893 3408
3316 2978
2562 3957
2648 3854
3313 3015
3020 3389
2846 3634
3009 3414
2977 3553
2676 3999
3093 3462
2999 3585
2974 3623
3113 3466
2922 3701
3059 3537
2906 3740
3407 3140
2950 3696
3242 3355
3493 3118
3094 3582
2981 3776
3153 3560
3184 3532
3293 3528
3341 3494
2944 3946
3183 3697
3355 3665
3285 3743
3477 3568
3224 3878
3417 3737
3347 3852
3540 3651
3476 3757
3250 3989
3425 4050
3683 4005
3621 4118
3645 4180
3761 4179
204405907 2046133546
1
sift 475
184 172
475 395
14 11
15 16
89 64
20 17
542 588
447 461
24 20
35 33
86 113
37 31
1567 1490
591 679
50 51
71 84
186 182
54 56
1516 1853
644 670
60 68
92 94
268 266
56 74
1777 1630
748 638
66 77
133 141
237 309
98 91
1858 1801
772 823
112 105
163 189
506 375
109 125
1643 2088
1206 1246
121 140
227 263
600 491
126 139
2222 2126
1344 1242
127 154
282 293
538 610
146 137
2370 2522
1341 1320
151 161
312 325
630 552
154 164
3648 2780
1378 1677
162 160
330 318
665 693
161 167
3279 3186
2049 1568
149 176
309 350
673 724
169 171
3332 3716
1901 1686
164 187
387 363
747 813
206 169
1732 1832
177 196
384 371
859 805
201 206
2102 1670
195 219
421 379
834 920
222 183
2366 1763
236 184
462 412
933 835
216 221
1954 2530
218 246
414 546
881 974
266 238
1768 2828
241 267
522 675
840 1069
252 287
2612 1998
272 281
717 653
957 1025
284 272
2183 2477
270 288
641 729
1026 1039
281 316
1987 2728
298 320
701 681
980 1129
292 343
2806 1993
349 291
719 696
1194 1055
325 328
2478 2250
359 370
598 881
1160 1131
367 373
2462 2463
439 332
678 744
1188 1219
342 411
2226 2842
397 367
856 723
1042 1555
401 369
2573 2574
383 393
940 1010
1588 1058
427 352
2577 2616
374 414
942 1028
1073 1541
408 386
3591 2447
320 502
899 1117
1304 1309
458 365
3486 2914
406 445
947 1184
1384 1341
404 458
3436 3781
478 396
1078 1018
1386 1582
386 544
468 434
1599 982
1443 1620
430 510
492 456
1240 1241
1479 1692
533 439
562 428
1210 1362
1802 1424
496 512
524 469
1366 1393
1545 1849
511 500
550 476
2051 1132
1723 1769
546 503
714 426
1460 1581
1703 1871
494 664
443 770
1647 1451
1637 1982
515 661
521 652
1539 1671
1927 1897
645 526
602 564
1933 1369
2004 2157
599 583
652 575
2242 1301
2608 2058
776 531
682 651
1804 1597
2466 2309
616 722
657 694
1615 1788
2419 2379
650 709
571 833
1796 1704
3087 2041
813 605
610 848
1520 2100
3013 2086
820 680
882 666
2056 2011
2603 2418
732 779
633 966
1959 2175
3356 1924
771 810
738 874
2241 1938
2578 2659
829 769
788 847
2162 2090
2555 2685
832 820
814 880
2121 2159
2541 2907
879 932
807 1100
2424 1925
3498 2181
923 970
1020 903
2488 2078
3090 2546
880 1061
920 1050
2357 2444
2798 2778
995 1024
963 1084
2492 2427
2836 2739
1099 934
1166 895
2823 2218
2885 2957
1083 1086
1101 1077
2317 2718
2879 3072
965 1262
1087 1102
1915 3390
3029 3015
1114 1115
1447 904
2271 2856
3366 2893
1204 1063
1128 1125
2629 2735
3064 3214
889 1496
1111 1150
2713 2832
2869 3474
954 1403
1207 1097
2752 2849
3553 2814
1156 1154
1229 1164
2801 2940
2997 3381
1139 1247
1125 1285
2815 3205
3256 3166
1196 1212
1473 1022
3204 2958
3205 3254
1208 1209
1186 1272
2687 3583
3287 3220
1244 1250
1014 1629
3000 3237
3762 2671
948 1760
1252 1331
3359 2993
1274 1312
1142 1519
2717 3697
1270 1435
1623 1156
3218 3210
1426 1293
1313 1404
3450 3263
1453 1286
1236 1533
3119 3578
2096 956
1425 1366
3655 3294
1329 1484
1285 1543
1573 1305
1370 1530
1420 1485
1260 1675
1415 1503
1521 1421
1351 1612
1550 1486
1502 1540
1560 1491
1678 1420
1528 1598
1382 1781
1505 1682
1178 2177
1694 1542
1391 1856
1824 1494
1525 1762
1704 1600
1669 1662
1759 1617
1649 1718
2197 1323
1591 1827
1651 1810
1444 2087
1778 1706
1535 1946
1657 1818
1739 1741
1733 1780
2053 1626
1918 1712
2025 1655
1859 1766
1829 1805
1828 1831
1895 1817
1838 1927
2145 1728
1893 1911
1957 1887
1872 1999
1799 2095
2122 1820
2398 1673
1800 2154
1782 2239
1848 2222
2067 1967
2012 2012
2052 1996
2074 1992
1964 2130
1883 2280
1805 2403
2400 1829
1937 2287
2168 2036
2412 1870
1946 2319
2202 2042
2115 2132
2584 1828
2255 2055
2059 2285
1854 2558
2236 2129
2485 1991
2576 1941
2191 2273
2114 2382
2263 2233
2383 2124
2034 2480
2491 2037
2302 2224
2218 2318
1949 2627
1762 2964
1920 2755
2304 2332
2311 2336
2192 2533
2125 2632
2452 2334
2291 2486
1977 2915
2426 2488
2333 2608
2350 2595
2451 2515
2445 2539
2535 2495
2589 2489
2665 2434
2618 2526
2240 2959
2158 3102
2731 2459
2374 2812
2948 2346
2781 2491
2602 2696
2498 2802
2787 2531
2893 2469
2620 2759
2614 2784
2489 2935
2785 2619
2950 2554
2895 2613
2944 2594
3326 2349
2751 2783
2922 2657
3194 2482
2574 3058
3165 2509
3010 2622
3286 2453
2739 2932
2481 3285
2829 2868
3095 2709
2968 2853
2692 3199
2783 3079
3262 2648
3191 2725
3017 2882
2880 3042
3092 2851
2706 3393
3215 2854
3146 2918
2992 3100
2973 3137
2904 3274
3060 3133
3479 2752
3154 3039
3113 3126
2977 3267
3196 3103
3153 3204
3448 3018
2896 3641
3515 3136
3487 3211
3341 3424
3604 3233
3093 3704
3442 3571
3537 3502
3407 3619
3425 3608
204405907 2080441786
1
sift 102
60 68
222 178
66 66
374 376
85 77
236 196
126 126
657 741
149 160
310 393
162 152
771 999
151 167
359 322
154 164
879 1233
177 185
565 729
203 168
831 1343
272 279
655 744
325 315
1099 1068
401 377
832 780
496 384
1125 1465
458 460
775 920
524 518
1236 1460
460 685
788 925
546 721
1336 1682
645 723
995 1137
602 786
1704 1708
571 924
996 1505
610 894
2052 2551
662 848
1186 1332
709 995
2491 2713
664 1237
965 1785
897 883
2521 3177
880 975
1141 1716
1020 1152
2739 3214
934 1378
1382 2090
1083 1216
3181 3750
1426 1276
1895 1626
1208 1566
3349 3921
1420 1961
1824 1704
1444 1948
1694 1782
1657 1951
1733 1907
2571 1404
1782 2152
1837 2110
2025 1973
1893 2146
1872 2422
2007 2311
2254 2215
2168 2363
2114 2569
2350 2872
2255 2400
1977 3275
2489 2967
2304 2896
2422 3053
2958 2956
2766 2884
2690 3423
2974 3203
2830 3251
3017 3238
2977 3398
2968 3616
3476 3047
3094 3461
3059 3881
2914 4045
3627 3680
3425 4038
3621 3876
3616 3970
