2046133546 2080441786
1
sift 454
4 7
58 53
40 38
18 17
43 36
67 59
77 66
47 43
52 58
68 68
88 77
69 50
65 67
91 70
109 97
102 84
103 89
157 162
118 95
105 103
124 102
208 130
145 98
131 128
136 111
184 196
137 113
142 117
130 123
202 181
147 110
199 156
139 126
224 187
152 142
203 180
159 146
370 322
160 152
185 207
181 138
373 459
162 163
214 190
161 167
456 439
179 191
222 204
232 209
466 627
280 278
205 264
231 220
576 690
327 331
245 216
255 245
820 780
365 305
258 237
274 228
847 925
369 377
261 239
246 277
855 1061
398 532
283 234
267 251
988 979
427 543
286 260
303 274
1012 1073
569 440
321 290
306 313
1107 1052
469 518
324 301
344 342
1024 1137
645 554
359 348
355 362
1062 1149
503 721
354 397
394 424
900 1437
526 723
423 404
425 408
1203 1366
564 786
432 434
386 507
1272 1332
685 685
480 454
602 429
1291 1416
676 868
558 474
520 501
1282 1445
736 809
465 602
522 526
1287 1603
975 719
665 485
521 644
1262 1785
707 995
502 668
580 587
1374 1657
735 926
630 535
481 730
1493 1703
768 902
577 636
592 641
1530 1697
839 879
567 667
519 749
1519 1715
848 894
586 689
606 712
1720 1669
833 924
598 738
568 759
1817 1626
828 966
627 708
643 702
1949 1542
836 1082
587 760
657 704
1655 1973
959 1022
626 739
650 737
1818 1951
903 1152
684 746
694 741
2246 1721
1106 1014
682 766
689 757
1781 2090
991 1117
695 762
812 693
1859 2088
1330 848
785 716
619 914
2371 1812
1009 1116
712 847
783 779
1707 2558
824 1493
766 800
702 887
2239 2152
844 1467
733 849
752 828
1956 2504
1030 1260
894 748
876 792
1962 2577
1086 1216
778 878
801 864
2007 2568
1293 1276
831 863
837 884
2346 2406
1057 1625
788 946
810 999
2382 2569
1375 1229
853 942
827 984
2489 2655
1496 1201
896 962
830 1064
2580 2859
1310 1382
922 976
971 930
2595 2872
1574 1214
934 1068
743 1337
2663 3047
1209 1566
963 1054
924 1132
2935 2967
1212 1731
962 1109
1053 1042
3466 2931
1524 1643
960 1141
1073 1029
2835 3781
1547 1640
927 1205
956 1181
3140 3548
1617 1618
967 1170
985 1144
3267 3398
1554 1717
1128 1035
846 1365
3136 3776
1542 1782
932 1269
996 1230
3464 3494
1428 1956
1088 1153
1196 1048
3592 3569
1667 1751
1141 1168
1120 1193
1485 1961
1116 1208
1226 1108
1294 2310
1000 1411
1087 1299
1472 2174
1005 1488
1181 1253
1802 1771
1167 1279
1201 1235
2040 1543
1385 1186
1257 1308
1753 1936
1319 1293
1182 1507
1779 1908
1328 1327
1381 1311
1930 1810
1364 1354
1285 1465
1857 1905
1357 1420
1392 1401
1834 1941
1345 1483
1533 1460
2087 1948
1532 1474
1587 1400
1927 2109
1484 1516
1491 1552
1784 2360
1443 1607
1425 1638
1762 2452
1527 1591
1715 1379
2224 2070
1199 2001
1498 1687
2049 2325
1467 1727
1318 1883
1999 2422
1816 1373
1506 1737
2035 2362
1605 1631
1698 1539
2055 2400
1596 1664
1271 2049
2391 2057
1600 1708
1487 1844
2189 2531
1864 1490
1651 1758
2287 2625
1402 2009
1666 1753
2242 2751
1585 1890
1907 1555
2334 2691
1557 1933
1940 1637
2453 2565
1442 2236
1703 1884
1983 3243
1739 1874
1457 2331
2607 2552
1785 1901
2002 1855
2332 2896
2254 1724
1851 2017
3253 2187
1665 2409
1885 2014
2377 3304
1754 2304
1771 2332
2678 2941
1891 2172
1964 2092
2503 3215
1944 2173
1986 2169
2460 3336
2394 1912
1904 2414
2264 3901
2081 2208
2185 2140
2816 3235
2047 2329
2084 2299
2725 3374
2010 2421
2142 2336
2708 3389
1996 2551
2112 2416
2867 3251
1772 2951
1950 2710
2882 3238
2021 2638
2238 2393
2593 3707
2037 2713
2177 2534
2692 3541
2012 2773
2123 2725
2915 3275
2106 2746
2266 2639
3126 3269
2195 2741
2340 2596
2853 3616
2271 2709
2451 2591
2624 3924
2363 2732
2446 2679
3041 3614
2154 3012
2330 2854
3099 3593
3091 2164
2098 3193
3200 3524
2862 2368
3360 2112
3233 3756
2366 3015
2409 2988
3469 3625
2896 2555
2435 3003
3424 3771
2981 2589
2753 2769
3261 3982
2297 3353
2785 2880
3708 3637
2494 3257
2743 2999
3608 4038
2670 3108
2912 2958
3740 4072
2677 3199
3255 2766
2563 3464
2860 3139
2742 3352
2898 3198
2699 3487
2750 3411
2932 3214
2937 3280
3059 3218
2688 3710
3004 3307
3156 3166
2924 3427
3001 3341
2906 3471
3050 3323
2857 3603
2967 3465
3383 3082
2965 3515
3045 3415
2891 3641
2806 3777
3202 3326
3245 3309
3234 3330
3264 3358
3273 3421
3111 3642
2614 4076
3396 3434
3318 3632
3733 3159
3446 3601
3353 3773
3442 3690
3649 3491
3239 3989
3521 3749
3325 4002
3314 4058
3703 3764
3594 3919
3561 4012
