536394572 971269144
1
sift 532
16 7
97 91
35 18
42 27
52 38
158 137
109 103
73 63
76 57
187 169
116 111
82 60
90 58
218 186
127 118
85 64
94 82
207 208
143 115
99 85
105 70
230 204
138 136
122 76
137 157
259 227
180 178
168 143
181 146
243 250
176 203
213 170
182 190
320 280
208 238
212 199
209 213
364 298
354 277
219 211
229 210
369 305
356 326
283 188
305 217
420 387
301 394
285 267
258 308
493 383
404 363
302 287
343 274
500 485
442 376
350 275
328 293
570 467
483 344
374 270
335 292
553 491
446 397
349 311
378 282
604 553
496 389
398 303
329 365
620 555
484 420
437 288
412 325
623 581
581 535
426 313
413 330
691 530
548 571
418 336
409 360
634 576
664 520
443 333
439 371
653 566
688 505
441 416
457 400
630 600
717 509
455 470
492 436
692 602
760 551
494 439
479 455
836 501
697 635
559 423
547 440
650 660
754 611
474 529
551 475
742 612
668 699
663 421
515 568
810 569
796 627
580 514
535 563
652 697
857 609
639 550
667 537
727 654
802 667
707 498
638 626
632 782
882 704
733 577
715 595
738 685
850 742
726 605
673 655
799 684
892 730
781 587
739 624
846 670
916 738
772 620
605 797
793 719
900 761
785 628
736 683
875 715
918 786
861 610
826 658
994 764
970 768
774 696
812 679
921 845
871 858
763 717
804 689
985 836
910 853
874 675
898 668
1059 780
974 813
801 722
811 723
1078 847
1142 827
1004 649
953 676
1128 831
1172 881
835 749
904 726
1194 785
1124 934
939 745
944 777
1320 773
1012 1042
924 823
934 828
1343 818
1251 896
1007 793
982 826
1094 1000
1313 907
990 824
1029 811
1197 958
1246 987
1036 815
1058 794
1204 1102
1310 977
1032 841
933 921
1301 1037
1157 1213
1248 727
1009 884
1371 1063
1405 1047
981 909
1099 908
1382 1081
1410 1059
1184 885
1228 903
1416 1104
1421 1161
1425 877
1381 891
1378 1139
1375 1184
1131 1099
1401 915
1431 1113
1388 1229
1457 899
1455 955
1365 1190
1352 1271
1482 976
1326 1091
1487 1207
1332 1299
1300 1111
1494 1008
1526 1185
1649 1070
1387 1069
1191 1276
1346 1332
1549 1157
1358 1114
1471 1052
1605 1131
1681 1074
1311 1173
1318 1199
1467 1285
1651 1176
1488 1087
1473 1096
1486 1327
1433 1363
1785 936
1364 1194
1570 1288
1819 1073
1568 1082
1528 1140
1603 1253
1536 1295
1347 1308
1512 1219
1662 1244
1584 1322
1534 1215
1517 1238
1652 1256
1623 1317
1560 1200
1413 1355
1743 1208
1610 1404
1493 1298
1578 1230
1665 1313
1816 1293
1585 1234
1495 1320
1721 1286
1746 1483
1550 1280
1613 1227
1782 1361
2273 1212
1580 1284
1638 1240
1737 1560
1671 1608
1768 1167
1664 1246
1881 1469
1943 1408
1563 1345
1602 1305
1845 1505
1841 1498
1598 1354
1689 1316
2064 1456
2011 1426
1725 1341
1398 1649
1868 1596
1958 1458
1474 1620
1771 1349
2068 1510
1984 1455
1696 1407
1778 1366
1729 1891
1925 1490
1878 1296
1772 1385
1980 1650
1940 1522
2148 1191
1732 1427
1957 1729
2227 1389
1723 1447
1800 1436
2042 1695
2019 1572
1747 1503
1822 1432
2069 1728
1989 1678
1745 1540
1950 1415
2124 1775
1876 1810
1795 1528
2317 1251
2212 1711
2230 1558
1991 1412
2140 1356
2117 1796
2256 1542
1805 1549
1860 1511
2275 1744
2175 1829
1912 1484
1985 1448
2255 1859
2587 1527
1766 1635
1956 1501
2363 1736
2591 1532
2357 1300
2197 1403
2247 1944
2414 1707
2017 1494
1885 1645
2347 1994
2446 1787
1802 1727
2048 1564
2510 1901
2572 1692
2249 1468
1932 1672
2162 2226
2382 1903
1848 1776
2037 1639
2780 1811
2557 1750
1807 1863
2120 1588
2813 1809
2166 2153
1948 1719
1683 2065
2902 1765
2412 1950
2259 1520
2107 1631
2399 2152
2517 1830
2141 1618
2232 1568
2979 1772
2495 1918
1744 2018
2284 1535
2419 2180
2580 1847
1924 1922
2409 1506
2472 2167
2302 2202
2105 1742
1971 1866
2637 2064
2626 2009
2112 1751
2271 1648
2662 2073
3104 1785
2368 1586
2053 1910
2830 1998
2631 2102
2331 1670
2341 1693
2508 2209
2581 2174
2355 1683
2465 1623
2629 2144
2457 2359
2325 1748
1910 2124
2634 2253
2760 2118
2423 1662
2372 1715
2673 2236
2526 2338
2092 2053
2329 1902
2868 2192
2951 2261
2199 2029
2143 2147
2742 2304
3025 2314
2401 1920
2129 2176
2558 2509
3002 2427
2295 2026
2348 1986
2685 2354
2967 2480
2475 1879
2683 1717
2989 2164
2905 2605
2575 1815
2511 1943
2972 2188
2799 2799
2358 2088
2574 1919
2861 2264
2826 2780
2033 2504
2529 1987
3266 2011
3178 2472
2471 2039
2461 2101
2807 2388
3159 2601
2726 1914
2346 2233
2595 2632
3144 2625
2667 1968
2962 1786
2816 2413
3273 2650
2564 2080
2609 2067
2656 2576
2559 2114
2504 2190
2899 2361
2771 2043
2753 2066
3111 2316
2716 2091
2596 2210
2819 2597
2549 2252
2669 2166
3031 2467
2880 2040
3163 1911
2729 2727
2985 2027
2919 2079
2888 2603
2728 2240
3030 2078
3079 2477
2687 2303
2803 2219
2623 2930
2627 2383
2527 2518
3171 2555
2775 2287
2548 2513
3046 2847
2605 2462
2732 2339
3153 2761
2478 2643
2903 2237
3166 2741
2863 2271
2722 2381
2960 2250
2503 2735
2829 2441
2883 2401
3198 2151
2840 2450
2810 2503
2787 2546
2796 2592
2890 2553
2874 2619
2646 2855
2917 2596
2715 2838
2964 2608
3108 2516
3067 2570
3114 2529
2847 2809
3216 2470
3097 2633
2974 2753
2897 2835
3275 2405
3092 2725
3222 2563
3132 2710
3001 2900
3251 2622
3137 2879
3139 2944
3278 2905
536394572 1139800839
1
sift 408
49 46
77 81
24 23
57 60
58 68
101 101
110 112
114 131
210 199
123 154
108 152
116 148
280 309
120 215
131 151
115 202
262 376
172 194
125 170
137 175
362 392
189 188
139 173
164 171
461 477
232 234
149 190
152 201
458 624
221 250
180 191
194 248
485 592
241 232
223 243
244 275
538 576
326 330
278 281
421 241
609 579
454 302
301 328
386 278
610 699
367 422
273 389
293 375
746 697
429 505
353 345
321 382
843 779
525 458
298 408
357 363
784 833
475 518
339 410
350 469
925 773
528 670
457 424
446 444
1075 969
545 693
574 381
459 433
1090 1005
803 485
460 460
442 517
1098 1038
641 721
529 434
466 486
1067 1146
675 732
484 493
502 488
1155 1064
681 745
483 533
423 651
1249 1221
723 706
544 476
507 561
1286 1202
786 677
581 534
605 527
1314 1230
679 821
488 638
548 587
1406 1279
702 822
506 636
601 607
1294 1477
740 818
616 601
573 655
1263 1554
854 742
688 632
779 653
1327 1481
800 825
732 772
717 806
1483 1352
829 828
750 769
757 758
1377 1586
849 856
754 854
859 765
1506 1514
909 799
817 798
777 860
1292 1758
894 875
796 826
910 759
1562 1568
988 817
882 794
802 907
1383 2105
963 886
791 929
840 928
1566 1861
969 938
871 897
899 867
1798 1691
929 1086
664 1268
853 978
1789 2052
917 1107
1028 905
768 1245
2177 1906
1034 1022
892 1052
1001 954
2192 1918
992 1067
863 1116
841 1256
1938 2225
1019 1102
857 1241
1062 1004
2146 2026
1033 1100
964 1177
978 1186
2128 2122
1079 1078
1031 1106
916 1339
2133 2208
1048 1152
1053 1113
851 1498
2171 2315
901 1414
918 1401
1269 975
2018 2586
1060 1225
1185 1095
1071 1227
2290 2285
1092 1201
1188 1110
1113 1199
2731 1948
1221 1218
1172 1203
1276 1085
2467 2234
1220 1307
1332 1097
1217 1229
2279 2480
1213 1375
1203 1263
1177 1299
2277 2523
1629 1024
1180 1306
1255 1232
2370 2418
1291 1311
1230 1283
1187 1335
2403 2375
1339 1402
1176 1364
1158 1395
2293 2563
1267 1536
1142 1436
1212 1363
2442 2445
1360 1459
1124 1550
1246 1407
2384 2545
1238 1663
1206 1463
1275 1369
2351 2608
1542 1350
1202 1515
1299 1377
2361 2648
1478 1513
1375 1357
1576 1220
2375 2699
1500 1533
1456 1320
1305 1470
2160 3104
1386 1702
1399 1373
1333 1491
2297 2944
1559 1577
1395 1447
1433 1429
2814 2413
1475 1841
1410 1526
1352 1601
2486 2776
1441 2041
1558 1433
1539 1476
2497 2757
1503 2045
1110 2182
1561 1472
2835 2672
1655 1899
1104 2266
1598 1478
2585 3042
1676 1880
1450 1639
1426 1675
2582 3130
1724 1823
1207 2159
1583 1541
2530 3210
1806 1901
1490 1665
1513 1662
2949 3122
1527 2494
1876 1362
1545 1655
2958 3144
1693 2190
1518 1746
1720 1529
3005 3173
1861 2027
1390 1954
1549 1770
3062 3118
1886 2006
1617 1699
1804 1543
3033 3404
1837 2087
1712 1615
1611 1784
1945 2023
1601 1821
1774 1641
1915 2061
1623 1850
1536 2043
1761 2373
1773 1672
1691 1804
1742 2541
1681 1876
2166 1517
1711 2631
1719 1912
1733 1911
2213 1991
1730 1928
1577 2181
2036 2264
1927 1837
1763 2086
2267 2035
1799 2064
1715 2252
2074 2296
1911 1996
1821 2100
1928 2467
1827 2152
2318 1666
2083 2302
1670 2547
1671 2737
2051 2322
1791 2496
2022 2244
2440 1963
2046 2215
1943 2347
2130 2333
1888 2474
2784 1661
1787 2862
2026 2394
1940 2535
2152 2367
2444 1973
2256 2214
2099 2469
2144 2342
2283 2206
2165 2448
2245 2326
2053 2566
2366 2240
2013 2641
2122 2478
2155 2644
2123 2533
2327 2310
2182 2609
2136 2658
2417 2297
2322 2646
1809 3286
1816 3280
2231 2810
2135 2773
2416 2355
2458 2707
2294 2531
2698 2112
2501 2902
2524 2314
2388 2578
2833 2747
2292 2728
2379 2626
2483 3234
2953 2081
2581 2365
2746 2919
2300 2841
2345 2814
2853 3006
2338 2865
2471 2678
2769 3160
2250 3094
2306 2985
2690 3320
2579 2592
2528 2675
2895 3138
2556 2690
2414 2926
3191 2852
2517 2788
2940 2399
3125 2970
2611 3034
2663 2950
2761 3390
2490 3256
2706 2968
3154 3258
2631 3111
2538 3247
2826 2980
2791 3126
2837 3119
2715 3251
2649 3376
3026 3012
2991 3120
2905 3222
3110 3063
2934 3235
2897 3383
2904 3394
536394572 1339724796
1
sift 63
123 193
460 743
189 266
197 316
757 819
221 304
475 539
732 1033
528 812
545 915
840 954
585 899
681 838
1028 1219
641 936
723 873
1212 1369
800 877
740 971
1539 1633
830 929
909 952
1269 2092
1033 939
1093 968
1821 2190
988 1162
992 1220
2144 2121
1092 1100
1034 1303
2318 2014
1019 1386
1238 1099
2013 2594
1050 1384
1291 1389
2380 2660
1267 1457
1339 1388
2528 2571
1213 1556
1060 1867
1475 1568
1655 1705
1315 2461
1559 2083
1674 2068
1724 2060
1862 2129
2036 2106
1676 2591
1761 2753
2366 2221
2074 2552
2182 2468
2099 2843
2130 2852
2541 2775
2845 2905
3154 2861
3125 3056
2678 3436
536394572 1475597139
1
sift 180
191 578
50 146
26 57
31 116
210 639
77 260
57 186
101 322
226 634
136 310
96 442
109 349
392 797
123 439
110 462
139 377
485 1195
189 538
126 490
137 463
610 1318
197 520
179 437
152 537
746 1423
206 545
173 551
193 591
756 1762
365 730
289 684
271 809
1014 1960
429 780
276 826
288 911
1068 1967
454 1239
295 923
321 905
1303 2392
545 1244
296 1150
386 861
1407 2294
641 1418
350 1057
393 1029
1249 2675
563 1758
353 1259
431 1147
1294 2731
681 1363
459 1107
434 1253
1377 3067
702 1416
455 1209
498 1191
1634 2741
588 1962
499 1439
527 1442
1626 3155
740 1519
462 1867
561 1378
1383 3733
723 1819
503 1618
531 1550
1751 3645
908 1511
477 1777
550 1612
2896 3736
735 2054
590 1465
614 1392
800 1911
600 1453
619 1420
901 1743
573 1715
615 1608
829 2028
539 2017
605 1752
788 2243
591 1789
529 2186
854 2047
543 2134
644 1798
978 2064
606 2043
601 2117
1060 1878
782 1443
663 1958
988 2197
766 1677
781 1613
969 2360
616 2469
608 2557
963 2408
777 1767
779 1801
1033 2414
806 1957
953 1610
1071 2278
841 1887
757 2268
992 2608
911 1745
731 2474
1034 2759
864 1920
851 1966
1093 2547
844 2258
858 2337
1591 1733
840 2431
859 2438
917 3655
949 2234
853 2659
1222 2436
952 2347
1028 2298
1112 2745
1120 2011
1029 2406
1048 3109
873 3134
1142 2272
1113 2841
1202 2131
964 3062
1315 2455
1042 3202
1176 2702
1220 2752
1072 3137
1230 2618
1403 2633
982 3695
1144 3192
1288 3269
1166 3133
1118 3469
1441 2932
1062 3646
1277 2957
1360 3196
1187 3392
1375 2706
1527 3045
1322 3005
1177 3634
1386 3620
1332 3056
1276 3366
1478 3504
1311 3316
1269 3600
1928 3439
1442 3183
1549 2993
1495 3396
1651 2944
1636 3250
1691 3150
1771 3697
1953 3627
2256 3681
536394572 1738048405
1
sift 121
42 32
845 571
98 70
349 250
212 215
2596 1844
219 240
639 548
305 211
285 306
673 585
343 289
335 291
804 594
378 274
437 286
898 634
413 302
418 323
812 700
426 317
412 339
1805 509
547 392
494 438
1032 834
707 384
535 522
1063 891
733 463
667 544
1473 924
743 504
739 588
1488 944
826 532
772 591
1517 1183
785 658
904 608
1534 1273
811 661
763 851
1493 1368
884 751
1036 687
1800 1764
1009 736
990 771
2105 1700
1099 803
1228 879
2232 1629
1358 902
1401 957
2299 1870
1457 1112
1568 1064
2605 1877
1563 1158
1585 1192
2771 2028
1638 1156
1413 1427
2461 2626
1580 1289
1822 1089
2803 2349
1578 1336
2104 1090
2863 2318
1664 1432
1613 1464
3275 2403
2017 1335
2260 1284
2840 2927
1848 1520
2317 1324
3181 2777
2223 1431
1991 1525
2197 1453
2037 1590
2401 1423
1744 1965
2002 1826
2284 1727
2271 1802
2348 1723
2341 1785
2465 1673
2140 1997
2728 1517
2199 1963
2325 1874
2529 1715
2358 1889
2355 2078
2112 2344
2669 1824
2504 2110
3074 1810
2552 2192
2696 2094
2687 2123
2732 2107
2985 2000
2753 2157
2903 2177
2775 2263
2668 2373
2646 2415
2923 2246
2960 2236
3123 2226
2964 2347
2874 2426
2890 2506
3108 2617
2796 2932
