72750703 122593339
1
sift 53
63 37
85 138
302 317
106 112
105 159
113 160
1467 389
133 139
205 186
154 178
171 269
263 206
215 234
327 279
355 366
377 252
242 466
307 449
280 444
316 448
506 492
312 681
384 559
698 786
599 424
423 567
974 683
400 758
474 696
915 884
443 773
853 542
1069 610
1522 511
887 820
1723 515
1339 728
1291 1101
1177 1315
1548 1076
1550 1331
2209 1084
1865 1281
1401 1678
2055 1314
2643 1271
2324 1446
2706 1393
2612 1464
2652 1504
2570 1665
2432 1748
2818 1759
72750703 2119627969
1
sift 80
63 40
58 119
85 160
105 177
113 186
133 189
205 218
154 205
264 142
327 327
304 143
292 180
393 604
216 292
261 235
506 565
197 449
239 389
698 868
674 193
242 461
974 649
377 321
280 520
1315 585
743 255
316 456
1130 657
298 527
312 623
915 830
384 503
612 380
1483 617
572 441
423 568
1431 1226
599 468
895 398
2136 1630
443 681
400 788
2774 1481
588 742
474 974
836 720
1234 564
1516 569
1215 680
1069 759
1122 745
887 925
1254 719
2328 511
2474 540
1339 900
1590 824
1291 1058
1177 1228
1722 935
2506 895
1260 1475
1550 1264
1865 1140
1548 1321
1736 1284
2055 1154
1808 1295
1519 1707
2000 1423
1940 1485
1814 1685
2324 1411
2089 1600
2026 1748
2652 1384
2612 1401
2675 1387
2432 1554
2818 1555
