736661850 748678880
1
sift 357
178 216
27 40
31 25
34 29
215 220
36 34
283 289
152 150
29 38
1319 1256
305 256
42 36
366 295
255 243
49 48
1949 1164
331 302
50 56
486 490
321 341
65 74
2455 2319
371 358
70 72
653 625
326 373
66 85
3334 2869
434 488
78 76
656 627
476 497
72 83
576 528
75 86
709 669
567 527
91 102
616 582
110 94
1037 916
584 565
112 97
585 662
113 114
1038 1007
822 760
102 141
655 595
130 107
991 1113
925 734
133 133
835 640
153 177
1474 1285
966 1012
160 179
817 674
167 195
1570 1379
968 1035
175 194
1212 1028
179 196
2106 1147
1181 1019
186 197
1195 1121
262 200
1758 1711
1178 1087
209 238
1311 1106
205 267
2079 1889
1269 1133
294 270
1389 1240
297 286
2027 1988
1298 1134
304 299
1294 1378
353 255
2560 2523
2001 913
284 384
1366 1322
355 354
3269 2824
1727 1003
377 368
1409 1746
358 392
3585 3025
1402 1442
363 389
1503 1947
372 380
3821 2908
1428 1443
367 407
1877 1727
343 478
1290 1665
513 336
1921 1731
427 404
1542 1383
432 433
1965 1865
412 469
2266 2170
460 439
1802 2222
452 450
2595 1990
523 393
2264 1933
424 475
2468 2121
461 446
2156 2159
463 459
2338 2312
546 432
2540 1946
475 508
2347 2368
497 502
2164 2405
536 530
2606 2415
545 525
2989 2955
528 545
3693 2436
569 529
3292 3482
571 533
3231 3021
600 612
3742 3456
725 557
3609 2802
669 630
3552 3541
624 667
3587 3127
750 556
3814 3531
724 598
3240 3421
671 665
3875 3487
740 660
3102 3539
748 694
744 699
3743 3250
774 676
806 666
3715 3446
807 672
845 663
3762 3479
757 731
779 753
721 833
1164 608
867 763
778 872
879 794
846 836
913 789
824 866
986 729
893 841
854 926
894 890
978 820
952 840
842 975
942 947
989 928
988 931
901 1026
970 968
1221 857
1094 934
1097 943
1158 955
990 1139
1144 1027
1058 1126
1266 1011
1227 1059
1039 1238
1359 1000
1207 1094
1289 1070
1197 1135
1043 1366
1154 1257
1377 1198
1416 1208
1365 1276
1255 1421
1270 1433
1423 1251
1198 1608
1429 1331
1631 1153
1445 1324
1193 1640
1650 1163
1483 1392
1983 1062
1591 1273
1595 1288
1146 1852
1438 1477
1623 1298
1524 1424
1495 1504
1464 1539
1440 1624
1475 1603
1505 1574
1508 1578
1739 1376
1518 1618
1550 1661
1892 1389
1577 1741
1502 1881
1733 1595
1808 1544
1954 1452
1543 1827
1465 1996
1736 1637
1812 1600
1665 1747
2069 1500
1633 1860
1670 1823
1730 1745
2088 1507
2397 1295
1755 1758
1728 1794
1994 1629
2103 1562
1873 1769
1809 1910
2489 1414
1841 1880
1788 1973
2017 1763
1971 1825
2037 1810
2038 1817
2137 1753
1835 2075
1779 2156
2536 1610
2176 1909
2128 1983
1978 2160
2162 1969
2016 2144
2232 1922
2135 2046
2215 1959
2316 1848
2248 1962
2387 1824
2207 2068
2292 1981
2247 2130
2379 2060
2290 2165
2214 2242
2549 1938
2388 2119
2225 2292
2140 2390
2526 2029
2407 2134
2405 2140
2469 2092
2190 2394
2604 2023
2478 2124
2313 2295
2126 2490
2294 2318
2447 2217
2413 2246
2774 2032
2436 2258
2503 2232
2332 2381
2401 2314
2571 2251
2777 2151
1992 3138
2664 2213
2622 2268
2616 2335
2547 2424
2599 2403
2355 2818
2275 3103
2578 2512
2627 2649
2815 2538
3148 2419
3721 2307
3005 2554
2820 2772
3271 2535
2672 3024
2887 2848
2757 2987
2868 2881
3298 2615
3160 2714
3062 2791
3182 2744
2867 2973
3040 2886
2574 3345
2409 3537
3027 3079
2836 3203
3197 2977
2684 3361
3428 2844
2906 3193
3521 2871
3140 3192
2901 3335
3647 2978
3504 3105
3608 3089
3690 3197
3835 3088
3403 3459
3532 3444
3776 3288
3319 3558
3729 3439
3623 3519
3920 3286
736661850 756063153
1
sift 353
225 212
81 67
20 34
89 75
254 197
67 66
366 361
191 228
76 82
88 88
255 238
109 105
656 651
215 202
120 117
175 167
290 241
167 141
709 680
248 248
184 173
179 188
344 296
196 220
843 685
338 327
209 198
251 222
472 401
270 214
1038 1015
375 310
263 255
303 483
451 528
282 288
1468 1966
371 390
308 297
380 433
545 594
358 282
2079 1700
554 495
329 365
609 509
584 579
340 356
2027 2161
616 698
372 373
607 517
803 713
392 377
2391 3025
648 1023
367 410
566 686
838 893
432 380
822 971
406 420
669 736
1039 939
385 450
781 1117
412 435
684 753
1027 1052
424 442
925 1392
452 436
999 770
1354 974
463 477
1181 1082
592 424
883 960
1385 989
536 504
1195 1266
500 550
1043 807
1124 1479
502 551
1178 1419
528 544
907 1026
1408 1422
583 526
1212 1394
549 558
1164 1279
1538 1330
540 575
1290 1365
569 581
1416 1301
2667 931
603 621
1389 1414
568 687
1409 1456
1330 1722
649 652
1431 1438
736 574
1366 1600
2082 1262
693 650
1485 1544
676 714
1516 1622
1568 1663
677 716
1453 1682
645 757
1865 1371
1782 1583
697 711
1503 1830
769 665
1495 1960
1638 1706
744 727
1816 1771
740 731
1846 1885
1736 1778
783 759
1764 1844
824 742
1950 1845
2007 1801
725 908
1921 1941
842 814
2086 1772
1840 1989
721 1020
1876 1998
839 871
1820 2054
1971 2097
972 779
1976 2335
841 909
1936 1990
2043 2296
791 983
2266 2164
894 886
2036 2244
1864 2661
854 938
2468 2223
846 984
2289 2333
2297 2233
898 945
2606 2538
879 968
2156 2517
2397 2131
752 1243
2483 2820
959 975
2207 2647
2512 2127
970 987
2494 2889
1150 868
2164 2798
2730 2260
889 1114
3106 2746
806 1403
2350 2599
3349 2099
893 1217
3876 2472
1056 1040
2459 2799
2740 2502
1302 920
2989 3024
1087 1066
2521 2797
3010 2406
1520 918
3609 2737
1094 1153
2414 3009
3140 2616
953 1396
3800 3147
1097 1158
2532 2913
3005 2759
1322 1029
3762 3756
1233 1083
3027 2623
2637 3091
1158 1143
3551 3941
1016 1310
2604 2932
3403 3073
1119 1182
3815 3778
1093 1226
2810 2997
2815 3903
1083 1246
1174 1196
3325 3040
3877 3884
1242 1147
1198 1206
3197 3281
1065 1381
1497 1049
3761 3592
1011 1512
1151 1307
3643 3797
1288 1221
1234 1391
1396 1354
1418 1339
1262 1516
1155 1727
1154 1743
1666 1214
1470 1441
1482 1536
1518 1524
1527 1526
1509 1605
1835 1315
1545 1576
1653 1504
1640 1523
1480 1723
1697 1525
1550 1667
1837 1463
1668 1617
1918 1434
1554 1728
1664 1639
1611 1693
1543 1786
1549 1871
1752 1645
1984 1543
1939 1597
1665 1836
1633 1903
1670 1879
1890 1749
1779 1877
2085 1666
1773 1992
1726 2146
1992 1935
1359 3184
1978 2072
1841 2290
1931 2237
1873 2300
1683 2583
2159 2055
1980 2310
2114 2226
2128 2248
1991 2387
1872 2523
2016 2376
2140 2298
2696 1787
1821 2694
2522 2000
2214 2339
2135 2461
2290 2284
2022 2588
2662 1962
2313 2294
2088 2556
2413 2206
2475 2180
2137 2594
2316 2399
2196 2586
2589 2232
2176 2692
2252 2587
2365 2464
2294 2550
2536 2334
2216 2709
2340 2565
2407 2493
2390 2572
3322 2117
2687 2361
2428 2554
2703 2419
3582 2091
2379 2735
2571 2540
2197 3230
2343 2888
3405 2289
2547 2711
2436 2963
2562 2860
2890 2606
2616 2919
2747 2830
2298 3791
2549 3148
3193 2682
3789 2431
3085 2783
3164 2750
2784 2987
2798 3018
2820 3128
3398 2817
3242 2904
2901 3134
2527 3826
2949 3152
3785 2667
2772 3567
2860 3430
3550 2959
3159 3273
3397 3180
2836 3821
2664 3949
3690 3041
3351 3709
3858 3016
3404 3828
3835 3182
3651 3860
3729 3783
3819 3758
3780 3855
736661850 858943217
1
sift 88
131 123
340 367
783 872
184 178
358 285
432 381
1640 1136
392 399
583 282
406 482
1234 1671
412 432
424 423
549 471
2390 2566
452 425
463 467
721 1121
2765 2431
500 473
536 502
934 1417
528 581
569 556
1174 1388
676 547
697 706
1665 1768
824 618
842 711
1633 1872
740 858
757 931
1670 1833
854 903
889 960
1939 1709
924 1173
942 1228
1773 1861
893 1365
1094 1102
1820 1866
1233 1018
1097 1130
2016 2250
1119 1190
1158 1232
2165 2131
1198 1257
1364 1393
1980 2465
1143 1653
1274 1604
2159 2374
1697 1414
1482 1605
2294 2485
1543 1669
1835 1534
2343 3012
1918 1530
1666 1744
1895 1594
1527 1984
1664 1789
2216 1590
1755 2005
1841 1991
1934 1929
1752 2141
1978 1925
2107 1853
1992 1968
2128 2079
1809 2664
2384 2072
2214 2272
2313 2196
2340 2204
2293 2331
2407 2267
2402 2478
2547 2614
2245 3163
2798 2734
2536 3110
2901 2826
736661850 1242253086
1
sift 62
109 122
363 400
186 222
223 228
184 230
735 614
392 481
196 260
424 522
842 921
461 521
677 876
463 562
971 1098
536 603
752 981
569 691
1837 1640
671 749
1697 1538
824 690
1918 1680
740 824
2298 1971
846 919
1486 2154
1221 759
3858 2509
1117 841
1752 2152
854 1148
3525 2785
1056 1025
1978 2739
924 1347
1119 1238
2216 2588
1142 1355
1364 1624
2314 3068
1262 1889
1507 1658
2516 3139
1666 1749
1660 1824
2547 3232
1685 1885
1527 2201
2950 2998
1478 2319
1835 1881
3904 3710
1992 2336
2128 2418
2214 2450
2434 2265
2293 2787
2224 3030
2407 2769
2536 3004
3365 3403
3835 3264
736661850 1429073379
1
sift 99
218 201
97 165
29 36
326 587
36 46
324 352
191 284
186 227
589 741
167 249
382 292
215 372
184 258
584 1234
262 315
738 1150
371 613
294 351
739 1106
257 554
1319 860
616 897
343 368
822 1169
427 383
1187 1235
925 1355
358 532
870 1666
393 606
1170 1783
1181 1530
460 555
1180 1580
463 684
1268 1813
1178 1836
649 682
1104 2224
725 650
1529 2092
1921 2333
669 790
2013 2758
744 825
1746 1812
1967 2613
740 1067
757 1126
2019 2230
2595 3321
824 1021
892 1349
2200 2299
3875 3297
1221 1014
1295 1348
2482 2119
1097 1619
1158 1598
2455 2173
1328 1447
1650 1442
2429 2857
1043 2374
1359 1858
2579 2731
1429 1756
1739 1498
3198 2586
1396 1921
1619 2147
3109 3079
2088 1704
1543 2617
3401 3285
1670 2336
1633 2487
1424 3327
2069 2127
1697 2753
2405 1941
1788 2678
2447 2013
1824 2920
1873 3033
1895 2998
2214 2502
2388 2304
1890 3306
2207 2839
1978 3314
2942 2163
2194 2997
2599 2701
2299 3217
2604 2775
3925 2536
3729 3184
736661850 1472528885
1
sift 1022
30 27
27 37
1 0
28 63
38 44
12 14
86 68
77 74
17 16
107 100
81 71
19 18
103 122
93 97
18 21
123 113
106 91
25 25
127 151
115 108
31 26
218 237
168 92
29 38
161 159
152 145
34 29
453 496
179 174
36 34
283 274
150 189
42 32
479 474
191 170
52 40
324 307
215 202
49 46
486 492
247 209
50 56
312 358
255 222
57 42
408 632
273 236
59 60
366 322
254 283
61 64
376 870
331 314
70 58
505 445
290 302
66 66
784 502
317 351
72 70
653 609
321 332
79 75
665 667
326 354
76 80
656 639
359 329
67 87
746 629
371 330
75 82
832 590
530 468
96 79
705 691
434 414
87 99
709 688
473 524
129 67
776 660
469 540
112 89
745 710
640 423
102 104
795 679
567 529
110 105
843 650
589 520
114 106
730 770
616 562
92 131
738 739
584 534
113 115
835 765
639 571
108 119
820 802
456 700
128 110
871 775
627 627
130 118
1095 786
554 730
137 117
1064 971
698 661
133 127
1037 830
621 756
140 139
993 1149
716 695
135 144
960 924
780 656
146 129
991 1252
822 791
156 143
903 1009
739 894
134 163
1314 1025
925 825
166 130
1042 868
869 896
149 150
985 1439
968 937
249 107
1024 909
977 984
153 156
1120 1265
966 1013
159 157
1038 1063
1130 882
164 154
1188 1251
1113 1068
160 164
1400 1125
933 1087
162 168
1397 1195
1290 1021
167 166
1340 1235
1212 1061
177 171
1306 1284
1115 1157
174 179
1176 1509
1179 1095
175 183
1368 1385
1104 1197
176 185
1316 1362
1156 1128
184 181
1319 1521
1181 1119
186 188
1452 1329
1178 1124
199 178
1517 1345
1370 1003
197 194
1474 1317
1195 1192
204 198
1570 1327
1223 1218
209 213
1468 1511
976 1541
205 226
1745 1477
1269 1236
207 227
1202 2249
1298 1272
195 246
1949 1449
1366 1267
198 245
1758 1691
1389 1269
242 212
2106 1527
1163 1601
234 220
2012 1634
1402 1380
222 233
1521 2318
1459 1333
240 217
1594 2227
1428 1396
220 235
1986 1924
1344 1567
256 223
1792 1984
1515 1400
252 234
2110 1846
1409 1857
260 240
1870 1930
2415 1117
272 238
1786 2345
1503 1808
224 281
2078 1767
1671 1607
263 251
2145 2159
2726 1156
238 270
2253 1919
1764 1558
268 243
2198 2117
1817 1700
251 260
2391 1871
1876 1754
275 254
2318 2012
1802 1785
314 232
2027 2309
1915 1755
294 250
2147 2326
1936 1787
269 264
2615 2053
2001 1685
270 276
2482 2179
1663 2119
279 266
1787 3435
1923 1838
282 265
2312 2423
1965 1895
284 267
2444 2284
1976 2069
303 257
2363 2490
3268 1468
297 288
2455 2407
2121 2019
305 286
2466 2418
2494 1747
353 258
2552 2361
2595 2014
267 359
2462 2455
2156 2348
301 316
2892 2200
2468 2139
309 306
2579 2482
2540 1991
320 298
2560 2512
2989 1980
361 275
2745 2430
2086 2536
306 342
3143 2300
2347 2413
344 315
2554 2687
2699 2162
302 407
2624 2756
2117 3022
318 397
2735 2753
1917 3470
355 347
2922 2681
2485 2342
345 368
3109 2587
3543 2105
346 369
3081 2649
2443 3032
360 356
2149 3667
2336 3343
363 363
3198 2641
2967 2976
343 398
2683 3155
2770 3075
358 379
2749 3126
3240 2781
377 366
3073 2944
2606 3419
372 380
3243 2851
3426 2749
367 396
3258 2972
3269 2950
388 376
3337 3008
3326 3001
380 383
3066 3218
3306 3296
347 454
3023 3247
3609 3157
392 392
3359 3140
3585 3202
391 394
3432 3108
3800 3303
445 348
3401 3136
3814 3298
362 431
3524 3039
3762 3572
374 419
3483 3101
3879 3263
398 401
2998 3437
3742 3611
447 370
3545 3051
3821 3554
427 390
3503 3177
3836 3543
285 727
3448 3250
3875 3546
559 324
3681 3045
423 409
3554 3274
440 403
3262 3530
412 435
3726 3269
500 375
3612 3493
429 433
3733 3436
432 441
424 444
499 386
522 377
406 475
433 452
466 428
460 439
507 402
452 448
492 416
471 442
425 494
463 467
461 470
706 333
475 465
468 471
541 425
488 479
513 463
494 486
597 432
514 484
439 578
497 511
418 637
546 491
545 508
540 512
523 527
519 537
536 525
528 539
543 535
549 544
571 521
539 584
654 490
645 504
569 558
579 557
657 498
587 566
555 598
620 569
644 553
595 607
690 510
585 624
626 592
682 528
600 610
610 608
699 522
603 617
659 572
750 515
599 668
623 651
566 711
655 620
576 699
691 604
753 545
646 658
669 635
664 652
624 689
696 643
697 671
724 649
678 704
725 663
684 715
774 642
693 719
553 932
687 740
740 680
796 645
830 631
748 696
773 678
637 912
891 648
670 878
735 777
838 687
737 784
899 664
779 746
707 858
723 842
845 721
800 757
807 754
685 946
948 683
721 901
831 779
840 772
778 841
791 826
839 810
817 834
801 849
877 787
867 806
848 827
880 804
901 785
846 832
879 812
872 828
824 873
1035 713
959 781
854 880
1006 759
913 856
857 913
825 951
893 889
842 959
919 883
918 885
999 807
964 847
984 823
957 863
958 865
978 850
1007 829
894 965
942 929
1013 893
970 972
828 1166
989 976
892 1096
992 968
909 1069
898 1092
1276 815
865 1170
988 998
1003 989
965 1035
1186 899
1045 983
932 1130
1097 992
972 1135
997 1121
1068 1039
1060 1048
1338 895
1329 927
1094 1051
1175 1015
1119 1041
1039 1143
1151 1050
1117 1084
1430 931
1043 1196
1118 1098
1266 1012
1058 1191
979 1319
1142 1114
1295 1017
1158 1111
1107 1171
1127 1153
1233 1058
1031 1256
1016 1297
1147 1160
1033 1263
1226 1073
1227 1074
1069 1260
1262 1081
1224 1132
1086 1262
1207 1167
1248 1133
1387 1037
1206 1183
1164 1237
1160 1240
1110 1290
1124 1278
1168 1250
1098 1318
1288 1159
1359 1093
1154 1287
963 1618
1284 1186
1139 1314
1222 1245
1242 1248
1270 1246
1449 1100
1280 1273
1351 1230
1274 1302
2357 824
1394 1224
1325 1282
1377 1243
1253 1378
1327 1337
1323 1349
1294 1372
1412 1258
1278 1403
1342 1331
1404 1289
1547 1178
1435 1261
1309 1387
1500 1242
1287 1491
1322 1447
1589 1212
1425 1350
1432 1344
1317 1476
1364 1421
1197 1606
1438 1343
1416 1377
1983 1026
1423 1397
1279 1568
1618 1226
1429 1408
1193 1663
1575 1264
1255 1599
1480 1369
1491 1371
1246 1622
1531 1361
1445 1459
1482 1419
1524 1429
1495 1471
1541 1431
1927 1174
1293 1690
1650 1326
1464 1533
1567 1430
1475 1562
1772 1279
1707 1338
1505 1550
1543 1504
1426 1611
1518 1551
1595 1480
1385 1669
1591 1490
1455 1595
1406 1651
1602 1493
1146 2087
1664 1425
1623 1479
1508 1585
1797 1321
1558 1543
1333 1794
1486 1633
1550 1573
1717 1432
1465 1683
1959 1291
1513 1649
1739 1444
1552 1615
1620 1569
1577 1609
1597 1605
1502 1706
1694 1535
1605 1616
1596 1631
2059 1306
1880 1414
1726 1532
1440 1843
2096 1304
1538 1748
1645 1619
1869 1470
1633 1652
2105 1375
1680 1662
1665 1682
1610 1766
1763 1624
1629 1778
1422 2071
1576 1854
1988 1524
1765 1637
2051 1488
1670 1758
1893 1587
1833 1640
1532 2017
1736 1733
1855 1642
2011 1565
1803 1681
1773 1699
1890 1628
1782 1708
1808 1716
1801 1728
1755 1773
1806 1735
1842 1721
1820 1779
1940 1678
1882 1727
2099 1590
1931 1698
1848 1783
1892 1764
1705 1962
1947 1724
1807 1875
2249 1559
1779 1910
1719 2007
1933 1788
1918 1803
1805 1912
1622 2143
1526 2316
1971 1791
2114 1684
1908 1856
1990 1801
1835 1936
1909 1880
2017 1793
1977 1841
2088 1751
1954 1859
2197 1670
1873 1934
2194 1677
1999 1840
2043 1810
1841 1995
1864 1976
2038 1842
2036 1853
1885 1994
1950 1931
2069 1845
2437 1577
1994 1909
1978 1935
1752 2135
1776 2134
2135 1832
2150 1816
1708 2243
1658 2308
1895 2063
2100 1899
2094 1922
2084 1965
2144 1893
2077 1983
2307 1777
2103 1968
2016 2052
1824 2263
2139 1989
2137 1999
1865 2228
1809 2302
2161 1988
2489 1717
1992 2149
2128 2048
2315 1862
2007 2152
2090 2090
1812 2374
2162 2046
2124 2086
1980 2203
2405 1821
2044 2161
2173 2054
2536 1746
2125 2109
2207 2032
1444 3592
2176 2098
2222 2057
2248 2035
2215 2061
2282 2024
1791 2543
2073 2234
1930 2410
2274 2068
2127 2205
1638 3199
2286 2079
2292 2081
2335 2055
1938 2460
2463 1956
2430 1997
2340 2077
2526 1926
2387 2039
1666 3302
2410 2038
2220 2210
2314 2128
2214 2258
2447 2037
2777 1851
2378 2100
2264 2207
2009 2522
2751 1872
2332 2171
2275 2246
2316 2199
2290 2262
2133 2454
2160 2420
2313 2244
2178 2414
2440 2122
2412 2168
2413 2164
2224 2411
2571 2084
2388 2222
1952 2958
2379 2238
2386 2259
2407 2254
2534 2177
2502 2189
2532 2182
2832 2041
2604 2147
2470 2251
2107 2807
3002 2011
2401 2341
3738 1799
2409 2351
2855 2085
2774 2121
3488 1901
2599 2224
2479 2323
2592 2248
2499 2353
1989 3380
2549 2311
2730 2194
2768 2186
2811 2185
2815 2184
2600 2333
2377 2547
2217 2964
2547 2380
2951 2170
2509 2424
2269 2895
2527 2427
2267 2935
2573 2400
2771 2276
2753 2293
2569 2434
2513 2497
2542 2469
2664 2394
2279 3068
2744 2360
2899 2272
2772 2363
2660 2445
2359 2963
2329 3044
2637 2492
2820 2385
2806 2393
2715 2446
2497 2765
2578 2617
2727 2501
2668 2545
2475 2850
3461 2216
2786 2478
2684 2575
2964 2412
2520 2827
3318 2312
2761 2535
3338 2303
2784 2533
2601 2740
2627 2690
2442 3042
2703 2599
3001 2432
3405 2304
2906 2479
2616 2768
2781 2593
2867 2532
2610 2859
2597 2911
2663 2849
2903 2584
2887 2607
2574 3050
3223 2485
2425 3376
3567 2364
3472 2416
2702 2975
2945 2657
2734 2928
2609 3123
2911 2699
2603 3151
3072 2615
3756 2305
2909 2733
3056 2640
3388 2508
2860 2835
2798 2966
3678 2388
2704 3092
3344 2549
3070 2739
2972 2791
2654 3210
2746 3105
2626 3267
3298 2635
3271 2674
2901 2955
3368 2609
3586 2518
3182 2784
3005 2919
3140 2818
3164 2808
3096 2888
3304 2736
3673 2506
3057 2954
2696 3322
2577 3490
3416 2694
2622 3433
3744 2471
3522 2664
2675 3438
3349 2823
2667 3460
2857 3242
3172 3019
3279 2961
3316 2930
2757 3400
3290 3010
2750 3448
3241 3064
3351 2993
3751 2590
3647 2770
3403 3052
3398 3060
3325 3147
3571 2945
3197 3254
3167 3293
3074 3358
3615 2940
3027 3405
3444 3145
3144 3391
3006 3487
3504 3162
3550 3160
3451 3261
3230 3477
3292 3439
3671 3144
3399 3392
3355 3512
3666 3278
3842 3061
3520 3471
3597 3447
3682 3383
3823 3161
3617 3474
3696 3418
3730 3386
3523 3571
2936 3660
3729 3449
3564 3569
3789 3372
3776 3411
3643 3617
3685 3603
3868 3541
3851 3580
3775 3635
3908 3597
736661850 1537327672
1
sift 61
218 134
37 20
776 268
1619 1076
110 42
1299 592
358 209
1187 706
2148 1253
377 240
1306 1344
427 256
2200 1321
2599 1796
423 261
2482 1256
412 306
2455 1361
3586 1669
497 333
3198 1621
649 346
3733 2456
3504 2193
744 367
3594 2740
559 697
3777 2518
748 547
757 549
3897 2870
988 573
1045 689
1094 688
1144 712
1266 763
1377 828
1429 839
1525 826
1359 945
1631 893
1591 925
1328 1174
1577 1079
1855 970
2088 1015
2017 1053
1056 3059
2292 1305
2290 1340
2388 1319
2447 1516
2275 2089
2371 2137
2887 1849
2868 1871
2799 2081
3160 1931
3729 2272
3399 2551
2906 2756
736661850 1693986903
1
sift 115
64 86
971 978
76 93
186 185
167 153
1328 1182
184 184
196 225
223 245
1557 1355
270 242
461 440
358 337
1486 1503
363 344
500 489
372 376
1734 1856
367 401
540 502
392 402
2475 2708
406 433
569 568
424 443
2515 2731
432 473
775 534
452 453
2405 2974
463 469
824 646
536 503
2906 2729
528 544
924 1034
543 565
2950 2843
750 475
1056 990
676 654
3405 2630
671 680
1119 1092
740 741
3298 3730
757 900
1262 1405
774 893
842 867
1364 1320
841 963
913 939
1653 1305
721 1241
970 908
1697 1389
893 995
1117 811
1527 2035
854 1206
942 1249
1918 1656
1087 1048
1097 1049
1685 1994
1094 1121
1158 1144
1752 1907
1142 1256
1174 1293
1992 2110
1233 1265
1154 1878
2192 2010
1483 1600
1507 1608
3365 1597
1475 1696
1543 1645
2216 2352
1550 1900
1633 1887
2402 2151
1664 1861
1670 1888
2196 2473
1665 1912
1835 1782
2407 2339
1890 1778
1841 2056
3291 2550
1934 2006
2128 2080
3858 2419
1939 2297
1978 2262
3564 3431
1666 2838
1809 2623
3835 3211
2384 1998
2313 2390
3242 3723
2290 2482
1954 3196
2293 2675
2294 2724
2316 2733
2340 2692
2536 2754
2547 2910
2798 3168
3397 2924
736661850 1724217577
1
sift 129
215 244
36 29
49 41
160 166
371 357
112 84
297 295
186 189
616 554
209 239
433 469
377 337
648 582
358 361
691 415
363 391
780 564
427 369
678 543
412 448
966 895
676 507
624 706
669 546
1181 1086
649 563
786 725
655 572
1212 1058
748 610
806 753
744 660
1195 1260
757 712
868 720
778 703
1366 1589
779 832
2117 2499
824 778
1876 1737
842 912
2470 2197
952 852
2347 1969
894 968
2359 2449
942 925
2266 2475
989 880
2190 2721
988 930
2468 2317
1221 765
2618 2740
1045 907
2595 2537
1119 921
3404 2564
1144 1031
2989 2708
1266 1018
2599 3148
1039 1223
3742 3008
1043 1258
3897 3351
1147 1166
3546 3470
1233 1143
1198 1219
3899 3569
1416 1106
1440 1153
1377 1252
1650 1066
1429 1266
1591 1261
1088 1816
1322 1517
1496 1443
1739 1404
1577 1588
2088 1279
1550 1653
1508 1754
1665 1692
1685 1685
2038 1459
1756 1626
1835 1642
1670 1885
2176 1556
2037 1786
2137 1748
2387 1592
2128 1956
2215 1903
2292 1888
2405 1765
2164 2176
2214 2121
2207 2155
2388 2028
2274 2196
2290 2194
2664 1901
2413 2275
2478 2278
2604 2241
2547 2367
2407 2570
2332 2880
2970 2380
2620 2664
2402 2965
2578 2868
2820 2672
3159 2612
2887 2723
2768 2917
2798 3015
3271 2783
3319 2801
2574 3480
3504 2905
3521 3191
3690 3231
3776 3369
736661850 1911602604
1
sift 56
131 147
184 200
1697 1437
461 436
270 217
358 299
1527 2196
889 968
392 412
424 426
2390 2769
1918 1282
406 478
463 501
2298 3248
1752 2040
583 454
536 521
2765 3574
2407 2204
569 617
676 607
2216 2535
824 623
740 814
2402 3047
842 759
757 937
854 851
893 1159
924 1279
1119 1071
1094 1112
942 1376
1233 1247
1142 1474
1364 1428
1670 1789
1633 1871
1664 1898
1685 2051
1755 1934
1978 1889
2128 1832
1841 2316
1939 2237
2313 2012
2384 1961
2340 2121
2214 2325
2536 2255
2293 2579
2139 3109
2107 3197
2547 2776
2799 2797
