769617110 1537327672
1
sift 54
33 227
14 92
16 123
19 173
151 1277
141 790
22 175
24 160
283 2608
30 184
34 234
36 279
42 264
39 366
52 363
48 457
53 487
57 412
65 506
64 521
73 449
69 559
80 526
82 764
88 768
91 1011
98 1058
126 887
113 2020
121 1383
139 1002
130 1319
123 1810
153 1120
148 1390
165 1326
175 1773
183 1766
212 1371
216 1959
230 1645
223 1882
271 2099
251 2789
284 2486
292 2558
286 2719
297 2944
319 2680
352 2512
338 2859
345 2919
420 2544
450 2876
769617110 1928484021
1
sift 189
27 90
5 29
6 25
1062 82
33 93
11 44
35 91
14 40
12 41
141 349
22 66
150 497
195 744
24 72
243 722
30 79
227 954
326 523
26 92
268 885
34 103
267 912
283 936
32 122
324 1212
36 110
265 1528
313 1164
42 98
436 830
39 126
432 980
335 1354
48 142
382 1624
52 139
440 1408
401 1101
57 169
558 1548
59 170
479 2513
367 1355
64 199
580 2338
65 220
607 1916
416 1380
73 188
972 1218
80 219
568 2297
546 1382
82 317
636 2103
88 302
979 2370
504 1678
91 364
678 2215
85 442
1199 2037
686 1991
87 425
926 2426
98 354
683 2080
107 339
110 394
816 1940
126 372
121 469
761 2429
142 407
117 592
774 2392
113 675
140 433
910 2220
123 546
130 542
865 2540
145 483
153 493
1204 2482
144 577
158 505
152 605
165 508
175 507
147 842
187 671
212 567
216 691
230 693
223 757
214 920
251 864
266 829
272 857
271 963
286 919
282 1027
284 973
292 1051
255 1356
300 1082
303 1103
297 1180
319 1036
220 1942
354 923
257 1668
345 1072
314 1309
352 1142
361 1102
348 1233
355 1202
372 1193
371 1251
342 1461
413 1153
420 1145
369 1418
384 1338
450 1190
454 1287
374 1797
375 1781
423 1501
410 1586
447 1607
452 1581
492 1481
437 1883
473 1630
515 1539
510 1582
555 1443
537 1526
544 1540
491 1863
523 1754
494 2102
563 1698
506 2130
614 1568
536 2000
569 1877
548 1993
611 1687
592 1810
628 1675
589 1988
604 1904
553 2254
596 2028
552 2369
656 2066
658 2049
638 2339
696 1952
673 2114
624 2560
769 1801
722 1980
647 2423
714 2380
763 2156
734 2356
703 2500
754 2384
794 2189
798 2250
800 2278
803 2310
817 2267
799 2378
814 2317
784 2451
879 2288
878 2456
983 2504
985 2556
1025 2492
1073 2606
1140 2604
1496 2133
