897658064 1183258497
1
sift 382
14 13
191 168
0 0
99 112
340 365
16 11
175 155
573 617
28 12
129 91
758 759
20 15
207 170
744 910
21 16
197 212
992 913
22 18
264 226
25 25
281 238
1532 1339
26 33
389 252
44 19
532 254
1410 1494
51 34
362 363
58 37
355 380
1898 1319
52 54
533 469
59 55
498 489
68 53
598 458
69 52
974 957
72 58
810 1133
76 70
1170 1117
84 68
1150 1247
105 64
1255 1254
117 61
1522 1529
142 62
1911 1909
98 95
127 82
102 97
121 89
148 86
183 75
136 114
131 134
140 126
141 151
159 135
188 141
192 139
258 119
190 146
169 171
170 174
251 157
199 188
161 242
200 190
256 169
230 177
193 207
232 189
226 219
250 215
293 198
318 187
284 204
299 200
343 184
267 234
214 283
261 251
308 217
290 263
364 220
374 222
303 277
348 253
306 294
379 267
467 259
344 317
394 299
433 285
589 245
392 311
368 350
534 279
316 421
395 340
406 342
342 415
410 361
416 360
559 287
464 327
445 337
501 309
489 313
520 308
461 348
543 307
500 336
496 346
386 441
564 319
562 326
529 356
449 416
483 389
623 310
597 329
446 437
440 450
593 354
750 301
629 383
478 470
656 359
641 385
591 422
601 431
610 443
475 592
693 395
604 465
550 522
830 371
519 579
544 550
774 398
738 417
600 507
790 408
671 455
677 452
616 500
685 446
560 581
660 474
605 554
681 482
740 457
781 448
627 599
832 451
752 488
686 530
679 551
699 539
775 505
756 527
638 636
821 491
741 560
649 649
814 524
807 529
918 513
873 536
989 475
809 606
694 681
687 694
798 618
883 576
705 703
893 587
435 1394
843 628
1010 537
971 582
1012 559
783 719
757 768
806 710
1035 573
897 662
812 746
985 645
886 715
1060 609
913 702
796 816
963 684
837 794
922 724
1254 548
863 811
1066 647
1000 696
1114 625
908 786
925 789
996 727
1031 698
905 820
947 790
892 841
1005 740
1171 642
1210 630
1099 700
778 1014
1159 686
1190 692
1281 657
903 961
1677 540
1214 705
1273 688
1329 667
1043 847
1057 834
1195 742
773 1184
994 939
943 1001
1386 669
1243 766
1163 803
1132 830
1268 764
1198 837
906 1123
1227 850
1157 895
1238 851
1196 883
1108 971
1225 900
1155 937
1151 947
1160 941
1415 797
1368 854
1426 844
1175 991
1566 771
1269 951
1168 1004
1244 983
1344 925
1413 886
1209 1021
1483 873
1499 887
1535 881
1330 1005
1078 1232
1533 907
1283 1040
1279 1061
1310 1044
1366 1018
1704 869
1179 1181
1429 1020
1675 914
1274 1131
1407 1042
1294 1141
1186 1263
1313 1137
1378 1082
1291 1183
1120 1378
1914 868
1818 918
1156 1363
1468 1056
1312 1213
1541 1037
1481 1079
1408 1168
1461 1107
1319 1269
1517 1076
1428 1163
1520 1081
1266 1340
1498 1097
1400 1222
1478 1159
2001 917
1614 1073
1870 998
1547 1118
1633 1091
1631 1104
1476 1227
1756 1059
1876 1026
1326 1460
1591 1198
1689 1139
1714 1145
1592 1240
1610 1252
1531 1320
1661 1223
1497 1359
1691 1215
1729 1196
1825 1127
1622 1290
1387 1531
1736 1226
1493 1431
1665 1298
1577 1373
1229 1828
1718 1274
1763 1251
1744 1323
1788 1291
1684 1379
1954 1186
1903 1238
1789 1330
1751 1380
1852 1293
1745 1389
1957 1225
1884 1281
1516 1568
1753 1438
1766 1467
1956 1352
1727 1567
1502 1814
1730 1566
1686 1604
1758 1550
1950 1423
1768 1590
1576 1788
1981 1426
1384 2091
1707 1697
1924 1547
1759 1694
1667 1849
1682 1893
1976 1581
1891 1684
1875 1704
1862 1720
1802 1803
1977 1617
1895 1714
1948 1662
1974 1661
1983 1674
1946 1716
1813 1866
1814 1869
1969 1722
1973 1737
1944 1779
1933 1808
1998 1732
1861 1938
1877 1930
1892 1925
1952 2013
1985 2072
897658064 1188846234
1
sift 800
13 13
1 2
4 4
27 24
30 33
12 10
74 61
103 92
20 20
124 121
160 153
21 19
133 127
191 172
22 21
175 159
236 157
28 18
182 209
289 223
25 22
197 215
340 397
31 23
228 193
549 547
38 27
202 238
573 607
36 35
264 257
744 832
45 26
281 272
992 771
41 28
321 277
43 31
315 293
44 32
355 313
39 40
327 350
40 42
389 331
51 41
381 362
58 44
362 413
56 47
444 357
60 52
470 401
69 54
662 415
68 57
533 523
71 63
598 480
76 59
571 589
89 62
813 756
86 68
934 694
80 73
946 722
84 74
810 864
93 81
1027 702
100 75
1004 1003
105 77
1170 1081
110 80
1150 1178
98 85
940 1532
122 78
1141 1246
99 96
1255 1228
118 91
1311 1462
129 95
1372 1401
121 101
1545 1425
127 100
1522 1489
113 111
1911 1903
136 97
142 94
149 99
148 106
131 128
156 105
152 125
140 136
141 140
159 139
168 134
177 138
165 156
183 141
169 169
192 161
161 208
295 129
179 186
194 177
190 181
257 148
188 187
269 146
193 188
200 183
233 165
199 194
237 168
218 179
216 189
196 222
239 176
271 163
230 196
272 180
258 195
226 224
231 216
259 205
278 185
240 217
265 198
232 229
256 220
273 203
243 241
251 235
214 281
250 249
291 233
280 245
267 261
261 273
333 206
293 243
301 240
294 244
284 253
298 254
398 191
328 230
303 280
296 285
308 278
290 294
304 288
374 242
335 265
361 248
347 271
300 306
357 270
318 290
343 279
377 263
341 283
311 307
306 315
402 266
330 301
455 251
316 329
359 295
352 299
370 292
348 314
462 268
409 289
356 320
365 322
286 462
363 352
350 372
390 336
379 343
342 381
384 339
425 316
382 361
394 363
369 383
368 387
405 360
410 374
431 354
508 305
395 389
463 341
403 393
465 345
406 395
392 408
536 308
464 358
538 310
514 321
434 382
467 375
400 433
412 422
532 333
344 491
497 367
433 411
539 356
518 370
446 418
461 412
540 364
535 376
485 403
542 373
484 407
509 396
449 440
456 444
483 419
541 384
424 475
625 347
500 420
546 399
496 434
479 447
522 414
674 334
501 439
554 406
486 456
445 479
489 460
614 388
526 445
520 453
478 477
567 425
534 450
563 430
543 451
559 438
557 441
475 503
589 437
545 468
480 541
477 567
453 608
482 557
640 436
529 516
799 378
631 463
603 471
523 544
498 588
593 484
597 493
594 498
550 537
667 459
623 478
519 576
688 443
553 565
544 585
591 531
622 510
661 472
560 573
639 505
710 464
707 467
634 521
761 454
584 584
628 536
611 543
610 548
637 538
630 562
574 621
601 604
624 582
641 556
652 546
605 613
999 410
638 587
697 520
722 508
767 482
736 512
655 583
656 586
645 609
691 545
780 497
733 525
642 610
793 496
693 554
644 626
609 676
679 594
764 529
586 709
717 550
709 566
851 488
671 614
726 568
681 620
677 628
647 668
741 578
828 526
720 598
734 601
649 690
790 571
904 509
711 625
686 651
738 618
699 654
784 592
830 558
769 623
751 645
881 560
774 642
968 539
740 687
781 657
775 679
803 664
845 636
694 732
787 681
978 564
801 682
878 638
746 720
728 739
798 697
822 689
930 635
756 742
931 641
753 755
795 721
972 624
867 691
768 751
804 726
806 725
757 765
747 780
936 672
812 735
954 658
809 744
832 745
779 792
758 838
915 714
819 775
932 707
873 747
926 712
891 729
833 770
899 728
893 741
783 843
814 793
837 783
796 855
862 789
1046 674
834 827
989 710
919 761
883 787
843 841
897 781
987 723
927 763
887 796
886 799
918 785
965 757
922 791
1059 704
908 822
863 876
914 831
912 834
1010 759
773 972
947 845
966 819
778 985
1095 718
905 887
892 906
990 816
960 854
979 847
1012 798
985 844
948 875
1007 811
994 829
1022 801
938 902
1020 823
1035 797
963 888
1013 839
971 893
1003 866
1037 820
1021 867
1208 734
909 971
865 1012
1066 837
1015 894
869 1011
974 932
1101 807
1005 909
1000 912
1008 911
1042 880
1436 688
970 960
1143 805
1050 901
1049 904
1073 885
996 949
1431 705
1153 840
1045 925
1096 889
1061 915
1060 923
1123 874
1043 936
1158 860
1057 935
1111 896
906 1122
1104 914
1026 983
1099 927
1298 814
1048 987
1222 878
1210 886
1065 984
1072 977
943 1144
1163 921
1075 986
1115 953
1239 910
1204 929
1192 931
1067 1013
1489 772
1031 1064
1190 941
1214 934
1159 962
1254 926
1171 961
1126 993
1114 1002
1343 898
1132 1000
1187 980
1277 943
1296 942
1292 945
1138 1030
1251 976
1443 877
1078 1092
1232 992
1265 979
1122 1060
1293 970
1196 1024
1403 916
1281 988
1337 959
1100 1132
1257 1007
1108 1123
1106 1137
1272 1016
1647 853
1157 1112
1226 1068
1321 1005
1195 1085
1155 1129
1156 1130
1168 1111
1385 975
1375 978
1238 1080
1161 1146
1419 969
1267 1061
1209 1108
1225 1090
1246 1084
1264 1086
1198 1150
1235 1124
1219 1149
1273 1089
1268 1098
1280 1091
1244 1134
1348 1047
1243 1141
1185 1191
1336 1066
1301 1088
1200 1193
1381 1036
1398 1031
1369 1051
1408 1025
1230 1180
1495 995
1270 1158
1274 1155
1325 1110
1279 1161
1178 1237
1625 947
1258 1185
1466 1020
1316 1143
1349 1109
1344 1121
1271 1198
1426 1063
1269 1207
1315 1171
1529 1006
1186 1293
1491 1039
1463 1065
1330 1184
1396 1115
1513 1038
1202 1327
1415 1114
1294 1232
1388 1147
1368 1181
1561 1033
1366 1189
1361 1213
1362 1214
1377 1196
1456 1138
1266 1326
1420 1167
1283 1307
1501 1106
1364 1238
1354 1251
1310 1301
1442 1179
1528 1102
1447 1177
1332 1289
1747 1010
1091 1573
1392 1236
1572 1094
1449 1199
1537 1131
1413 1224
1473 1188
1478 1182
1493 1175
1423 1229
1518 1166
1399 1259
1326 1362
1259 1424
1439 1256
1764 1050
1499 1210
1386 1315
1383 1321
1566 1173
1406 1305
1515 1208
1313 1410
1400 1325
1320 1409
1535 1206
1503 1227
1216 1523
1414 1331
1465 1281
1389 1364
1655 1176
1498 1279
1427 1355
1541 1254
1477 1312
1641 1205
1605 1222
1549 1264
1312 1496
1481 1338
1542 1284
1556 1276
1621 1239
1533 1310
1571 1282
1843 1128
1532 1329
1629 1243
1675 1225
1909 1095
1468 1394
1677 1241
1395 1482
1896 1151
1461 1427
1657 1292
1516 1391
1506 1407
1652 1299
1547 1374
1656 1328
1686 1298
1531 1417
1661 1337
1614 1367
1640 1352
1601 1376
1676 1340
1815 1250
1520 1453
1591 1402
1633 1380
1444 1537
1760 1300
1704 1346
1825 1258
1530 1468
1739 1339
1714 1351
1935 1211
1707 1360
1490 1509
1497 1506
1622 1415
1737 1354
1512 1507
1576 1484
1991 1215
1482 1581
1514 1554
1592 1491
1763 1383
1729 1419
1758 1396
1755 1405
1819 1365
1730 1420
1550 1542
1502 1606
1623 1493
1733 1432
1631 1503
1689 1473
2009 1218
1779 1421
1736 1461
1610 1546
1961 1323
1914 1359
1908 1366
1674 1513
1710 1485
1611 1555
1788 1437
1665 1527
1683 1518
1804 1428
1602 1583
1384 1861
1410 1833
1691 1547
1800 1486
1660 1595
1744 1540
1684 1585
1871 1454
1751 1551
1886 1457
1692 1597
1869 1474
1849 1504
2001 1384
1688 1644
1801 1552
1831 1524
1904 1488
1783 1571
1759 1594
1810 1570
1682 1708
1789 1604
1883 1539
1649 1743
1876 1548
1777 1655
1727 1712
1753 1694
1978 1494
1835 1611
1725 1727
1820 1636
1898 1576
1865 1605
1802 1710
2015 1426
1893 1627
1902 1631
1852 1677
1745 1786
1998 1538
1895 1661
1698 1836
1884 1667
1833 1716
1924 1638
1838 1720
1826 1725
1903 1679
1954 1633
1667 1905
1956 1640
1679 1901
1859 1745
1718 1881
1937 1686
1938 1689
1918 1723
1892 1762
1875 1778
1957 1701
1732 1911
1973 1692
2012 1561
1916 1767
1950 1736
1917 1775
1891 1805
1793 1898
1962 1763
1948 1793
1983 1780
1946 1825
1952 1823
1944 1844
1976 1820
1934 1875
1933 1886
1974 1884
1985 1952
897658064 1446198686
1
sift 482
175 189
191 193
12 5
99 121
413 458
16 11
197 227
549 361
20 16
241 203
573 608
21 17
182 276
744 860
28 14
228 232
758 792
22 18
264 259
992 876
25 20
202 330
1898 1421
26 26
281 302
38 25
389 304
45 22
362 399
44 28
532 280
40 41
355 431
51 38
470 349
58 44
598 542
52 56
498 452
59 52
810 1038
68 59
967 953
71 57
1170 1193
67 65
974 1012
72 60
1255 1190
76 72
1522 1381
84 74
1911 1734
80 84
105 79
117 77
98 99
142 75
102 108
129 97
121 105
148 96
136 111
183 103
131 147
140 153
165 135
168 133
141 159
159 148
153 164
158 178
194 155
192 169
169 202
190 186
198 185
161 219
258 188
199 211
200 214
193 216
230 209
256 207
231 220
232 246
250 237
322 206
214 305
293 245
261 273
376 205
299 247
284 263
267 291
308 269
303 290
374 236
343 260
390 230
290 306
305 309
409 261
294 328
365 282
353 292
352 300
306 331
370 298
348 315
324 336
382 310
300 393
518 266
330 345
379 327
344 379
316 425
394 364
392 366
416 355
286 514
467 335
395 394
368 422
422 374
433 363
406 389
410 398
464 359
342 471
589 323
400 455
461 409
483 388
534 368
386 481
501 385
631 337
445 439
559 365
489 418
403 499
446 465
500 432
543 405
496 438
523 419
520 424
449 475
567 397
562 404
597 381
479 469
529 459
440 543
478 512
593 445
553 464
637 423
623 437
634 436
475 530
828 352
697 392
652 446
480 573
629 466
477 589
764 402
656 454
591 492
600 485
750 426
641 474
550 544
636 495
610 513
601 515
784 449
604 551
630 529
519 642
584 576
586 575
544 627
693 497
738 483
736 490
560 633
751 489
790 478
830 470
677 531
605 620
660 556
642 578
671 557
774 503
781 501
681 560
685 553
638 617
679 571
627 655
585 696
746 547
686 613
699 622
836 541
740 600
775 581
832 586
741 645
728 659
649 751
783 636
821 611
864 609
804 637
756 671
752 705
1046 532
888 629
1010 566
873 657
918 634
798 702
843 689
806 704
809 709
893 663
908 665
1032 584
965 685
1073 618
990 678
1012 664
837 780
812 809
757 898
913 756
906 768
1031 687
863 822
1153 630
971 744
1222 614
834 875
966 763
886 821
985 757
963 773
922 808
1000 749
1158 661
1038 724
892 857
1035 738
1272 635
925 863
1403 605
979 827
948 861
1099 727
1254 673
1060 758
905 908
778 1032
1123 725
996 869
1043 818
859 1008
994 888
1005 877
903 987
773 1114
1087 804
1066 832
1138 775
1126 789
1057 866
1114 820
1296 741
1210 782
1075 883
1277 770
1146 836
1159 835
943 1062
1214 834
1235 829
1171 870
1909 626
1163 896
1132 910
1257 844
869 1213
1281 849
1528 742
1329 862
1195 939
1196 943
1198 944
1280 904
1161 956
1398 819
1396 824
1268 926
1243 949
1155 999
1227 964
1292 937
1108 1052
1238 965
1168 1013
1348 927
1677 774
1225 1006
1273 983
1244 1017
1271 1003
1200 1044
1157 1069
1415 929
1175 1067
1375 958
1279 1033
1499 915
1426 955
1561 899
1423 959
1420 963
1408 989
1361 1020
1209 1131
1330 1060
1395 1021
1641 912
1283 1105
1344 1065
1269 1118
1202 1192
1179 1210
1310 1123
1566 969
1366 1080
1413 1055
1319 1126
1535 995
1312 1136
1274 1177
1864 885
1294 1179
1156 1328
1501 1051
1186 1317
1483 1071
1377 1154
1313 1227
1675 1009
1407 1161
1414 1155
1390 1191
1266 1333
1537 1089
1429 1182
1478 1148
1533 1121
1498 1151
1427 1235
1468 1194
1704 1077
1908 1010
1541 1167
1386 1305
1481 1233
1400 1318
1461 1258
1804 1070
1476 1281
1547 1214
1410 1361
1216 1558
1326 1469
1520 1283
1737 1150
1634 1207
1633 1217
2001 1036
1532 1345
1825 1149
1661 1261
1914 1116
1497 1406
1689 1260
1591 1334
1714 1253
1733 1239
1614 1326
1631 1311
1531 1400
1729 1266
1870 1178
1970 1119
1229 1767
1686 1322
1755 1279
1745 1292
1660 1353
1622 1385
1502 1479
1760 1301
1876 1249
1880 1251
1493 1505
1577 1454
1691 1398
1763 1346
1516 1509
1736 1395
1610 1459
1859 1303
1753 1387
1611 1470
1592 1485
1730 1418
1811 1368
1665 1455
1788 1394
1676 1458
1937 1335
1766 1460
1801 1442
1835 1427
1744 1500
1467 1768
1954 1388
1871 1449
1384 1948
1576 1692
1957 1438
1884 1481
1759 1554
1727 1594
1718 1599
1682 1650
1667 1691
1902 1499
1853 1526
1685 1724
1924 1512
1725 1695
1956 1508
1802 1659
1981 1511
1950 1560
1707 1828
1781 1756
1938 1606
1833 1733
1926 1657
1976 1610
1891 1736
1977 1648
1933 1722
1969 1686
1973 1690
1983 1711
1895 1810
1861 1851
1857 1869
1875 1874
1998 1735
1948 1814
1855 1934
1814 1987
1892 1929
1877 1986
1974 1898
1935 2011
1985 1983
897658064 2011792801
1
sift 627
13 12
236 137
0 0
27 21
191 190
3 1
133 134
289 200
4 4
175 170
340 395
12 9
182 221
549 484
16 14
240 236
573 596
20 16
315 273
744 833
21 17
296 299
992 900
22 18
389 304
25 19
327 363
1897 1556
26 20
355 381
38 23
470 329
36 33
362 407
43 28
381 424
44 29
444 383
45 30
532 340
39 38
662 371
40 37
499 505
51 36
598 482
58 39
571 659
52 47
946 754
59 46
810 898
64 50
1004 884
69 48
1170 1071
67 52
1522 1434
68 59
1911 1633
71 54
1966 1632
89 51
76 63
80 69
84 66
100 64
105 76
117 72
98 90
99 97
102 102
129 93
121 101
149 78
142 83
136 91
115 128
148 100
134 119
131 125
140 151
151 140
141 159
183 123
159 145
153 156
168 135
165 143
158 177
161 203
169 189
192 162
194 171
203 164
190 179
216 183
193 210
199 209
233 188
272 172
259 195
265 192
258 204
256 208
231 223
250 229
205 279
232 248
280 222
214 282
301 224
320 217
267 261
293 241
284 245
298 250
455 194
346 227
311 247
357 231
290 283
308 271
322 257
304 284
318 269
303 291
343 253
341 263
352 288
353 290
300 357
370 289
409 278
286 385
359 308
348 323
365 310
465 259
363 312
339 333
538 240
344 355
390 326
508 265
356 347
350 359
382 337
316 396
514 276
379 348
434 317
416 334
394 356
442 324
599 258
395 369
518 306
392 377
497 322
540 301
342 442
406 386
535 318
368 437
386 421
467 360
410 402
433 376
464 365
509 344
625 294
403 419
411 412
446 391
484 367
614 316
485 375
376 468
400 457
461 406
413 462
440 447
522 397
501 417
639 351
589 372
500 433
534 418
520 432
554 411
543 426
445 491
496 455
546 429
557 423
597 398
482 477
498 464
559 435
523 459
631 401
478 499
529 471
567 449
479 514
667 387
623 436
475 576
637 446
453 617
593 473
553 496
761 382
562 493
722 409
1110 315
661 444
550 520
480 602
519 558
691 434
524 557
591 500
600 508
634 486
652 472
697 451
636 494
628 501
624 515
610 523
574 564
601 540
586 563
584 577
630 538
641 521
604 566
828 439
656 517
645 526
736 480
611 578
711 495
851 454
605 607
671 543
616 603
726 507
642 583
750 511
693 546
677 567
784 503
679 575
560 704
644 620
660 613
638 652
738 555
647 642
790 530
878 498
751 572
792 552
681 627
801 550
830 534
741 591
774 573
699 630
720 618
649 686
781 585
787 589
746 621
740 653
867 582
904 574
968 549
798 647
705 706
832 626
836 631
775 670
779 669
821 650
694 727
728 707
747 696
585 974
1127 512
1010 580
933 644
757 746
1107 536
833 698
893 678
753 774
795 738
806 726
804 737
887 687
1046 597
999 624
809 736
768 775
758 809
783 790
883 725
843 757
707 914
837 806
913 766
834 850
1012 718
951 763
778 950
1066 692
908 822
892 845
897 836
922 808
914 818
905 844
994 772
971 804
863 942
963 848
1035 764
906 906
1015 805
886 929
947 891
985 858
773 1059
948 896
909 949
1000 856
1050 796
925 943
1038 827
1073 794
1005 877
1042 839
1057 843
974 953
1158 768
1043 868
1032 874
1060 851
1126 797
996 931
1104 831
1385 700
865 1106
1026 954
1048 935
1210 811
1190 824
1099 911
1251 829
1192 875
1214 867
943 1120
1075 983
1270 855
1296 852
1031 1051
1114 973
1115 972
1272 883
1254 893
1146 958
1403 799
1138 970
1159 964
1277 894
1495 759
1124 990
1122 992
1078 1052
1257 945
1433 840
1265 941
1106 1040
1292 921
1171 1004
1195 997
869 1429
1321 917
1336 910
1108 1062
1100 1083
1625 784
1196 1018
1198 1032
1281 989
1145 1077
1155 1072
1185 1050
1225 1029
1238 1026
1161 1081
1528 869
1168 1090
1273 1030
1329 1001
1529 887
1280 1039
1268 1041
1157 1114
1264 1046
1039 1272
1244 1075
1398 982
1243 1080
1271 1066
1320 1037
1348 1025
1315 1053
1156 1172
1200 1140
1396 1015
1230 1135
1209 1154
1179 1170
1279 1113
1499 981
1160 1218
1449 1008
1491 994
1178 1216
1426 1045
1368 1091
1218 1214
1202 1226
1269 1167
1274 1176
1258 1189
1232 1219
1330 1128
1375 1104
1415 1084
1344 1137
1349 1139
1186 1301
1542 1017
1399 1105
1377 1118
1420 1100
1518 1043
1366 1153
1294 1222
1310 1205
1319 1209
1752 969
1843 920
1815 956
1423 1134
1392 1160
1151 1413
1503 1095
1501 1096
1283 1293
1677 1016
1566 1069
1312 1270
1266 1335
1909 947
1413 1175
1465 1146
1313 1287
1483 1130
1561 1092
1259 1381
1439 1183
1790 1005
1656 1070
1414 1237
1481 1184
1641 1098
1163 1512
1498 1192
1406 1290
1389 1326
1428 1307
1623 1163
1573 1193
1896 1044
1478 1281
1395 1377
1326 1452
1601 1201
1537 1250
1429 1362
1383 1400
1476 1308
1535 1267
1468 1334
1458 1357
1675 1198
1541 1289
1461 1375
1533 1310
1532 1321
1520 1338
1683 1230
1847 1143
1674 1265
1676 1268
1657 1276
1547 1373
1614 1337
1506 1420
1737 1263
1735 1269
1591 1374
1444 1475
1493 1446
1745 1274
1704 1312
1661 1346
1819 1232
1512 1449
1825 1228
1633 1383
1908 1203
1631 1393
1408 1607
1229 1876
1729 1355
1883 1246
1382 1631
1497 1494
1577 1441
1576 1444
1710 1380
1830 1275
1516 1492
1490 1541
1914 1252
1804 1319
1760 1358
1602 1453
1755 1370
1714 1395
1763 1365
1592 1467
1502 1581
1550 1523
1691 1436
1849 1341
1627 1476
1733 1426
1788 1406
1384 1791
1777 1427
1622 1537
1869 1387
1610 1563
1839 1401
1689 1491
2001 1273
1876 1394
1660 1554
1692 1527
1817 1445
1736 1536
1667 1603
1628 1640
1904 1438
1759 1544
1655 1630
1766 1548
1727 1584
1611 1677
1841 1483
1973 1411
1665 1657
1730 1610
1801 1562
1902 1470
1751 1609
1865 1514
1958 1459
1725 1658
1688 1686
1789 1619
1871 1564
1859 1599
1884 1578
1937 1533
1852 1638
1682 1816
1895 1625
1685 1823
1848 1687
1946 1626
2002 1559
1816 1747
1957 1627
1891 1682
1892 1694
1924 1674
1969 1634
1950 1650
1956 1644
1954 1668
1698 1935
1861 1804
1952 1716
1933 1741
1976 1722
1947 1755
1707 1981
1983 1781
1977 1815
1962 1849
1948 1875
2008 1793
1877 1967
1913 1971
1974 1926
1934 1968
1985 1992
897658064 2118799435
1
sift 248
28 9
58 26
44 13
51 23
145 35
192 159
121 105
105 67
148 88
188 169
256 195
183 77
136 134
190 182
231 253
314 87
194 151
230 199
293 249
266 143
320 131
298 211
261 277
346 132
272 173
308 254
461 421
614 129
343 227
363 390
601 614
640 186
353 265
433 379
519 736
484 244
379 319
392 413
681 620
348 351
430 299
395 424
586 718
467 295
589 287
520 432
783 857
394 459
631 332
496 467
843 817
445 448
410 497
567 430
757 954
543 428
483 462
597 417
922 1049
792 339
500 470
559 461
985 1007
828 352
449 552
636 444
1005 1006
623 453
628 508
591 547
892 1222
641 524
656 536
738 511
994 1085
830 468
718 515
740 561
1099 992
610 613
790 519
752 570
1133 1070
685 598
604 674
671 689
943 1453
627 666
677 642
734 653
1238 1093
649 757
679 730
821 668
1151 1338
814 679
756 731
1010 766
1168 1552
699 843
729 856
989 787
1483 1272
883 768
1031 762
897 902
1294 1595
806 1019
918 906
913 926
1388 1483
908 982
1146 783
905 1023
1675 1352
1656 627
1254 779
1000 1030
1186 1934
1159 849
1060 924
1043 1012
1400 1680
812 1251
1537 709
1066 1009
1614 1497
1589 705
1114 960
1273 1161
1312 1857
1190 915
1195 985
1225 1268
1541 1605
1160 996
1340 919
1310 1332
1547 1647
1268 978
1329 936
1175 1536
1830 1481
1210 1038
1171 1079
1330 1420
1428 1894
1819 805
1683 905
1349 1413
1462 1854
1108 1269
1161 1311
1573 1264
1763 1670
1670 1024
906 1867
1344 1524
1587 1824
1155 1397
1535 1168
1366 1499
1661 1903
1269 1391
1420 1284
1378 1505
1577 2137
1804 1072
1908 1047
1198 1742
1684 2012
1283 1455
1901 1075
1291 1673
1676 2030
1601 1260
1413 1438
1461 1485
1744 2059
1533 1368
1429 1479
1313 1675
1801 2001
1221 1770
1481 1553
1591 1597
1730 2102
1525 1513
1478 1593
1714 1501
2015 2194
1631 1473
1870 1358
1825 1588
1814 2717
1390 1781
1704 1568
1691 1695
1758 2830
1498 1726
1997 1345
1745 1713
1998 2478
1756 1578
1689 1662
1788 1681
1983 2687
1902 1570
1520 1877
1789 1794
1875 3237
1603 1819
1900 1618
1766 1957
2005 3149
1468 2095
2004 1575
1718 2164
1610 1948
1516 2079
1924 2418
1926 1671
1493 2172
1891 2610
1665 1965
1957 1676
1813 2942
1768 1870
1736 1941
1974 2766
1592 2154
1852 1890
1903 3151
1956 1786
1622 2266
1973 3416
1884 2174
1753 2395
1933 2179
1950 2210
1727 2507
1862 2428
1976 2303
1948 2339
1504 3049
1969 2461
1935 2949
1977 2909
897658064 2119627969
1
sift 273
5 4
11 5
20 13
13 11
8 6
19 15
27 24
10 8
21 21
47 38
55 41
22 19
83 71
103 80
26 25
74 81
96 92
25 26
75 96
91 115
36 29
155 91
160 240
56 42
119 120
191 199
65 45
137 137
212 269
68 44
133 151
549 190
59 52
171 164
340 323
67 60
185 172
573 562
72 63
175 233
992 1237
76 59
197 211
1582 1083
80 64
207 242
1645 1708
84 62
204 253
85 93
182 289
99 94
228 295
98 99
202 373
93 123
264 305
102 109
281 307
112 117
292 316
129 141
327 271
140 119
355 341
141 128
381 361
135 155
389 363
153 160
334 413
161 150
362 470
154 189
470 451
164 181
537 422
169 177
499 490
159 198
533 495
150 280
552 483
205 205
595 584
200 218
646 545
208 208
598 625
190 235
662 628
203 226
702 660
199 247
934 581
232 207
810 686
194 268
1014 849
226 237
868 1027
250 246
967 1034
267 279
1004 1126
305 239
1150 1372
344 213
1170 1397
286 292
1545 1266
290 296
1761 1277
303 287
1522 1810
284 308
1966 1482
298 321
1911 1820
296 326
294 333
316 301
306 318
300 349
322 345
342 360
331 381
387 344
324 420
356 392
351 398
383 390
374 409
437 371
359 443
400 412
368 453
456 437
446 456
433 468
416 509
394 552
478 467
406 558
410 553
480 485
464 520
550 461
574 449
347 739
449 630
545 527
630 503
527 609
584 565
609 557
700 518
601 645
638 619
559 734
580 736
694 604
591 720
512 875
587 747
715 624
637 764
658 743
740 745
705 818
837 711
652 927
831 724
758 788
699 900
809 780
741 868
778 843
734 901
827 824
832 830
750 948
796 903
756 951
1125 676
892 872
883 930
886 938
903 929
806 1014
925 939
952 925
863 1007
976 926
945 966
812 1175
794 1283
828 1261
1085 978
1046 1022
1310 850
898 1235
1045 1081
1207 956
1198 979
1114 1058
909 1357
1005 1265
1309 990
1278 1033
1161 1134
1031 1321
1384 1003
1156 1202
1179 1188
1279 1112
1060 1342
1066 1359
1359 1096
1129 1308
1274 1206
1330 1154
1470 1045
1319 1181
1036 1479
1243 1295
1209 1330
1326 1249
1035 1610
1096 1520
1682 1042
1185 1414
1394 1273
1100 1617
1392 1294
1389 1324
1468 1263
1429 1299
1187 1547
1053 1798
1320 1425
1673 1165
1291 1494
1823 1106
1225 1676
1494 1352
1413 1411
1504 1354
1685 1262
1361 1538
1531 1366
1502 1406
1437 1487
1533 1384
1493 1449
1525 1433
1610 1380
1737 1332
1473 1528
1633 1401
1679 1392
1667 1402
1781 1369
1532 1582
1590 1536
1510 1643
1516 1652
1688 1602
1793 1554
1646 1807
1827 1765
1882 1822
1991 1802
