1005924530 1308641291
1
sift 962
503 424
159 245
16 25
32 47
17 27
36 44
1047 1300
510 573
34 51
47 59
56 65
51 77
1263 1144
660 810
54 68
63 92
73 106
46 83
1403 1337
1114 1014
66 100
74 118
90 121
82 104
1689 2344
1087 1072
85 112
93 109
116 126
72 142
2234 3082
1177 2035
79 124
105 145
122 144
113 150
2680 3896
1331 1999
119 152
199 272
126 154
143 169
3394 3464
1559 1880
123 174
243 400
136 190
137 179
2800 5156
1565 2047
131 189
236 456
147 184
129 219
4418 5791
1697 1935
172 167
277 382
164 231
157 208
4756 6150
2026 1721
156 211
312 369
208 206
165 252
4646 7407
1659 2281
186 265
410 486
181 305
177 321
4909 7175
2808 2885
197 280
465 480
202 274
220 282
5689 7641
3222 2590
298 212
463 547
247 301
260 255
5373 8141
2712 3561
223 304
522 519
289 318
233 302
8019 7869
3326 3526
253 307
524 561
266 352
255 338
3491 4577
234 396
520 604
279 340
269 351
3264 5435
274 366
474 698
293 416
267 380
3748 4590
263 397
500 692
265 490
300 421
4091 4295
350 362
640 628
363 364
320 407
4253 4520
341 384
504 919
325 590
276 521
3892 5349
303 485
548 888
337 614
330 434
4038 5624
310 477
585 833
393 591
317 467
4884 6406
299 522
566 909
491 473
331 502
7393 4877
313 594
688 1001
407 617
373 501
5167 7695
340 592
699 982
543 911
361 574
6275 8037
372 564
763 991
693 761
404 520
6230 8186
398 558
802 1067
634 843
387 583
7868 7762
470 471
836 1092
609 951
369 684
8358 8161
458 540
813 1136
589 1181
435 609
394 682
852 1133
821 1124
448 649
545 516
991 1331
1077 1012
455 671
546 554
1040 1286
1030 1073
526 620
512 664
1073 1238
1011 1110
598 552
496 688
890 1572
840 1393
569 670
518 728
1052 1539
887 1355
560 704
533 793
1036 1647
1145 1159
662 681
606 776
1050 1859
1001 1469
594 808
657 733
1265 1792
937 1655
573 874
623 825
1267 1785
1138 1325
624 873
641 852
1278 1930
1189 1278
647 846
695 784
1326 1851
1083 1815
677 823
664 877
1507 1699
1447 1558
617 1048
619 1093
1236 2224
1481 1565
678 1043
915 760
1525 1825
1484 1585
633 1186
704 1077
1537 2053
1582 1467
733 1032
787 990
1500 2159
1306 1857
778 1065
851 998
1524 2135
1429 1753
667 1403
755 1156
1233 3062
1421 1764
796 1157
932 1010
1539 2240
1405 1951
825 1214
938 1086
1435 2524
1411 1958
984 1051
929 1120
1520 2400
1448 1945
997 1059
1046 1064
1660 2456
1996 1427
791 1491
982 1148
2170 2067
1535 2086
943 1195
822 1435
1856 2376
1653 1881
947 1221
771 1673
2101 2201
1728 2285
907 1314
970 1246
1871 2849
2129 2150
926 1321
899 1366
1877 2861
1752 2807
939 1342
1037 1209
2302 2399
1914 2488
1187 1107
876 1566
1891 3070
1873 2692
1080 1213
1000 1413
2255 2604
2004 2508
1065 1336
1014 1522
2029 3063
1693 3678
1056 1450
951 1645
2239 2755
2021 2833
1082 1443
1160 1367
1979 3443
1997 2964
1010 1609
979 1683
2167 3229
2384 2426
1126 1453
1072 1581
1872 3861
2082 2939
1397 1178
1156 1498
2502 2696
2217 2720
1211 1441
1176 1516
1859 4351
2173 2917
1063 1695
1271 1481
2563 3035
1974 3337
936 2128
1171 1634
2643 2928
2152 3077
1438 1301
1196 1620
2580 3163
2292 2889
1190 1650
1283 1536
2436 3570
2063 3547
1305 1512
1085 1810
2743 3072
2551 2623
1249 1597
1117 1770
2566 3488
2265 3408
1269 1587
1140 1763
2974 2959
2419 3215
1359 1510
1152 1827
2349 4153
2350 3716
1132 1915
1347 1592
3194 3047
2607 3440
1188 1777
1361 1589
2853 3835
2804 3403
1313 1665
1334 1688
2471 4916
2586 4047
1253 1800
1412 1630
2748 4275
2332 5008
1275 1790
1466 1600
2933 4052
3142 3731
1358 1736
1768 1341
3100 3866
3426 4006
1195 2123
1386 1829
3114 4222
3494 3970
1409 1809
1436 1797
3234 4259
3755 3704
1589 1651
1393 1907
3108 4514
3476 4009
1425 1867
1380 1964
2872 5294
3453 4077
1407 1894
1414 1910
3083 5146
3433 4355
1382 2000
1315 2143
3356 4559
3314 4596
1458 1913
1266 2349
3020 5486
3992 4034
1503 1925
1617 1745
3552 4544
3904 4288
1508 1960
1454 2088
3674 4444
4261 4098
1540 1961
1514 2014
3764 4471
4088 4291
1428 2181
1509 2084
3485 5116
3754 5244
1476 2153
1445 2228
3721 5086
4107 4698
1657 1882
1632 2048
3478 5612
3732 5490
1614 2113
1746 1926
4292 4300
3990 5197
1831 1835
1715 1992
3852 5049
3666 5757
1677 2109
1566 2322
4099 4676
3783 5658
1924 1830
1740 2093
4728 4416
3884 5587
1830 1984
1841 1971
4355 4789
4233 5131
1784 2045
1516 2552
4045 5239
3826 5924
1618 2316
1611 2326
3912 5648
4492 5288
1931 1932
1797 2120
3603 6319
5519 4499
1825 2103
1729 2218
4894 4670
4147 5797
1433 2993
1647 2358
4249 5404
4075 5954
1824 2148
1674 2324
4700 5000
4627 5413
1967 1973
1534 2713
4114 5698
4118 6062
1329 3595
1756 2350
4476 5354
5531 4901
1714 2408
1690 2468
3867 6283
5335 5771
1807 2317
1833 2298
4449 5621
5193 5971
2089 2062
2290 1897
3979 6204
5217 5993
2015 2141
1748 2472
4432 5689
5053 6472
1765 2444
1751 2570
4256 5926
6641 5087
2222 2057
1613 2951
4695 5637
4955 6826
2092 2189
1747 2638
4499 5841
6733 5504
1764 2669
1927 2390
5187 5372
6441 5715
1887 2470
1876 2513
4791 5711
4976 7937
1910 2483
1800 2695
3981 6815
6203 6397
2070 2327
2214 2236
4377 6101
5836 7167
1842 2684
1938 2547
4856 5696
6158 7313
2127 2361
1621 3444
5652 5198
5727 7946
1955 2561
2212 2320
4102 7078
6948 6603
1998 2556
1925 2667
5269 5719
6448 7115
1691 3311
1885 2799
5151 5877
6188 7543
2179 2432
2192 2436
5075 6273
5848 8003
2055 2611
1897 2902
4915 6776
7186 7131
2166 2522
1990 2819
5101 7053
6247 8196
1937 2958
1864 3196
4981 7508
7193 8240
2028 2864
2382 2425
4994 7752
7917 8188
2140 2783
2225 2654
6466 5879
2141 2778
1883 3367
5357 7205
1934 3323
2164 2876
5929 6391
2242 2770
2147 2944
5791 6661
2229 2804
2268 2761
5867 6584
2180 2895
2031 3252
6096 6454
2133 3100
2136 3167
5566 7231
2171 3115
2187 3102
5707 7077
2264 2989
2151 3267
6196 6538
2057 3466
2953 2303
6064 6773
2022 3729
2728 2494
5332 7909
2007 3765
2359 3096
6031 6990
2330 3187
2495 2841
6483 6508
2278 3324
2595 2710
6463 6745
2620 2680
2679 2627
6492 7177
2298 3306
1940 4011
6129 7622
2257 3451
2651 2700
7041 7010
2224 3727
2529 3064
8009 6364
2378 3431
2310 3625
6548 7724
2464 3349
2757 2873
6249 8058
2752 2899
2638 3095
7437 7181
2616 3179
2801 2880
7153 7571
2448 3558
2383 3721
7045 7941
2478 3539
2283 3945
2705 3194
2406 3785
2771 3169
2623 3544
2905 3254
2832 3378
2697 3713
3013 3259
2863 3559
2457 4302
2828 3691
2263 5011
2652 3952
2822 3737
3103 3442
2739 3962
2443 4662
2541 4365
2888 3793
3068 3587
2708 4030
2703 4038
2917 3775
2897 3817
2813 3975
2683 4192
3158 3611
3173 3616
2939 3914
2754 4205
3388 3445
2901 4050
3028 3920
3054 3926
2904 4125
2954 4067
3575 3402
2902 4195
2696 4626
2916 4185
2989 4059
3091 3977
2561 5111
3150 3921
2796 4523
3602 3504
3134 4022
2903 4401
2695 4913
3006 4246
3216 3981
2915 4452
2966 4421
2938 4482
2882 4657
3071 4368
3033 4446
3270 4106
3788 3552
3196 4227
3268 4173
2794 5225
3155 4478
2734 5446
2767 5406
3041 4701
3915 3607
3290 4304
2805 5323
3298 4313
3189 4507
3199 4513
3248 4440
3319 4359
2779 5507
3182 4641
3677 3961
3243 4642
3366 4467
3042 5208
3560 4254
3178 4933
2956 5438
3345 4625
3061 5265
3236 4900
3888 3912
3407 4635
3428 4650
3502 4522
3286 5003
4047 3899
3573 4535
3316 5104
3392 4955
3619 4517
2848 6154
3381 5065
3353 5193
3606 4663
3578 4847
3725 4557
3545 4995
3610 4922
3813 4512
3640 4924
3747 4779
3415 5586
3519 5384
3782 4818
3859 4753
3675 5134
3766 4975
4126 4422
2985 6777
4281 4329
3636 5319
3786 5051
3513 5615
3579 5511
2980 7015
4656 4149
3895 4989
3880 5091
3869 5123
3798 5247
3932 5061
3607 5680
3862 5310
3503 5977
3855 5346
3739 5548
3375 6445
4157 4993
3806 5570
4520 4644
3757 5667
3937 5380
3851 5553
3688 5832
3686 5975
3781 5795
4914 4571
4050 5460
4399 5067
3964 5638
3838 5821
3894 5754
3661 6224
3853 5850
3907 5807
4300 5312
4149 5509
3890 5896
4672 5080
3943 5883
3557 6904
4376 5386
4235 5573
3960 5941
4356 5475
3719 6524
4270 5682
4350 5619
4446 5552
4305 5679
4175 5820
4169 5919
4526 5581
4271 5805
4180 5937
3961 6281
5752 4481
4032 6182
4360 5767
4709 5540
4108 6126
6041 4409
4105 6221
4216 6091
4145 6202
4308 6003
4442 5869
4722 5697
4748 5687
4557 5861
4501 5907
4472 5964
4574 5905
4588 5899
4252 6298
4537 5984
4199 6463
4104 6628
4887 5723
5144 5488
5482 5219
3843 7333
4382 6209
4236 6527
4467 6162
3729 7780
4301 6491
5434 5392
4868 5918
4948 5834
5245 5623
4956 5852
4321 6598
4727 6110
4533 6349
4478 6430
4556 6328
4277 6772
4604 6261
4371 6576
4837 6047
4677 6236
4379 6693
4670 6331
4511 6555
4755 6245
4620 6459
4507 6616
5412 5693
4820 6304
5417 5744
4561 6728
4645 6684
4939 6335
4978 6291
4692 6720
4324 7242
5327 5950
4187 7653
4405 7237
4469 7183
4836 6737
4396 7405
4329 7535
5229 6354
4280 7789
4622 7226
4370 7610
4830 6924
4847 6908
4605 7303
4874 6918
5212 6457
5213 6484
5312 6357
5693 5923
5809 5956
5506 6309
5699 6082
4629 7665
5071 7058
5077 7082
4780 7640
5713 6272
5450 6702
4922 7580
5381 6878
5066 7366
4959 7555
4798 7822
5092 7364
5427 6887
4919 7693
5061 7430
5265 7176
5325 7189
5926 6303
5399 7165
5198 7485
5344 7329
5204 7597
5750 6766
5307 7515
6438 6026
5219 7648
5430 7474
5529 7369
5557 7510
5149 8063
5680 7319
5697 7301
5070 8134
5444 7794
6184 6811
5717 7455
6506 6579
6004 7199
6377 6738
5863 7443
5473 8131
6696 6688
6178 7353
5875 7803
5308 8218
5632 8117
5967 7763
6319 7304
6180 7498
5795 8001
5851 7966
6432 7286
7161 6713
5907 8105
6138 7927
6566 7537
6480 7646
7016 7191
6476 7812
7797 6574
5941 8184
7400 6995
7271 7157
6515 7987
6575 7948
6982 7581
6788 8049
6517 8163
8061 7193
7684 7890
7749 7934
7805 7949
7569 8138
7717 8208
8228 8147
1005924530 1428487141
1
sift 108
242 7589
51 67
89 117
85 134
139 162
105 175
303 606
247 334
267 420
269 453
340 806
276 644
6960 111
330 547
619 1986
570 1421
331 596
408 623
1269 1814
624 1494
404 682
546 582
1063 3524
678 1242
518 1038
594 1339
1253 2693
633 1673
851 1139
778 1369
1265 2798
943 1517
755 1971
1160 1462
1883 4530
945 1985
1082 1925
1011 1836
2229 3915
1014 1993
1176 1999
1313 2213
2101 4960
1377 2227
1414 2176
1448 2289
2255 4705
1386 2570
1567 2528
1514 2655
2563 4544
1614 2870
1476 3315
1931 2898
2433 5851
1445 4846
1657 3781
1621 4035
3202 4109
3071 5231
1783 3633
1876 3380
2748 6733
3458 6124
1817 3771
2092 3154
3603 8422
3606 6025
2127 3288
2140 3813
4114 8268
3766 7236
2756 2940
2242 4055
4511 7630
4147 6881
2283 4098
2031 4937
4820 8633
4370 7532
1871 6053
2330 4783
6073 7005
2058 5955
2938 4581
3320 4831
2903 6049
3196 5385
3109 5648
2696 7495
3291 5749
3381 5933
3353 6220
3199 7036
3661 5994
3868 6528
3798 7114
3747 7372
3851 7095
3932 7149
4371 6559
3813 7886
4281 6911
4376 7084
4966 6555
4467 8314
5529 7693
5312 8726
1005924530 1431199262
1
sift 1481
41 28
28 15
10 3
272 212
100 67
27 18
68 36
65 35
36 25
270 258
192 157
37 31
154 117
179 112
47 37
334 288
245 208
54 44
189 168
182 213
58 48
368 314
290 195
82 53
327 248
242 177
84 57
443 376
305 273
123 80
338 244
278 240
128 83
486 379
385 243
132 87
346 286
378 217
122 94
669 439
414 342
146 91
396 306
439 362
145 93
818 686
436 378
147 113
447 336
472 360
164 119
850 735
431 447
156 124
434 364
456 425
173 142
737 892
494 395
172 153
464 400
475 451
190 146
908 774
595 396
186 150
559 415
505 445
197 158
873 973
508 499
202 160
503 549
584 392
200 163
1179 997
1041 566
207 161
661 472
510 466
210 164
1109 1060
721 818
217 176
558 562
523 458
235 182
1274 1043
1118 717
221 188
635 581
551 467
233 209
1295 1074
1031 782
266 194
759 525
541 611
295 192
1136 1244
1344 776
284 203
654 665
660 557
247 225
1352 1241
1021 1004
209 290
750 700
795 613
357 199
1292 1552
1557 880
274 260
884 656
798 642
309 220
2118 1022
1483 1213
316 233
720 747
793 742
324 230
1858 1448
1462 1301
314 239
928 674
1066 678
341 222
1551 1827
1487 1444
307 265
894 696
966 714
331 251
1844 1893
1905 1108
332 269
1202 585
968 738
330 275
1790 2066
2221 1304
351 264
871 893
930 914
333 277
2201 1822
1716 1666
298 308
1047 802
1035 958
312 318
1870 2198
1875 1628
372 278
1144 793
1191 872
353 310
2175 2014
1665 1849
376 299
1048 881
1107 967
373 305
2362 1922
1814 1818
350 329
1183 815
1199 915
407 302
2269 2027
1982 1864
397 323
1180 855
1087 1028
377 339
2254 2085
2041 1973
391 347
1062 1018
962 1200
399 349
2065 2305
2300 1939
444 330
1209 998
1331 947
410 354
2477 1985
2356 2250
409 356
1396 1013
1460 943
441 346
2690 2011
2745 2126
424 359
1124 1237
1565 1259
527 304
2942 1946
3214 2430
515 319
1299 1180
1452 1472
537 311
2441 2328
4462 2121
474 355
1482 1075
1654 1280
458 397
2582 2253
3648 2468
542 345
1461 1158
1712 1353
496 374
2759 2231
3122 3072
418 465
1395 1269
1687 1429
448 435
3023 2172
3837 2618
500 393
1530 1166
1559 1570
485 412
2926 2621
4116 2520
504 390
1403 1318
1994 1234
533 385
3179 2547
3541 2984
528 402
1554 1456
1697 1505
536 398
3263 2499
4152 2633
529 431
1667 1459
1735 1490
552 422
3024 2899
3059 3903
549 429
1794 1379
1942 1364
506 462
3135 3033
3800 3165
564 438
2204 1168
1722 1542
544 486
3438 2888
4317 3151
522 503
1620 1565
1586 1662
553 488
3594 2778
4014 3405
520 513
1689 1530
1815 1578
634 446
3348 3067
3676 4354
609 471
1884 1382
1863 1569
568 502
4011 2831
4097 3866
673 477
1538 1693
1769 1733
550 574
4069 2897
3279 5442
578 551
2032 1359
1908 1966
699 480
3805 3374
5385 3380
674 501
2039 1389
2111 1808
606 550
4330 3559
4333 3924
620 535
1906 1714
1978 2002
593 577
4594 3518
4390 3937
618 563
2260 1651
2685 1613
681 519
4240 3741
4592 3914
662 539
2417 1602
2830 1689
664 559
4208 3776
5010 3808
719 516
2357 1735
2014 2354
591 634
4616 3582
4745 3984
663 592
2093 1990
2426 2093
658 605
4827 3567
4852 3967
688 580
2306 1988
2845 1826
763 553
3999 4349
4170 4670
767 575
2233 2097
2677 1931
723 602
5492 3443
5378 3951
695 646
2412 2051
3200 1699
749 610
4267 4155
5355 3985
534 867
2494 2072
2968 1825
821 596
4546 4165
4015 5290
881 568
2786 1889
2712 2119
757 659
4805 4045
5026 4688
738 675
2538 2252
2969 2063
825 630
7052 3264
5746 4443
804 662
2913 2263
2154 2878
813 672
4589 4617
4858 5388
912 617
2810 2331
2859 2188
803 734
4795 4535
5253 5027
939 673
3065 2220
2847 2302
890 692
5062 4320
6238 5021
1001 680
2982 2372
3113 2190
932 706
5346 4230
5909 5417
1597 521
3252 2254
3026 2311
956 716
5139 4442
5675 5878
810 822
2961 2796
2543 2707
870 784
5520 4160
6405 5295
783 895
3550 2416
2474 2862
797 883
5386 4402
5842 5742
895 786
3328 2615
2834 2536
1037 724
5567 4364
6217 5534
808 902
3354 2606
3090 2579
1036 740
5548 4522
6867 5271
926 790
4293 2223
3543 2626
838 932
6330 4282
6310 5676
899 873
3454 2630
3632 2586
831 970
5407 5143
7259 5135
1004 791
4599 2465
3491 2909
1039 785
5908 4677
6866 5576
1101 765
3759 3035
3714 2688
1132 770
5972 4760
6682 5851
951 891
3394 3636
3374 3055
1056 820
5187 5734
6777 5816
947 961
3591 3471
3954 2558
1065 865
6089 4996
6458 6059
997 928
3822 3249
3898 2600
1082 846
7666 4188
6068 6717
1138 817
4155 3219
3596 3227
1083 851
5383 5796
7808 5728
940 994
4705 3101
3991 2896
982 975
5788 5467
6811 6641
1052 966
4172 3366
3748 3202
1072 959
5387 6192
7979 5784
1125 924
3994 3519
4203 2887
1211 869
6030 5678
7716 6186
1154 939
4456 3284
3457 3645
1011 1042
5088 7015
7813 6741
1265 856
4258 3400
4708 2859
1134 960
6955 5263
7471 7277
1334 831
4649 3268
5326 2948
1156 965
5398 7127
6925 7979
1185 937
4092 3570
4575 3330
1277 876
7010 5490
7584 7753
1248 913
4232 3505
3423 4675
1329 871
8161 5361
8251 7170
1117 1035
3753 3945
4253 3727
1210 981
6989 6123
7795 8028
1499 798
4410 3571
5024 3383
1271 935
7129 6451
1435 863
4465 3609
4416 3870
1250 982
6815 6839
1249 1014
4361 3684
4491 3860
1319 985
7849 5971
1282 1006
4646 3550
4640 3849
1152 1111
7994 5913
1342 986
4184 3942
5063 3658
1258 1041
7064 6990
1145 1190
4665 3687
5167 3830
1073 1296
7538 6977
1304 1054
4910 3589
5692 3674
1425 995
8364 5695
1411 1024
5045 3587
5485 3969
1493 989
7966 7084
1520 990
4990 3641
5331 4089
1305 1123
7321 7781
1372 1104
4513 4103
6631 3458
1458 1049
8279 6663
1358 1144
4564 4108
5464 4024
1414 1109
7822 7697
1103 1513
5773 3457
5067 4334
1476 1086
7906 7867
1454 1117
4517 4603
5555 3996
1275 1283
8293 7450
1412 1164
4802 4454
5288 4281
1549 1081
8176 7851
1527 1102
5708 3824
7814 3365
1456 1170
1535 1116
5165 4297
6932 3681
1617 1055
1508 1131
6227 3679
4840 5233
1408 1222
1633 1053
6421 3689
5843 4278
1470 1220
1447 1255
5279 4559
5686 4412
1509 1197
1730 1048
6726 3961
6822 3871
1569 1146
1539 1189
5895 4475
6051 4417
2082 950
1466 1275
5709 4647
5678 4778
1491 1231
1481 1249
5163 5240
7874 3680
1497 1239
1615 1154
7815 4197
5396 5120
1413 1381
1602 1202
7910 4227
4220 6345
1629 1182
1537 1335
6101 5513
6613 4164
1657 1198
1561 1348
6159 5487
5793 4748
1681 1232
1649 1272
6976 5159
5643 5068
1693 1228
1601 1341
6938 5216
5619 5103
1799 1188
1752 1221
7352 5080
6230 4598
2006 1100
1674 1309
7756 5157
6206 4626
1607 1408
1613 1431
7098 5713
6634 4380
1728 1369
1786 1333
7803 5366
5447 5395
1677 1424
1632 1457
7873 5506
5486 5476
1714 1406
1842 1327
8305 5296
5258 5987
1653 1464
1726 1404
6562 6720
5303 6014
1756 1440
1891 1354
7544 5980
7095 4729
1861 1384
2169 1194
7179 6544
6275 5300
1533 1668
1582 1627
7852 6023
6042 5507
1813 1434
1719 1545
7611 6237
5814 5731
1781 1521
1784 1534
7787 6890
4906 7033
1914 1428
1788 1541
7458 7374
6475 5332
1974 1399
1926 1442
7288 7611
5490 6231
1715 1607
1903 1462
8099 6884
6768 5190
2029 1422
1938 1480
7484 7797
7022 5086
1940 1512
1489 1940
8019 7825
6024 5793
2031 1471
1887 1567
6787 5377
1920 1553
2293 1357
6147 5902
1869 1597
2101 1554
7079 5327
2149 1528
1998 1601
6424 5709
2208 1506
1990 1610
7121 5390
1932 1643
1838 1691
6246 6164
2375 1411
2021 1630
7408 5651
1910 1678
2466 1409
7285 5753
1761 1840
1825 1780
7485 5689
1524 2206
1723 1902
6145 7148
1868 1752
2242 1573
7832 5740
2015 1674
2067 1657
7680 6069
2292 1557
1952 1710
6289 7652
2709 1360
2178 1650
7638 6474
2593 1433
2055 1709
8084 6142
2285 1633
1832 1926
7996 6396
2271 1648
2270 1670
7519 7241
2379 1632
1865 1944
8071 6695
2072 1790
2173 1763
7586 7536
2180 1775
1967 1937
8238 6967
2215 1773
1996 1947
7931 7515
2171 1842
2895 1500
7868 7638
1980 2012
2123 1916
8257 7119
2272 1798
2350 1759
8308 7265
1873 2199
2192 1932
7709 8077
2348 1817
3047 1515
7848 8142
2332 1846
2495 1723
8271 7709
2506 1720
2249 1930
7949 8173
2382 1807
2399 1805
2239 1961
2210 2006
2391 1875
2138 2104
1696 2594
1890 2360
2456 1871
2408 1908
2985 1644
2599 1787
2563 1833
2080 2248
2113 2243
2279 2105
2436 1962
2628 1830
2283 2103
2136 2284
2882 1727
2252 2202
2383 2092
2302 2185
2448 2075
3802 1514
2411 2134
2276 2301
2909 1834
2726 1942
2796 1927
2855 1914
3083 1814
2637 2083
2751 2015
2623 2107
2548 2166
2986 1901
2445 2297
3070 1912
2291 2483
2636 2207
2310 2479
2651 2218
2813 2108
2590 2280
2904 2068
2792 2142
2872 2091
3114 1960
2822 2141
3022 2033
2804 2167
2816 2176
2369 2528
3001 2064
3363 1892
3020 2061
2916 2124
2939 2117
2566 2370
2924 2136
2966 2115
2679 2304
2956 2164
2888 2216
2771 2315
2642 2378
2755 2337
3392 2035
3234 2118
2938 2287
2838 2339
3134 2182
2615 2482
2539 2572
3147 2189
3258 2130
3190 2175
3108 2229
2932 2335
3006 2321
3173 2238
3196 2241
3512 2102
3084 2332
2960 2384
2954 2391
3028 2373
2620 2748
2907 2481
3356 2277
2656 2771
3161 2386
2423 3240
3726 2156
3333 2368
2853 2674
3230 2411
3562 2281
3055 2543
3100 2523
2998 2599
3270 2420
3345 2400
3533 2324
2863 2743
3082 2575
4419 1975
2871 2767
3189 2516
3243 2471
3199 2525
3213 2521
3248 2512
3324 2475
3053 2671
3005 2721
2965 2806
3387 2474
3068 2729
3229 2614
3211 2632
3017 2811
3559 2424
3545 2439
3322 2623
2975 2949
3739 2379
2999 2941
3313 2660
3750 2383
3158 2812
3579 2505
3603 2472
3178 2845
3422 2646
3472 2687
3628 2590
2658 3615
3382 2855
3098 3173
3686 2620
3274 3020
3415 2895
3718 2634
3342 3025
3245 3133
3446 2951
3494 2935
3349 3090
4080 2501
4110 2507
3662 2819
3236 3258
3578 2943
3431 3116
3619 2915
3013 3526
3441 3138
3661 2901
3556 3048
3971 2663
3818 2786
3783 2810
3907 2724
4004 2659
3733 2864
3103 3509
3746 2881
3314 3346
3471 3209
3682 2986
3370 3297
3640 3041
2953 3759
3449 3231
3388 3307
4169 2643
3816 2866
2643 4347
3952 2791
3961 2795
3868 2863
4034 2764
4103 2719
3813 2971
3724 3066
3756 3038
4102 2803
3884 2988
3860 3014
3691 3176
3194 3700
3699 3184
3337 3592
4311 2758
3612 3305
3979 3007
3439 3527
3981 3032
3853 3159
3740 3256
3880 3156
3826 3182
4157 2946
3476 3603
4121 3058
5482 2485
4233 3011
4919 2685
3631 3473
3895 3239
4296 2981
4541 2857
4477 2921
4031 3204
4314 3046
3989 3235
4222 3136
3887 3354
4845 2839
3833 3421
4294 3134
4219 3190
3721 3573
3747 3547
4565 3039
4096 3267
4236 3210
3508 3848
3967 3391
5121 2807
4114 3302
4750 3012
4442 3158
3929 3480
4107 3344
4313 3236
4001 3433
3801 3633
3900 3574
4175 3373
4301 3313
4574 3222
4308 3352
4252 3403
4458 3292
3976 3598
3796 3746
4106 3507
4359 3372
3788 3807
3975 3682
3904 3762
4193 3537
3495 4352
4399 3440
4849 3255
4280 3546
4534 3438
4050 3724
4604 3411
3535 4447
5021 3237
5351 3130
5319 3145
4044 3767
4354 3557
4392 3554
5509 3069
4104 3763
4381 3593
4523 3534
4780 3415
4290 3660
4256 3698
4549 3540
4507 3566
4702 3486
4679 3524
5003 3388
4709 3535
3654 4482
4798 3502
4555 3638
3992 4075
4376 3778
5222 3377
4349 3837
5274 3410
4362 3846
4690 3703
5327 3390
4371 3880
5357 3419
4767 3726
4915 3668
5513 3361
4484 3897
4660 3803
3932 4456
4168 4157
4486 3918
4229 4130
3359 5595
4689 3831
4710 3834
4939 3750
4478 4030
4733 3879
5353 3622
4693 3968
4874 3858
5543 3517
4916 3852
4368 4201
5651 3475
5221 3705
4978 3833
5389 3655
5208 3753
5557 3579
5382 3690
4770 4023
5394 3712
5264 3783
5075 3891
5582 3644
4500 4299
5836 3511
5955 3462
5317 3794
5876 3529
6015 3490
4131 4858
4988 4099
4277 4724
5081 4046
4235 4801
5335 3904
5000 4146
4836 4287
4994 4175
5342 3948
5233 4015
4727 4408
5022 4180
5412 3938
4249 4917
5212 4070
5669 3790
5344 3998
5028 4216
5399 3992
4648 4562
5872 3716
5591 3906
5254 4167
4875 4477
4868 4508
4536 4816
5380 4112
5804 3827
5506 4031
5551 4026
5002 4467
5534 4040
5312 4225
5889 3840
4856 4659
5750 3953
5542 4126
6839 3551
5832 3979
5113 4547
5193 4492
5732 4054
5017 4674
5245 4483
4247 5446
4989 4731
4963 4774
5117 4618
5244 4537
5481 4335
5023 4775
4791 4984
5164 4643
5289 4558
6226 3868
4876 4964
5292 4589
5531 4379
5508 4466
5444 4523
5907 4127
5727 4263
5632 4350
5217 4751
6003 4087
5609 4415
4529 5454
5913 4174
5697 4342
5132 4875
5423 4629
5943 4172
4955 5083
5516 4570
6154 4094
5593 4563
5196 4983
6280 4080
5434 4822
5151 5079
5910 4374
5757 4520
5495 4814
6194 4229
5820 4519
5461 4879
6203 4244
5644 4723
5834 4555
6006 4436
6988 3928
5450 4985
6269 4280
6857 4003
5976 4504
5866 4593
5560 4936
5897 4591
7229 3884
6809 4058
5641 4880
5765 4763
4862 5632
6466 4233
6957 4035
6212 4451
5822 4767
5706 4894
5190 5430
6247 4472
5927 4755
5806 4864
6004 4746
5570 5197
6218 4595
5967 4832
6662 4348
6928 4239
6476 4490
5738 5097
6031 4856
6061 4824
6010 4868
5885 4980
5859 5017
5802 5108
6732 4433
6774 4461
5906 5099
4728 6371
6319 4805
6702 4584
6197 4928
6620 4657
6479 4823
6104 5100
6129 5087
6496 4838
7056 4538
6356 4959
5809 5432
6249 5105
5454 5815
6456 4961
6490 4968
6169 5235
6255 5151
5929 5463
6636 4945
6572 4988
7237 4599
5985 5462
7312 4569
6985 4791
6566 5035
6409 5149
7072 4752
8215 4102
6272 5282
6316 5254
7247 4716
6492 5206
7464 4638
7380 4689
7759 4528
6123 5556
5699 5946
6679 5251
7368 4840
6828 5182
7358 4862
6400 5450
7800 4605
7262 4920
7745 4655
6898 5200
6766 5287
6334 5537
5844 5941
6833 5278
7224 5038
7040 5183
7514 4889
6733 5384
6158 5733
6195 5703
6486 5535
6703 5405
6096 5805
5926 5954
6788 5375
6258 5744
6880 5393
7869 4815
8203 4579
6555 5606
7983 4795
7369 5156
6760 5511
6192 5888
7058 5370
7740 4982
6391 5769
7927 4902
7176 5356
6362 5810
7362 5280
6064 6183
8070 4914
7144 5495
7183 5483
7414 5369
6495 5895
6824 5683
7457 5367
7175 5526
7204 5514
7866 5140
8264 4842
7761 5304
6805 5841
7096 5694
7603 5455
7548 5510
6894 5883
6526 6154
7268 5650
7533 5536
7202 5701
8101 5208
7009 5879
6948 5919
7263 5699
6377 6379
8127 5262
7466 5646
6919 6003
7008 5945
7384 5707
6673 6202
7451 5677
7035 5948
6836 6110
7534 5659
7374 5761
7173 5920
7702 5655
7084 6084
6970 6297
7703 5764
7478 5928
7614 5836
7870 5692
8253 5414
7900 5704
6687 6632
7437 6020
6460 6906
6196 7252
7440 6066
8108 5618
7231 6238
7154 6317
7695 5916
6684 6762
7463 6092
6886 6571
7896 5798
7473 6101
6947 6533
6507 6989
7947 5802
7248 6314
7426 6221
8137 5715
8133 5743
6965 6710
7316 6387
7125 6558
7495 6273
7775 6060
7187 6541
8169 5768
7812 6103
7897 6082
7924 6072
7619 6348
6448 7516
7155 6811
7542 6446
8077 5996
6995 6982
7416 6576
7690 6406
8122 6037
8061 6115
7653 6463
7657 6466
6548 7589
7826 6382
7524 6653
8054 6260
7452 6844
7631 6691
8196 6161
7273 7088
8051 6380
8180 6271
8047 6435
7512 6945
7955 6521
6789 7686
8000 6557
7984 6590
7624 6943
7967 6622
7153 7439
8303 6145
8334 5931
7892 6766
7503 7198
7798 6910
8265 6339
7687 7071
8002 6820
7474 7385
7776 7096
8029 6882
8185 6756
7872 7179
8006 7103
7766 7369
8043 7123
7656 7602
8318 6588
7728 7610
8081 7275
7878 7558
8222 7344
8298 7208
8001 7767
8286 7479
8190 8121
1005924530 1647351560
1
sift 1429
154 209
31 32
16 18
27 25
17 19
32 40
256 322
159 204
36 35
47 70
54 60
34 42
503 471
250 358
42 66
74 93
90 96
51 63
473 662
278 370
46 68
79 88
122 125
73 81
447 698
510 557
82 80
119 127
126 131
93 79
648 889
505 631
85 86
114 141
123 145
72 106
692 904
551 660
105 111
174 245
128 158
101 133
879 903
584 666
113 126
199 260
132 169
146 138
750 1100
523 808
137 155
243 367
136 166
131 165
983 1005
660 762
143 157
236 415
147 163
129 185
884 1126
793 794
156 191
277 353
164 207
165 199
1047 1239
741 873
157 216
312 362
186 249
161 227
1048 1327
726 1049
209 205
410 463
181 281
177 289
1263 1150
930 996
197 252
465 496
221 231
220 267
1403 1141
798 1146
202 259
429 561
266 334
223 287
1231 1858
849 1219
210 306
463 521
289 317
233 279
1396 1764
966 1199
232 285
422 614
279 349
260 254
1530 1806
1087 1128
217 331
524 508
265 425
247 293
1573 1789
962 1293
253 303
522 532
293 405
234 339
1755 1713
1028 1298
255 333
474 638
350 371
268 326
1183 3043
1199 1539
269 325
613 709
297 505
267 355
1667 2075
1066 1808
274 340
680 654
325 480
263 364
1689 2159
1404 1406
300 388
699 958
352 438
320 391
2039 2292
1177 1690
299 428
745 937
337 559
276 487
2234 2799
1692 1331
341 378
738 1018
491 477
309 434
2260 2816
1331 1897
317 432
802 1021
534 527
303 460
2220 3092
1559 1751
330 417
813 1079
492 600
326 459
2417 3336
1565 1898
331 457
734 1246
536 1028
392 390
3027 2469
1697 1917
373 467
1073 1245
609 864
340 522
3219 2494
1623 2110
412 453
1052 1307
767 921
361 538
2680 3672
1460 2465
471 416
995 1469
821 1159
372 534
2913 3355
1659 2072
397 510
1134 1338
840 1269
432 492
2663 3812
2026 1742
369 577
1166 1318
1077 1037
398 520
2961 3565
1712 2198
404 511
933 1633
1150 1041
387 580
2957 3660
1736 2177
395 566
1050 1782
1001 1166
470 469
2538 4312
1899 1956
394 599
1277 1705
1011 1206
458 523
3394 3360
1916 2018
407 587
1236 1886
1138 1214
417 623
3065 4006
1815 2284
435 605
1507 1557
1145 1229
545 483
2950 4296
2154 2092
448 584
1241 1947
831 1838
451 608
2800 4832
1734 2670
455 637
1552 1550
1083 1534
437 681
3328 3990
2762 1934
501 607
1258 2184
1447 1521
454 710
3346 4097
1711 3507
526 597
1525 1738
1306 1698
452 715
3427 4123
1994 2834
500 643
1500 1906
1481 1537
467 702
4315 3358
2199 2807
507 668
1524 1895
1368 1671
496 684
3822 4302
2111 3523
569 651
1537 1883
1582 1491
518 716
3914 4383
2513 2823
553 690
1517 1983
1411 1697
564 686
4092 4758
2808 3232
533 725
1520 2108
1429 1717
468 854
4361 4866
2969 3153
504 778
1435 2287
1448 1707
568 697
4564 4733
2712 3545
557 720
1591 2371
1405 1853
457 974
4185 5439
2859 3601
515 810
1730 2275
1653 1636
548 772
4418 5216
2689 3916
566 775
1856 2362
1996 1463
594 742
4646 5969
2431 4481
634 711
2302 2162
1535 1941
649 703
4465 6182
3261 3495
623 744
1850 2817
1929 1559
657 731
5284 5446
2830 4508
629 774
1891 2720
2129 1726
626 789
5564 5499
2727 5341
618 823
1872 3030
1728 2121
624 843
5689 5749
3491 4057
647 809
1979 2829
1644 2484
693 745
5373 6321
3410 4391
662 812
2239 2478
2080 2016
664 816
4909 7337
3264 4718
576 1004
2255 2540
2291 1954
695 766
5507 6703
2968 5427
637 905
2167 2938
1873 2397
627 984
5634 7177
3748 4107
645 944
2097 3095
2152 2603
605 1052
6852 5977
3672 4583
619 1006
1859 3837
2021 2844
614 1051
6101 7392
3714 4702
667 971
2502 2668
2320 2423
735 813
6856 8092
3259 5621
678 928
2376 3031
2173 2674
633 1056
8019 7681
3632 5048
688 948
2436 3251
2082 2862
641 1077
7879 8271
4460 4048
704 990
2580 3038
2130 2810
897 769
3892 4746
915 765
2215 3777
2217 2725
670 1097
4253 4596
705 1015
2743 2930
1974 3216
733 964
3651 5580
724 992
2566 3263
2265 2703
763 935
3991 5088
723 1003
2853 2956
2292 2661
787 922
3897 5289
710 1044
2974 3006
2063 3253
780 959
3779 5826
722 1043
2643 3475
2551 2538
851 940
4038 5864
778 1046
3194 2843
2405 2818
903 899
4708 5213
822 1007
3245 3381
2392 2988
960 934
4415 5558
952 945
3100 3708
2350 3206
938 978
5360 5169
825 1110
3108 3737
2419 3233
830 1107
5258 5296
791 1179
2748 4314
2332 3512
909 1055
5597 5193
929 1042
2471 5041
2361 3599
768 1286
5490 5319
932 1063
2709 4436
2506 3292
771 1328
5486 5389
984 1032
3114 3888
2804 3287
982 1088
4481 6542
881 1190
2872 4425
2773 3438
947 1137
5331 6092
926 1165
3234 3993
2970 3407
907 1212
5288 6181
943 1167
4136 3272
2666 3808
920 1224
5464 6130
899 1264
3020 4934
4487 2526
991 1147
5692 6510
1046 1116
3764 3945
3433 3421
1187 1038
5326 7304
997 1196
4352 3595
3305 3989
1198 1081
5792 6719
939 1387
3875 4013
3476 3843
937 1424
7393 5525
970 1416
3446 4739
3453 3918
1000 1372
5445 7570
1065 1285
3552 4605
3188 4493
1056 1297
7307 5767
1014 1371
3721 4538
3494 4083
1090 1250
5762 7613
1160 1207
3586 4857
3481 4136
1010 1411
6095 7556
945 1531
4286 4044
3992 3933
1036 1401
6853 6697
1037 1403
3478 5378
3314 5006
1397 1060
6147 7506
1137 1294
3928 4597
4088 3986
1082 1365
6275 8018
1189 1290
4099 4415
3904 4343
1157 1395
7066 7872
1072 1502
4045 4791
3666 4710
985 1620
7121 8152
979 1649
3336 6173
3622 4800
1190 1382
8358 7386
1126 1470
4728 4282
3754 4557
1176 1452
1142 1508
4335 4621
4261 4213
1171 1480
1132 1547
4476 4650
4554 4038
1287 1389
1211 1475
3867 5430
4239 4272
1117 1596
1085 1642
3979 5489
3732 4994
1361 1363
1283 1473
4700 4789
3162 6451
1249 1512
1458 1299
3967 5599
3884 5238
1334 1448
1140 1673
4096 5431
3783 5535
1305 1476
1359 1441
4249 5279
3826 5763
1376 1444
1188 1624
4894 4755
4118 5498
1300 1530
1438 1417
4845 4793
4492 5111
1412 1431
1195 1685
4377 5565
3946 6076
1347 1514
1158 1819
5003 5079
5489 4565
993 2221
1313 1578
4695 5406
4039 6464
1220 1703
1152 1831
5187 5298
4233 6199
1319 1584
1484 1430
4496 5912
4693 5781
1253 1663
1267 1651
5652 4898
5193 5412
1358 1573
1341 1594
5269 5400
4388 6227
1265 1701
1342 1610
5151 5461
5531 5684
1269 1725
1372 1599
5105 5631
4698 6876
1271 1756
1380 1613
4994 5893
5353 6119
1466 1555
1326 1734
5335 5681
6441 5350
1335 1729
1315 1777
5075 5951
6195 5532
1238 1903
1219 1967
4981 6085
4750 7575
1248 1928
1386 1695
4831 6439
6605 5466
1275 1891
1442 1664
5086 6215
6641 5462
1425 1724
1768 1415
4915 6637
6733 5538
1499 1618
1414 1757
5791 5829
5848 6287
1266 2003
1407 1786
5332 6539
5424 7211
1503 1643
1421 1812
6096 5761
5834 6627
1382 1879
1059 2745
5017 7353
6409 6705
1726 1519
1931 1399
5537 6612
5836 7542
1508 1785
1476 1825
4960 7774
7070 6582
1454 1861
1732 1558
5357 7217
7508 6183
1467 1874
1409 1958
5707 6707
6188 7682
1562 1755
1381 2037
5929 6976
6247 7898
1233 2429
1617 1749
6196 6683
7503 7634
1428 2050
1514 1929
6065 6971
6722 8221
1568 1855
1540 1922
5441 8005
7924 7396
1509 1987
1529 1992
6463 6665
7534 8194
1539 1977
1348 2403
5872 7528
8179 7949
1589 1945
1655 1892
6460 6883
1478 2271
1632 1955
6129 7498
1677 1905
1534 2199
6483 7074
1433 2391
1601 2034
6492 7233
1596 2049
1830 1807
6548 7348
1634 2015
1715 1939
7963 6128
1618 2102
1613 2122
7384 6771
1611 2127
1657 2125
7153 7024
1674 2100
1729 2040
7041 7160
1329 3157
1516 2463
6510 7769
1672 2157
1740 2057
6169 8195
1825 1968
1567 2370
6378 8093
1614 2289
1714 2150
6877 7882
1824 2017
1756 2119
7023 7854
1967 1868
1708 2190
7040 7965
1797 2062
1719 2187
8153 7115
1831 2035
1662 2291
7157 8116
1800 2135
1833 2079
7872 8006
1841 2080
1924 1978
1926 1981
1817 2145
1764 2232
1834 2132
2073 1889
1782 2209
1647 2398
1747 2297
1807 2259
2089 1951
1802 2273
1765 2317
1895 2165
1757 2357
1723 2434
1876 2295
1854 2325
1751 2474
1788 2413
2138 2046
1888 2306
1887 2326
1784 2472
2015 2241
2101 2169
1914 2376
2092 2217
1842 2504
1966 2327
2286 2033
1621 3108
2070 2277
1690 2922
1938 2401
1871 2502
1777 2793
1997 2389
2029 2375
2156 2296
2179 2288
1864 2699
1633 3394
2124 2368
2140 2378
1998 2523
2212 2322
1990 2562
1925 2702
1877 2808
1937 2688
2055 2508
2382 2266
2192 2450
2127 2545
2164 2613
2166 2616
2028 2840
2153 2654
1883 3186
2134 2689
2229 2548
2145 2679
2180 2629
2031 2895
1934 3096
1829 3391
1951 3064
2057 2864
2242 2602
2047 2919
2007 3021
2147 2786
2058 2953
2222 2709
2225 2738
2171 2887
2011 3224
2268 2759
2295 2713
2151 2996
2022 3344
1940 3517
2257 2907
2495 2489
2141 3161
2595 2407
2277 2898
2620 2388
2411 2682
2214 3136
2330 2903
2298 2966
2283 3013
1676 4444
2560 2549
2310 3007
2136 3375
2451 2755
2271 3126
2224 3237
2051 3571
2023 3644
2728 2437
2953 2320
2437 3004
2339 3258
2203 3575
2378 3254
2563 2878
2433 3162
2150 3732
2383 3301
2809 2621
2601 2926
2303 3520
2752 2744
2516 3102
2771 2737
2757 2797
2801 2739
2638 3002
2208 3840
2529 3205
2673 2961
2406 3456
2408 3463
2372 3563
2705 2955
2607 3121
2606 3208
2730 3059
2517 3401
2533 3370
2264 3900
2616 3247
2401 3656
2862 2875
2835 2943
2623 3293
2697 3178
2660 3238
2559 3424
2452 3686
3003 2833
2702 3296
3017 2890
2899 3073
3013 2947
2855 3239
2905 3192
2263 4332
2822 3408
2828 3398
3216 2913
2865 3354
2457 3984
2590 3767
3173 2978
3035 3184
2652 3755
2708 3691
2650 3770
2349 4434
3571 2691
2683 3771
2443 4200
2888 3524
2813 3628
2823 3642
3103 3300
3150 3278
2901 3578
2561 4058
2863 3652
2917 3612
3395 3044
2897 3645
3072 3429
2703 3901
3068 3445
2937 3665
2916 3709
3202 3373
3022 3597
3278 3315
3074 3669
3091 3687
2954 3839
2695 4236
3388 3393
3053 3762
3004 3820
2902 3958
3134 3715
3028 3823
2904 3979
2939 3937
3099 3772
3203 3668
2754 4255
2794 4217
2701 4395
2903 4043
2736 4350
3033 3898
3235 3710
3177 3769
3106 3848
2909 4091
2938 4061
3270 3702
2779 4357
2989 4012
3006 4009
3141 3867
3249 3753
2882 4224
3071 4041
2827 4438
3788 3274
3155 3965
3741 3327
2796 4625
3273 3895
2734 4797
3230 3980
2966 4358
3158 4076
3268 3998
3602 3675
3575 3725
2749 4961
3182 4125
3213 4110
3041 4370
3487 3842
3290 4051
2956 4598
2988 4545
2924 4729
3327 4064
3755 3629
3319 4096
3243 4192
3677 3719
3309 4142
3298 4173
3915 3552
3046 4636
2843 5104
3199 4390
4047 3468
3047 4732
3315 4310
3366 4229
3189 4502
3087 4726
3422 4208
3725 3841
3345 4338
3407 4242
2805 5434
3248 4496
3208 4615
3286 4491
3458 4262
3560 4147
3573 4117
3761 3924
3049 5047
4005 3800
3435 4495
3619 4223
3888 3949
3505 4489
3353 4777
3448 4632
3740 4160
3578 4437
3429 4762
3674 4315
3545 4582
3513 4648
3640 4420
4355 3763
3636 4445
3356 4935
3606 4533
3599 4561
3786 4286
3381 5062
3502 4841
3538 4790
3519 4826
3365 5146
3496 4986
3739 4564
3267 5493
3408 5258
3196 5744
3579 5005
4281 4092
3684 4846
3503 5259
3766 4734
3675 4906
3747 4799
3643 4991
2985 6518
3369 5568
3562 5235
4699 3942
3859 4658
3603 5218
3607 5204
3852 4761
3990 4560
3661 5175
5050 3875
4107 4513
3401 5753
4656 4102
3880 4848
3686 5219
4667 4113
3806 4984
3927 4836
3868 4911
3855 4996
4157 4618
3907 4962
3895 4987
3798 5157
3862 5095
3781 5253
3688 5441
3851 5177
4681 4329
4177 4798
3700 5531
3121 7188
3838 5331
3932 5220
4672 4431
3937 5265
3894 5352
4050 5093
4314 4794
4809 4418
4070 5128
3818 5530
4075 5149
4106 5123
4274 4929
4399 4825
4114 5212
4446 4856
4175 5195
4557 4819
4256 5172
3813 5777
4196 5264
3211 7644
3961 5625
4162 5390
4301 5221
4235 5330
4111 5481
4181 5429
5436 4377
4626 5055
4376 5301
4501 5229
4359 5376
3960 5852
4661 5121
4722 5082
4604 5207
5483 4446
4169 5648
4252 5572
3853 6167
4588 5262
4121 5742
4914 4982
4032 5867
3775 6495
4886 5070
4407 5477
4199 5707
4270 5634
4442 5455
4837 5126
3782 6520
4748 5249
5121 4881
4308 5624
4105 5857
4371 5590
5248 4845
5752 4411
4535 5501
4350 5659
4370 5636
4062 6034
4296 5733
5504 4668
4216 5895
4221 5953
4109 6090
4467 5680
4556 5630
4382 5806
4820 5442
4145 6161
4187 6111
4684 5616
5102 5254
4657 5640
5190 5180
4108 6300
4483 5828
4300 6028
5412 5053
4677 5688
4379 5987
5144 5313
5434 5063
4629 5774
4978 5491
4856 5610
4236 6327
5132 5410
4791 5683
4122 6562
4574 5929
5212 5425
5229 5432
5295 5408
4103 6861
4279 6521
4356 6446
4397 6380
4836 5878
4847 5896
4769 5966
4280 6698
5213 5573
5245 5561
4645 6117
4891 5915
3935 7706
4874 6032
4702 6288
4741 6256
4561 6519
4868 6098
5071 5902
4620 6498
4830 6239
4816 6312
4939 6132
4758 6402
4863 6289
5042 6040
4372 7023
5508 5602
4792 6429
5344 5800
4956 6212
4671 6645
4392 7104
4749 6563
4622 6786
5312 5919
6061 5278
4596 6950
5164 6172
5061 6354
5529 5812
5714 5661
4931 6653
6041 5418
5680 5731
4715 7060
4247 7826
5327 6137
4834 6926
5173 6383
5325 6164
5077 6533
4405 7612
5926 5582
5128 6505
5220 6398
5116 6555
4955 6854
4577 7520
4469 7675
4780 7251
4329 7942
5198 6614
5534 6107
5099 6768
5204 6631
5092 6807
4876 7277
5250 6701
4668 7622
4727 7597
4776 7523
5307 6709
5416 6554
5430 6513
5208 6898
4877 7454
4922 7411
4958 7437
5379 6849
4549 8111
5249 7165
4920 7697
5274 7164
5032 7522
5081 7471
5381 7032
5028 7573
5134 7408
5317 7155
5227 7301
5558 6750
5551 6756
7186 5322
5427 7005
5399 7082
5030 7639
5602 6716
5854 6315
5556 6800
5377 7151
5809 6391
5560 6836
5375 7218
5514 6960
5450 7095
5473 7056
5728 6606
5851 6433
5697 6702
5119 7670
5158 7652
5418 7293
5807 6599
5401 7333
5693 6796
5917 6463
5444 7319
5149 7804
5177 7829
5049 8030
6379 6082
5330 7674
5403 7584
5910 6726
5794 6932
5816 6904
5201 7900
5524 7429
5750 7061
5907 6806
5517 7479
5797 6984
5867 6916
5727 7207
6732 6011
5240 8043
6140 6749
6004 6981
5629 7580
5875 7243
6354 6588
5941 7179
6808 6170
5795 7417
5955 7223
6696 6375
5632 7803
6272 6888
6269 6911
6377 6843
6957 6294
6432 6811
6009 7391
6003 7416
6480 6826
5501 8117
7016 6328
6566 6754
5766 7784
6178 7311
5967 7619
7161 6326
7297 6194
5974 7700
5667 8108
6515 7086
6325 7288
6100 7598
6018 7739
5947 7867
6184 7586
6517 7221
6212 7579
6774 7022
5863 8058
6559 7305
6579 7313
6197 7820
6609 7373
6309 7701
6913 7091
5710 8248
6273 7752
6138 7986
7387 6760
5822 8255
6319 7972
6740 7561
7270 7046
7563 6774
6442 7883
6893 7492
7400 6987
6395 7983
7271 7193
6339 8087
6735 7734
7459 7055
6555 8076
6450 8156
6894 7881
7759 7094
7173 7691
6781 8031
6788 8123
7199 7828
6985 8029
7341 7730
8061 7051
7711 7453
6884 8159
7749 7617
7805 7636
7569 7879
7797 7704
7619 7934
7440 8080
7027 8259
8211 7469
7888 7933
8344 6912
7512 8212
7896 8191
8248 8125
1005924530 1664374466
1
sift 202
34 63
105 165
217 317
51 69
46 86
263 489
247 319
156 248
260 268
303 541
289 320
233 323
223 419
340 720
276 733
330 494
331 526
361 798
410 544
458 649
522 539
463 656
641 886
518 982
474 745
852 889
624 1574
594 1140
619 1629
763 1213
633 1587
851 1103
778 1385
796 1478
943 1416
755 1948
1075 1338
1269 1685
1030 1519
1056 1659
1011 1564
1253 2281
945 1754
1065 1662
979 1993
993 3378
1014 1895
1082 1743
1176 1839
1278 2543
1140 2447
1188 1941
1361 1752
1308 2793
1306 2259
1190 2122
1152 2668
1326 2922
1341 2531
1313 2532
1509 2172
1539 3349
1386 2429
1382 2489
1414 2455
1660 3252
1448 2459
1567 2318
1428 2484
1856 2964
1535 2692
1454 2641
1476 2937
1864 3492
1728 2902
1931 2258
1674 2993
2255 2988
1690 3966
1657 3253
1729 3121
2229 3544
2105 3039
1887 2895
1621 3748
1877 4361
1752 4215
1876 3099
1800 3396
1883 4397
2148 3968
1764 3629
1747 3833
2616 3470
2007 4595
1817 3660
2127 3118
2215 5038
2607 3440
2140 3479
2166 3423
2563 4137
2637 4421
2268 3351
2171 3587
2853 3773
2506 4832
2242 3618
2595 3028
2433 5019
2416 5800
2464 3370
2031 4362
2559 5221
2701 4993
2330 3720
2141 4303
3202 4308
3071 4820
2258 4057
2352 3930
2748 6422
3494 4613
2058 4910
2378 4200
4728 4970
3458 5400
2562 4301
2756 3948
3688 7656
3992 4672
3103 3694
2848 4296
4114 6930
3904 5029
2882 4496
2452 5716
4496 6980
3732 6057
2916 4654
2703 5197
4856 6527
3613 6796
3091 4450
2897 5028
4792 7650
5122 6151
3601 4110
2989 5242
4741 7767
5335 6427
3158 4936
2904 5948
4820 7643
5308 7703
3353 5253
3243 5645
5325 8043
3196 5785
3428 5630
5215 8288
3408 5776
3545 5628
6448 8263
3199 6432
3316 6175
3691 5560
3345 6407
3661 5686
3813 5532
3868 5901
3747 6270
3798 6166
3766 6319
3781 6668
3851 6779
3855 6868
3932 6735
4356 6140
4376 6224
4301 6352
3853 7344
4371 6378
3629 8222
3943 7661
4157 7226
4108 7659
4467 7130
4556 7088
4382 7888
4765 7469
4280 8198
4709 7816
4324 8280
4887 7930
5327 7296
5312 7711
5228 8031
5529 7875
7161 7426
6272 8272
7749 7853
1005924530 1789068863
1
sift 3206
23 24
30 30
8 8
27 26
40 48
9 10
26 27
65 77
10 12
35 36
116 111
16 17
41 47
195 204
17 18
68 70
122 124
32 35
106 119
211 252
34 38
74 75
145 149
36 37
121 132
224 254
46 46
124 130
152 160
42 58
153 148
242 271
51 51
154 165
186 199
54 54
184 194
250 283
47 66
189 196
197 216
58 61
214 261
301 318
66 65
256 266
207 232
63 67
275 380
290 341
60 68
243 275
266 299
70 74
327 349
356 360
73 76
335 233
265 309
71 79
346 361
362 382
82 84
338 384
350 374
79 87
368 402
378 443
84 83
382 411
351 386
85 86
396 437
384 467
89 85
359 456
431 421
93 89
379 483
439 470
90 95
374 496
456 516
92 98
433 464
459 556
101 109
443 480
491 482
105 108
447 529
494 533
113 116
444 569
472 589
114 117
473 519
510 554
118 112
480 525
541 517
119 115
503 543
505 561
126 120
559 632
508 591
123 128
558 665
523 583
128 138
648 643
534 566
137 133
586 712
551 605
132 136
635 666
519 644
131 139
630 682
584 578
146 135
610 708
588 701
143 145
654 689
660 719
129 155
680 736
702 720
147 147
752 685
689 817
156 166
692 771
721 800
155 167
714 802
829 716
167 157
708 847
741 858
172 156
697 911
726 880
164 171
751 878
719 950
161 177
789 853
793 873
165 174
750 898
795 922
173 172
784 865
798 992
174 186
716 954
821 923
171 192
873 827
857 947
170 193
759 988
847 1078
190 180
818 943
930 1013
181 197
880 899
831 1175
177 206
832 960
917 1077
199 207
879 987
962 1056
202 215
841 1024
968 1069
208 210
886 1006
999 1076
196 248
908 983
867 1246
221 217
1124 838
966 1116
223 227
884 1045
1028 1114
210 245
911 1008
1021 1147
220 234
882 1197
1087 1087
227 238
1081 1038
1035 1162
230 253
1047 1118
1114 1097
233 255
1068 1130
1031 1247
235 257
1062 1154
1118 1216
232 259
1048 1160
1138 1195
234 273
1023 1199
1191 1159
229 287
1103 1127
1199 1209
247 263
1292 1034
1066 1361
238 279
1052 1172
975 1510
260 258
1202 1108
1276 1239
236 288
1166 1194
1403 1137
255 265
1263 1129
1002 1617
253 267
1045 1414
1145 1374
268 274
1012 1464
1294 1263
311 225
1168 1319
1177 1397
262 282
1312 1208
1243 1391
271 286
1179 1347
1331 1353
269 296
1336 1262
1302 1441
263 303
1261 1270
1307 1486
267 305
1180 1444
1451 1492
279 294
1258 1284
1370 1645
286 293
1255 1352
1468 1635
274 298
1209 1429
1481 1566
259 314
1231 1426
1404 1698
289 302
1299 1339
1565 1607
298 295
1325 1329
1345 1956
293 310
1241 1408
1460 1817
283 320
1247 1437
1559 1695
276 332
1133 1570
1685 1630
280 336
1295 1388
1659 1789
300 313
1183 1529
1644 1757
299 339
1327 1430
1697 1782
295 350
1423 1363
1506 2025
312 329
1215 1609
1736 1794
291 377
1364 1472
1761 1693
320 335
1387 1459
1687 1882
309 346
1203 1702
1505 2192
303 365
1161 1802
1769 1875
329 340
1510 1355
1734 1948
326 348
1455 1456
1814 1858
324 359
1431 1511
1803 1890
313 371
1396 1581
1711 2055
343 342
1482 1551
1815 1945
330 354
1538 1536
1770 2048
341 343
1374 1766
1722 2117
331 368
1523 1612
1898 1902
363 344
1500 1631
1863 1941
337 391
1573 1597
1916 1907
347 390
1884 1360
1996 1834
340 399
1554 1677
1678 2224
364 378
1524 1736
1727 2163
361 404
1575 1674
1712 2203
392 372
1624 1668
2041 1854
373 408
1530 1815
1908 2010
376 406
1525 1799
1899 2021
372 418
1590 1778
2026 1922
377 413
1547 1788
1623 2533
366 448
1737 1652
1654 2512
369 445
1667 1752
1942 2165
399 409
1689 1747
2030 2113
412 405
1808 1669
1929 2180
391 420
1844 1719
1811 2407
395 428
1901 1729
2137 2115
404 427
1801 1826
2086 2183
402 435
1799 1848
2021 2267
394 452
1918 1768
1935 2373
397 442
1699 2033
1963 2336
398 451
1709 2027
2154 2234
410 438
1627 2164
1959 2419
408 441
1755 2031
2158 2290
409 446
1713 2094
1974 2436
422 458
1882 1880
2114 2390
427 469
1849 1946
2291 2140
438 466
1661 2187
2195 2370
437 468
1754 2116
2054 2514
429 478
1794 2057
2294 2458
417 487
1906 1928
2223 2557
407 495
2128 1790
2356 2484
416 502
1987 1906
2130 2691
458 474
1858 2169
2266 2614
470 463
1771 2298
2762 2148
441 503
2204 1992
2267 2673
479 460
1920 2158
2426 2476
465 477
2018 2190
2111 2891
435 522
1991 2250
2250 2806
451 508
2032 2247
2543 2471
415 559
1979 2337
2675 2412
442 534
2233 2193
2513 2591
463 500
1992 2431
2384 2750
455 518
2241 2331
2431 2859
428 574
2097 2339
3038 2354
448 537
2000 2538
2329 3210
471 512
2239 2328
2612 2785
452 546
2515 2072
2689 2798
454 555
1859 2837
3014 2464
474 532
2260 2355
2712 2799
492 521
2234 2398
2724 2810
520 501
2371 2268
2879 2833
457 593
2410 2240
2659 3191
467 580
2220 2502
3184 2662
506 527
2306 2426
2694 3198
450 629
2039 2780
2830 3116
501 553
2218 2569
2772 3151
468 607
2254 2583
2685 3329
522 538
2249 2553
2807 3190
495 575
2692 2161
2859 3157
500 571
2390 2457
2741 3323
524 540
2386 2489
3222 2815
545 524
2376 2486
2847 3305
507 577
2200 2868
2968 3399
546 531
2315 2753
3043 3266
549 526
2493 2665
3516 2821
496 595
2743 2414
2844 3613
511 600
2594 2661
3113 3404
518 594
2502 2640
3163 3432
564 551
2469 2826
2908 3786
550 572
2530 2643
3326 3395
527 599
2575 2708
3261 3537
489 660
2592 2677
3495 3326
530 610
2427 2974
3457 3528
532 612
2566 2745
2881 3985
553 592
2581 2779
3410 3573
526 622
3117 2403
3996 2963
528 621
3027 2488
3085 3930
533 633
3036 2493
3264 3779
504 674
2837 2653
3090 4034
569 587
2185 3690
4088 2987
548 626
2800 2707
3212 3895
567 602
2537 3008
2766 4636
539 638
2663 2904
4165 3031
668 505
2790 2781
3359 3738
542 640
2920 2762
3836 3368
515 687
2553 3175
3666 3431
560 624
2910 2811
3748 3473
598 576
2680 3085
3259 4057
568 628
2761 3136
3744 3633
557 647
2585 3335
3374 4076
591 608
2690 3252
2969 4777
536 683
2890 3018
3491 3984
556 668
2913 3015
3026 4822
552 675
2787 3317
3284 4422
601 606
2788 3349
3648 3960
593 619
2709 3418
3622 4018
585 654
3219 2852
3543 4143
566 692
2374 3993
3801 3822
634 609
2942 3187
3672 3990
622 639
2995 3134
3596 4183
594 672
2886 3301
3714 4060
643 635
2961 3221
4317 3618
640 642
2720 3534
3969 3863
573 718
2786 3471
4197 3735
570 725
2810 3455
3676 4230
606 694
2974 3237
3857 4011
609 688
3192 2977
3437 4833
629 658
3128 3094
3796 4096
485 910
2735 3617
3651 4420
615 703
2957 3340
3783 4157
576 759
3152 3141
3800 4163
590 756
2894 3446
3720 4338
623 723
3065 3274
3962 4139
605 752
3194 3140
3831 4255
587 780
4024 2501
3878 4271
620 731
2872 3526
4142 4118
641 715
3790 2704
3632 4919
649 707
3172 3385
3897 4516
624 740
3136 3452
3812 4784
657 717
3114 3454
3884 4535
617 764
3340 3251
4119 4359
658 722
3289 3322
4253 4264
618 779
2949 3720
3779 4905
637 767
3336 3296
4097 4430
619 791
3073 3600
3991 4622
662 744
2907 3777
3826 4893
638 777
3310 3393
3998 4750
645 772
3179 3535
4239 4404
677 724
3346 3548
4460 4261
670 739
2996 3893
4120 4616
604 843
3743 3188
4015 4757
627 803
3234 3713
4170 4619
633 794
4316 2822
4491 4304
664 766
3438 3656
3946 4938
686 729
3549 3647
4238 4593
616 875
3620 3538
4010 4873
647 829
3328 3866
3954 5026
674 790
3528 3744
4233 4809
667 813
3421 3869
4203 5005
695 763
3591 3717
4400 4817
693 781
3413 3961
4652 4626
636 887
3552 3803
4481 4927
742 727
3466 3920
3899 5626
678 825
3763 3677
4336 5096
688 822
3948 3637
4519 4980
760 746
3822 3769
4038 5490
710 835
3753 3842
4694 4912
811 758
3297 4544
5326 4395
722 834
3377 4410
4640 4973
763 805
3646 4052
4575 5103
705 879
3338 4600
4415 5292
738 840
3354 4575
4311 5375
704 891
3759 3965
3978 5883
735 846
3980 3794
5353 4587
746 852
3785 4091
5360 4684
754 850
3478 4506
5256 4823
723 885
3464 4650
5110 5101
788 821
3344 4821
4244 5770
783 830
3490 4776
5331 4925
701 935
3721 4326
5025 5198
855 775
3690 4455
5058 5243
785 842
3891 4099
4750 5526
757 866
3955 4094
5010 5340
776 855
3771 4386
4840 5522
724 915
3805 4517
4333 5990
797 839
4352 3836
4884 5516
790 844
4450 3911
5842 4664
779 863
4342 4013
5171 5378
755 895
4456 3962
5385 5232
764 882
4099 4211
5836 4848
730 931
5111 3709
4334 6497
778 902
3473 5388
5489 5259
787 897
3994 4463
5288 5488
809 870
4085 4352
4990 5675
781 925
4092 4351
5643 5178
852 857
4200 4246
5303 5532
768 945
3567 5318
5063 5802
803 912
4058 4513
5490 5460
897 811
4043 4550
5261 5704
734 984
3867 4787
5848 5142
771 952
3454 5596
5485 5531
932 793
4136 4426
5313 5726
802 934
4258 4348
5812 5357
874 862
4272 4337
5531 5553
813 936
4155 4471
4781 6621
836 920
4232 4475
6145 5227
806 959
4016 4805
5619 5674
854 921
4361 4406
5258 6376
796 973
3527 5670
5280 6417
851 928
4505 4340
6158 5489
833 940
4007 4899
5692 5910
875 908
4172 4726
5464 6255
822 962
4184 4756
5843 5948
914 871
4377 4543
6641 5246
870 926
3520 5987
5966 5872
825 974
4299 4745
6195 5554
791 1035
4459 4603
5793 6123
916 913
4096 5054
5937 5994
980 896
4251 4968
5404 6989
869 1000
4431 4832
6042 6061
909 969
4521 4760
5596 6835
881 1010
4564 4761
6853 5584
878 1017
4185 5144
5744 6696
991 929
5146 4320
6238 6049
987 938
4747 4693
5678 7015
903 1002
4286 5112
6247 6062
840 1072
4516 5033
6275 6133
774 1170
4513 5037
6409 5929
938 979
4636 4946
6235 6240
901 1022
5088 4585
4861 8305
954 976
5323 4401
6025 6599
906 1021
5163 4549
6310 6200
891 1039
4777 4883
6051 6606
1005 951
5003 4702
6417 6189
960 998
4589 5062
6078 6639
907 1040
4650 5117
6147 6590
923 1049
4522 5223
6694 5979
929 1044
4795 5020
6033 6758
890 1095
4646 5158
5952 6981
969 1033
4902 4971
6605 6144
984 1032
4688 5162
6246 6596
947 1066
4695 5228
5686 7502
918 1098
4805 5133
5681 7588
1001 1023
4167 5716
6733 6098
753 1372
5595 4540
6686 6230
942 1085
6153 4120
6613 6469
920 1126
4979 5129
6095 7217
982 1060
5221 4920
6109 7243
997 1054
4872 5236
6281 6942
926 1119
4862 5258
6335 6888
970 1071
5135 5077
6424 6978
936 1133
5055 5184
6494 6953
839 1265
5045 5256
6867 6545
961 1104
4410 5917
7079 6452
1051 1043
5688 4780
6489 7141
872 1249
5488 4992
6501 7152
1037 1065
5346 5218
6261 7497
1027 1075
5002 5449
6634 7076
985 1131
4838 5639
6230 7644
971 1139
3973 7067
6505 7286
1011 1103
4373 6180
7586 6163
994 1141
4987 5651
6458 7375
937 1190
5284 5482
5486 8403
1009 1134
5133 5591
7393 6467
967 1177
6392 4606
7307 6626
1000 1156
5387 5469
7376 6650
1032 1117
4855 5947
7285 6943
933 1225
4599 6419
6768 7664
1046 1115
6976 4611
7140 7357
1155 1053
6191 5048
7121 7399
995 1184
5137 5996
7649 6784
1083 1094
4662 6737
7066 7560
1065 1135
5183 6072
6290 8288
1010 1176
5652 5563
7519 7078
1014 1182
5773 5521
6814 7876
1112 1106
4764 6762
7425 7220
1073 1151
5614 5664
8005 6618
1061 1158
4705 7002
7162 7508
978 1258
5527 5767
7209 7513
1040 1185
6308 5140
6752 8145
1036 1186
5165 6269
7254 7682
1058 1174
5634 5695
6725 8234
1056 1178
5970 5461
6786 8231
1079 1157
5518 5963
7996 7297
1008 1248
5721 5741
7408 7953
1078 1173
5908 5621
8168 7079
1101 1183
6568 5257
7832 7594
1227 1093
5791 5798
7340 8065
1042 1260
5785 5813
7543 7998
1160 1161
5741 5850
8103 7432
1082 1211
4975 7238
7821 7770
1182 1155
6096 5723
7231 8306
1059 1259
5309 6882
7949 7828
1026 1297
5564 6457
7916 7750
896 1521
5569 6456
7485 8270
1020 1328
5965 5886
7095 8387
1071 1271
5277 7027
8358 6908
1128 1220
5779 6231
8121 8073
981 1428
5589 6611
8319 7837
1137 1242
4997 7744
8337 7337
1157 1241
6107 5939
1072 1316
5861 6238
8141 8301
1189 1200
6989 5443
1125 1272
6030 6137
913 1590
5769 6533
993 1450
5222 7605
1165 1243
5948 6313
1085 1307
5895 6477
1134 1281
6101 6446
1185 1233
5636 6984
1211 1206
5759 7058
1187 1237
5034 8048
1176 1251
7050 5673
1171 1256
6556 6004
1286 1166
6159 6546
1090 1342
5866 6952
979 1526
5912 6941
1140 1304
6396 6265
1102 1343
5605 7627
1127 1325
7040 5790
1341 1150
6873 5922
1111 1344
6220 6549
1198 1274
6000 6920
1244 1236
6378 6398
1132 1362
5492 7910
1306 1191
5960 7160
1190 1291
6726 6170
1318 1193
6737 6178
1282 1221
5988 7139
1163 1356
5902 7305
1141 1376
6992 6088
1246 1264
6938 6248
958 1662
7321 6048
1308 1213
7841 5628
1219 1296
7352 6073
1105 1420
6169 7249
1252 1269
7682 5825
1361 1188
7550 5874
1310 1227
6330 7275
1218 1310
6715 6731
1194 1345
7701 5927
1217 1330
6106 7655
1288 1273
7873 5852
1287 1275
6460 7239
1201 1365
8091 5721
1249 1308
5976 7948
1210 1359
6653 7229
1353 1240
7288 6700
1226 1373
7755 6287
1271 1317
6876 7210
1117 1507
6017 8237
1250 1348
7098 7066
1181 1445
7010 7214
1236 1377
6856 7395
1333 1279
8065 6105
1253 1367
6562 7729
1223 1416
6972 7373
1324 1309
6924 7456
1067 1646
6758 7637
1283 1366
8153 6201
1265 1383
7067 7547
1216 1455
7153 7488
1121 1595
6791 7898
1206 1471
7646 7019
1129 1600
7037 7802
1305 1371
6830 8031
1313 1384
7476 7451
1347 1357
7974 6893
1220 1505
6664 8242
1359 1350
7470 7539
1317 1389
7152 7881
1326 1390
7776 7184
1335 1380
7879 7225
1277 1448
8019 7065
1315 1422
7539 7622
1311 1436
7675 7518
1268 1484
7629 7586
1267 1485
7551 7727
1342 1427
7510 7786
1300 1465
7372 7959
1376 1386
7559 7801
1099 1749
7932 7459
1412 1351
8331 6443
1319 1458
7367 8085
1358 1423
7816 7648
1269 1520
7994 7555
1233 1598
7480 8083
1386 1399
8230 7181
1188 1660
7544 8137
1184 1681
7450 8117
1273 1572
7723 8038
1450 1394
7687 7906
1427 1411
7594 8218
1368 1483
8011 7681
1365 1488
7960 7967
1446 1407
7466 8210
1438 1419
7852 8082
1234 1678
7611 8294
1471 1402
7966 8157
1110 1900
8218 8044
1381 1498
7666 8440
1372 1514
1408 1470
1425 1467
1531 1385
1484 1434
1458 1457
1428 1493
1466 1468
1399 1532
1424 1516
1414 1522
1393 1553
1445 1506
1407 1541
1264 1728
1436 1531
1429 1538
1329 1684
1442 1550
1382 1628
1508 1473
1448 1584
1434 1602
1488 1539
1409 1634
1337 1759
1419 1655
1476 1596
1518 1545
1467 1611
1552 1523
1380 1743
1507 1610
1509 1621
1497 1643
1503 1642
1553 1586
1415 1744
1355 1862
1321 1939
1630 1513
1514 1671
1562 1624
1516 1686
1614 1565
1582 1606
1537 1672
1478 1755
1464 1779
1499 1727
1454 1803
1494 1746
1486 1758
1571 1659
1421 1867
1490 1774
1539 1709
1606 1627
1540 1731
1543 1726
1433 1911
1602 1665
1549 1738
1535 1767
1608 1664
1568 1724
1589 1696
1594 1689
1532 1809
1601 1704
1529 1824
1397 2070
1612 1717
1869 1494
1628 1688
1473 1976
1536 1847
1522 1869
1618 1742
1596 1765
1732 1637
1572 1804
1259 2444
1838 1564
1533 1917
1672 1705
1587 1808
1617 1780
1600 1793
1542 1910
1611 1796
1440 2138
1768 1670
1459 2126
1634 1784
1740 1692
1719 1721
1715 1740
1655 1795
1574 1954
1653 1810
1502 2122
1708 1785
1674 1818
1726 1777
1763 1751
1746 1772
1766 1764
1888 1666
1662 1883
1657 1893
1576 2050
1616 1990
1728 1821
1660 1924
1453 2352
1645 1938
1784 1781
1730 1830
1831 1748
1756 1822
1714 1877
1690 1916
1639 2012
1892 1732
1615 2085
1924 1713
1681 1979
1903 1730
1752 1905
1738 1920
2259 1542
1781 1878
1765 1915
2020 1687
1705 1998
1823 1838
1764 1926
1810 1861
1647 2091
1751 1973
1830 1866
1723 2015
1748 1988
1795 1935
1802 1933
1629 2182
1874 1873
1800 1975
1691 2123
1853 1918
1862 1909
1788 2002
1693 2121
1806 1984
1834 1951
1817 1970
1729 2088
1902 1859
1825 1994
1969 1814
2064 1760
1684 2179
1931 1865
1926 1872
1867 1957
1868 1955
1777 2074
1842 2007
2261 1680
1925 1913
1591 2394
1813 2073
1747 2166
2057 1811
1885 1996
1877 2017
1872 2024
1873 2040
1861 2066
1856 2076
1930 1985
1680 2320
1682 2318
2124 1823
1984 1968
1871 2100
1919 2053
1958 2014
1940 2041
1887 2101
1675 2391
2072 1921
1914 2082
1997 2003
2121 1892
1938 2058
2286 1771
2179 1846
1865 2153
2038 1983
1864 2167
1577 2656
2046 2004
2015 2036
1883 2172
1621 2555
1786 2309
1910 2159
1833 2265
2010 2071
2029 2065
1876 2214
2049 2068
2129 2011
1896 2217
2143 2001
1652 2582
2101 2037
2301 1855
1807 2376
2186 2006
1952 2201
1966 2196
2070 2119
1955 2212
1828 2413
1891 2341
1998 2209
1967 2241
2073 2157
2187 2079
2161 2127
2080 2194
2252 2059
2214 2098
2089 2195
2055 2228
1895 2422
2099 2200
2123 2185
2153 2174
2182 2146
2268 2078
2051 2274
2058 2264
2084 2245
2104 2249
2140 2219
2212 2168
2091 2293
2166 2210
2127 2260
2152 2244
2194 2206
2177 2220
2083 2324
2031 2382
2422 2018
2025 2405
2189 2252
2296 2147
1934 2507
2227 2236
2028 2434
2147 2330
2156 2332
1694 3006
1990 2475
2319 2171
2213 2282
2102 2402
2302 2199
2061 2443
2145 2381
2142 2389
2173 2359
1980 2530
2273 2281
2133 2421
2160 2409
2007 2562
2136 2453
2082 2505
2245 2365
2229 2378
2365 2237
2180 2432
2255 2383
2011 2621
2117 2508
2242 2404
2178 2470
2382 2261
2023 2655
2271 2400
2205 2473
2192 2498
2167 2518
2445 2251
2071 2650
2385 2312
2352 2380
2171 2544
2257 2480
2210 2529
2423 2315
2298 2445
2168 2594
2027 2797
2217 2560
2293 2477
2373 2401
2067 2760
2400 2393
2036 2830
2381 2428
2203 2649
2350 2479
2150 2727
2378 2466
2391 2463
2303 2584
2264 2651
2460 2429
2224 2720
2889 2099
2360 2536
2643 2289
2495 2435
2363 2622
2059 3072
2396 2567
2181 2892
1961 3290
2310 2722
2394 2600
2009 3233
2451 2534
2077 3124
2529 2462
2191 2924
2615 2396
2208 2915
2411 2609
2619 2410
2480 2526
2215 2918
2275 2816
2527 2492
2263 2861
2383 2706
2392 2692
2492 2550
2401 2694
2573 2504
2155 3126
2405 2719
2508 2565
2450 2684
2860 2325
2063 3367
2620 2511
2433 2749
2169 3227
2188 3224
2563 2605
2548 2625
2446 2770
2420 2803
2408 2817
2551 2638
2501 2713
2607 2575
2462 2767
2436 2812
2442 2802
2601 2603
2658 2556
2361 2971
2452 2835
2634 2660
2471 2871
2348 3122
2714 2599
2630 2697
2406 3013
2559 2783
2650 2688
2517 2845
2475 2929
2600 2768
2443 3000
2533 2856
2190 3539
2506 2921
2792 2619
2375 3226
2697 2726
2595 2842
2732 2701
2481 3005
2614 2818
2705 2731
2579 2884
2483 3010
2699 2737
3107 2423
2522 2952
2673 2773
3616 2137
2608 2870
3206 2384
2822 2658
2752 2746
2711 2786
2466 3199
2457 3231
2590 2979
2332 3508
2297 3552
2598 2980
2586 3017
2693 2880
2726 2844
2490 3216
2953 2626
2549 3120
2642 2959
2771 2819
2683 2922
2933 2680
2733 2886
2638 2994
2660 2954
2561 3161
2666 2962
2637 3025
2636 3032
2654 2992
2967 2687
2702 2944
2622 3080
2874 2774
2678 2986
2652 3043
2627 3106
2647 3071
2832 2850
2609 3169
2708 3012
2777 2938
2769 2943
2656 3114
2717 3022
2512 3347
3017 2710
3166 2588
2853 2888
2372 3651
2801 2958
2695 3128
2616 3253
2865 2893
3003 2764
2610 3264
2858 2913
2862 2910
3156 2672
3013 2776
2704 3166
2662 3220
2882 2931
2804 3029
3021 2794
2791 3070
2823 3048
2794 3158
2813 3129
2698 3308
3190 2739
2905 2998
2868 3051
2809 3162
3029 2873
2825 3150
3181 2757
2816 3176
2888 3069
2754 3286
2696 3397
2749 3333
2497 3702
3098 2906
2863 3206
2734 3394
3005 3014
3028 2982
2716 3423
2909 3171
2897 3194
2876 3214
2871 3244
3040 3003
2748 3419
3306 2777
2806 3339
2878 3248
2902 3228
3440 2699
2904 3242
3269 2838
2828 3358
2578 3737
3068 3088
3173 2964
3020 3163
3035 3170
3082 3131
3042 3179
2939 3304
2937 3318
3006 3232
3119 3098
2954 3310
3072 3177
3938 2459
2629 3745
3313 2927
3299 2934
2535 3888
2606 3793
3373 2898
2866 3479
3084 3236
3202 3073
3033 3293
2952 3408
3216 3090
2916 3449
2880 3505
3144 3204
2924 3450
2843 3551
2901 3494
3046 3321
3182 3174
2721 3718
3016 3387
3568 2814
3191 3195
2519 4045
2649 3851
3187 3225
2861 3595
2989 3457
2703 3791
3176 3250
2959 3517
2951 3523
3022 3425
2887 3590
3004 3456
3244 3193
3108 3342
2870 3616
3180 3280
3196 3270
3105 3384
3197 3300
3150 3361
2938 3585
3053 3461
3513 2951
3058 3466
3210 3299
3305 3213
3071 3459
2892 3663
2966 3581
3245 3282
3777 2752
3133 3417
3091 3468
2546 4184
3103 3447
3123 3436
2849 3752
2988 3599
3125 3443
3161 3421
3147 3448
2956 3661
3074 3541
3242 3360
3134 3485
3213 3400
3207 3405
3158 3465
3141 3490
2836 3799
3100 3530
3001 3648
2779 3927
3270 3390
3351 3313
3099 3566
3031 3658
2756 3999
2796 3952
3609 3056
3064 3671
3235 3501
3683 2990
3155 3594
3696 2988
3057 3704
3392 3382
2883 3919
3521 3284
3045 3770
3388 3429
3725 3041
3481 3359
3077 3761
3322 3531
3076 3775
3770 3030
3571 3289
2895 3980
2960 3916
3268 3604
3203 3684
3208 3681
3704 3186
2737 4364
3286 3634
3290 3629
3453 3489
2782 4285
3387 3556
3723 3203
3327 3623
3345 3610
3319 3643
3266 3687
3342 3627
3505 3488
3408 3572
3047 3970
3476 3563
3573 3483
3560 3512
3624 3426
2857 4339
3309 3756
3316 3755
3199 3847
3381 3693
3555 3543
3248 3808
3243 3815
3494 3612
2805 4539
3559 3561
3566 3560
3240 3848
2780 4630
3178 3936
3602 3524
3452 3678
3118 4022
3565 3589
2964 4270
3582 3571
3449 3711
3061 4124
3188 3967
3792 3374
3458 3723
3422 3766
3575 3622
3797 3375
3140 4065
3273 3908
3037 4210
4438 2923
3366 3825
2931 4511
3324 3915
3189 4073
3621 3646
3563 3714
3636 3641
3229 4063
3356 3910
3272 4036
3293 4008
3201 4117
3429 3876
2948 4624
4355 3107
3507 3830
3662 3686
3369 3977
3545 3804
3362 4016
3282 4119
3533 3849
3407 3973
3251 4169
3237 4218
3365 4053
3782 3632
3755 3668
3267 4206
3728 3695
3433 4005
2985 4770
3349 4152
3395 4098
3503 3974
3752 3726
3052 4721
3401 4114
3606 3883
3640 3846
3484 4088
3754 3789
3817 3730
3686 3839
4279 3437
3788 3780
3644 3941
4078 3593
4261 3507
3625 4002
3519 4149
3424 4315
3915 3746
3764 3861
3509 4175
3819 3814
3607 4051
3739 3899
3578 4107
3496 4236
3613 4058
3711 3953
3165 4879
3697 3978
3562 4187
3482 4321
3888 3811
3435 4413
4362 3519
3599 4130
3579 4180
3756 3956
4215 3626
3750 3976
3802 3933
3619 4147
3164 4983
4005 3772
3943 3809
3880 3875
3314 4723
3916 3852
4291 3621
3875 3905
3675 4129
3912 3891
3603 4274
3741 4069
3766 4046
3647 4199
3643 4212
3872 3950
3818 4006
3492 4562
3868 3972
3717 4135
3883 3964
3667 4229
4482 3609
3524 4537
4157 3788
3544 4554
3688 4252
3663 4305
3992 3924
3839 4064
3722 4219
3375 4895
4034 3926
3795 4138
4763 3549
3740 4265
4163 3840
3679 4373
4235 3807
3650 4421
3952 4019
3623 4489
4094 3894
3806 4186
3859 4125
3834 4171
4217 3853
3798 4221
3661 4493
4579 3691
3813 4244
3775 4353
3781 4354
3700 4501
3816 4295
3907 4190
3896 4205
4207 3934
3719 4491
4110 4012
2848 6447
3732 4496
3829 4336
4656 3734
3747 4500
3786 4427
4737 3727
4131 4047
4039 4115
3904 4297
3657 4699
3861 4383
4256 3982
3976 4225
4393 3903
3937 4291
4114 4111
3851 4460
3283 5515
4964 3699
4181 4101
3758 4649
3894 4458
4108 4162
4188 4112
3928 4438
3461 5297
3981 4378
3869 4556
4080 4248
4370 4021
4265 4102
3853 4605
4429 3998
4178 4200
4595 3944
3989 4443
4077 4328
4699 3898
3769 4803
4358 4093
3838 4710
3931 4583
3855 4686
3932 4584
3866 4677
3918 4617
4335 4123
4255 4222
4103 4379
4045 4453
4070 4444
3930 4643
4554 4040
4106 4408
4149 4377
4089 4441
4060 4498
4107 4419
3967 4623
4515 4090
4214 4342
4056 4522
4216 4347
3990 4602
4376 4167
4345 4207
4322 4231
4047 4545
4281 4296
4588 4072
4274 4322
4169 4437
4242 4380
3671 5208
4000 4655
4031 4638
4476 4185
4125 4533
4193 4464
3979 4730
3961 4766
3691 5222
4411 4280
4405 4282
4249 4462
3840 5010
3906 4918
4144 4591
4399 4341
4354 4384
4196 4569
4314 4433
4061 4731
4287 4486
4062 4749
3705 5307
4075 4739
4790 4109
4117 4715
4008 4872
4118 4712
4654 4232
4305 4551
4191 4671
4389 4488
4309 4571
4206 4675
3749 5349
4105 4801
4644 4286
3960 5013
4626 4300
4300 4595
4998 4084
3815 5287
4914 4150
4677 4330
4187 4773
4681 4343
4786 4250
4270 4708
4221 4767
4199 4796
4145 4864
4398 4586
4728 4334
4224 4792
4111 4910
4667 4381
4057 4982
4301 4689
4446 4579
4767 4308
4252 4789
4130 4916
4104 4952
4507 4563
4046 5055
4177 4902
4666 4439
4236 4865
4273 4814
5006 4195
4657 4476
4356 4718
4407 4669
4371 4709
4359 4733
5049 4177
4298 4815
4162 4989
4350 4786
4490 4656
4209 4959
4222 4953
4304 4852
4704 4524
4084 5111
4706 4529
4455 4722
4403 4783
4550 4658
3848 5492
4526 4691
4205 5032
4349 4867
4483 4741
4492 4742
5102 4247
4501 4755
4472 4794
4604 4663
4065 5245
5248 4191
4976 4407
4634 4679
4556 4765
3922 5493
4596 4735
4029 5346
4175 5161
4442 4891
4087 5296
4709 4701
4262 5118
4821 4612
4541 4868
4887 4577
4382 4999
4102 5316
3975 5491
5050 4447
4574 4869
3935 5558
4620 4819
4676 4781
4672 4788
4341 5090
5150 4398
4122 5359
4538 4949
4572 4930
4477 4997
5201 4396
4549 4957
4468 5040
5519 4156
5799 3981
4755 4802
4529 4995
4378 5127
4493 5056
5327 4356
5027 4607
4467 5089
5029 4625
4816 4813
4948 4697
4799 4846
4661 4956
4614 4988
4380 5202
4921 4759
4339 5274
4338 5283
4496 5149
4313 5324
4312 5328
5412 4394
5099 4645
4308 5350
4752 4963
4693 5039
4533 5164
4645 5073
4809 4954
5351 4518
4713 5066
4936 4885
4324 5402
4109 5632
4820 4975
3925 5937
4368 5372
5375 4531
4754 5060
4466 5285
5096 4754
4659 5155
5012 4878
4831 5044
5215 4688
4690 5175
4991 4950
4622 5265
4072 5808
4727 5195
4386 5480
4740 5188
5121 4863
4967 5000
4449 5436
4916 5070
4950 5051
4742 5217
4623 5308
5132 4884
5229 4818
4691 5281
4326 5586
4782 5211
5484 4614
4660 5337
4422 5529
4697 5322
5086 4966
4535 5464
4863 5196
4577 5451
4702 5342
5190 4914
4079 5975
4847 5224
4202 5792
4692 5368
4984 5128
5128 5011
4830 5278
5053 5095
5042 5113
4219 5847
5040 5126
4931 5239
4894 5268
4648 5479
5311 4934
4775 5400
4605 5536
5269 4994
4277 5875
5307 4979
3911 6687
3971 6498
4956 5289
4922 5341
4597 5590
5705 4644
5154 5151
5430 4935
5068 5262
4925 5419
4629 5631
4013 6544
4499 5772
4848 5520
4461 5820
4807 5548
5217 5205
4420 5880
5213 5209
5021 5389
4100 6440
5345 5130
5013 5422
6245 4375
5929 4597
5017 5427
5075 5376
4994 5472
4988 5481
4641 5736
5896 4654
5434 5116
4970 5504
4478 5933
5187 5309
5151 5347
4749 5669
5193 5323
5951 4641
5459 5106
4254 6344
4392 6087
5172 5374
4972 5542
5713 4880
4779 5678
4939 5572
5061 5478
5092 5463
5325 5299
5332 5290
5483 5156
5164 5466
5677 5007
5212 5446
5250 5423
5271 5414
5071 5559
5120 5523
5887 4855
5077 5578
5534 5197
5295 5431
5182 5508
4870 5768
5401 5351
5592 5168
5144 5562
4920 5775
4829 5869
6466 4532
4851 5851
4949 5744
5368 5438
4836 5892
5134 5613
5802 5046
4869 5873
5080 5663
5254 5555
5379 5458
5508 5330
4329 6667
5066 5683
5416 5456
5094 5677
5586 5286
5608 5269
6139 4836
5617 5276
6324 4704
5202 5640
3874 7987
5849 5088
4798 6092
4525 6518
5506 5415
4877 6001
5697 5251
5290 5624
5116 5752
6474 4670
5335 5602
5557 5432
4671 6381
7216 4314
5699 5304
5934 5105
5148 5789
5876 5160
4874 6146
5317 5654
4928 6083
4675 6441
5204 5758
5478 5534
5571 5465
4791 6288
5377 5636
5090 5882
4780 6309
5588 5483
5230 5786
5544 5547
5728 5371
5516 5580
4867 6347
5938 5233
5305 5818
5219 5913
5319 5805
5300 5837
5807 5393
5680 5514
5979 5275
5645 5561
5032 6235
4815 6602
5654 5566
5570 5650
5436 5782
5245 6000
5403 5839
5240 6046
5203 6089
5427 5849
4958 6514
5449 5824
5975 5391
4876 6673
5308 6027
5424 5925
5926 5453
4892 6722
4814 6847
5463 5861
5517 5823
4919 6726
5122 6351
5275 6179
6521 5069
4797 6944
5653 5707
6354 5176
5149 6354
5450 5956
4744 7105
5511 5891
5550 5863
6061 5442
5422 6065
6957 4903
5556 5890
5580 5884
4983 6780
5536 5951
5177 6491
5809 5661
5462 6086
5633 5877
5028 6801
5529 6034
5125 6679
5906 5642
4980 6958
5426 6244
5864 5671
5158 6672
5889 5667
5473 6176
5208 6628
5514 6150
5338 6461
5794 5803
6077 5603
5917 5724
5627 6078
5706 5961
6063 5635
5910 5740
5766 5887
5070 7033
5882 5780
5855 5828
5717 6002
7297 4964
5727 6005
5602 6229
4963 7358
5725 6025
5702 6080
5834 5914
5609 6252
4712 7826
6019 5751
5127 7101
5704 6102
4960 7421
5869 5905
5846 5945
5742 6064
5804 5999
5797 6010
5880 5935
5629 6298
5628 6300
5465 6591
5382 6763
5376 6783
5591 6407
6041 5807
5419 6739
5444 6694
5837 6036
6467 5551
5481 6665
5198 7219
5757 6245
5576 6595
5397 6916
5827 6162
5292 7144
5522 6678
5041 7574
4944 7734
5118 7441
5524 6720
5750 6325
5945 6056
5623 6581
5826 6241
6018 6017
5281 7291
5875 6208
5665 6553
5533 6792
6115 5940
5919 6164
5770 6367
5651 6638
5857 6294
6691 5574
6789 5537
6380 5754
6231 5893
5781 6464
6003 6181
6076 6096
5572 6917
6267 5902
7103 5447
5693 6698
5667 6766
6035 6227
6154 6100
6151 6132
5399 7454
6672 5699
6129 6182
5916 6442
5897 6521
6320 5989
6002 6385
5765 6745
5943 6466
6893 5633
6411 5931
5974 6450
6269 6054
5505 7296
6044 6350
5878 6619
6433 5941
6166 6221
6364 5995
5644 7090
5723 6887
5867 6653
5822 6744
6429 5968
6104 6346
5559 7317
6140 6311
6442 5974
6094 6386
6609 5842
6379 6038
6015 6523
6198 6279
6313 6140
5641 7213
6039 6516
5469 7550
5872 6749
5941 6652
5824 6849
6066 6478
5640 7247
5363 7778
6965 5681
5806 6923
6639 5903
6306 6209
5771 7009
5907 6771
6492 6069
5542 7551
5554 7548
6138 6499
5954 6760
6272 6322
7016 5725
4853 8381
5860 6970
6356 6260
6203 6473
5502 7688
7468 5549
5496 7707
6808 5934
6465 6223
6088 6710
6056 6751
6319 6389
5632 7561
6377 6361
6273 6484
5899 7088
7044 5815
6064 6803
5845 7204
6510 6267
6753 6042
6735 6076
6073 6837
5971 7035
6130 6759
6212 6663
6415 6392
7368 5660
6391 6425
6079 6869
6037 6987
6209 6721
6119 6861
6441 6424
6100 6927
6325 6609
6184 6810
6434 6483
5639 7759
6540 6394
7175 5840
6279 6702
7008 5985
6497 6460
6342 6649
6471 6509
7161 5885
6007 7200
6559 6420
5932 7302
6860 6154
5831 7490
6071 7113
6197 6901
6001 7263
6499 6547
6517 6529
6196 6972
6180 7007
6249 6889
6579 6480
6232 6930
6452 6646
6349 6755
6463 6657
6897 6224
6548 6593
7202 5967
6542 6622
6376 6777
5913 7537
5732 7827
6395 6825
6620 6579
5745 7880
7238 6029
6123 7310
6188 7244
6350 6988
6242 7177
6779 6520
6506 6830
5650 8102
6329 7069
7413 5964
6241 7223
6788 6557
6175 7353
6414 6997
8307 5333
7362 6047
7889 5690
5884 7820
5668 8153
6515 6915
7006 6399
6732 6685
6526 6935
6422 7084
6848 6627
6696 6776
6270 7330
7027 6470
7255 6253
6858 6662
6437 7170
6543 7039
6178 7564
6693 6863
6412 7224
6265 7447
6339 7347
7637 5992
6930 6668
6703 6907
7112 6507
6004 7877
6566 7134
6840 6782
7409 6234
6102 7742
6043 7836
6443 7283
6216 7609
6062 7819
6476 7277
6881 6781
7012 6670
5967 7976
6799 6913
6484 7324
6552 7257
6160 7806
6387 7503
6372 7545
6785 7047
6569 7315
6287 7651
6420 7500
6431 7485
6729 7187
7670 6206
6894 7024
6740 7231
6904 7045
6519 7499
6278 7825
6878 7161
6021 8178
6698 7355
7072 6949
6444 7685
6690 7407
7065 7013
6804 7321
6624 7543
6762 7387
6628 7558
6208 8051
6905 7270
6575 7649
6483 7747
7264 6854
6911 7282
7859 6271
7496 6642
6971 7251
6530 7718
7219 6982
7603 6613
7104 7178
7114 7171
7185 7073
6773 7562
6993 7325
7173 7116
6764 7583
7659 6600
6687 7653
6254 8132
6885 7476
6439 7952
7456 6843
6419 7978
7800 6482
6361 8050
7397 6932
6933 7473
7414 6918
7759 6562
7160 7235
6947 7482
7051 7359
7399 6963
7031 7383
6702 7755
7035 7436
6985 7493
7560 6824
6457 8034
6849 7635
7053 7431
6581 7920
7270 7188
8201 6134
6486 8029
6596 7933
7777 6661
7875 6589
7402 7137
6643 7938
7398 7163
6908 7678
6987 7616
6436 8154
7004 7604
7924 6598
7729 6772
7244 7338
6286 8285
7492 7098
7197 7410
7512 7080
7144 7494
7087 7567
6914 7731
7436 7216
6204 8354
6880 7809
7199 7478
6813 7899
7041 7669
7474 7228
6721 7992
7882 6752
6615 8100
7421 7332
7039 7746
7206 7587
7590 7186
7672 7077
6796 8007
6833 7986
7276 7553
6688 8111
7150 7694
7374 7481
7457 7409
7499 7361
7589 7298
7125 7793
7744 7156
7921 6922
7568 7360
6659 8249
7117 7886
6857 8119
7569 7443
7797 7206
7478 7581
6964 8077
6962 8080
6825 8192
7892 7133
7780 7287
7210 7896
8159 6799
8118 6864
7325 7803
7515 7623
7344 7798
7711 7434
6136 8429
8094 6966
7434 7737
6959 8190
7273 7923
8207 6785
7811 7368
7463 7783
8104 7046
8014 7202
6400 8399
7400 7860
7805 7429
6784 8329
7311 7941
7927 7343
6607 8378
7131 8150
7546 7772
7279 8033
7375 7950
7639 7701
6951 8296
7313 8058
7556 7856
7702 7706
6928 8337
7656 7779
7384 8054
8215 7082
7824 7643
7130 8283
7358 8107
7357 8123
7248 8205
7909 7628
7617 7947
7308 8212
8102 7435
8188 7309
7530 8071
7250 8280
7748 7907
6917 8383
7085 8362
7438 8223
8314 6956
7844 7891
7761 7961
7948 7844
7419 8284
8283 7246
7750 8043
7387 8300
7330 8346
7341 8347
7588 8232
7863 8000
7740 8124
7426 8326
7572 8262
7707 8211
7630 8272
8352 6817
8303 7433
7705 8269
8013 8015
7939 8166
7685 8315
8070 8022
8226 7859
7900 8253
8001 8215
8122 8128
8106 8156
7532 8393
7945 8303
8060 8247
7096 8436
7969 8335
8077 8254
8158 8206
7913 8357
7896 8363
8351 7442
8203 8251
7593 8417
8021 8368
8294 8118
7775 8419
8362 7692
8252 8379
8328 8369
1005924530 1911602604
1
sift 120
559 230
380 225
173 83
397 212
1179 620
523 266
528 282
568 344
2260 1059
966 560
620 353
618 407
2362 1492
1191 673
757 548
809 772
3548 1718
1199 680
1117 738
1342 677
4594 1856
1659 813
1319 713
1210 757
4155 2078
1462 999
1282 749
1602 855
4240 2504
1815 1087
1926 915
1952 951
4069 2624
1665 1257
1788 1140
1838 1343
3999 2940
2847 1328
2495 1330
3001 1445
5346 4458
3457 1361
2642 1684
3082 1628
7055 4336
3051 1915
2838 1837
2573 2021
3714 1683
2771 1901
2896 1867
3374 2096
3322 1824
3350 1836
3163 2266
3173 2100
3816 1971
3437 2309
3662 2150
3860 2081
4302 1955
4080 1975
3740 2172
5385 2077
4442 2166
5380 1965
4491 2688
4565 2192
4392 2254
5486 2471
3976 2520
3890 2610
4694 3150
5582 2251
4070 2719
4745 3275
4767 2535
7237 2079
4840 3263
5885 2403
4290 2987
5355 3243
4988 2928
5132 2913
5746 3236
5534 2865
5164 3280
6613 2877
4933 3440
5289 3374
4170 5767
5508 3357
5461 3534
5256 5037
5212 3696
6316 3189
7121 4130
6269 3233
6218 3525
7485 4488
6679 3457
7766 3273
7716 4924
6985 3545
5737 4329
5396 6911
7262 3756
8101 3555
7709 5103
7900 3733
6919 4047
8251 5140
7473 3894
7549 4019
7795 8159
8169 3820
6886 4386
8127 3999
7452 5151
7562 7082
1005924530 2046133546
1
sift 206
396 198
179 68
84 40
173 103
486 210
362 275
316 158
397 222
559 271
439 321
376 269
377 278
1794 856
523 313
568 366
456 359
2260 1172
966 549
620 373
618 421
3252 1616
1199 711
663 490
757 537
2759 1993
1565 934
939 503
1342 674
3179 1823
1462 1057
1210 736
1319 747
2066 2822
1678 1058
1282 799
783 1232
4069 2244
1697 1081
1508 765
1602 880
4594 2132
1815 1126
1613 941
1714 985
4240 2628
1665 1200
1786 955
1408 1174
4330 2805
2111 1481
1756 1035
1719 1078
4361 2796
2847 1608
1938 1013
1926 1049
3999 3126
2814 1664
1914 1092
1952 1147
5346 3691
3457 1479
2055 1166
2082 1220
5139 3816
3051 1948
1838 1376
2593 1140
7756 3680
3113 1959
2495 1361
2636 1304
7055 4522
3326 1875
2796 1301
2956 1309
7787 4628
3491 1834
1865 2041
2888 1518
8364 3976
3437 1869
3134 1500
2924 1629
3714 1785
3001 1611
3079 1651
3541 1873
2642 1825
2822 1778
3374 2171
2771 1973
3213 1787
3649 2380
2726 2161
3082 1984
4331 2122
3053 2022
3313 1904
5326 2270
3350 1935
3173 2032
4142 2656
3322 2024
3640 2052
4491 2539
3699 2134
3816 2135
4014 2820
3662 2235
4080 2201
5167 2461
4308 2130
3628 2458
4302 2959
4222 2355
3890 2464
4840 2763
3740 2586
4442 2404
5485 2551
4168 2620
4399 2538
4745 3117
3976 2870
4767 2535
5288 2977
4824 2631
5380 2507
5378 3121
4536 2843
5582 2482
5355 3486
4070 3172
5078 2883
4390 4297
5885 2660
5344 3065
5746 3704
4988 3292
5297 3236
6024 3684
5164 3346
5534 3185
4170 5122
6985 2636
4836 3560
5256 4392
5132 3489
5508 3303
6275 3841
5212 3481
5190 3541
6238 3897
7358 2757
7237 2917
6147 4285
5531 3593
6555 3275
7121 3952
6316 3381
6269 3410
6867 4247
6004 3597
5461 3901
7716 3989
7224 3326
6679 3496
7485 4652
6957 3458
7549 3543
5303 6505
6400 3967
8101 3468
8319 4226
7262 3748
7866 3713
6217 5626
7508 3807
7812 3777
7461 5445
7656 3832
7759 3854
7709 5528
7473 4013
7834 3885
8251 5325
7900 3877
6919 4399
7848 6252
6886 4449
6092 5237
7090 4704
8169 4160
7248 4685
8180 4218
7478 4657
6947 4980
7452 4883
7048 5285
7695 4943
8051 4746
7766 4941
7562 6163
6047 7865
8350 6714
1005924530 2080441786
1
sift 634
41 25
28 10
82 49
3051 2088
84 55
104 72
179 93
132 77
146 79
154 101
192 143
145 80
147 97
270 218
290 157
173 124
186 132
334 236
246 174
197 140
202 139
396 233
305 214
284 166
274 182
447 243
362 286
309 177
316 178
368 320
419 361
314 185
324 192
443 313
439 355
307 197
333 212
486 319
523 328
351 208
373 237
464 358
456 390
376 250
390 266
559 324
595 335
397 263
391 292
759 417
505 391
399 283
308 371
818 503
510 397
409 302
537 239
884 540
509 480
515 262
542 259
720 643
660 508
424 331
496 342
737 666
541 677
528 353
506 465
1202 611
798 550
544 454
568 429
908 737
1066 504
620 430
662 415
1179 790
741 661
674 445
618 498
1209 832
1174 548
681 464
593 545
1482 928
966 664
767 446
1001 379
1530 964
962 782
663 520
904 457
1225 1390
930 931
881 466
825 501
1295 1343
1191 780
757 589
601 751
1352 1453
1331 713
939 569
891 615
1538 1340
1022 920
534 1270
1038 631
1667 1252
1199 822
1009 665
895 744
1794 1202
1344 745
899 765
1039 696
1884 1373
1035 1066
926 758
951 754
1844 1517
1659 771
783 999
1065 804
2260 1333
1302 963
1125 787
1117 805
1418 2076
1565 1076
1282 757
1210 850
2417 1529
1462 1237
1154 887
1342 793
2477 1544
1654 1129
1271 830
1156 902
1791 2180
1712 1123
1319 842
1249 881
2306 1755
1678 1176
1454 806
1458 815
2254 1851
1697 1175
1250 927
1358 908
2441 2246
1960 1166
1649 799
1305 971
2759 2000
1815 1282
1347 960
1413 1006
3152 1914
1863 1266
1508 973
1456 1036
3548 1873
1722 1360
1509 1032
1752 953
3263 2099
1665 1511
1602 1015
1447 1131
3179 2160
1559 1624
1653 1041
1842 967
3252 2208
1909 1483
1470 1231
1674 1078
2961 2727
1959 1613
1632 1103
1408 1286
3594 2415
2685 1393
1615 1164
1601 1210
3135 2803
2111 1715
1785 1150
1926 1126
2997 3197
2300 1683
1756 1234
1613 1358
3805 2898
2356 1924
1938 1191
1940 1254
4594 2818
2712 1836
1887 1290
1719 1413
4805 2756
5160 1295
1914 1310
1998 1260
4361 2961
2834 1863
2173 1206
2285 1183
5165 2693
2847 1878
1784 1440
1910 1372
4240 3098
2969 1953
1952 1356
1869 1460
4828 2826
3026 1925
2055 1354
2015 1377
4990 2840
3090 1948
1903 1456
1838 1591
4464 3074
3113 1980
2593 1235
1723 1713
4143 3277
3247 2101
2082 1527
1761 1711
4069 3356
3457 2054
2278 1465
2021 1605
4330 3263
3374 2267
2302 1477
2171 1547
4910 3068
3541 2247
1868 1704
2192 1555
4646 3409
3214 2518
2391 1490
2210 1608
5507 2998
3954 2176
2382 1579
2495 1540
3999 3816
4203 2095
2350 1625
2331 1640
5520 3243
3632 2442
2352 1629
2136 1759
4522 3746
3748 2483
2138 1777
2239 1737
4564 4089
3714 2529
2268 1718
1996 1933
5548 3684
3648 2579
2632 1593
2895 1522
5567 3744
3122 3165
2623 1622
2649 1619
5139 4304
4097 2602
2636 1638
3070 1508
5407 4175
3596 2994
2548 1747
2956 1607
5346 4225
4253 2875
2679 1744
1696 2781
5972 3898
4014 3150
2642 1827
2796 1754
5062 4616
4333 2965
2904 1738
2733 1847
6330 3919
4491 2939
2924 1806
2804 1865
5908 4217
4901 2802
2888 1845
4419 1439
7755 3648
5385 2701
3001 1803
2872 1890
5089 5471
4524 3161
2755 1994
3134 1802
4795 6076
5025 2950
2954 1920
2771 2058
5788 5278
4302 3385
3028 1900
2916 1966
6955 4551
5167 3019
2798 2057
2828 2067
5460 5956
6631 2720
2963 2007
3243 1940
7055 4913
5485 3158
2822 2212
3189 1989
7756 4716
5326 3270
2726 2324
3333 1974
7852 4855
5378 3273
3082 2173
3248 2085
6815 5704
5067 3443
3042 2251
3053 2253
5584 7445
5063 3451
2567 2603
3123 2227
8230 5209
4745 3646
3133 2228
3173 2258
7787 5967
5464 3328
3739 1939
3559 2081
7538 6979
4390 3930
3270 2289
3158 2361
7966 6711
4840 3869
3322 2290
3756 2051
6230 3309
2620 2843
2332 3365
6680 3288
3545 2256
3472 2330
4170 4910
4157 2012
3422 2451
5288 4076
3642 2342
3005 2894
5486 3966
3314 2648
3961 2303
5843 3830
3099 2899
3662 2490
7021 3480
4750 2091
4308 2222
5256 4447
3783 2430
3349 2747
4592 5190
4976 2071
4565 2211
5679 4269
4660 2189
3929 2445
5793 4168
5152 2168
3747 2655
5746 4325
3816 2616
3860 2654
6634 3981
3654 2872
3971 2653
4220 6066
3721 2868
4572 2492
6024 4506
5061 2389
3471 3196
6275 4375
4175 2700
4169 2709
6281 4405
4031 2785
4080 2770
6238 4519
3740 3045
5482 2397
6787 4252
4442 2740
4915 2614
5396 5284
4252 2863
3796 3217
5303 5558
4381 2838
4507 2788
6424 4593
4070 3038
4193 2971
6147 4858
4537 2829
4104 3064
6867 4667
4399 2958
4359 2991
6458 4918
5208 2694
4721 2884
6866 4693
4767 2964
4874 2942
7285 4501
4354 3193
4798 2993
7121 4684
3976 3475
4736 3049
7716 4381
5509 2731
4876 3094
7808 4704
6411 2546
4050 3587
5909 5930
4478 3393
5075 3173
6217 5681
5906 2814
5380 3063
7885 4776
4679 3444
5836 2889
7832 4884
4500 3574
5582 3127
6246 5927
5944 2967
4994 3448
8129 4887
4933 3524
3628 4653
6310 6160
5649 3218
5742 3185
7485 5419
3495 5021
5506 3321
8319 4797
5727 3205
5233 3487
6145 7429
5976 3160
5885 3195
7813 5968
3890 4423
5750 3272
7931 5920
5344 3542
5913 3245
8027 5906
4824 3793
5542 3502
8071 6023
4963 3771
5132 3710
7519 7717
5212 3752
5399 3691
4988 3893
5531 3636
5000 3940
5644 3633
4955 4007
5023 3976
5508 3711
5495 3719
5889 3565
4836 4310
5164 4083
6269 3582
5534 3918
7176 3394
5190 4301
5451 4093
5632 4015
7380 3466
5927 4037
7358 3553
6804 3704
6316 3879
6123 4048
6662 3819
4868 5138
6985 3728
5974 4241
5737 4404
5570 4568
6218 4164
6809 3896
6004 4417
5461 4940
6957 3962
6497 4246
6764 4097
6170 4462
6555 4282
6703 4198
6679 4219
7761 3826
6760 4290
7186 4106
7877 3859
7508 4036
6733 4390
7235 4173
8070 3863
7375 4224
6400 4752
8227 3876
8264 3836
5809 5337
6566 4826
7040 4578
6824 4708
7237 4487
7534 4356
6517 4920
7800 4342
7983 4274
7812 4351
7656 4418
6751 4916
6448 5098
7009 4824
6096 5393
5820 5677
7707 4550
7759 4560
8127 4373
7184 4917
7262 4893
7473 4785
6919 5126
6195 5586
7657 4772
7169 5081
7695 4817
7878 4724
7970 4683
7096 5206
6970 5309
8101 4657
6899 5352
7466 5074
8122 4675
7202 5287
7866 4926
7703 5018
7478 5172
6948 5493
7384 5257
7702 5084
7248 5353
7619 5185
6833 5656
7766 5155
7900 5094
8054 5029
8179 4946
7512 5389
8029 5130
5863 6883
7047 5737
7870 5321
6391 6388
6092 6872
7416 5678
6947 6058
7690 5578
8007 5433
6876 6267
7896 5631
7631 5924
7090 6440
5934 7822
7452 6273
7139 6549
8180 5756
8299 5620
8061 6071
8318 5646
8039 6188
7654 6551
8051 6295
7515 7094
7963 6951
7562 7363
8316 7157
