1163718206 1223175561
1
sift 2279
32 36
14 17
13 10
111 73
42 43
11 15
118 87
15 22
35 38
194 197
47 45
36 41
123 118
55 51
39 46
269 208
67 57
48 54
166 147
64 60
62 49
323 227
89 71
60 55
333 136
106 85
72 52
308 257
114 103
74 58
356 251
102 102
91 59
358 304
245 211
69 72
280 361
251 193
92 63
429 317
220 237
86 78
420 337
253 231
100 91
483 451
339 242
90 108
441 338
364 194
104 90
548 431
325 252
108 96
454 411
302 240
119 114
567 416
322 266
142 105
621 567
350 272
137 115
730 520
359 294
140 135
614 622
381 301
148 132
710 564
411 309
150 129
639 677
408 287
147 133
711 602
426 300
169 138
744 591
341 363
162 155
763 592
371 394
170 172
755 640
346 373
167 184
759 673
447 370
204 161
826 620
546 321
225 175
855 682
503 357
224 176
820 669
540 354
260 163
856 698
679 325
229 174
756 845
547 436
199 195
858 754
674 634
212 190
894 733
550 459
256 183
887 834
753 629
234 191
845 929
649 427
259 205
1139 746
817 661
293 203
1211 709
578 496
273 218
1042 895
901 615
282 216
991 893
684 576
231 246
1208 799
774 765
295 215
1003 965
777 706
288 220
1305 756
849 713
292 217
1148 868
833 722
276 225
1141 870
985 760
261 236
1154 897
1002 638
345 200
1218 1019
1127 872
301 228
1214 981
912 761
455 180
1428 1167
1153 871
300 234
1530 823
1004 830
299 239
1321 1275
1158 913
311 235
1242 1139
1095 829
290 268
1392 1230
1112 978
275 296
1147 1222
1087 909
324 253
1738 1069
1114 980
307 259
1274 1130
1185 970
326 284
1568 1219
1117 1028
336 282
1312 1150
1248 943
353 256
1332 1501
1325 950
348 271
1383 1158
1075 1227
316 324
1415 1431
1542 884
375 264
1307 1658
1401 1022
363 275
1672 1412
1322 1165
338 318
1817 1213
1395 1162
365 277
1683 1503
1370 1186
304 362
1838 1249
1593 1064
385 280
2093 1257
1494 1196
376 303
1459 1775
1385 1267
391 292
1740 1515
1429 1462
394 298
1933 1366
1390 1350
352 342
1877 1538
1643 1374
410 285
1632 1791
1534 1288
387 315
1864 1557
1634 1396
502 247
1954 1517
1602 1283
399 312
2292 1419
1833 1289
418 305
2056 1474
1585 1354
395 331
2799 1291
1657 1409
386 336
1923 1710
1733 1285
438 306
2725 1351
1617 1434
465 299
2258 1529
1656 1410
413 328
2023 1799
1610 1451
425 334
2323 1758
1758 1370
396 346
2078 2059
1537 1578
393 353
2295 1794
1931 1286
450 333
2116 2043
1658 1500
464 327
2410 1831
1666 1459
406 352
2399 1852
1835 1523
373 378
2402 1873
1613 1556
480 335
2418 1891
1647 1724
457 345
2088 2210
1973 1353
433 358
2498 1910
2034 1405
469 350
2337 1965
2046 1415
497 339
2631 1867
1858 1559
424 374
2592 1900
1916 1540
449 368
2483 2145
1919 1614
458 367
2110 2571
2008 1549
474 364
2813 1961
1896 1647
475 376
2324 2355
1883 1687
479 375
2598 2128
1927 1826
565 322
3735 1660
2022 1682
440 410
2530 2328
2039 1743
490 384
2587 2242
1930 1801
487 387
2686 2284
1979 1914
422 434
3012 2108
2025 1742
543 347
3070 2117
2192 1804
515 372
2885 2301
2091 1740
473 409
2703 2558
2398 1697
496 391
2763 2521
2150 1701
520 381
2867 2439
2037 2018
517 385
3010 2325
2637 1435
489 414
3200 2245
2200 1881
530 386
2896 2429
2277 1686
493 421
2603 2816
2054 2032
499 418
2464 2939
2213 1745
504 415
2734 2814
2316 1843
481 440
2701 2705
2137 1897
484 446
3461 2250
2162 1974
472 467
3294 2427
2036 2066
523 442
3291 2504
2443 1840
587 382
3450 2616
2048 2115
539 423
3829 2677
2236 2063
555 420
3118 2822
2196 2077
542 437
3414 2925
2348 1972
537 460
3231 2894
2189 2098
560 443
3367 2959
2462 1940
512 488
3003 3144
2446 2036
532 491
3248 3066
2774 1842
538 483
3492 2905
2138 2331
600 445
3482 2937
2788 1928
585 465
3738 2806
2517 2094
505 538
3360 3449
2362 2274
566 489
3423 3035
2511 2148
559 500
3693 3180
2757 2138
554 512
3412 3381
2556 2204
606 479
3590 3447
2513 2364
657 457
2899 4295
2762 2135
608 481
4006 3123
2502 2380
610 486
4012 3013
2373 2531
637 485
3431 3742
2920 2122
665 502
3988 3023
2609 2317
619 531
4215 3075
2660 2407
647 530
3624 3321
2698 2272
622 550
4110 3202
2824 2336
704 505
3472 3861
2796 2319
658 537
4390 3097
2759 2467
683 532
4073 3491
2902 2240
666 547
3585 4106
2768 2633
676 544
3582 4134
2267 2934
802 477
3778 3895
2822 2617
680 546
3974 3673
2844 2556
673 560
3621 4238
2986 2426
660 573
4210 3610
2933 2554
779 499
4310 3805
2936 2695
671 583
4260 3583
3063 2468
648 599
3979 4174
3406 2475
792 515
5004 3107
2943 2679
736 534
4494 3670
3371 2585
697 588
4221 4045
3002 2708
805 539
4290 3998
3005 2843
726 597
4666 3611
3111 2780
793 565
4388 3949
3072 2857
806 561
4595 3696
3395 2702
757 610
6585 2826
3048 3042
712 687
4609 3744
4083 2333
810 611
4760 3608
3420 2790
721 690
4227 4190
3479 2687
654 780
4526 3862
3600 2740
803 655
4163 4296
3512 2699
784 679
4427 4040
3908 2600
821 652
4720 3737
3001 3073
860 618
4731 3801
3462 2906
824 659
4361 4290
3392 2970
832 662
4982 3658
3736 2904
811 700
4509 4194
3199 3128
819 694
4419 4324
3488 3137
765 745
4546 4150
3897 2854
831 704
4502 4272
3949 2844
782 743
4387 4412
3401 3278
694 847
5409 3636
3714 3054
910 627
4478 4365
3558 3181
1074 571
5594 3561
3531 3198
905 639
4763 4063
3611 3226
965 616
4750 4231
3984 3049
854 712
4588 4433
3389 3487
969 624
4944 4176
3429 3550
913 685
4615 4398
3192 3790
775 802
4603 4545
3811 3240
978 653
5090 4020
3108 4053
1026 626
5152 4126
3887 3234
865 740
4569 4634
3520 3559
1041 625
4558 4663
3563 3594
864 750
4789 4497
3958 3203
884 747
4264 5168
3474 3707
981 710
4912 4444
3780 3410
933 749
5178 4262
2997 4473
908 774
6180 3698
4020 3208
891 805
6634 3525
3937 3304
953 758
4232 5311
3996 3245
954 763
6331 3762
3985 3273
918 809
5795 4008
3400 4003
1019 751
5994 4183
3696 3645
1217 637
6052 4198
4136 3266
1116 707
5463 4501
3747 3622
963 796
5512 4483
3944 3459
1078 734
6518 4046
4001 3453
956 818
4507 5637
3506 4047
986 813
4988 4968
3796 3691
1052 779
5650 4513
4362 3216
883 916
7889 3436
4306 3306
989 832
5889 4425
3810 3764
998 838
5390 4736
4228 3388
1182 741
6045 4464
4791 3058
1093 787
5585 4907
5357 2834
1164 768
4832 5751
4519 3257
1051 843
5258 5288
4217 3510
921 982
5802 4884
3879 3851
1192 804
5026 5641
3891 3960
1184 808
5269 5468
4431 3497
1021 923
6090 4905
4294 3627
1178 828
5189 5566
4463 3514
1145 840
6248 4864
4384 3703
1079 903
5429 5322
4642 3387
1055 933
6220 4994
3888 4291
1047 953
6910 4394
4063 4080
1238 825
8381 4186
4258 3912
995 1017
6520 4714
4508 3720
1172 890
6649 5138
3959 4364
1142 908
6471 4840
4864 3499
1193 883
5985 5720
5280 3254
1224 857
5532 5663
3858 4571
1209 874
6062 5680
4363 4085
1118 951
7612 4345
4065 4382
1092 973
6304 5509
4564 3865
1128 968
6464 5024
4715 3731
1056 1036
8926 4177
5153 3418
1230 905
5640 5689
4394 4109
1265 887
6311 5623
4565 3890
1283 878
6519 5172
4619 3857
1081 1047
6010 6139
6297 3030
1105 1034
6353 5457
5858 3178
1216 947
6179 6147
4250 4351
1300 901
5613 6727
4438 4247
1227 952
5904 6489
4552 4092
1137 1027
9085 4384
4209 4446
1088 1086
7216 5281
4544 4111
1237 954
6450 6109
4575 4113
1247 957
6835 5707
5246 3558
1122 1082
6786 5894
4618 4112
1066 1154
6443 6243
4882 3911
1169 1052
5674 6911
4893 3903
1221 999
8095 4973
4844 3995
1310 949
8861 4641
5936 3367
1165 1075
6727 6095
4492 4409
1345 914
6811 6247
4287 4733
1160 1101
7241 5898
4316 4822
1333 942
7041 6107
5428 3887
1083 1189
7013 6191
5250 4054
1252 1016
7008 6194
5742 3847
1007 1282
7306 6033
4865 4474
1151 1155
7786 5571
5000 4445
1177 1140
6926 6693
4866 4624
1244 1057
7004 6400
5185 4390
1236 1070
7296 6333
5139 4443
1180 1147
7724 5882
5128 4467
1324 993
6961 6706
5412 4362
1387 944
7653 5943
4034 6010
1598 849
8193 5832
5105 4565
1379 958
7470 6246
4307 5619
1343 994
7570 6408
4697 5059
1419 946
8879 5304
4741 5001
1319 1043
6916 7010
6004 4254
1315 1073
9331 5165
5042 4716
1277 1116
7209 6933
4946 4909
1317 1084
7819 6372
5490 4528
1378 1005
7956 6415
5092 4804
1480 969
8321 6212
5697 4416
1330 1102
7628 6715
5307 4669
1421 1012
7419 6924
5654 4478
1496 975
7259 7312
5184 4796
1299 1169
8252 6409
5132 4820
1741 889
7709 6944
5764 4477
1467 1010
8562 6316
5517 4628
1394 1094
8366 6561
5560 4619
1425 1072
7556 7128
5338 4765
1448 1063
8007 7009
5045 5107
1292 1214
7125 7677
5113 5040
1590 967
8487 6809
4990 5341
1358 1142
7936 6906
4987 5246
1380 1131
8663 6724
5445 5011
1410 1121
7661 7163
5549 4870
1548 1013
8386 6938
5777 4972
1546 1040
9559 5725
5086 5459
1381 1200
9445 6265
5273 5461
1559 1074
8117 6907
5485 5085
1331 1240
7391 7949
5906 5033
1489 1143
9209 6239
5724 5198
1510 1126
7779 7580
5979 5022
1570 1092
8449 6773
5296 5602
1451 1177
8145 7290
5709 5299
1427 1195
8951 6671
5621 5582
1280 1333
8326 7125
5584 5759
1521 1144
7617 7924
6576 4963
1539 1153
9030 6765
5892 5511
1830 990
8689 6972
5533 6029
1506 1175
8787 7082
8572 4160
1449 1225
7388 8271
6202 5503
1529 1173
8069 7809
6374 5399
1575 1157
7914 8234
6191 5513
1793 1039
8325 7802
6536 5296
1693 1115
7766 8428
5309 6396
1525 1210
9276 7053
6327 5617
1432 1277
9051 7233
6389 5537
1499 1234
8266 8352
6442 5558
1470 1247
9459 7389
6157 5853
1754 1110
8033 9032
6513 5545
1805 1098
8238 8854
6607 5488
1625 1199
8636 8421
6500 5579
1850 1087
9097 8125
6229 5929
1664 1184
9106 8417
5158 7021
1408 1380
8929 8380
6358 5925
1678 1216
9244 8312
6625 5646
1335 1520
9296 8122
4850 7679
1704 1221
9070 8612
7604 4970
1412 1470
9150 8361
6281 6103
1572 1327
9364 8292
6701 5825
1795 1228
9197 8579
6641 5878
1782 1237
9303 8626
6337 6184
1556 1395
9455 8503
6817 5763
1965 1188
9032 9697
6822 5780
1445 1526
9292 9448
6821 6002
1982 1193
9663 8127
7280 5526
1622 1381
9621 9129
6195 6592
1707 1323
8618 4871
1824 1258
6342 6657
1594 1408
7755 5423
1711 1337
6754 6330
1889 1244
7582 5669
1675 1378
6655 6509
1662 1393
7567 5699
1722 1339
5495 7786
1466 1586
6752 6717
1865 1270
6866 6381
1799 1325
7872 5840
1540 1525
7032 6539
1777 1344
7754 6028
1905 1272
6861 6749
1926 1262
8063 5949
1687 1413
8468 5524
1690 1416
8398 5718
1650 1455
7931 5974
1826 1340
6540 7308
1545 1561
6025 7755
2330 1160
8209 6007
1588 1543
7760 6294
1673 1468
6814 7109
1924 1303
9368 5280
1614 1527
8291 6137
1955 1295
8547 5897
1619 1545
6980 7141
1952 1306
7756 6501
1891 1358
7602 6699
1749 1454
8459 6046
1766 1448
8029 6423
1932 1347
7345 6889
1577 1621
7777 6665
1739 1497
8460 6197
2050 1302
7876 6609
1887 1401
9082 5769
1809 1496
7629 6804
1775 1519
8312 6307
2243 1252
6239 8516
1810 1504
6921 7581
2079 1328
8085 6583
1918 1422
8011 6807
1823 1499
8768 6340
1846 1489
7770 7018
1828 1508
8642 6474
1937 1417
8197 6881
1638 1718
7400 7596
1713 1645
7658 7386
1853 1524
7802 7373
1551 1846
9293 6269
1857 1551
7896 7441
1579 1825
7859 7488
1995 1440
7891 7753
1890 1533
8256 7188
1803 1629
7846 7971
1665 1790
7132 8457
1921 1547
8368 7507
1900 1589
8028 7472
2015 1506
6939 9268
1780 1716
8508 7175
1798 1711
8103 7758
1943 1588
8087 7839
2100 1478
8774 7254
1990 1568
8032 7986
2307 1382
8982 7207
2068 1522
8479 7707
1928 1636
8953 7285
2190 1446
9167 7101
1984 1613
8807 7600
2032 1598
8798 7670
1989 1657
9119 7414
1541 2176
9172 7423
2467 1388
8235 8431
2003 1663
7821 8936
2055 1615
9223 7616
2058 1619
8815 7841
1975 1704
9066 7764
2081 1617
8895 7868
2051 1655
8372 8504
2170 1570
8704 8151
1789 1933
8456 8434
1999 1731
8868 8009
1970 1766
8551 8577
1987 1754
8590 8535
1971 1795
8943 8468
2748 1335
9964 7806
1959 1805
9207 8231
2027 1755
9398 8084
1784 2023
9047 8663
2173 1664
8624 9269
2096 1749
9494 8799
2125 1717
9424 8443
2304 1595
9540 8682
2575 1461
9251 9309
1804 2070
9169 9453
1969 1879
9476 9068
2405 1553
9129 9567
2111 1776
2671 1433
2146 1733
1983 1890
2118 1769
2315 1648
1831 2144
2152 1808
2052 1906
2563 1567
1859 2127
2346 1683
2249 1744
2126 1858
2218 1809
2543 1607
2172 1839
1944 2080
2207 1818
2119 1911
2114 1920
2522 1638
2202 1838
2179 1850
2503 1659
2338 1767
2327 1784
2290 1803
1966 2126
2414 1761
2104 2021
2470 1763
2531 1734
2216 1932
2340 1861
2134 2040
2221 1962
2128 2064
2045 2179
2070 2169
2083 2150
2359 1901
2224 2013
2239 2001
2367 1941
2533 1844
2421 1929
2317 2005
2273 2046
2309 2016
2451 1931
2425 1954
2973 1620
3489 1466
2144 2216
2479 1955
2693 1815
2342 2057
2465 1968
2532 1938
2368 2062
2201 2215
2720 1827
2482 1985
2310 2119
2638 1905
2699 1862
2244 2237
2488 2044
2353 2154
3020 1725
2553 2027
2542 2058
2555 2054
2472 2116
2429 2165
2349 2232
2426 2208
2618 2050
2617 2065
2784 1950
2395 2248
3315 1699
2461 2203
2639 2069
3026 1829
2621 2097
2773 2017
2321 2402
2335 2416
2326 2445
2713 2113
2523 2276
2594 2221
2668 2193
2775 2110
2823 2104
2735 2172
2390 2507
2791 2153
2770 2175
2915 2067
2685 2247
2607 2327
2769 2195
2739 2220
2874 2109
2677 2271
2568 2394
2887 2114
2664 2307
2980 2053
2591 2387
2494 2483
2676 2321
3301 1921
2578 2417
2777 2239
3106 2028
2846 2229
2626 2425
2648 2423
2432 2681
2705 2385
2827 2311
2836 2309
2551 2614
2850 2299
3043 2192
3190 2107
2742 2454
3494 1995
2491 2748
2704 2501
2864 2375
2506 2781
2613 2696
2802 2514
3697 1982
3341 2131
2771 2579
2706 2647
3000 2362
3390 2137
2408 2999
2746 2640
2673 2722
3814 1984
3042 2365
2900 2515
3187 2305
3096 2381
2922 2523
3861 2029
3284 2294
2889 2609
3230 2345
2891 2627
3097 2436
3031 2496
3350 2357
3093 2520
3364 2368
3317 2396
3090 2543
3962 2089
3309 2412
3302 2418
3183 2530
3207 2516
3238 2494
3186 2548
3507 2376
2992 2726
3185 2586
3150 2632
3159 2652
4051 2189
3161 2673
3234 2631
3204 2670
3126 2727
3351 2594
3265 2642
3588 2451
3650 2420
3480 2534
3619 2450
3513 2519
3299 2656
3434 2589
3239 2711
3403 2624
3290 2693
3657 2461
3303 2717
3692 2465
3816 2408
3129 2821
3237 2758
2956 3044
3830 2452
3036 2972
2614 3672
3282 2830
3398 2768
3956 2431
3377 2795
3079 3001
3076 3009
3019 3080
3388 2800
3405 2807
3300 2879
3509 2759
3151 3010
3326 2890
3677 2686
3857 2603
3661 2710
3678 2700
3171 3029
3551 2799
3485 2876
3774 2721
3688 2772
3321 3014
3822 2719
3548 2880
3950 2676
3547 2908
3166 3200
4288 2503
3701 2819
3676 2835
3599 2888
3767 2803
4346 2486
3276 3133
3263 3146
3627 2891
3827 2777
3372 3087
3893 2756
3882 2791
4066 2701
3446 3081
3602 2978
2974 3660
4350 2621
3795 2899
3274 3294
4096 2762
3804 2916
3838 2911
3655 3064
3428 3244
3225 3466
3591 3129
3254 3463
3410 3335
3366 3386
4033 2898
3608 3193
3645 3166
4525 2692
3295 3576
3458 3443
3993 3008
4061 2982
4093 2968
3915 3104
3618 3349
3793 3231
3699 3310
4002 3094
4207 2966
3044 4196
3817 3271
3425 3667
3989 3139
4019 3136
4015 3177
3933 3221
3791 3363
4059 3155
3910 3292
3593 3600
3800 3415
3318 3989
4447 2973
3844 3426
3906 3378
3952 3339
4088 3235
3646 3665
4157 3213
4138 3229
3930 3431
3514 3930
4024 3413
4005 3422
6137 2470
4165 3303
4373 3168
4151 3350
4179 3352
3873 3624
3978 3543
4219 3356
3935 3596
4566 3116
4348 3296
4429 3248
3848 3768
3880 3735
4224 3468
4094 3598
6099 2646
4315 3435
4586 3214
4322 3454
3926 3821
3919 3844
3940 3834
4461 3384
3394 4526
4309 3505
3632 4260
4638 3252
4008 3838
4118 3728
4353 3522
3169 4931
4184 3723
4711 3319
4518 3496
4087 3951
3589 4534
4515 3540
4030 4070
4328 3787
5689 2956
4286 3856
4415 3736
4410 3754
4235 3962
4489 3701
4458 3777
4482 3727
4994 3325
4301 3975
4521 3751
4360 3952
4681 3612
4885 3479
4812 3523
4503 3860
4032 4367
4568 3798
4793 3582
5130 3368
4455 3977
4887 3553
3801 4648
5016 3465
4606 3819
4128 4378
4404 4108
4514 3981
4931 3570
5155 3438
4947 3571
4582 3935
4270 4287
4773 3730
4898 3634
4598 3944
5225 3441
4834 3706
4342 4256
4756 3803
4901 3693
4423 4203
4125 4518
5424 3405
5034 3642
4639 4005
4196 4476
4488 4200
5121 3603
5762 3287
4996 3721
4890 3886
4652 4117
4992 3814
4772 4038
4668 4158
4439 4452
4686 4188
4969 3934
6168 3284
4617 4269
4683 4209
5221 3743
4928 4017
4853 4091
4765 4180
5515 3609
4705 4251
5036 3955
4900 4087
4932 4061
5786 3516
4846 4139
4825 4184
4583 4402
5162 3901
5067 3992
5402 3770
4859 4193
4726 4343
5717 3618
4745 4321
5022 4089
4241 4860
6134 3462
5476 3794
5716 3662
5151 4022
5033 4121
5767 3640
5967 3555
5314 3925
5082 4100
5168 4052
4247 4949
5628 3775
4716 4459
4856 4344
5618 3793
4868 4347
5047 4206
5125 4144
4941 4311
3947 5484
5426 3974
4561 4668
4608 4633
4365 4936
5333 4058
4678 4579
4778 4493
4300 5039
4532 4757
4958 4379
6182 3650
5734 3883
5417 4078
5106 4335
5281 4267
6142 3763
6378 3632
5806 3965
5237 4317
4847 4588
5117 4391
5466 4192
4907 4578
4764 4687
5326 4293
5567 4140
5218 4387
5143 4428
4854 4651
4396 5271
5195 4407
5758 4098
6662 3613
6057 3967
5793 4101
4815 4790
6440 3810
5196 4523
6278 3905
5064 4614
5129 4574
5683 4264
6276 3941
7265 3444
6091 4086
6172 4055
5369 4490
5539 4395
4913 4866
4643 5187
4929 4859
4914 4883
4333 5776
5156 4694
5308 4602
5954 4282
4809 5090
5845 4372
5108 4832
5404 4604
5756 4420
5987 4340
5872 4385
5298 4709
4777 5237
5663 4514
6694 3999
5849 4429
5214 4839
6335 4216
5372 4705
4805 5278
5288 4798
5205 4873
5454 4681
6629 4081
6039 4401
4739 5419
6174 4369
6587 4154
5830 4543
5144 4990
5200 4953
5645 4644
6068 4441
5687 4632
6234 4368
5230 4962
5478 4764
5197 5003
4989 5227
7083 3918
5115 5098
5459 4835
5228 5030
5465 4869
5499 4852
5487 4861
6231 4454
5202 5119
5503 4895
5999 4612
6005 4642
4874 5606
6251 4537
5857 4720
4771 5809
5924 4697
6021 4652
5576 4928
5814 4759
6292 4544
5031 5476
5408 5074
4975 5540
6418 4524
5884 4816
6381 4567
6457 4536
5405 5191
6060 4748
5110 5514
5641 5028
5624 5061
6167 4741
5748 5015
6570 4561
6515 4585
6706 4499
6319 4704
4560 6581
5443 5328
5673 5131
5798 5064
5929 5008
6458 4670
4822 6207
5171 5704
7169 4319
5783 5140
5738 5199
6679 4589
5540 5368
5914 5082
6357 4801
6259 4862
6171 4954
6399 4815
6046 5054
6967 4517
6966 4520
6451 4810
5059 6065
5481 5542
6089 5068
5547 5492
6798 4600
6214 4982
6318 4915
6153 5041
6452 4851
6138 5062
6565 4762
6310 4964
6539 4828
6888 4609
5376 5778
5456 5740
6952 4631
5562 5636
6186 5205
5951 5381
6034 5332
5797 5544
6061 5380
6462 5066
5978 5470
6156 5343
5442 6062
5427 6083
6411 5190
7299 4598
6402 5225
5860 5653
6287 5339
5750 5851
6264 5367
6181 5471
6482 5238
5910 5710
5574 6068
6577 5170
6950 4899
6661 5109
7318 4657
6564 5218
5769 5960
6260 5477
6508 5276
6273 5464
5444 6256
5963 5786
6283 5521
7263 4755
6125 5670
7061 4912
6169 5656
6560 5345
6976 5010
6222 5694
6131 5821
6420 5531
6434 5538
6879 5173
5881 6096
6387 5599
6846 5219
7018 5094
6696 5361
6439 5585
6556 5516
7552 4780
6968 5171
6001 6088
6877 5270
8904 4284
6623 5494
5514 6571
6095 6061
6029 6112
5833 6261
6657 5549
9190 4248
7110 5195
6795 5473
7313 5047
7961 4738
6494 5864
6653 5683
7673 4924
7659 4942
7137 5286
6610 5813
7323 5142
7288 5182
7036 5411
6544 5938
6538 5976
6313 6174
6760 5726
6514 6035
7012 5517
6595 5971
6691 5875
6865 5647
6608 5977
7364 5245
6725 5873
7145 5428
6719 5900
7697 5058
7192 5413
4940 7891
6246 6358
6485 6163
6975 5661
7950 5009
6268 6438
7063 5652
6871 5896
7135 5577
6813 5963
6612 6166
6762 6022
6678 6130
6611 6186
6083 6703
6914 5954
7508 5363
7117 5714
6266 6573
6244 6587
7838 5215
7058 5866
7678 5308
6983 5952
6632 6255
6145 6723
6951 5987
7101 5818
7087 5849
7177 5716
6456 6456
8344 4979
6469 6490
7097 5932
7077 5956
5609 7316
6984 6057
7321 5693
6413 6615
6600 6448
7203 5892
6455 6600
8564 4971
6651 6455
7559 5576
7781 5463
7255 5930
7228 5968
7349 5857
7091 6175
7261 6026
7242 6049
7160 6133
7173 6132
6809 6491
7569 5796
8023 5465
6819 6492
7794 5628
8151 5407
8211 5385
7252 6114
8192 5433
7179 6202
7273 6124
7566 5921
8186 5456
7208 6204
9491 4719
7588 5982
6185 7243
8510 5333
7775 5904
6697 6812
7828 5899
7302 6259
6065 7542
6788 6750
6901 6704
9021 5153
7393 6248
8066 5792
7017 6672
5990 7780
7144 6570
8597 5462
7067 6653
7822 6075
7660 6181
6695 7006
8369 5682
6999 6794
6286 7587
7381 6475
6996 6831
7417 6465
8306 5880
7332 6569
8844 5489
8954 5416
7326 6607
7479 6513
6658 7300
7458 6564
7597 6477
7662 6428
8550 5847
8674 5719
7721 6403
7708 6426
7615 6522
8462 5990
6831 7230
8840 5695
8341 6079
7981 6344
7374 6792
6954 7191
8121 6277
7804 6518
7311 6848
7992 6386
8058 6361
7935 6461
6936 7305
7810 6560
8765 5931
7943 6485
7736 6622
8831 5903
8110 6363
8992 5789
7415 6863
9019 5794
7938 6548
8575 6134
7795 6680
7436 6901
6940 7510
8993 5939
8118 6532
7840 6710
7963 6661
7376 7043
7851 6737
8150 6625
7680 6930
7982 6755
7105 7529
6745 8014
9163 6000
8596 6351
7481 7098
6957 7778
8520 6450
8067 6802
8595 6457
7970 6872
8129 6781
7568 7171
9678 6925
7485 7311
8140 6857
8729 6507
8237 6814
8208 6843
8875 6440
8070 6951
8417 6753
9029 6364
8763 6554
7904 7114
9976 6158
7953 7091
7852 7205
8229 6941
8160 6999
6873 8471
8599 6762
8832 6640
8323 6942
7416 7765
8655 6759
8214 7069
9250 6407
8133 7144
7815 7457
7170 8233
7864 7475
8708 6816
8419 6980
8353 7059
9297 6466
8484 6989
8250 7166
9877 6612
8514 6994
8678 6903
8113 7356
7647 7856
8268 7262
7996 7537
9001 6790
8075 7536
7769 7825
8475 7196
8873 6923
8396 7294
8302 7399
8188 7545
9124 6825
8903 6953
8784 7042
8448 7334
8295 7479
9216 6788
8018 7724
8648 7169
8670 7194
8747 7198
7812 8133
9937 6861
7587 8388
8464 7509
9294 6860
9391 6824
9876 7048
8476 7618
8084 8008
7958 8163
8659 7460
8453 7674
8705 7477
8231 7914
8328 7854
7830 8409
9429 6874
8940 7314
8604 7619
8393 7834
7955 8325
8276 7973
8696 7584
9878 7201
9383 6959
8549 7731
9255 7147
9484 6905
8859 7552
8515 7902
9979 7120
8512 7938
9203 7293
8240 8254
8837 7643
9213 7310
7873 8651
9879 7396
9146 7392
7924 8628
8976 7603
8161 8445
8559 8054
8990 7636
7751 8953
8511 8153
8287 8414
8818 7871
8297 8436
8148 8599
8613 8118
9176 7574
8442 8333
8968 7790
9652 6618
8086 8790
9945 7540
8991 7832
8693 8193
9105 7759
7983 8996
8939 7976
7975 9044
8003 9035
9454 7453
7511 9588
8938 8085
8516 8531
9025 8012
9418 7577
9022 8047
8570 8517
9034 8055
9184 7909
8658 8458
9926 7898
8963 8209
9860 8080
8770 8404
8852 8355
9968 7850
9609 7266
8816 8501
9376 7843
8589 8833
8989 8407
9242 8197
8630 8859
9076 8373
8454 9059
9230 8251
9317 8136
9604 7500
8828 8712
9525 7804
9221 8367
9212 8383
9447 8063
9452 8050
9490 7991
9417 8168
9045 8650
7886 9790
9183 8532
9199 8522
9395 8275
9533 7944
9605 7791
9048 8851
9042 8867
9442 8348
9504 8223
8732 9260
9120 8864
9258 8717
8560 9469
9486 8405
8801 9379
9522 8378
8712 9458
9977 8811
9911 9018
9482 8607
9861 9247
8877 9473
9643 7943
9282 9123
9503 8845
8074 9888
9637 8267
9149 9457
9196 9427
9318 9312
9269 9470
9506 9096
9512 9124
8746 9829
9024 9745
9641 8481
9173 9655
9493 9242
9473 9336
9574 9131
9470 9386
9235 9701
9563 9195
9595 9072
9498 9397
9591 9155
9610 9197
9625 9238
9546 9779
9645 9743
1163718206 1308641291
1
sift 62
894 373
89 41
473 243
114 60
1392 977
360 165
1427 730
447 214
2603 947
550 241
1674 782
740 370
2953 981
1153 427
1600 849
2202 1312
3450 1146
2163 1622
2359 1280
3303 1137
2867 1377
2768 1387
3109 1919
3063 1514
4215 1562
3811 1765
5716 1853
3393 2051
4609 1890
5936 1601
6795 2291
4463 1869
4912 2265
5000 1838
6131 2919
4544 2043
4988 3038
5654 2475
5973 3222
6540 2430
7307 3032
4991 3410
6739 3010
7611 2686
7710 2991
6229 3656
6608 3399
8089 2879
8145 3564
7629 3154
7364 3265
6439 3929
7013 4071
8011 3335
8935 3156
8368 3266
8095 5986
7400 4055
9178 4129
7528 4605
8944 4429
9470 4348
1163718206 1418904103
1
sift 2004
84 89
15 23
5 8
41 48
14 24
6 12
107 136
31 40
8 15
60 87
47 59
12 19
118 138
55 72
48 63
119 123
53 65
61 51
166 168
64 80
51 85
188 228
67 95
54 77
280 299
102 133
69 78
269 313
92 131
82 88
329 377
346 235
78 92
291 338
140 148
86 99
337 400
302 328
99 111
295 349
137 161
110 117
441 490
297 388
97 143
319 372
246 271
112 125
428 533
341 353
108 140
386 467
259 275
104 149
507 581
369 332
122 137
396 473
223 345
147 180
430 678
364 386
152 174
424 455
233 329
133 216
548 634
359 404
167 175
418 563
307 277
162 203
467 799
408 458
169 206
440 588
342 256
171 207
567 758
447 494
196 205
532 498
287 323
187 220
621 697
462 574
175 258
529 671
301 368
192 241
845 752
485 613
210 221
654 685
335 357
197 253
639 1005
547 694
212 252
755 863
379 379
200 274
710 942
578 657
239 248
826 915
348 420
204 293
820 1085
550 712
224 270
886 1146
393 401
225 290
955 1245
546 715
261 263
981 1202
376 450
227 306
991 1227
684 729
326 217
934 1305
391 445
243 295
1147 1362
649 826
230 310
868 1604
399 521
252 300
1262 1293
625 871
234 326
1157 1216
363 598
256 319
1141 1409
739 875
250 327
1226 1233
535 516
276 302
1139 1530
777 932
304 269
1032 1706
511 549
368 232
1154 1503
774 940
289 320
1214 1571
496 572
263 344
1268 1555
817 983
272 336
1209 1651
542 570
260 364
1340 1445
833 991
262 365
1208 1691
497 654
294 340
1218 1700
679 1345
279 360
1228 1671
538 674
273 369
1415 1447
1095 981
296 356
1367 1550
558 644
274 392
1383 1548
911 1274
324 334
1445 1495
555 698
265 428
1452 1523
1114 1148
311 374
1312 1803
610 774
327 387
1459 1715
1087 1199
373 347
1519 1578
648 724
288 476
1576 1705
1004 1464
353 370
1502 1742
671 703
352 378
1631 1757
996 1593
338 398
1797 1632
637 770
340 413
1725 1985
1115 1554
365 380
1784 1720
683 815
328 456
1683 2040
1069 1726
482 335
1740 2037
726 824
387 437
1668 2140
1153 1639
377 472
1842 1957
697 869
422 431
1840 2089
1371 1417
385 464
1812 1998
803 934
394 463
1877 2196
1390 1443
384 491
1375 2748
793 954
406 469
2464 1797
1322 1562
460 430
1890 2070
713 1114
444 439
1864 2311
1385 1612
410 478
2086 2131
810 1038
413 480
1816 2534
1429 1876
476 427
1530 3081
852 1037
484 422
2093 2291
1585 1818
425 486
1755 2747
941 993
416 512
2258 2352
2048 1566
367 576
1974 2423
940 998
395 541
2295 2679
1656 1912
383 564
1984 2665
1125 1030
450 497
2336 2654
1602 2167
417 540
2205 2478
1054 1134
475 488
2495 2543
1806 1956
375 611
2134 2738
1085 1113
472 502
2323 2725
1613 2189
469 517
2126 2846
1182 1078
449 547
2402 2689
1542 2385
439 556
2315 2638
1036 1257
490 513
2483 2723
1883 2068
465 552
2169 2906
1299 1320
435 579
2399 2929
1930 2122
436 582
2102 3296
1074 1772
493 522
2388 2953
2039 2093
464 571
2533 3055
1238 1510
400 628
2701 3075
1931 2301
508 528
2221 4250
1310 1466
415 646
2734 3474
1916 2330
491 565
2906 3162
1203 1842
473 599
3012 3368
2138 2114
515 537
2740 3514
1387 1524
504 559
2666 4140
2046 2319
480 600
3374 2971
1358 1637
561 481
3288 3145
2188 2308
468 626
2988 3648
1525 1865
506 569
3164 3801
2294 2221
427 669
3444 3337
1507 1897
510 589
3624 3356
2150 2386
438 663
3200 3855
1489 1978
520 590
4274 3113
2189 2365
516 595
3185 4165
1378 2356
521 592
3248 4225
2137 2413
539 557
3321 4019
1704 2010
549 553
3482 3992
2091 2559
517 614
3398 3968
1590 2451
527 602
3758 3751
2241 2377
566 539
3616 3936
1875 2083
537 597
3414 4262
2196 2522
530 619
3685 3984
1928 2136
477 690
3707 4152
2274 2483
478 719
3480 4338
1999 2261
574 586
3895 4227
2213 2570
502 695
3351 4489
1960 2331
554 647
3883 4570
2480 2581
593 594
3766 4444
2057 2466
564 670
4792 3752
2502 2576
499 780
3255 5815
2172 2353
514 777
4387 4284
2054 3236
596 631
4301 4466
2392 2516
585 650
4546 4392
2254 3118
551 721
4246 4577
2124 2821
528 769
6097 3409
2604 2742
563 710
4507 4513
2365 2565
619 617
4319 4824
2637 2974
589 658
4678 4390
2218 2787
594 682
4310 4874
2466 3244
642 622
5029 4292
2482 2699
624 637
4290 4979
2762 2877
565 766
4666 4592
2556 3250
556 813
4729 4560
2778 3096
647 675
4247 5178
3078 2720
682 642
4012 5571
2698 3230
602 760
4494 4861
3034 2889
618 727
4110 5785
2632 3441
675 666
4088 5772
2824 3163
626 731
4600 5001
2768 3307
658 708
3988 6141
2664 3464
622 754
4526 5428
2462 4008
600 802
4479 5766
2677 3600
662 753
4762 5548
3063 3171
715 688
4595 6036
2836 3488
645 794
4720 6524
3002 3277
666 786
5168 5243
3069 3440
676 782
4830 6458
2947 3703
705 745
4505 6778
2970 3640
660 806
5178 6052
3199 3384
672 800
5588 5385
3045 3690
664 819
5429 5832
3072 3726
707 820
4677 6880
2900 3971
702 836
5390 5937
3117 3689
836 723
5065 6442
2808 4185
784 785
4789 7266
3287 3535
704 854
5209 6453
2791 4226
800 828
6369 5436
3488 3371
785 841
5769 5931
2965 3887
918 756
6470 5579
3111 3836
693 986
5597 6128
3479 3407
732 919
5532 6717
3392 3567
783 862
5885 6031
2943 4198
723 939
5794 6893
3241 3821
765 892
6440 5807
2914 4318
722 970
6503 6283
3572 3509
790 890
6062 6769
3462 3722
757 918
6042 6812
3406 4097
811 881
5640 7236
3632 3746
692 1082
6179 6795
3611 3929
821 902
5946 6980
3411 4036
808 927
5980 7071
3337 4280
838 889
5863 7149
3448 4107
725 1074
7216 5941
3511 4354
832 911
5693 7394
3161 4628
735 1048
5004 8753
3601 4334
745 1021
6130 7036
3701 4105
819 957
6353 7115
3669 4420
734 1125
5568 7774
3935 4024
883 896
6220 7617
3897 4242
831 968
6107 7458
3905 4201
798 1060
5801 8276
3811 4357
807 1071
6441 7105
3880 4322
908 924
7013 6975
3558 4700
805 1103
5797 7975
3916 4288
847 1002
6219 7900
3996 4243
720 1301
7873 5886
3840 4362
891 966
6811 7453
3736 4607
830 1110
6948 7369
3774 4648
914 976
6910 7516
3858 4571
802 1189
7886 6527
3531 4963
861 1062
7008 7413
4250 4209
884 1027
6508 8033
3958 4495
896 1020
7057 7644
4020 4616
921 1007
7259 7433
4318 4324
890 1046
6727 8239
3023 6602
1007 941
6264 8878
3838 4851
1030 931
7096 7928
4316 4451
993 961
6916 8269
4128 4580
865 1135
6802 8651
4127 4686
846 1184
8913 6478
3857 4926
907 1120
7306 7999
4294 4646
919 1106
6932 8326
4034 4932
885 1161
7041 8415
3985 5097
875 1196
7417 7763
4809 4380
963 1105
6443 9313
4136 5139
904 1191
7628 7711
4019 5278
897 1210
9219 6472
4363 5012
999 1081
6052 9676
3882 5602
930 1173
7293 8470
4564 5000
956 1145
7184 8683
3742 6207
1000 1115
8191 7659
4065 5875
943 1178
6969 9121
4461 5040
1035 1065
8143 7744
4544 5112
994 1139
7570 8357
4913 4705
962 1190
7212 9040
6749 3692
1047 1087
7107 9210
4946 4708
953 1212
8238 7939
4258 5869
913 1282
7881 8237
4350 5669
1108 1067
7766 8627
4248 5903
1122 1058
7448 8844
5571 4414
1081 1117
7865 8687
4508 5651
1018 1203
8019 8321
5121 4797
1130 1075
7819 8928
4882 5136
979 1268
9266 7474
4987 5042
1006 1241
7709 9122
4519 5801
1129 1100
7479 9298
4083 6724
984 1286
8636 8511
5000 5143
969 1309
8049 8971
5750 4621
1038 1221
7556 9636
5042 5154
1063 1193
7992 9126
4695 5644
1102 1177
7388 9671
5113 5098
1059 1226
8152 9158
4061 6960
1065 1238
9296 8134
4889 5392
1088 1215
8981 8292
4696 5877
1106 1229
8878 8983
4845 5957
1086 1263
8548 9142
5376 4996
972 1392
8518 9521
4565 7025
1066 1324
8449 9557
4846 5884
1142 1252
8787 9525
5445 5855
1096 1338
9369 9204
4566 6557
1026 1429
9552 9012
4791 6820
1160 1289
9269 9404
4823 6106
1094 1351
9197 9597
5097 6498
978 1514
9183 9502
4773 6401
1091 1403
9385 9708
5307 6296
1052 1455
8436 9697
5685 5818
1156 1344
5570 6049
1041 1486
9330 9449
5372 6173
988 1603
5549 6111
1128 1385
9341 9719
6024 5687
1073 1456
5128 6720
1119 1412
5929 5791
1180 1380
5654 6117
1056 1579
6485 5313
1246 1349
5153 6763
1172 1465
6339 5501
1163 1472
5132 6833
1113 1539
4767 7467
1221 1408
5249 6854
1277 1352
5338 6738
1184 1478
5273 6829
1132 1544
5999 6132
1292 1370
5709 6459
1317 1358
5689 6619
1099 1657
6120 6372
1186 1525
4940 7680
1420 1277
5784 6904
1265 1418
6505 5983
1331 1354
6655 6174
1230 1598
6697 5789
1319 1498
6195 6714
1232 1658
5787 6994
1252 1623
6191 6897
1149 1831
6651 6143
1200 1776
5533 7872
1280 1640
4899 8780
1443 1423
6416 6944
1219 1771
6171 7064
1343 1563
6229 7156
1408 1491
6358 7059
1393 1519
6630 6856
1282 1728
6742 6740
1249 1794
6239 7284
1435 1494
5892 7697
1432 1509
6826 6860
1259 1817
6459 7131
1423 1542
6374 7392
1347 1688
6182 7572
1409 1606
5858 8001
1288 1899
6457 7277
1223 2012
5448 8669
1355 1800
6325 7500
1628 1474
6921 6990
1362 1792
5956 8143
1365 1790
6844 7155
1614 1493
5644 8642
1352 1838
6641 7388
1480 1660
5884 8369
1427 1749
6513 7638
1751 1433
6822 7270
1545 1600
6157 8185
1450 1777
6691 7578
1531 1663
6202 8340
1522 1694
7481 6797
1438 1822
6781 7689
1665 1573
6174 8479
1571 1674
6442 8202
1469 1815
8058 6502
1425 1873
6542 8192
1454 1847
7135 7278
1577 1689
6866 7904
1642 1659
6237 8464
1470 1857
6752 8281
1337 2084
7769 6793
1548 1787
6982 8051
1239 2372
6434 8255
1565 1796
7047 8036
1514 1843
7197 7308
1300 2280
7931 7470
1650 1731
7117 7954
1379 2058
7032 8572
1235 2453
7521 7664
1804 1619
8827 7005
1397 2098
6241 9444
1601 1835
8081 7792
1451 2027
6719 8804
1654 1820
7400 8730
1638 1834
6565 9129
1744 1737
7602 8541
1368 2215
6725 8876
1326 2367
7528 8658
1690 1809
6925 8663
1504 1996
7280 9029
1510 1988
7196 8371
1630 1874
8028 8229
1572 1927
7169 8524
1481 2047
9081 7323
1622 1901
9161 6934
1496 2073
7658 8755
1439 2181
6877 9443
1777 1788
8679 7751
1421 2248
7963 8132
1560 2022
7876 8634
1663 1921
7084 9421
1591 2015
7595 9046
1730 1917
8032 8577
1583 2086
7629 9062
1653 2018
8188 8427
1618 2088
7760 9065
1789 1929
8505 8113
1521 2255
8087 8715
2045 1763
8515 8097
1696 2065
8045 8820
1926 1860
8603 8304
1707 2101
8011 9140
1633 2228
8085 9120
1686 2146
8209 9044
1625 2232
8877 8315
1843 1990
8235 9162
1844 1994
8547 8909
1612 2288
9223 8543
1471 2551
8503 9043
1823 2048
9335 8418
1972 1913
8945 8604
2024 1878
8590 9498
1546 2433
8382 9243
1559 2526
8256 9624
1856 2119
8511 9207
1575 2510
8704 9430
1821 2176
8471 9289
1947 2023
9348 8944
2052 1936
8800 9363
1596 2499
8460 9643
1971 2033
8564 9585
2070 1964
9494 9642
1922 2113
9517 9230
1780 2306
2305 1819
1826 2266
1570 2653
1720 2412
1913 2172
1846 2281
1678 2538
1988 2135
2027 2091
1739 2472
1857 2332
1981 2186
2224 1943
1945 2224
1959 2252
1990 2225
1810 2469
1900 2348
1795 2521
1899 2383
1908 2374
2096 2169
1876 2407
2060 2205
1935 2354
1885 2430
2003 2351
2226 2095
2170 2166
1918 2458
1895 2509
1987 2401
2076 2309
1951 2448
1936 2475
1946 2481
2132 2267
2326 2128
1754 2844
1961 2542
2019 2486
2051 2443
2304 2190
1932 2632
2074 2456
2128 2387
1921 2675
2176 2343
2207 2340
2201 2347
2114 2462
2338 2238
1845 2872
2190 2382
2301 2284
1924 2756
2527 2139
2197 2397
1787 3004
2247 2359
2016 2664
2447 2214
2111 2556
2173 2467
2002 2767
2260 2442
2317 2410
2152 2589
2257 2500
2239 2528
2135 2666
2065 2790
2187 2599
2281 2523
2160 2683
2790 2159
2159 2709
1937 3048
2108 2802
2432 2471
1943 3123
2414 2515
2001 3050
2491 2454
2028 3049
2327 2707
2429 2610
2425 2612
2395 2639
1955 3334
2352 2737
2130 2996
2415 2688
2368 2741
2269 2865
2488 2657
2290 2856
3178 2145
2055 3273
2684 2489
2361 2811
2529 2662
2426 2770
2308 2870
2704 2501
2228 2970
2249 2954
2588 2644
2421 2825
2619 2635
2335 2940
2565 2712
2705 2574
2471 2820
2555 2771
2545 2795
2735 2601
2379 2965
2029 3707
2522 2833
2797 2586
2349 3017
2540 2836
2594 2779
2158 3460
2461 2989
2819 2660
2562 2904
2891 2587
2339 3216
2606 2874
2465 3029
2534 2962
2115 3759
2244 3412
2713 2800
2256 3403
2887 2641
3422 2329
2591 2935
2837 2728
2810 2762
2510 3053
2307 3370
2553 3009
2470 3122
2673 2921
2585 3072
2542 3143
2468 3257
2532 3166
2243 3761
2571 3152
2771 2951
2472 3383
2618 3170
2424 3546
2736 3046
2279 3948
2393 3677
2638 3234
2497 3491
2313 3915
2621 3301
2668 3288
2805 3106
2676 3293
2894 2982
2444 3770
3061 2887
4038 2399
2589 3582
2694 3405
2846 3190
2827 3226
2890 3158
2648 3599
2875 3198
2469 4060
2614 3740
2881 3256
2772 3459
2859 3316
2770 3484
2855 3336
3818 2626
3419 2858
2945 3267
2849 3448
2330 4528
2620 3952
2773 3655
2782 3644
2892 3445
3116 3135
3295 2993
2863 3532
2889 3508
3044 3261
3283 3031
2671 4003
2972 3404
3779 2798
3007 3388
3527 2942
2675 4075
3129 3348
3079 3425
3219 3275
3801 2880
3055 3519
2922 3742
3377 3211
3599 3030
3126 3483
3169 3431
2904 3868
3000 3693
2968 3769
3090 3585
3171 3545
3503 3209
3187 3550
3189 3556
2998 3866
2915 4071
3207 3594
3086 3765
3036 3892
2850 4285
3633 3242
3137 3772
3339 3552
3364 3530
3175 3730
3097 3885
3145 3809
3282 3645
3084 3931
3405 3572
3326 3654
3183 3831
2992 4143
3428 3576
2924 4295
3159 3906
3573 3424
3245 3807
3698 3350
3234 3886
3035 4172
3901 3214
3154 4034
3372 3755
3193 3995
3233 3967
3141 4115
3239 3998
3263 3975
2853 4620
2946 4462
3167 4113
3204 4087
3677 3536
4040 3208
3502 3725
3091 4261
3464 3802
3357 3979
3560 3714
3366 3981
3093 4340
3508 3824
3499 3858
3330 4080
3388 4004
3157 4296
3251 4168
3509 3890
3797 3565
3292 4150
3566 3828
4311 3147
3180 4308
3363 4102
4261 3193
2792 5053
3645 3750
3668 3768
3618 3851
3212 4342
3717 3741
3020 4601
3407 4160
2973 4741
3186 4433
3587 3985
3650 3949
3037 4703
4563 3127
3434 4199
4432 3241
3106 4644
3238 4526
3496 4283
3026 4866
3699 4043
3494 4304
3822 3950
3427 4378
4135 3649
3190 4692
3750 4067
3280 4593
3933 3869
3943 3850
3278 4599
3602 4267
3591 4316
3588 4328
3716 4176
3196 4768
3655 4260
3201 4809
3919 4027
3358 4667
4239 3737
4017 4025
3096 5158
3792 4293
3927 4138
3808 4297
3806 4330
3274 4945
4351 3817
3709 4481
4366 3873
3795 4460
3350 5008
4331 3955
3827 4450
3689 4590
4304 4000
3963 4341
4105 4223
4133 4207
3947 4381
3460 4949
3800 4549
4291 4091
4385 4013
3651 4740
3676 4717
4224 4182
3425 5116
3672 4783
3936 4515
3788 4694
4183 4321
4333 4196
4149 4427
4622 3980
3619 5044
4341 4299
4165 4446
4455 4190
3893 4743
3915 4725
3441 5489
3221 6016
4021 4655
4439 4303
3529 5373
4087 4614
3446 5634
4118 4624
3786 5028
4406 4384
3773 5068
4115 4662
4292 4521
4560 4278
4716 4135
4111 4709
3606 5400
3705 5249
3723 5268
4269 4606
4810 4124
3636 5522
5247 3830
3851 5232
4348 4618
4523 4470
4148 4837
4129 4872
3793 5420
4039 5047
4403 4712
4057 5119
4151 4997
4059 5168
4705 4457
4771 4403
4094 5151
4309 4864
4468 4733
4373 4835
4339 4865
4096 5216
3825 5730
4120 5241
4484 4775
4160 5222
4079 5341
3952 5612
4874 4472
4617 4680
5101 4323
3706 6183
4485 4844
4068 5438
4208 5264
5024 4400
5666 4021
4589 4780
4086 5497
3719 6272
3410 7038
4095 5514
4337 5150
4405 5063
4423 5117
5226 4365
4139 5581
4594 4876
5478 4230
4410 5197
4745 4748
3967 6042
4521 5099
3764 6562
4952 4675
4322 5468
4395 5365
4315 5554
4452 5330
4608 5138
4446 5433
4583 5215
4757 4960
3845 6655
4701 5056
4639 5155
4607 5230
4206 5953
4328 5751
3861 6727
4881 4930
4824 5002
5190 4738
4517 5625
4817 5131
4606 5434
3470 7922
4815 5172
4549 5624
4464 5840
4532 5720
5059 4946
4220 6341
4638 5479
4835 5227
4346 6101
4636 5528
4620 5574
4671 5476
4283 6265
4453 5960
4597 5700
4686 5516
4445 6045
4668 5572
4219 6476
5015 5106
4404 6160
4719 5517
4574 5809
4861 5335
4793 5412
4654 5686
4992 5193
4929 5282
4879 5344
4522 5991
6137 4479
4391 6309
4711 5671
4448 6237
4179 6770
4344 6479
4805 5592
4518 6155
4635 5873
4643 5859
4885 5539
5362 4978
4907 5526
4477 6354
4456 6418
3695 8056
5008 5395
4856 5682
5176 5276
4786 5817
5114 5380
5628 4921
5023 5573
4703 6074
4795 5910
4924 5727
5160 5408
4378 6875
5603 5036
5389 5263
4596 6494
5161 5543
4567 6554
5702 5058
5481 5272
4665 6416
4728 6389
5625 5235
5501 5332
5735 5181
5562 5311
5600 5296
5084 5895
4413 7193
4710 6556
5082 5938
4534 6928
5668 5303
4854 6336
5202 5825
4900 6291
5165 5911
6187 4967
5046 6161
5072 6127
5444 5729
4969 6362
5100 6243
4812 6710
4726 6896
5404 5848
5417 5861
4801 6805
5326 6034
5369 5963
5205 6221
5106 6369
5370 6026
5218 6254
5360 6064
5454 5956
5067 6491
4842 6851
5196 6337
5872 5591
4934 6800
4887 6914
5298 6270
5288 6295
5292 6289
5133 6520
5642 5889
5643 5904
5174 6508
6101 5499
5659 5946
5418 6216
4672 7384
5468 6228
5575 6108
5416 6325
5540 6233
5130 6759
6162 5646
5604 6184
5228 6663
6433 5378
5320 6553
5342 6539
5857 5947
4807 7316
5222 6712
5948 5913
5751 6139
6053 5852
5934 5961
5687 6230
6261 5675
5514 6462
6493 5486
5591 6383
5237 6864
5260 6849
5653 6366
6044 6024
5503 6609
5639 6473
4698 7843
6189 5972
5676 6501
5188 7093
5322 6955
6119 6109
4910 7603
5257 7084
6387 5876
6681 5610
4956 7602
6657 5711
5734 6654
5673 6706
5990 6391
5465 6982
5346 7146
6139 6301
5842 6598
5144 7405
5645 6811
6514 5965
7056 5421
5811 6723
5459 7120
5442 7143
6136 6424
5641 6972
6167 6445
5220 7505
5299 7361
5800 6892
5757 6949
6320 6380
5239 7630
6163 6644
6251 6540
5814 6988
6115 6711
6336 6506
6592 6258
6504 6375
5595 7318
5776 7161
6455 6486
5569 7385
6158 6852
5200 7950
5694 7324
6260 6792
6564 6503
5708 7376
5815 7330
5423 7859
5957 7274
5590 7719
6506 6758
6436 6837
5455 7898
5399 7973
6684 6584
5266 9789
6266 7062
6816 6474
5230 8390
6256 7113
6131 7249
6223 7187
6231 7205
5753 7730
5976 9730
6490 7016
6085 7455
6633 6900
6375 7191
7206 6273
7924 5698
6215 7368
5987 7660
5868 9752
6769 6831
6722 6924
5782 7969
5833 7908
5500 8396
6963 6726
6399 7336
5440 8557
5722 8148
6695 7045
6367 7383
5482 8527
6406 7353
6785 6978
6664 7129
6446 7366
6919 6909
6075 7852
6951 6902
6680 7209
6745 7145
6381 7597
6600 7417
6089 8074
7708 6346
7618 6421
6012 8198
6598 7531
6669 7475
6901 7222
6619 7576
6654 7559
5747 8793
6491 7786
6930 7298
6517 7796
6201 8223
6453 7891
7250 6995
5717 8963
6431 9770
6999 7321
5790 8922
6696 7713
6080 8590
6318 8263
7566 6850
6428 8119
6233 8424
5630 9270
6784 7683
6739 7750
7313 7118
6172 8566
6795 7717
6707 7823
6573 8019
7067 7438
7154 7326
6462 8243
9077 5837
7236 7334
6686 8047
8658 6225
6762 7962
6208 8854
7158 7546
7597 7132
7080 7673
6717 8118
6738 8104
6847 7964
6310 8821
6452 8635
6570 8477
5881 9465
7401 7436
6773 9788
7045 7877
6778 8251
7450 7442
7666 7263
8631 6537
6300 9037
7120 7878
6799 8331
6975 8102
6639 8638
8839 6530
6286 9268
6857 8410
9213 6282
6983 8278
6798 8549
7432 7739
6956 8430
6481 9146
7633 7621
7485 7777
7454 7818
6412 9330
7058 8376
6862 8743
7757 7678
6907 8774
7373 8088
6953 8726
7012 8688
6661 9238
8000 7588
7271 8341
7638 7927
7139 8681
7809 7901
9698 9741
7368 9805
6842 9184
7830 7966
7018 9901
7553 8306
7110 8937
7687 8240
9691 9760
7818 8135
7252 8840
7219 8904
9733 9733
7144 9048
8741 7391
7323 9856
8744 7428
8008 8114
7457 9837
7927 8206
7511 8672
7091 9274
7871 8437
7257 9925
7207 9942
9709 9772
7347 9093
7490 9887
6538 9691
7487 8945
7843 8558
7624 9857
8857 7655
7950 8550
8039 8460
7466 9127
8739 7801
7906 8729
8886 7755
7797 8910
8838 7851
7588 9171
7675 9075
8295 8389
7484 9945
9185 7593
7436 9995
7526 9329
8544 8257
8222 8568
7458 9407
8239 8587
8513 8368
8443 8443
8265 8618
8939 7963
7852 9912
7982 9021
7381 9563
8344 8622
7134 9652
7981 9063
8570 8421
7569 9469
8613 8388
8113 8930
8339 8679
7993 9077
7926 9175
9683 9906
9760 9802
8104 9036
8361 8775
8595 8510
7851 9348
8082 9147
8214 8986
8302 9885
9682 9240
9689 9927
8938 8285
8086 9201
9130 8116
8478 8824
8972 8293
8035 9943
8963 9799
9968 7936
8067 9285
8682 8630
8080 9350
8694 8696
8124 9317
8118 9339
8455 9013
9199 8233
7811 9591
9024 8471
9324 8129
9270 8220
7446 9682
7645 9664
8852 9859
9722 9939
8667 9085
8416 9378
8306 9494
8831 9086
9083 8813
9864 9848
8338 9548
8537 9454
9173 8811
8558 9458
8186 9619
8812 9933
7815 9688
8693 9355
9932 9889
9885 9096
8593 9550
9926 9034
8844 9446
7953 9699
8880 9509
8734 9589
8974 9497
8369 9675
9960 9944
8792 9607
9128 9464
9210 9477
8579 9670
9200 9544
8947 9631
8475 9702
9503 9189
9463 9371
9472 9393
8922 9684
9149 9656
9877 9665
9382 9666
9212 9701
1163718206 1425359813
1
sift 3800
23 23
14 14
6 8
27 26
15 15
8 10
32 29
31 28
11 12
38 39
47 51
13 18
40 47
55 57
24 24
41 40
53 56
22 27
84 87
64 68
39 41
118 146
67 76
54 62
107 128
102 121
69 63
166 173
115 117
60 73
188 204
143 156
62 69
182 229
137 169
68 81
217 247
253 226
78 83
229 273
245 275
82 80
269 311
251 305
83 79
231 276
258 306
86 96
308 316
302 330
99 95
290 286
287 323
92 107
337 376
297 361
91 113
291 321
307 307
110 110
409 416
346 326
97 144
386 436
293 351
119 119
420 426
364 367
112 122
396 431
301 360
100 139
334 584
369 372
108 132
418 473
335 349
104 136
441 457
359 382
122 129
428 496
350 389
125 130
430 581
381 424
120 145
440 508
391 404
140 155
507 563
408 433
133 172
529 541
393 413
136 164
467 615
459 453
161 152
483 644
363 571
147 170
548 613
447 460
155 160
634 554
426 485
152 168
567 661
462 506
148 174
621 674
489 522
168 183
730 752
485 545
169 182
710 818
511 503
170 186
651 973
503 557
162 197
845 732
497 566
175 202
759 867
547 599
187 200
801 860
538 577
196 205
826 845
550 601
192 224
820 1008
542 579
199 211
887 1030
546 604
197 223
1003 921
555 624
211 210
922 1109
578 607
209 217
981 1117
625 724
200 242
991 1128
684 696
153 357
955 1197
637 731
212 234
1027 1171
649 758
218 230
982 1246
674 764
223 227
1042 1218
679 916
203 253
1307 992
697 772
202 262
1104 1252
739 826
224 254
1032 1302
774 835
222 265
1141 1299
817 877
246 248
1150 1314
833 870
227 271
1147 1331
851 907
243 267
1154 1357
842 966
230 281
1028 1531
911 952
233 289
1214 1353
901 1011
252 272
1262 1320
950 1069
234 301
1237 1354
986 1018
250 280
1268 1333
1002 1203
256 293
1242 1356
1125 948
259 285
1208 1419
1095 1095
267 282
1218 1465
996 1227
263 295
1139 1614
1112 1089
262 299
1183 1621
1087 1164
275 292
1340 1405
1004 1282
260 308
1197 1624
1114 1158
276 304
1312 1513
1117 1208
326 257
1367 1504
1126 1240
272 325
1383 1546
1115 1289
265 339
1452 1539
1153 1351
304 298
1415 1589
1185 1545
279 322
1459 1607
1182 1352
273 335
1342 1777
1322 1386
294 315
1519 1611
1193 1399
288 331
1475 1680
1371 1397
303 312
1637 1530
1412 1264
296 327
1576 1677
1329 1478
295 333
1760 1542
1238 1578
274 352
1631 1790
1390 1501
324 329
1683 1854
1387 1517
278 391
1530 2014
1401 1516
319 356
1573 1971
1325 1649
283 388
1474 2222
1304 1714
327 354
1785 1781
1385 1566
316 374
1842 1799
1647 1410
338 369
1725 1974
1378 1659
352 363
1740 1965
1357 1741
340 380
1668 2082
1538 1596
353 364
1816 2000
1434 1752
365 358
1840 2009
1507 1660
380 359
1877 1969
1534 1626
373 375
1813 2129
1429 1865
348 390
1864 2115
1536 1795
376 398
1830 2166
1525 1805
379 396
2174 1898
1585 1746
387 407
1755 2355
1528 1817
285 605
2088 2080
1656 1704
355 447
1983 2109
1657 1732
494 353
1912 2341
1520 1880
394 417
1606 2749
1643 1802
422 397
1817 2574
1613 1856
385 430
2102 2038
1602 1879
367 458
1933 2397
2048 1554
404 423
1791 2691
1542 2003
345 526
2086 2362
1835 1793
444 393
2093 2390
1610 2023
405 428
2237 2243
1666 1957
384 461
1984 2579
1806 1853
400 441
2056 2504
1733 1948
395 456
2464 2192
1590 2088
383 470
2295 2472
1758 2120
406 439
2495 2322
1960 1798
375 483
2336 2474
1883 2059
410 440
2258 2605
1859 2024
399 451
2418 2477
1930 2039
453 414
2662 2270
1977 1955
424 432
2323 2608
2017 1992
413 450
2205 2735
1999 1962
482 395
2518 2502
1919 2123
476 403
2169 2795
1891 2134
425 445
2402 2676
2039 2076
416 474
2834 2204
2034 2095
457 435
2413 2668
2008 2172
449 454
2245 2845
1819 2412
465 444
2388 2723
2036 2181
450 467
2483 2700
1916 2334
433 478
2603 2655
2189 2028
472 455
2587 2674
2162 2045
469 464
2419 2869
2046 2239
439 489
2598 2720
1931 2391
415 529
2734 2791
2441 1938
417 532
2672 2878
2054 2361
436 499
2473 3119
2091 2328
438 501
2203 3682
2278 2131
490 452
2701 2876
2137 2372
484 462
2703 2931
2057 2420
403 561
2758 2939
2188 2350
435 535
2679 3031
2095 2493
474 490
2592 3264
2150 2430
475 494
2640 3263
2192 2392
427 556
2813 3013
2151 2436
478 511
3530 2541
2236 2356
464 552
2655 3353
2274 2396
505 477
3003 2906
2196 2486
468 550
2631 3553
2242 2460
479 528
2896 3075
2294 2414
491 518
2550 3891
2082 2759
480 537
2493 4021
2241 2546
508 491
2988 3092
2302 2482
496 525
2906 3482
2254 2540
477 560
3038 3359
2373 2440
504 531
3288 3095
2213 2648
523 505
3227 3214
2316 2606
515 539
3076 3356
2365 2554
527 519
3114 3377
2362 2611
516 549
3231 3249
2405 2530
535 521
3012 3543
2480 2492
532 536
2967 3840
2208 2805
517 559
3472 3218
2511 2517
890 279
3195 3533
2502 2583
455 620
3431 3282
2138 3011
473 603
2725 4444
2462 2679
520 565
3200 3597
2446 2764
509 573
4178 2837
2300 2912
539 538
3381 3441
2466 2804
537 558
3185 3656
2778 2566
561 524
3164 3702
2556 2780
531 575
3360 3495
2609 2737
521 585
3248 3660
2637 2719
502 616
3011 4042
2685 2712
493 629
3412 3555
2604 2856
506 614
3492 3494
2451 3014
530 590
3423 3668
2669 2812
549 572
3729 3289
2815 2727
534 597
3883 3322
2698 2872
566 580
3255 3961
2757 2821
554 594
3482 3749
2768 2898
528 639
3351 3937
2830 2917
574 589
3598 3645
3130 2661
551 635
3414 3958
2759 3026
564 640
3247 4226
2632 3222
569 630
3444 3981
2824 2976
565 638
3624 3778
2761 3050
563 642
3903 3698
2920 2973
589 600
3778 3887
3320 2829
543 685
3294 4548
2791 3206
585 633
3590 4206
3063 3009
602 618
3707 4075
3597 2675
596 626
4274 3513
3199 2947
641 586
3053 4943
2900 3199
594 651
4144 3673
3001 3140
593 668
3396 4531
3069 3061
607 658
3471 4478
2947 3244
628 641
3865 4047
2774 3624
619 667
3979 4017
3002 3284
624 657
4232 3821
2969 3404
647 645
4064 4020
3072 3302
642 650
4227 3847
3045 3387
570 753
4076 4057
3005 3501
618 679
4249 3906
2808 3855
599 712
3376 5139
3192 3307
600 711
4360 3888
3400 3204
610 697
4264 4168
3108 3518
626 675
4312 4136
2943 3813
654 656
3829 4743
3287 3326
675 646
3939 4634
3111 3562
622 701
4319 4309
3479 3161
648 698
4615 4006
3241 3492
662 681
5029 3672
3371 3367
658 692
4260 4420
3474 3269
590 774
4792 3864
3401 3434
644 707
3988 4684
3299 3522
694 660
4163 4537
3392 3442
682 678
3843 4960
3420 3408
656 705
4221 4571
3488 3437
587 804
4012 4818
3023 4081
671 706
4185 4710
3395 3638
698 682
4290 4611
3462 3579
665 721
4110 4798
3541 3567
667 727
4345 4584
3161 4091
660 735
4310 4620
3337 3985
676 722
3803 5222
3643 3519
664 739
3895 5100
3511 3768
666 743
4507 4495
3520 3763
705 703
4427 4535
3958 3317
645 769
4361 4633
3540 3759
630 779
4388 4719
3601 3726
672 750
4558 4568
3507 3803
680 745
4092 5229
3260 4201
631 806
4678 4553
3558 3850
683 747
3735 5919
3611 3842
678 762
4147 5294
4034 3467
795 664
4387 4999
3406 4216
707 754
4588 4741
3917 3600
702 760
5206 4306
3736 3926
695 799
4112 5508
3531 4232
704 783
3387 7130
3572 4202
584 1041
4546 4975
3840 3889
723 796
4600 4923
3748 4030
782 748
4494 5086
3774 4129
669 895
4502 5107
3811 4082
785 756
4666 4987
3873 4008
722 824
4729 4933
4065 3934
691 856
4509 5238
3935 4062
784 761
4689 5017
3858 4205
732 811
4478 5340
3961 4080
734 803
4595 5161
3853 4286
762 773
3501 7322
3906 4272
726 829
4276 5760
3897 4314
751 800
4526 5446
3696 4538
765 802
4762 5089
3669 4589
804 785
4479 5675
4032 4219
790 814
4944 5016
3944 4325
731 861
5223 4795
3891 4403
800 815
4789 5248
4020 4287
757 841
4640 5479
3996 4331
811 816
4569 5620
4209 4186
745 859
5277 4824
3984 4448
802 825
4720 5484
4004 4489
806 823
6369 4335
3882 4578
768 846
4833 5495
4136 4462
803 853
5064 5172
4024 4563
754 932
4988 5383
4250 4397
808 875
6052 4720
4306 4437
935 768
5189 5389
4316 4436
831 848
4914 5694
4258 4529
819 884
5043 5633
3781 5223
810 910
5014 5690
4019 4770
821 889
5152 5606
4697 4246
709 1094
5150 5649
3857 5165
798 943
5178 5621
4083 4998
793 953
5390 5402
3880 5231
805 942
5557 5461
4216 4861
918 839
6519 4894
4294 4784
807 975
5382 5807
4642 4500
852 918
5173 6133
4214 4986
889 871
5463 5795
4287 4962
813 989
6489 5001
4350 4851
891 893
5004 6418
5309 4072
908 886
5532 5901
4564 4757
830 1010
5766 5716
4508 4868
771 1100
5904 5575
3107 7646
825 1032
4830 7101
4363 5098
854 998
5402 6156
4213 5329
913 935
6175 5585
3908 5902
884 967
6859 4930
4211 5421
882 986
5650 6344
4463 5078
914 962
5544 6265
4061 5674
921 959
5429 6633
4544 5074
1175 775
6222 5669
4217 5609
866 1026
5928 6191
4519 5183
944 945
5031 7165
4696 5011
865 1037
6062 6137
4618 5187
896 1009
5118 7210
4695 5012
874 1034
5640 6582
5042 4793
919 985
6228 6116
4946 4880
940 969
5090 7447
4889 4961
1008 904
5794 6629
4882 4966
907 1017
6503 6032
4864 5005
1067 862
6138 6325
5158 4756
897 1036
5938 6781
4866 5087
993 940
6643 6125
4844 5122
1025 911
5994 6752
4893 5076
885 1067
6333 6558
4566 5514
1040 915
5980 6979
4875 5118
904 1070
6130 6839
4552 5574
1007 961
6548 6455
5139 4953
1043 924
6177 6821
5121 4947
931 1043
5792 7258
4565 5681
879 1130
5221 7999
5105 4982
1101 891
5594 7453
4715 5625
963 1024
6090 6968
5000 5243
881 1140
7704 5472
4865 5444
956 1060
6976 6087
4791 5629
1014 1007
6470 6673
5280 5136
943 1087
6482 6610
4610 6008
962 1072
5142 8358
4987 5471
1015 1025
5524 7712
4513 6238
999 1053
6353 6879
4855 5856
1000 1056
5786 7406
5372 5066
953 1112
6220 7126
4390 6763
969 1114
6010 7352
5250 5395
967 1120
6204 7214
4982 5754
976 1107
6099 7301
5953 4909
994 1106
6535 6876
5517 5284
1118 976
6042 7421
5128 5668
1152 963
7216 6214
5193 5779
1035 1083
6471 7006
6145 4882
1053 1063
7653 5877
5407 5544
979 1151
6829 6728
4717 6537
972 1170
6910 6714
5153 5927
1006 1137
5889 7833
5113 5982
934 1233
6179 7548
5246 5827
1083 1054
6238 7626
5092 6043
1018 1132
7127 6674
5549 5505
970 1186
6926 6974
5703 5416
1063 1080
6219 7780
5412 5684
1166 987
6508 7459
5445 5685
983 1184
6880 7153
5485 5736
1047 1103
7873 6322
5338 5904
978 1192
7013 7124
5654 5582
974 1220
6727 7408
5132 6208
1033 1160
6835 7342
4787 6738
1124 1061
7173 6949
6024 5349
1038 1154
7008 7193
5296 6157
1017 1201
6134 8302
5685 5682
1054 1146
6649 7749
5570 5871
1081 1131
6451 7989
5273 6273
1059 1150
7040 7321
5560 5961
1106 1108
7096 7288
5490 6045
1097 1116
7293 7096
5709 5931
1065 1152
7598 6912
5914 5759
1036 1200
6916 7665
5495 6183
1122 1098
7057 7528
5750 5998
966 1297
7737 6910
5631 6140
1056 1205
6521 8330
5584 6185
1091 1173
7259 7404
5644 6213
1026 1261
7247 7476
4940 7051
1060 1206
6518 8542
6157 5817
1108 1167
8201 6782
4948 7112
1086 1196
6771 8216
5448 6514
1102 1177
6932 8034
5791 6165
954 1345
7743 7171
6239 5763
965 1343
7184 7694
5829 6234
1129 1165
7241 7634
6144 6003
1084 1222
7209 7741
5781 6324
1001 1326
6802 8374
6540 5671
1052 1269
6912 8276
5777 6416
1048 1276
7698 7345
5249 7011
1094 1237
7125 8035
5533 6668
1287 1058
6777 8618
6530 5734
1073 1283
7383 7786
5929 6304
958 1414
7041 8294
6004 6347
1145 1215
6948 8432
6252 6131
988 1396
7570 7610
6195 6309
1188 1198
7306 7922
4614 8389
1105 1273
7780 7493
6191 6320
1041 1337
7617 7663
6120 6424
1286 1101
7819 7533
5870 6652
1205 1182
7592 7752
5979 6627
1190 1212
6585 9141
6394 6295
1142 1251
6674 9072
6003 6630
1226 1179
7579 7862
6552 6168
1204 1207
8152 7399
6697 6119
1137 1286
7709 7824
6077 6882
1160 1266
7881 7702
5748 7141
1167 1271
7661 7954
6364 6621
1165 1274
7412 8246
5962 7031
1192 1248
7628 8025
5743 7277
1240 1189
7424 8317
6759 6241
1132 1306
6712 9293
6328 6791
1156 1290
7225 8657
7135 6009
1096 1339
7556 8275
6374 6824
1078 1361
7470 8364
6457 6740
1177 1292
8134 7711
5484 7851
1144 1316
7391 8604
5376 7935
916 1663
7956 8004
5936 7300
1119 1335
8387 7609
6326 6911
1074 1389
7428 8768
6655 6600
1180 1307
7936 8262
6965 6327
1128 1348
7212 9249
6416 6892
1164 1329
8191 8341
6742 6557
1093 1398
7865 8692
6576 6806
1113 1380
8007 8590
6459 6881
1100 1402
8444 8162
7284 6105
1133 1381
7889 8788
6691 6685
1273 1256
8143 8646
6358 7076
1212 1323
8221 8539
5552 7984
1266 1277
7388 9405
6599 6838
1221 1319
8636 8372
6287 7152
1163 1384
8033 9021
6202 7265
1222 1327
8386 8915
4984 9003
1292 1310
8234 9137
6755 6758
1209 1383
8266 9159
6229 7331
1270 1330
8787 8688
6536 7113
1361 1232
9980 8081
6325 7305
1184 1417
8562 8949
6826 6797
1219 1378
9055 8667
5186 8873
1172 1433
8332 9301
6513 7295
1269 1340
8326 9309
6704 7023
1176 1438
8654 9055
6630 7231
1246 1359
8148 9462
6921 6926
1116 1508
8529 9241
5858 8256
1317 1317
8337 9440
6545 7353
1136 1498
8321 9465
7497 6439
1076 1595
9622 7839
6434 7496
1252 1368
9150 8817
6442 7523
1200 1429
9037 8909
6174 7897
1247 1377
8716 9218
6380 7641
1299 1349
8343 9546
7239 6726
1203 1436
8671 9321
6883 7145
1232 1409
8615 9417
7044 6973
1277 1366
8929 9205
6304 7820
1419 1243
9096 9034
7444 6585
1149 1519
8985 9173
6821 7281
1082 1628
8518 9542
6237 7918
1282 1367
9148 9150
6641 7504
1223 1426
8581 9545
6824 7291
1123 1576
9197 9134
6822 7306
1319 1365
8697 9526
6562 7600
1259 1420
9385 8917
6781 7362
1363 1325
9314 9051
6297 7997
1310 1392
8769 9532
6752 7484
1213 1499
9303 9188
7060 7142
1280 1418
9219 9383
7684 6593
1244 1449
9183 9286
6817 7423
1265 1432
8663 9674
6866 7429
1230 1488
9140 9408
6925 7350
1263 1473
9296 9490
6890 7411
1239 1507
9269 9459
7195 7089
1267 1485
9537 9439
7240 7063
1228 1551
9663 9721
6982 7373
1315 1451
7217 7220
1333 1424
7047 7439
1249 1557
6955 7571
1331 1446
7215 7290
1358 1416
7832 6832
1343 1461
6182 8716
1330 1477
6814 7870
1394 1423
6964 7738
1556 1332
7066 7742
1365 1474
6819 7974
1398 1450
6591 8575
1336 1541
6694 8210
1466 1403
7132 7828
1283 1647
7434 7526
1318 1597
7280 7700
1381 1480
7032 8160
1347 1540
8094 7221
1245 1708
7169 7958
1443 1456
7859 7393
1408 1497
7197 7961
1435 1482
6867 8598
1380 1550
7594 7631
1355 1590
7732 7524
1235 1807
7668 7649
1432 1496
7400 7976
1445 1490
7533 7836
1356 1599
8081 7361
1288 1742
6118 9590
1427 1522
7582 7857
1353 1638
8084 7416
1471 1487
7602 7963
1410 1564
7426 8241
1413 1568
8010 7718
1362 1644
7716 8010
1670 1373
7760 8082
1425 1582
8058 7669
1558 1452
7489 8413
1447 1572
7777 8126
1426 1588
7231 8798
1449 1574
8087 7835
1300 1828
7340 8648
1464 1561
7876 8151
1551 1470
7629 8483
1379 1676
7287 8837
1374 1684
7770 8337
1345 1740
7670 8516
1159 2119
9288 7244
1442 1612
7200 9132
1368 1706
7658 8797
1328 1797
8187 8193
1469 1585
8032 8467
1439 1643
8453 7912
1489 1581
7756 8846
1438 1648
8309 8342
1348 1779
7931 8762
1480 1610
8603 8070
1453 1653
8011 8697
1642 1471
8827 7885
1545 1563
7681 9111
1588 1527
7453 9277
1326 1888
8583 8209
1241 2034
8197 8642
1470 1670
7755 9086
1462 1687
8766 8069
1614 1533
8028 8841
1541 1591
8085 8810
1531 1598
8761 8108
1323 1910
8385 8572
1301 1979
8691 8240
1397 1786
7754 9949
1751 1444
8029 8991
1522 1639
7550 9427
1454 1724
8065 9010
1513 1662
8459 8796
1407 1810
7896 9304
1571 1617
8503 8754
1594 1613
8209 9041
1548 1665
8877 8376
1579 1636
8460 8832
1496 1737
9052 8221
1565 1667
8815 8521
1627 1603
8533 8815
1512 1726
8468 8864
1451 1823
8089 9231
1591 1658
8312 9084
1574 1675
8897 8517
1736 1535
8679 8811
1514 1747
8372 9913
1734 1553
9082 8622
1503 1772
8249 9238
1577 1695
8590 9136
1523 1750
8816 8933
1510 1765
8798 8955
1665 1625
9035 8759
1529 1749
8508 9979
1612 1701
9001 8842
1638 1683
8807 9128
1653 1678
9075 8825
1539 1776
8547 9451
1622 1703
9161 8894
1630 1712
9132 9018
1521 1818
8291 9606
1654 1699
9115 9161
1753 1618
8800 9326
1586 1770
9348 8890
1650 1713
8774 9415
1572 1785
8924 9374
1421 1983
9293 9081
1752 1634
8638 9591
1607 1766
8704 9563
1546 1835
9172 9987
1651 1734
9081 9346
1635 1753
8720 9599
1504 1896
9372 9183
1499 1909
8982 9523
1524 1884
9029 9517
1611 1792
9590 9026
1759 1673
9517 9127
1797 1655
9494 9531
1584 1837
1481 1975
2107 1447
1690 1755
1720 1728
1517 1924
1561 1897
1533 1923
1811 1686
1625 1849
1926 1586
1663 1827
1673 1808
1804 1705
1511 1982
1601 1886
1468 2063
1598 1899
1559 1952
1686 1833
1633 1892
1716 1820
1506 2050
1436 2213
1784 1774
1777 1783
1570 1989
1618 1933
1616 1950
1711 1881
1844 1754
1695 1893
1904 1702
1437 2268
1704 1902
1563 2055
1388 2433
1575 2073
1823 1842
1781 1882
1703 1958
2020 1696
1812 1866
1744 1916
1515 2230
1702 1985
1746 1928
1696 1995
1730 1937
1708 1987
1678 2036
1742 1970
1403 2559
1780 1972
1669 2105
1843 1918
1771 2008
1967 1839
2104 1739
2083 1759
1820 1988
1692 2147
1818 1999
1641 2254
1882 1949
1775 2058
1739 2107
1782 2072
1774 2092
1939 1925
1826 2051
2063 1862
1890 1996
1993 1911
1821 2075
1841 2066
1972 1929
1789 2130
1857 2056
1677 2310
1795 2150
1914 2002
1875 2037
1908 2018
1749 2235
1848 2111
1951 1994
1682 2346
1787 2212
1767 2229
2015 1951
1845 2140
2045 1930
1936 2030
1832 2184
1853 2151
1922 2047
1846 2168
1941 2043
1900 2104
1885 2127
1810 2262
1895 2126
1808 2269
2024 2005
1928 2091
1887 2156
1981 2049
1990 2046
2105 1959
1754 2384
1945 2110
1913 2167
1969 2118
1959 2128
1985 2096
1935 2152
2009 2074
2027 2060
1889 2255
1910 2233
1970 2163
1974 2154
2096 2031
1971 2183
2509 1767
1961 2196
1946 2218
1664 2666
2333 1883
1921 2264
2003 2165
2059 2100
1924 2289
1980 2231
2052 2149
2118 2070
1824 2476
1867 2407
2013 2241
2166 2067
1987 2304
1717 2738
2384 1927
2226 2041
2076 2237
1932 2421
2016 2319
2019 2317
1851 2586
1873 2533
2124 2211
2051 2301
2178 2157
1943 2469
2207 2153
1892 2567
2224 2160
1937 2525
2157 2253
2135 2271
2111 2306
2201 2210
2176 2242
2074 2377
2090 2375
1881 2673
2159 2288
2040 2453
2204 2261
1952 2590
2114 2369
2247 2226
2520 2012
2172 2300
2308 2180
2528 2015
1965 2612
1995 2570
2329 2177
2043 2500
2341 2170
2222 2275
1955 2639
2047 2508
2126 2411
2066 2494
2264 2267
2065 2510
2305 2246
2128 2426
2160 2389
2216 2323
2392 2185
2108 2485
2197 2351
2130 2442
2099 2499
2132 2445
2250 2320
2152 2437
1918 2787
2198 2394
1849 2923
2187 2424
2146 2468
2115 2522
2439 2208
2240 2368
2202 2422
2190 2434
2301 2327
2058 2640
2002 2734
2290 2336
2507 2188
2032 2711
2352 2303
2049 2684
2260 2408
2257 2415
2218 2451
2239 2438
2234 2446
2409 2293
2382 2312
2317 2386
2321 2400
2396 2330
1997 2847
2280 2471
2266 2488
2079 2758
2028 2830
2310 2456
2167 2635
2343 2444
2527 2294
2327 2466
2248 2548
2171 2654
2281 2521
2244 2572
2170 2664
2447 2387
2304 2505
2064 2833
2516 2324
2432 2417
2427 2431
2372 2478
2214 2641
2491 2370
2737 2178
2354 2506
2249 2629
2424 2454
2584 2307
2360 2531
2140 2784
2158 2779
2393 2518
2395 2528
2414 2514
2229 2724
2379 2564
2297 2642
2429 2516
2331 2631
2359 2600
2534 2439
2426 2543
2408 2555
2340 2637
2315 2652
2562 2432
2471 2503
2389 2599
2416 2580
2269 2760
2482 2537
2112 2975
2029 3127
2332 2714
2505 2536
2421 2627
2345 2697
2425 2634
2648 2425
2364 2710
2488 2592
2243 2857
2494 2609
2221 2895
2335 2788
2455 2683
2542 2616
2415 2752
2228 2934
2461 2698
2503 2658
2368 2798
2349 2816
2252 2924
2705 2479
2465 2733
2361 2820
2279 2918
2913 2308
2529 2690
2624 2601
2594 2626
2430 2796
2545 2695
2732 2511
2661 2614
2574 2703
2702 2571
2568 2716
2533 2761
2664 2622
2673 2613
2193 3145
2555 2753
2510 2790
2363 2961
2784 2573
2694 2657
2504 2846
2256 3131
2704 2656
2591 2772
2606 2763
2726 2647
2307 3068
2238 3210
2468 2905
2560 2817
2470 2909
2616 2778
2572 2818
3178 2305
2406 2991
2342 3058
2797 2636
2394 3007
2293 3176
2532 2887
2789 2653
2735 2717
2676 2775
2472 2978
2596 2852
2499 2958
2719 2754
2444 3020
2626 2849
2795 2706
2745 2747
2553 2948
2543 2971
2367 3242
2771 2777
2731 2807
2647 2899
2525 3025
2469 3112
2638 2930
2369 3293
2667 2911
2486 3111
2708 2865
2767 2815
2635 2969
2736 2859
2710 2884
2571 3032
2684 2914
2837 2786
2668 2952
2670 2957
2818 2825
2882 2771
2823 2822
2775 2877
3349 2458
2589 3067
2541 3188
2489 3258
2833 2867
2636 3098
2772 2965
2991 2769
2770 2981
2740 3002
2570 3265
3211 2625
2781 2985
2916 2855
2859 2901
2690 3080
2780 2994
2826 2962
2891 2908
2330 3857
2773 3046
2306 3918
2877 2951
2675 3203
2713 3160
2894 2943
2449 3696
2918 2946
2519 3590
2769 3135
2853 3022
2858 3054
2846 3084
2827 3139
2805 3196
2851 3110
2712 3334
2965 2995
2863 3122
2892 3070
3483 2682
3078 2919
2715 3399
2881 3125
2849 3200
2874 3141
3022 2986
2836 3251
2575 3754
2628 3651
2809 3335
2960 3089
2854 3260
2904 3181
4836 2169
2974 3120
2941 3162
3184 2932
3007 3081
3599 2740
2966 3186
2697 3653
3084 3028
2915 3256
2942 3228
2641 3804
3055 3107
2845 3475
2866 3435
2999 3237
3035 3198
2956 3329
4070 2591
3040 3219
2912 3430
2972 3340
3282 3001
3081 3192
2600 4097
3129 3129
2639 4025
2998 3325
3044 3252
2935 3447
3606 2851
2922 3505
3061 3275
3000 3379
2831 3716
3096 3255
3047 3327
3079 3283
3025 3376
2890 3630
2855 3687
3283 3091
2792 3834
2693 4048
2924 3568
2869 3681
4038 2696
3106 3294
3265 3137
3041 3410
2806 3878
2538 4474
3029 3450
3140 3314
2992 3540
2680 4189
3090 3389
3484 3012
2838 3854
2608 4364
3086 3401
2864 3796
3377 3114
3154 3349
3209 3274
3171 3321
2850 3885
3097 3456
3036 3545
3386 3151
2643 4380
2968 3688
3183 3378
3364 3209
2945 3751
3356 3230
3638 2996
3207 3382
3365 3240
3173 3449
3475 3144
3189 3455
3779 2966
3091 3601
2973 3787
3240 3412
3051 3671
3339 3318
3222 3446
3587 3086
2914 3925
3296 3373
3188 3489
3160 3538
3157 3569
3174 3548
3054 3744
3405 3315
3126 3647
3267 3476
3263 3479
3238 3520
3234 3532
3418 3348
3233 3547
3031 3811
3281 3498
3026 3839
3613 3177
2946 4022
3285 3514
3204 3616
3503 3285
2987 3960
3410 3391
2971 4012
3201 3646
3237 3613
3217 3643
3279 3588
3244 3626
3295 3574
3133 3772
3181 3725
3432 3453
3212 3683
3496 3386
3290 3631
3193 3736
3428 3472
3219 3714
3734 3178
3388 3528
3159 3791
3358 3587
3180 3775
3374 3577
3020 4044
3251 3692
3464 3462
2880 4354
3593 3343
3589 3350
3544 3394
3311 3658
3359 3621
3276 3697
3494 3480
3372 3640
3187 3830
3037 4099
3562 3444
3752 3261
3650 3362
3008 4184
3269 3779
3436 3618
3654 3380
3309 3765
3196 3904
3366 3719
3502 3563
3458 3612
3330 3758
3143 4000
3513 3560
3529 3550
3523 3566
4143 3016
3273 3838
3280 3833
3163 3999
3398 3720
3067 4165
3363 3766
3089 4159
3284 3882
4050 3115
3292 3879
3225 3980
3425 3757
3278 3964
3698 3464
3548 3659
3186 4116
3448 3786
3645 3591
3551 3700
4238 3077
3591 3661
3327 3989
3357 3968
3570 3686
3584 3678
3499 3774
3312 4036
3595 3675
3236 4127
3946 3319
3411 3932
3528 3785
3801 3507
3427 3947
3867 3461
3508 3836
3434 3950
3573 3770
3326 4087
3633 3722
3620 3737
3652 3694
3334 4111
3254 4234
3676 3707
4097 3311
3480 3975
3527 3916
3560 3875
3626 3792
3929 3473
3677 3747
3274 4269
3308 4242
3955 3484
3646 3815
3610 3846
3668 3799
3221 4384
3712 3755
3566 3944
3407 4164
3526 4013
3723 3781
3834 3677
3653 3883
3632 3915
3350 4295
3554 4026
3655 3903
3602 3974
3167 4516
3672 3874
3509 4094
3437 4191
3841 3705
3095 4621
3618 3978
3717 3841
3701 3863
3588 4028
3690 3910
3703 3905
3898 3712
3805 3809
3271 4479
3720 3922
3353 4400
3852 3794
3642 4050
3615 4105
3699 4002
2940 5080
3651 4083
3820 3880
3750 3994
3839 3881
3663 4103
3792 3959
3190 4675
4044 3685
3024 4970
3536 4303
4311 3463
3990 3756
4188 3595
3704 4102
3692 4118
3565 4296
3706 4115
3616 4235
3564 4308
3775 4064
3943 3851
3685 4188
3635 4248
3321 4622
3933 3901
3914 3939
3827 4061
3806 4084
3716 4196
3795 4110
3517 4431
3230 4773
3791 4146
4149 3760
3441 4551
4042 3870
4563 3397
3119 5015
3749 4240
3901 4065
3930 4033
3808 4194
3224 4885
3627 4414
3844 4174
4169 3822
3006 5388
3825 4227
3637 4445
3636 4449
4466 3611
3821 4257
3991 4070
3765 4357
3726 4385
3947 4126
4005 4078
3286 4914
3549 4591
3859 4267
4133 3973
4516 3598
3689 4442
3797 4362
3919 4208
3075 5355
3688 4470
3793 4375
3952 4182
3925 4243
3786 4411
3963 4221
3994 4197
4222 3962
3940 4249
3445 4832
3043 5583
3838 4398
3619 4627
4101 4132
3790 4473
4268 3971
4119 4135
3927 4338
3842 4425
4351 3912
3667 4629
3438 4922
3855 4440
4094 4207
4385 3907
3742 4583
3416 5014
6732 2806
4235 4124
4331 4039
4114 4264
3315 5261
3951 4416
4224 4160
4135 4259
4194 4204
3936 4451
4111 4310
3875 4539
4432 3993
4223 4209
4121 4327
3817 4632
4338 4119
4366 4104
3893 4574
4181 4307
4049 4443
3978 4519
4023 4482
4059 4433
3845 4662
3909 4604
3623 4941
3719 4805
3926 4573
4043 4494
4607 3921
4105 4447
3804 4744
4278 4293
4033 4525
4139 4422
4270 4317
4118 4454
4674 3871
3813 4766
4079 4520
4315 4329
4160 4472
4203 4427
4304 4356
4301 4363
4371 4301
4770 3843
3915 4717
3833 4831
4120 4546
4241 4428
3335 5723
3592 5198
4395 4320
4129 4559
4269 4438
3980 4704
4439 4311
3777 4991
4151 4564
4333 4406
3576 5335
4406 4381
3390 5758
4087 4683
4204 4580
4334 4486
4015 4794
4199 4610
3960 4848
4455 4404
4386 4504
3470 5766
4095 4769
3695 5326
4309 4577
4405 4521
4560 4368
4096 4811
4752 4173
4404 4533
4251 4666
4682 4266
3519 5826
4261 4699
4137 4837
4045 4952
4522 4463
4339 4637
4523 4484
3764 5394
4086 4913
4039 4979
5103 3969
3773 5419
4716 4333
4206 4814
3861 5306
5461 3752
4337 4698
4089 4996
4433 4638
4318 4735
4489 4572
4458 4626
4021 5109
4617 4466
4403 4702
4835 4299
4125 5023
4701 4424
4146 5024
3772 5635
3967 5278
4415 4751
4675 4501
4240 4964
4410 4777
4247 4958
4300 4898
4766 4426
4399 4809
3877 5531
3956 5386
4521 4695
4081 5230
4219 5051
4379 4866
4461 4826
4456 4842
4266 5064
4485 4806
4056 5382
4352 4995
4620 4677
3489 6589
4084 5391
4771 4569
4503 4847
4303 5084
4202 5271
4742 4644
4487 4925
4322 5150
4545 4857
4448 5019
4128 5447
4484 4954
4346 5137
4639 4759
4581 4833
4745 4673
4349 5168
4578 4855
4671 4764
5351 4273
4777 4671
4901 4596
4068 5644
4810 4667
4660 4816
4773 4711
4655 4853
5033 4554
4040 5819
4373 5300
4668 4869
4328 5356
5104 4532
5254 4435
4452 5207
4643 4932
4446 5247
4784 4791
4809 4776
4718 4872
3932 6121
4687 4907
4808 4792
4758 4844
4525 5145
4952 4701
4536 5152
4314 5511
4505 5221
4705 4957
4873 4802
4759 4896
4627 5056
4586 5132
4441 5399
4594 5154
4681 5037
4358 5552
4517 5328
4812 4946
4499 5377
4378 5596
4532 5343
4734 5050
4518 5404
4885 4940
4029 6292
4975 4840
4757 5067
4653 5205
4861 4976
4939 4905
4686 5176
4445 5611
4815 5043
4712 5173
4638 5289
4220 6061
4514 5507
4665 5293
4699 5236
4606 5379
4413 5768
4767 5153
4574 5445
4568 5456
4881 5057
4880 5059
4596 5441
5122 4843
4918 5040
4703 5316
4088 6417
4430 5816
4919 5041
4218 6184
4878 5106
4856 5127
4793 5202
4663 5425
4477 5773
4597 5533
5129 4891
5008 5010
4343 6060
5401 4718
4728 5381
4500 5797
4959 5096
4608 5581
4637 5518
4283 6219
5247 4865
4567 5689
4795 5330
4772 5361
4913 5203
5391 4782
4846 5312
4929 5185
5059 5054
5039 5073
4454 5993
5022 5113
4956 5200
5053 5085
5745 4628
4698 5546
4583 5781
4824 5405
5466 4799
5543 4762
5106 5095
4664 5696
4825 5457
5024 5217
5083 5149
4819 5473
4711 5647
5434 4888
4424 6270
4907 5434
4786 5592
4874 5482
5302 5046
5168 5160
5639 4821
4677 5861
4464 6298
5330 5063
4598 6065
4796 5699
5010 5429
5932 4712
4816 5714
5510 4978
4801 5738
5161 5275
4900 5594
4879 5631
5214 5228
5478 5020
4623 6082
4823 5780
4781 5832
4922 5623
4969 5564
5046 5476
4534 6330
4942 5637
5479 5075
6082 4724
5084 5468
5082 5475
4852 5813
4965 5651
4924 5729
4849 5842
4805 5913
4887 5821
5369 5218
4576 6334
5159 5437
4992 5655
4635 6229
5767 4968
5163 5470
4854 5916
5143 5529
4884 5909
5141 5537
5662 5070
4870 5943
5318 5369
5133 5573
4842 6001
5348 5367
5362 5364
4738 6202
5072 5719
5060 5749
5547 5256
5374 5411
4822 6154
5228 5587
4672 6443
5114 5777
5017 5908
5668 5219
5658 5239
4585 6639
6008 5004
5281 5597
6201 4890
4892 6148
4739 6380
5030 5935
5190 5727
5336 5549
6181 4918
5125 5811
5210 5720
4996 5994
5156 5787
5005 5983
5230 5711
5454 5450
4393 7128
5683 5288
5055 5941
5218 5745
5253 5731
5430 5520
5481 5480
4048 7928
5444 5532
5666 5345
6580 4752
5196 5865
5165 5903
5036 6117
5839 5253
5100 6022
4934 6260
5324 5764
5840 5285
6002 5159
6050 5134
5514 5557
5855 5287
5326 5782
5501 5591
4928 6313
5322 5790
4754 6597
5653 5451
5188 5969
5107 6101
4957 6314
5687 5458
5567 5565
5616 5536
5298 5881
5600 5563
5174 6066
4377 7449
4859 6528
4947 6385
6927 4691
5872 5385
5110 6198
5360 5893
5810 5466
6168 5209
4909 6541
6056 5323
5346 5966
4813 6713
5257 6103
4920 6556
5562 5772
5202 6176
5418 5915
5488 5860
5464 5882
5385 5964
5130 6288
4688 6988
5965 5442
5769 5636
5901 5526
5200 6272
5627 5799
5389 6055
5604 5829
6187 5344
5266 6218
5603 5854
5417 6069
5523 5947
5643 5831
5370 6128
5617 5863
5289 6232
5342 6173
6728 4988
5205 6370
5884 5641
5404 6134
5716 5820
5516 6023
5817 5726
5989 5580
5288 6300
5499 6075
5860 5712
5591 5971
5442 6147
5943 5659
4747 7154
5052 6659
6241 5432
4636 7339
5144 6545
5751 5879
5676 5944
5645 5981
5807 5833
5366 6287
5237 6477
5867 5794
5821 5843
5423 6251
5759 5924
5426 6267
5628 6063
5503 6188
6426 5354
5299 6434
5260 6491
5735 5980
5489 6220
6670 5171
5741 6005
5734 6013
5101 6729
5926 5825
5776 5976
4724 7349
5333 6462
5575 6192
5459 6321
5934 5859
5550 6245
5416 6393
5388 6429
4958 6999
5990 5850
5629 6189
5421 6419
5857 5997
5243 6658
5329 6559
5455 6430
6021 5895
5593 6303
4839 7299
6344 5613
5842 6113
5506 6461
5515 6458
5595 6373
6212 5810
5641 6342
5016 7119
5522 6489
6554 5498
6075 5970
6433 5628
6199 5866
6164 5906
6167 5899
5359 6698
4902 7343
5659 6379
5895 6153
5903 6150
5866 6180
5192 6925
5797 6284
6001 6120
6080 6048
6100 6028
6514 5626
6035 6108
6166 5979
5753 6366
5414 6723
6162 6006
5222 6967
5610 6527
5449 6704
6150 6029
5204 7007
6355 5830
5108 7169
5474 6717
6165 6057
5285 6929
4806 7666
5705 6494
5167 7121
6136 6123
5540 6679
5590 6624
5612 6605
6873 5409
5747 6485
6156 6124
4976 7455
5145 7222
5864 6397
5879 6396
5134 7248
5848 6452
5825 6471
5482 6825
5782 6518
5682 6612
5740 6573
5171 7233
6089 6263
5368 6960
5435 6896
6119 6224
5758 6566
6084 6277
5852 6479
6261 6111
6163 6205
6189 6182
6171 6197
6041 6348
6336 6064
6152 6236
6067 6328
6387 6020
6590 5818
5673 6690
6284 6130
4722 8169
6148 6276
5819 6562
6733 5688
5814 6574
6987 5460
5663 6743
5718 6719
6151 6311
5213 7292
5239 7269
6478 6011
6068 6423
5694 6777
6169 6326
6251 6226
5875 6602
6431 6094
6036 6476
5708 6790
5233 7329
6263 6250
5815 6671
5599 6894
5555 6954
5443 7098
6107 6454
5924 6603
5833 6688
5910 6615
6137 6433
5451 7116
5845 6695
5809 6741
4999 7745
6139 6453
6524 6081
6125 6466
5831 6735
5861 6718
5500 7114
5452 7178
7162 5465
6060 6568
5811 6805
5187 7530
5049 7771
6044 6611
5648 6983
5816 6820
4783 8370
5262 7488
6335 6365
6440 6269
6504 6216
5964 6757
6225 6516
6400 6340
5958 6784
5987 6760
5220 7605
5885 6855
5778 6965
5573 7197
6479 6307
6427 6356
6538 6247
7263 5506
5957 6819
6453 6353
6273 6526
6215 6588
6230 6572
5458 7351
6095 6730
6061 6780
6417 6413
5956 6863
5502 7334
5997 6841
6158 6696
5689 7166
6264 6595
6170 6706
5849 6996
5863 6997
6970 5946
6286 6631
6320 6622
6048 6898
6862 6097
5717 7252
5722 7251
6600 6388
6216 6789
6375 6635
5332 7789
6651 6395
6233 6813
5868 7182
7304 5740
6039 7026
6245 6814
6506 6564
5688 7384
6318 6779
6494 6608
6681 6421
6213 6895
7056 6056
6594 6520
6234 6905
6411 6737
5440 7792
6851 6306
6839 6335
6743 6442
6657 6543
6020 7191
5305 8059
5714 7501
5762 7446
5622 7621
5062 8620
6564 6715
6493 6798
6419 6878
6444 6850
5465 7943
6006 7302
6131 7207
6722 6579
6653 6664
6244 7095
6172 7187
6406 6923
6675 6657
6491 6861
5561 7883
6266 7111
5535 7934
6226 7180
6312 7073
5492 8032
6446 6933
6319 7093
7619 5841
6570 6852
6347 7094
6497 6947
6005 7464
6784 6640
6083 7389
9667 5748
6402 7079
7662 5851
8889 5093
6059 7443
6816 6650
6773 6694
6498 7015
5096 8888
6553 6970
6680 6844
6393 7172
7093 6441
6472 7078
6367 7206
5294 8596
7160 6369
5320 8562
5796 7849
6437 7190
6381 7260
6778 6854
6012 7705
7439 6215
6098 7618
5063 9198
5912 7872
6847 6845
5349 9794
6611 7135
7158 6550
6490 7267
6696 7049
6598 7175
5473 8580
5789 8142
6268 7537
6837 6921
6619 7184
6573 7241
7272 6495
6452 7367
6300 7545
6760 7035
6999 6818
6399 7451
6863 6950
6724 7120
5678 8403
6242 7679
6762 7107
6377 7549
7906 6114
6308 7614
7079 6803
7313 6569
7167 6753
6745 7208
6412 7574
6952 7004
6902 7066
6997 6969
6323 7734
6633 7368
7156 6811
7063 6913
6310 7770
6608 7413
5630 9791
5854 8412
6831 7223
7179 6858
6686 7387
5700 8701
8658 5743
7890 6299
7858 6315
6695 7400
6441 7746
7837 6384
6029 8352
6560 7612
5984 8414
6678 7499
7091 7058
6900 7272
6392 7895
6725 7471
5598 8972
7012 7211
6707 7522
6438 7884
6869 7341
6240 8182
7183 7016
6661 7604
6462 7882
6684 7596
6565 7775
6658 7655
6645 7689
6799 7487
7214 7072
6809 7520
6072 8554
7107 7218
6351 8175
6769 7570
7067 7275
6901 7472
6346 8224
6511 8001
6717 7706
9677 6576
8375 6258
7450 6931
7401 6998
6646 7879
7117 7323
6516 8113
6930 7559
6894 7585
7404 7048
7481 6982
7402 7062
6738 7802
6956 7546
7395 7074
6756 7796
6290 8487
6366 9736
5832 9121
7088 7428
6768 7804
6798 7773
6950 7598
6539 8201
6428 8349
6386 9744
8319 6468
6291 8631
8023 6703
7118 7479
7045 7564
6610 8180
6785 7893
7548 7069
7054 7573
6277 8686
7666 6994
9869 5965
6937 7782
7847 6890
7084 7583
8493 6431
6795 7969
7204 7461
7664 7055
8857 6187
8416 6507
6945 7846
6719 8170
7715 7034
7177 7529
6299 8809
7110 7638
7415 7314
7588 7201
6949 7909
7105 7678
7271 7481
6188 9879
6842 8062
6983 7865
5950 9260
6989 7875
6741 8230
7077 7758
7148 7660
8751 6381
6857 8119
7356 7473
7147 7732
7449 7386
7154 7755
7432 7437
7022 7981
7061 7926
6907 8165
7273 7613
6876 8202
7157 7798
7457 7462
6690 9750
6359 8953
7192 7776
7305 7637
7332 7619
7496 7507
7139 7929
6793 8433
7955 7173
7493 7525
7311 7725
7120 8016
7623 7441
6896 8355
6908 8348
7818 7318
7597 7506
6879 8424
7018 8278
8110 7144
8513 6835
7895 7296
7490 7643
7005 8347
7017 8344
8741 6734
7207 8083
7252 8008
7206 8111
7299 7967
7319 7946
8217 7161
6575 9029
7250 8064
7827 7477
7134 8268
7645 7630
7153 8266
7408 7910
7697 7601
6972 9753
7553 7763
6973 8565
7144 8309
6904 9784
7163 8322
7242 8219
6877 8766
7483 7914
7962 7482
7257 8214
6758 8956
8052 7432
7335 8152
7394 8100
8478 7151
7463 8072
6801 9871
6789 8978
7871 7656
8900 6870
6780 9006
7880 7686
7814 7751
7446 8155
7417 8186
7877 7716
7381 8269
7485 8140
6528 9397
7605 8029
7752 7886
7671 7988
7302 8406
6706 9967
7852 7830
6875 9047
7328 8417
7526 8206
7265 8522
7687 8036
8589 7257
9928 6793
7968 7826
7128 9808
8484 7377
7347 8505
7608 8213
7854 7979
7325 8564
7484 8369
7886 7966
7991 7881
7487 8410
7462 9741
6984 9122
7607 8306
8271 7606
7539 8391
7767 8177
7416 8549
7640 8315
7441 8571
9338 6851
8575 7448
7701 8307
7436 8611
7321 8741
7714 8300
7635 8392
7660 8363
8295 7719
8757 7336
7924 8120
7633 8420
7569 8494
6975 9250
7721 8328
7236 8905
7927 8171
7912 8194
7761 8323
7509 8605
7621 8515
8041 8106
8039 8129
7843 8327
6963 9358
7679 8518
7373 8852
7828 8375
7458 8785
7708 8502
7675 8556
7451 8813
7665 8593
7616 8665
8222 8011
7566 8720
7830 8449
7382 8911
8433 7831
7610 8714
8104 8191
9672 8455
7809 8509
7626 8704
7452 8877
8313 7986
8215 8091
7690 8654
7981 8366
7479 8879
6812 9581
8354 8020
9682 9734
8744 7640
8070 8336
9708 8075
8371 8041
8264 8147
7793 9776
7851 8595
8008 8421
7707 8753
8154 8296
9683 8425
9733 7858
7938 8544
8584 7874
7948 8548
7963 8546
7393 9155
8239 8261
7596 8920
7542 8969
8831 7695
7677 8861
8061 8478
8746 7784
8113 8451
8035 8540
7740 9824
9788 7781
7950 8675
8066 8559
8471 8149
8056 8573
8186 8452
7829 9816
9509 7103
9698 9749
7411 9246
8625 8015
8019 8674
6958 9629
8079 8609
7781 8921
8210 8488
7797 9848
7750 9869
8214 8498
7958 8791
7993 9800
7857 9842
8112 8669
7838 8924
7751 9008
8499 8283
7960 9814
8339 8437
7574 9220
8362 8430
7385 9370
8482 8324
7926 8883
8290 8523
7717 9135
9077 7756
8733 8110
7513 9298
7590 9981
7572 9280
8784 8090
8164 8737
8108 8805
8505 8408
8535 8378
7834 9093
9185 7743
7864 9090
8306 8658
8202 9798
8361 8641
7749 9229
8983 8007
8452 8552
7982 9028
7974 9057
8424 8607
8086 8944
9779 8292
8880 8172
7935 9144
9315 7709
9732 9747
8514 8560
8188 8882
8129 9858
7663 9359
8511 8612
8548 8576
9841 8116
9722 9781
8443 8712
9830 8181
8396 8786
8067 9156
7696 9414
8570 8664
8000 9207
8301 8902
8844 8388
8244 8963
8608 8643
8525 8733
8046 9199
7769 9389
8140 9142
8522 8770
8223 9038
8331 9875
8750 8579
8450 8875
8852 8479
8524 8835
8915 8435
8559 8812
8422 8923
9760 9780
8286 9065
7899 9392
7422 9634
8448 8937
8913 8486
8454 8945
8659 8758
8549 8872
9787 9777
8334 9106
9897 8272
7836 9497
7823 9507
9885 9732
8382 9103
9324 8154
8810 8731
9776 9802
8020 9410
7992 9449
8591 8948
9804 9787
8705 8848
8268 9257
8817 8781
8263 9274
9741 9870
8516 9104
8710 8912
8886 8794
8328 9288
8230 9366
8578 9139
8080 9505
8693 8988
8796 8919
9956 8423
8765 8958
8250 9378
9812 9821
8160 9481
8613 9143
8655 9078
8812 9859
8567 9190
8462 9273
8555 9214
9078 8730
8338 9382
8731 9130
8918 8959
8417 9375
9192 8717
9920 9786
8242 9514
8963 8932
9968 8561
8344 9467
9417 8431
8673 9225
8850 9087
8475 9376
9894 9806
8890 9048
9124 8836
7932 9641
8369 9473
8666 9247
8293 9524
9274 8707
9832 8985
9493 8340
8588 9338
9865 9854
9797 9937
9503 8359
9769 9989
8858 9938
8939 9158
9062 9025
9900 8918
8713 9325
9024 9119
9827 9914
9067 9054
9801 9976
8593 9438
8938 9213
9200 8975
8216 9632
9877 9105
8991 9224
9820 9977
8949 9272
9904 9114
9829 9983
8558 9553
8617 9529
8837 9385
8732 9468
9009 9282
8971 9313
8762 9499
9863 9261
9875 9990
8967 9387
9914 9235
8681 9565
8694 9562
9179 9267
9360 9077
9214 9993
8869 9528
8905 9520
9021 9435
9930 9997
8903 9525
9960 9956
8974 9485
8814 9568
8947 9515
9645 8232
9945 9283
9128 9395
9354 9222
9084 9454
8550 9670
8898 9571
8792 9612
9216 9406
9377 9251
9149 9464
9926 9402
9043 9535
9989 9999
8670 9651
9362 9269
9488 9131
9392 9276
8859 9627
9102 9536
9294 9388
8836 9636
9015 9611
8755 9685
9454 9331
9376 9426
8323 9708
9962 9567
9302 9596
9212 9637
8933 9699
9199 9642
8828 9704
9594 9279
8992 9698
9391 9595
9465 9583
9610 9340
9230 9692
9495 9592
9596 9445
9485 9607
9567 9573
9592 9556
9504 9649
9576 9624
9473 9678
9579 9648
9563 9656
9571 9654
9628 9622
9553 9693
9638 9662
9600 9710
9618 9719
1163718206 1428487141
1
sift 564
27 29
16 17
119 85
1392 991
2348 2741
14 20
217 104
67 53
137 82
3450 1669
3714 2235
89 54
269 149
114 76
150 105
2867 2064
4741 5407
139 116
308 204
258 124
225 129
3738 1987
6342 5959
167 159
358 225
251 138
227 135
3461 2465
7802 4954
215 153
420 279
253 161
293 132
5269 2587
259 156
548 298
220 258
292 148
5586 4429
282 155
567 299
322 226
288 170
6786 4095
307 215
710 414
360 218
365 214
8145 4957
325 247
744 442
381 229
326 256
9106 5400
336 263
856 460
341 297
376 232
9364 5835
413 223
894 494
503 233
348 273
469 241
755 629
447 291
458 295
424 311
1141 599
550 319
496 302
487 308
1154 592
578 426
473 314
489 310
1042 671
684 381
606 275
531 333
1214 698
739 472
512 354
538 348
1262 1074
674 537
596 347
566 388
1415 1183
778 541
608 364
622 407
1740 1016
833 524
677 392
618 447
1954 1031
901 507
673 421
648 493
1683 1264
1004 635
806 424
913 470
1864 1284
1325 509
832 534
884 522
1877 1317
1158 662
1164 455
885 555
2098 1431
1258 767
989 603
1059 595
2603 1355
1401 733
1310 514
963 666
3070 1163
1385 896
1138 653
1128 664
3291 1469
1371 961
986 741
1047 727
2953 1623
1534 866
1548 627
1177 787
3118 1961
2025 776
1324 746
1333 754
3248 2395
1634 1050
1151 956
1299 868
3590 2323
1644 1046
1427 815
1381 846
4006 2268
1858 978
1529 820
1449 873
3974 2401
1391 1286
1378 925
1470 885
3624 2600
1833 1113
1432 917
1778 865
4210 2568
1658 1288
1823 879
1739 918
3360 3543
2294 1070
1468 1084
1775 957
4310 3074
2150 1134
1810 1000
1711 1034
4603 3751
1919 1297
1673 1078
1984 983
4912 3515
1883 1334
1619 1158
1900 1079
5390 3421
2039 1230
1846 1135
2119 1087
6052 3319
1979 1384
1690 1377
2470 1054
4988 3886
1973 1410
2218 1162
1999 1407
6710 3076
2048 1382
2173 1270
1927 1471
6062 3697
2274 1279
2111 1363
2147 1325
5189 4253
2446 1231
2249 1305
2179 1350
6519 3613
2821 1169
2396 1233
2172 1361
6443 3957
2698 1290
2467 1222
2027 1546
6777 4184
2162 1876
1971 1606
2555 1256
6450 4481
2556 1666
2202 1528
2244 1519
7241 4086
2502 1849
2260 1527
2425 1488
6727 4623
3002 1727
2359 1536
2553 1436
7184 4321
2768 1923
2128 1708
2471 1534
7306 4268
2943 1791
2461 1598
2823 1430
7041 4603
3241 1703
2304 1776
2335 1765
7819 4243
2934 1865
2864 1492
2273 1810
7013 4825
3063 1878
2482 1757
2836 1593
7709 4423
3130 1920
3950 1249
2827 1631
9331 3843
3512 1916
3255 1458
2280 2014
7628 4589
3406 1969
3263 1478
3390 1467
6811 5218
3117 2150
2772 1731
3303 1590
7786 4616
3462 2062
2706 1937
4455 1370
9445 3980
3958 1846
2626 2073
3161 1755
8366 4474
3371 2121
3513 1651
3774 1589
6840 5512
3531 2264
3299 1769
3804 1632
8487 4647
3736 2217
2648 2266
2771 2194
8449 4732
3558 2311
3207 1946
3166 1996
8787 4667
4263 2114
3150 2042
3238 2016
8007 5137
3488 2496
3405 1953
3398 2018
7779 5315
3392 2575
3857 2011
3372 2234
8386 5016
3984 2304
4024 2039
4164 2080
7556 5667
3897 2399
3815 2350
3645 2428
8069 5463
4362 2269
4094 2222
3677 2421
8628 5215
3811 2533
3109 2771
4278 2352
7125 6466
3429 2835
4030 2504
5448 1988
7438 6462
3611 2791
4886 2188
4138 2526
9663 5308
5428 2060
5314 2093
3199 3245
9197 6857
4552 2467
4005 2643
4461 2481
9097 7317
3891 2802
3906 2781
4793 2418
8562 7994
3520 3212
4612 2547
4463 2606
9621 6649
4363 2679
3655 3178
3989 2900
9314 8447
4508 2605
4825 2502
3926 3009
4564 2620
4795 2550
4384 2737
4715 2665
5716 2380
4618 2782
3796 3749
4846 2718
4992 2705
4063 3494
4532 3059
4503 3086
4438 3274
4441 3172
4756 3004
4882 2970
3935 3684
5000 2899
4544 3253
5326 2809
4575 3340
5307 2927
5218 3058
3879 4016
4287 3667
5157 3113
4258 3720
5412 3033
4778 3423
5132 3182
4867 3495
4853 3375
6137 2814
5113 3512
5230 3224
5372 3152
5560 3309
5205 3275
5214 3331
5654 3280
4735 3755
5197 3426
6576 3118
4745 3825
5022 3636
6374 3214
5108 3629
5530 3533
4987 3936
7135 2904
4712 4087
4990 4318
5884 3465
5288 3792
5777 3897
5676 3587
6167 3427
5784 3892
5641 3694
5796 3630
5979 3844
5583 3852
4182 5277
6536 3595
6565 3446
5016 4254
5709 4127
6873 3373
7471 3150
5892 4121
6089 3801
6577 3563
5697 4310
5369 4108
5115 4486
5858 4324
5910 4018
6784 3672
6442 4077
6402 3862
4913 4871
6642 4070
6661 3816
6273 4006
6822 3988
6434 3955
7508 3482
8459 3398
6131 4188
5978 4267
5749 4819
6795 3933
8419 3372
5715 4945
7273 3824
6983 4002
6229 4688
7083 3962
6739 4137
8547 3617
6313 4383
5844 4817
8209 3750
9565 3202
6696 4355
6583 4467
6813 4312
5826 5051
6540 4691
6125 4883
6439 4653
5921 5186
6564 4561
7098 4227
7111 4540
5503 5479
7208 4278
7629 4424
8237 3914
6632 4880
7400 4611
6456 5088
7992 4146
7434 4657
7479 4358
7117 4622
6814 5155
9638 3405
7144 4659
7770 4507
7458 4438
6760 5153
7528 4696
7608 4662
6657 5373
7777 4652
6494 5585
8089 4543
8029 4670
8334 4559
8825 4329
7658 5056
8066 4874
7615 5144
7611 5150
8353 4743
8070 4964
8085 4981
8133 4992
8011 5035
7132 5610
8844 4721
7876 5122
6157 6425
8084 5171
8704 4870
9082 4832
8110 5268
8208 5269
7872 5586
9255 4708
7255 5885
5732 7708
8709 5143
9231 4873
8774 5177
8784 5131
8642 5331
9964 5107
9493 4826
8903 5237
8468 5742
9124 5159
6936 6679
8103 5975
8837 5374
8593 5521
7602 6317
7963 5917
8161 5920
8982 5526
8991 5532
9230 5461
8364 6087
7864 6339
9008 5756
8533 6022
9176 5644
8028 6351
8045 6715
8515 6170
9216 5788
9398 6031
9504 5547
9376 5704
8798 6508
9183 5967
9076 6050
8944 6426
8393 6470
8188 6648
9129 6391
9470 5941
9659 5327
8807 6848
9048 6404
9001 6537
9511 6511
8935 6840
9574 6288
8590 8195
9625 6199
9294 7200
8990 7711
9521 7185
9591 7032
9553 7298
8732 8437
9619 7712
9631 7839
1163718206 1664374466
1
sift 346
27 35
16 19
150 109
76 53
217 112
67 57
110 135
89 55
269 125
114 79
162 152
167 156
308 179
253 164
215 138
302 175
358 216
350 176
307 197
359 193
420 243
381 195
413 199
348 224
567 262
503 194
376 214
393 235
894 446
447 246
473 257
496 264
1154 509
550 260
458 283
487 279
1148 552
674 336
512 305
538 289
1042 640
578 412
531 312
566 357
1262 1101
740 459
677 341
618 411
1392 1006
833 521
673 401
648 445
1740 970
1325 476
884 493
885 507
1415 1232
1004 586
940 582
1310 486
1954 1013
1153 540
1128 549
1112 609
1683 1220
1158 602
1063 672
986 743
2498 1205
1016 764
1047 703
1333 599
1877 1624
1371 631
1548 548
1177 681
2603 1246
1322 768
1427 746
1258 835
3291 1377
1385 821
1381 802
1529 757
3450 1604
1534 783
1299 921
1449 848
2867 1845
2046 712
1470 837
1739 786
3738 1698
1858 914
1619 1056
2138 866
3003 2256
1806 1066
1846 1007
1673 1195
4073 1902
2294 979
3020 778
2150 1044
3590 2226
2048 1155
2470 958
2218 1099
3974 2260
1979 1209
2172 1173
2039 1199
3624 2560
1883 1306
2201 1167
2173 1197
4210 2348
1927 1384
1999 1419
2446 1124
4609 2274
2362 1535
2260 1329
2179 1397
4310 2934
2821 1332
2128 1497
2425 1406
5269 2783
2556 1512
2359 1443
2244 1552
4912 3127
2162 1726
2471 1437
2202 1613
5390 3177
3117 1447
2823 1301
2335 1643
4988 3672
2768 1745
2836 1487
2482 1728
5585 3701
3063 1749
3390 1388
2304 1958
6786 3446
3130 1780
2922 1656
2280 2080
7241 3710
3406 1746
3303 1617
2626 1959
6443 4090
3512 1799
3804 1483
3513 1605
6727 3949
3462 1823
3116 1711
3150 1729
7041 3818
3938 1721
3238 1777
3207 1834
7819 3654
3531 2003
2771 2243
3129 1997
7307 3852
3371 2089
3655 1979
3714 2033
7556 3890
3897 1981
3677 2046
3109 2395
7438 4069
3984 2024
3857 2134
3558 2228
7709 3959
4362 1963
3645 2245
3811 2288
6840 4428
3393 2549
4278 2181
3926 2357
7013 4504
3887 2445
4441 2142
4461 2150
8366 3903
4519 2208
4151 2293
4065 2483
7617 4433
4552 2287
3514 2801
3611 2752
7786 4448
3944 2636
3978 2534
3906 2604
8487 4284
4438 2418
6632 1843
3892 2707
8145 4470
4618 2422
4795 2342
3989 2723
8007 4531
4463 2557
4992 2427
4893 2579
9445 3926
5000 2537
4735 2698
4544 2894
7780 4730
4882 2757
4932 2735
5113 2732
8332 4479
5132 2770
5372 2639
5218 2785
8787 4337
5749 2658
5205 2797
5716 2648
7628 5193
4287 3433
5676 2914
6540 2497
9365 5273
5654 2858
5230 3101
6167 2844
8636 5968
5560 3234
5106 3333
5108 3357
9621 5637
5777 3294
7135 2686
5595 3197
9197 6253
4987 3835
5530 3368
5641 3364
9245 6859
5892 3515
6131 3248
6065 3281
8929 7198
4990 4048
6873 3022
5016 3969
9314 8106
5709 3769
5583 3732
5910 3651
6442 3625
5978 3639
6795 3292
6822 3474
5503 3941
6583 3603
6380 3764
6273 3747
6402 3723
4209 5747
6725 3668
6739 3785
4741 5262
6439 4089
8209 3342
8089 3640
7508 3612
6259 4315
7400 3973
7117 3942
6696 4167
7582 4054
6313 4641
6482 4549
7528 4092
7415 4241
7777 4068
8029 4017
8084 4140
7629 4154
6814 4658
7970 4304
7132 4455
7611 4229
8353 4218
8085 4166
8368 4191
8066 4404
8011 4435
8364 5173
9124 4083
8133 4593
6342 6805
7347 5027
7864 4942
7891 5544
8837 4709
8087 5504
7859 5733
9231 4931
9230 4976
8982 5318
8208 5585
9174 5045
8931 5360
9216 5085
9149 5256
7602 6214
9376 5105
7963 6086
8028 6338
9183 5418
8188 5955
9398 5534
9504 5351
9625 5293
8808 6290
9470 5632
9001 6083
8679 6445
8935 6163
9591 5631
9511 6888
9619 5905
8393 7328
9048 6760
9294 7041
9269 7514
1163718206 1778338741
1
sift 594
441 565
64 119
8 18
41 73
53 91
50 109
755 1087
341 376
48 86
60 121
92 235
61 79
1214 1979
297 644
99 171
119 185
137 239
90 210
1452 1614
408 578
110 167
212 337
187 284
112 183
2646 4067
546 851
97 250
291 399
326 251
108 242
3012 3729
777 1098
148 266
295 391
307 297
152 256
4302 4874
833 1083
147 271
319 439
203 420
162 279
4666 4820
1087 1215
149 348
424 523
259 373
169 310
5394 7562
1023 1354
196 320
484 554
233 454
239 296
6910 8779
1004 1715
198 371
532 495
287 422
200 368
1390 1446
192 394
440 605
260 488
224 356
1371 1512
234 446
417 769
301 428
252 430
1528 2633
324 421
475 686
312 433
272 513
1806 2329
482 328
418 960
335 418
296 475
2048 2223
273 539
654 753
293 517
327 483
1883 2460
340 470
847 1140
348 482
352 444
1602 2935
393 466
965 1392
422 485
282 727
2189 2598
387 526
934 1556
363 572
395 524
2294 2559
410 518
956 1523
490 457
425 592
2137 2880
406 533
1445 1540
376 594
384 640
1973 3537
413 551
1210 2160
394 581
439 625
2446 3526
399 585
1230 2137
450 567
515 564
2466 4274
496 534
1784 1725
469 613
539 527
2637 4282
449 672
1686 2276
535 573
537 574
2698 4151
542 580
1812 2738
512 642
468 709
3001 3545
480 700
1805 3003
491 699
561 610
2761 4207
517 706
1918 2920
585 704
478 878
3479 4455
531 803
2349 3017
498 905
618 676
3520 4698
555 806
2159 3837
501 925
594 889
3108 6156
538 875
3444 3242
675 717
622 860
2943 6861
647 776
3185 3868
648 782
662 867
3897 4995
610 877
3398 4817
671 823
676 865
4209 4913
666 862
3685 5046
660 937
600 993
3958 6076
707 909
4249 4474
672 1047
704 1013
4987 5171
702 1031
4746 4885
697 1057
765 991
5085 5105
838 938
4521 6004
821 1029
757 1127
6195 6377
819 1074
4373 6349
810 1169
908 996
5338 7703
832 1185
4088 7001
852 1312
884 1136
6844 6920
921 1118
4410 6649
940 1184
805 1336
6358 7522
963 1153
4112 7270
1017 1481
907 1272
6542 7837
1000 1208
3676 8753
1156 1504
913 1370
8691 6433
1064 1179
5404 6448
1192 1719
1088 1206
7032 8951
1047 1301
5168 6976
1137 1871
919 1564
7931 8587
1059 1356
6107 7092
1310 1652
1026 1626
7832 9423
1190 1382
6125 7231
1164 2013
1094 1596
8028 9336
1060 1672
5467 8906
1387 1915
1025 1881
8590 9277
1420 1335
5591 8831
1663 2010
1113 1848
1221 1702
6130 8261
1823 2064
1408 1607
1435 1674
5442 9303
1766 2146
1251 2070
1571 1812
6440 8712
1691 2316
1344 2180
1450 1990
8068 7141
1928 2236
1804 1683
1469 2069
6561 8855
2224 2071
1609 2052
1622 2092
6509 8938
1999 2351
1425 2452
1379 2713
9213 6647
1981 2551
1690 2213
1778 2141
6451 9556
1590 3426
1612 2451
1696 2376
8049 8091
2172 2464
1843 2208
1460 2852
7417 9101
1932 2871
1695 2575
1826 2462
7479 9496
2326 2488
1922 2322
1846 2490
8152 9485
2228 2683
1959 2414
1971 2434
8913 9275
2114 2948
1857 2625
2096 2306
9269 9169
2432 2714
1856 2829
1895 2865
9034 9513
2308 2881
1961 2817
2075 2802
2395 2973
1946 3023
2051 2884
2152 3439
1913 3247
2247 2827
2135 3605
1935 3417
2187 2960
2366 3174
2414 2929
2588 2775
2482 3234
2328 3111
2555 2952
2709 3311
2360 3246
2352 3277
2676 3500
2461 3139
2534 3061
3172 3057
2161 3739
2281 3467
2836 3536
2379 3342
2244 3626
2664 4141
2249 3778
2515 3264
3034 3404
2606 3338
2619 3358
3007 3519
2160 4430
2562 3569
2769 4031
2553 3648
2516 3779
2929 3764
2795 3290
2705 3459
2807 4853
2363 4311
2589 3912
3244 4248
2620 3887
2621 4052
3742 3822
2894 3566
2638 4139
3817 3803
2713 3978
2823 3870
3137 4686
2699 4189
2881 3790
2965 5034
3377 3171
3125 3461
3566 4436
2772 4228
3129 3590
2974 5501
3302 3408
3263 3490
2850 6275
3171 3638
3527 3292
3701 4715
2991 4122
2890 4343
3935 4499
3358 3706
2827 4577
3411 5173
2849 4579
3560 3773
3662 5029
3372 4034
3428 3975
3827 4899
2571 6089
3183 4641
3905 4910
3699 4093
3207 4713
4024 4857
3240 4682
3650 4262
4771 4147
3677 4298
3645 4449
4809 4383
3274 4920
3805 4312
4415 4877
4066 4058
3363 4945
3950 5536
3238 5097
3963 4272
3774 6085
3204 5240
3947 4340
4705 4784
4304 4009
2946 6139
3983 5848
3941 4415
3141 5566
3838 6465
3508 5226
3496 5281
3857 6734
4239 4416
3750 5009
5362 4675
4333 4626
3704 5368
3945 6632
4021 5042
4560 4475
4461 5974
2909 7567
3795 5398
4608 5739
3919 5310
4439 4744
4019 6952
4087 5283
4017 5622
4815 5799
3619 6760
4371 5505
5121 5785
3952 6390
3194 8354
5562 5640
5114 4860
4086 6411
5376 5923
4039 6572
5191 4905
4532 7338
4452 6088
4223 6494
4350 7981
4322 6639
5430 5130
4219 8417
4638 6140
3606 8426
5288 6533
4639 6158
4589 6398
5934 6284
4706 6282
5360 5472
4695 7970
4517 6783
4793 6561
6485 5894
5023 6230
4952 6403
5815 6614
4125 8085
4824 6674
6171 6498
4596 7290
4881 7008
4566 8978
4328 8289
4992 6993
5884 7506
5108 6857
4668 7662
7206 6314
4969 7165
5767 6227
6760 6875
5444 6590
5106 7193
6266 7480
5133 7156
4719 7982
7481 6386
5465 6915
5369 7032
7067 7074
4805 8015
5190 7430
6287 8102
5645 6929
5326 7309
6325 8128
5508 7118
4885 8282
6005 8678
5130 7946
5814 7183
6505 8395
6514 6516
5603 7415
8877 6661
5415 7648
5487 7689
7117 8196
6044 7142
5503 7752
6999 8508
5676 7723
6816 6655
6434 9335
5321 8536
6208 7421
7843 8188
5753 7938
6506 7259
6479 9578
6447 7390
5294 8939
6725 9491
7154 6785
5418 8917
8058 8296
6336 7701
5641 8698
9161 7403
6234 7937
6778 7461
6719 9595
6745 7524
5653 9780
7487 9149
6273 8559
5694 9903
8188 9497
5845 9139
6600 8225
8415 9399
7080 7630
5673 9344
8515 9373
6920 7904
6696 8244
8084 9650
5530 9504
6201 9006
6367 8819
6738 8339
6319 9037
5957 9370
6784 8591
7450 7864
6172 9409
6722 9750
6344 9421
6398 9388
6983 8873
7549 8212
6952 9047
7492 8604
6639 9552
8344 8027
7996 8478
7432 9045
7553 9716
6717 9636
7144 9610
7626 9412
9689 9949
8455 9050
7452 9581
8322 9244
9733 9775
8595 9097
7828 9510
9710 9954
8061 9450
8328 9415
9760 9999
9154 9883
8560 9518
9897 9955
8513 9561
9634 8969
8903 9645
1163718206 2009681629
1
sift 82
61 114
1088 1403
86 164
148 355
171 332
1190 1669
312 538
239 417
200 551
1230 2486
406 659
272 413
324 597
1379 3798
394 828
387 623
425 721
1946 4896
480 894
622 1006
675 844
2454 3928
819 1335
600 1454
704 1426
5321 8737
1425 3106
896 1708
913 1681
6778 9470
2395 3376
1026 1488
1059 1764
8417 9815
2709 3667
1221 2048
1408 2180
2676 4177
1612 2184
1469 2658
2836 4693
1777 2701
1971 2960
2638 5401
2414 2846
2075 3752
3254 5837
2197 3745
2555 3713
3618 5622
2553 4511
2705 4517
3704 5541
2795 4573
3527 4282
3496 7272
3239 4937
2890 5771
5362 5069
3169 5484
2946 6549
4815 6347
3183 6384
3363 6073
4608 6799
3141 7340
4333 5497
5815 7586
3233 8039
4523 7316
5571 8538
5059 6456
5444 6190
6592 7557
4907 8696
5130 8324
6286 9482
5190 8459
5767 9115
7080 8339
6717 9426
7836 8196
