1223175561 1308641291
1
sift 198
401 225
103 60
438 216
309 160
454 250
295 165
367 251
301 183
591 331
432 195
409 243
369 213
540 441
660 375
459 241
732 374
675 393
871 427
1106 470
870 372
767 429
1238 522
1140 535
898 415
1048 398
1267 612
1200 706
868 503
915 508
1165 696
1195 730
1030 507
1268 447
1493 711
1171 856
1257 542
1297 637
1690 750
1467 782
1402 788
1465 929
1696 762
1313 915
1346 998
1738 825
2505 873
2019 955
1852 1008
2085 981
1914 1098
1901 1280
2039 1099
2504 993
2139 1186
1838 1312
2204 1165
2415 1193
1956 1341
2550 1316
2616 1146
2439 1377
2042 1371
3125 1412
2535 1234
2990 1255
2274 1389
2903 1541
1973 1622
2434 1728
2380 1471
2921 1651
2475 1445
3075 1562
2633 1387
3367 1601
2554 1460
4030 1637
2709 1431
3790 1680
3150 1281
3762 1698
3049 1434
3001 2028
2761 1650
3789 1759
3036 1634
3514 1869
2585 1952
3744 1890
3903 1560
3662 1853
4092 1576
4417 1946
3240 1765
3229 2042
2971 2051
3971 2393
3460 1829
4026 1810
3817 1932
4262 2330
3579 2096
3488 2080
3597 2029
4444 2265
4445 1838
6505 1896
4362 1903
4163 2705
4111 2043
4478 2475
3740 2181
4737 3179
4357 1971
4647 2646
4270 2148
4968 3038
4619 2724
5821 2919
5177 2498
6039 2600
4972 2591
5769 3030
4713 2728
6001 2694
5511 2711
5977 3399
6007 2615
5707 2794
7308 2430
7059 2898
5640 3013
6243 3025
6286 2851
6174 3621
5340 3410
5894 3317
7018 2751
5585 3929
6542 3113
6945 2991
6224 3444
7299 3817
6804 3154
7609 3076
5929 3656
6003 4749
7415 2977
6809 3477
7041 3171
7574 4130
6806 3336
7830 3204
6474 3733
7475 4292
7507 3266
7290 3564
7963 3514
9245 3802
6191 4071
8417 4068
5604 4898
7075 4824
8400 3578
9677 3884
7596 4055
9386 4348
6586 4701
9382 4251
7413 4380
8473 4947
6632 4984
8337 5639
8084 4307
7598 5475
7758 4576
8579 6227
7769 4583
9658 4414
9108 4061
7818 4613
7847 5379
7764 4691
8467 4429
7946 5467
7530 4934
7601 5167
7156 6953
8739 4909
9029 4811
8803 5829
6076 7169
9576 4754
9437 7497
9609 4975
9316 5190
9338 5600
9309 7839
1223175561 1418904103
1
sift 767
150 228
294 404
12 15
55 87
17 24
72 78
208 313
226 613
20 22
87 138
51 72
90 149
317 534
394 331
60 80
114 123
115 161
127 145
431 634
369 495
135 148
147 168
205 275
133 180
416 758
528 797
132 204
217 337
194 386
138 206
567 697
660 984
155 203
361 299
259 277
184 175
564 942
765 940
160 232
336 467
240 328
172 220
592 963
871 1639
161 293
338 490
228 368
176 270
895 1122
1165 1562
190 252
346 473
310 345
175 290
870 1409
1312 1725
163 364
305 563
279 448
183 319
868 1550
1462 1876
201 326
374 455
363 353
284 217
897 1503
1540 2330
224 301
307 678
292 445
241 306
835 1691
1743 2093
218 369
410 588
287 458
253 334
1257 1326
2042 2682
235 374
491 498
303 450
256 370
1019 1700
1856 3117
220 476
456 671
353 401
277 380
1503 2040
2032 3236
318 398
640 863
312 521
315 437
1515 2037
2633 3307
285 478
710 1202
275 598
298 463
1538 2196
2554 4281
328 480
748 1305
339 654
334 486
1789 2849
2970 3567
332 496
893 1227
391 572
351 470
2011 2525
3137 3371
331 541
874 1651
437 570
350 517
2145 2723
2906 3722
327 571
981 1571
488 550
376 488
2008 3795
3739 3496
335 600
1158 1548
420 698
434 431
2085 3648
3240 4357
384 513
1150 1803
436 694
372 537
2245 3855
3181 4700
368 547
1254 1615
459 712
380 591
2814 3474
3198 4963
385 614
1253 1854
483 674
386 619
2937 3992
3273 5097
415 559
1198 2131
496 657
423 557
2925 4262
3266 5139
409 599
1533 2070
486 774
460 597
2677 5130
3627 4646
489 539
1704 2422
583 703
531 617
3202 5785
4351 4209
475 727
1613 2665
575 730
445 802
3805 4874
3865 5000
530 675
1648 2638
532 815
536 709
3998 4979
3911 5136
550 754
1794 2679
599 724
544 782
3536 5941
4084 5013
505 854
1925 2846
611 1038
546 809
3862 5428
3720 5651
560 801
1962 4250
705 933
572 805
3737 6524
4571 4571
628 737
2053 4015
722 991
679 785
3391 7744
4111 5112
539 1103
2538 3787
699 1040
610 918
4262 6052
3912 5869
651 903
2422 4245
829 981
662 911
4551 6298
4822 4672
700 881
2586 4165
828 1031
694 957
4994 7617
4445 5143
659 1020
2534 4338
814 1078
704 968
5680 6769
4409 5225
774 924
2768 3968
933 1133
747 1027
5481 7221
4909 4708
755 1043
3321 3356
909 1199
729 1161
6189 6976
3178 8001
685 1282
3009 3910
830 1464
758 1212
6247 7453
3890 7025
762 1226
3689 4231
949 1466
753 1250
6715 7711
4669 6296
818 1145
4281 3944
1169 1320
953 1087
5767 9316
5011 5855
779 1455
3642 4523
1142 1637
908 1252
6408 8357
4871 6447
945 1277
3611 4592
1349 1444
890 1465
6404 8682
5299 6459
992 1331
3289 5289
1143 1978
968 1385
7010 8269
5461 6829
1101 1289
4150 4392
1210 1865
921 1515
6944 9122
5399 7392
999 1408
3235 5772
1221 2010
905 1598
7082 9525
5780 7270
1034 1399
3836 4774
1354 1818
1084 1358
7127 9635
5929 7156
994 1563
4412 4284
1359 2097
857 2013
7047 9676
6286 6721
1240 1354
3885 4800
1476 1956
1013 1787
8579 9597
5545 7638
1132 1722
4052 5243
1415 2319
958 2058
5511 7697
1072 1873
3810 5807
1636 2136
975 2073
5558 8202
1195 1749
4063 5549
1687 2068
1380 1491
6803 7183
1224 1777
5637 4513
1739 2083
1126 1988
6007 9044
1012 2248
6375 5718
1612 2273
1333 1640
6593 8283
1247 1857
5670 6571
1801 2122
1262 1860
6717 8281
1344 1788
5663 6717
1730 2260
1455 1731
6452 8820
1416 1809
5457 7115
1701 2386
1327 1927
6609 8634
1394 1921
4810 8949
1435 2974
1790 1573
6699 8541
1323 2101
5276 8033
1839 2353
1228 2521
6327 9173
1499 2048
5544 7975
1745 2570
1545 2087
7365 7800
1570 2166
6179 7459
1897 2413
1489 2281
6804 9062
1446 2382
6907 6857
2331 2114
1303 2756
6806 9141
1472 2359
6465 7763
2098 2365
1568 2225
8002 7751
1657 2134
6386 9126
1809 2787
1551 2332
7386 8755
1795 2033
6513 9298
2077 2522
1256 3049
7616 8543
1755 2091
7677 7707
1985 2699
1497 2472
7596 8730
1933 1929
6773 9557
2261 2493
1504 2469
7986 8577
1589 2348
8122 8134
2204 3250
1769 2109
8430 9163
1749 2169
7344 9382
2272 3230
2013 1943
9241 8675
1661 2362
7526 9326
2537 2941
1716 2306
8799 9642
1805 2252
8180 8970
2468 3171
1655 2443
1547 2675
9470 9404
2307 3464
1754 2401
1818 2340
2309 3488
1488 2909
1382 3370
2271 3600
1761 2515
1776 2556
2705 3075
1638 2833
1808 2589
2687 3407
1920 2462
2470 1981
2730 3440
1784 2707
2005 2410
2518 3887
1588 3123
2189 2243
2498 3945
2064 2387
2001 2528
3128 3384
1954 2612
1744 2954
2679 4198
2215 2347
2044 2657
2819 4105
1763 3122
1929 2825
2699 4355
2458 2296
2114 2641
2854 4242
2062 2741
2165 2610
2721 4648
2054 2771
2035 2870
3226 3929
2248 2639
2113 2800
2911 4851
2287 2626
2208 2770
3378 4200
1905 3234
1938 3166
3596 4024
2027 3009
2120 2952
3203 4495
2050 3170
2202 2988
2791 5602
2370 2819
2327 2875
3208 4616
2232 3017
2097 3301
3345 4948
1921 3919
2387 2935
3384 5040
2017 3655
2416 2940
3603 4797
2175 3484
2311 3226
3526 4926
2237 3412
2321 3293
3257 5801
2579 2951
2067 4071
3058 6820
1995 4304
2420 3455
3738 5291
2406 3528
2423 3599
3140 6960
2365 3772
3464 2640
4094 5357
2516 3594
2609 3508
5090 4380
2701 3378
2523 3742
4866 4705
2226 4405
2299 4285
5058 4643
2686 3536
2393 4111
4139 5884
2530 3831
2727 3483
4716 5154
2821 3348
2489 3967
3726 7323
2418 4214
2658 3826
5040 5098
2451 4328
2830 3645
4478 6117
3001 3425
2589 4199
5246 5042
2759 3890
2520 4340
4701 5819
2711 3998
2670 4087
4612 6132
2890 3654
2560 4350
4998 5501
2632 4261
3029 3545
4705 6173
2494 4526
2726 4143
4765 6738
2800 4004
2357 5008
4536 7277
2381 5158
3087 3755
4820 6833
3244 3576
3166 3750
6163 5313
2777 4450
3146 3975
4616 7569
3221 3869
2899 4460
5020 6925
3349 3851
3064 4260
4954 7064
3577 3627
2835 4717
5295 6994
3310 4043
3129 4316
5513 6897
4196 3261
3468 4182
4899 8064
3359 4337
3844 4027
4816 8369
3295 4619
3441 4462
6735 5906
3167 4834
3415 4549
5989 6891
3977 4190
3121 5317
5577 7278
3294 4945
4931 3431
5925 7059
3081 5634
3721 4552
5877 7387
3640 4653
3163 5522
5875 7578
3728 4624
3465 5105
5974 7470
3951 4614
3339 5612
5714 7954
4251 4457
3573 5190
5538 8255
3598 5151
4452 4303
7098 6797
3775 4921
3454 5468
5270 9443
3667 5116
3435 5554
6381 7904
3479 5539
3582 5412
5900 8804
3754 5197
3962 4957
5873 8876
3814 5193
3590 5708
5897 8909
4321 4748
4005 5155
7581 6990
3356 6476
4421 4771
7825 6793
3787 5751
3368 6759
6661 8132
6268 3643
3661 6199
6539 8572
4090 5573
3566 6606
6434 9363
4158 5572
4188 5516
6493 9342
4403 5277
4100 5938
6197 9643
5484 4381
4430 5340
7472 8229
4385 5591
4344 5682
7075 8942
3883 6654
3992 6491
7545 8427
3678 7084
3821 6823
7902 8097
4205 6162
4292 6033
8805 8507
4578 5526
3520 7920
8153 9207
4490 5963
4387 6254
8151 9430
6581 4278
4757 5720
8535 9498
4523 6337
4772 5910
7901 9677
4317 6864
4632 6230
4199 7146
4503 6593
4537 6540
4709 6270
5542 5272
5278 5592
4798 6295
4928 6107
6065 4946
4873 6221
4741 6445
5636 5311
4644 6811
5549 5711
4895 6609
4759 6988
4302 8035
5368 6233
4869 6982
5218 6503
6899 4837
4835 7120
5131 6706
5028 6972
4814 7335
5162 6971
5047 7118
5477 6792
4561 8477
4630 8726
5921 6850
4901 8314
6426 6346
5987 6902
5068 8074
4962 8390
5361 7713
5435 7648
5066 8243
5821 7249
5472 7716
5009 8550
4979 8622
5684 7559
6477 7132
5661 8102
6573 7062
6448 7417
5517 8688
5866 8376
5952 8278
6653 7438
7006 7045
6794 7321
5489 9446
6558 7973
6114 8840
5456 9619
6142 8939
5796 9469
6457 8510
9335 5960
6175 9274
6344 9063
7311 7777
5682 9675
6570 9048
6271 9551
6532 9339
6755 9021
6564 9407
6482 9548
6737 9348
6801 9286
7069 8986
7976 7963
7537 8601
7399 9885
8409 7966
8119 8387
8370 8380
7587 9268
8574 8287
8827 8409
7091 9699
8283 9168
8193 9355
7196 9702
8054 9484
7457 9688
8331 9630
8383 9701
9324 9687
1223175561 1425359813
1
sift 1386
150 204
45 51
0 0
36 29
17 14
12 10
208 311
57 76
20 17
87 146
51 57
46 41
257 316
123 156
53 49
147 173
60 68
55 73
337 426
211 275
72 63
217 320
115 169
63 107
317 497
294 382
91 139
268 286
203 351
96 132
431 613
226 545
114 119
360 342
194 367
127 150
416 661
301 424
135 155
305 473
240 330
133 170
451 644
300 485
132 174
336 436
259 307
138 182
567 674
394 370
155 197
346 431
228 360
172 186
520 752
369 459
161 252
338 457
282 348
176 254
564 818
357 557
190 234
307 581
279 399
163 308
592 927
553 725
182 294
410 508
373 326
205 285
673 867
528 819
224 303
620 845
292 404
241 271
682 941
634 764
215 333
669 1008
287 433
220 331
834 1030
660 878
218 335
929 732
353 413
284 257
895 1218
765 835
253 329
710 1117
275 571
296 292
870 1299
978 1089
200 526
893 1128
339 566
256 364
1108 1066
871 1351
277 358
835 1419
321 604
318 369
897 1357
1028 1208
303 398
954 1354
414 522
298 417
868 1504
970 1545
315 407
981 1353
436 599
285 440
1019 1465
950 1649
299 444
1139 1356
488 502
378 375
1275 1440
1022 1516
334 445
823 2014
420 624
328 450
1069 1917
1165 1386
331 456
1222 1331
459 601
306 501
1431 1589
1267 1566
332 466
1150 1513
483 577
351 438
1268 1877
1409 1732
349 463
1158 1546
496 607
335 537
1503 1854
1373 1801
374 432
1253 1671
427 758
327 552
1257 2390
1396 1855
368 454
1198 2362
485 731
358 478
1515 1965
1523 1793
384 452
1774 1608
519 720
356 517
1538 1969
1462 1865
434 397
1365 2398
575 695
439 395
1557 2115
1370 2120
376 494
1438 2337
588 772
372 539
1891 2477
1405 2095
322 638
1484 2735
722 870
391 525
2011 2495
1451 2023
381 565
1890 2109
699 966
385 559
2128 2720
1614 2123
415 531
1613 2579
690 1031
386 590
2145 2700
1540 2334
441 504
1794 2472
638 1203
423 538
1961 3013
1743 2076
347 685
1965 2473
828 977
409 603
2085 3092
1973 2044
460 558
1873 2676
813 1018
491 536
2008 3273
1843 2606
418 669
2242 2674
829 1095
538 477
1988 3359
2032 2361
489 580
2816 2655
830 1282
465 633
2558 2931
1856 2660
533 575
2429 3075
909 1164
445 711
2814 2791
1940 2679
475 679
2245 3597
943 1454
494 665
2377 3377
2148 2517
486 697
2586 3656
944 1517
530 645
2905 3494
2274 2611
531 667
3145 2907
1005 1659
536 691
2427 4548
2380 2583
477 825
3009 3356
1349 1502
550 701
2852 3837
2694 2385
505 783
2937 3749
1353 1510
532 747
3066 3660
1842 3624
544 722
3034 3669
1288 1626
546 745
2925 3958
2122 2973
583 706
3449 3495
1210 1805
599 698
3742 3282
2042 3466
572 734
2538 5139
1354 1746
560 749
3447 4206
2336 2976
561 823
3321 3778
1285 1948
524 993
3895 3887
2467 3026
539 942
3621 3861
1476 1853
628 765
3202 4798
2633 2898
679 761
3023 4684
1459 1957
610 841
4190 3847
2576 3266
687 789
3013 4818
1359 2135
743 748
4174 4017
2585 3367
611 910
4230 3482
1415 2239
700 816
3805 4620
2789 3407
651 890
3952 3888
2115 1554
745 802
3313 5350
2702 3638
656 901
3583 4420
1549 2172
704 848
3998 4611
2780 3562
694 884
4398 4006
1730 1961
685 935
4045 4571
2554 3984
659 1009
3289 5249
1687 2059
639 1071
3949 4719
2843 3501
693 1003
3135 5765
1801 2039
774 886
3652 5044
2739 3726
712 998
3611 4987
1435 2719
747 967
3670 5086
3065 3207
769 931
3630 5039
1740 2328
571 1389
4296 4537
2970 3442
729 1067
3107 6418
1701 2430
740 1037
4290 4633
2906 3579
626 1261
3696 5161
2098 2028
625 1337
4198 4720
3137 3437
758 1112
3737 5484
1771 2565
762 1150
4176 5016
2904 3926
818 1060
4150 4975
1897 2372
748 1233
3862 5446
3181 3850
863 1024
3885 5318
1745 2648
916 964
4663 4568
3707 3269
779 1269
4063 5090
2096 2248
804 1248
3536 6214
3240 4082
768 1329
4579 4553
2077 2486
763 1345
4272 5107
3049 4448
953 1103
4433 4741
2036 2764
933 1147
4126 5606
3197 4233
908 1251
4408 4959
1927 3008
808 1417
4262 5621
3266 4462
945 1242
4412 4999
2247 2712
874 1383
4497 5248
3622 4031
857 1427
4337 5190
2204 2780
1189 1054
4551 5483
3306 4437
992 1245
4614 5172
2317 2737
1036 1205
3561 7453
3459 4325
887 1432
4736 5402
1931 3347
890 1433
4702 5926
3216 4738
1034 1273
4634 5620
2272 2872
1027 1286
4513 6344
3324 4788
999 1319
4882 5695
2153 3206
921 1413
3436 8788
3645 4538
968 1348
4394 6714
2331 3011
957 1377
4793 6752
3959 4401
949 1392
5566 5389
2468 3009
905 1488
4905 6968
3912 4529
1101 1266
5010 6087
2705 2876
941 1425
5680 6137
3627 4784
1172 1212
5062 6325
2730 3061
1084 1317
4994 7126
2828 6653
1016 1368
5694 5669
2687 3161
993 1406
6489 5575
3720 4868
1140 1292
6309 5263
2656 3522
994 1461
5138 7749
3865 4757
1116 1366
5663 5901
3128 2947
1057 1449
5707 7342
4351 4397
1214 1310
4840 7006
3073 3140
849 1899
6189 7122
4571 4205
1169 1349
5238 6610
2699 3767
1094 1423
6139 7352
3911 4966
901 1828
5943 5877
2679 3813
958 1676
6095 7408
3510 5609
1142 1416
5308 6522
2934 3341
1014 1590
6033 7922
3903 5076
1102 1477
5322 6633
2673 4091
1013 1665
6408 7610
3995 5122
975 1737
5475 6480
2721 4129
1274 1340
6404 7693
3558 5827
1132 1549
5590 6580
3203 3317
1200 1480
6107 8294
4084 5099
1143 1581
5689 6582
2333 4998
1195 1522
6243 8231
4111 5074
1240 1446
5457 6879
3236 3617
1395 1332
6414 8005
4822 4436
1040 1835
4810 7989
2854 4314
1224 1573
6715 8025
4112 5187
1126 1765
5476 7165
2791 4578
1333 1418
7010 7665
4054 5395
1277 1496
5276 7459
3226 3842
1107 1832
7312 7404
3890 5681
1011 1984
5406 7399
3790 3307
1173 1749
6944 7824
4092 5574
1262 1586
6375 6498
3559 3763
1074 1952
6708 8618
4565 4982
1155 1860
6194 7193
3208 4287
1177 1823
7127 8274
4445 5243
1247 1670
6907 7065
3245 4331
1380 1497
7009 8590
4871 4785
1197 1883
6855 7578
3378 4272
1221 1902
7924 7663
4510 5251
1526 1490
6316 8949
3596 4062
1175 2050
7082 8688
4733 4962
1527 1533
7344 7907
3387 4500
1381 1703
6938 8915
4624 5087
1442 1632
7677 8035
3413 4563
1327 1785
7784 8538
4909 4880
1344 1783
6524 9683
3058 5629
1216 2036
7802 8795
4474 5444
1416 1755
7861 8834
4382 3934
1455 1713
8421 8372
4362 5684
1337 1881
9128 7839
3257 5183
1237 2072
8579 9134
4628 5284
1228 2150
8658 8400
3140 5674
1846 1470
8626 9188
4409 5732
1467 1809
8169 8942
3603 4947
1621 1695
7180 9712
4467 5668
1499 1842
8361 8817
4367 4219
1711 1654
8127 9721
4619 5961
1790 1625
8125 9033
4446 4186
1303 2289
4827 5925
1506 1951
8380 9205
3526 5165
1258 2476
5011 5685
1545 1932
8122 9490
3735 5231
1401 2156
6286 4846
1533 1996
8532 9286
4716 4793
1248 2684
5582 5366
1519 2058
8806 9356
4705 5066
1497 2107
5299 5931
1551 2056
9470 9459
4478 5582
1489 2168
4972 6416
1568 2046
4528 6045
1306 2590
5265 6316
1472 2226
4765 5904
1295 2639
5022 6627
1256 2830
7472 4080
1589 2104
5461 6273
1504 2262
5246 5471
1716 1972
5399 6824
1636 2091
5085 5736
1547 2264
5296 7113
1446 2434
5082 5759
1417 2525
5545 7295
1328 2758
4616 6517
1739 2037
7308 5671
1749 2031
4820 6208
1478 2498
5558 7523
1755 2060
4536 6740
1769 2070
5780 7306
1655 2301
5040 5982
1766 2163
5699 7418
1661 2313
3999 8210
1805 2128
5526 7700
1588 2469
5577 6009
1795 2183
5929 7331
1818 2153
4963 6806
1754 2304
6002 7281
1581 2607
5853 5817
1776 2306
6019 7297
1933 2130
5295 6412
1803 2336
5669 7857
1619 2640
5851 5998
1839 2300
6463 7102
1732 2467
4639 7571
1648 2652
6632 7309
1659 2658
5015 7141
2012 2159
6803 7185
1784 2466
4700 7822
1808 2437
5423 9086
1761 2514
5875 6685
1809 2451
6717 7484
1838 2422
5925 7076
2019 2214
6593 7698
1744 2629
6812 6119
1920 2369
7217 7003
2149 2199
5538 7496
2005 2386
6591 8082
2215 2210
7755 5348
2001 2438
6698 7964
1861 2637
6509 6600
2154 2302
6609 8151
2064 2426
5877 7503
1950 2573
6007 9041
1929 2627
5778 7935
1985 2537
6665 8126
1844 2761
6381 7429
1763 2909
6452 8460
1954 2634
5667 8532
2119 2456
7365 7491
2044 2592
5524 8864
1968 2733
7487 7394
2058 2616
6361 7669
2177 2505
7108 7871
2165 2516
5769 8622
2261 2435
6423 8991
1905 2930
5974 8762
2208 2543
6583 8810
1938 2887
6492 7974
2054 2753
6804 8483
2248 2528
6046 8796
1962 2895
6806 8696
2237 2572
6539 8160
2062 2798
6137 9606
2423 2425
7581 6926
2385 2479
7596 7976
2120 2774
5939 9175
2202 2699
7386 8797
2104 2822
6197 8832
2027 2948
7963 8383
2307 2622
5897 9451
2017 3046
7986 8467
1882 3420
6269 9081
2232 2816
7642 8898
2327 2762
6307 9084
2321 2775
7669 8954
1942 3369
6881 8642
2483 2609
7423 9987
2394 2716
6790 8842
2164 2989
7600 9128
2175 2981
8008 7416
2387 2772
7254 9415
2501 2656
6434 9326
2097 3128
7441 9304
2126 3069
6364 9517
1970 3458
8002 8811
2028 3294
7674 7912
2113 3160
7824 9042
2067 3256
6156 9652
2416 2788
7906 9285
1995 3480
7573 8196
2195 3135
9160 8299
2425 2849
8457 7828
2229 3084
8799 9531
2722 2613
7841 8521
2579 2777
9270 9315
1921 4024
7075 9631
2311 3139
2246 3310
8500 8934
2309 3251
2518 2995
8111 9404
2627 2908
2053 3990
8535 9136
2381 3255
2526 3052
8151 9563
2365 3409
2281 3622
2420 3362
2460 3398
2517 3312
2176 4063
2642 3137
2516 3382
2530 3378
2294 3882
2543 3389
2299 3885
2830 3001
2494 3520
2374 3795
2523 3505
2489 3547
2519 3560
2412 3765
2821 3129
2496 3811
2670 3616
2726 3540
2357 4295
2534 3975
2465 4118
2657 3772
2589 3950
2800 3528
2686 3747
2397 4434
3001 3283
2767 3721
2799 3700
3029 3321
3044 3329
2835 3707
2647 4150
2819 3863
2406 4709
2450 4627
3328 3196
2991 3621
2777 4061
2759 4094
2137 5758
2719 4256
3146 3479
3330 3325
3087 3640
3244 3472
3166 3591
3129 3661
2890 4087
3660 3120
3121 3715
2899 4110
2978 3974
3142 3750
3064 3903
2431 5386
3007 4197
2911 4398
2912 4491
2898 4525
3310 4002
3349 3978
2692 5145
3528 3800
4196 3252
2916 4744
3466 3980
3667 3757
3441 4022
3339 4182
3363 4146
3422 4078
3155 4433
3294 4269
3664 3816
3163 4449
3838 3667
3426 4174
3758 3819
2470 6433
3463 4234
3435 4329
3270 4631
3177 4794
3350 4564
3844 4208
3543 4519
3962 4124
4403 3676
3833 4250
4260 3915
3384 4826
3728 4454
3214 5132
3167 5301
4094 4215
3211 5268
3356 5051
3977 4404
3295 5168
3284 5209
3479 4940
3821 4573
3651 4733
3777 4626
3345 5173
3523 4946
3752 4696
3730 4711
3791 4706
3454 5150
3753 4779
4287 4317
3640 4968
4108 4533
3951 4683
3573 5143
3249 5816
4269 4466
3582 5202
3860 4847
4452 4311
3340 5696
3496 5404
3577 5252
4005 4759
4192 4799
4321 4673
3235 6417
4158 4869
3326 6243
3787 5356
3554 5822
3819 5379
4200 4926
3368 6288
3798 5456
3405 6253
4089 5113
4052 5160
4251 4957
3662 5820
4118 5205
3814 5655
4860 4428
4188 5176
4139 5312
3793 5862
3678 6103
5484 4126
4344 5127
4100 5475
4217 5346
3775 6063
3820 6051
4574 4891
4184 5457
3964 5833
4518 5023
4140 5565
4421 5128
4205 5477
3883 6013
3810 6269
3944 6065
4342 5405
3955 6117
4490 5218
4267 5597
4144 5811
3465 7119
3974 6267
4764 5020
4292 5783
4199 5966
4428 5529
4208 5992
5090 4776
5776 4406
4387 5745
4949 4958
4578 5434
3749 6922
4402 5781
4058 6462
4632 5458
4859 5185
4839 5228
4866 5203
4757 5343
4772 5330
4681 5450
4216 6365
4098 6566
4633 5581
4523 5865
4193 6528
4107 6808
4317 6477
4694 5787
4816 5641
4652 5895
6581 4368
4503 6244
4644 5981
4709 5881
4537 6226
4607 6097
4441 6423
4055 7187
4604 6134
4741 5899
4339 6761
4372 6695
5035 5561
5030 5587
4962 5711
3919 7583
4455 6571
4891 5870
4368 6905
4539 6628
5098 5776
4798 6300
4401 7026
4895 6188
4835 6321
4928 6193
6065 5054
4561 6852
4954 6197
5542 5480
4873 6370
4952 6271
4748 6568
4759 6574
5606 5482
5278 5913
5412 5774
4760 6682
5068 6263
5028 6342
4630 7005
5653 5712
4567 7260
4990 6545
5636 5772
5343 6124
4704 7093
5047 6569
4915 6779
5599 6020
5514 6198
5131 6690
4832 7169
6256 5532
5544 6284
5218 6715
5190 6737
5464 6526
4815 7451
5368 6679
4598 7967
5549 6543
5380 6780
5670 6466
5465 6703
6062 6147
5976 6247
4762 7775
5224 7080
4899 7598
6428 5851
5709 6616
5683 6664
5361 7049
5328 7098
5864 6608
7899 4879
4869 7943
6133 6369
5058 7601
4912 7926
5435 7167
5162 7525
5109 7604
5652 6913
4828 8201
5034 7894
5517 7211
5195 7638
5066 7882
5726 7035
6061 6730
6454 6307
6448 6388
4893 8429
5344 7611
4901 8478
5704 7233
5269 7849
6261 6688
5821 7207
5142 8134
5714 7323
6022 7107
5306 8103
5009 8675
5716 7529
6175 7058
5873 7471
4552 9602
5472 7968
5598 7782
6186 7135
5977 7413
6516 6969
6362 7143
6209 7312
6134 7448
6130 7499
5270 8766
5489 8388
5743 8024
5456 8452
6794 6818
5952 7865
6573 7111
6587 7095
6124 7613
5813 8180
5262 9057
5900 8170
5678 8529
6653 7275
6114 8008
6438 7537
6477 7506
5463 8921
5796 8494
5899 8375
6491 7520
5153 9435
5792 8559
5693 8741
6569 7619
7098 6982
7587 6631
6863 7314
5921 8720
5791 8885
6181 8363
6541 7929
6142 8543
6669 7803
6259 8406
5931 8958
5661 9250
6989 7377
6465 8186
6344 8366
7006 7400
6403 8328
6848 7725
6733 7913
7362 7217
5955 9190
6570 8309
6365 8579
6426 8502
5682 9473
6057 9122
5990 9273
6560 8508
7421 7401
6607 8563
6927 8052
6661 8546
6248 9155
6023 9442
7300 7655
6564 8785
6513 8879
7205 7830
7042 8090
6737 8595
6461 9144
7479 7719
6951 8336
7537 7659
7529 7678
8325 7173
6900 8610
6612 9105
6792 8851
7311 8140
6825 8836
6386 9449
7069 8498
6755 9028
6808 8981
6759 9078
6801 9157
6857 9142
7357 8450
8180 7721
8833 7257
6691 9501
7294 8786
6788 9406
7409 8717
6860 9388
7460 8758
7334 8937
6940 9366
6744 9584
7399 8901
7476 8847
7765 8549
7545 8882
6824 9595
8254 8260
8901 7661
6953 9525
6999 9481
7261 9256
7475 9090
8168 8431
7166 9378
7196 9376
7731 8872
7871 8782
8628 8120
8153 8612
8177 8643
8355 8479
7453 9331
8409 8449
8054 8812
7540 9283
8163 8791
8334 8712
7832 9224
7976 9158
7643 9385
8845 8359
8517 8664
8193 8988
7194 9651
7854 9288
7790 9386
7235 9660
7825 9389
7730 9492
7843 9426
7898 9402
8370 9068
7551 9628
9242 8340
8531 9104
8847 8891
8790 8944
9829 7784
9790 7966
8728 9180
8953 9008
9059 8945
9324 8840
8382 9561
8223 9649
8326 9650
8383 9637
8251 9692
9197 9340
8522 9642
9054 9538
9259 9469
9745 9119
9364 9494
8196 9711
9457 9464
8712 9704
9195 9656
9336 9678
9712 9646
1223175561 1428487141
1
sift 1487
73 64
57 53
20 17
401 294
61 57
17 20
141 104
65 51
31 29
454 339
188 212
36 31
208 149
71 54
60 62
478 349
261 181
89 74
227 183
103 76
77 79
523 385
221 271
115 82
257 204
123 90
114 85
540 477
343 249
125 80
304 225
131 95
139 86
675 513
493 373
129 105
337 279
149 109
165 87
641 535
596 404
146 107
416 299
272 197
148 108
767 578
630 429
135 115
431 298
308 196
124 151
853 645
719 556
147 131
451 315
295 218
175 129
915 707
752 544
203 132
492 389
266 226
207 138
1030 689
731 676
184 159
564 414
252 247
205 156
833 825
925 574
217 148
591 442
278 227
216 155
1078 726
1056 878
228 160
644 434
301 229
220 170
964 789
1059 931
240 195
682 438
357 233
267 198
1118 816
1196 833
259 215
567 505
354 260
277 214
1168 786
1233 914
320 213
698 460
432 253
279 231
1238 849
1550 919
303 232
732 495
369 289
293 238
1297 867
1493 994
328 223
754 542
394 399
284 256
1261 898
1787 962
239 293
746 567
528 344
311 239
1230 991
1404 1151
422 206
649 648
553 432
349 242
1390 966
1690 1181
353 246
870 599
600 449
363 297
1402 986
2088 1185
367 295
897 592
615 507
329 322
1465 1170
1641 1621
399 283
895 671
660 488
470 243
1603 1204
1747 1557
391 302
1048 675
634 537
374 311
1552 1316
1957 1387
387 308
988 700
885 452
438 284
1738 1208
1723 1654
414 310
1219 683
950 509
409 314
1872 1217
1602 1792
479 275
1257 785
871 593
459 319
2268 1480
2466 1292
439 330
1492 908
913 662
411 358
2284 1698
2139 1673
476 324
1424 1007
872 824
405 377
2289 1717
2505 1494
346 451
1515 1016
1022 733
468 356
1884 2240
2074 1785
483 348
1300 1147
1165 834
533 333
2616 1669
2213 1725
488 354
1275 1179
1312 761
486 359
2434 1913
2297 1686
481 364
1517 1031
1267 896
489 388
2343 2102
1752 2376
509 393
1431 1183
1584 904
562 360
2439 2064
2146 1985
501 401
1961 1003
1373 1046
506 417
2572 2051
2563 1821
475 447
1503 1264
1396 1050
496 426
2736 1952
2535 1970
545 392
1538 1317
1289 1113
575 380
2737 1997
2680 1882
550 407
2011 1127
1559 978
560 421
3074 1811
2847 1777
561 424
1852 1237
1540 1060
657 398
2250 2465
2364 2360
565 462
2117 1163
1405 1138
639 408
2806 1987
2709 2324
582 489
2358 1198
1724 1004
627 464
2990 1991
2918 2218
599 493
2369 1341
1523 1096
655 467
2958 2075
3036 2154
633 484
1969 1628
1451 1152
710 457
3341 2046
3054 2235
685 470
2085 1623
2072 932
768 455
3327 2149
3150 2192
611 554
2145 1614
1500 1288
704 502
3762 1963
2779 2531
679 523
1837 1914
1696 1144
662 534
3476 2127
3440 2109
795 466
2504 1469
1462 1416
692 517
4030 2143
3089 2486
700 520
2427 1652
1692 1211
669 550
4374 2036
2930 2667
722 524
2415 1784
1614 1297
705 541
3789 2471
2695 3131
747 522
2277 1926
1743 1230
729 555
3041 3028
2936 2938
640 629
2558 1756
1780 1344
699 616
3439 2864
3460 2570
727 605
3525 1685
1914 1384
753 590
3870 2607
3201 2766
786 571
3313 1808
1826 1471
851 532
3579 3090
4074 2487
769 612
2707 2243
2224 1235
949 514
3264 3408
3101 3165
832 603
2937 2088
2617 1168
936 563
3686 3199
3643 2918
830 635
3898 1710
2122 1477
841 634
3867 3159
4274 2596
1013 627
3123 2268
1928 1641
923 672
4010 3304
2945 3731
813 741
3052 2357
2274 1448
968 664
4417 3046
4162 2659
1026 653
3066 2395
2032 1638
995 669
4163 3291
3032 3698
986 684
2902 2572
1973 1877
861 756
5468 2587
4413 2593
869 748
3447 2323
2018 1879
981 698
4863 2846
3141 3592
1415 543
3652 2336
2042 1921
953 727
4297 3511
3138 3785
1264 604
3608 2396
2740 1541
942 754
4559 3361
4357 2870
909 794
3673 2401
2620 1619
993 746
4737 3913
3398 3791
1070 752
3047 2812
2336 1828
894 950
4313 4676
4270 3168
1106 762
3610 2568
2399 1812
1302 674
5640 3634
3857 3508
977 892
4125 2588
2380 1849
1140 787
6537 3481
3565 4224
1288 709
3669 2915
2148 2065
1142 811
6039 3764
5395 3449
1076 850
3884 2989
2407 1854
1145 822
4906 4429
4713 4000
1005 925
4046 2893
2554 1864
1150 830
6866 3450
6646 3032
1173 820
3805 3074
2475 1969
1195 815
5097 4538
5072 3797
1180 842
3812 3160
2633 1923
1176 853
5893 4094
4833 3964
1169 868
3449 3543
2585 2121
1200 846
5668 4739
6140 3971
1122 930
3391 3652
3178 1872
1155 956
6360 4571
6565 3821
1224 874
5138 2646
2906 2062
1247 885
5383 5474
5942 4256
1209 973
4198 3319
2977 2072
1345 865
6081 5206
6542 4116
1277 917
4032 3486
2761 2271
1432 831
5975 5371
5001 5407
1414 872
4262 3400
2844 2223
1440 886
7338 4753
5962 4627
1742 776
4290 3506
2904 2217
1499 879
7290 4957
6076 4786
1251 1066
4535 3515
3049 2304
1497 918
6668 5535
6952 4403
1461 955
4736 3421
3197 2265
1490 940
8320 4525
8696 4153
1354 1027
4190 3998
3216 2269
1337 1034
7564 5254
7237 4959
1524 944
4545 3751
3181 2311
1189 1210
7934 5164
7373 4954
1519 957
6212 3008
4305 1912
1596 939
7332 5541
6153 6067
1509 996
6651 2993
2970 2575
1504 1000
7931 5453
6184 6337
1585 959
4968 3886
3137 2496
1612 964
8417 5400
6660 5959
1435 1063
5481 3610
3266 2453
2029 814
8291 5836
7259 5515
1613 983
5767 3546
3497 2349
1639 980
8838 6039
6758 5935
1565 1022
5680 3697
3453 2384
1346 1139
8105 6719
7675 5349
1748 946
4272 4941
4054 2142
1467 1077
7403 7607
7745 5323
1725 975
5707 3990
3240 2533
1615 1039
8007 7079
8053 5157
1589 1079
4611 5037
3003 2758
1551 1103
8461 6846
7218 5712
1388 1222
5898 4086
3731 2468
1489 1135
8564 6899
8126 5487
1349 1286
5161 4585
3891 2438
1770 1048
7408 8045
7159 6376
1971 961
6243 3957
3852 2545
1763 1054
8479 7240
8191 5841
1711 1073
6265 3980
4092 2467
1385 1306
7661 8308
6586 7293
1545 1158
5447 4491
3306 2891
1508 1186
9080 7582
7246 6667
1353 1410
6001 4263
3719 2604
1416 1377
9465 7286
9093 5580
1701 1134
6033 4268
3865 2620
1911 1087
8760 8024
7632 6596
2121 1051
6094 4237
3550 2835
1945 1107
9015 8036
9213 5953
1809 1162
4793 5359
3703 2737
2196 1062
7342 7305
1707 1298
6478 4214
4084 2678
1549 1464
7424 7541
1619 1389
6109 4481
3684 2932
1687 1334
8302 7004
1556 1481
7434 3822
3960 2802
1744 1305
9338 6449
1733 1326
6404 4322
3817 2898
1962 1207
8465 7276
2019 1173
6708 4184
4112 2782
1776 1363
8235 7760
1731 1407
6107 4603
3911 2970
1541 1601
8061 7889
1761 1404
6095 4623
3997 3051
1839 1361
9609 7236
1850 1350
6089 4778
4011 3105
2036 1231
9248 7639
1874 1371
6561 4474
3065 4118
1886 1381
8885 8331
2054 1256
6182 4803
4445 2899
1755 1546
8809 8509
1925 1423
6191 4825
3594 3578
1976 1378
9587 8037
1958 1413
8406 3733
4362 3033
2570 1125
9828 8664
1838 1528
6715 4589
4109 3232
1805 1573
1795 1606
6944 4423
4473 2974
2081 1380
1739 1659
7609 4110
4111 3253
1954 1488
2116 1367
6809 4647
4071 3288
1901 1536
2626 1148
6247 5218
4919 2714
2393 1226
2027 1436
7082 4667
4113 3340
2272 1290
2115 1382
6718 5029
4669 2927
2376 1250
2256 1310
6938 5016
4247 3274
2123 1391
2127 1406
7052 5089
4458 3119
1909 1572
2104 1430
7009 5137
3691 3749
2164 1395
2136 1468
6508 6114
3756 3735
2412 1315
2396 1328
7579 5314
4080 3494
2538 1299
2922 1156
6706 5986
3917 3680
1791 1813
2676 1249
7924 5154
3912 3720
2486 1340
2237 1519
6765 5970
6144 2566
2153 1576
2197 1570
7372 5507
4619 3309
2113 1630
2202 1599
7127 5666
3851 4016
1985 1757
2064 1708
7010 5785
4625 3495
2370 1533
2518 1459
7809 5463
5399 3214
1920 1858
2309 1593
8127 5308
4732 3668
2204 1666
1921 1939
8438 5182
5296 3595
2258 1647
2311 1631
7830 5691
5346 3588
2046 1810
2422 1582
8537 5459
4416 4310
2231 1724
2111 1829
7989 6043
5022 3844
2177 1776
1897 2084
9061 5718
4972 3897
2077 1871
2435 1649
9504 5682
5012 3950
2791 1511
3173 1346
9417 6018
6007 3750
2275 1767
2119 1904
8552 6499
5299 4127
2219 1824
2519 1651
6908 8245
5059 4326
2327 1763
2956 1475
9912 5201
5558 4077
2932 1502
2721 1589
9673 6061
5780 3988
2716 1591
2613 1656
8579 6857
5511 4121
2489 1712
2416 1765
9128 6650
5340 4317
2769 1588
2562 1713
9141 6740
5646 4198
2578 1726
3146 1478
8312 7433
6183 3952
2465 1807
2395 1894
9697 6336
4951 4888
3116 1544
3613 1396
7949 7965
6224 4035
2673 1755
2916 1632
9344 6901
4822 5132
2468 1878
2656 1769
9456 6925
6330 4031
2818 1694
2437 1927
9559 6917
4909 5306
3660 1418
2809 1714
9382 7222
6274 4239
1966 2461
2679 1791
8891 7802
6002 4558
2331 2049
2523 1919
9557 8091
5929 4688
3094 1612
2410 2008
9693 8248
4811 5745
3013 1644
2516 1946
9748 8415
5604 5195
3001 1687
2425 2073
9900 8790
7478 3978
2403 2104
2494 2016
6423 4670
2700 1903
2647 1937
6804 4424
2098 2458
2689 1932
6665 4652
2550 2056
2755 1916
8268 3900
2319 2282
2575 2069
6417 4907
2730 1951
2632 2042
6327 5002
3059 1774
2725 2006
7018 4507
2580 2123
2703 2047
5840 5586
2423 2266
2822 1961
6582 4982
2248 2483
2767 2017
6632 5081
2579 2194
3163 1787
6609 5122
3269 1748
2421 2353
7040 4761
3203 1846
2701 2199
6806 5036
3292 1899
3500 1830
6474 5331
2687 2356
3437 1859
7414 4598
3200 1996
2964 2175
7308 4691
2686 2421
3743 1820
7596 4611
3356 2009
3555 1947
7041 5017
2760 2472
3413 2039
7963 4517
2854 2399
2001 3674
7493 4908
3087 2234
3526 2011
6997 5204
3070 2257
2470 2814
7108 5156
3678 1974
3706 1975
7365 5022
3143 2258
4038 1945
7386 5056
3478 2188
3145 2383
7254 5177
3010 2490
3887 2060
7507 5436
3838 2089
2821 2657
7530 5427
3166 2428
3897 2094
6803 6148
3925 2093
4345 1941
7413 5717
3598 2222
3381 2400
7764 5597
3556 2308
2722 3042
9168 4884
3229 2526
3902 2202
7818 5582
3394 2450
3121 2616
8399 5565
3383 2480
2949 2755
7905 5848
3129 2632
2903 2881
7758 5975
3662 2380
3582 2418
6833 6804
2934 2869
3630 2413
8083 5901
3359 2562
3147 2698
8084 6031
4616 2035
3321 2600
8066 6119
4610 2050
3700 2430
8099 6194
3901 2371
3649 2520
7670 6508
3125 2865
3422 2643
7769 6457
3412 2650
3226 2791
9109 5861
3514 2606
3139 2900
7600 6848
4378 2267
3807 2521
7986 6542
3651 2582
3300 2852
8467 6426
3378 2781
3239 2921
8142 6801
3488 2746
3064 3178
8757 6552
4070 2504
3597 2721
9280 6241
3702 2662
3518 2807
8092 7163
4184 2502
3196 3112
9241 6383
3443 2916
3128 3245
8739 6829
3814 2705
4304 2514
8504 7136
3856 2701
4589 2402
7942 7689
4008 2676
3674 2909
8390 7318
4063 2704
3576 3039
9567 6391
4139 2718
4026 2786
7473 8270
3894 2917
3803 3004
9401 6909
3821 3009
3559 3212
9316 7031
3948 2984
4049 2920
9774 6629
4029 2943
5974 2208
9076 7342
4365 2724
3860 3086
9773 6666
4292 2808
4517 2682
9425 7069
4061 2997
4057 3005
9319 7873
4181 2953
3750 3244
9576 8157
4899 2573
4971 2559
3790 3273
3343 3760
3696 3412
4095 3134
4752 2696
4671 2753
4399 2967
5410 2516
4420 2961
3842 3396
6410 2286
3721 3534
3596 3684
4387 3058
4050 3364
3893 3519
4091 3375
4434 3120
4052 3462
4604 3066
4723 3017
4872 2994
4757 3059
4695 3113
4478 3280
5280 2800
4574 3219
4701 3122
4089 3636
5276 2822
4013 3712
4705 3152
5210 2892
3775 3932
3465 4254
4226 3633
4536 3371
4820 3182
4463 3453
4493 3423
4922 3127
4963 3118
3853 4011
5333 2978
5577 2904
4840 3286
4962 3224
4281 3789
4873 3275
4492 3583
4808 3343
4839 3331
5183 3142
4321 3825
4741 3427
4762 3446
5221 3201
4765 3471
4676 3539
4433 3793
4816 3465
5663 3021
4985 3376
5003 3426
4328 3994
4150 4200
4925 3549
4832 3629
6389 2879
5085 3476
5040 3512
4342 4067
4302 4133
4810 3742
5054 3560
4798 3792
4612 3919
5682 3267
5129 3564
5169 3562
5363 3482
5028 3694
4217 4385
5420 3455
5172 3613
4490 4108
3738 5105
5353 3552
6029 3257
5269 3630
4647 4048
5068 3801
4882 3931
5109 3816
4614 4166
5051 3872
4949 3929
6179 3302
6156 3324
5304 3762
6605 3143
5165 3843
6046 3398
5083 3894
5956 3466
5239 3835
5220 3852
5224 3861
5486 3759
5834 3589
5690 3654
5788 3624
5979 3548
5062 4008
4954 4093
5058 4033
5897 3617
5246 3936
5483 3846
5066 4091
6096 3579
5127 4129
5472 3934
6484 3460
5993 3737
4956 4328
5538 3955
5464 4006
4568 4841
5989 3880
6123 3823
5409 4148
5499 4101
6980 3372
5709 4017
5891 3972
4785 4804
5098 4486
5952 4002
5064 4545
5470 4267
4412 5439
5877 4070
5361 4355
4866 4871
5566 4253
5537 4273
5218 4561
5821 4188
5871 4208
5634 4292
5080 4860
6004 4211
6505 3943
5644 4408
5086 4917
5914 4308
5963 4312
5661 4511
6348 4102
6541 4036
5565 4612
5571 4616
5489 4721
6369 4134
6814 3914
5585 4653
6386 4146
6204 4278
5714 4622
5544 4784
6712 4051
6695 4057
6372 4243
4895 5479
7443 3755
6808 4015
6174 4383
5845 4687
6421 4270
6069 4564
5769 4832
5670 4883
5792 4874
5755 4924
6496 4367
6512 4356
5947 4833
7014 4058
5806 4932
6148 4681
6163 4697
6361 4542
9289 3368
6564 4438
6071 4901
5726 5153
6370 4656
6380 4683
6961 4240
5492 5390
6003 5027
6638 4494
5549 5373
7859 3924
6255 4880
6570 4659
6501 4790
5922 5262
6623 4720
6824 4529
7554 4143
5302 5828
7017 4389
5130 6021
5900 5362
6434 4921
6733 4754
5524 5742
6773 4732
6093 5295
7083 4445
6307 5124
5863 5584
6456 5088
6529 5050
7344 4393
7425 4377
6753 4876
6481 5126
6271 5327
7899 4225
7345 4476
7936 4221
6522 5144
6362 5267
6601 5085
5846 5792
7059 4743
8046 4266
6930 4920
7186 4751
6553 5301
6732 5139
6194 5617
6951 4964
5930 5885
6551 5361
8012 4350
7619 4608
6825 5159
6442 5520
8426 4264
7733 4573
7099 4996
6493 5544
7043 5045
8297 4351
7144 4992
6843 5269
5811 6184
7042 5131
7175 5082
6953 5237
8893 4258
8881 4271
9027 4251
5636 6533
7235 5174
7614 4971
5853 6425
7339 5161
6539 5853
7492 5114
6789 5658
8151 4870
6788 5788
8689 4594
7105 5509
6661 5917
7806 5107
5002 7955
7416 5447
8381 4984
7643 5374
7286 5615
8008 5171
7727 5353
8850 4843
7439 5608
8189 5263
7409 5731
7799 5471
7574 5644
6573 6443
8376 5183
8207 5302
7712 5576
7832 5532
7960 5475
8473 5196
7299 5899
8272 5369
8985 5064
7330 5966
8251 5461
7843 5704
8366 5434
7063 6227
8223 5547
6790 6537
8747 5271
7946 5715
7898 5822
7796 5882
8458 5567
8276 5702
8457 5610
8367 5710
7555 6182
8874 5465
6378 7491
7532 6215
8485 5737
7475 6339
7472 6351
7531 6311
8563 5764
8229 5942
9293 5395
8617 5767
9091 5563
7896 6176
8330 5985
6860 7200
8444 5919
7305 6679
7730 6386
8373 6050
7677 6466
8532 5967
8811 5842
6331 8108
7545 6648
7542 6681
7075 7150
9092 5782
9006 5826
7834 6470
7156 7108
9376 5673
9258 5762
8361 6232
9007 5888
9802 5377
7847 6574
9457 5677
9184 5880
8926 6032
7697 6821
7913 6669
8871 6102
9003 6029
8762 6163
8691 6205
9165 5989
8283 6556
8918 6197
9386 5941
9534 5924
7526 7389
8307 6718
8851 6404
9238 6199
8023 7013
7496 7598
9131 6288
7772 7304
9287 6262
7901 7285
9672 6038
9781 5968
9295 6330
9731 6042
7636 7711
6509 8784
8225 7225
8872 6708
8125 7317
9236 6546
8569 7068
8711 6975
9312 6566
7937 7738
8196 7543
7812 7859
9176 6747
9226 6716
9118 6819
8623 7248
9656 6422
9846 6173
9026 7039
8716 7314
8333 7726
9155 7032
9691 6549
9658 6677
8257 7964
9518 6839
9899 6123
9034 7448
9426 7102
9117 7474
8224 8458
9529 7340
9304 7613
9437 7486
9419 7536
8798 8230
9120 8022
9328 7877
8923 8286
9696 7584
7598 8815
9820 7398
9679 7694
9690 7742
8630 8641
9095 8466
9789 7761
9259 8436
9737 7939
9868 7506
9548 8225
9782 8528
9622 8700
1223175561 1647351560
1
sift 111
337 175
103 51
506 350
301 147
454 212
871 403
1106 404
591 310
540 411
1696 675
1140 501
698 356
732 347
1914 1020
1200 601
675 380
898 379
2505 843
1122 641
1048 377
868 497
2139 1056
1331 593
1297 573
1261 634
1973 1392
1467 773
1402 734
2504 722
1956 1415
1346 940
1313 1008
1852 898
2146 1531
1916 894
1884 1039
2415 1072
2633 1359
1838 1266
2716 1082
2990 1221
2761 1382
2550 1171
3179 1232
3789 1781
2475 1494
2921 1945
3150 1258
3971 2258
2709 1551
4026 1641
3036 1480
3805 2515
3817 1399
3229 1921
3181 1659
6039 2346
3460 1695
4435 2343
2970 1919
4163 3514
4111 1870
7059 2780
3740 2050
6001 2488
3703 2449
7299 3645
4071 2545
6109 3187
5511 2041
7574 3935
6286 2077
7609 2718
4713 2601
7475 3969
6274 2297
7291 3086
6542 2734
9386 3826
5340 3435
7830 2902
6224 3108
9658 4001
7041 2866
4973 4782
6806 3015
7848 5265
6804 3063
8417 3613
8268 2654
8803 5428
5962 3687
9677 4360
7963 2863
7598 6446
7507 3388
8313 6710
8696 3208
8067 3695
7408 8209
7308 3910
7758 4093
9382 6674
6632 5098
7601 4704
9576 4004
9029 4263
8467 5076
9316 4690
9609 4734
9319 5759
1223175561 1664374466
1
sift 965
35 34
57 57
20 19
401 259
159 143
65 54
73 84
71 55
77 98
523 356
343 219
103 79
141 112
123 92
115 80
853 562
493 331
125 87
208 125
131 94
129 109
964 737
925 523
149 114
227 157
188 167
147 134
1118 736
1233 792
203 116
257 179
261 163
155 152
1238 679
1056 988
194 137
304 216
266 177
184 156
1297 771
1550 841
228 141
337 243
272 176
240 175
1465 1142
1493 943
308 180
431 255
294 193
259 197
1603 1137
1680 897
278 200
416 262
301 195
279 204
1738 1106
1956 1340
221 267
454 307
252 236
328 199
1552 1296
2074 1594
270 223
451 332
237 253
303 214
3745 2091
2139 1587
357 194
478 327
369 247
353 235
3870 2139
2146 1754
363 256
591 396
528 311
391 264
3867 2793
2505 1574
409 257
682 378
634 336
367 283
4010 2809
2466 1633
387 279
644 391
596 355
438 254
4297 3285
2563 1701
329 315
540 470
660 437
414 274
4737 3470
2847 1623
459 260
567 516
713 450
468 266
5804 3304
2297 1949
476 284
675 457
950 476
488 305
5640 3382
2680 1714
411 372
641 477
871 540
486 325
6360 4136
2709 1921
533 312
732 447
731 677
489 357
7564 4666
2918 1874
509 363
799 438
913 602
506 367
6668 5503
3150 1820
562 333
746 513
978 609
545 341
8105 4801
3036 1936
475 411
649 617
1022 698
496 412
7338 5759
2629 2240
639 343
870 502
1161 713
560 401
8760 7173
3302 2322
531 443
767 561
1165 768
599 445
9465 6731
2930 2598
633 449
897 509
1267 821
795 407
3460 2429
692 469
868 552
1289 962
705 512
3740 2484
747 493
915 620
1584 843
729 507
3643 2780
722 521
895 640
1373 974
679 568
4270 2507
699 563
1048 569
1559 914
753 529
5072 3089
949 486
1030 647
1540 954
830 586
5148 3154
841 587
1268 592
1787 878
947 557
3563 5072
968 549
1219 636
1404 1109
1013 548
6542 3762
923 608
833 925
1405 1131
942 599
6140 4032
1079 545
1492 828
2072 852
1026 573
6076 4996
944 622
1230 1006
1869 945
813 743
7675 4431
1264 534
1390 890
1696 1091
1180 585
8696 4051
986 669
1402 940
1690 1104
953 703
7259 5024
993 711
1424 998
1614 1193
1141 668
7849 4767
909 806
1515 970
1500 1350
1070 691
6586 5894
1106 682
1517 1013
1692 1212
1140 681
7246 5511
977 796
1431 1232
1743 1199
1176 714
8126 5594
1150 749
1503 1220
1914 1209
1005 845
8303 6054
1173 757
1852 1153
1826 1384
1195 746
9338 6014
1200 802
2117 1170
1602 1634
1122 904
8159 7598
1415 712
1538 1624
1947 1393
1288 783
9248 7362
1224 847
2085 1344
1747 1609
1247 837
9828 8251
1169 921
2145 1474
2122 1391
1971 631
1209 977
2572 1343
2032 1561
1432 813
1497 786
2268 1488
2042 1595
1354 882
1388 869
2504 1377
2617 1331
1277 959
1414 885
2284 1523
2274 1535
1435 879
1725 778
1884 1937
2740 1308
1519 861
1429 928
2289 1628
1973 1727
1524 916
1615 875
2616 1604
2336 1614
1585 901
1613 911
2277 1792
2407 1696
1461 1002
1489 1007
2558 1673
2426 1695
1346 1103
1746 892
2173 1938
2380 1818
1305 1143
1770 895
2415 1778
2475 1746
1476 1066
1545 1056
2439 1845
2148 2014
1763 958
2121 858
2806 1698
2554 1738
1701 1044
2183 865
2990 1626
2535 1765
1467 1196
1911 1032
2250 2078
2633 1745
1349 1459
1809 1099
2736 1789
2906 1823
1707 1207
1556 1376
2434 2019
2585 2089
1839 1173
1635 1336
2937 1815
3305 1721
1687 1306
2036 1124
2958 1893
2761 2122
1733 1346
2393 1043
2707 2068
2857 2081
2115 1155
1731 1419
3341 1783
3049 2024
1874 1326
1958 1276
3476 1838
3054 2033
2272 1128
1850 1397
3491 1902
3216 1963
1886 1381
2346 1158
2965 2212
3197 2004
1954 1386
1313 2136
3123 2126
2904 2396
2116 1291
2104 1301
3762 1982
3181 2228
1901 1443
1976 1411
3447 2226
3497 2107
2164 1289
2123 1312
3789 2101
3240 2288
2019 1390
2922 1080
3862 2127
3089 2400
2136 1389
1838 1613
3673 2260
3137 2419
1739 1732
2064 1497
3744 2274
2971 2549
2204 1512
2113 1577
3698 2304
3234 2445
2370 1436
2309 1487
3610 2348
3676 2314
1897 1803
2231 1582
4032 2439
3817 2258
1985 1728
2721 1349
3812 2607
3891 2264
2818 1314
3013 1241
4864 2164
3353 2532
2673 1398
2791 1372
3439 2826
3719 2380
2119 1779
2700 1513
3391 2972
3684 2408
2416 1643
2801 1460
4046 2609
4162 2231
2519 1605
2077 1946
3805 2934
4092 2287
2523 1656
2219 1843
3971 2912
2878 3113
3413 1311
2327 1760
5468 2320
3459 2636
2916 1483
2769 1567
4502 2700
4112 2422
2716 1616
3116 1440
4163 2900
4247 2418
2177 1958
3094 1466
3449 3511
3903 2579
2468 1749
3059 1534
4262 3015
3579 2805
2494 1777
2360 1896
4468 3270
3959 2707
2632 1729
2550 1786
4736 3177
3911 2757
2516 1834
3001 1591
5481 3148
4011 2721
2403 1944
2331 2030
5767 3066
3101 3481
2425 1959
2410 2012
6212 2921
4445 2537
2755 1799
2932 1725
5161 3476
4362 2644
2227 2233
2575 2001
4906 3700
3857 2942
2421 2182
2725 1978
4968 3672
3141 3613
2686 2046
2580 2124
4905 3759
4111 2894
2921 1922
2821 1997
5623 3418
3565 3388
2854 1981
3603 1675
5707 3449
3912 3514
2647 2160
2579 2243
5893 3445
4458 3131
2746 2102
3838 1653
6039 3455
4113 3462
3064 1979
3070 2022
6281 3473
3691 3874
4038 1690
3807 1911
5898 3710
3398 4307
4616 1688
3166 2245
6416 3480
4619 3234
3257 2208
3383 2151
5097 4375
4467 3411
3797 2029
3526 2134
6033 3853
4713 3251
3229 2290
3010 2430
6107 3818
5399 2996
3630 2120
2903 2562
6478 3663
4732 3432
4589 1826
3582 2171
6095 3949
4972 3294
3350 2293
3598 2178
6001 4071
3851 4228
2722 2876
3163 2535
6265 3926
5574 3110
3443 2421
2696 3168
6404 3957
4625 3716
3726 2358
3321 2560
6561 3903
5012 3537
3624 2411
6156 1710
6243 4090
5511 3515
3139 2723
3359 2551
6089 4178
6007 3342
3821 2357
3378 2604
6508 4213
5780 3474
3543 2534
3226 2752
6944 3959
4691 4130
3514 2557
3813 2426
7127 3891
5299 3769
3518 2580
4899 2042
6191 4504
5558 3625
3790 2494
2934 3181
6820 4146
5840 3533
3597 2635
3399 2774
7609 3894
5578 3709
3662 2648
3412 2806
6809 4284
5942 3611
4026 2521
5974 1974
6247 4732
4416 4764
3894 2708
4382 2483
6081 4894
5340 3974
4061 2735
3930 2801
6708 4577
6537 3490
3750 3014
4671 2527
7082 4337
6224 3748
4492 2630
4050 2874
7009 4531
4822 4662
4399 2703
4963 2456
7290 4470
5669 4054
4574 2621
3128 3744
5383 6220
6274 3833
6046 2223
4387 2785
6715 5193
6226 3901
3914 3107
4705 2639
7924 4433
6423 4017
3893 3134
4029 3052
7579 4730
5929 4352
3842 3278
4478 2858
7372 5050
5604 4571
4434 2938
4049 3244
7830 4826
6337 4156
4820 2770
4095 3246
7332 5183
5962 4450
4839 2799
5040 2732
7615 4995
5001 5262
4013 3353
4741 2844
6765 5724
6665 4068
4873 2797
4808 2828
7989 5410
8268 3464
4493 3045
4814 2877
8292 5272
6583 4166
3465 3969
4765 2966
9418 4841
7040 3975
5183 2792
4762 2986
9559 4827
6804 4154
4463 3217
5508 2704
9456 5036
7018 4105
5577 2686
4335 3333
7934 5899
6997 4122
4528 3268
4985 2971
6932 6708
7596 3973
5333 2848
4925 3079
9504 5191
6806 4436
4003 3817
4962 3101
9128 5636
7414 4108
4150 3758
4217 3741
8421 5968
7141 4363
4647 3352
5165 3104
8552 5961
7507 4191
5169 3146
4832 3357
8564 6155
7493 4239
5057 3303
4612 3658
8503 6293
7237 4489
5083 3322
5028 3364
8579 6253
7108 4657
5127 3325
6389 2825
8007 6837
7441 4494
5834 3046
5654 3153
8313 6859
7745 4425
5483 3245
5304 3326
8417 6928
7386 4616
5472 3293
6980 2738
9673 6148
7041 4888
5409 3370
5891 3216
9015 6829
8112 4365
5821 3248
5051 3636
9697 6393
7159 5071
7443 2698
6318 3056
9677 6649
7218 5053
3738 4954
5538 3414
9557 7320
6803 5591
5788 3331
6505 3093
9693 7210
7413 5163
5363 3612
5224 3722
9900 8216
7530 5175
5537 3541
5220 3732
6153 6377
4895 3941
5769 3497
7905 4998
5470 3639
4882 4000
8191 4900
5126 3827
7345 2869
8399 4871
5246 3835
5464 3747
7758 5274
6361 3312
6814 3136
6717 6065
5877 3578
5709 3652
6660 6201
5690 3662
5963 3608
7474 5611
5873 3668
5871 3677
8092 5348
7573 2957
6004 3627
7753 5544
5993 3644
4862 4315
7488 5733
4053 5406
6123 3633
8083 5415
6541 3452
5098 4169
8066 5442
6712 3385
6778 3355
8084 5534
5979 3803
5644 3916
9093 4991
6626 3488
5714 3942
7101 6236
5361 4167
6421 3680
7769 5847
5566 4087
5565 4098
8099 5900
5294 4253
5585 4089
9319 5318
5914 3977
4723 4862
7600 6291
7542 3281
6121 3976
8504 5809
5238 4549
6623 3783
7670 6448
5145 4650
5755 4201
9773 5230
6255 4052
5571 4448
8757 5951
6501 3953
4446 5747
7963 6676
5792 4404
5900 4441
8390 6419
5806 4488
7083 3781
7942 7127
5947 4580
6093 4495
7342 8025
5920 4651
7425 3800
9609 6319
6148 4501
6364 4354
9316 6761
5314 5134
6825 4083
9425 6938
5667 4881
6638 4219
9576 6979
7236 3938
6174 4641
9890 6846
7733 3857
7859 3826
9400 8207
6863 4241
6370 4634
6553 4527
6791 4349
6872 4304
7175 4133
7043 4202
8893 3598
6859 4356
7059 4218
6368 4753
5811 5344
7017 4396
6456 4857
9486 3583
5302 5872
7799 4171
8008 4140
8042 4148
6551 5080
5977 5579
7614 4423
6733 5062
7806 4406
7697 4463
6788 5085
5175 6547
9258 3919
7409 4718
8985 4084
7643 4709
7439 4933
7299 5028
8457 4455
7475 4942
7574 4905
7416 5026
6789 5564
6766 5639
6843 5585
8189 4734
9003 4479
9006 4503
8617 4682
7843 5105
6824 5802
9007 4597
7712 5248
8251 4976
6661 6086
8747 4794
9293 4599
9802 4319
6790 6083
7946 5329
8473 5057
7532 5610
8367 5151
8427 5135
8307 5290
8223 5351
7220 5990
7677 5744
9091 5018
8532 5418
7545 5955
8872 5328
7896 5793
8569 5479
8871 5375
7598 6140
9238 5293
7555 6218
9656 5045
7472 6338
9457 5256
6422 7793
9245 5467
8754 5753
9529 5392
9155 5631
7496 6682
9386 5632
8997 5884
7847 6692
9731 5552
8088 6575
8711 6164
9820 5508
9781 5692
7901 7168
7156 7976
8803 6512
7834 7328
8257 7015
7937 7281
9236 6386
9502 6183
8596 6817
9658 6113
8851 6760
9518 6294
8380 7198
8208 7518
9193 6936
8630 7451
8804 7347
9757 6598
9437 7012
9548 7023
9690 6892
8535 8027
8723 7910
9419 7588
9470 7514
9493 7556
9679 7828
9304 8209
9843 7901
1223175561 1778338741
1
sift 247
12 18
54 86
115 239
133 271
55 121
114 185
135 214
155 279
172 284
190 337
161 419
176 356
284 251
374 523
163 488
253 421
205 373
491 495
183 531
218 539
228 428
640 1087
203 517
216 727
271 482
748 1556
363 376
315 526
292 473
2232 3259
285 518
331 524
353 466
2768 4817
298 581
236 784
328 551
3009 4512
384 457
334 592
303 594
3034 4614
312 585
372 564
332 566
3611 4820
352 533
335 700
349 612
3167 6350
440 745
423 527
460 574
3235 7001
420 806
385 706
486 877
3289 7250
583 823
445 993
533 803
4052 6976
599 782
544 865
550 860
3810 8712
588 1057
505 1013
611 1169
4596 7562
694 1074
662 1185
705 1097
5064 7615
722 1083
774 996
659 1205
5671 7230
699 1236
747 1136
685 1370
5915 7399
841 1054
1067 928
762 1356
5689 8052
830 1715
953 1301
768 2013
5277 8938
949 1652
992 1471
1172 1382
6116 8415
1026 1872
999 1702
986 1815
6465 9101
1636 2236
1380 1607
1224 1990
6513 9496
1731 2351
1072 2452
1381 2092
8122 8100
1687 2460
1345 2141
1416 2213
6547 9569
1839 2464
1489 2490
1551 2625
8181 8091
2115 2223
1749 2306
1472 2827
9470 9169
1897 2880
1795 2434
1805 2414
1808 3439
1661 2868
1655 2884
1985 3234
1761 2929
1547 3980
2248 2973
2054 2952
1744 3778
2036 3526
2202 3140
2027 3648
2321 3500
1905 4139
2327 3337
2309 3536
2104 3870
2237 3626
2287 3804
2113 3978
2385 3459
2272 4151
2406 3436
2460 3654
2934 3178
2340 4293
2664 3756
2503 4087
2311 4577
2730 3697
2687 4455
2821 3590
2701 4058
2518 5034
2686 4298
2489 4638
2819 4715
3146 3490
2530 4641
2299 6275
2516 4713
3290 3554
2777 4899
2711 4683
2494 5097
2854 4995
3087 4034
4185 3111
3596 4499
3244 3975
3166 4449
3413 4857
3294 4920
3833 4415
2679 6861
3441 6139
3203 6076
3384 5974
3951 5283
4251 4784
3660 5501
3454 6639
4446 4913
5090 4383
3582 6561
3526 6734
4998 5660
3661 6477
4005 6158
4798 6533
4090 6230
3368 7946
4954 6498
3814 6993
3479 8282
4701 6937
3787 8289
4335 7193
4757 7338
4293 7309
4158 7662
4816 7506
4490 7032
4537 7354
5145 7046
4759 7183
4518 8085
4765 7703
4481 8351
4895 7752
5726 6875
4630 9046
5278 8015
5925 7522
5028 8698
5162 8605
5507 8042
5361 8244
7098 6386
6653 7074
4815 9389
5464 8559
5714 8196
4901 9450
5792 8360
5974 8587
5131 9344
6448 8225
5538 9335
6426 8714
5989 9005
5873 9491
5899 9510
7006 8320
5900 9595
6570 9610
7472 9336
7075 9548
7854 9415
7545 9497
7714 9405
6953 9645
7902 9373
8370 9151
9469 9518
8535 9277
