1431199262 1647351560
1
sift 420
18 25
37 70
43 61
25 35
53 80
82 141
80 145
91 138
94 125
168 211
96 131
124 191
87 169
178 260
93 174
164 306
108 166
354 463
113 163
175 330
119 207
344 614
150 249
209 279
153 251
355 638
158 252
222 378
159 258
336 698
187 230
260 340
194 334
405 662
240 370
219 435
234 432
540 1010
263 438
275 417
231 480
656 1126
329 371
297 391
305 467
802 1239
392 666
323 510
393 643
1296 1245
466 557
435 584
374 684
1013 1764
445 631
385 725
390 778
1251 1557
467 660
446 711
488 690
1186 1752
458 808
502 697
471 864
1459 2075
557 762
559 816
563 823
1389 2292
575 921
553 935
646 766
1288 3611
636 887
560 989
580 948
2206 1895
742 794
647 986
631 1048
1651 2816
642 1146
630 1110
706 1063
1602 3336
693 1166
673 1387
891 944
1961 2478
751 1443
790 1165
740 1401
1773 3777
817 1214
975 1088
820 1297
2109 3079
1042 1206
865 1285
873 1264
2264 3356
915 1539
928 1196
846 1365
2369 3264
1318 1141
964 1395
784 1770
2615 3990
956 1611
923 1470
959 1502
2792 3837
1073 1511
1014 1512
985 1584
2839 4793
1024 1697
986 1610
935 1756
4347 3475
947 1897
1035 1596
1123 1476
3337 4597
948 2072
1164 1431
995 1724
3007 5489
943 2465
1144 1573
1109 1757
3573 4538
1163 1824
1275 1555
1086 1825
3570 4758
1116 1941
1131 1785
1111 1831
2803 6610
1464 1636
1117 1861
1189 1977
3684 4866
1259 1898
1197 1987
1351 1801
3533 5184
1369 2121
1283 1891
1198 2125
3391 5599
1947 1463
1341 2034
1424 1905
3550 5969
1505 1917
1457 1955
1441 1980
3904 5681
1353 2198
1406 2150
1190 2526
3419 7217
1578 2284
1431 2122
1440 2119
3891 5951
1233 3230
1380 2260
1607 1939
3803 6235
1490 2671
1326 2503
1554 2169
3353 7977
1399 3216
1422 2375
1545 2187
4175 5893
1669 2979
1428 2376
1480 2401
4632 5469
1762 2673
1567 2326
1541 2413
3716 7528
1720 3292
1534 2472
1937 1868
6371 4282
1759 3206
1674 2241
1471 2895
5805 5761
1837 3225
1573 2602
1601 2523
5206 7233
2093 2823
1610 2562
1709 2508
5463 6976
1808 3523
1723 2489
1775 2629
5707 6771
1846 3512
1648 3126
1622 3638
5183 7965
1867 3543
1833 2878
1841 2886
5216 8095
2063 3153
2219 2304
1914 3239
6554 7774
2004 3436
1908 3463
2103 3013
2020 3449
2123 3094
1817 3831
2167 3287
2315 2737
2237 2977
2119 3545
1897 3771
1727 4224
2188 3601
2107 3293
2288 2960
1918 4710
2033 3597
2141 3408
1826 6351
2748 2388
2108 3628
2909 4057
2445 2945
2124 3709
2688 4702
2216 3524
2479 3007
2586 5048
2182 3715
2068 3979
3397 4048
2117 3937
2280 3767
2864 4993
2473 3398
2115 4358
2896 5088
2420 3702
2373 3823
2859 5213
2287 4061
2391 3839
2810 5535
2179 4563
2164 4598
3346 5006
2136 4729
2729 3445
3727 4596
2411 3980
2671 3762
3011 6199
2400 4338
2521 4110
3645 5114
2566 4192
2439 4582
2948 7304
2646 4208
2812 4076
2945 7467
3020 3896
2773 4254
3012 7575
2504 5004
2915 4223
3674 6510
2472 5218
3041 4420
4492 5412
2724 4962
2946 4618
3511 7542
3256 4160
3288 4284
4024 6130
2855 5061
2643 5648
4966 5135
2901 5175
2996 4984
4088 6091
3258 4579
3156 4848
5385 5539
2795 5625
3239 4987
3929 7841
2895 5773
2981 5733
4555 6627
3440 4825
3158 5455
4606 6629
3302 5212
3326 5174
5306 5780
3058 5742
3313 5221
4748 6720
3547 4799
3411 5207
5987 5296
3371 5375
3507 5123
6231 5319
3352 5624
3222 5929
4763 7109
3403 5572
3159 6167
4334 7904
3723 5092
3778 5301
5051 7832
3390 6137
3856 5347
5008 8048
3594 5806
4079 5100
5300 8018
3833 5491
3486 6288
5390 8152
3880 5590
4070 5425
7928 5589
3410 7164
3546 6698
5902 7506
3750 6132
3415 7251
4970 8291
3580 6750
3858 6032
6627 7025
3998 5800
3554 7104
7994 6935
4822 5063
3842 6354
4483 5561
4466 5602
3753 6898
4225 5919
4034 6293
4287 5878
4659 5610
3794 7155
4026 6756
4515 5923
3953 7061
5430 5180
3991 7083
4198 6849
4113 7032
4643 6172
4342 6702
4280 6911
4087 7416
4263 7207
4879 6139
4461 7022
4216 7573
4528 7094
4229 7672
4523 7319
4746 6981
4408 7597
4451 7579
4119 8146
4350 7803
4605 7419
5035 6754
5324 6465
5083 6854
4985 7095
5432 6391
4964 7277
5282 6888
4832 7619
5667 6395
4805 7972
4928 7820
4791 8029
4958 7819
5199 7797
5446 7826
5375 8123
6115 7051
6379 6843
6784 6534
5606 8076
5920 7691
5883 7881
5798 8191
6066 8080
6348 7934
1431199262 1789068863
1
sift 963
376 480
195 341
18 26
28 47
29 48
25 37
686 943
320 382
31 40
117 165
35 77
37 66
774 983
447 421
43 60
168 196
94 124
47 62
997 1347
395 533
53 84
206 275
93 149
57 83
1074 1388
500 590
80 128
248 349
108 152
83 138
973 1790
1003 1148
87 136
306 437
112 183
96 120
1448 2169
2250 2484
91 135
364 465
150 199
113 147
1893 1719
2468 3960
119 171
335 528
158 216
124 166
1653 2331
3151 3618
142 172
330 569
161 232
132 197
1847 2895
3165 4163
146 180
405 519
177 271
175 187
2085 2583
3380 5232
187 178
415 632
240 364
159 214
1946 3187
3866 4430
178 207
549 543
217 443
164 245
2547 3535
4669 4620
182 257
558 650
263 387
209 255
2888 3656
3924 5990
290 202
562 665
329 374
203 321
3017 4548
4459 5448
260 298
639 726
362 470
222 343
3374 4517
5290 4757
219 347
525 988
425 516
234 355
3695 4468
5020 6050
230 359
578 1006
392 578
275 354
3513 5987
5271 6545
318 329
674 944
445 561
278 418
4045 5133
4759 7721
299 406
656 1045
466 554
305 408
4535 5020
5675 6199
339 413
802 1118
458 583
302 495
4617 5062
6058 7374
323 442
711 1456
467 605
349 409
3443 7910
6444 7379
347 420
881 1160
509 701
344 458
4677 5621
6907 7601
354 438
815 1529
449 859
356 446
4373 7027
7311 7588
346 503
998 1429
557 719
465 416
4282 7275
403 513
1013 1581
636 806
345 640
6192 5469
393 571
1513 1127
613 922
374 595
5678 6137
435 537
1075 1551
642 992
385 633
5490 7214
402 621
1186 1549
742 873
462 527
5171 8142
513 501
1166 1815
714 1116
446 609
7781 6048
503 538
1188 1848
898 876
422 675
488 592
1168 1992
738 1069
502 628
471 688
1456 1677
914 1013
431 749
510 669
1459 1752
817 1195
501 790
634 608
1530 1747
872 1159
535 731
539 744
1693 1536
958 1162
647 648
559 766
1379 2057
915 1209
563 779
605 722
1359 2247
970 1175
553 805
580 822
1565 2032
832 1486
540 920
646 763
1553 2158
1200 1056
512 1053
645 798
1713 1929
947 1353
602 885
597 909
1651 2355
1163 1204
568 1010
675 840
2206 1736
1318 1137
659 866
630 974
1764 2345
948 1789
741 807
826 783
1961 2328
943 1817
734 912
891 772
2097 2193
1190 1374
822 869
701 1063
1988 2426
1259 1607
784 926
692 1095
1866 2624
1472 1491
895 830
724 1065
1930 2553
1245 1737
740 1186
790 1119
2072 2666
1298 1950
765 1183
761 1201
2109 2630
1570 1695
800 1123
847 1090
1889 3471
1429 1882
928 1054
865 1135
2369 2744
1505 1782
820 1178
961 1066
2252 3007
1490 1949
975 1060
846 1211
2263 3015
1353 2203
831 1280
788 1362
2091 3526
1529 1956
1042 1103
937 1233
2220 3274
1234 2471
924 1272
856 1383
2387 3037
1569 1941
964 1241
960 1281
2796 3221
1578 1945
935 1317
1006 1221
2615 3866
1280 2512
959 1316
876 1448
3700 3140
1542 2117
982 1348
981 1359
3035 3965
1399 2436
1014 1308
798 1727
3471 3717
1630 2267
980 1403
956 1460
3284 3962
1947 1834
986 1427
1119 1230
3219 4471
1965 2009
985 1458
871 1684
3945 3842
1669 2709
995 1467
1296 1151
3573 4326
1667 2750
1035 1507
1049 1457
3570 4351
1689 3116
1123 1371
1164 1351
3609 4299
1808 2891
897 1975
1144 1423
3519 4463
2093 2476
1131 1473
1109 1522
3684 4406
1837 2963
1222 1470
1275 1468
3550 5158
1867 2987
1055 1780
1048 1830
3705 4920
1836 3276
1197 1621
1116 1767
3587 5256
2119 2799
1093 1806
1145 1724
3457 5521
1918 3431
1202 1665
1117 1803
3942 4756
1826 3796
1251 1610
1351 1537
4108 4761
2188 3157
1239 1643
1189 1709
3616 5706
2190 3404
1408 1626
1341 1704
4123 5122
2302 3305
1198 1893
1221 1905
4756 4805
2063 4777
1597 1494
1154 2085
4603 5034
2371 4004
1309 1818
1232 1979
3377 7605
2311 4822
1369 1821
1381 1805
5160 4610
2579 4034
1404 1777
1462 1730
3814 6287
3202 3473
1228 2121
1326 2008
4467 5449
2688 4060
1627 1606
1272 2092
3961 6170
2859 3871
1406 1877
1440 1822
4297 6269
2909 3984
1383 1952
1545 1721
5632 5258
2810 4157
1380 1969
1464 1810
5183 5790
3094 3878
1425 1914
1441 1870
5080 6073
2586 4919
1691 1564
1534 1781
4593 6952
2558 5026
1384 2066
1607 1740
4341 7535
3055 4076
1522 1879
1431 2043
4770 6762
3645 3528
1422 2065
1428 2082
5216 6248
2848 4494
1434 2073
1333 2309
5506 5852
2948 4395
1480 2058
1541 2002
5805 5723
2896 4622
1512 2041
1571 1933
4504 7948
3227 4183
1554 2037
1646 1930
5235 7249
3125 4483
1567 2101
1580 2109
5127 7818
3706 3779
1471 2382
1674 2036
5481 7519
2886 5006
1600 2208
1752 1955
6573 6207
4352 3326
1736 2003
1790 1921
5968 7536
3011 4809
1677 2160
1573 2404
5896 7958
3397 4261
1550 2566
1710 2201
6023 8082
3182 4893
1233 3506
1708 2229
6906 7239
3320 4714
1648 2400
1610 2475
6720 7729
3746 4096
1902 2015
1650 2470
7315 8349
3012 5526
1612 2680
1807 2261
3727 4264
1762 2358
1723 2435
3330 5103
1944 2153
1775 2432
3511 4848
1759 2479
1937 2241
3860 4304
1622 2879
1656 2761
3849 4973
2199 2040
1875 2463
4089 4925
1898 2454
1841 2545
3870 5293
1833 2605
2288 2106
3641 5675
1932 2498
1720 2921
3658 5802
2001 2450
1727 2931
4213 5021
2248 2194
1772 2917
3674 5910
1810 2845
2219 2291
3969 5531
2006 2529
2012 2530
4281 5488
1899 2737
1514 3933
4379 5553
1670 3397
1986 2612
4024 6255
1908 2817
2005 2694
4278 5948
1897 2922
1817 3122
5068 5178
1830 3105
1942 2844
5210 5098
1834 3171
2142 2619
4164 6469
2036 2770
2092 2706
5233 5522
2141 2658
2166 2625
5120 5599
2004 3017
2029 2995
4417 6606
1871 3419
2135 2851
5103 5674
2047 3010
1846 3508
4747 6122
1969 3243
2123 2916
4380 7076
2482 2396
2083 3025
5148 5930
2020 3201
2061 3163
4382 7312
2107 3081
2108 3129
4897 6426
2068 3242
2155 3042
4412 7502
2167 3029
2315 2819
5703 5554
2035 3382
2602 2448
5300 6133
2237 2965
2033 3425
4778 7015
2207 3032
1644 4770
5384 6098
2176 3176
2117 3304
4598 7644
2216 3069
2280 2979
6014 5532
2479 2722
2124 3449
5507 6061
2136 3450
2241 3270
5327 6452
2748 2511
2435 2827
6231 5460
2064 3648
2378 2959
7117 4943
2373 2982
2115 3581
5018 7450
2189 3448
2182 3485
7148 5227
2332 3236
2179 3557
5190 7664
2337 3287
2164 3661
5390 7399
2391 3310
2287 3585
5987 6376
2674 2888
2660 2927
5902 6590
2386 3421
2420 3390
4729 8387
2575 3131
2473 3358
5709 6978
2521 3400
2400 3610
5753 6943
2424 3561
2729 3088
5374 7922
2632 3298
2771 3114
6164 6596
2474 3556
2743 3206
5740 7594
2523 3530
2445 3657
5377 8230
2767 3244
2281 4187
5363 8279
2379 3899
2671 3461
5651 7953
3173 2906
2623 3531
5689 8270
2384 3916
2439 3804
7536 6163
2383 3976
4346 2288
5476 8403
2471 3815
2512 3808
7241 7078
2812 3465
2525 3847
6420 8104
2316 4532
2646 3766
6238 8306
3133 3282
2620 3839
7836 8073
2819 3686
2935 3612
7653 8288
2736 3792
2485 4214
8173 7828
2504 4181
2855 3694
2472 4274
2734 3859
2614 4063
3025 3627
2634 4134
2946 3788
3307 3429
3258 3500
2845 3936
2786 4006
2791 4019
2863 3972
2722 4189
3041 3846
2643 4437
3020 3907
3231 3711
2719 4379
3070 3914
3037 3957
3156 3875
2915 4147
2866 4295
3014 4126
2669 4763
2996 4186
2970 4245
3603 3563
2985 4248
2809 4594
2864 4495
3090 4152
2901 4493
2851 4601
2795 4766
3032 4378
3046 4433
2807 4863
2839 4797
2857 4868
3288 4105
3302 4111
2986 4719
3130 4518
3256 4265
3007 4730
2921 4997
3159 4605
2803 5316
3807 3780
3326 4416
3344 4419
3337 4438
3390 4356
2712 5649
3136 4953
3158 4891
3440 4341
3208 4802
3210 4865
3222 4869
3313 4689
3598 4225
3783 4001
3218 4956
3507 4408
3346 4723
3564 4374
3371 4732
3411 4663
3537 4464
3273 4961
3547 4500
3176 5222
3403 4789
3778 4167
4075 3924
3565 4564
3726 4308
3535 4701
3237 5389
3766 4453
3373 5161
3780 4577
3438 5163
3255 5519
3352 5350
3145 5805
3594 4999
3529 5160
3486 5342
3880 4709
3763 4952
4079 4520
3541 5387
3661 5194
3703 5175
3579 5432
3347 5931
3704 5276
4858 4047
4107 4743
3697 5403
4034 4904
3968 5039
3803 5337
4456 4584
3999 5130
3750 5572
3502 6092
4632 4558
3842 5478
4040 5197
3554 6087
3794 5654
4031 5415
3840 5667
3904 5602
4070 5446
4099 5481
4342 5251
4408 5195
4175 5472
4198 5458
4875 4884
4466 5330
3858 6146
4492 5323
3753 6628
3716 6749
4030 5933
4822 5116
4751 5205
5463 4597
3583 7463
4966 5082
3906 6407
3953 6325
4562 5479
5108 5046
4094 6100
4643 5466
4612 5500
4087 6181
4374 5740
4879 5285
4287 5892
4351 5841
4263 6005
4280 6054
4171 6465
4080 6703
6371 4334
4483 6000
4555 5914
4244 6473
4415 6252
4724 5875
5150 5514
4102 7082
4216 6801
4520 6245
3991 7453
4816 5860
4335 6665
5099 5642
4458 6525
4301 6909
4772 6103
4450 6664
5197 5650
4893 5962
4528 6562
5306 5598
4605 6482
4591 6521
4126 7551
4523 6694
4985 5956
4174 7537
4054 7827
4683 6524
4850 6250
4657 6579
4805 6389
4503 6945
5432 5661
4837 6460
5177 6013
4984 6288
4728 6769
4350 7561
4490 7277
4763 6745
4767 6744
5946 5304
5206 6069
4589 7144
4444 7501
5280 6047
4324 7741
5100 6346
4723 7090
4964 6673
5526 5840
4755 7142
4916 6836
4864 6923
4619 7441
5282 6322
4928 6901
5446 6095
4774 7358
4584 7755
4742 7546
4791 7493
5105 6889
4902 7343
5035 7134
4843 7509
5077 7070
5375 6557
5199 6884
4746 7877
5455 6613
5369 6918
4579 8251
5945 5985
5405 6907
4832 7976
5237 7458
4914 8022
5769 6425
4862 8107
5430 7227
5287 7584
5556 7310
5714 6947
5421 7615
5797 6845
5278 7986
5854 6875
5393 7809
6072 6598
5379 7866
6385 6275
5842 7072
5883 7024
6379 6361
5920 7116
5562 7830
5841 7322
5790 7418
5761 7481
5475 8043
5655 7706
6153 6936
5948 7436
6522 6656
5928 7581
6103 7369
5737 7962
5707 8054
5867 7838
6145 7433
5704 8253
5450 8399
6989 6829
6554 7421
6533 7482
6037 8128
6945 7080
5872 8311
6545 7576
5950 8267
5798 8363
5996 8254
7166 6955
7252 6972
6019 8313
6558 7793
6314 8205
7884 6480
6776 7805
6221 8326
6637 8018
5694 8436
6736 8193
6060 8419
7310 7678
7088 7923
6974 8214
8150 7219
7375 8245
7767 8215
1431199262 1911602604
1
sift 601
201 131
86 39
74 24
65 29
246 179
141 94
112 51
99 57
352 217
185 95
106 69
128 56
476 241
200 104
127 74
152 77
504 358
180 124
142 83
144 89
571 334
207 141
177 112
248 140
1178 644
250 175
328 145
253 180
1062 750
273 203
274 188
287 182
1083 816
252 252
270 191
324 173
969 926
285 272
336 174
312 190
1130 922
343 234
321 198
323 212
949 1099
433 248
299 264
332 233
1070 995
440 288
347 238
339 254
1314 876
418 327
515 181
349 261
1418 850
517 337
415 230
543 202
1485 887
494 367
472 227
356 290
1719 889
474 385
402 282
458 266
1592 1094
453 421
383 307
425 325
1508 1218
702 343
502 344
509 342
1426 1335
567 451
568 322
535 353
1653 1266
599 457
505 430
563 407
1688 1271
588 471
577 422
589 419
1922 1492
703 530
656 399
620 444
2195 1396
601 608
591 464
628 452
2026 1823
838 519
562 525
805 391
2125 1896
925 551
639 539
722 484
1769 2312
944 634
659 548
714 560
2593 1678
1047 745
998 511
769 664
2547 1707
1009 777
835 648
948 609
2442 1834
862 953
872 673
858 718
3205 1724
1134 834
915 680
854 739
3518 1856
1343 792
974 684
986 677
3221 2209
1370 794
822 771
904 748
2305 3281
1165 874
985 713
953 741
2897 2624
1213 861
1032 690
981 757
3741 2504
1246 879
1035 738
971 764
3278 3719
1281 878
1006 749
1040 752
4536 2800
1105 1039
1014 770
1010 814
4349 2940
1322 958
1203 751
1397 730
3857 3354
1301 999
1046 847
1298 762
4867 3304
1260 1037
1084 875
1202 855
5078 3419
1532 934
1174 872
1287 835
4577 3746
1358 1053
1402 815
1441 917
5229 3629
1489 1067
1550 902
1264 1090
5695 3379
1848 1148
1383 1117
1710 951
3956 4624
1728 1275
1578 1087
1651 1059
4230 4458
1849 1257
1394 1165
1222 1307
7021 3296
1838 1282
1541 1140
1826 1019
4042 5144
1963 1238
1912 1098
1853 1134
5563 3961
1820 1400
1504 1389
2313 1050
6366 3716
1776 1671
1784 1212
1914 1175
6357 3751
2314 1554
1691 1343
1723 1330
6278 3975
2430 1561
1872 1260
1766 1349
6423 3990
2710 1486
1955 1285
1857 1405
6365 4042
2500 1596
2151 1281
1798 1467
6592 4303
2540 1593
1878 1423
2325 1241
7866 3879
2583 1708
1923 1454
2302 1328
7248 4107
2469 1771
2001 1461
2064 1445
6733 4378
2772 1689
1752 1669
1903 1613
6386 4818
2584 1860
2284 1437
2030 1631
7075 4809
2666 1892
2606 1430
1862 1917
7484 4629
2250 2338
2398 1567
2220 1664
6318 5534
2920 1914
2417 1598
1944 1942
7616 4906
2554 2164
2886 1479
2378 1684
7084 5401
3149 1990
2635 1586
2575 1628
7257 5385
2869 2177
2787 1594
2630 1647
8098 5244
3086 2083
2339 1837
2315 1901
7840 5701
2751 2332
2612 1692
2701 1670
8215 5925
3380 2077
2688 1683
1219 4557
8054 6647
3461 2184
2519 1861
2623 1824
7525 7807
3503 2305
2999 1687
2735 1925
8023 7334
3179 2524
3128 1763
3091 1836
3828 2264
3194 1804
2866 1971
3405 2479
2822 2071
2985 1975
3756 2359
2819 2150
3108 1981
3470 2501
3014 2081
3199 1977
3328 2696
2948 2142
3055 2096
3611 2598
3561 1865
2950 2182
3774 2601
3219 2078
3306 2030
4082 2480
3039 2192
3158 2166
4697 2424
3531 1959
3008 2282
3895 2765
3256 2172
3347 2153
3640 3015
3320 2180
3630 2190
4204 2854
4112 1965
3554 2254
3975 3039
3644 2251
3112 2550
3994 3065
3321 2437
3439 2423
4487 2780
3536 2411
4599 2079
3951 3175
4418 2159
3429 2571
3984 3275
3283 2704
3598 2520
4310 3063
3936 2383
4652 2152
4319 3169
4407 2258
3726 2535
4218 3283
4627 2230
3381 2826
4543 3279
5259 2176
3859 2682
3398 4400
3860 2688
4069 2594
3937 3857
3660 2987
4980 2403
6201 3179
3966 2795
4157 2723
4813 3870
3787 3049
4040 2865
5020 3793
4014 2882
4099 2928
5728 3454
3740 3343
5476 2471
5739 3674
5007 2653
4478 2920
5344 3928
4497 3068
4280 3233
5246 4014
4881 2909
4875 2913
6008 3721
4072 3435
5757 2586
5574 4021
3615 3873
5352 2857
5045 4357
4466 3357
4663 3244
4114 5481
5101 2995
4528 3340
8015 3238
4411 3406
4643 3280
5811 4101
4558 3374
5018 3123
5892 4206
6037 2684
4070 3696
6543 3917
5177 3220
4595 3525
7756 3592
5254 3189
4471 3630
6004 4247
5233 3263
4798 3499
6821 3950
5204 3325
4791 3545
7201 3827
5288 3285
4879 3534
5323 4995
6226 2858
4660 3668
6798 4025
5603 3182
5130 3444
6222 4277
4963 3549
4458 3822
4670 5767
4901 3631
5251 3457
4377 6371
6339 2907
5488 3371
7869 3860
5208 3555
5377 3485
5851 4845
5546 3387
5516 3403
6870 4254
4920 3756
6218 3150
6741 4319
5481 3613
4587 4072
6430 4706
5031 3859
5793 3468
7681 4102
6437 3211
4656 4114
6059 4989
5430 3718
4410 4417
6186 4924
4777 4144
7157 3173
6856 4752
5262 3999
5704 3733
6433 4996
7692 3035
4904 4275
6491 4986
5039 4237
5768 3820
7057 4756
5872 3778
5863 3791
8131 4297
6294 3635
7369 3273
7447 4936
5320 4108
5095 4268
7643 4872
5660 3958
5390 4130
6392 5578
5655 4004
5838 3915
7498 5108
5765 3959
5902 3904
5024 7614
5341 4261
5392 4270
7215 5273
5268 4415
6101 3894
7065 5368
7222 3539
7072 3623
5822 6389
6220 3943
6003 4047
7472 5238
5869 4142
5867 4150
6577 5758
7104 3694
6068 4068
7112 5513
6765 3863
6364 4040
5685 6807
7318 3782
5689 4488
8178 4803
6813 3965
6321 4188
6987 5635
6146 4272
6812 4229
6584 6327
7264 4069
6194 4578
8095 5303
6420 4448
7253 4089
7352 5774
6571 4386
6289 4641
6360 6609
6177 4746
6317 4699
7922 5517
7420 4140
6410 4644
7784 5690
5933 5025
6784 4535
7881 5808
6179 4945
6779 4583
7477 6317
6021 5042
6695 4716
7753 6175
6245 5012
6550 4865
8194 5627
6631 4828
6604 4853
7492 6673
5756 5469
6422 4977
8196 7377
7582 4438
7138 4773
6329 5242
7124 4806
7068 4832
7806 4486
7606 4674
7698 4616
6753 5157
7173 4951
5120 6911
6844 5151
7717 4765
6680 5323
7519 4888
6849 5229
7270 5030
7220 5052
7395 4994
7097 5161
7746 4964
7294 5191
7386 5282
7392 5288
5907 6434
6561 5806
6862 5703
7622 5310
7204 5543
7303 5548
7626 5389
6164 6433
8171 4947
6367 6265
6688 6041
6452 6369
6057 7033
7951 5499
8103 5456
7907 5626
8009 5614
7789 5819
6893 6590
8142 5569
7984 5733
8101 5651
7883 5999
6705 7298
6823 7413
8113 6204
6638 7708
7023 7634
8210 6135
7148 7811
8236 6509
8239 6778
8182 7777
1431199262 2046133546
1
sift 957
54 42
42 50
40 26
972 1087
474 404
57 40
145 70
125 85
74 41
1227 1007
567 495
110 67
143 91
101 101
99 74
1435 1024
703 553
112 68
201 150
141 119
106 87
1636 1430
930 873
137 80
246 196
157 130
126 92
1583 1780
1105 1029
142 103
197 252
185 121
151 97
1769 2101
1358 1077
133 124
228 232
180 145
177 142
3186 2218
1728 1417
241 134
258 230
207 161
234 159
3325 2475
2500 1799
248 168
379 210
253 207
326 152
4004 2408
2352 2058
278 176
376 282
273 219
265 189
3664 3013
3328 2793
328 173
316 423
276 233
213 250
3434 4153
5123 3143
287 200
476 310
282 243
270 218
4525 3509
4813 3953
306 198
504 337
317 228
324 203
4919 3676
4114 5154
336 199
622 358
285 279
312 220
4395 4274
5892 4342
323 222
571 395
343 248
321 225
6838 4750
8015 3644
299 269
686 361
320 275
349 244
7967 5812
4377 6343
332 253
892 539
322 315
347 272
7575 6823
5170 5733
339 278
853 600
433 285
356 286
6870 4606
415 271
1021 622
440 306
442 283
6491 5030
543 246
997 667
418 351
472 274
7045 4743
383 320
1062 781
494 390
458 313
7057 5149
466 327
1083 808
527 364
425 359
7881 5281
408 389
949 1061
453 455
502 366
7472 5607
509 367
1070 946
413 605
486 408
7112 6117
535 373
1076 995
599 469
462 438
7922 5863
584 355
1001 1106
702 402
505 416
7670 6378
501 456
1130 1022
588 489
568 392
8194 6590
563 421
1314 927
669 431
570 425
589 414
1418 935
601 550
557 479
577 471
1074 1173
746 593
592 490
620 484
1497 952
838 576
639 473
673 503
1485 1008
925 590
722 477
636 540
1218 1229
944 686
659 537
738 500
1719 1034
818 855
805 465
714 549
1508 1226
1017 744
634 632
723 621
1592 1189
1266 725
611 823
769 644
1426 1323
862 1016
835 603
948 562
1605 1257
1134 869
998 548
832 616
1653 1273
1165 888
758 668
757 670
1688 1318
1370 821
742 724
947 607
2494 1075
1281 895
857 655
847 664
1518 1604
1213 964
995 596
802 754
2037 1242
1343 911
986 674
974 681
1922 1648
1246 990
952 687
915 711
2195 1512
1322 1015
1075 659
929 726
2112 1655
1260 1063
854 768
981 736
2085 1717
1362 1019
985 747
971 795
2026 1810
1301 1057
1032 762
1010 780
2230 1749
1489 1055
953 824
1006 799
2625 1544
1532 1129
1131 765
991 879
2253 1760
2128 987
1046 861
1079 842
2125 1988
2078 1043
1166 794
1091 849
2231 1993
1623 1315
941 997
982 967
2593 1743
1848 1192
1517 714
1298 847
2547 1823
1849 1200
1202 880
1174 942
2535 1841
1614 1395
895 1232
1259 934
2442 1927
1741 1293
1170 998
1287 930
2706 1907
1722 1380
1154 1053
1141 1059
3205 1898
1776 1378
1367 938
1333 955
2843 2151
1820 1348
1431 941
1931 764
2348 2550
1838 1350
1406 985
1392 1014
2897 2244
2267 1180
1569 925
1240 1096
2305 2821
1963 1288
1480 1013
1440 1035
3331 2202
1704 1673
1441 1050
1550 1009
3518 2132
2740 1310
1222 1174
1428 1092
3221 2315
2314 1585
1505 1081
1705 959
3422 2450
2540 1859
1545 1078
1433 1140
3472 2454
2710 1793
1394 1153
1826 968
3374 2585
2583 1864
1185 1373
1578 1126
2708 3561
2086 2388
1332 1364
1651 1172
3741 2628
2917 1853
1504 1280
1710 1147
3559 2805
2984 1873
1708 1165
1686 1249
4039 2543
2554 2119
1613 1340
1912 1164
4502 2600
2920 1947
1606 1375
1914 1198
4760 2596
2666 2087
1695 1324
1856 1237
5437 2426
2608 2149
1691 1376
1723 1361
4349 3126
2469 2380
1798 1356
1935 1282
3943 3492
2695 2233
2072 1230
1927 1301
4536 3136
3120 2213
1872 1358
1662 1564
4295 3323
3271 2128
1766 1458
1784 1459
5078 3087
2751 2395
2036 1326
1808 1481
3562 4174
3086 2272
1955 1393
2164 1309
4230 3691
3179 2446
1862 1507
2207 1304
3861 4061
3924 2282
2251 1313
2161 1408
4479 3630
3461 2487
1857 1591
2151 1453
4577 3599
3470 2561
2325 1407
1918 1644
3956 4045
3074 3057
2182 1500
2444 1333
5255 3324
3611 2571
2029 1613
2021 1622
4442 3816
3828 2466
2064 1611
2093 1584
4042 4317
3405 2820
2216 1518
1853 1758
5229 3673
3774 2645
1903 1724
2252 1523
4730 3923
3808 2760
2001 1679
2136 1629
5241 3711
4140 2641
1878 1796
1936 1741
5158 3776
3756 2943
3174 1223
2158 1627
5139 3915
4082 2799
2022 1703
1999 1742
5260 4031
3895 3037
2254 1616
2220 1637
6357 3685
4662 2624
2302 1608
2284 1661
5695 3976
3975 3067
2398 1595
2141 1778
6259 3906
3994 3069
2088 1868
1944 2041
6366 3909
3951 3121
2606 1579
2331 1768
6487 3922
3984 3117
1942 2161
2378 1825
6386 3993
4871 2621
3038 1569
2313 1950
6278 4053
4218 3155
2496 1767
2315 1973
5266 5010
4487 3030
2521 1787
2417 1871
6365 4408
4697 2947
2579 1798
2886 1689
5468 5174
4253 3282
2688 1785
2519 1965
6692 4359
3985 3486
2859 1774
2603 1937
6351 4699
4470 3189
2660 1904
2575 1984
5962 5034
4204 3372
2701 1919
2567 2032
6150 5024
4554 3198
2909 1834
2693 1959
5627 5552
4319 3366
2623 2024
3108 1794
6733 4897
4310 3424
2671 2022
2999 1972
5028 6850
4906 3149
3091 1935
3128 1986
6080 5501
5685 2775
3204 1940
3210 1944
7248 4856
4294 3529
2787 2140
3041 2052
7075 4953
4543 3438
2866 2135
2950 2120
7484 4855
5089 3351
2819 2235
3193 2095
7084 5109
3832 4260
2985 2201
3055 2171
6722 5531
3937 4297
4501 1680
3184 2134
7257 5295
5024 3802
2797 2331
2948 2270
6318 6200
4722 4092
2590 2458
3306 2103
7866 5222
5020 3896
3194 2158
3347 2131
5678 7140
5728 3759
3352 2130
3050 2303
6423 6373
5036 4234
3008 2345
3136 2355
7525 5820
5344 4037
3531 2139
3330 2243
8098 5447
5271 4247
3678 2100
3219 2337
7432 5979
6577 3581
3480 2222
3842 2070
7490 5973
5739 3908
3439 2247
3158 2404
7804 5815
5574 4049
3561 2221
3320 2376
7840 5794
5864 3917
3373 2346
3420 2313
6839 6732
6798 3682
3450 2312
2809 2808
8231 5322
5045 4733
3849 2204
3630 2322
7546 6189
4668 5121
2903 2809
5595 1801
7861 6186
6186 3989
3227 2575
2972 2817
7783 6293
6969 3770
3256 2586
3130 2742
6977 7614
5323 4917
3536 2444
3180 2740
7886 6808
6004 4298
3283 2646
3440 2538
8023 6791
5060 5262
3906 2378
3644 2482
8215 7214
5899 4481
3429 2630
4627 2194
7974 7837
5811 4571
4407 2268
4205 2314
6222 4315
3071 3111
3321 2831
4445 6004
3829 2462
3726 2535
6227 4345
3804 2519
3397 2846
6543 4240
3381 2888
3112 3257
5816 4712
3860 2539
2862 3518
6821 4292
3969 2551
3598 2870
7756 3927
4112 2507
3684 2796
5851 4948
4072 2590
3960 2654
7869 3932
3087 3585
4821 2401
6111 5048
3859 2800
3510 3139
6666 4700
4673 2439
4157 2620
6059 5136
4069 2676
4024 2753
5534 5626
5259 2364
4418 2567
5691 5459
4002 2789
3658 3309
7201 4560
3814 3163
3998 3065
6758 4810
3966 3113
4791 2636
6395 5113
3289 3792
4299 2925
6433 5139
4030 3105
3840 3260
7681 4512
4281 2977
4980 2660
5822 5915
4040 3185
4862 2757
7215 5092
4599 2917
4195 3158
6741 5369
4434 3016
4816 2843
6987 5348
4099 3292
3615 3745
7448 5114
4497 3088
5233 2763
7170 5325
4035 3458
3787 3690
8197 4562
5554 2662
4070 3481
8178 4617
4859 3071
4466 3303
6360 5873
4280 3410
4881 3152
7498 5280
4643 3346
4287 3560
8114 5013
4458 3469
4411 3493
7938 5213
4901 3230
4301 3573
8095 5186
4656 3391
4379 3593
6584 6239
4478 3542
5101 3229
7065 5932
5872 2865
5038 3326
7765 5726
4664 3540
4728 3515
7235 6270
5257 3242
5757 2990
7352 6250
4963 3402
5410 3203
7492 6419
5395 3215
4587 3646
6857 7068
4875 3489
4747 3587
7868 6249
5516 3192
4746 3597
7981 6136
4660 3654
4430 3780
8131 6251
4528 3731
5254 3381
8140 6324
5488 3271
4575 3752
7700 7497
5208 3468
5606 3275
8196 7798
4663 3774
5863 3154
5251 3496
5943 3138
5217 3553
5731 3270
5177 3589
3945 4468
5352 3505
5018 3693
5250 3579
4920 3748
5157 3680
5430 3541
5140 3713
4916 3807
5377 3615
5481 3602
4523 4126
6159 3258
4879 3901
6226 3266
5268 3761
5392 3714
6573 3222
6037 3415
4798 4125
5300 3841
4777 4176
5130 3955
5341 3848
5793 3684
6350 3472
5095 4109
5390 3952
5031 4184
5039 4196
5546 3881
5450 3967
6288 3576
5288 4128
7563 3213
6574 3531
5704 3877
4904 4553
6103 3777
7692 3264
4236 5328
5210 4465
5212 4470
5197 4535
6437 3822
6501 3801
5768 4160
6049 4027
6101 4013
6024 4066
6519 3864
5979 4145
5956 4171
6040 4148
5867 4300
5902 4285
6429 4028
5869 4351
6283 4112
6068 4257
5382 4885
6021 4312
5120 5156
6271 4218
5689 4652
6003 4399
5655 4698
6765 4019
6542 4114
7689 3733
6364 4228
6179 4376
5937 4554
5741 4704
6813 4075
6329 4365
5765 4777
7602 3832
5928 4657
6827 4142
7157 4014
6812 4172
5717 4882
6198 4539
6245 4514
5660 4963
6397 4438
7104 4136
6321 4601
5456 5338
6571 4449
6317 4646
7408 4089
8201 3700
5916 4943
6314 4685
7072 4276
5933 4974
6995 4324
6410 4689
4949 5999
5756 5204
6779 4508
6194 4863
6380 4746
6715 4587
5907 5160
6007 5080
7174 4412
6177 4995
7222 4415
6506 4799
6890 4628
7420 4355
6289 4988
6294 4987
6452 4901
6695 4827
6420 5045
7270 4602
6533 4980
6876 4819
7380 4548
6615 4945
6688 4957
6844 4883
7283 4695
7361 4670
6550 5110
7253 4715
7549 4650
7147 4874
7264 4821
7806 4523
7002 5006
6929 5066
6958 5050
7519 4756
7582 4721
7844 4638
6617 5331
7693 4725
7136 5042
7369 4941
7097 5138
6561 5415
7747 4781
6676 5367
6051 5773
7547 4966
7375 5100
7274 5185
6164 5826
6800 5437
7698 4973
6403 5743
6788 5508
6680 5567
7717 5052
7124 5379
7760 5046
6705 5643
7173 5414
6753 5640
7392 5324
8009 4935
7622 5236
6604 5868
6014 6505
8041 5082
6862 5788
6801 5933
7709 5477
5893 7118
7971 5424
6997 6084
7204 5975
6948 6159
7789 5664
7294 6092
6057 7396
7746 5797
7907 5675
6823 6632
6677 6787
7955 5707
8103 5627
7945 5803
6909 6806
8101 5701
7951 5876
6930 6830
7138 6631
8032 5886
7799 6174
6638 7333
7296 6700
8113 6049
8076 6151
7303 7133
7148 7281
7977 6438
8239 5752
8142 6252
7744 6831
7346 7201
8014 6551
7984 6678
8184 6404
7241 7671
8210 6485
7919 7356
8221 7676
1431199262 2080441786
1
sift 2263
58 46
42 47
11 9
123 111
86 81
18 14
54 54
101 84
29 24
201 169
125 103
36 27
88 83
122 109
53 49
228 205
118 117
57 55
100 98
141 128
74 63
331 282
180 160
91 79
130 115
157 143
93 80
352 276
198 183
99 86
143 123
167 147
110 88
350 287
241 172
112 93
145 122
185 152
113 97
387 338
211 193
106 106
179 158
195 157
117 101
476 389
250 202
127 107
166 186
200 163
114 120
571 494
253 207
138 105
246 196
207 174
137 108
604 489
252 244
142 124
258 218
273 214
133 130
638 562
276 231
151 126
288 236
281 245
150 132
760 626
285 288
161 135
314 320
317 261
158 140
787 682
322 301
159 138
316 348
320 286
169 137
853 741
343 296
149 154
376 313
342 314
177 156
749 875
370 308
202 165
379 319
396 335
219 176
852 814
418 375
227 184
434 300
394 339
260 182
1008 797
436 427
248 188
439 315
433 316
230 192
1050 811
487 424
213 203
399 422
372 361
295 181
920 961
474 451
265 197
455 432
378 376
289 190
911 990
494 437
264 208
504 414
440 387
278 199
972 993
517 447
283 201
686 503
450 408
277 212
1001 987
637 411
274 224
892 666
453 433
286 209
1175 851
583 460
287 215
774 737
527 425
270 254
1070 932
567 496
326 206
1021 762
499 479
306 233
1083 922
586 490
299 250
997 790
677 459
305 237
1178 906
588 526
297 252
899 869
536 588
311 239
1076 1009
524 623
312 241
949 954
599 573
328 232
1039 1080
669 527
321 253
987 950
652 551
304 274
1037 1329
702 516
335 242
973 977
690 630
319 262
1227 1137
703 635
324 255
1062 916
773 560
310 279
1130 1226
746 659
323 263
1214 852
782 607
333 264
1349 1094
838 680
329 270
1067 981
732 725
345 259
1218 1204
944 825
349 283
1060 1062
776 745
338 294
1121 1338
862 890
347 292
1366 936
1058 609
330 305
1551 1035
1016 860
344 306
1192 1074
813 731
385 277
1418 1139
930 946
356 302
1314 1053
814 729
359 331
1286 1276
1047 903
446 297
1074 1343
821 767
361 354
1435 1188
1009 972
479 280
1244 1315
880 794
374 342
1268 1370
962 1040
415 324
1378 1341
818 886
402 353
1503 1241
1134 1014
400 358
1241 1453
1171 783
383 370
1590 1189
1165 997
382 377
1543 1240
1003 920
458 328
1426 1344
1266 965
472 346
1508 1308
1313 862
408 396
1614 1205
1005 1186
425 390
1469 1376
1305 917
431 386
1449 1415
1303 986
417 402
1453 1438
1105 1108
445 391
1618 1321
1246 1023
449 393
1501 1426
1281 1017
514 350
1739 1274
1370 1016
444 410
1797 1221
1213 1067
466 397
1605 1420
1307 1070
516 366
1828 1224
1401 1055
543 347
1637 1395
1260 1146
462 465
1592 1441
1343 1098
486 454
1719 1318
1322 1115
502 429
1560 1481
1444 1057
501 445
1518 1557
1511 1110
505 436
1653 1387
1301 1237
509 438
1539 1582
1532 1291
525 417
1636 1533
1750 1102
539 415
1497 1682
1535 1298
508 456
1482 1674
1683 1199
535 430
1909 1342
1489 1384
538 442
1593 1615
1716 1319
519 464
1585 1648
1698 1330
498 488
1688 1545
1782 1283
680 379
1583 1918
1896 1316
575 446
1616 1816
1558 1549
607 419
1769 1861
1671 1548
568 466
1746 1659
1623 1498
584 462
2037 1647
1337 1986
570 475
1706 1710
1666 1469
550 497
1799 1931
1848 1466
609 467
1985 1544
1820 1510
557 508
2112 1775
1887 1479
563 498
1922 1702
1776 1550
591 492
2100 1884
1741 1597
522 556
1998 1774
1849 1511
597 491
2486 1662
1722 1612
551 538
2195 1720
1838 1580
592 520
2221 1875
1728 1657
631 500
2494 1561
1963 1536
630 501
2125 1984
2078 1499
639 493
1827 2111
1938 1574
577 545
2230 1926
2296 1394
559 565
2085 1851
2128 1504
644 519
3107 1578
1951 1596
579 566
1876 2074
1818 1714
678 504
2867 1645
1758 2162
549 614
1881 2185
1939 1683
541 641
2285 2020
2740 1598
656 540
2026 2033
1864 1810
642 550
2561 1825
2144 1988
628 571
1913 2252
1973 1871
585 611
2611 1804
2314 1850
636 570
1948 2179
2150 1767
634 578
2152 2331
2086 2152
687 549
2007 2157
2266 1742
673 569
2217 2370
2236 2078
655 582
2066 2181
2242 1798
659 589
2625 1952
2583 1835
672 583
2761 1643
2126 1935
670 594
2255 2367
1925 2510
646 618
2231 2000
2250 1924
662 608
2774 1945
2351 2082
709 568
2062 2264
2618 1812
668 619
2283 2421
2838 1741
611 677
2253 2065
2500 2124
701 587
2593 2151
2604 2059
728 574
2438 2068
2608 2084
649 669
2442 2307
2191 2544
722 620
2328 2246
2540 2207
723 631
2706 2182
2554 2250
664 699
2499 2099
2920 2087
738 627
2645 2369
2698 2280
795 593
2432 2260
2772 2273
714 664
3482 1895
2666 2357
742 650
2547 2160
2430 2518
707 684
2843 2301
2917 2265
697 697
2535 2235
2979 2137
999 537
3088 2177
3149 2218
943 572
2967 1956
2984 2247
835 634
2715 2597
3677 1991
758 683
2348 2471
2468 2579
893 612
2544 2907
2679 2615
815 645
2551 2360
3241 2101
855 638
2925 2656
3086 2405
796 676
2832 2224
3047 2322
889 639
2912 2805
2751 2717
785 696
3418 1996
2695 2821
884 654
3186 2726
2882 2699
851 672
2778 2415
3380 2384
864 674
3168 2775
3120 2580
769 716
2835 2465
3327 2449
832 709
3201 2751
2619 3076
786 744
2708 2817
2869 2813
840 710
3221 2741
3177 2638
790 758
3205 2537
3271 2574
836 723
2994 3121
3056 3022
802 775
3033 2803
3226 2609
847 766
3455 2697
3179 2955
873 765
2968 3156
2419 3807
879 763
3325 2891
3074 3262
890 753
3721 2531
3072 3165
947 713
3118 3139
3470 2845
872 780
2897 3356
3866 2602
865 804
3422 3065
3154 3330
974 715
3374 2898
3229 3178
854 819
3224 3640
3521 2940
923 786
3518 2818
2652 3887
948 771
3247 3625
3135 3433
904 816
3472 2888
3503 3015
951 788
4004 3085
3461 3089
1013 739
3568 2826
3405 3150
915 822
3711 3353
3328 3250
955 795
3246 3208
3119 3500
1040 719
3299 3741
3578 3135
935 830
3792 2776
4871 2420
1006 757
3736 3403
3993 2862
986 793
3278 3312
3728 3100
953 820
3664 3481
3828 3053
1007 777
4045 2756
3924 2965
929 848
4117 3111
3464 3423
991 803
3559 3263
3967 2969
985 842
4208 3358
3774 3151
1035 805
3741 3098
3398 3551
998 832
3825 3656
4173 2896
981 850
3695 3277
3627 3374
939 887
3562 3935
3611 3456
970 871
3776 3463
3808 3278
977 876
3857 3649
3843 3274
978 878
4160 3243
3770 3343
1049 815
4987 2996
3333 3777
914 931
4502 3166
3951 3273
964 901
3434 4243
3735 3523
976 896
3496 3977
3890 3404
1032 866
4295 3470
3895 3401
1014 881
3978 3564
4356 3155
1117 806
3943 3700
3985 3441
898 995
4039 3584
3756 3613
895 999
3956 3883
4140 3335
971 926
5438 3023
3281 4151
982 927
3861 4077
2976 4852
1010 905
5198 3344
3539 3812
1200 782
4525 3749
3975 3530
941 994
4364 3744
4082 3384
1057 882
4042 4232
3396 4139
1162 821
4522 3684
3363 4230
996 959
3922 4486
3760 3765
921 1038
4349 3816
3984 3646
1272 799
5223 3589
3734 3899
903 1091
4282 3919
5473 2906
1061 929
4536 3973
3941 3800
1075 928
5673 3267
3920 3857
1226 864
4250 4267
4204 3756
1136 912
4165 4254
4597 3511
1144 908
4479 4056
5123 3357
1025 1033
5437 3513
3937 3930
1046 1008
4395 4159
4310 3780
1018 1046
4230 4225
3832 4046
1203 899
4200 4388
4470 3709
1145 943
4760 3898
4487 3597
1233 897
4692 4000
4218 3866
867 1270
4169 4499
4294 3738
1319 870
4274 4403
4758 3614
1123 971
4616 4117
4253 3787
1027 1085
4577 4165
4553 3789
1131 973
4442 4304
3980 4204
1168 957
5241 3769
4697 3764
1452 834
5078 3889
4639 3750
1166 964
5115 4035
4662 3808
1063 1058
4677 4217
5343 3504
1103 1021
4891 4206
5685 3324
1068 1069
5563 3707
4739 3841
1221 953
5006 4162
5396 3567
1351 904
4320 4616
4304 4226
1496 844
4730 4448
4319 4379
1084 1061
4464 4751
4389 4354
1234 976
4718 4545
4543 4253
1170 1036
5142 4174
4443 4325
1202 1015
4181 5160
4413 4438
1326 968
4206 5148
3538 5582
1360 958
4919 4443
5089 3912
1197 1032
4799 4590
3994 4958
1089 1118
5158 4367
4445 4503
1059 1187
5335 4333
3914 5190
1298 1019
4614 4954
4906 4176
1381 1006
4996 4655
4813 4357
1517 934
5139 4543
4358 4806
1407 998
5260 4527
4722 4493
1248 1075
4895 5079
5045 4630
1091 1215
5263 4551
5471 3989
1259 1076
5084 4963
5344 4482
1154 1164
5334 4755
5020 4520
1309 1078
5028 5024
5286 4565
1199 1168
5213 5105
4668 4911
1606 944
4302 6249
4114 5852
1255 1131
6117 4477
5982 3847
1280 1129
4376 6397
5739 4338
1374 1090
5467 5278
6251 3875
1323 1119
6259 4606
5245 5008
1464 1041
6366 4547
5271 4667
1354 1107
6386 4650
3908 6870
1287 1151
6357 4624
5544 4426
1353 1123
5961 5050
6551 4071
1368 1128
6598 4587
5576 4693
1333 1149
5881 5143
5590 4869
1240 1212
5521 5522
5621 4625
1212 1242
6487 4737
5574 4883
1220 1231
6440 4812
5323 5065
1237 1219
5825 5316
6203 4382
1264 1213
7029 4472
5728 4704
1310 1198
6351 5009
5892 4643
1457 1103
5176 5956
6186 4381
1190 1303
5630 5626
6222 4491
1367 1182
5661 5594
5137 5486
1441 1125
6278 5229
6201 4510
1341 1210
5527 5787
5886 4856
1222 1286
6150 5330
5397 5354
1195 1334
5687 5748
6944 4316
1379 1202
5627 6035
6471 4558
1345 1253
5796 5627
5864 5039
1439 1185
6365 5479
6173 4901
1185 1408
5868 5585
6392 4673
1383 1256
6692 5387
6395 4845
1505 1175
7846 4473
6058 4919
1480 1191
7510 4951
7500 4339
1120 1525
5647 6096
5821 5211
1410 1248
6205 6202
5170 6285
1433 1235
5726 6079
5691 5338
1348 1306
7075 5700
6004 5328
1440 1234
6089 5783
5965 5134
1580 1145
7078 5726
7110 4744
1402 1262
5924 5928
6525 4819
1394 1278
6722 6042
6543 5082
1388 1301
6478 5517
5851 5318
1125 1558
7350 5666
5669 5865
1550 1195
6015 6068
5534 5681
1459 1252
7256 5728
6227 5403
1279 1422
6232 6014
6821 4734
1530 1220
6022 6894
5265 6633
1428 1310
6027 6357
4686 6965
1826 1047
7238 5813
6798 5219
1363 1375
5763 6716
5417 5930
1484 1277
7455 5695
5878 5882
1512 1254
6872 5630
7051 4687
1359 1406
7525 5743
6577 5357
1398 1352
6839 5704
6666 5122
1382 1373
6782 6450
7045 5208
1488 1280
6423 6018
5676 6160
1633 1183
7517 5899
6527 5531
1660 1169
5973 6628
6510 5418
1431 1358
7584 5870
6355 5653
1385 1437
6514 6335
5901 6054
1569 1266
7427 6080
6870 5415
1567 1290
7127 5878
6111 5937
1572 1287
7829 5875
6987 5402
1396 1446
7269 5974
7091 5324
1578 1282
7616 6163
7468 5204
1600 1259
6503 6671
6433 5817
1456 1409
6772 6920
7201 5409
1397 1468
7126 6123
7681 5124
1542 1360
6266 7658
7651 5286
1462 1456
6662 6619
5875 6824
1492 1434
7840 6259
6719 5918
1545 1413
7432 6122
7869 5239
1762 1207
7987 6287
6758 5919
1705 1239
6295 7255
6430 6234
1534 1440
7546 6813
6491 6363
1405 1537
7084 6711
6741 5968
1651 1333
7575 7004
7498 5613
1561 1429
6977 6979
7057 5903
1613 1393
7783 7135
7009 5981
1684 1328
7378 6766
6907 6072
1529 1514
7886 7069
6641 6336
1667 1365
6921 7296
6584 6442
1693 1340
8098 6837
7215 5904
1597 1460
7383 6992
7170 5999
1674 1377
7967 7199
6856 6369
1677 1371
7866 6798
7370 5948
1574 1493
8048 7297
6360 6958
1915 1223
7862 6830
6197 7172
1708 1355
8054 7382
6770 6583
1710 1356
7961 6971
7235 6318
1695 1367
8160 7377
6415 7404
1906 1272
8023 7029
7109 6471
1721 1401
8193 8128
6854 6959
1602 1529
7804 7340
7158 6493
1735 1405
7472 6417
2016 1238
8093 7963
7301 6414
1738 1419
7065 6873
1669 1485
7447 6304
1836 1345
6454 7568
1725 1458
6536 7288
1700 1473
7069 6993
1731 1464
7492 6433
1570 1624
7032 7121
1584 1626
7765 6213
1986 1314
7938 6291
1630 1605
6969 6940
1339 1954
8015 6256
1897 1417
8241 5452
1631 1630
7795 6573
1723 1540
7477 6649
1672 1604
7756 6657
1691 1591
7730 6495
1825 1496
7922 6505
1748 1554
7352 7027
1892 1462
7670 6823
1837 1495
7357 7087
1798 1524
7112 7437
1875 1490
8114 6284
1766 1567
7577 7107
2061 1392
7499 7155
2055 1404
8149 6430
1979 1454
7881 6884
1841 1546
8194 6536
1912 1508
7700 7409
1639 1736
8131 7178
1807 1579
7311 7952
1965 1483
7791 7691
1805 1586
7596 7955
1686 1677
8095 7428
2004 1467
7731 8096
1759 1625
8035 8097
1856 1569
1751 1667
1872 1594
1932 1555
1955 1538
2251 1396
1752 1704
2239 1439
1996 1563
1866 1656
2185 1477
2189 1475
2324 1432
1808 1715
1878 1678
1857 1692
2280 1465
1840 1711
1775 1773
1999 1609
2006 1608
1685 1896
2057 1599
1903 1688
1714 1869
1995 1633
1747 1854
1902 1713
2669 1311
1773 1839
1935 1696
1923 1709
2507 1399
2107 1622
1821 1844
2223 1575
2361 1506
2164 1607
2072 1661
1927 1754
1961 1737
1884 1832
1936 1770
2036 1707
1760 1962
1987 1756
2093 1703
2207 1638
2585 1463
1910 1881
1956 1830
2068 1738
2030 1799
2151 1719
2039 1820
2064 1803
2060 1818
1853 2019
2104 1777
2069 1823
1990 1880
1947 1933
2118 1800
2165 1748
2021 1882
1862 2061
2136 1806
2028 1907
2022 1919
2120 1837
2182 1802
2123 1855
2321 1712
2091 1890
2161 1841
2063 1953
2284 1759
2477 1629
2304 1744
2167 1865
2229 1829
2291 1781
2216 1845
2431 1684
2124 1966
2169 1943
2414 1717
2092 2006
2303 1862
2343 1828
2319 1853
2302 1878
2399 1790
2378 1827
2311 1925
1942 2324
2079 2139
2317 1923
2444 1796
2387 1852
1997 2306
2326 1958
2373 1900
2379 1939
2391 1920
2141 2212
2273 2069
2337 1994
2639 1758
2368 1974
2315 2058
2159 2241
2536 1863
2359 2043
2398 2001
2331 2093
2138 2348
2622 1848
2254 2208
2814 1768
2661 1847
2259 2261
2388 2107
2579 1948
2668 1885
2424 2081
2341 2219
2473 2067
2606 1969
2512 2085
2587 2029
2245 2409
2894 1874
2451 2209
2439 2256
2420 2289
2354 2386
2521 2191
2449 2268
2767 2008
2558 2176
2575 2173
2776 2042
2630 2143
2496 2298
2848 2026
1846 3365
2859 2049
2946 2012
2603 2276
2485 2397
2623 2290
2868 2100
2671 2253
3174 1961
2886 2094
3037 2050
3402 1864
2626 2327
3012 2091
2677 2319
2687 2330
2977 2147
2612 2414
2795 2303
2586 2442
2707 2365
2773 2339
2950 2236
2842 2310
3128 2127
3556 1911
3039 2211
2812 2361
2849 2338
2658 2444
2646 2451
3076 2221
2598 2496
2874 2336
2519 2588
2533 2575
3010 2291
3055 2267
2735 2426
2896 2364
2822 2407
3011 2317
2703 2474
2996 2342
2810 2430
2567 2612
3290 2165
2885 2412
2903 2417
2651 2564
2688 2529
2962 2395
2463 2769
3316 2168
3863 1903
2448 2824
2819 2490
2806 2505
3326 2229
3645 2054
3352 2222
2663 2653
2943 2473
2643 2709
3094 2440
3529 2190
3193 2413
3155 2447
3204 2423
3280 2388
2866 2616
2758 2737
3310 2396
2796 2727
3041 2568
2694 2835
3306 2418
3130 2519
3714 2196
3202 2483
2699 2865
3153 2515
2683 2895
2748 2843
3194 2509
3803 2189
3014 2654
2762 2852
2721 2894
3127 2641
3531 2404
2616 3131
3597 2381
2709 3002
2733 2977
2985 2770
3069 2731
3065 2738
3480 2445
3008 2795
3279 2577
3090 2747
2972 2846
3347 2546
3018 2808
2978 2870
3158 2740
3020 2856
3330 2604
3219 2691
3268 2665
3050 2867
2933 2972
3199 2736
3337 2635
2884 3020
3071 2881
3346 2648
3842 2389
2862 3095
3554 2532
3368 2676
3035 3005
3190 2854
3373 2700
3036 3039
3551 2592
3006 3066
3329 2765
3305 2796
3485 2659
3320 2800
4296 2314
3547 2655
3458 2720
4215 2355
3189 2982
4125 2394
3668 2614
3314 2890
3451 2777
3227 2994
3674 2631
3377 2864
3384 2857
3403 2863
3519 2799
3256 3045
3703 2673
3439 2878
3565 2789
2960 3428
3385 2976
3371 2992
3166 3229
3753 2694
2435 4189
3511 2889
3209 3196
3732 2718
3571 2842
3113 3332
3440 2958
3593 2838
3180 3244
3573 2868
3321 3107
3836 2681
3641 2840
3283 3200
3502 2993
3536 2970
3164 3380
3630 2921
3112 3495
3616 2968
3429 3146
2787 3782
3727 2875
3635 2959
3561 3017
3397 3183
3426 3168
3176 3457
3683 2960
4383 2551
4390 2566
3726 2964
3609 3073
3508 3172
3705 3008
4344 2636
3381 3363
3761 2990
2892 3853
3820 2951
3644 3127
3600 3177
3860 2939
3858 2942
4297 2693
3639 3176
4802 2520
3763 3064
3804 3027
3829 3018
3665 3174
3676 3187
3859 3025
3805 3079
3583 3320
3387 3521
3654 3266
3709 3216
3549 3408
3719 3241
3906 3077
3746 3217
3622 3422
3779 3259
4171 2967
3768 3285
3891 3173
3720 3342
3598 3475
4180 2989
3969 3158
4673 2767
4338 2920
3658 3451
3706 3414
4112 3063
4482 2872
3673 3468
4420 2923
3827 3329
3740 3413
3968 3204
4227 3029
3633 3526
3870 3305
4428 2941
3953 3272
4203 3099
3775 3455
4205 3148
3687 3570
3954 3352
4031 3321
4024 3328
4769 2900
3723 3586
3949 3405
4174 3245
4166 3260
4069 3331
3781 3566
3615 3715
4263 3205
4002 3402
4030 3393
5099 2814
3087 4531
4412 3170
3840 3565
3738 3647
4503 3147
4156 3359
4504 3160
4418 3207
4228 3333
4276 3311
4360 3276
3814 3648
4168 3416
3998 3542
4175 3448
4262 3400
4328 3368
4627 3202
4126 3502
4514 3282
4363 3378
4964 3094
4334 3443
3960 3671
4195 3550
4079 3612
4598 3309
4478 3389
3784 3855
3991 3690
3846 3821
4234 3560
4437 3469
3699 4006
4078 3661
4214 3602
4980 3195
4280 3582
4299 3574
4314 3575
3289 4776
4199 3658
4055 3751
4491 3537
3510 4446
4070 3752
5358 3102
4689 3466
4301 3643
3336 4818
5880 2876
5037 3303
4761 3454
4379 3636
4623 3519
4603 3540
4509 3615
3688 4353
4058 3896
4040 3918
5357 3203
3821 4167
5259 3301
4099 3893
4035 3962
4193 3832
3787 4292
4466 3711
5440 3239
4278 3830
3848 4275
4862 3553
4146 3940
4723 3633
4348 3819
4213 3932
3945 4211
3966 4192
4633 3687
3983 4188
5623 3224
5356 3394
4847 3627
4108 4089
5441 3366
4454 3865
4481 3877
4702 3757
4615 3810
4814 3719
4791 3728
4350 4015
4281 4076
3838 4591
4552 3884
4875 3710
4774 3771
4266 4127
4497 3963
4881 3726
4236 4184
4483 4001
4658 3874
4430 4051
3450 5420
5526 3492
4820 3823
4261 4279
4728 3904
4842 3836
4411 4136
4756 3906
4097 4461
4332 4241
4699 3953
4404 4185
4287 4310
4572 4073
4914 3863
4771 3952
5019 3802
4775 3976
4729 4020
4643 4083
4922 3908
5410 3664
4907 3931
5757 3499
4595 4164
4399 4352
4859 3994
5129 3835
4939 3959
3765 5256
5207 3827
4594 4260
4656 4240
4663 4239
5101 3911
6067 3458
4664 4245
4747 4169
4843 4100
4575 4329
3936 5041
5931 3520
5233 3869
5304 3826
4605 4342
4850 4145
5254 3879
4880 4120
5083 4007
4779 4269
4795 4274
4721 4326
4986 4093
4836 4234
4901 4177
4837 4246
4660 4374
4570 4466
4587 4479
4798 4337
4599 4487
4528 4560
5177 4060
4746 4417
4059 5154
5406 3924
4488 4671
4472 4703
5166 4113
4523 4654
5841 3703
4485 4713
4368 4857
5257 4091
6091 3641
5287 4099
5218 4153
5476 3966
5018 4317
5001 4346
3904 5536
5103 4289
6324 3609
5379 4088
5251 4219
4352 5021
5199 4293
5395 4137
5031 4425
5556 4048
4777 4699
4963 4523
5405 4198
5306 4307
5377 4252
5180 4397
5262 4373
5488 4201
5204 4434
5300 4375
4781 4829
5654 4062
5039 4596
5430 4301
5234 4462
5074 4586
4508 5138
5949 3925
5511 4290
5384 4390
5381 4393
5197 4568
4755 5016
5109 4692
5650 4229
4920 4893
5606 4282
4772 5032
4609 5191
4879 4940
5208 4657
5157 4716
5035 4826
5844 4105
4548 5298
5943 4080
5212 4742
6159 3979
5095 4867
6035 4064
4966 4981
4807 5159
5659 4356
5481 4541
4949 5028
6134 4043
5340 4725
4752 5276
5390 4684
5140 4926
5288 4816
5415 4688
4518 5550
4931 5158
5847 4324
5352 4783
4900 5207
6302 4066
5217 4949
5450 4752
5580 4645
5327 4927
4519 5677
6069 4286
6189 4194
5753 4501
6140 4262
5793 4506
5709 4593
5827 4522
6103 4351
4904 5444
6305 4271
5703 4670
6541 4107
5079 5292
5683 4708
5222 5200
5120 5284
5956 4497
6574 4125
5595 4847
5420 5014
5832 4601
6024 4457
5535 4922
5593 4881
5341 5146
6320 4343
6500 4228
5276 5253
5872 4664
5546 4982
5743 4775
6049 4528
4917 5595
5714 4838
5201 5352
5573 4991
5210 5391
5797 4808
5917 4735
5740 4884
5324 5355
6037 4675
5879 4824
5967 4761
5916 4817
5713 5006
5645 5073
5902 4858
4447 6515
5655 5084
6226 4656
6068 4778
5764 5018
6582 4445
5704 5094
6101 4785
6023 4855
6837 4360
5854 4994
6237 4718
6040 4860
6884 4366
5731 5152
6057 4889
5421 5509
5694 5206
6158 4844
5278 5656
5536 5396
5863 5085
6021 4948
6142 4899
5707 5257
6249 4832
5955 5025
6245 4835
5756 5213
5545 5458
6802 4516
5701 5287
6745 4552
5979 5046
5959 5076
6519 4680
6437 4757
6279 4877
5692 5321
6323 4874
7425 4283
6466 4772
7609 4190
5928 5172
5870 5227
6009 5115
6003 5126
6093 5058
5689 5419
6597 4754
5829 5302
6146 5068
6813 4653
6224 5019
6678 4739
5869 5310
6229 5037
6260 5029
6470 4898
5804 5394
6180 5104
6061 5216
7604 4349
6903 4700
6473 4976
5817 5482
5840 5484
6940 4731
6619 4915
7602 4418
6659 4932
5919 5493
6179 5270
5867 5542
6397 5136
6507 5052
6348 5185
6317 5214
6590 5063
5798 5631
6784 4972
5237 6469
6626 5078
6429 5220
5966 5548
6297 5309
6013 5527
7262 4758
6726 5075
6014 5558
6314 5353
6542 5205
6007 5579
7237 4825
6631 5180
6272 5411
6674 5166
6121 5546
6558 5238
5465 6314
6524 5259
7692 4602
6403 5342
7430 4780
5765 5856
5923 5724
7558 4724
6469 5340
6747 5202
6881 5131
6735 5225
6843 5168
7139 4993
6321 5511
6644 5297
6220 5590
5737 6075
6615 5361
7376 4943
6420 5515
6194 5637
6827 5266
6294 5587
6548 5421
6506 5456
5520 6537
5792 6099
6177 5707
6370 5586
6406 5578
7104 5176
6310 5651
6763 5378
7282 5107
6950 5288
6521 5561
6271 5756
5907 6147
7253 5177
7167 5260
5769 6388
6736 5520
6998 5347
7369 5155
5741 6440
6945 5389
6410 5720
6686 5566
6416 5730
7516 5098
6164 5927
6922 5439
6350 5815
7267 5281
5660 6660
6588 5646
6385 5822
6115 6071
6576 5678
6050 6195
7212 5356
6254 5986
7704 5096
7102 5433
7194 5381
6530 5770
6715 5657
6570 5772
5896 6482
6799 5658
6187 6176
6676 5746
5954 6454
7097 5541
6760 5725
6345 6066
6200 6290
6020 6512
7124 5591
7930 5120
7762 5248
6808 5809
7220 5570
6422 6139
5893 6774
7594 5362
6691 5924
6072 6599
6533 6058
6550 6065
6636 6012
7208 5619
6380 6295
7270 5608
6656 6008
6341 6367
6694 6022
6779 5965
6701 6044
7902 5294
7202 5712
6812 5993
7066 5827
7178 5775
7022 5867
6890 5967
6765 6088
7689 5504
6018 6899
7661 5534
6329 6561
7179 5807
6727 6265
7264 5849
7420 5758
6866 6190
6776 6296
6236 6863
7222 5896
7147 5944
6844 6273
7533 5731
6616 6490
6876 6286
6697 6457
6973 6212
7173 6016
7474 5819
7073 6114
7375 5905
8041 5497
7625 5820
6997 6343
7230 6120
7055 6306
7515 5920
7362 6048
7188 6243
7895 5672
7323 6119
7118 6301
7408 6041
7685 5842
6607 6780
7392 6086
6257 7222
5996 7577
7968 5684
7340 6227
7446 6130
8003 5663
7221 6326
7361 6215
7172 6378
7402 6206
6958 6605
7519 6101
7698 5933
7244 6365
6788 6793
7797 5881
6477 7079
7549 6111
8079 5664
7157 6494
6862 6781
7133 6528
7276 6443
7217 6481
7359 6386
7116 6609
7809 5985
8228 5365
7844 5973
7582 6270
6848 6932
7204 6646
8009 5872
6672 7167
6762 7082
7274 6630
7174 6743
7164 6779
7715 6320
6930 7046
8127 5848
6633 7360
7219 6812
7823 6266
7717 6383
6705 7339
7747 6360
7315 6758
6931 7142
7660 6511
7296 6862
7388 6769
7132 7009
7693 6513
8201 5762
8085 6081
6893 7317
6709 7508
7013 7232
7283 7028
7723 6621
7971 6377
7712 6653
6679 7696
7908 6507
7999 6412
8103 6302
7761 6725
7682 6857
7216 7291
7889 6634
7148 7429
8171 6409
7302 7499
7583 7208
7977 6814
7622 7225
7789 7051
7744 7102
7626 7261
7020 7897
8167 6562
7241 7717
7799 7171
7644 7356
7373 7652
8032 6915
7531 7511
7407 7667
8056 6910
7802 7244
7818 7265
8101 6913
7438 7822
7910 7351
7958 7329
7945 7344
8156 6961
7919 7395
8168 6941
7941 7417
7611 7833
7825 7630
8141 7166
8075 7352
8040 7539
8046 7548
7699 7997
8014 7764
8042 7817
8153 7619
7969 7930
8022 7929
8183 7637
8172 7750
8076 8055
8202 7697
8247 7566
