1472528885 1724217577
1
sift 1763
16 13
1 0
19 16
133 88
41 28
28 17
55 42
130 100
38 21
279 212
189 129
37 22
210 144
127 103
36 32
295 228
195 158
44 36
207 150
158 92
67 52
321 248
380 369
74 60
289 162
177 130
88 71
337 284
402 444
94 67
351 286
192 127
89 77
418 356
427 431
102 82
359 326
202 173
126 113
408 366
506 446
149 110
389 305
241 160
164 102
478 376
487 507
209 106
388 327
254 180
194 112
450 423
606 501
183 119
463 456
219 247
179 124
473 455
616 505
178 139
562 418
274 230
223 135
589 525
611 535
200 152
641 439
302 218
203 157
619 517
681 538
268 159
633 506
341 220
234 188
624 576
667 640
259 178
605 533
317 290
262 186
695 619
750 570
220 231
652 543
361 266
309 179
703 649
716 631
304 181
741 536
364 287
288 197
920 632
719 674
284 201
689 676
397 329
346 175
961 746
826 653
303 202
660 743
420 338
323 198
1128 836
804 779
300 229
840 672
486 310
329 207
1440 862
725 959
310 224
754 783
447 331
325 217
1490 882
963 751
301 258
890 775
424 373
314 254
1139 1072
900 820
316 250
953 785
482 360
333 262
1461 921
879 857
348 246
810 924
462 452
362 235
1433 1043
1048 908
332 311
960 850
558 413
426 225
1449 1194
1104 891
357 294
1089 901
599 449
374 275
1476 1283
991 1083
392 263
1083 925
581 486
371 303
1639 1314
1167 1019
412 297
821 1268
691 573
396 325
1708 1528
1232 1026
386 335
1123 1055
702 564
446 312
1669 1614
1230 1222
394 361
1233 1006
718 589
438 330
1715 1712
1296 1180
417 350
1115 1139
731 657
421 358
2056 1540
1271 1221
464 342
1160 1211
715 682
451 387
1771 1818
1502 1148
441 403
1506 1057
769 645
547 332
2337 1667
1191 1494
493 374
1341 1134
782 662
474 400
1963 1973
1498 1208
477 409
1481 1094
790 667
491 393
2333 1794
1575 1310
570 359
1554 1112
785 687
502 428
2334 1806
1329 1573
436 485
1408 1284
965 733
532 410
2494 1833
1778 1530
507 451
1267 1420
959 782
526 435
3228 1524
1389 1919
533 429
1999 1202
895 831
522 453
2268 1988
1775 1640
541 443
1843 1539
985 802
495 484
2255 2109
1816 1670
542 445
1346 2272
1127 736
527 467
3545 1547
2006 1619
622 382
2079 1615
1062 964
550 465
2491 1962
1878 1745
536 498
2011 1653
1090 1049
573 469
2580 2191
2208 1581
475 572
1803 1822
1369 900
524 524
3254 2171
2263 1588
559 489
2125 1627
1156 1046
538 516
2966 2346
2306 1646
607 483
2174 1901
1448 1076
553 534
2935 2462
1721 2144
637 468
2448 1837
1317 1144
563 532
2981 2668
2153 1788
610 508
2369 2047
1478 1309
587 550
3223 2948
1797 2283
569 581
3589 1787
1590 1263
643 510
3556 2753
2243 1967
671 499
2750 2291
1595 1288
627 561
3650 2746
2193 2020
644 539
2904 2216
1517 1360
628 588
3125 3176
2278 2128
722 537
2380 2771
1592 1306
669 606
3129 3258
2597 1960
709 590
2591 2528
1739 1224
663 643
3387 3052
2451 2356
784 551
2697 2458
1693 1256
759 578
3692 3416
2942 1998
714 638
3132 2347
1591 1357
680 675
4100 3005
2824 2152
726 627
2932 2742
1527 1428
743 626
4038 3114
2469 2482
800 598
2500 3449
1647 1330
604 794
3747 3454
2752 2333
746 659
3117 2703
1672 1380
812 608
3446 3882
2399 3394
756 658
3782 2399
1534 1601
664 747
4234 3316
2642 2950
829 615
3189 2759
1668 1569
775 666
3776 3807
3146 2516
797 678
3107 2881
1879 1437
866 629
4987 3102
2997 2711
843 644
3066 2997
1781 1592
925 651
3997 3842
3245 2626
881 677
3379 2920
1645 1864
848 697
4652 3604
2660 3241
839 701
3104 3208
1886 1677
857 700
4138 3913
2545 3483
789 767
3219 3408
1881 1721
791 772
3907 4247
3206 2719
893 717
3994 2943
2148 1567
872 730
4145 4051
2456 3806
916 723
3596 3653
2173 1580
940 716
4797 3733
2914 3055
861 755
3842 3386
2232 1767
859 757
4239 4036
3049 3137
809 825
3572 3709
2312 1723
873 766
4688 3801
3627 2705
885 764
4147 3320
2499 1661
871 798
4710 3886
3819 2625
929 762
3859 3679
2418 1748
945 760
4264 4412
2760 3635
817 859
3576 3924
1849 2266
886 815
4549 4282
3509 3034
869 824
4419 3314
1857 2277
932 776
4873 4123
3885 2744
958 777
4204 3493
3019 1556
1000 752
4340 4673
4197 2517
889 842
4644 3226
2473 1985
936 812
5455 3890
3102 3468
975 789
4122 3759
2122 2411
1080 724
4574 4648
3342 3344
778 1003
5080 3339
2603 1952
1014 769
5004 4332
3795 3002
899 860
4563 3837
2303 2370
877 896
4844 4548
3520 3310
915 881
5073 3669
2650 2214
1012 796
4786 4733
3696 3152
911 894
4060 4552
2459 2427
1079 753
5007 4567
3316 3611
867 948
5274 3772
2794 2169
938 893
4867 4940
3584 3451
926 907
5363 3827
3064 2108
996 899
6061 3966
3928 3347
1035 884
5064 4795
2375 2694
1057 854
4957 5012
2613 5123
1010 910
4717 5245
3140 2093
967 962
5820 4366
3825 3550
950 972
5450 4500
2574 2539
1061 871
5223 5443
4388 3026
1016 939
6138 4344
2790 2469
1106 844
5478 5160
4115 3409
1319 734
5882 4605
2707 2529
1121 843
5353 5485
4035 3554
1196 795
5712 4749
3263 2278
999 980
5957 4925
3184 4424
1078 951
5752 4929
2213 3518
1085 960
5532 5355
4231 3510
1178 868
5771 5185
3062 2466
1151 898
5529 5678
4378 3523
1125 929
6820 4574
2899 2729
1069 1012
5791 5575
3672 4180
1102 981
6033 5098
2820 2862
1066 1035
5842 5777
4000 3841
1053 1071
6126 5097
3283 2537
1206 923
6016 5686
3606 4484
1122 990
6257 5049
2805 3092
1301 876
5991 6163
4151 3863
1281 897
5169 6318
3349 2630
1177 963
5886 6304
3633 4551
1021 1156
6415 5083
3539 2536
1136 1014
7319 5674
3322 5030
1199 970
6900 4793
3130 2851
1166 1008
6646 6675
3613 4626
1171 1013
5025 6709
3427 2652
1097 1096
6211 7332
4757 3725
1259 971
6502 5404
3353 2708
1307 944
7429 6265
5312 3503
1313 946
6708 5327
2530 3737
1730 791
7721 6036
4052 4592
1130 1078
6763 5422
3115 2992
1546 873
7289 6604
4883 3896
1656 841
6677 5495
3441 2811
1221 1034
7267 6664
4470 4170
1274 1001
6420 5708
3915 2567
1239 1037
7130 7176
4680 4081
1112 1157
7476 5184
3550 2909
1216 1063
7101 7269
4402 4336
1219 1065
6587 5760
2969 3457
1168 1117
4217 4621
1280 1056
6720 5762
3421 3084
1255 1075
4250 4658
1225 1092
7204 5513
3652 2963
1883 828
4817 4196
1229 1104
6844 5803
3511 3121
1257 1088
4265 4740
1602 956
7026 5755
3226 3395
1256 1110
5681 3696
1197 1167
6694 5959
3186 3497
1351 1066
5153 4000
1355 1064
6570 6312
3783 3040
1211 1159
5020 4101
1208 1160
7231 5947
3619 3260
1162 1213
4290 4840
1458 1036
7123 6160
3916 2966
1295 1124
5013 4293
1471 1050
6307 7022
3721 3283
1275 1145
5012 4451
1393 1095
6262 7307
3406 3614
1533 1060
4919 4578
1292 1169
6859 6970
3821 3209
1262 1189
4655 4854
1378 1137
7567 6387
3775 3295
1394 1136
5141 4532
1303 1170
6610 7449
3918 3129
1357 1151
5023 4802
1263 1217
7514 6796
4200 3056
1343 1165
5428 4436
1268 1218
7633 7314
3922 3444
1283 1207
4827 5148
1311 1198
6969 7999
4057 3379
1247 1282
5050 5056
1298 1228
7837 7517
4356 3307
1425 1162
6180 4075
1360 1185
3933 3707
1367 1184
5293 4945
1350 1197
4693 3148
1226 1322
5648 4538
1511 1143
4229 3462
1812 999
5411 4965
1493 1154
4157 3610
1321 1249
4765 5734
1611 1108
4160 3616
1365 1238
5753 4654
1507 1166
3738 4015
1445 1205
5232 5310
1473 1192
4139 3713
1300 1335
5651 4856
1464 1252
4125 3727
1441 1269
5474 5050
1414 1285
4293 3647
1678 1121
6528 4317
1205 1541
4213 3779
1497 1251
5574 5259
1379 1343
5332 3060
1573 1210
5637 5201
1302 1410
4148 3847
1510 1259
6693 4709
1423 1317
4201 3898
1622 1212
5105 6188
1494 1315
4521 3808
1427 1385
7055 4584
1577 1274
4498 3883
1576 1278
5716 5562
1597 1273
4430 4090
1326 1500
4836 6808
1615 1266
4523 4082
1364 1485
5519 5814
1495 1377
4118 4540
1294 1577
5964 5359
1251 1658
4166 4516
1539 1365
4776 7006
1683 1254
4295 4380
1552 1386
6241 5226
1742 1236
4841 3990
1820 1183
5732 5712
1512 1446
4752 4113
1787 1226
5814 5663
1214 1771
4472 4423
1684 1298
6848 4966
1553 1457
4703 4285
1718 1297
5225 6470
2200 1091
4292 4771
2003 1158
5998 5699
1529 1508
4408 4805
1567 1489
6112 5600
1829 1258
5233 4071
1729 1340
5896 5775
1612 1476
5093 4186
1946 1219
6634 5350
1600 1504
4255 5079
1720 1387
6958 5174
1726 1396
5215 4210
1851 1316
6727 5304
1621 1549
4634 5000
1655 1510
5930 5915
1842 1345
4747 5058
1810 1381
5914 5955
1538 1669
4878 4932
1426 1759
5635 6315
1745 1463
5589 4191
1651 1557
6155 5812
1598 1648
5433 4357
1937 1331
6070 5964
1514 1725
5362 4587
1861 1394
6785 5519
1744 1502
4672 5405
1688 1565
7328 5228
1938 1349
5220 4908
1858 1417
5837 6267
1817 1450
5928 4255
1800 1484
5996 6225
1641 1652
5128 5099
1568 1722
7769 4997
2236 1232
5286 4975
1784 1515
6419 6151
1734 1568
6899 4004
1887 1439
6960 6068
1654 1666
6368 4239
1749 1579
6087 6891
1403 1921
5808 4678
2654 1111
6703 6322
1942 1431
6045 4848
1690 1655
6517 6538
1790 1589
7038 4289
1786 1634
7008 6379
2139 1398
4968 6059
2220 1353
6968 6685
1874 1593
5569 5377
1993 1496
6943 6826
2161 1399
5989 5084
1758 1695
5664 8025
1475 2017
5598 5486
2014 1506
7082 6928
1586 1904
6127 5044
1979 1536
7594 6461
1974 1554
5845 5406
1838 1689
7105 7445
2030 1562
6218 5197
2152 1499
7209 7506
2234 1445
6456 5147
1973 1617
7799 6655
1852 1708
5116 6622
2036 1604
6762 7967
1880 1711
6684 5090
2052 1608
7427 7551
1565 2114
6200 5648
1875 1757
7178 7771
2259 1513
6178 5802
2344 1503
7676 7549
2107 1657
6327 5737
2258 1564
2277 1558
5370 6978
2129 1659
1735 1954
6576 5725
1827 1882
1925 1793
7001 5570
2082 1702
2430 1507
7815 4762
1754 2006
2405 1560
6469 5954
2158 1710
1932 1873
6620 6162
2186 1705
2127 1743
6591 6210
2070 1791
2196 1730
6653 6194
2179 1751
2191 1765
6285 6563
2388 1663
2188 1773
6880 6271
2067 1852
2225 1754
6889 6282
1714 2238
2085 1870
7206 6093
2099 1863
2178 1820
7391 6125
2265 1779
1756 2280
6874 6552
2301 1774
2180 1877
6895 6561
2249 1838
1867 2181
6688 6777
2000 2022
2366 1783
7147 6519
2281 1855
2652 1637
6878 6858
2155 1957
2113 1994
7739 5983
2406 1812
2177 1969
7216 6617
2321 1879
2365 1854
7522 6420
1994 2140
2445 1807
7608 6341
2298 1912
2286 1917
7320 6798
2104 2082
1927 2299
7566 6755
2109 2127
1944 2305
7716 6778
2273 1976
2311 1971
7219 7613
1965 2310
1976 2312
7483 7680
2488 1876
2519 1845
7797 7926
2356 1968
2378 1956
2542 1840
2885 1681
2269 2068
2318 2061
2854 1740
2440 1995
2156 2279
2891 1746
2359 2103
2423 2066
2327 2158
2730 1860
2627 1916
2007 2520
2442 2121
2635 1941
2556 2015
2878 1847
2540 2067
2566 2031
2377 2273
2307 2332
2363 2315
2513 2148
2807 1933
2229 2479
2975 1911
2754 1996
2703 2026
2194 2554
2677 2078
2509 2245
2704 2065
2554 2201
3180 1867
2762 2046
2633 2159
2217 2620
2483 2354
2310 2518
2455 2393
3037 1972
2583 2267
2590 2260
2861 2074
2815 2131
2688 2227
2745 2207
2614 2320
2950 2095
2859 2145
2432 2526
2296 2725
3553 1898
3155 2030
2738 2286
2584 2406
2630 2385
3261 2034
2800 2292
2838 2270
3027 2187
3258 2076
2814 2357
3015 2249
3445 2064
2262 3080
2468 2758
3060 2242
2409 2871
2973 2316
3335 2126
2539 2695
2717 2487
3225 2211
2559 2678
2779 2470
3004 2350
3082 2326
3093 2321
2667 2579
2784 2493
2985 2394
3114 2331
3018 2389
2920 2435
2907 2447
2721 2613
3159 2359
3303 2297
3436 2239
2994 2459
2736 2643
3272 2337
2944 2503
2840 2595
3381 2307
2520 3029
3021 2486
3079 2477
2896 2672
3169 2490
2871 2702
3131 2542
3578 2330
3418 2410
3737 2296
2974 2734
3305 2494
2774 2927
3213 2559
3514 2416
3328 2492
2719 3001
3271 2576
3039 2752
3319 2553
2744 3063
2804 2990
3336 2564
3265 2611
3198 2647
3345 2572
2894 2924
3350 2577
3344 2586
3192 2683
3647 2445
3719 2408
3010 2905
3310 2669
3459 2597
3566 2544
3507 2581
2823 3159
3503 2605
3293 2748
2906 3086
2661 3432
3582 2585
3603 2571
3268 2802
3096 2949
3224 2837
2972 3103
3508 2681
2863 3240
3497 2707
3401 2779
3029 3109
3262 2938
3080 3117
3248 2964
3832 2566
3382 2887
3171 3076
3358 2916
3454 2889
3194 3089
3276 3036
2638 3826
3435 2957
3373 3019
3426 2986
3634 2830
3377 3021
3563 2895
3217 3160
4165 2463
3112 3305
3433 2994
3621 2863
3623 2868
3733 2796
3513 2980
3876 2690
3409 3070
3708 2846
3873 2722
4021 2624
3527 3054
3752 2870
3273 3294
3151 3420
4303 2488
3911 2751
3532 3064
3712 2919
3777 2882
3913 2765
3732 2930
3726 2933
3119 3519
2831 3805
3443 3189
3292 3341
3518 3141
3739 2953
3787 2921
4892 2362
3538 3178
3356 3342
3941 2831
3134 3661
3731 3062
4538 2525
3535 3280
3648 3173
3462 3354
3499 3325
3609 3215
3561 3275
3734 3106
3882 3000
3617 3267
3277 3594
3768 3138
3745 3158
3304 3603
3669 3256
3193 3708
3475 3445
3631 3333
3923 3033
3866 3097
3506 3469
3605 3385
3730 3263
4159 2853
3974 3014
3992 3007
3620 3427
3324 3715
3799 3271
3659 3414
3592 3491
3934 3122
3809 3282
4598 2709
3981 3115
3990 3116
4181 2959
3905 3232
3831 3326
3686 3538
3680 3552
4192 2999
3742 3481
4137 3048
4078 3088
4527 2829
4027 3169
3845 3390
3282 3907
3812 3471
3896 3372
4020 3247
4067 3190
3813 3521
4353 2995
3846 3535
3841 3561
4015 3352
3894 3526
3963 3438
3551 3878
4168 3257
3887 3587
3952 3500
4214 3245
4777 2906
3601 3874
4025 3442
3906 3605
3679 3839
4989 2835
4559 3068
3460 4019
3984 3558
4024 3530
3653 3892
4306 3279
3786 3800
4432 3206
4773 3011
4517 3164
4514 3184
4537 3165
4065 3560
3973 3656
4659 3118
4320 3348
2960 4901
3695 3935
4369 3323
4070 3600
4516 3259
3924 3761
3711 3998
5565 2727
4456 3365
3094 4851
4090 3671
4360 3433
4452 3399
3629 4116
4123 3674
4107 3682
4571 3357
4700 3288
4094 3732
4467 3501
4551 3465
3883 3985
4581 3447
3820 4060
2939 5407
6458 2547
4272 3681
5094 3142
3560 4431
4682 3439
4218 3755
4573 3553
4633 3539
4202 3795
4875 3360
4473 3644
4081 3888
4056 3916
4718 3506
4317 3750
4199 3829
4500 3675
4047 3957
4429 3718
4276 3790
3639 4509
4963 3382
4059 3977
4030 4022
4689 3609
4251 3859
4357 3824
4509 3762
3957 4141
3834 4358
3781 4498
5485 3167
4863 3633
4294 3945
4253 3980
4242 3995
5164 3478
4639 3811
4312 3984
4310 3997
4808 3742
4257 4040
4609 3862
4547 3900
4109 4193
3926 4495
4437 3970
3893 4620
4781 3821
4247 4122
5102 3670
3956 4524
4261 4147
4729 3914
5936 3200
4395 4127
4707 3958
4120 4406
4888 3876
4393 4161
3942 4754
4720 3991
4508 4160
4877 3949
4550 4143
4494 4197
4469 4235
5002 3911
4540 4201
3771 5322
5614 3578
4479 4272
5160 3845
4583 4218
4476 4322
4555 4261
4972 3996
4453 4381
4774 4125
4471 4391
4726 4195
5057 3987
5195 3919
4284 4676
4667 4306
4829 4184
5204 3963
4721 4338
4477 4586
4539 4501
4406 4645
4698 4397
4728 4401
5018 4177
3908 5551
6402 3450
4677 4493
4723 4452
4809 4386
4737 4453
4762 4433
4742 4471
4008 5426
4912 4348
4851 4407
5067 4248
4578 4730
5208 4135
5927 3747
4233 5164
5060 4300
5557 3975
5055 4365
5158 4274
4582 4895
5139 4319
5441 4083
4370 5125
5150 4312
5147 4323
4994 4496
4579 4952
5325 4200
4371 5206
4978 4641
5313 4302
5108 4504
5601 4085
5496 4167
5318 4321
4533 5178
4880 4811
4843 4855
4708 4994
5136 4607
5163 4582
4820 4978
3985 6046
5237 4547
5086 4695
5267 4520
5140 4652
4661 5181
5844 4076
5741 4136
4950 4955
7086 3702
5380 4546
5439 4511
4866 5182
5556 4394
5284 4724
5628 4367
4684 5425
4734 5403
5005 5085
5382 4680
5647 4392
5367 4723
6024 4156
6177 4088
5430 4700
4587 5642
5446 4713
5084 5120
4394 5905
5497 4718
6005 4262
5098 5167
5576 4639
5371 4870
4927 5384
5671 4562
6167 4208
5545 4736
6563 4054
6289 4169
5454 4847
4795 5605
5465 4843
5685 4611
5922 4410
5530 4823
5595 4765
5178 5232
5361 5039
5675 4707
5205 5281
5146 5341
4079 6884
5320 5179
5357 5128
6193 4363
5511 5002
5319 5237
5240 5354
5034 5602
4673 6024
6076 4529
5560 5008
5944 4646
6424 4340
5806 4789
5755 4852
6055 4609
6050 4628
6154 4570
5586 5072
5733 4919
4635 6230
5809 4888
4907 5899
5792 4921
5540 5191
5509 5247
5680 5027
6013 4737
6416 4482
5749 4987
6478 4450
5308 5511
7091 4198
5520 5301
4321 6925
6625 4446
5853 4989
5487 5386
6954 4303
5658 5243
5932 5003
4701 6541
5904 5071
5908 5074
6143 4930
5626 5416
5472 5604
5880 5175
5364 5766
6436 4833
5897 5227
4622 6926
5759 5374
5739 5408
6291 4968
6156 5059
6225 5017
6852 4657
7641 4212
6557 4873
6040 5234
7226 4513
6650 4846
6572 4924
6082 5256
5674 5609
6869 4760
5036 6492
6608 4948
6661 4933
6280 5200
6774 4942
6808 4922
5961 5480
5847 5646
5937 5563
5981 5530
6144 5428
5754 5794
6054 5557
5757 5835
5462 6239
7126 4938
6623 5252
6212 5537
7172 4962
6136 5649
6449 5460
6862 5209
6788 5262
5552 6291
5874 5903
7288 4988
6096 5738
6205 5667
6493 5518
5121 7140
6330 5654
6580 5484
6460 5608
6894 5326
6648 5492
7030 5318
6157 5880
6596 5620
7190 5269
6757 5538
6120 5945
6638 5618
6863 5482
6297 5846
6823 5541
6273 5888
6883 5515
5868 6286
6929 5533
6408 5850
6104 6095
7070 5473
6830 5664
6457 5893
5667 6678
6035 6253
5338 7342
6324 6003
7167 5545
6678 5847
6417 6021
6543 5932
6794 5791
6963 5720
6409 6062
6742 5837
6902 5756
6629 5936
6411 6118
6507 6060
6796 5877
6811 5874
6773 5907
7171 5715
6118 6484
6197 6423
6573 6159
6807 5972
7301 5713
6139 6578
6267 6426
7802 5159
7440 5661
5555 7495
6514 6293
6107 6684
6585 6250
7238 5832
7651 5525
6521 6351
6244 6654
7547 5677
6833 6165
6791 6213
6335 6613
6510 6450
5745 7425
6741 6310
6322 6711
6804 6289
7234 6045
6571 6607
7516 5922
7264 6266
7502 6143
6129 7486
7401 6307
7486 6233
6879 6786
7043 6632
7054 6633
7631 6090
7120 6588
6979 6714
6073 7646
7543 6248
6957 6791
7324 6483
7619 6203
6373 7451
7355 6521
7361 6544
6323 7658
6611 7400
7692 6403
7039 7148
7737 6359
6522 7660
7526 6699
7654 6570
7272 7052
7239 7109
7491 6862
7570 6804
7615 6760
7433 6980
7573 6821
7248 7215
7143 7353
7588 6877
7770 6569
7459 7149
7546 7011
7176 7433
7357 7415
7568 7163
7755 6919
7602 7228
7136 7729
7253 7700
7552 7454
7421 7647
7743 7223
7669 7484
7402 7793
7750 7388
6758 8063
7703 7693
7775 7615
7726 7930
7829 7635
7722 8013
7825 7952
1472528885 1735922398
1
sift 631
55 31
41 26
37 20
4957 4214
1779 1360
89 61
210 84
130 75
149 76
5820 4451
2278 1918
127 79
295 166
189 96
126 100
7101 6713
3146 1998
192 101
359 258
195 119
178 110
2824 2144
179 120
389 242
202 183
253 168
2752 2231
254 145
351 276
238 177
303 151
2607 2398
288 193
388 341
302 187
301 222
3102 3291
274 206
478 340
366 195
316 229
4883 2530
406 184
562 284
364 218
300 246
5012 3594
357 234
704 594
317 306
371 264
5013 3663
418 290
954 669
447 271
417 294
5474 4539
398 323
1089 725
397 331
464 298
5964 4500
420 327
1233 768
482 311
526 267
5732 5153
425 337
1440 773
380 369
394 356
4817 6485
374 391
1123 975
558 329
441 354
6172 4954
477 358
1341 858
581 332
533 333
6848 4522
502 359
1481 897
462 410
522 362
5814 5471
506 392
1805 1341
583 427
507 396
5998 5425
550 383
1715 1425
606 422
607 355
6693 5065
524 430
1771 1436
505 526
610 385
7082 5943
570 412
2333 1347
611 446
559 461
563 471
2174 1559
750 395
569 534
616 472
1803 1854
681 431
726 482
718 456
2268 1728
702 481
866 417
743 493
2369 1701
715 569
603 601
669 550
2591 1675
785 537
714 532
925 497
3132 1677
769 562
808 556
782 563
2750 1846
667 691
929 577
848 620
3022 2015
965 576
881 613
940 593
3066 2065
947 637
916 615
872 646
3391 2018
1104 636
809 706
877 659
3746 1929
1156 827
958 631
873 697
3189 2189
1167 832
899 716
1075 619
2932 2400
1502 746
889 750
1012 717
4234 2067
1498 794
911 755
1025 730
3223 2669
1090 1078
1122 727
1061 772
3125 3029
1528 1000
999 853
1085 801
3994 2479
1478 1063
1151 754
1195 752
3446 3710
1592 1008
950 1014
1602 696
3859 3330
1296 1202
1166 806
1053 944
4204 3082
1591 1067
1206 803
1229 796
4652 2849
1517 1130
1307 759
1280 784
3776 3646
2117 877
1247 844
1066 1064
4061 3362
1672 1100
1136 957
1425 805
3997 3428
1329 1655
1130 1013
1211 942
3747 3887
2173 1143
1393 852
1282 937
4621 3318
1775 1391
1275 970
1214 1031
3907 3942
1879 1318
1343 946
1298 1019
4710 3496
1886 1349
1350 1006
1360 1028
4860 3467
1881 1399
1112 1243
1150 1216
4549 3727
2306 1277
1303 1114
1292 1125
4797 3694
2006 1459
1477 1035
1493 1058
5004 3627
2232 1430
1654 967
1573 1020
5363 3557
1806 1683
1268 1190
1259 1206
5460 3511
2293 1414
2235 821
2003 890
4844 4032
2154 1542
1568 1104
1612 1105
5882 3526
2375 1468
1379 1214
1416 1235
4867 4297
1816 1845
1552 1212
2159 954
5053 4222
2473 1530
1529 1275
3176 789
6186 3945
2193 1784
1553 1362
2513 951
6203 4251
3064 1690
1817 1204
1749 1274
6677 4019
1857 2721
1979 1185
1973 1221
5478 5311
2794 1868
2519 1049
1598 1548
6720 4537
2707 2043
2220 1178
1571 1604
6694 4764
2628 2110
1932 1331
1994 1298
6570 5155
3062 1917
1800 1460
1690 1566
6914 5105
2756 2080
2000 1408
2107 1356
7429 5194
3140 1936
1880 1516
2129 1410
7289 5746
2805 2167
2152 1403
2311 1364
6646 6491
2997 2085
1786 1680
2186 1444
5915 7999
2773 2334
2101 1519
2137 1513
7267 7108
2642 2527
2281 1471
2067 1613
6546 7921
2287 3144
2070 1697
1847 1885
2820 2464
2440 1626
1925 1930
3980 1945
2113 1803
2761 1479
3206 2264
1586 2423
2378 1721
3353 2206
2273 1770
2156 1865
3441 2178
2854 1531
2285 1804
3652 2169
2215 1967
2483 1867
4057 2086
1756 2940
2377 2180
3427 2460
2973 1840
2774 1973
4290 2215
2657 2037
3246 1818
4035 2340
2736 2082
2784 2072
4157 2277
1927 3126
2007 2973
3915 2471
1976 3114
2896 2101
3775 2604
2944 2096
3161 2024
3822 2586
3335 1957
3459 1940
4115 2410
2840 2233
3293 2069
3245 3160
3514 2010
3020 2236
3933 2627
3171 2213
2920 2386
4160 2595
3131 2260
3192 2230
4200 2593
3193 2292
3708 2081
3676 3048
3443 2199
3409 2243
3825 2985
3249 2373
3377 2314
3922 2972
3733 2162
3194 2409
4000 2903
3329 2443
3621 2337
3186 3726
3726 2302
2974 2779
4139 2861
3866 2267
4159 2154
4293 2815
3649 2440
3934 2275
3469 3605
3497 2523
4452 2112
4148 3000
3532 2649
3535 2645
4523 2843
3669 2571
3617 2620
4430 2991
3518 2709
3845 2509
5128 2702
4690 2164
3730 2600
4498 3084
3981 2461
3620 2847
4752 2963
3831 2696
3846 2688
4213 3314
4025 2608
3094 3572
4151 3426
4120 2654
3841 2891
4521 3218
4168 2703
4056 2806
4201 3551
3434 3418
3810 3099
4428 3377
4500 2629
4015 2930
5411 2832
3876 3123
4547 2697
5153 3020
4317 2900
4876 2677
4680 3346
4726 2764
4179 3075
4703 3338
4399 2948
5409 2483
5020 3170
4639 2866
3942 3375
5093 3148
4257 3111
4357 3044
5433 3036
4109 3228
4707 2907
5023 3292
4865 2854
4514 3038
4841 3422
4251 3191
4094 3381
5715 2945
4943 2908
4092 3459
4634 3829
4247 3341
4774 3067
4402 4010
4972 2968
3893 3771
4908 3721
4963 3007
4609 3323
6180 3205
4494 3413
4218 3639
5142 3840
4550 3399
5446 2892
4300 4697
4272 3625
5055 3190
5362 3793
4337 3700
4453 3654
6241 3429
4742 3469
2939 5929
4929 4413
5267 3235
5465 3129
4043 5797
5108 3393
5149 3387
5010 4601
3630 5122
5084 3455
5598 4109
4759 3862
3560 5687
6127 3819
5140 3723
5325 3637
5928 3927
5671 3373
4684 4100
5845 4091
5226 3729
5284 3733
5294 4804
5320 3709
5162 3846
4968 5252
5583 3618
5685 3547
5808 4294
5655 3585
4674 4366
4911 5360
5208 3944
5371 3864
4011 6725
5520 3814
6037 3533
4255 6364
4304 5172
5136 4286
5569 4932
4474 5216
6076 3748
5716 4816
5361 4268
5576 4096
6576 4250
5550 4173
7506 3368
6456 4369
6881 3689
5248 4963
6223 4675
6894 3763
5472 4702
6489 4555
5944 4201
6026 4221
5574 5502
5749 4579
6493 4061
5988 5164
7516 3742
6408 4306
6469 4929
5674 4969
6929 4159
5930 5323
6572 4370
6330 4551
7219 4616
7070 4132
4866 6165
4655 7418
6623 4440
6648 4424
5753 5804
5708 5211
6151 4829
5589 6136
5724 5365
6519 4754
6785 5288
6084 5125
6449 4921
7109 5137
6532 4874
6118 5191
6228 5718
5757 5460
5383 6054
7608 4858
6514 5142
6543 5188
6762 5405
6773 5060
5364 6316
6327 5665
7090 4901
6460 5328
6688 5515
6804 5304
6957 5257
7068 5413
6571 5468
7091 5244
7716 4980
7573 4905
7459 5072
6620 5728
7043 5352
7172 5331
7566 5193
7278 5285
6244 5898
7509 5455
6039 6261
7355 5409
6889 5876
7568 5318
6807 5808
5914 6968
6015 6579
7264 5644
7391 5706
7472 5857
7320 5773
7206 5881
7552 5836
6874 6174
7739 5686
6488 7082
7753 5685
6285 7251
6685 6920
7427 6208
6765 6877
7003 6662
7799 5811
7209 6939
7335 6987
7364 6926
7498 7087
7685 6676
7521 7258
7178 7985
7750 7144
7802 6989
7797 7601
1472528885 1911602604
1
sift 236
75 129
225 527
97 139
120 172
117 220
335 660
205 408
142 200
253 396
438 651
271 362
272 442
277 477
426 788
312 581
284 496
288 518
582 1063
385 700
310 493
313 502
756 1322
390 769
336 524
386 587
932 1398
499 685
421 666
322 1027
958 1595
489 819
464 734
467 852
1300 2113
680 1093
542 839
466 1178
1423 2261
973 1371
636 1012
734 1141
1567 2426
1208 1953
758 1370
800 1382
1974 2710
1409 1768
803 1455
876 1656
2014 3059
1446 2179
945 1645
975 1614
2082 3176
1352 2452
1007 1578
884 1877
2181 3423
1380 2845
1059 1582
946 1959
2464 3262
2063 2815
1063 1627
939 2102
2440 4301
1615 4121
1168 1550
1133 1695
2859 3838
2228 2827
1136 1711
1188 1778
2721 4170
2057 3302
1182 1828
1228 1918
3519 3477
1851 5441
1225 1931
1272 1952
4048 2945
2258 4147
1263 2016
1257 2055
2359 6982
1730 6834
1239 2208
1255 2186
2449 6850
3050 3267
1190 2386
1727 1610
3192 5230
2751 3840
1311 2116
1514 1921
3079 5507
2690 4236
1153 2676
1252 2440
3297 5186
2890 4344
1428 2170
1439 2229
3455 5141
3808 3510
1621 1984
1306 2664
3726 4854
2564 5781
1688 2430
1375 3506
3694 5462
3329 4267
1746 2986
1810 3248
3409 6064
3426 4390
1726 3632
2066 3088
3866 5732
4274 4135
2080 3115
2030 3519
3840 5977
6616 2982
1920 3826
2169 3331
3905 6016
3430 5942
1896 4039
1823 4334
3956 6465
2983 7460
1891 4288
2373 3335
3833 7274
3060 7610
2365 3398
2095 3958
3934 7796
3419 7020
2227 3774
2490 3311
4510 6872
3677 6729
2140 4307
2477 3633
4134 7720
3225 8123
2249 4083
2194 4256
4863 7627
4095 6344
2356 4151
2410 4142
5255 7875
3984 6735
2807 3487
2509 4026
5833 7700
4392 6133
3269 3092
2717 3939
4361 6370
2775 4118
2710 4254
4528 6330
2850 4051
2593 4756
4360 7293
2972 4456
2860 4643
4848 6894
2814 4786
2883 4947
5447 7847
3478 4198
3514 4309
6621 7233
3109 5010
3532 4338
6088 7923
3377 4556
2821 5644
3017 5296
2715 6081
3577 4558
3631 4648
3094 5549
3332 5097
2813 6245
4051 4144
3449 5471
3046 6309
3294 5749
2975 6634
3431 5630
3477 5612
3605 5437
3653 5408
3357 5905
3564 5843
3955 5104
3887 5529
3318 7054
3777 6128
3919 5834
4102 5780
4199 5684
3562 7673
3995 6776
4192 6414
4477 5944
4701 5738
4467 6211
4047 7314
5320 5369
4143 7284
4137 7541
4661 6602
4337 7465
4175 7840
4888 6773
4336 8019
4712 7722
5047 7175
4808 7662
4926 7499
5184 7046
4996 7648
4922 7832
5077 7867
5578 8093
6110 8121
1472528885 1923562747
1
sift 104
478 273
41 24
179 107
406 129
2369 1158
691 271
477 274
524 311
1953 1782
702 332
726 387
669 476
4993 1712
769 434
873 516
667 628
4549 2263
1048 524
899 512
1117 608
4867 3825
1224 767
1050 708
1275 665
6646 6283
1090 1084
1298 765
1568 777
1775 824
1539 900
1881 1055
2232 1135
1599 1387
2113 1567
2278 1713
2736 1306
3845 1201
2628 1539
2657 1538
3585 1430
3980 1341
3131 1637
2787 1685
3928 1406
4690 1450
3775 1614
3427 1726
3669 1851
4200 1580
3102 2097
3518 1979
4115 1795
3825 2038
3686 2108
4148 1912
4430 1913
3489 2548
4357 2095
5433 1900
5655 2080
4841 2116
4300 2311
4456 2547
5474 1963
5715 2034
4494 2584
4533 2658
4752 2611
5149 2421
5480 2351
6241 2436
5724 2823
5604 2755
4402 3647
5668 2866
5472 3197
5845 3030
5361 3279
5162 3456
6634 2909
6543 3487
6469 2962
5716 3475
7173 3378
6848 3290
7419 3170
5757 4126
7391 3413
6456 3739
6804 3881
7566 3380
7069 3563
7773 4243
6172 4045
6618 3870
7335 5485
5814 4616
6785 4328
6889 4417
6814 4823
7109 5016
7082 5530
7209 7011
7815 6244
1472528885 2046133546
1
sift 117
97 148
335 715
85 182
120 183
111 155
582 1093
160 287
117 217
205 432
3519 3591
467 877
272 476
288 518
5833 7228
489 894
310 510
336 519
968 1233
421 710
414 813
973 1429
542 829
466 1244
1208 2125
636 1065
734 1188
1409 1887
800 1486
803 1652
1352 2559
876 1729
1007 1670
2063 2930
975 1821
1059 1725
2445 4869
946 2139
1168 1621
2751 4056
1133 1822
1257 1714
2593 5149
1182 1949
1153 2240
3808 3660
1356 1882
1225 2181
3706 4330
1272 2129
1332 2133
3357 6408
1727 1684
1239 2383
3419 6680
1228 2463
1255 2422
3430 7121
1514 2076
1190 2778
3984 7278
1306 2640
1424 3016
3833 7827
1688 2524
1726 3378
4030 7284
2194 3183
2030 3546
4392 7266
2249 3116
2169 3390
4848 7378
2066 3627
1823 4258
4595 7870
1896 4105
1891 4133
5936 7106
2365 3655
2490 3751
6088 7939
2140 4742
2095 4963
2509 3830
2410 4351
2477 4177
2717 3821
2533 4589
2972 4343
2850 4556
2883 4820
2368 7613
3109 5157
3173 5169
3332 5148
3017 5723
3605 4986
3273 5746
2975 7098
3813 5238
3955 4990
3211 6497
4656 4293
3653 5912
3734 5756
3887 5679
4102 5648
4192 6968
4467 6522
4701 6175
4214 7426
4739 6404
4712 6954
4143 7928
4626 7957
5047 7607
5320 7675
