167977404 413499319
1
sift 845
193 99
32 19
4 2
83 52
185 105
15 10
195 125
280 161
52 38
105 66
233 146
56 35
219 173
321 222
60 34
224 121
244 160
63 39
432 365
288 266
86 55
220 140
305 137
107 62
720 512
451 226
137 81
245 183
411 291
135 85
911 556
536 348
171 96
568 375
620 374
207 95
909 561
700 496
214 100
817 434
647 452
183 118
917 635
1167 367
169 149
828 465
634 562
237 122
856 684
771 490
298 167
835 494
761 521
311 188
1065 618
902 539
340 195
832 532
648 662
330 204
1041 650
875 617
346 202
927 575
1196 607
362 194
1137 612
855 693
355 216
991 565
1136 653
365 223
1048 668
1390 626
357 237
1071 615
1490 557
419 203
966 709
1256 1062
383 221
1075 655
1108 973
377 245
1246 619
1518 980
410 236
925 753
1352 988
417 233
1015 723
1400 1093
378 277
1080 700
1447 1237
359 321
1009 757
1564 996
404 289
1068 744
1829 1033
453 276
1150 724
1785 1157
433 288
1154 727
1844 1053
452 283
1090 773
1642 1457
484 297
1120 756
1821 1173
490 296
1111 841
1886 1353
489 298
1187 750
1814 1577
485 306
1296 758
2739 1202
547 310
1169 767
2503 1335
594 332
1105 1034
2298 1469
524 382
1230 780
2150 1811
621 353
1284 856
2408 1706
562 388
1222 794
2505 1679
691 335
1310 845
2257 2030
596 391
1219 814
2288 2015
622 376
1151 1063
2416 2085
579 405
1303 783
2624 1947
560 432
1348 989
2887 1861
731 372
1278 802
2395 2283
682 396
1344 1007
2765 2011
791 363
1271 842
2964 1895
689 404
1399 1039
3707 1913
600 456
1337 850
2597 2351
671 427
1360 1086
4035 1798
718 412
1227 976
3028 2114
712 423
1749 1199
3080 2419
643 455
1388 889
3465 1890
608 473
1480 1466
3135 2447
746 419
1444 921
3052 2314
709 446
2253 1179
3120 2463
742 431
1445 1057
3422 2272
675 472
1809 1486
3260 2430
757 441
1552 1073
3720 2212
798 440
2414 1776
4016 2231
587 603
1601 1080
3183 2702
773 504
2423 1856
3328 2637
743 627
1957 2452
3401 2559
812 629
2558 2100
3985 2399
854 589
2527 2523
4097 2252
1500 407
3265 2343
4333 2290
907 567
3376 2237
3489 2854
777 696
3361 2536
3647 2812
973 577
4451 2014
3763 2750
922 623
3826 2969
4521 2424
1098 541
4254 2254
3662 2975
1160 527
4142 3156
4066 2754
845 698
3462 3637
3239 3457
1171 540
4559 3074
4110 2842
1039 600
5506 2626
3609 3302
1072 585
4877 3069
4551 2675
1026 616
4905 2984
4361 2893
964 649
4726 3173
4329 2928
924 701
4005 3740
3542 3785
1159 610
4386 3524
4947 2616
1275 582
4010 3844
3544 3807
1095 683
4368 3592
4685 3002
1088 692
4712 3576
3808 3651
1180 652
5679 4663
4189 3363
1182 648
4152 5703
5166 2851
1053 759
6600 4434
4445 3280
998 800
6311 4830
4814 3076
1076 765
6095 5905
4286 3433
1618 588
6602 5755
4545 3475
1342 712
3917 4135
1404 743
4609 3559
1328 848
4826 3575
1417 779
4898 3402
1610 732
4830 3618
1286 963
4161 4223
1387 878
4503 4198
1034 1192
5030 3604
1629 742
5157 3860
1325 970
5047 3854
1524 809
5135 4010
1517 834
5789 3445
1575 822
5207 3966
1482 892
5443 3877
1430 945
5574 4323
1514 885
6239 3539
1338 1099
5867 4415
1738 791
6260 4062
1497 998
5219 5153
1812 846
6427 4260
1708 900
6051 5024
1587 1021
6529 6071
1839 874
6650 5395
1645 1023
1491 1113
1766 962
1508 1160
1598 1106
1646 1111
1733 1054
1594 1154
1714 1075
1901 983
1885 1016
2006 959
1705 1129
1578 1228
2060 917
1850 1069
1880 1061
1804 1116
1723 1184
1758 1168
1938 1067
1560 1307
1504 1362
1875 1124
1696 1250
1783 1213
1692 1266
1864 1172
1803 1216
1682 1281
1481 1468
2017 1096
2190 1013
1838 1238
1557 1431
1774 1295
1822 1275
2033 1166
1706 1385
1724 1391
2014 1232
1893 1311
1928 1287
1581 1585
2020 1254
2127 1197
2040 1240
1905 1354
2247 1215
1965 1427
2311 1234
2252 1267
2141 1320
2089 1365
1698 1758
2075 1400
2523 1243
1919 1594
2966 1115
2634 1220
2204 1371
2322 1337
2172 1429
2174 1435
2189 1437
2703 1251
2090 1485
2499 1312
1973 1684
2813 1256
2137 1520
2660 1299
2043 1633
2061 1623
2126 1579
2379 1443
2229 1506
2551 1390
1796 2056
2515 1415
2205 1569
2654 1384
2338 1503
2406 1490
2581 1439
2095 1715
2140 1696
2344 1559
2431 1515
2479 1495
2369 1589
3067 1319
2473 1552
2361 1657
3114 1344
2432 1645
2919 1467
2413 1717
2374 1748
2553 1653
2568 1646
2992 1473
2435 1727
2636 1640
2833 1563
2723 1615
2629 1664
2478 1745
2195 1938
2368 1823
2051 2141
2882 1571
2488 1768
2932 1546
2973 1550
2651 1726
2968 1617
2690 1760
2349 2001
2767 1746
2454 1974
2491 2007
3485 1497
2726 1882
2664 1928
3095 1701
2802 1848
2486 2078
2729 1908
2695 1955
3169 1680
2949 1808
2772 1933
2731 2006
2933 1900
2811 2062
2365 2448
2960 1997
2740 2129
3002 1973
2355 2497
2561 2320
2939 2039
2988 2020
2958 2045
3458 1754
2477 2465
3681 1699
3295 1843
2843 2172
2476 2538
2822 2300
2234 2933
3130 2053
3297 1943
3042 2191
3064 2173
3419 1942
3301 2033
3691 1849
4165 1716
3817 1831
3116 2219
2780 2516
3251 2132
3021 2396
3290 2171
3709 2004
3273 2255
3432 2192
3305 2291
3494 2178
3513 2180
2221 3522
3231 2383
5050 1669
3310 2342
3980 1999
3611 2175
3577 2224
3347 2392
3201 2530
3403 2409
3456 2394
4661 1872
3393 2487
3563 2386
4092 2123
2718 3218
2812 3107
3863 2244
3091 2834
3636 2400
3388 2555
3380 2566
3624 2478
3313 2736
3821 2402
3522 2597
3828 2421
3742 2481
3822 2436
3899 2408
4219 2288
3591 2643
3643 2622
4043 2387
3294 2911
3711 2613
4088 2391
3645 2655
3689 2642
3464 2811
4180 2377
4048 2459
3706 2683
3495 2826
3254 3051
4146 2432
3719 2698
4211 2418
3771 2686
3521 2863
4030 2539
4299 2426
3982 2605
4242 2462
3557 2882
3586 2881
4076 2572
4001 2628
4099 2567
3754 2798
3638 2892
4579 2368
3791 2821
3699 2875
3451 3068
3667 2945
3727 2920
3678 2953
4191 2630
4008 2796
3441 3184
4237 2680
3492 3192
3972 2876
4232 2735
3618 3117
4610 2525
4801 2420
3874 2954
4032 2871
4044 2865
4068 2852
4611 2547
4700 2509
3966 2955
4912 2423
3954 3027
3314 3481
4542 2691
4266 2868
4170 2942
4057 3048
4743 2641
4397 2844
2510 5022
4469 2840
4396 2918
4278 3003
4086 3101
4384 2959
4481 2912
4424 2971
3717 3420
4616 2864
3708 3474
4612 2898
4628 2896
4313 3115
4231 3199
4251 3191
4464 3070
4408 3091
4586 3032
4656 2992
5539 2575
3946 3442
4230 3260
4202 3291
4457 3141
4253 3279
5100 2818
3776 3650
4081 3392
4514 3127
4234 3318
4902 2923
4510 3142
4040 3456
5351 2724
4836 2985
4828 3009
4750 3059
4172 3415
4924 2990
4369 3310
4970 2976
4343 3351
4911 3034
4663 3153
4530 3239
4014 3594
4815 3105
4290 3454
3918 3749
4692 3197
5330 2872
4540 3297
3962 3743
4027 3677
4788 3145
6404 2514
4959 3098
4307 3541
4624 3343
4881 3204
4602 3372
4900 3201
3948 3935
4953 3202
4247 3694
5476 2978
4678 3373
4858 3264
4977 3213
4157 3831
4809 3328
5248 3123
4926 3355
5400 3171
6375 2809
4322 3994
4578 3760
4549 3794
4450 3901
4719 3679
5038 3458
4883 3589
5259 3388
5395 3333
4741 3779
4990 3574
5086 3530
5542 3308
4808 3761
4922 3669
4966 3640
4420 4162
5112 3585
4665 3967
4724 3926
4425 4202
5110 3633
4772 3900
5543 3397
5973 3223
4817 3885
5215 3605
4909 3841
4229 4449
4942 3868
5635 3440
6200 3231
4895 3941
4857 3981
5218 3729
5229 3727
5989 3331
5401 3615
5040 3909
5325 3709
5334 3711
4969 3988
5376 3704
5106 3902
5449 3692
5435 3753
5160 3963
5097 4006
5603 3672
5434 3815
6246 3394
6035 3484
4446 4610
4217 4824
5278 3939
6436 3307
5421 3855
5303 3947
5458 3852
5966 3564
5318 3962
4729 4407
5466 3916
4557 4619
5517 3922
4944 4318
4749 4495
5952 3697
5355 4067
5211 4177
5437 4039
5627 3931
6587 3341
5533 4004
5701 3982
5343 4188
4722 4672
6203 3726
6206 3736
6408 3586
5456 4230
5261 4369
5354 4304
6192 3828
4257 5434
5926 3998
6243 3820
5935 4024
5269 4427
5866 4083
6041 4021
5244 4522
5742 4221
6437 3811
6050 4085
5942 4183
5888 4251
5634 4404
5825 4302
6251 4069
6459 3920
5889 4283
5198 4725
5717 4409
6151 4181
6268 4115
6090 4209
5723 4435
5899 4353
5954 4356
6413 4091
5529 4622
6081 4322
6249 4248
5873 4518
6327 4285
6381 4263
4821 5488
6195 4413
6466 4229
6096 4520
5481 4901
5982 4580
4867 5645
5836 4723
6193 4541
5738 4826
6118 4676
6019 4748
6000 4816
6049 4820
6586 4400
6345 4647
6429 4576
6397 4631
6426 4640
6280 4776
5360 5576
6477 4632
5984 5018
6238 4906
5366 5733
6551 4650
6577 4623
6508 4717
6074 5124
6491 4779
6385 4915
6273 5012
5329 5966
6434 4889
5927 5352
6130 5226
6359 5026
6489 4895
6485 4939
6231 5293
6227 5480
6094 5674
6248 5531
6071 5828
6281 5614
6583 5159
6518 5687
6242 6052
6469 5806
6501 5831
6059 6382
6644 6328
167977404 507090750
1
sift 1243
133 89
32 19
7 4
105 61
44 32
13 11
195 120
109 70
15 10
220 137
182 96
57 39
219 162
185 102
63 38
245 185
233 165
84 53
432 350
248 176
86 52
321 239
244 164
107 55
629 531
280 173
112 60
651 403
305 151
121 74
707 579
317 240
135 84
720 577
288 258
137 87
986 532
339 253
171 104
822 515
451 255
183 112
868 610
411 300
207 105
857 556
536 380
169 132
909 690
700 440
237 124
832 613
647 484
224 146
856 778
661 567
199 179
855 644
634 659
252 167
921 757
858 507
308 149
883 708
761 593
298 187
917 768
771 606
340 191
991 652
879 565
337 209
1009 766
1167 472
351 211
927 691
683 761
357 243
1065 771
747 729
355 245
1007 702
875 703
365 244
966 817
979 653
342 269
1075 750
648 992
388 236
1080 800
823 776
383 248
1015 825
1136 839
393 252
925 880
945 973
376 260
1041 830
1046 989
378 266
1154 799
1146 887
419 238
1268 762
903 1164
359 296
1096 844
1173 1016
426 251
1068 858
1473 812
417 267
1137 836
1556 833
362 315
1246 808
1108 1193
392 301
1090 922
1483 894
443 277
1187 843
1256 1134
453 293
1111 930
1390 1015
503 271
1120 900
1352 1082
452 299
1105 951
1555 895
484 317
1150 893
1576 897
509 303
1238 875
1400 1234
485 330
1139 903
1476 1060
489 328
1162 946
1564 1093
473 344
1222 873
1447 1252
466 357
1151 956
1847 1065
490 332
1169 931
1844 1089
456 397
1215 940
1829 1260
546 334
1219 921
2019 981
574 327
1296 954
1785 1289
539 346
1231 952
1728 1200
547 353
1356 937
1466 1511
564 368
1230 960
1821 1317
527 396
1310 977
1969 1259
573 372
1300 935
1642 1461
524 438
1284 1022
1761 1412
562 395
1294 971
1886 1379
594 381
1348 1068
1817 1521
575 412
1303 967
1814 1597
560 449
1360 1177
2318 1370
621 398
1220 1040
2040 1498
701 374
1480 1172
1668 1972
596 443
1337 978
2490 1510
622 433
1584 1114
1892 1885
579 467
1388 948
2150 1820
608 446
1699 1170
2316 1723
691 406
1227 1116
2117 1890
643 444
1721 1204
2257 1816
694 431
1363 1002
2505 1737
731 411
1825 1178
2408 1887
659 453
1422 1077
2288 1969
635 465
1749 1268
2529 1842
682 451
1444 1088
2838 1718
600 509
2253 1215
2791 1835
708 458
1398 1171
2416 2150
685 488
1809 1513
2850 1855
689 489
1445 1163
2964 1853
709 480
2102 2038
2993 1861
597 560
1552 1203
2609 2090
738 457
2423 1869
2460 2218
712 498
1957 2155
2394 2277
791 460
2223 1991
2624 2101
757 494
2414 1884
2666 2099
746 514
3428 1501
2395 2336
742 528
2558 2129
2425 2353
587 664
2069 2733
2887 2176
784 506
2640 2356
3101 2069
859 455
2689 2352
2765 2362
816 508
2872 2243
3465 1901
774 546
3026 2609
3037 2209
766 555
3526 2013
2597 2514
592 715
3157 2508
3138 2188
815 540
3376 2124
3261 2093
798 557
3265 2418
2840 2531
773 594
4451 2149
2674 2770
852 543
3361 2797
2917 2534
743 625
3985 2564
3052 2395
818 569
3826 2747
3599 2053
929 533
4142 3238
2606 2975
941 554
4386 3110
3260 2351
812 627
3728 3649
3080 2574
1132 495
5141 2748
3827 2171
854 618
3663 3910
3135 2712
776 755
4726 3082
3805 2270
1005 607
4254 3416
3120 2816
907 676
4098 3562
3422 2533
996 631
4559 3235
4035 2204
842 740
4368 3362
3707 2381
924 674
4263 3512
3720 2375
922 714
3961 3826
3373 2802
1072 647
3847 3941
3400 2614
1098 662
4877 3326
3489 2731
845 814
5654 3129
3183 2932
1026 718
4734 3837
3162 3042
984 753
5014 3554
4016 2429
1039 730
5385 3692
3897 2637
964 782
5075 4149
3239 3092
1160 711
6390 3327
3662 3014
1157 713
4152 5051
3652 2838
1528 582
5156 4220
3647 3074
1124 774
5178 4207
4097 2639
1006 832
5461 4097
3328 3360
1182 779
5497 4012
4085 2730
1180 783
6209 3706
3763 3057
1159 798
4622 5402
5165 2399
1282 748
6169 4479
4110 2999
1053 874
5525 4868
3609 3340
1088 861
5702 4857
4551 2787
998 941
5587 4890
4333 2969
1076 872
6009 5224
3808 3374
1085 871
6339 5136
3542 3634
1500 701
6095 5882
4521 2973
1004 1020
6396 5173
4361 3062
893 1149
6600 5459
4947 2772
1244 845
5608 6048
4329 3180
1342 820
6139 6254
4258 3369
1333 824
4417 3284
1318 860
4685 3169
1329 866
4445 3431
1618 758
3917 3956
1367 870
4725 3459
1288 916
4455 3810
1286 959
4802 3488
1414 877
4161 4214
1328 969
4898 3435
1325 974
4286 4187
1421 896
5282 3299
1387 947
4545 3929
1580 837
4472 4090
1291 1071
4609 4072
1438 995
4728 4015
1330 1139
4503 4354
1524 945
5135 3776
1610 934
4830 4069
1430 1100
4952 4120
1517 1039
5221 4088
1641 962
6007 3429
1497 1081
5053 4388
1629 983
5362 3844
1339 1250
5207 4300
1451 1175
5789 3732
1455 1180
5443 4157
1575 1106
5415 4224
1544 1131
5780 3993
1738 987
5378 4333
1417 1269
5219 4624
1482 1208
6239 4065
1558 1168
5223 4748
1645 1127
5574 4552
1504 1248
5835 4532
1800 1045
6597 3943
1128 1594
5731 4692
1587 1181
6260 4339
1508 1279
5867 4642
1692 1152
5047 5273
1578 1265
6062 4629
1729 1157
6125 4680
1646 1239
5806 4942
1806 1140
6427 5014
1880 1108
6051 5885
1194 1651
6392 5291
1716 1199
6538 6125
1594 1291
6197 5984
1705 1218
6529 6411
1812 1158
6650 6006
1766 1207
1560 1344
1820 1211
1753 1255
1714 1277
1733 1300
1682 1356
1758 1324
1885 1258
1554 1474
1598 1449
1696 1389
1875 1303
1804 1337
1889 1295
1927 1298
1838 1350
1845 1342
2033 1229
1901 1322
1803 1398
1850 1368
1706 1451
1557 1565
1712 1452
1481 1674
1783 1425
1973 1326
1905 1402
1255 2161
1864 1428
2017 1358
2006 1377
1724 1536
1893 1447
2172 1296
1698 1600
1856 1489
2014 1408
1822 1526
1928 1464
1931 1470
2088 1378
2020 1431
2190 1361
2127 1395
2450 1285
1972 1534
2043 1496
2060 1492
2319 1390
1965 1584
2044 1514
2247 1445
2252 1446
2311 1417
2089 1520
1981 1644
2075 1562
1909 1754
2204 1491
1919 1746
2388 1473
2104 1622
2175 1571
2189 1568
2523 1463
2140 1678
2025 1801
2031 1779
2379 1547
2386 1544
2661 1456
2238 1626
2174 1672
2272 1615
2785 1432
2137 1727
2061 1809
2229 1665
2322 1609
2422 1576
2966 1409
2361 1617
2126 1799
2338 1646
2214 1730
2366 1648
2579 1556
2415 1637
2703 1523
2657 1563
2081 1911
2369 1702
2251 1778
2633 1572
2553 1630
2203 1844
2205 1845
2654 1619
2095 1943
2837 1537
2452 1717
2406 1755
2343 1786
2374 1775
2551 1677
2479 1720
2813 1569
2557 1685
2123 1977
2978 1527
2660 1668
2468 1766
2556 1729
2636 1689
2515 1761
2896 1592
2581 1749
2486 1804
2368 1883
2437 1850
3067 1554
2185 2058
2568 1834
2488 1892
2701 1794
2219 2076
2867 1712
2083 2263
3053 1627
2158 2167
2574 1865
2882 1725
2919 1710
2629 1860
3058 1658
3148 1605
2454 1966
2833 1800
3256 1578
2349 2066
2895 1773
2432 2017
2565 1950
3014 1748
2932 1785
2336 2134
3146 1664
2973 1777
2902 1815
2070 2481
3114 1709
2684 1936
2992 1803
2614 1996
2729 1928
2942 1843
2712 1946
2491 2094
2651 2006
2572 2070
2968 1876
2786 1949
2391 2258
2266 2387
2690 2051
2763 2003
2802 2004
2804 2021
2933 1987
2778 2078
2664 2182
2772 2106
2620 2273
2476 2396
2828 2140
2355 2576
2812 2163
2413 2518
2726 2242
2866 2146
2946 2103
2365 2613
2774 2225
2843 2199
2811 2228
2561 2431
3222 1934
2939 2156
3093 2034
3169 1979
3582 1825
3079 2067
3074 2072
2767 2311
2960 2192
2342 2780
2477 2649
2732 2426
2475 2719
2696 2500
3185 2084
3002 2251
2727 2480
3448 1953
2780 2423
2611 2640
3501 1941
3296 2044
3295 2073
3383 2016
2822 2491
3110 2234
3176 2169
2958 2378
3130 2239
3497 2005
3557 1995
3301 2125
2740 2643
3199 2210
2221 3285
2814 2604
3419 2121
2750 2713
3658 2029
3118 2354
2868 2650
3116 2401
3085 2461
3020 2554
2851 2738
3231 2333
3246 2331
3305 2309
3983 1981
3251 2361
3134 2489
3290 2364
3385 2313
3495 2269
3458 2298
3722 2178
3479 2299
3273 2427
3276 2457
3388 2379
3691 2245
3494 2340
3166 2635
4192 2054
2853 3053
3749 2271
3714 2302
3201 2663
3341 2539
3513 2417
3456 2482
3403 2525
3709 2348
3577 2436
3817 2317
3310 2666
2718 3361
3313 2703
3572 2504
4165 2220
4043 2266
3326 2721
4195 2237
3591 2566
3397 2707
3042 3108
3464 2679
3437 2727
3380 2814
3347 2853
3410 2813
3294 2928
3822 2520
3754 2587
3522 2761
3840 2538
3731 2644
3643 2740
3521 2832
3666 2757
3980 2558
3636 2811
4019 2549
3899 2631
3586 2860
3412 2991
5050 2107
3796 2737
3563 2916
4092 2572
3645 2873
3739 2822
3219 3236
4661 2305
3639 2905
3611 2934
3213 3246
3638 2912
3322 3161
3742 2865
4219 2579
3982 2716
3605 2990
3593 3012
4180 2653
3469 3109
3727 2945
4800 2321
4067 2725
3689 2997
4048 2762
4088 2743
3791 2942
3771 2956
3792 2957
3441 3197
4191 2702
3314 3317
4240 2687
3874 2911
4485 2544
4242 2695
3535 3150
4151 2754
4390 2648
3912 2929
4069 2829
4076 2833
3484 3240
4237 2760
4397 2682
3678 3127
3711 3117
3706 3126
4001 2960
3828 3069
3618 3256
4225 2863
4299 2830
4044 2988
4232 2881
3879 3083
3073 4035
4324 2849
3766 3184
4406 2828
4008 3078
3717 3287
4484 2831
4611 2750
4427 2871
4409 2892
3750 3300
4146 3044
4170 3036
4188 3031
3974 3159
4227 3048
4579 2851
4278 3032
2510 5427
4469 2941
4099 3185
4230 3112
4032 3259
4030 3263
3954 3316
4331 3091
3708 3558
4547 2978
3411 3898
4468 3034
4231 3182
4970 2768
4264 3210
4583 3018
4086 3324
3462 3967
3946 3468
4542 3073
3753 3669
4771 2962
4912 2893
4700 3016
3620 3883
3859 3609
4266 3291
3971 3529
3289 4342
3989 3534
3962 3560
4457 3223
4537 3163
4202 3393
4251 3365
4124 3508
5330 2795
4481 3265
4050 3587
3918 3695
4081 3578
4313 3405
4801 3079
4027 3628
4212 3485
3948 3717
4923 3049
5100 2979
4610 3258
5159 2959
4510 3319
4639 3262
4234 3574
4828 3152
4730 3245
4404 3469
4040 3804
4924 3132
4396 3511
4424 3480
4588 3351
5861 2751
5536 2885
4530 3422
3776 4146
5297 3010
4315 3632
4881 3228
5854 2794
5351 3017
4245 3743
4663 3388
5911 2808
4616 3446
4656 3426
4911 3261
4892 3274
4586 3479
4902 3276
4788 3331
4506 3573
4014 4052
4549 3550
4370 3718
4199 3937
4624 3548
4782 3394
4602 3584
4384 3780
4731 3509
4322 3893
4291 3939
4464 3771
4307 3987
4540 3741
4290 4037
5539 3136
4175 4170
5606 3121
4957 3478
5445 3248
4612 3834
4750 3684
4595 3853
4926 3566
4888 3604
4953 3572
4762 3726
4836 3677
4809 3709
4741 3817
4316 4255
5248 3438
4972 3629
5973 3114
4977 3652
4808 3795
4678 3936
5104 3579
5229 3495
4815 3815
6419 2980
4900 3740
5308 3464
4419 4258
5038 3674
4425 4264
6184 3095
4937 3742
5360 3453
5400 3452
4665 4060
5919 3253
4959 3824
4719 4051
5404 3539
4446 4391
4591 4261
4857 4000
4724 4148
5565 3540
4980 3974
5758 3448
5725 3457
5106 3895
4600 4359
5054 3953
4969 4018
4966 4023
5603 3568
5709 3528
6360 3239
4729 4309
4889 4140
4817 4216
4942 4107
5570 3636
4837 4202
5189 3933
4229 4780
5449 3724
5086 4020
4896 4180
5476 3719
5110 4019
5542 3712
5662 3683
5215 4008
5877 3571
5270 3979
4883 4304
4557 4607
5421 3885
4722 4459
5395 3928
5097 4160
4572 4626
5267 4033
5543 3838
4867 4371
5263 4059
5160 4159
5030 4267
6404 3368
5547 3900
5845 3699
4944 4376
4949 4382
5334 4076
4578 4723
4922 4426
5757 3850
5627 3931
5339 4162
5635 3965
5705 3935
5211 4278
4909 4520
5112 4385
6587 3344
5580 4044
5520 4086
4819 4628
6336 3601
5318 4282
5355 4288
5218 4400
5040 4531
5533 4186
5435 4262
4895 4683
5401 4343
5048 4611
5989 3958
5456 4321
5517 4281
5278 4461
5458 4355
5259 4492
6363 3794
5602 4307
4749 4961
5966 4119
5376 4500
5261 4617
5325 4564
5665 4366
5889 4259
5952 4234
4821 5017
6382 3969
5692 4420
5742 4411
5622 4519
6163 4210
6151 4223
5303 4763
5495 4662
5623 4619
6403 4127
5437 4739
6280 4245
6249 4285
5354 4829
5968 4460
6041 4441
6344 4243
5982 4480
6243 4347
5269 4934
4511 5981
6408 4242
6375 4319
5928 4602
5751 4685
5684 4757
5922 4633
5607 4819
5873 4667
5717 4770
6327 4415
6413 4374
5926 4669
5129 5309
5935 4670
6246 4501
5826 4766
6251 4546
6268 4547
5825 4798
6206 4604
6140 4655
6096 4715
6081 4728
6118 4714
6050 4750
4990 5770
5629 5044
5899 4859
5954 4844
6023 4807
5888 4880
6381 4634
5205 5651
6277 4734
5036 5907
6345 4733
5942 4996
6018 4944
6195 4848
6210 4892
5787 5245
5836 5205
6004 5059
6049 5061
5366 5765
6632 4456
5762 5374
6291 4920
5907 5246
6019 5135
5849 5359
6397 4898
5446 5856
5530 5769
6266 5047
6577 4756
5927 5401
6191 5175
6586 4771
5984 5380
6429 4970
5947 5482
5801 5632
6325 5131
6385 5083
6085 5411
5462 6081
6551 4930
6071 5483
6273 5286
6477 5053
6437 5122
6281 5339
6072 5571
6359 5265
6114 5557
6285 5377
6238 5472
6508 5180
6218 5559
5798 6015
6491 5360
6130 5823
6434 5476
6074 5906
6466 5527
6500 5485
6446 5595
6583 5345
5853 6228
6248 6019
6242 6039
6426 5863
6192 6156
6485 5840
6000 6330
6489 6023
6453 6132
6518 6196
6564 6138
6606 6038
5821 6447
6644 6122
6631 6382
167977404 897658064
1
sift 1868
46 43
32 27
4 2
133 105
35 29
13 11
164 141
74 55
29 23
193 125
109 79
34 21
195 150
140 107
44 38
220 172
168 104
66 34
219 188
189 145
56 44
261 187
218 161
57 47
381 348
248 210
60 50
245 216
212 193
63 51
432 382
260 229
102 68
504 347
244 185
105 69
517 449
280 235
107 64
514 566
305 200
112 72
609 464
335 244
108 76
639 506
321 254
125 88
629 559
288 277
121 98
680 503
317 271
106 112
707 613
364 255
129 103
720 609
339 281
137 97
805 567
356 283
135 102
855 608
360 297
130 114
983 582
411 330
171 122
857 648
451 326
169 142
759 805
449 352
206 110
832 708
523 379
207 128
868 685
536 458
203 152
986 619
511 396
224 174
1012 611
640 436
237 168
969 675
620 483
239 179
1163 591
700 533
241 195
826 812
702 451
233 204
909 737
661 571
252 207
883 770
647 519
363 171
856 804
761 636
307 209
917 793
648 686
254 237
911 803
858 557
308 211
956 816
683 722
314 223
980 826
771 657
284 236
1009 814
841 651
311 241
1065 790
747 778
298 251
1024 808
1167 500
330 252
966 848
879 631
358 243
991 840
861 713
346 248
925 874
823 787
340 256
1010 841
1064 668
337 262
1041 860
979 776
425 212
1015 876
875 851
351 257
881 972
903 877
355 274
1068 878
913 931
333 289
1080 888
945 933
394 250
1154 871
1022 916
357 280
1096 895
1138 862
406 266
1137 892
1077 886
365 293
1150 893
892 1106
359 308
1083 943
1046 1002
342 327
1090 988
1097 964
383 284
1120 944
1136 996
377 295
1111 998
1146 993
410 273
1139 970
1409 883
378 296
1105 1038
1113 1298
387 298
1198 941
1483 952
389 307
1268 901
1390 1061
388 313
1174 975
1352 1129
409 294
1162 1013
1256 1238
396 314
1219 969
1108 1354
419 300
1238 965
1148 1324
414 315
1169 1045
1556 963
417 319
1215 1044
1470 1067
426 321
1227 1028
1473 1093
404 337
1140 1157
1173 1369
443 328
1230 1075
1555 1118
433 346
1321 1004
1487 1212
452 350
1121 1229
1564 1155
454 344
1151 1208
1447 1285
438 378
1284 1081
1576 1178
459 373
1241 1160
1208 1617
503 342
1310 1114
1600 1349
473 383
1348 1128
1602 1388
466 393
1299 1132
2019 1131
484 374
1494 1010
1849 1273
509 361
1388 1099
1785 1339
456 408
1365 1177
1635 1443
489 384
1344 1216
1728 1419
490 385
1360 1209
1466 1710
462 430
1398 1186
1844 1362
485 412
1380 1260
1642 1570
507 426
1453 1181
1779 1476
663 354
1407 1255
1829 1453
539 398
1464 1236
1761 1567
583 386
1480 1272
1969 1384
577 392
1721 1117
1821 1530
546 414
1699 1286
1461 1905
547 420
1428 1503
1847 1561
527 432
1658 1342
1814 1630
524 433
1535 1459
1668 1790
574 403
1622 1474
2018 1541
562 422
1749 1407
1813 1668
573 429
1740 1434
1817 1792
526 454
1818 1417
2050 1480
625 410
1809 1505
1886 1739
594 431
1501 1838
1975 1713
560 452
1710 1726
1892 1765
601 439
2253 1418
2059 1685
596 455
1970 1704
2255 1543
579 472
1957 1718
2363 1513
575 487
2223 1649
1940 1829
774 404
1906 2159
2026 1807
597 473
2260 1886
2318 1627
622 459
2423 1839
2040 1798
708 441
2069 2250
2425 1607
600 492
2414 2047
2083 1769
691 461
2284 2429
2218 1724
643 488
2316 2127
2275 1723
675 480
2921 2044
2150 1894
635 513
2850 2003
2117 1961
731 462
2685 2228
2249 1902
608 544
2558 2399
2490 1831
659 524
2689 2468
2257 2007
701 497
2527 2581
2209 2021
712 498
3026 2295
2298 2000
685 517
2872 2509
2505 1844
689 522
2782 2608
2408 1970
694 514
3428 2092
2394 1989
682 540
2640 2852
2791 1775
673 549
3163 2436
2416 2120
762 485
3209 2530
2299 2289
698 537
3090 2811
2668 1984
706 553
3323 2675
2269 2371
738 525
3361 3005
2288 2265
709 558
3664 2845
2395 2277
678 596
3928 2783
2348 2351
718 546
3288 3240
2529 2267
714 575
2751 4155
2460 2331
746 562
3996 2856
2609 2397
742 574
3470 3279
2765 2339
791 536
3744 3195
2838 2293
757 565
3985 3064
2993 2263
859 508
3653 3421
2887 2411
817 556
3826 3316
2606 2739
784 601
3728 3545
2398 3021
766 622
4011 3258
2624 2795
745 647
3302 4120
2736 2668
815 589
4207 3435
2864 2566
711 694
3986 3655
3037 2413
592 857
3663 4096
2917 2613
743 672
4451 3393
2839 2791
775 641
4142 3645
2721 3023
887 550
4005 3824
3206 2525
818 617
4198 3666
3261 2470
798 644
4098 3770
3101 2732
773 673
4368 3629
3052 2777
936 555
4559 3539
3284 2635
776 679
4386 3821
3080 2873
852 624
4726 3528
3138 2825
960 578
4155 4085
3465 2503
812 692
5402 3215
3135 2903
783 731
5141 3330
3384 2694
797 745
4640 3806
3526 2596
854 691
4877 3589
3376 2717
929 637
4393 4321
3162 2932
933 640
4471 4263
3119 2982
1204 539
4734 4274
3421 2774
1232 528
5072 3702
3599 2647
842 759
5300 3831
3422 2798
922 726
4152 4690
3260 2980
946 720
5505 3762
3373 2864
845 807
6139 3425
3155 3137
1005 689
5670 3900
3328 3130
924 755
5014 4284
3183 3116
1093 670
5654 3973
3092 3370
1132 650
5497 4062
4337 2441
912 809
5507 4180
3386 3109
894 821
5461 4234
3827 2902
1026 744
4395 5138
3489 3170
984 784
5125 4544
3400 3178
907 832
5075 4617
3805 2992
1098 710
5593 4355
2741 4278
996 781
4995 4958
4035 2847
1000 799
5703 4396
3269 3376
1054 766
5646 4559
3616 3172
1157 702
5178 4966
3652 3142
958 835
5525 4764
4016 2971
928 849
4785 5454
4085 2870
964 838
5375 5117
3647 3241
973 845
6390 4579
3542 3252
976 908
6600 4580
3668 3235
968 927
5314 5817
3941 3106
1180 813
6209 5054
3707 3236
1160 837
6558 4942
3897 3144
1216 823
6075 5466
4532 2871
893 1046
6009 5606
3609 3466
1003 957
5601 6020
4361 3033
1159 863
6396 5556
3763 3451
1062 917
6461 5529
4568 3059
998 1006
6311 5801
4097 3288
1124 896
6424 5660
4598 3121
1076 942
6482 5628
4109 3429
1112 937
6169 6411
4186 3381
1085 971
6566 5980
3214 4520
1420 844
6095 6569
5165 2889
1282 922
6445 6236
4329 3326
1222 953
4066 3591
1039 1135
4504 3267
1281 930
4221 3495
1393 879
3923 3768
1454 846
3544 4273
1187 999
4161 3636
1318 926
3808 4078
1185 1023
4013 3823
1333 940
3933 3933
1115 1150
3861 4077
1244 1021
4095 3812
1229 1064
4521 3469
1301 1025
4189 3838
1294 1050
4156 3875
1182 1164
5323 3098
1329 1035
4445 3599
1194 1162
4287 3871
1342 1031
4293 3880
1303 1066
4258 3944
1325 1065
5155 3244
1337 1063
4551 3660
1500 918
4286 3969
1414 983
4417 3856
1417 977
4642 3654
901 1492
4503 3857
1528 905
4727 3632
1330 1095
3917 4503
1286 1144
4334 4112
1468 981
4830 3602
1328 1126
4405 4090
1358 1110
5288 3374
1626 887
4404 4178
1276 1195
4947 3675
1397 1097
4813 3842
1641 909
4456 4240
1291 1226
4609 4107
1387 1141
4453 4276
1326 1214
4130 4593
1455 1090
4874 4016
1510 1039
4898 3968
1524 1033
4931 4025
1343 1250
4429 4449
1580 1036
5571 3598
1430 1201
4725 4299
1362 1288
4868 4183
1338 1313
5282 3797
1438 1220
5108 4039
1475 1191
4105 4927
1497 1218
4545 4575
1569 1149
4685 4513
1404 1317
6365 3365
1491 1239
3955 5317
1558 1179
5052 4421
1610 1172
4777 4507
1544 1245
5135 4441
1629 1185
5232 4320
1472 1300
4879 4673
1575 1234
4826 4751
1594 1223
4728 4994
1517 1281
6062 4122
1451 1333
5357 4573
1255 1529
4781 5048
1482 1316
5773 4384
1560 1267
5207 4790
1418 1380
5284 4773
1725 1134
5789 4515
1590 1263
5574 4681
1481 1340
5379 4903
1645 1237
5194 4957
1860 1078
5312 4985
1416 1413
5074 5234
1527 1323
4760 5684
1777 1153
4675 5845
1577 1312
5223 5221
1327 1576
5867 4904
1542 1343
6239 4655
1533 1360
5755 5011
1587 1341
5906 4868
1609 1332
5214 5499
1738 1253
5378 5396
1554 1382
6269 4784
2109 1015
5515 5311
1676 1309
5806 5088
1585 1376
5219 5644
1598 1371
5797 5152
1804 1258
5386 5539
1504 1470
5780 5253
1680 1350
5974 5160
1708 1334
5677 5509
1753 1302
5626 5709
1520 1498
6079 5386
1896 1270
6260 5318
1759 1348
5835 5725
1714 1368
6125 5599
1541 1525
6499 5252
1682 1415
6197 5554
1729 1377
5967 5870
1636 1479
6127 5720
1797 1373
5728 6206
1716 1425
6045 5895
2090 1193
6538 6244
1692 1450
6352 5598
1687 1466
6529 6382
1806 1396
6155 6001
1606 1554
1617 1547
6427 6126
1800 1411
1513 1675
1706 1469
1885 1363
1698 1499
1880 1383
1705 1502
1783 1451
1713 1506
1925 1366
1839 1428
2013 1326
1803 1472
1712 1539
1774 1501
1709 1571
1763 1537
1856 1456
1816 1504
1875 1455
1838 1484
1889 1447
1927 1422
1901 1440
1628 1715
1850 1493
1845 1511
1724 1623
1704 1647
1958 1444
2105 1358
2292 1283
1862 1556
1924 1496
1812 1620
1986 1464
1864 1587
1588 1856
1822 1638
1955 1512
2006 1481
1766 1729
1933 1581
1879 1640
2004 1519
1928 1594
1931 1598
2017 1521
2661 1249
2033 1488
1893 1660
2060 1485
1905 1662
1855 1706
1938 1635
2021 1578
2020 1595
1819 1796
2104 1516
2311 1408
2030 1600
1827 1822
2015 1644
1919 1730
2127 1538
1965 1694
2014 1667
1795 1888
1909 1764
2077 1605
1592 2156
2011 1684
2044 1653
2259 1491
1981 1744
2088 1669
2043 1733
2482 1477
2204 1641
2502 1490
2139 1699
2264 1652
2237 1664
1934 1947
2319 1629
2089 1780
2187 1717
2203 1700
2075 1811
1996 1927
2277 1676
2247 1692
2499 1575
2252 1711
2061 1857
2140 1808
2174 1786
2388 1679
2473 1643
2190 1815
2227 1789
2361 1709
2369 1712
2305 1746
2048 1958
2450 1686
2126 1918
2453 1693
2123 1923
2238 1837
2374 1751
2229 1851
2189 1889
2379 1778
2183 1912
2386 1788
2338 1816
2095 2004
2023 2136
2682 1681
2334 1855
2175 1976
2086 2054
2081 2105
2557 1779
2430 1848
2523 1803
2205 2006
2031 2226
2146 2072
2365 1926
2600 1801
2479 1864
2322 1977
2437 1898
2579 1828
2219 2055
2547 1869
2515 1893
2768 1770
2070 2307
2138 2214
3348 1520
2919 1725
2699 1833
2442 1983
2583 1907
2194 2168
2633 1881
2344 2039
2191 2195
2158 2248
2184 2201
2703 1859
2813 1806
2157 2257
2966 1740
2636 1908
2443 2015
2221 2206
2553 1967
2506 1995
2833 1846
2712 1903
2539 2002
2561 1991
2432 2059
2251 2240
2814 1871
2431 2098
2422 2117
2148 2426
2486 2084
2702 1979
2785 1929
2391 2165
2265 2321
3058 1809
2538 2096
2181 2447
2565 2080
2851 1935
2654 2034
2896 1920
2568 2109
2491 2175
2091 2670
2556 2132
2349 2323
2660 2081
2406 2286
2700 2061
2528 2179
2573 2140
2895 1972
2459 2255
2465 2252
2355 2367
2488 2247
2471 2261
2597 2148
2435 2296
2611 2152
2385 2366
2213 2551
2691 2122
2448 2332
2778 2076
2651 2197
2629 2217
2845 2065
2336 2497
2572 2273
2601 2258
2399 2451
2684 2224
3053 1993
2664 2270
2882 2103
2690 2282
2729 2249
2767 2202
2978 2088
2774 2213
3044 2041
2658 2363
3067 2042
2828 2238
2542 2492
2904 2187
2873 2210
2763 2297
2973 2146
2804 2298
2964 2193
2657 2449
2812 2309
2902 2246
2726 2381
2732 2378
2477 2639
2731 2391
2620 2505
2592 2519
3014 2182
2867 2315
2932 2262
2637 2522
3114 2129
2586 2616
2614 2595
2772 2433
3256 2053
2802 2439
2938 2338
2737 2501
2992 2302
2696 2574
2811 2453
2971 2329
2727 2526
3149 2157
2968 2356
2824 2473
2849 2471
2607 2728
2939 2421
2750 2585
2744 2603
3169 2215
2942 2456
2822 2586
2517 2905
2853 2558
3211 2219
2907 2511
2819 2614
2740 2684
3095 2357
2843 2597
3199 2287
3360 2181
2475 3060
2892 2634
2977 2615
2969 2640
2946 2695
2886 2749
3098 2512
2718 2940
2866 2804
2667 3026
3322 2335
3185 2462
2842 2849
3224 2443
2792 2924
2780 2969
2933 2827
2445 3313
2469 3277
3085 2676
3020 2764
3071 2698
3458 2336
2997 2806
3118 2646
3102 2679
3116 2653
2716 3091
3110 2678
2988 2846
3175 2628
3070 2781
3130 2699
2663 3196
3251 2580
3448 2427
3107 2759
3033 2843
3383 2479
2514 3367
3295 2545
3042 2848
3132 2755
2960 2967
2958 2973
3292 2610
3064 2861
3136 2778
3305 2602
3091 2839
3221 2682
3303 2617
3210 2740
3722 2387
3156 2829
3425 2591
3658 2455
3497 2543
3254 2769
3868 2334
3501 2556
3488 2571
3246 2799
3181 2859
3317 2751
3166 2916
3577 2605
2901 3232
3556 2667
3477 2725
3821 2496
3310 2863
3629 2643
3312 2882
3296 2939
3304 2936
3385 2850
3694 2649
2476 4080
3492 2800
3714 2665
3341 2937
3811 2611
3028 3264
3179 3103
3388 2914
3590 2790
3276 3027
3531 2831
3456 2888
3445 2896
3809 2655
3440 2910
3539 2844
3691 2760
3983 2549
3756 2710
3779 2716
3446 2954
3201 3158
3412 2999
3513 2918
3294 3101
3347 3049
3403 3016
3313 3094
3213 3184
3980 2662
3437 3031
3709 2851
3393 3084
3639 2942
3591 2979
3739 2877
3579 2997
3572 3001
3538 3041
3844 2824
3219 3266
3397 3139
3719 2933
3521 3053
3522 3055
3467 3097
3300 3213
3417 3156
3643 3014
3646 3025
3807 2911
3605 3067
3239 3328
3586 3089
3566 3110
3197 3394
4083 2786
3003 3786
3737 3008
3380 3231
3494 3165
4096 2810
3329 3296
3618 3128
2915 4022
3945 2915
3711 3071
3778 3037
3731 3066
3636 3136
3129 3595
4592 2553
3441 3259
3578 3183
4019 2931
3267 3449
3705 3135
3840 3043
4347 2767
3828 3068
3666 3166
3464 3289
3563 3225
3899 3040
3326 3426
3461 3307
3611 3229
3900 3079
4138 2945
3621 3243
3410 3401
3678 3210
4092 2991
3689 3221
3484 3379
3439 3424
4542 2775
4069 3048
4165 3002
3964 3120
4044 3072
3660 3294
3432 3478
3935 3148
3535 3406
3951 3152
3451 3496
4356 2935
3679 3315
3771 3272
3645 3364
3817 3246
4336 2966
2510 5202
4001 3157
3638 3386
3943 3180
4023 3151
3495 3501
3741 3323
4191 3082
3982 3188
3766 3340
4048 3169
3381 3729
3874 3265
4242 3095
4088 3167
4024 3199
3931 3256
4008 3209
3462 3657
3896 3303
3730 3443
4307 3132
3648 3552
4192 3173
3233 4143
3989 3309
4468 3070
4406 3107
3706 3557
3717 3571
3637 3669
3859 3463
4032 3356
4219 3261
4247 3269
3345 4168
3911 3489
3791 3630
4195 3311
4366 3226
4604 3133
4068 3416
3750 3728
3640 3906
4266 3324
3966 3540
3769 3744
4043 3481
4263 3334
4100 3442
4124 3430
3667 3923
3557 4066
4056 3491
4251 3369
3818 3735
3954 3619
3967 3608
3708 3910
4076 3503
3073 4841
4049 3538
3946 3644
4081 3512
4030 3575
4146 3467
4086 3543
4170 3488
4282 3418
4299 3411
3973 3699
4390 3360
3677 4068
4232 3485
4964 3085
4051 3667
4484 3333
4292 3482
3962 3802
4661 3255
4151 3627
5101 3074
4234 3593
3918 3911
4485 3387
4469 3427
4325 3556
4808 3222
3948 3977
4525 3414
3913 4009
3702 4267
4608 3380
4230 3698
4443 3518
4467 3499
4225 3726
4807 3276
4227 3748
4080 3945
4040 3999
4408 3624
4099 3938
4735 3354
4943 3249
4226 3811
4313 3731
4510 3544
4397 3679
4324 3746
4537 3554
4139 3974
4597 3526
4331 3772
4413 3701
4253 3894
4579 3555
4911 3327
4108 4057
4201 3976
4864 3375
4396 3781
4409 3765
4315 3898
4384 3834
4615 3606
4027 4219
4278 3979
4611 3637
4700 3572
4440 3829
4612 3672
3856 4443
4424 3882
4610 3681
4245 4089
4014 4288
4344 3989
4744 3573
4231 4119
3994 4345
4419 3920
4322 4036
4541 3769
4763 3558
4836 3511
4514 3836
5050 3409
4364 4060
4945 3480
4588 3813
4736 3659
4175 4252
4184 4249
4750 3670
5360 3287
3776 4694
4656 3794
4530 3961
4369 4137
5106 3457
4878 3625
4425 4126
3893 4619
4731 3795
4446 4128
4639 3947
4547 4040
4479 4124
4663 3936
4966 3634
4435 4195
4815 3775
4509 4138
4881 3757
4586 4094
4969 3707
4688 4000
4839 3818
4627 4076
4602 4104
4957 3741
4399 4331
4912 3787
4905 3803
4148 4567
4316 4423
4972 3767
4818 3926
4924 3817
4178 4578
4741 4035
5066 3721
4782 3978
4691 4091
4160 4603
4464 4322
5262 3582
4788 4002
4771 4026
5403 3505
4892 3912
4901 3909
4888 3934
4481 4352
4291 4535
4629 4222
4289 4558
5259 3638
5966 3284
4951 3948
5675 3438
5297 3687
5116 3863
4388 4583
4828 4144
5557 3563
4540 4439
4902 4097
4616 4377
5606 3549
4923 4109
4415 4601
5539 3620
4645 4387
5086 3993
4749 4277
5861 3465
4724 4351
5203 3930
4719 4370
4383 4688
4229 4819
4925 4172
5536 3689
5334 3851
5730 3590
4800 4341
4900 4275
4729 4452
5059 4197
4809 4390
4557 4635
5495 3832
4817 4392
4722 4502
4570 4630
5153 4147
4977 4279
4937 4327
5616 3796
4891 4386
5138 4208
4980 4348
4959 4366
4572 4695
5038 4311
5547 3925
4723 4596
4718 4608
5308 4125
5351 4100
4953 4430
3869 5580
5416 4118
5267 4214
5229 4247
5096 4361
5276 4223
5095 4372
4214 5180
4867 4563
4906 4532
5104 4378
4028 5446
5409 4151
5020 4442
4837 4598
5254 4266
5218 4296
5585 4061
5248 4332
4949 4572
5725 4021
6327 3617
5542 4153
4895 4649
4029 5638
5421 4269
5097 4522
5030 4585
5662 4163
5189 4505
4766 4816
4819 4767
5303 4447
4116 5652
4362 5327
5693 4201
5428 4376
5078 4627
5110 4611
4797 4838
5285 4488
6322 3760
5040 4678
4922 4750
6072 3981
5395 4422
5209 4577
4844 4847
5643 4305
5520 4382
6013 4087
5070 4705
5437 4461
4990 4771
4284 5591
6163 4011
5244 4599
4871 4863
5877 4196
5533 4407
4858 4895
5294 4597
5404 4536
5400 4537
5160 4698
4919 4874
4772 5018
5978 4176
5770 4314
5476 4530
5647 4412
5017 4853
5996 4210
5508 4534
5709 4418
5325 4661
4954 4919
5751 4395
5504 4568
5278 4702
5580 4525
5394 4645
6419 3972
5684 4465
5339 4691
5112 4855
5787 4431
5456 4634
5603 4555
4986 4975
5296 4749
6004 4319
5543 4616
5719 4519
5366 4724
5261 4802
5056 4962
5723 4526
4899 5102
5435 4700
4633 5473
4838 5198
5041 5021
5733 4562
4944 5107
6242 4237
5604 4641
5365 4777
4511 5699
5079 5014
5926 4457
5154 4986
5530 4723
6400 4200
6348 4241
6579 4008
5434 4808
5458 4787
5449 4805
5705 4664
5215 4969
5701 4683
4747 5477
5510 4781
6375 4270
5355 4901
5473 4840
5318 4955
5212 5062
5680 4735
5847 4653
5602 4817
5211 5113
5236 5108
5627 4829
5989 4625
6035 4604
6222 4501
5410 4984
5845 4722
6382 4409
5463 4973
5690 4848
6037 4663
6170 4595
5269 5175
5129 5375
6387 4508
4567 6140
5545 5028
6251 4605
5746 4887
5934 4780
5252 5292
5928 4794
5331 5225
5169 5415
6189 4674
5957 4792
5988 4772
5417 5162
5742 4922
6591 4323
5982 4804
5264 5368
5309 5315
5623 5057
5622 5063
5629 5066
5824 4943
6203 4739
6148 4770
5343 5441
6195 4814
5952 4964
5717 5135
6336 4754
5665 5233
5446 5430
5452 5431
5535 5365
5825 5114
5863 5106
5552 5381
6121 4925
6597 4551
5581 5384
5490 5488
5427 5569
5498 5490
6118 4999
6019 5074
6426 4775
5608 5434
5820 5261
5607 5481
6360 4900
5195 5963
5767 5403
6628 4564
5481 5683
6041 5182
5919 5289
6206 5078
6249 5039
5921 5303
5976 5266
5973 5283
6243 5087
5888 5385
5984 5313
5489 5761
6140 5213
6096 5249
6632 4624
5889 5425
6100 5256
6219 5144
6386 5029
5968 5377
5345 5981
6081 5300
6050 5334
5486 5864
5353 6018
6023 5373
5873 5485
4889 6464
6413 5043
6026 5406
5205 6210
5761 5659
6381 5112
5760 5705
6123 5417
5954 5551
6291 5284
6021 5521
6049 5494
6350 5231
5801 5764
6022 5568
6280 5345
6589 4981
6474 5165
5589 6040
6388 5299
6110 5578
5927 5733
5878 5821
5899 5816
6403 5338
6258 5515
5969 5771
6325 5459
6334 5455
6397 5424
6268 5571
6281 5617
6248 5676
6620 5051
6466 5451
6059 5906
5853 6082
5803 6124
5849 6088
6073 5928
6587 5308
6227 5811
6356 5682
6106 5950
6385 5664
6250 5839
5947 6111
6619 5205
6508 5557
6074 6044
6308 5828
6337 5818
6191 5987
6491 5624
6371 5809
6071 6115
6303 5937
6207 6035
6434 5796
6302 6019
6477 5789
6512 5757
6577 5634
5821 6424
6489 5855
6108 6251
6609 5594
6551 5867
6199 6361
6277 6291
6586 5869
6583 5886
6067 6451
6058 6457
6453 6136
6192 6435
6631 5716
6612 5875
6438 6297
6345 6419
6469 6318
6173 6517
6500 6310
5997 6550
6546 6289
6509 6414
6561 6394
6518 6510
6643 6320
167977404 1183258497
1
sift 98
311 95
1901 486
1610 314
340 92
417 100
4076 1486
5106 2045
365 123
622 244
5261 2355
1180 261
1342 380
6280 3163
1025 493
1524 533
1430 605
1875 550
1578 677
1759 681
1783 707
1557 818
1838 754
1803 852
1965 923
2075 886
2089 918
1796 1214
2061 1097
2205 1061
2919 1040
2960 1086
2882 1140
2740 1339
2811 1381
3495 1310
3273 1473
3251 1563
4001 1378
3791 1470
3521 1641
3456 1689
3645 1702
3494 1818
3380 2005
4469 1753
4170 1912
4307 2001
4750 1850
4624 1967
4514 2034
4656 2015
4909 2009
6338 1688
4926 2029
4540 2207
5434 1916
5248 2000
4612 2221
4616 2407
4953 2314
5942 2038
4251 2750
4887 2484
4867 2502
4922 2515
6195 2087
6004 2238
5086 2640
5160 2748
4942 2848
4719 3077
5269 2881
5198 3082
6018 2824
5437 3081
6485 2747
5929 2937
6041 2939
5318 3266
5873 3043
5682 3185
6551 2933
5353 3539
5787 3310
6140 3203
6096 3286
6268 3212
6385 3166
6023 3428
6251 3344
6345 3384
6508 3280
6488 3298
6359 3576
6118 3813
6434 3739
6196 4021
6586 4271
167977404 1188846234
1
sift 559
195 105
280 130
4 1
83 44
306 103
15 9
856 550
536 311
56 32
105 50
244 134
60 31
917 552
620 341
135 67
137 68
647 409
207 72
1015 531
771 458
183 101
220 112
746 394
237 97
1065 516
875 533
245 168
503 170
648 545
298 141
909 584
1391 596
262 180
452 249
634 558
311 158
966 566
1256 964
340 152
568 271
1136 536
330 175
911 605
1785 967
355 183
651 347
1159 562
365 181
1080 583
1814 1559
353 204
815 336
1490 502
377 203
1154 592
2150 1808
410 195
927 491
1610 556
417 205
1068 668
2408 1759
378 247
991 481
1844 791
454 232
1150 620
2765 1733
404 257
1071 542
2619 1258
490 239
1260 732
2298 2001
489 252
1120 655
2431 1402
484 255
1310 737
2887 1736
481 260
1169 674
2505 1583
485 258
1344 881
2416 1979
663 218
1222 644
3465 1824
547 254
1749 996
3080 2173
509 279
1219 685
3422 1949
691 301
1480 1579
3120 2255
621 324
1230 750
3179 2301
622 337
2414 1834
3720 2117
579 369
1303 763
3183 2466
926 268
6311 3592
3647 2342
562 396
1388 740
3543 2272
731 333
3763 2330
560 417
1422 890
4097 2028
608 379
3328 3000
682 359
1460 908
3727 2660
689 362
4947 2125
658 371
1552 1037
4110 2719
718 358
4329 2615
774 346
1901 896
4094 2854
709 395
4417 2672
712 406
3114 1034
4977 2422
742 388
4545 2731
757 400
3462 1478
3808 3256
798 401
4189 3069
766 416
3376 1581
3129 4187
773 430
5165 2600
971 378
3477 2358
4725 2962
996 445
4161 3775
1132 432
5579 1787
4898 3086
743 573
5415 2970
907 482
5723 2840
5030 3150
1098 451
3917 4106
854 535
5449 3012
4830 3479
922 515
5221 3233
776 638
5587 3325
4503 3883
964 554
5443 3358
1180 504
4563 4747
5047 3466
973 599
4544 4172
1088 589
6269 4231
5207 3951
1076 640
5219 3805
1004 693
5135 4460
1233 578
5958 4137
1618 483
6427 3873
924 784
6051 4647
1196 652
6300 4283
1342 630
6529 5498
1328 688
6650 5212
1286 777
1387 767
1430 746
1575 702
1629 687
1524 723
1325 922
1806 684
1514 817
1338 1025
1708 755
1587 909
1491 982
1839 774
1812 793
1693 919
1578 1039
1692 958
1885 866
1733 959
1646 1066
1804 979
1816 978
1682 1074
1759 1043
2017 886
1875 997
2020 901
2033 904
1838 1057
1723 1111
1560 1223
1783 1113
1864 1096
1803 1132
1712 1181
2127 961
1705 1209
1893 1127
2190 971
1928 1159
2014 1137
2634 905
1581 1414
1557 1541
1965 1251
2703 1019
2204 1155
1724 1477
2172 1198
2499 1102
1905 1355
2978 1002
2126 1237
2174 1224
2322 1170
2075 1273
2089 1264
2406 1163
2966 1036
1919 1413
2479 1179
2070 1339
2334 1242
2379 1233
2660 1174
2415 1240
2137 1373
2061 1442
2205 1382
2366 1331
2028 1547
2344 1344
2338 1351
2551 1308
2361 1393
2095 1564
2435 1377
2973 1252
2568 1381
2992 1270
2433 1508
2374 1543
2399 1577
2932 1401
2454 1650
2968 1423
2385 1696
3169 1348
2833 1523
2478 1730
2491 1755
2882 1594
2767 1662
2664 1728
2778 1675
2349 1902
3311 1481
3691 1363
2726 1789
2732 1796
2696 1833
2866 1756
2636 1860
2695 1867
2811 1817
3295 1572
2960 1761
2697 1888
4165 1349
3130 1708
2949 1869
2731 1985
3091 1821
2780 1988
4753 1372
2958 2003
3573 1716
3251 1836
3817 1671
3822 1734
3456 1850
3042 2095
3645 1840
3591 1882
3021 2236
3347 1963
3273 2019
3290 2027
3495 1955
2901 2463
3403 2024
3981 1848
3563 2000
4092 1843
5606 1518
4099 1906
3636 2109
3522 2198
3741 2077
3494 2221
3461 2258
3643 2186
3791 2110
3313 2396
4048 1997
3317 2421
3380 2366
4219 1980
4731 1838
3711 2222
3294 2491
3479 2345
3464 2360
3899 2133
3706 2248
3771 2232
3254 2576
3513 2375
4076 2111
4088 2115
4146 2091
4611 1942
3966 2339
4700 2015
4001 2334
3638 2575
3678 2557
4404 2195
4543 2126
4299 2279
4230 2336
4610 2177
3233 3034
4191 2419
4068 2483
3314 3011
3954 2634
4481 2344
4170 2553
4397 2459
4032 2649
4008 2678
4612 2365
4730 2318
3874 2796
4056 2699
4836 2295
4924 2273
4911 2291
4628 2438
4266 2636
4457 2538
4384 2581
4231 2661
4014 2798
4147 2704
3213 3397
4828 2384
4408 2628
4040 2866
4424 2642
4331 2710
4902 2401
3962 2944
4086 2860
5100 2324
4514 2632
5919 2066
4788 2485
4750 2519
4506 2652
4616 2609
4464 2701
4251 2846
3708 3173
3717 3203
4343 2885
4313 2930
4656 2736
3989 3144
4530 2862
3946 3188
6436 2097
4027 3215
4926 2722
4663 2895
5330 2566
4624 2940
4815 2830
4501 2993
5400 2564
5211 2659
4959 2803
4602 2987
4887 2880
4307 3220
4665 3089
5360 2788
4479 3228
4953 2977
5355 2856
5334 2873
4858 3072
5106 2982
5038 3010
4846 3164
4209 3695
4809 3213
5632 2858
5543 2912
5395 2988
5086 3114
5112 3136
4719 3396
4741 3391
5159 3149
5325 3093
4554 3678
5261 3190
4322 4006
5160 3296
4942 3468
5110 3350
5458 3197
6239 2938
4772 3697
4906 3642
4922 3640
4969 3616
5313 3371
5926 3152
4857 3807
6243 3033
4990 3769
4895 3835
4909 3839
5278 3591
6437 3013
4749 4012
5906 3258
4944 3872
6579 2971
5434 3569
5445 3563
5952 3308
5627 3513
4729 4202
5353 3741
5481 3668
5957 3387
4867 4114
5437 3735
5303 3824
5343 3813
6041 3432
6118 3467
6260 3385
5866 3612
5982 3600
6344 3389
5269 4056
5742 3790
5899 3707
5825 3757
5198 4146
6268 3510
6338 3463
6195 3580
5365 4107
5533 4011
5466 4073
5787 3903
5888 3842
4257 5206
5889 3915
5873 3967
5682 4147
6280 3820
6192 3869
6397 3793
6251 3890
6004 4039
5928 4095
6018 4064
5767 4223
6023 4089
6090 4051
5717 4275
6096 4091
6459 3994
6249 4156
6429 4080
6345 4150
6303 4217
6385 4162
6488 4098
6081 4375
6477 4155
5863 4590
6273 4371
5821 4649
6551 4229
6359 4446
5927 4715
6227 4576
6485 4433
6049 4751
6508 4452
6140 4777
6586 4425
6356 4691
6248 4822
6130 4964
6059 5217
6434 5003
6071 5591
6501 5301
5581 6171
6644 5992
167977404 1446198686
1
sift 165
224 137
568 170
393 151
311 119
340 124
651 313
1194 568
355 127
365 148
1222 518
2322 814
417 132
377 169
1337 551
4092 1290
378 220
454 184
1481 547
5261 2832
489 205
547 191
3477 1504
484 222
672 239
622 276
689 288
682 301
709 316
608 347
798 307
907 455
1180 449
1524 558
1286 675
1431 650
1708 674
1587 719
1579 838
1783 779
1875 749
1759 853
1804 856
1557 992
1838 862
1803 943
1696 998
2703 673
1965 920
2089 929
2075 993
2344 962
2061 1151
2553 1011
2919 935
2399 1114
2767 995
2205 1349
3131 1057
2499 1324
2778 1275
2095 1707
2439 1538
2664 1443
2960 1302
2882 1341
2636 1525
2732 1491
2866 1450
2811 1505
3273 1583
3091 1730
3558 1550
3495 1597
3074 1812
3456 1672
6148 1141
3521 1724
3899 1632
4001 1657
3251 1972
3313 1955
3494 1865
4227 1653
4076 1690
5701 1304
3380 1999
4032 1762
3989 1779
4397 1697
4678 1607
4299 1869
3678 2294
4170 2129
4307 2118
4514 2042
4624 2034
4900 1949
3946 2402
4469 2151
4613 2108
4953 1993
5330 1904
4086 2451
4202 2444
4251 2550
4616 2366
4464 2491
4656 2418
5106 2236
4902 2319
4540 2612
4602 2596
6195 2016
4909 2495
4926 2515
5248 2426
4888 2613
5434 2461
5682 2391
5116 2669
5318 2628
5086 2714
5097 2782
5942 2537
4942 2970
6344 2482
5458 2801
6280 2574
4922 3087
5899 2708
4749 3338
4867 3278
5353 3079
5269 3135
5160 3211
4719 3536
5437 3085
5244 3213
5634 3086
6485 2767
5928 3045
5742 3214
6041 3119
6090 3174
4741 4099
6096 3248
6023 3295
5873 3418
6268 3253
6508 3235
4990 4212
6118 3558
5825 3741
5787 3879
6140 3834
6488 3609
6345 3781
6251 3988
6359 3930
6551 3793
6434 3996
6586 3870
6131 4590
5927 4732
6293 5463
167977404 2011792801
1
sift 298
6095 5493
771 398
56 29
83 44
634 602
183 95
1390 513
105 50
137 60
1136 441
311 135
2832 1335
220 104
568 108
1610 484
340 144
2765 1633
355 141
452 246
1352 790
365 168
3422 1674
377 169
564 223
1844 751
417 158
3080 2078
454 195
815 312
1683 888
490 187
3328 2238
489 220
991 439
1885 893
484 232
3763 2167
547 208
927 451
2634 841
485 245
4110 2597
573 324
1222 608
2505 1684
622 310
4417 2454
718 299
1219 658
4092 1616
682 328
4725 2945
608 359
1169 719
4067 2574
689 337
6529 5071
709 350
1294 671
6243 2654
798 357
757 377
1303 709
4898 3577
773 388
766 394
1337 723
6238 3922
971 354
1039 409
1377 782
6427 5411
907 463
1180 435
1901 803
1618 423
1025 595
3462 1770
1342 503
1088 646
3477 2234
1575 616
1491 725
3981 2248
1524 722
1431 772
5579 2062
1286 853
1839 732
4152 3323
2258 604
1587 855
5449 3040
1708 828
1733 904
1759 909
2017 830
1579 1033
1646 1003
1875 927
1783 962
1557 1133
1804 975
1838 970
2190 846
1696 1088
1803 1045
1796 1094
1723 1146
1965 1101
2703 905
2039 1154
2089 1138
2322 1055
1893 1302
2075 1204
2305 1111
2172 1170
2061 1313
2256 1299
2919 1118
2344 1326
2205 1419
2553 1305
2653 1331
2204 1555
2399 1493
3169 1228
2767 1390
2882 1361
2435 1607
2095 1882
2385 1682
2374 1758
2958 1500
2664 1663
2960 1558
2740 1675
2636 1761
3311 1422
3130 1508
2732 1769
2902 1718
2866 1817
3267 1653
3082 1813
2781 2020
4043 1560
3558 1837
3495 1871
3456 1891
3347 1949
4048 1737
3081 2157
3645 1890
3791 1853
4397 1738
3494 2083
3091 2372
3294 2209
3313 2211
3557 2110
4146 1899
4076 1918
3380 2192
3691 2085
4001 1985
3899 2063
3711 2229
3636 2343
4771 1905
3521 2501
3771 2362
3563 2503
4514 2066
3998 2261
3966 2313
4924 1967
4299 2175
4032 2337
4801 2097
3874 2560
5100 2070
3954 2588
3822 2660
4170 2495
4008 2576
4481 2346
3989 2609
3946 2671
3678 2843
4191 2583
4902 2290
4408 2558
4307 2623
4692 2429
4040 2785
4313 2677
5330 2204
4836 2418
4458 2624
4086 2857
4900 2442
4750 2519
4699 2606
4202 2918
4612 2675
4911 2563
4656 2720
4788 2676
4616 2790
5106 2564
4602 2847
5942 2329
4624 2906
4556 2944
4251 3107
3708 3451
4887 2775
5886 2397
5248 2630
4953 2763
4926 2850
6375 2350
4809 3025
4867 3031
5877 2686
5086 3011
5097 3018
4719 3223
4959 3159
5261 3062
4909 3194
5355 3048
5325 3067
6195 2800
5110 3182
5434 3083
4729 3467
4922 3373
4942 3366
5112 3296
3233 5170
6004 3006
5318 3229
4749 3586
5627 3138
5278 3344
5160 3406
4741 3696
5458 3277
5269 3429
5899 3209
5437 3440
5211 3567
6344 3112
5889 3305
5926 3286
6018 3297
6437 3146
5866 3396
5366 3648
5928 3369
6280 3268
5120 3962
5634 3634
6041 3445
5825 3576
4990 4074
5742 3632
5466 3764
5873 3582
6268 3398
6397 3338
5353 3886
5787 3692
6023 3677
6249 3629
4722 4610
6096 3785
5888 3941
5244 4306
6118 3866
6210 3936
6485 3779
6434 3832
6586 3719
6251 4102
6551 3926
6508 3972
6477 4004
6131 4338
6345 4264
6303 4339
6359 4334
5927 4773
6140 4803
6021 6128
167977404 2118799435
1
sift 70
340 76
5261 1913
311 80
365 86
5106 2052
672 169
1025 483
6280 2579
1286 687
1708 525
1839 529
1783 653
1759 699
1838 681
1557 804
1803 803
1965 855
2305 826
2061 1024
2205 1038
2919 857
2960 993
2882 1142
2740 1240
3791 1259
3291 1393
3273 1416
4001 1260
3251 1508
3495 1438
3456 1676
3494 1690
3380 1768
4227 1531
2901 2065
4902 1507
4469 1633
4307 1803
4514 1796
4170 1904
5434 1618
6195 1526
6004 1649
4540 2068
4616 2072
4887 2136
5097 2197
6018 2082
5086 2357
5160 2388
5682 2286
4719 2899
5353 2689
5458 2728
5928 2628
5873 2709
6485 2596
5787 2919
6551 2717
6508 2761
6251 2926
6345 2938
6488 2878
6268 3061
6434 3018
6359 3054
6118 3166
6140 3306
6196 3691
6586 3433
167977404 2119627969
1
sift 2931
11 15
9 13
1 2
21 16
13 18
4 8
25 31
32 38
15 21
39 43
36 45
17 20
42 46
50 67
18 19
46 49
74 87
22 24
48 64
103 107
20 28
54 66
100 112
23 27
68 75
109 118
24 26
79 83
120 121
27 34
91 92
118 129
35 35
94 88
138 152
29 40
88 101
140 149
34 37
96 96
153 155
41 47
104 123
147 159
43 53
116 141
159 158
45 50
133 145
168 193
44 54
143 147
181 195
51 51
149 163
185 203
52 68
163 168
189 201
56 70
200 192
190 214
55 72
193 222
211 224
57 71
195 211
218 235
62 73
219 230
228 226
60 77
259 257
260 248
61 79
261 288
247 321
63 78
300 279
248 273
66 76
264 315
292 292
64 80
274 308
288 296
67 82
315 311
322 289
70 84
329 354
293 300
85 86
266 379
280 313
83 89
381 351
313 342
86 98
343 447
317 345
80 105
412 398
321 338
97 91
432 424
339 359
93 95
442 509
356 361
92 97
502 489
335 384
90 106
464 546
375 335
99 99
421 645
364 403
101 108
504 535
400 409
106 109
517 550
415 401
105 111
557 567
416 428
108 114
528 606
411 458
107 120
570 595
455 467
111 116
521 654
430 471
112 119
642 556
469 459
130 124
609 676
449 504
115 136
628 688
461 490
127 128
677 656
505 442
125 134
644 680
451 517
129 142
638 715
471 508
134 137
649 704
522 496
155 131
629 732
486 620
135 144
696 717
523 584
137 153
867 587
536 612
146 151
707 728
540 618
165 173
730 817
548 613
167 172
720 845
640 661
171 181
778 782
560 630
174 182
806 757
620 701
206 161
805 766
688 675
192 183
715 862
661 719
179 204
719 942
736 740
177 210
737 936
700 816
186 200
789 873
755 752
183 216
898 762
722 826
208 189
826 904
761 807
180 229
856 916
747 888
199 208
925 896
793 839
203 215
881 969
771 867
212 217
966 921
823 843
207 236
868 1018
807 890
226 221
1015 934
791 898
220 233
888 1011
862 902
214 244
885 1044
841 950
209 247
911 994
913 886
235 239
920 1022
896 928
205 312
915 999
855 961
245 250
917 1057
945 906
241 258
909 1012
879 977
239 265
965 1019
903 956
233 276
943 1006
875 1017
237 281
956 1063
1113 835
244 274
1001 1030
849 1062
252 271
1137 931
961 954
276 261
987 1073
1104 861
262 293
1217 877
1018 945
328 270
1068 1015
1117 881
267 314
908 1248
1149 993
254 336
980 1184
1046 1116
268 319
1012 1150
1022 1170
286 306
1009 1167
1077 1088
277 307
1052 1108
1057 1208
341 280
1048 1122
979 1306
270 341
1027 1168
1449 874
287 317
1121 1064
1097 1220
303 324
983 1267
1064 1314
311 323
1065 1137
1373 1045
295 334
1090 1175
1279 1244
298 343
1041 1201
1153 1376
284 352
1105 1209
1141 1395
312 347
1096 1133
1166 1397
347 322
1150 1135
1470 1083
357 320
1080 1254
1256 1353
319 357
992 1361
1466 1347
308 364
1161 1157
1400 1455
354 325
1424 919
1383 1534
324 355
1129 1225
1447 1520
330 353
1111 1262
1474 1528
314 377
1254 1104
1390 1648
332 363
1143 1263
1409 1652
346 358
1140 1245
1487 1624
305 388
1191 1221
1570 1577
333 370
1154 1272
1564 1581
271 413
1151 1324
1573 1579
340 367
1162 1329
1576 1601
336 373
1245 1280
1555 1679
353 369
1218 1305
1669 1631
351 372
1274 1264
1600 1711
359 368
1238 1296
1648 1672
338 389
1297 1294
1730 1570
361 365
1310 1298
1678 1651
342 399
1321 1339
1659 1691
382 350
1284 1371
1556 1857
352 391
1107 1563
1690 1752
358 395
1246 1409
1631 1794
373 375
1426 1232
1953 1507
327 436
1302 1372
1711 1818
362 393
1382 1359
1477 2130
310 483
1433 1265
1614 1970
290 505
1360 1391
1902 1683
371 402
1241 1467
1635 1953
372 404
1381 1411
1847 1753
365 419
1345 1414
1642 1998
378 406
1268 1505
1775 1851
368 437
1370 1431
1776 1905
376 412
1214 1580
1829 1876
413 385
1407 1393
1939 1798
387 407
1296 1537
1817 1950
393 408
1480 1348
2178 1596
392 410
1401 1460
1761 2052
388 420
1354 1514
1785 2043
389 418
1344 1527
1666 2166
370 455
1408 1461
1849 2010
396 415
1176 1764
1874 2005
383 451
1365 1544
1968 1975
395 431
1215 1786
1975 1959
404 432
1450 1438
2122 1817
409 423
1453 1488
1814 2164
406 439
1765 1403
1807 2186
410 443
1494 1671
1892 2111
394 485
1357 1974
1747 2266
386 503
1501 1719
1652 2472
414 460
1478 1791
1613 2572
437 444
1540 1723
1886 2205
448 433
1568 1760
2193 1898
424 465
1658 1680
1834 2298
417 477
1389 2089
1969 2244
428 466
1643 1724
1826 2496
423 474
1622 1768
1940 2313
433 475
1639 1778
2242 2042
452 473
1623 1809
1921 2453
419 502
1818 1609
1941 2469
426 499
1662 1790
2098 2256
429 497
1686 1805
2257 2237
443 495
1584 1990
2164 2351
456 480
1599 1978
2173 2316
453 493
1699 1894
2112 2522
440 510
1740 1866
2155 2501
462 488
1721 1904
2503 2185
466 487
1772 1892
2049 2677
434 530
1727 1918
2268 2382
498 464
1749 1935
2249 2430
408 568
1865 1877
2316 2417
420 553
1848 1934
2412 2343
520 456
1884 1923
2244 2539
459 533
1918 1922
2428 2368
492 513
1881 1989
2216 2589
436 594
1823 2081
2255 2606
484 531
1710 2190
2736 2219
508 515
1809 2119
2514 2357
493 529
2354 1614
2394 2510
474 560
2103 1824
2663 2290
489 545
1906 2083
2416 2531
470 583
1956 2066
2421 2529
515 542
2284 1796
2299 2698
490 573
1963 2091
2398 2593
527 540
2119 1930
2231 2820
511 552
1895 2180
2289 2754
507 562
2151 2039
2395 2639
664 476
2329 1927
1966 3396
533 547
2100 2193
2460 2660
538 544
2211 2188
2722 2495
564 537
2253 2221
2609 2582
568 538
2111 2396
2363 2911
542 561
2163 2415
2408 2875
537 565
2260 2449
2769 2521
531 590
2294 2489
2606 2686
524 598
2585 2291
2521 2824
475 690
2481 2377
2425 2900
534 608
2423 2465
2714 2707
574 593
2414 2564
2584 2732
543 625
2594 2432
2791 2669
558 609
2558 2577
2645 2751
575 600
2534 2607
2278 3327
555 619
2685 2638
2318 3138
588 579
2710 2620
2856 2755
619 564
2582 2779
2298 3450
552 646
2569 2802
2623 3090
547 658
2564 2898
2674 3050
491 783
2779 2726
2577 3193
573 633
2707 2968
2765 2957
580 628
2921 2781
3622 2299
579 632
2689 3147
2850 3008
562 657
3157 2627
3238 2613
569 650
2803 3007
2625 3289
617 601
3216 2605
2839 3104
572 652
3229 2635
2864 3081
585 636
2912 3000
2725 3250
599 643
2640 3283
2887 3119
480 883
3407 2571
3101 2924
601 653
2782 3208
2950 3068
596 664
2235 4096
2861 3247
594 668
3063 3165
2817 3223
726 582
3186 3017
2865 3242
525 802
2807 3452
2705 3425
603 665
2885 3427
3092 3036
756 566
3011 3304
3080 3180
633 648
3511 2893
3523 2790
655 635
2588 4109
3024 3284
600 692
3428 3005
3503 2812
621 671
3508 2977
3545 2799
635 670
3315 3163
2739 3648
625 684
2872 3898
3105 3227
622 694
3163 3500
2838 3557
634 697
3288 3355
2512 4315
578 769
3041 3821
3111 3326
647 691
3089 3762
3430 3018
583 764
3361 3381
2953 3562
597 747
3265 3546
3374 3106
631 718
2989 4178
3519 2992
711 649
3352 3498
2870 3933
675 700
3375 3579
3162 3459
666 708
3298 3704
3138 3569
639 724
3487 3503
3219 3410
683 699
3470 3625
4079 2848
546 875
3589 3605
3281 3402
673 725
3378 3971
2993 3920
651 744
3302 4137
3193 3542
678 731
3277 4197
3607 3291
767 642
3615 3848
3244 3602
685 729
3644 3811
3328 3540
643 751
3752 3759
3710 3274
611 795
3703 3878
3965 3132
659 749
3757 3852
3516 3428
680 738
3996 3594
3474 3487
703 721
3507 4221
3373 3580
657 758
3728 3972
3421 3543
608 820
3654 4250
3327 3665
682 760
3889 3997
3215 3856
674 773
4005 3946
3284 3763
689 756
3826 4262
3206 3892
729 722
4011 3940
3355 3663
691 771
3663 4542
3386 3641
698 763
4164 4033
3155 4058
669 797
4546 3683
3685 3415
709 754
4134 4126
3518 3572
607 869
3961 4383
3260 3932
694 780
4287 4132
3526 3583
710 786
3830 4656
4814 2827
810 696
4207 4227
3149 4182
708 800
4118 4344
3789 3441
718 792
3875 4587
3422 3806
728 791
4111 4354
3489 3727
783 735
4216 4304
4066 3272
712 813
4039 4515
4302 3204
763 750
4182 4345
3241 4235
714 814
4098 4468
4153 3307
742 787
4566 3975
3609 3773
733 804
4929 3631
3688 3729
701 841
3993 4654
3675 3769
749 784
4007 4694
3616 3871
739 812
5217 3575
3160 4578
772 768
4734 3976
3599 3938
702 852
3928 4841
3734 3863
760 794
4393 4428
3164 4678
754 824
4726 4057
3706 3977
769 811
4632 4177
4013 3645
757 828
3883 5009
4334 3485
784 805
3847 5057
3936 3812
786 808
3985 5107
3888 3965
746 850
3958 5195
3647 4222
637 1105
4352 4784
3940 3945
774 880
4058 5071
3808 4129
1032 709
4671 4581
3668 4350
764 900
4368 4898
3837 4191
816 868
4623 4662
3707 4443
798 892
4200 5075
3933 4166
768 941
3664 6004
3321 5013
762 960
5013 4335
3917 4364
773 949
4471 4922
3805 4557
828 872
4486 4906
4035 4321
962 774
4377 5099
4078 4257
815 911
4395 5080
4186 4161
834 882
4765 4737
4176 4163
835 878
5646 4032
3662 4764
861 863
5075 4554
3932 4453
782 988
4774 4819
4233 4123
832 917
4593 5049
3820 4601
1034 775
4308 5496
4045 4458
818 952
3716 6630
5188 3420
873 879
4904 4826
3746 4796
854 913
5273 4568
3827 4723
842 937
5187 4692
4105 4434
864 903
4876 4966
4286 4281
882 887
4376 5814
4584 3949
776 1080
5119 4883
3720 4891
874 929
4198 6228
4466 4125
901 907
5092 4958
4121 4535
897 935
4046 6528
4320 4334
1087 819
5525 4647
3384 5519
780 1160
5178 4905
4161 4538
887 943
5141 4947
4304 4424
844 1020
5018 5045
4538 4164
850 1009
4961 5139
4845 3864
1130 818
5007 5135
4329 4439
878 990
4451 5993
4361 4467
812 1148
4560 5847
4016 4809
738 1342
5503 4831
4532 4297
883 997
4796 5553
4109 4732
924 962
4884 5424
5279 3596
932 968
4785 5581
4328 4546
939 958
4995 5322
4258 4670
857 1050
6288 4368
4156 4759
989 927
5061 5315
3877 5105
830 1140
5480 4931
3815 5232
931 995
5327 5054
4405 4611
950 981
5156 5251
4018 4988
845 1123
5601 4893
3887 5146
963 982
5505 4985
4221 4882
1036 923
5670 4926
4298 4923
907 1043
5124 5435
5387 3918
934 1034
5312 5212
4419 4833
904 1066
5125 5446
4935 4332
1073 909
4559 6390
5043 4293
922 1072
5631 5031
4752 4592
941 1046
4495 6602
5562 3979
837 1230
5127 5644
4685 4776
1007 989
5290 5461
4672 4822
1025 970
5461 5278
4114 5564
870 1177
5383 5495
3833 6093
894 1110
4793 6361
4293 5375
972 1035
5201 5798
4371 5288
969 1036
4387 7024
4453 5185
893 1121
5418 5549
5403 4324
949 1075
5137 5922
5014 4658
948 1077
4716 6625
4512 5177
944 1084
6098 5076
4830 4836
1000 1028
5890 5274
5219 4543
1010 1021
5439 5818
4727 5108
991 1039
4640 6947
5379 4576
927 1118
5233 6111
4545 5372
1030 1007
5534 5749
5074 4873
947 1102
5375 5999
4522 5604
1072 975
5280 6158
5003 5015
1053 1003
5441 6140
5881 4509
891 1204
5568 6211
4706 5619
958 1106
6476 5328
4952 5247
929 1162
5679 6281
4781 5526
1013 1054
6031 5982
5288 4965
933 1174
5548 6627
4667 5774
964 1109
5645 6586
4802 5528
1116 964
6396 5831
5108 5226
982 1092
5840 6567
4378 6426
973 1099
5975 6494
5357 5024
960 1115
6009 6611
4861 5672
1364 830
6346 6304
4931 5631
912 1224
6311 6354
4757 5986
895 1243
6158 6574
4980 5600
1054 1041
5891 6828
5453 5094
970 1154
6296 6525
5194 5396
1047 1053
6318 6510
4989 5714
889 1270
5992 6880
5443 5219
993 1130
5850 7020
5135 5693
1003 1132
6558 6406
4879 6079
1026 1096
5951 7071
4569 6711
996 1151
6156 7059
5492 5284
952 1217
6390 7070
5500 5402
1441 809
6625 6623
4609 6721
936 1250
6566 7131
5021 6169
946 1241
4551 6888
967 1226
5569 5497
1651 742
5207 5953
1033 1138
4659 6809
1076 1093
5391 5794
1042 1155
5284 5936
1056 1143
5563 5646
1005 1215
5223 6063
1029 1181
5872 5422
1115 1070
5572 5813
1043 1158
5240 6301
1039 1173
5598 5859
1062 1144
5550 5913
919 1337
5221 6352
1098 1114
4939 6767
1112 1097
5450 6132
1095 1129
5372 6273
1081 1152
5537 6101
1050 1210
4947 6854
1017 1260
5088 6700
1069 1195
5574 6163
1067 1203
4813 7041
1066 1207
6374 5320
1002 1289
5485 6343
1181 1085
5467 6368
938 1402
6365 5459
1085 1235
6317 5566
1040 1286
5811 6165
1120 1202
6152 5866
1020 1313
6027 6050
984 1373
5626 6552
1139 1185
5867 6322
1136 1199
5323 6932
1298 1027
6055 6160
1079 1277
5755 6470
1100 1268
5715 6550
1221 1117
6211 6068
988 1410
6553 5577
1223 1125
5522 6853
1133 1253
5499 6890
1164 1212
6354 5962
1006 1400
5835 6681
1109 1288
6611 5527
1124 1287
6431 6062
1114 1311
6481 6020
1182 1227
5806 6852
1226 1192
5773 6935
1108 1325
6221 6452
1044 1387
5737 6985
1448 966
5827 6918
1308 1094
6204 6554
1237 1193
5958 6813
1199 1240
6087 6908
1175 1274
6125 6963
1325 1131
5974 7108
1159 1300
6261 6878
1202 1283
6471 6969
1290 1200
6240 7136
1244 1247
6401 7126
1235 1261
1224 1276
1351 1166
1222 1282
1160 1355
1157 1360
998 1560
1255 1279
1319 1257
1188 1384
1209 1396
1272 1351
1318 1315
1541 1060
1194 1427
1421 1233
1200 1450
1285 1382
1236 1425
1358 1338
1184 1492
1275 1423
1261 1434
1204 1501
1232 1477
1251 1459
1305 1422
1281 1446
1343 1408
1350 1407
1429 1304
1271 1476
1313 1453
1336 1437
1337 1445
1387 1426
1282 1521
1519 1293
1451 1368
1508 1320
1301 1533
1506 1333
1330 1515
1328 1522
1332 1525
1398 1462
1326 1551
1406 1470
1324 1603
1132 1890
1291 1644
1416 1485
1346 1582
1497 1415
1634 1299
1385 1565
1342 1625
1384 1575
1446 1483
1620 1343
1531 1413
1460 1484
1165 1906
1234 1825
1444 1519
1369 1667
1329 1714
1445 1535
1473 1530
1452 1566
1454 1569
1524 1498
1488 1547
1430 1615
1428 1630
1335 1810
1420 1662
1455 1608
1338 1823
1588 1481
1500 1567
1509 1568
1475 1628
1436 1698
1526 1578
1545 1555
1414 1756
1514 1636
1484 1684
1520 1639
1507 1649
1456 1727
1415 1819
1376 1901
1672 1494
1554 1605
1544 1626
1417 1837
1529 1685
1534 1670
1601 1593
1469 1797
1527 1699
1581 1640
1486 1776
1560 1682
1624 1604
1558 1692
1490 1787
1362 2024
1708 1552
1533 1761
1571 1720
1611 1687
1565 1735
1567 1739
1481 1881
1585 1728
1697 1618
1590 1745
1609 1747
1671 1686
1547 1846
1485 1944
1530 1882
1575 1843
1499 1942
1628 1792
1594 1832
1646 1772
1516 1941
1876 1543
1645 1785
1539 1907
1569 1884
1713 1703
1397 2143
1695 1726
1641 1828
1413 2132
1629 1848
1587 1897
1574 1925
1687 1801
1706 1771
1743 1729
1737 1755
1685 1836
1638 1902
1577 1977
1729 1804
1626 1936
1610 1954
1736 1806
1528 2061
1607 1972
1819 1751
1472 2162
1780 1813
1723 1865
1625 1993
1513 2123
1839 1759
1709 1899
1714 1914
1936 1690
2052 1558
2063 1553
1770 1895
1733 1919
1783 1896
1578 2108
1797 1887
1806 1872
1705 1971
2010 1660
1760 1931
1696 2002
1777 1938
1692 2017
1654 2068
1879 1853
1676 2062
1810 1947
1856 1893
1917 1829
1931 1821
1751 2007
1804 1979
1799 1996
1878 1903
1745 2027
1811 1988
2076 1673
1894 1900
1803 2008
1832 1982
1844 1963
1957 1859
1702 2120
1821 2021
1815 2029
1816 2028
1766 2086
1800 2070
1703 2154
1924 1948
1880 2004
1734 2131
1950 1924
1801 2100
1563 2385
1863 2033
1875 2034
1864 2041
1909 2003
2314 1610
1871 2048
1845 2074
2210 1700
1557 2474
1592 2416
1926 2013
1755 2183
1752 2197
1992 1967
1728 2228
1888 2087
1958 2012
1824 2159
1893 2096
1948 2035
1944 2080
1896 2138
1988 2051
1927 2112
1653 2508
2011 2045
1928 2128
1796 2297
1901 2174
1738 2388
1984 2103
1987 2118
1889 2243
2106 2009
2382 1833
1795 2428
1830 2364
2030 2104
2203 1962
1925 2250
2499 1793
2085 2071
2028 2124
2090 2069
1763 2534
1842 2395
1899 2296
1933 2267
1841 2434
1945 2260
2070 2126
1985 2248
1885 2425
1732 2682
2016 2232
2023 2227
1934 2356
2020 2246
2081 2163
2040 2203
1982 2301
1905 2439
2001 2283
1859 2546
1919 2444
2061 2208
2006 2318
2075 2213
2014 2320
2017 2311
2043 2258
2086 2218
2104 2201
2144 2170
2041 2272
2021 2342
2114 2211
2048 2292
2110 2229
1980 2442
2032 2329
1962 2506
2146 2216
2071 2289
2000 2440
2236 2151
2295 2116
2078 2293
2089 2273
1965 2523
1813 2835
2319 2106
2263 2150
1771 2953
2219 2195
2207 2206
2191 2226
2162 2308
2400 2142
2256 2235
2614 2040
2109 2404
2088 2437
2009 2624
2200 2310
2126 2406
2095 2451
2452 2140
2187 2334
1990 2690
2136 2409
2094 2476
2077 2518
2233 2315
2259 2287
2167 2391
2137 2459
2204 2370
2205 2373
2065 2581
2267 2336
1923 2935
2068 2616
2224 2397
2148 2528
2083 2637
2128 2567
2140 2555
2349 2314
2454 2241
2227 2445
2245 2446
2198 2507
2833 2084
2228 2491
2232 2500
2391 2339
2379 2347
2393 2344
2118 2684
2209 2547
2264 2509
2273 2503
2915 2073
2186 2586
2281 2494
2133 2693
2442 2330
2247 2536
2355 2407
2258 2530
2380 2399
2221 2576
2376 2410
2482 2331
3028 2058
2626 2253
2252 2583
2175 2701
2044 2934
2306 2540
2292 2568
2248 2625
2513 2362
2358 2513
2229 2656
2239 2672
2455 2443
2322 2573
2172 2784
2277 2654
2435 2493
2450 2486
2336 2595
2556 2387
2461 2484
2888 2182
2541 2420
2189 2805
2337 2641
4205 1702
2340 2636
2538 2464
2213 2804
2123 2970
2225 2815
2458 2551
2405 2629
2586 2466
2183 2918
2308 2734
2053 3166
2496 2579
2432 2646
2459 2621
2127 3067
2272 2862
2362 2743
2457 2651
2533 2597
2546 2599
2007 3423
2490 2663
2437 2716
2440 2715
2031 3330
2532 2634
2369 2811
2448 2725
2470 2708
2531 2662
2506 2694
2350 2858
2491 2711
2753 2473
2368 2849
2311 2930
2403 2854
2486 2748
2446 2795
2500 2742
2338 2937
2509 2753
2479 2778
2276 3030
2543 2729
2374 2925
2359 2936
2537 2735
2343 2949
2601 2685
2488 2787
2115 3303
2334 2979
2472 2813
2159 3249
2190 3203
2301 3039
2288 3087
2561 2759
2525 2808
2515 2821
2619 2718
2371 2981
2305 3076
2426 2932
2745 2608
2699 2676
2934 2485
2673 2717
2540 2850
2463 2927
2648 2744
3232 2247
2547 2847
2520 2882
2498 2919
2695 2728
2574 2843
2535 2896
3340 2220
2657 2793
2551 2894
2475 2984
2422 3049
2696 2782
2676 2810
3078 2435
2581 2910
2783 2712
2523 2987
2667 2855
2406 3142
2841 2681
2892 2644
2375 3186
2754 2763
2285 3310
2505 3035
2553 2991
2562 2988
2430 3141
2568 2983
2620 2951
3055 2542
2879 2713
2566 3020
2712 2901
2851 2760
2597 3012
2716 2921
2729 2904
2456 3195
2559 3092
2813 2826
2386 3312
2637 3033
2883 2789
2806 2868
2991 2723
2740 2947
2629 3075
2882 2836
2697 3025
3139 2560
2502 3241
2687 3048
2611 3145
2703 3041
2651 3126
2961 2800
2849 2912
2867 2897
2786 2956
2702 3066
2881 2892
2600 3182
2664 3135
2684 3127
2655 3161
2668 3158
2972 2844
2654 3177
2692 3154
3042 2783
2829 3016
3129 2700
2778 3061
2578 3279
2590 3271
2718 3172
3165 2689
2524 3366
2706 3201
2767 3123
2700 3209
2994 2915
2853 3046
2854 3062
2615 3300
3141 2746
2675 3276
2846 3101
2949 3002
2979 2976
2477 3499
2761 3196
2843 3144
3596 2470
2365 3734
2763 3231
2690 3321
2873 3139
2957 3065
2732 3277
2811 3214
2928 3112
2823 3225
2905 3151
2933 3124
2802 3248
2366 3845
2792 3255
2983 3080
2982 3094
3137 2889
2969 3115
2607 3469
2730 3329
3696 2505
2981 3129
2842 3254
2932 3169
3107 2950
2904 3199
2973 3153
3283 2777
2485 3740
2478 3755
3927 2403
2633 3515
2510 3714
2752 3374
2471 3798
2583 3616
2726 3453
2964 3237
2785 3378
2951 3262
2489 3862
2254 4416
2896 3313
2796 3414
3322 2860
3069 3162
2795 3426
2992 3252
3235 2952
2998 3267
3022 3261
2844 3445
2895 3379
3197 3060
2935 3368
2605 3835
2747 3618
2908 3439
2974 3377
2967 3399
3531 2845
2946 3435
3073 3281
2750 3685
3110 3243
2866 3537
2913 3506
3093 3315
2758 3758
2968 3479
3130 3265
2876 3585
3213 3192
3099 3325
3087 3341
3060 3372
3115 3297
2831 3701
2780 3796
2971 3529
3085 3373
3067 3434
2918 3638
2925 3628
3058 3456
2937 3621
2557 4360
3465 3064
2980 3624
3246 3270
2966 3681
3183 3335
2742 4059
3143 3388
3166 3357
3070 3511
3294 3260
3556 3055
2771 4022
3753 2943
2938 3817
3132 3471
3200 3385
3031 3673
3170 3437
3337 3295
3776 2994
3295 3346
2923 3929
3680 3072
3004 3828
3053 3724
2997 3846
3096 3650
2891 4034
3032 3787
3239 3448
3402 3293
3259 3431
2984 3912
2869 4135
3585 3211
3116 3677
3064 3816
3027 3886
3052 3841
2878 4200
3223 3544
3289 3468
3156 3651
2960 4103
3300 3486
3114 3784
3147 3735
3071 3897
3185 3667
3306 3508
3484 3347
3290 3535
3305 3531
3256 3588
3497 3351
3126 3834
3452 3405
3347 3505
2929 4309
3169 3786
3521 3369
3218 3710
3201 3739
3261 3646
3081 4010
3222 3725
3569 3358
3385 3509
2959 4338
3417 3496
3014 4231
4428 2877
3590 3384
3310 3654
3857 3215
3276 3718
3443 3525
3051 4207
3441 3533
2824 4666
3095 4131
3303 3728
3412 3584
3486 3520
3100 4158
4366 2980
3020 4394
3646 3433
3199 3954
3258 3860
3648 3438
3002 4456
3304 3804
2826 4770
4548 2905
3225 3944
3360 3747
3488 3582
3190 4030
3458 3604
3353 3765
3824 3339
3273 3879
3171 4087
3341 3793
3478 3610
3272 3905
2644 5198
3220 4039
3344 3826
3400 3753
2816 4862
3357 3824
4171 3178
3351 3839
3495 3653
3535 3609
3492 3687
3234 4080
3548 3649
3462 3743
3313 3967
3701 3519
3579 3642
2978 4710
3538 3726
3376 3910
3510 3749
3204 4224
3181 4302
3636 3636
3621 3664
3742 3536
4237 3235
3549 3752
3592 3702
3534 3772
3754 3551
3398 3934
3179 4353
3587 3746
3439 3908
3312 4114
3639 3697
3429 3941
3456 3906
3307 4155
3445 3936
3451 3924
3038 4728
3104 4589
3431 3991
3279 4243
4059 3375
3437 4006
3296 4246
3890 3504
3348 4156
3403 4082
3765 3659
3784 3634
3539 3917
3490 3974
3446 4048
3860 3560
3638 3823
3326 4249
3382 4179
3699 3785
3572 3930
3605 3901
3603 3916
3393 4213
3568 3984
3574 3981
3448 4146
3816 3711
3525 4053
3380 4256
3540 4065
4036 3518
4335 3332
4397 3311
3329 4378
3522 4093
4712 3155
3650 3964
3915 3657
3118 4808
3618 4037
4043 3565
3582 4088
3690 3960
4475 3308
3938 3699
3251 4615
3629 4076
3536 4236
3678 4055
3266 4628
3865 3809
3370 4477
3980 3722
3563 4216
3623 4145
3513 4284
3480 4342
3660 4120
3632 4170
3666 4111
3652 4128
3807 3939
3717 4070
3809 3942
3651 4148
3787 3989
3672 4124
3766 4020
3718 4090
3461 4422
3792 4009
4008 3766
3634 4228
3698 4140
3459 4454
4173 3622
3177 4896
3869 3922
3583 4331
3919 3889
3658 4272
4106 3744
3874 3978
3951 3904
3550 4432
4101 3764
3797 4112
3731 4212
3210 4907
3558 4448
3693 4286
3900 3995
4299 3601
3730 4259
3485 4559
3964 3969
3620 4413
3424 4648
3643 4388
3926 4029
3656 4391
4204 3750
3645 4415
3566 4514
3957 4042
3779 4280
3948 4078
3722 4363
3524 4605
3301 4920
3791 4310
4150 3866
3292 4941
3947 4105
3371 4823
4631 3476
3828 4270
3679 4460
3433 4772
3758 4401
3906 4211
3410 4832
3677 4517
3822 4352
3849 4303
3709 4498
3998 4142
3781 4436
4657 3523
4866 3387
3896 4291
3711 4544
4230 3950
3817 4438
3937 4285
3562 4730
3691 4588
3842 4405
3956 4301
4054 4176
4316 3895
4301 3919
4081 4152
3655 4685
4430 3815
3345 5052
3858 4440
3714 4636
4166 4117
4700 3581
4406 3876
3705 4667
3894 4445
3881 4474
3771 4625
4044 4326
4083 4268
4085 4288
4152 4234
3904 4529
4388 4046
3689 4814
3783 4713
4425 4001
3411 5179
3935 4548
3512 5022
4235 4229
3796 4719
4297 4168
3943 4553
4201 4275
3946 4560
3987 4520
4266 4214
4049 4449
4124 4386
3769 4774
4553 3902
4224 4294
4188 4328
3502 5089
4192 4329
3979 4561
3494 5122
4180 4365
3674 4910
4248 4307
4040 4523
3723 4869
4126 4444
4075 4497
4086 4490
4409 4139
4383 4183
4191 4395
4102 4494
4155 4437
3356 5491
3483 5221
3959 4668
3821 4820
4178 4442
3886 4733
4146 4484
4051 4573
4010 4618
3571 5140
4108 4536
3963 4704
3542 5222
4092 4567
3960 4718
4027 4651
3314 5762
3732 5027
3924 4800
3863 4858
4024 4714
4170 4569
4284 4485
4373 4403
4575 4157
4020 4748
3154 6362
4117 4660
3708 5124
4123 4675
4394 4408
4279 4532
3694 5180
4309 4518
3735 5137
4097 4739
3577 5433
3989 4846
4392 4469
4278 4580
3844 5003
4263 4600
3686 5256
4067 4779
3991 4877
4357 4541
4160 4720
4232 4664
4038 4842
4276 4632
4359 4563
4210 4709
4447 4479
4567 4337
3976 4945
3905 5007
4549 4367
3918 5012
4274 4681
4433 4531
3551 5678
4032 4928
4478 4492
4950 3985
4628 4351
3743 5324
4474 4508
4723 4242
4807 4138
4595 4387
4220 4781
4441 4586
3966 5065
4099 4929
3954 5100
4446 4612
4479 4579
3472 5980
4340 4742
4273 4817
4225 4853
4322 4769
4374 4726
4088 4996
4291 4803
3755 5545
4983 4121
4048 5056
4154 4963
4012 5130
4557 4585
4601 4564
3786 5571
4147 5006
4421 4758
3983 5234
4541 4646
4218 4968
4029 5214
4211 5002
4245 4977
4184 5042
4247 4992
4469 4766
3978 5366
4229 5038
4313 4960
3893 5508
4002 5364
3667 5992
4633 4672
4283 5018
4072 5272
4729 4572
4426 4878
4023 5359
3945 5522
4289 5029
5325 4044
4735 4607
4498 4856
4440 4934
4100 5339
4292 5072
4257 5148
3868 5719
5046 4376
5781 3797
3737 6056
4125 5358
4282 5170
4510 4903
4196 5295
3790 6033
5826 3813
3929 5772
4315 5192
4812 4659
4656 4825
4254 5296
4484 4999
4610 4865
5114 4418
4139 5487
5911 3831
4599 4912
4370 5193
4589 4943
5374 4263
4358 5267
4403 5208
4194 5552
5390 4313
4984 4650
4459 5182
4443 5201
5316 4377
4151 5649
4240 5537
4482 5162
4270 5507
4324 5415
4750 4864
4319 5485
4525 5164
4828 4828
5528 4261
4404 5345
4731 4942
4506 5200
4272 5587
5103 4631
4384 5426
4244 5681
4214 5717
4597 5115
4839 4851
5066 4691
4921 4807
4217 5742
4856 4849
4530 5240
4517 5305
3974 6243
4467 5403
4663 5110
4653 5141
4116 5976
4901 4867
4911 4876
4381 5590
4485 5401
4665 5160
4615 5231
4692 5129
4004 6260
3922 6410
4349 5721
4435 5584
5454 4530
4415 5647
4529 5469
4364 5759
4602 5344
5547 4496
4639 5321
4091 6233
4703 5218
4507 5531
4480 5588
4790 5112
4389 5788
4626 5384
4537 5525
4396 5781
4540 5536
4838 5074
3879 6647
5025 4925
5100 4855
4344 5883
5545 4547
4971 4984
4536 5562
4528 5598
4138 6279
4677 5376
5216 4815
4846 5143
5747 4472
4464 5815
4724 5377
4815 5262
5056 5021
4691 5482
4424 5929
4719 5440
4975 5104
4986 5132
4555 5777
4777 5400
4280 6292
4842 5319
4751 5472
4547 5827
4588 5767
4797 5421
5086 5078
4065 6701
4579 5844
5560 4752
4895 5325
4972 5237
4606 5816
4844 5406
4788 5504
4193 6531
5154 5064
4511 5991
4809 5506
4509 6018
5210 5039
4572 5905
5048 5215
5130 5119
4468 6139
4949 5343
4899 5411
4841 5510
4586 5933
4390 6332
4722 5753
4581 5972
5070 5252
4680 5838
4937 5405
4749 5702
4837 5570
5148 5184
4917 5490
4766 5699
4629 5952
4990 5389
4681 5863
4323 6501
4326 6490
4945 5465
4963 5463
4481 6255
4616 6029
4878 5607
4500 6268
4922 5565
5153 5279
4764 5824
4603 6118
5038 5434
5229 5205
4957 5559
4992 5523
4748 5877
5635 4886
5664 4870
4944 5583
4889 5673
4887 5685
4755 5886
6283 4499
4780 5869
4782 5868
5462 5046
4817 5853
5020 5561
5258 5246
5162 5385
5263 5264
5151 5408
5539 5030
4661 6190
4968 5695
5060 5582
5816 4852
4746 6042
5409 5175
4736 6086
4493 6530
5112 5554
4157 7018
4348 6798
5313 5310
5006 5733
4958 5823
4923 5858
4892 5898
5676 5016
4763 6119
5319 5341
5039 5725
6090 4761
4907 5910
4881 5960
4900 5937
5158 5609
4857 6023
4943 5909
6587 4370
4825 6130
5869 4952
5129 5713
5268 5546
5472 5302
5536 5228
4717 6381
4611 6568
5343 5478
4885 6106
5152 5739
5040 5892
4959 6013
4902 6126
5607 5229
4799 6303
5160 5789
4970 6085
5469 5414
4867 6242
4442 6941
4741 6467
5351 5601
5417 5541
5580 5347
5277 5701
5608 5337
5057 6059
5138 5926
5725 5249
5110 5977
5336 5694
5741 5258
5245 5825
4674 6690
4912 6311
5973 5062
4993 6207
5322 5776
5094 6103
5203 5947
5068 6180
4869 6445
4627 6869
5581 5529
6640 4410
5490 5627
5218 5978
5242 5969
5365 5843
5633 5533
5518 5652
6232 5004
5468 5734
4683 6841
6018 5190
5143 6197
5559 5670
5335 5915
5250 6041
5285 6017
5339 5957
5401 5894
4977 6502
5520 5782
5181 6245
5400 5931
6133 5188
5600 5731
5058 6429
5603 5754
5488 5888
5303 6145
5824 5530
5446 5944
5331 6114
5777 5602
5275 6226
4969 6683
5248 6290
5566 5891
5049 6587
5592 5873
6136 5312
5121 6486
5146 6459
5317 6269
6106 5378
4820 6930
5190 6437
6230 5281
6083 5432
5397 6210
4997 6753
6081 5454
5847 5692
5686 5870
5803 5747
5459 6162
5510 6107
4678 7075
5905 5658
6321 5230
5721 5885
5416 6254
5705 5901
5589 6039
6280 5306
5185 6580
4883 6943
5894 5712
5062 6752
4873 6962
5553 6124
5212 6541
4964 6876
5489 6196
5436 6283
5561 6136
6267 5353
5022 6805
5535 6171
5428 6314
5232 6549
5740 5941
6223 5445
5294 6488
5205 6639
6058 5657
5334 6477
5745 6025
6530 5114
4822 7067
5532 6297
5065 6883
5368 6516
5760 6060
5269 6649
6004 5803
5466 6413
5292 6641
5230 6728
5557 6340
5410 6514
6535 5191
5990 5857
5394 6546
5355 6596
5738 6166
5282 6713
6109 5756
5318 6677
4858 7089
5134 6926
5660 6318
5657 6333
5842 6122
6064 5874
5604 6392
5111 6965
5829 6164
5424 6617
6121 5841
5665 6357
5761 6248
5481 6577
5848 6174
5215 6905
6040 5956
5440 6655
5683 6376
5515 6562
6170 5872
5804 6298
6038 6038
5763 6355
5513 6635
5723 6404
5742 6385
5772 6359
6074 6027
5421 6774
5987 6154
5706 6456
5533 6691
6193 5946
5437 6812
6329 5826
5691 6582
5751 6513
5768 6492
5649 6642
5885 6386
5985 6293
6246 6016
6167 6138
5692 6667
5759 6597
6203 6123
5618 6761
6218 6172
5623 6814
6049 6378
6066 6360
5886 6558
5921 6526
5694 6784
6554 5722
6214 6239
5671 6834
5945 6547
6255 6232
6413 6031
5887 6663
5757 6806
6093 6443
6265 6286
5662 6912
6163 6401
6097 6453
6502 5965
6268 6344
5640 6970
5889 6776
5789 6881
5516 7054
5807 6867
5978 6719
5735 6950
5456 7087
6155 6575
5606 7042
6096 6628
5732 6979
6073 6670
5918 6851
6082 6715
5998 6791
5977 6842
5795 7009
6442 6339
6291 6545
6195 6676
6045 6815
6271 6598
6198 6689
6310 6556
5984 6921
6375 6506
6251 6679
6035 6891
6118 6827
6197 6769
5952 6972
5888 7029
6281 6703
6386 6636
6512 6422
6453 6538
5934 7045
6189 6893
5696 7111
5743 7101
6518 6463
6199 6894
6408 6652
5925 7058
6340 6787
5878 7083
6324 6822
6526 6535
6438 6693
5926 7081
6243 6944
6355 6872
6249 6997
6612 6365
6500 6745
6464 6808
6260 7027
6576 6634
6567 6657
6348 6987
6395 6989
6425 6966
6192 7098
6437 6999
6508 6933
6467 6991
6388 7086
6472 7060
6547 7028
6378 7115
6428 7121
6446 7138
6525 7127
6631 7122
6651 7140
6646 7151
