1724217577 1735922398
1
sift 1593
6 7
28 26
22 20
57 63
56 52
33 29
89 65
69 58
42 31
123 102
134 108
49 30
143 115
129 96
55 41
165 131
172 201
77 61
200 143
158 119
75 69
210 148
221 160
97 72
199 186
153 134
112 71
215 172
301 307
100 75
228 166
166 136
103 79
227 167
339 315
116 92
192 214
208 161
113 100
670 629
388 346
141 85
271 241
277 253
136 91
1264 792
462 379
127 101
356 290
336 292
133 111
1390 889
481 401
139 110
375 339
369 369
128 117
1239 987
415 473
147 113
423 394
446 392
150 116
1415 886
475 506
181 105
422 400
437 426
180 145
1178 1053
548 496
173 183
517 428
503 374
202 151
1314 1102
571 516
236 170
525 434
459 469
218 187
1505 1365
605 535
264 184
619 515
501 422
230 206
1612 1325
664 533
292 171
647 529
472 467
238 227
1883 1171
805 608
282 209
862 773
570 395
250 229
1583 1378
703 813
258 222
1015 767
505 472
243 238
1672 1517
790 742
259 224
882 1038
538 431
261 230
1732 1467
991 640
229 246
1072 961
535 446
253 243
1826 1472
1023 701
293 223
1194 883
655 494
332 203
1801 1719
1093 710
255 247
1002 1106
674 538
288 239
2029 2181
930 887
294 234
1067 1048
634 578
305 242
2366 2028
1026 819
359 219
1524 935
640 691
286 276
2390 2025
1007 928
303 264
1667 964
891 636
326 258
2124 2408
992 1024
290 306
1528 1184
1153 720
314 281
2531 2104
1368 834
331 271
1441 1370
818 1096
311 316
2904 1961
1182 1099
302 330
1540 1416
1019 832
348 279
2599 2367
1286 1042
342 298
1471 1501
1148 746
350 294
2763 2298
1361 1117
335 318
1635 1405
1024 884
338 327
3192 2185
1454 1136
329 331
1794 1347
1173 780
360 311
3091 2397
1424 1283
327 341
1712 1425
1208 794
435 267
2988 2507
1519 1246
448 266
1466 1740
1118 907
418 284
3201 2395
1402 1337
372 337
1818 1436
1222 1051
413 329
3619 2589
1250 1584
361 356
1977 1572
1290 1011
441 325
3527 2670
1576 1296
429 333
2171 1575
1221 1109
403 354
3621 2710
1422 1434
425 350
1584 2109
1588 915
409 358
3575 2820
1574 1326
428 359
1988 1728
1180 1202
486 332
4119 2487
1530 1361
514 328
1686 2032
1310 1168
453 362
3570 2955
1509 1411
398 393
2220 1835
1083 1447
483 355
3964 2742
1518 1510
451 396
2191 1909
1244 1252
465 383
3545 3183
1664 1445
450 398
2003 2073
1581 1148
452 410
3597 3199
1678 1696
508 385
2668 1956
1482 1256
489 461
3921 3027
1761 1682
524 430
2628 2228
1645 1278
579 405
3563 3474
1871 1612
485 485
3967 1821
1639 1392
536 447
3799 3282
1749 1741
532 471
3316 2067
1619 1459
547 463
4225 2890
1886 1651
568 457
3258 2324
1620 1466
629 417
3872 3304
2449 1421
604 438
3199 2441
1573 1655
589 456
4003 3223
1853 1873
528 512
2704 2899
1789 1542
564 481
4050 3433
1785 1971
600 452
2948 2669
1745 1631
588 495
3419 4322
2523 1556
515 555
3111 2735
1848 1560
715 411
4590 3159
1966 1886
541 517
3374 2783
1494 1968
594 500
4133 3476
2112 1839
627 482
3901 2438
1670 1845
626 493
4038 3671
2128 1918
616 502
3176 3029
1696 1824
651 497
4287 3443
2054 2053
581 534
3604 2849
2168 1525
667 505
3931 4327
2680 1694
606 550
4093 2835
1932 1702
638 532
3902 4498
2351 1884
645 562
3842 3428
1967 1691
662 563
4502 3774
2079 2155
687 537
3801 3522
2020 1784
763 507
4276 4076
2152 2144
657 584
3778 3574
3119 1493
682 569
5588 3305
2116 2196
706 559
3454 3887
2125 2045
680 582
4454 3994
2024 2385
676 595
3886 3496
2232 2087
704 579
4766 3872
2436 2044
677 613
3807 3646
2693 1902
716 593
5652 3386
2516 1998
697 620
3522 3963
2442 2071
733 576
4742 3986
2333 2231
700 627
4036 3361
2632 2002
722 603
4565 4179
2744 1964
723 615
4123 3287
2374 2244
719 637
4366 4451
2454 2418
846 557
4346 3174
2711 2085
718 667
4536 4586
2822 2207
777 631
3913 3609
2143 2673
759 646
5054 4131
3405 1975
826 624
3882 3710
2719 2264
786 670
5143 4093
3844 1903
802 658
4844 3128
2745 2257
814 654
4770 4445
2865 2391
766 697
4332 3627
2638 2615
796 717
5012 4214
3152 2449
825 706
4282 3727
3618 2084
854 684
4708 4562
3249 2450
896 659
5185 3321
2950 2527
1111 568
4777 4599
3018 2598
941 674
4247 3942
3554 2340
847 724
4018 5578
3312 2540
949 666
4286 4074
3409 2410
1029 638
4906 4568
3026 2830
909 705
4548 4032
3183 2699
956 696
4853 4943
3093 2871
901 725
4087 4895
3310 2762
842 750
4667 5221
3218 2834
843 781
4940 4297
3638 2642
851 777
5187 4665
2908 3297
894 755
6743 3379
3613 2708
898 754
6486 3962
3896 2496
871 772
5366 4099
3369 3011
990 727
6186 4227
3696 2787
885 785
5575 4368
3550 2985
944 759
5723 4745
3370 3147
923 803
5682 4278
3565 3016
856 877
5523 5131
3658 3133
1028 747
4662 5349
3324 3377
960 801
4670 5971
3468 3291
1006 768
4733 5423
3841 2903
824 974
5430 5411
3870 2946
964 807
5160 5311
3956 2841
934 856
6691 4542
3791 3095
772 1080
5535 5258
2593 4649
1036 775
5183 5901
4098 2924
906 902
5485 5368
4000 3020
955 855
4964 6223
3574 3524
1008 806
6361 4899
4764 2618
1063 769
5919 5343
3920 3164
1056 784
5878 5387
3968 3134
980 853
6066 5435
4436 2824
1071 797
6265 5194
4538 2758
1046 827
6626 5227
3792 3390
1104 796
7558 4589
4840 2662
1137 790
6583 5449
3735 3475
1109 837
6183 5847
4182 2988
1095 852
6124 5928
4506 2958
1162 805
6576 5715
3652 3701
1014 957
6016 6359
4268 3313
1164 822
6604 5746
3863 3426
972 1014
7107 5629
4232 3633
1113 876
7063 5624
4101 3170
1134 858
6913 5802
4258 3648
1094 897
6459 6139
4075 3205
1055 975
6923 6073
4293 3663
1202 838
7204 5831
4965 2832
1158 890
7657 5595
4451 3594
1138 919
6304 6731
4080 3345
1225 869
7968 5379
4131 3908
1035 1064
6675 6491
3361 4476
1282 844
7430 5976
4326 3985
1078 1013
7570 5884
4099 3772
1159 942
7578 5902
4278 4112
1049 1078
6865 6576
4802 3292
1145 970
7686 6115
4159 4426
1275 879
7158 6516
4681 3601
1077 1065
7209 6605
4189 4436
1393 830
6664 7108
4180 3952
1207 936
7018 6878
4214 4687
1204 948
7869 6012
4170 4027
1444 821
7269 6713
5990 3525
1166 993
7156 6900
4533 3840
1374 891
6856 7272
4966 4522
1197 1006
7387 7038
5226 3429
1242 968
7453 7511
4869 4710
1154 1058
7817 6983
4336 4010
1127 1097
6811 8056
4656 4954
1146 1073
7809 7266
3394 5748
1185 1028
7969 7583
5050 4539
1210 1020
7898 7733
4439 4039
1228 1019
4957 4815
1301 981
7852 7929
4653 3976
1312 977
4190 5772
1263 1016
6084 3171
1187 1098
5359 4500
1170 1114
5040 3780
1169 1125
5141 4773
1254 1054
4584 4157
1236 1091
5094 5114
1309 1063
6191 3332
1429 1000
4577 5616
1322 1090
5228 4225
1356 1068
5961 4349
1218 1190
4669 4856
1157 1243
5839 4501
1407 1087
4944 4804
1379 1101
5472 4906
1417 1088
5189 4671
1224 1201
5693 5045
1475 1056
4199 5778
1360 1130
6164 4668
1665 966
5362 4550
1406 1123
5712 5153
1476 1105
6032 3992
1395 1144
6621 4403
1284 1210
5285 4823
1353 1178
6417 4572
1167 1383
5292 4834
1495 1135
6199 4794
1343 1214
5303 4861
1386 1212
6075 4896
1490 1161
6144 4192
1506 1172
5699 5425
1450 1204
5562 4816
1580 1143
5342 5783
1365 1265
4654 5804
1370 1267
5663 5471
1279 1377
6166 4388
1626 1179
6218 5019
1245 1455
5722 4904
1592 1198
6277 5117
1485 1276
6176 4496
1437 1318
6377 5079
1508 1275
7135 3961
1662 1193
6649 5022
1617 1221
5259 5502
1718 1167
6224 5351
1457 1362
5519 5288
1579 1274
6206 5444
1498 1404
5915 5323
1522 1393
6608 5253
1566 1372
5913 5455
1661 1300
6732 5817
1747 1239
6693 5035
1483 1461
6472 6144
1723 1266
5414 6232
1754 1253
6445 6252
1463 1491
6103 5571
1658 1344
6928 5943
1657 1356
5599 6107
1350 1621
6099 6854
1677 1349
4854 7418
1765 1290
6353 6645
1565 1475
6216 5561
1659 1410
6752 6244
1447 1581
6151 5618
1653 1426
6595 6647
1728 1367
6315 5490
1820 1294
6736 6514
1427 1644
6322 5622
1720 1398
7524 5870
1802 1334
6212 5726
1797 1342
7310 6113
1705 1444
6267 5725
1623 1534
6308 7260
1795 1375
5817 6214
1685 1463
7281 6480
1652 1506
5964 6103
1534 1604
7429 6387
1873 1331
6225 5951
1647 1547
7193 6803
1767 1430
6209 5988
1654 1567
7721 6367
2430 1133
6655 5811
1841 1400
7104 7224
1711 1516
6910 5747
1925 1352
7671 6757
1943 1353
6379 6239
2302 1196
7762 7320
1740 1531
6631 6175
2052 1308
8012 7010
1862 1440
5955 6968
1971 1364
7908 7920
2140 1298
6748 6125
1634 1680
1855 1471
7967 5405
1707 1634
2097 1366
6793 6415
2022 1408
1726 1642
7401 6082
1951 1481
1959 1484
6489 7062
1901 1559
2117 1422
7551 6208
1694 1734
1852 1613
7511 6251
1990 1521
1985 1530
7896 5893
1577 1896
1941 1580
7377 6454
1791 1697
1805 1689
7505 6940
1980 1573
2166 1457
7309 7785
1782 1729
2185 1458
8043 7208
1953 1601
2063 1591
7344 8095
1995 1626
1601 1992
7771 7985
1970 1643
2072 1599
2043 1607
1790 1786
1996 1650
1987 1663
1682 1945
1618 2058
2314 1509
2071 1640
2018 1685
1822 1854
2047 1701
2229 1618
2108 1690
1976 1770
1857 1921
1994 1803
2131 1742
2694 1468
2076 1781
1864 1955
2347 1677
2381 1656
2382 1658
2274 1727
2058 1855
2444 1645
2537 1617
2251 1794
1625 2538
1887 2107
2169 1868
2270 1807
2528 1675
2093 1936
2350 1779
2048 1985
2011 2027
2291 1846
2293 1848
2316 1840
2279 1865
2126 1957
2264 1892
2387 1825
2354 1867
2360 1942
2329 1970
2648 1778
1903 2422
2370 1950
2325 2014
2059 2247
2466 1917
2215 2108
2488 1899
2068 2250
2101 2211
2835 1755
2467 1931
2130 2203
2322 2060
1961 2424
2716 1823
2416 2010
2751 1837
2984 1759
2572 1934
2127 2345
2178 2290
1921 2671
3065 1799
2493 2072
2529 2043
2533 2057
2677 1983
2791 1938
2503 2096
2606 2063
2481 2140
2470 2212
2799 2013
2373 2348
2469 2225
2672 2101
2927 1973
2748 2069
2377 2375
2558 2195
2435 2386
2595 2233
3251 1924
2505 2308
2796 2162
2683 2230
2708 2206
2997 2065
2759 2189
2811 2178
2853 2154
2277 2721
3418 1935
2830 2186
2447 2504
3014 2142
2963 2169
2615 2414
2935 2201
2567 2471
2969 2222
3092 2167
2280 2940
3203 2131
2742 2400
2958 2261
2863 2337
3379 2086
3076 2213
2933 2302
3116 2208
3070 2243
3226 2176
3399 2112
2755 2460
3189 2199
3039 2288
3072 2265
3583 2062
3020 2313
3097 2267
2707 2523
2965 2373
3122 2275
2299 3126
2312 3114
2797 2494
3129 2301
2862 2464
3053 2396
3148 2358
2943 2479
3293 2296
3449 2210
3534 2188
3089 2409
3608 2164
3180 2387
3224 2383
3386 2294
2520 2973
2479 3056
2970 2544
3115 2461
2734 2779
3173 2439
2327 3432
2994 2574
3480 2318
3120 2519
3610 2277
2247 3720
3056 2593
3747 2242
3064 2649
3708 2292
2411 3493
3209 2585
3773 2286
3255 2570
3088 2694
3653 2384
3727 2346
3390 2509
2690 3123
3246 2619
3263 2600
3141 2709
3267 2620
3295 2604
3395 2536
3280 2645
3190 2713
3059 2817
3169 2739
3359 2621
3257 2703
3402 2607
3326 2696
2804 3169
3442 2608
3422 2643
2966 3018
2944 3045
3157 2884
3426 2689
3144 2932
3615 2596
3535 2688
3675 2629
3498 2744
3707 2627
3184 3038
3427 2847
3352 2930
3126 3154
3790 2646
3380 2978
3207 3140
3559 2876
3647 2815
3382 3007
3561 2891
3281 3099
3444 2972
3341 3103
3273 3180
3420 3071
3774 2793
3713 2861
3900 2697
4260 2468
3948 2676
3493 3082
2880 3738
3731 2905
3750 2900
4201 2533
4575 2415
3811 2866
4017 2701
3929 2796
3916 2806
3425 3250
3403 3294
3729 3117
4078 2789
3856 2999
3958 2907
4178 2736
3824 3044
3365 3553
4195 2764
3606 3320
3786 3142
4406 2654
4082 2843
3491 3437
3770 3177
4236 2771
3883 3084
4513 2657
3996 2968
3679 3330
3798 3212
3808 3218
3531 3561
3859 3191
3528 3602
4344 2814
4090 2991
3732 3381
4113 2963
3779 3314
3339 3781
3671 3460
3086 4083
3998 3120
3497 3726
3906 3268
4040 3111
3861 3324
4077 3092
4125 3067
4267 3019
3938 3333
4060 3193
3944 3342
4186 3148
4298 3062
3755 3639
4357 3036
4376 3030
4207 3162
5099 2702
4713 2892
3981 3417
3898 3551
4479 3037
4193 3228
3990 3422
4600 2996
3983 3446
4323 3195
4122 3341
3519 4073
4029 3456
4365 3190
3836 3749
4143 3399
4112 3450
4319 3300
4285 3338
4197 3413
5176 2885
3629 4124
4520 3235
4516 3253
4339 3398
4857 3116
4843 3129
3627 4279
4270 3513
4460 3382
4555 3349
4297 3533
4200 3637
4504 3393
4562 3373
4793 3237
4470 3442
4734 3296
4471 3469
4663 3366
4375 3584
4404 3565
4342 3638
4429 3575
4754 3375
5685 2906
4381 3654
4605 3526
4762 3410
4611 3547
4671 3511
4302 3758
3686 4721
4135 3944
4420 3724
3988 4172
4826 3497
4141 3960
4984 3415
4271 3865
4241 3903
4015 4190
5111 3369
5347 3229
4234 3931
4254 3926
4529 3748
4851 3572
4716 3655
4652 3723
4749 3668
5120 3455
4665 3751
4587 3793
4620 3771
4849 3670
4469 3893
4102 4271
6478 2859
4581 3871
4724 3790
5219 3557
4961 3733
5344 3514
5104 3722
3946 4972
4937 3818
4870 3864
5179 3709
4321 4372
3992 4958
5000 3829
4639 4096
4994 3853
5044 3819
4921 3909
4813 4007
4646 4201
4792 4095
3850 5412
4435 4434
4607 4286
5326 3763
5749 3539
4490 4410
4496 4446
4418 4535
4852 4128
4678 4294
5301 3814
4115 5122
5640 3732
4916 4238
4265 5013
5169 4057
6476 3339
5420 3934
4035 5439
5038 4241
5713 3777
4924 4370
5039 4268
4727 4595
5298 4063
5474 3948
5728 3798
6007 3658
5309 4080
5019 4356
4273 5242
4722 4737
5098 4333
4824 4660
5534 3997
5406 4091
5495 4019
5273 4220
5425 4100
5052 4454
4952 4577
5147 4369
5518 4061
5145 4406
4987 4579
5486 4109
5278 4302
5178 4450
5533 4159
5953 3845
5252 4440
5110 4607
5386 4407
5546 4284
5222 4612
5522 4317
5885 4002
6038 3907
5494 4358
5872 4034
4509 5427
5726 4226
5771 4189
5760 4202
5725 4250
5557 4405
5458 4547
5320 4699
6009 4056
4315 5797
5202 4879
4431 5687
5801 4295
5850 4306
5654 4551
5692 4532
4645 5610
4962 5331
5377 4932
5762 4537
5501 4848
6624 3956
5021 5365
5869 4508
4393 6062
5677 4798
5969 4472
5538 4991
4980 5520
5609 4969
5512 5118
6314 4323
4370 6419
5799 4849
5656 5028
5653 5081
5959 4764
5642 5195
5755 5080
6299 4566
7398 3953
7567 3878
5954 4929
4875 6021
6272 4651
7181 4079
5607 5329
6931 4230
6005 4940
6222 4749
6390 4601
5907 5060
6239 4753
5785 5213
6307 4743
5572 5431
5689 5393
5879 5232
4761 6466
6458 4728
5932 5188
5058 6068
6335 4852
6003 5154
6341 4858
6131 5098
6567 4747
6021 5197
5602 5577
5368 5807
6065 5178
5945 5299
5601 5637
6059 5252
5876 5394
5182 6165
6424 4979
5835 5460
6704 4801
6600 4881
5407 5929
6293 5142
7801 4103
5079 6364
5811 5536
6114 5301
6312 5155
5254 6181
6404 5111
5737 5665
6504 5023
6491 5051
6189 5297
6160 5326
6238 5280
6296 5265
7131 4669
6821 4905
6086 5429
6289 5304
6172 5390
6484 5191
6778 4980
6405 5314
7074 4893
7016 4944
5983 5686
6420 5371
7584 4611
6391 5406
6755 5193
7613 4616
6728 5263
7108 5018
6791 5257
5972 5808
6125 5706
6025 5781
6520 5410
5159 6989
6632 5352
7113 5058
6894 5239
7149 5072
7399 4909
6378 5547
6162 5728
6266 5644
6346 5586
5916 5963
6204 5739
6607 5468
6093 5881
5766 6316
6726 5467
6291 5820
6145 5972
6777 5515
6281 5875
6096 6049
7163 5318
6111 6085
6799 5560
7202 5364
6645 5730
6997 5481
6983 5498
6343 5984
6665 5762
6017 6456
6113 6374
6798 5773
6178 6303
7437 5382
7766 5203
6654 5898
6210 6318
6230 6292
7245 5529
6393 6195
7039 5720
7327 5553
6051 6676
6907 5853
7441 5511
7463 5495
7100 5733
6587 6123
6552 6174
7143 5743
6844 5940
7556 5521
7254 5744
6702 6146
5827 7240
7827 5422
6381 6609
7002 6023
6843 6178
5974 7184
6193 6948
6060 7151
7265 5946
7454 5836
7061 6164
8085 5056
7407 5932
7151 6155
6992 6307
7277 6119
7117 6257
7597 5914
6531 6909
7352 6118
7322 6161
6874 6573
7114 6346
6687 6789
7099 6368
7952 5625
7054 6442
6535 7013
6546 7039
7336 6352
6751 6964
7527 6217
6562 7250
6738 7084
7815 5996
7512 6382
7749 6167
7307 6619
7321 6620
6617 7383
7314 6634
7820 6105
7565 6404
7596 6400
7886 6052
7916 6013
7659 6380
7612 6472
6680 7456
7317 6786
7022 7059
7433 6670
7421 6690
6653 7510
7353 6791
6591 7603
7238 6903
7391 6797
8073 5740
6047 8077
7261 6936
6136 8043
7855 6304
7389 6863
7559 6709
7199 7141
7364 6984
7260 7119
7347 7052
7921 6342
7091 7370
7652 6827
7936 6434
7388 7144
7858 6584
7791 6715
6845 7739
7276 7341
7557 7076
7682 6937
7783 6830
7773 6861
7476 7277
7695 7079
7935 6740
7786 6990
8047 6464
7647 7236
7021 7850
7306 7734
7190 7815
7868 7180
8053 6692
7693 7505
7748 7579
8071 6802
6925 8125
7758 7776
7981 7493
7926 7601
7759 7892
8068 7349
7940 8073
8091 8002
1724217577 1911602604
1
sift 70
50 97
330 651
1783 5448
201 496
224 493
658 1322
2174 4519
335 587
358 666
777 1595
1970 5757
342 734
445 839
1489 2426
1999 6834
498 997
598 1382
1878 3423
760 1645
789 1614
2145 3838
1117 1550
1092 1931
2613 4170
1198 2116
1254 2074
2477 5507
1384 2170
1585 1928
2933 4854
1593 2394
1565 2430
2890 5141
1381 3248
1812 3144
3097 5732
1854 3398
1933 3487
3070 6064
1838 4083
1968 4151
3122 7796
2245 4026
2416 4309
3633 7627
2554 4256
3064 4338
3906 7181
3020 4557
3103 4456
4524 6465
3333 4648
2896 5843
3385 5437
2999 6414
3587 5529
3228 6880
3501 6211
3859 5418
3048 7541
3829 5684
3876 6773
3742 7662
3825 7502
4851 5549
3957 7314
4586 5944
4298 7510
5181 6602
4523 7879
1724217577 1923562747
1
sift 305
89 40
28 24
22 20
75 55
165 100
134 76
124 107
160 83
192 168
166 97
264 129
238 173
376 273
277 177
258 181
301 236
1524 509
415 208
348 217
388 228
862 974
504 240
413 246
409 274
1239 700
481 255
450 304
538 268
1390 676
437 441
536 277
573 271
1314 730
548 406
551 296
524 311
1732 1001
605 428
452 353
564 332
2220 923
640 628
528 423
627 387
1826 1112
908 524
645 434
606 476
1672 1217
790 626
784 462
718 523
1635 1419
1026 515
766 516
860 512
3111 1490
1519 446
1038 482
856 577
4465 1399
1368 490
1029 589
1118 622
3201 1758
992 892
1102 657
1145 665
3619 1628
1180 768
1077 729
1105 816
2599 2159
1215 784
1228 765
1207 801
3575 1862
1361 741
1360 773
1645 740
2948 2161
1639 825
1417 857
1048 1127
3901 1770
1509 987
1365 900
1491 870
3250 2195
1761 1159
1722 777
1429 915
3374 2278
1422 1523
1420 965
1386 1000
3872 2226
1871 1223
1862 968
1566 1114
4123 2109
2113 1300
1721 1055
1541 1173
4332 2062
1749 1641
1767 1135
1901 1141
4590 2023
2436 1395
1622 1343
1682 1341
3947 2327
2876 1354
1647 1387
2047 1158
3799 2506
2128 1713
1782 1291
1994 1567
4282 2263
2719 1497
3390 1201
2708 1417
4287 2300
2232 1836
2567 1694
3347 1406
3514 2910
2639 1644
2469 1768
3452 1430
5185 2193
3249 1772
3056 1580
3608 1450
3902 3221
3638 1667
2755 1726
2447 1952
4743 2928
3409 1795
2486 1920
3295 1614
4286 3490
2926 2158
2909 1796
3740 1634
4786 3277
2910 2212
3256 1851
3647 1736
4536 3653
3468 2007
3059 1988
3326 1881
6664 2701
2079 3529
3141 1979
3426 1898
4925 3578
3706 1942
4146 1775
3550 2038
6301 2993
4252 1872
3535 2101
3538 2108
7063 3176
3218 2791
3144 2385
3403 2241
6923 3634
3968 2326
4090 1913
3824 2095
7214 4194
5050 1963
4357 1900
3898 2137
5919 5602
4293 2427
3990 2116
3365 2547
7852 4222
4101 2552
4198 2320
3428 2903
7387 5164
2960 3796
4365 2325
4339 2373
6675 6283
5226 2436
4029 2549
4236 2432
7156 6202
4278 3174
4375 2426
4113 2611
7269 6372
3950 3637
4197 2584
4762 2412
5350 2909
3959 2864
4429 2531
4214 3694
4255 2719
4793 2492
4336 3647
4471 2668
3988 3058
4080 3898
5570 2438
5178 2658
4966 3290
5021 2823
5494 2679
4869 3429
5762 2565
5019 3009
6128 2787
4361 3454
6620 2548
5141 3526
5039 3279
5954 2962
5359 3397
5771 3097
5621 3205
4912 3685
5654 3357
6420 2958
4656 4045
4994 3714
6424 2988
5562 3475
4435 4210
5530 3515
4944 3883
5147 3739
6342 3146
5094 3942
7181 2955
4667 4418
6377 3657
6330 3305
6125 3413
6910 3465
5579 3759
5202 4051
5519 4328
6755 3380
5472 4485
5817 4457
5835 4126
6645 3687
7721 3640
6289 3881
6299 4031
6655 4143
7316 3732
7336 3812
6277 4463
6282 4417
5916 4750
7967 3574
6798 4158
6164 4621
6216 4638
7143 4178
6992 4344
7087 4331
6799 4681
6472 4920
6928 5530
6654 4837
6291 5225
7762 5412
7261 4701
6666 5126
7266 5889
6393 5364
7364 4771
7505 7012
7327 4809
7081 5026
7328 7276
7820 4723
7711 4928
8018 7963
6552 5733
6901 5883
8047 4965
6546 6219
7695 5522
6745 6293
7855 5524
7276 6057
8046 5499
6529 7068
8007 5726
7811 6060
8037 6695
