1789068863 1911602604
1
sift 66
583 266
442 212
1345 5891
628 344
1159 673
731 353
779 407
1945 1087
866 548
869 771
3305 1328
1221 749
1427 677
3528 1361
1458 713
1359 757
3432 2266
1507 738
1665 855
4076 2096
1870 917
2201 951
5232 2077
1564 1343
3131 1628
6942 2124
2959 1684
2819 1901
5522 3263
3531 1824
2964 2100
6469 2877
4153 1836
3686 2150
7450 3123
4248 1975
4295 1971
4823 5037
4126 2081
4265 2172
4619 5767
4891 2166
4225 2520
7399 4130
4308 2535
5931 2153
5990 7684
6087 2254
5745 2346
2257 6473
4884 2913
4601 3186
5197 2865
5481 2928
5330 3357
5466 3280
6013 3220
6054 3233
8128 2684
7023 2951
7493 3545
8252 3732
8310 3777
7706 4004
7838 4150
7867 4705
1789068863 2046133546
1
sift 123
529 199
583 313
172 103
355 159
4406 2796
1116 549
442 222
406 269
6207 3222
1209 711
413 278
628 366
1441 827
527 438
779 421
1607 934
866 537
1090 664
1945 1126
1427 674
1359 736
2891 1481
1221 799
1458 747
3528 1479
830 1232
1473 765
3305 1608
1665 880
1877 985
3431 1644
2043 941
1470 1174
3395 1875
1721 1078
1822 1035
3984 1834
1870 1050
2058 1013
4075 2172
2309 955
1564 1376
3959 2380
2566 1009
2201 1147
4304 2539
2228 1166
2505 1220
5522 2763
2435 1361
3032 1304
5802 3309
3661 1309
3952 1301
5553 3593
3485 1500
2658 1778
4823 4392
3202 1622
3505 1558
6122 3587
3450 1629
3648 1611
6133 3841
2959 1825
2819 1973
7450 3693
3400 1787
2964 2032
7399 3952
3131 1984
2844 2161
7781 4376
3461 2022
3531 2024
7375 5136
3846 2052
4153 1935
7331 7332
3686 2235
4295 2135
4248 2201
5350 2130
4953 2355
4889 2394
4308 2535
4265 2586
4891 2404
4225 2870
5745 2789
5197 3185
5860 2843
4903 3458
4884 3489
5330 3303
5481 3292
7493 2636
5466 3346
5933 3105
7023 2924
6054 3410
5892 3560
6013 3589
6525 3469
5552 3981
6769 3515
7227 3541
8128 3415
6836 3807
7877 3597
7761 3662
7369 3777
7779 3832
8252 3876
7838 4300
8399 3967
7581 4657
7706 4698
7482 4980
8205 4685
8245 5100
8197 6248
8386 6309
1789068863 2080441786
1
sift 410
129 72
149 80
84 49
83 55
349 188
183 93
136 77
135 79
437 233
199 132
172 124
215 139
528 242
216 140
298 182
232 135
480 313
341 157
359 192
386 208
632 324
374 270
418 199
408 237
726 493
382 286
406 250
409 283
988 417
583 328
442 263
420 292
893 535
516 390
446 302
471 318
1108 611
554 397
549 310
595 342
983 737
561 391
621 353
527 465
1529 645
719 508
628 429
744 415
1347 790
517 677
731 430
619 545
1388 1343
992 550
808 445
608 578
2057 1202
1116 664
779 498
606 751
2355 1333
1159 780
770 618
866 589
2331 1387
1353 713
1063 587
1039 615
2328 1737
1209 822
830 999
1090 766
2624 1656
1789 771
1119 758
1135 804
2426 1755
1440 962
1221 757
1272 787
3141 1914
1607 1076
1317 830
1427 793
3526 1890
1950 1019
1241 901
1359 850
3647 1872
1782 1175
1457 815
1507 805
3534 2063
1944 1281
1458 842
1348 927
2744 2603
2512 1129
1423 908
1357 960
3535 2160
2009 1483
1371 971
1537 904
4606 1760
1956 1514
1803 806
1473 973
3221 2727
1693 1711
2092 799
1621 1032
4471 2691
2267 1605
1665 1015
1905 953
4326 2868
1834 1933
1805 1006
2007 967
4517 2898
2709 1485
1810 1041
1519 1231
4406 2961
2419 1613
1470 1286
1818 1078
5133 2756
2436 1669
1704 1210
1870 1125
4468 3277
2963 1495
1981 1127
1494 1460
6269 2693
2891 1715
1822 1234
2084 1163
6207 2869
2799 1836
2058 1191
1721 1413
5158 3409
3305 1878
2309 1149
2041 1254
5223 3746
4004 1676
1564 1591
1781 1440
4761 4089
3404 1980
2101 1290
2082 1310
5218 4225
3528 2054
2358 1207
2208 1259
5709 3852
4034 1948
2043 1358
2566 1195
6287 3648
4822 1925
2159 1372
2201 1356
5621 4217
4494 2026
2228 1354
2199 1477
6120 4284
3959 2300
1955 1704
2078 1718
5790 4578
4076 2267
2435 1540
2505 1527
6787 4257
5005 2095
2920 1401
2922 1417
5020 6076
4157 2430
2544 1547
2379 1628
7519 4541
5026 2176
2529 1608
2979 1465
7536 4760
4060 2529
3493 1532
3032 1638
8082 4855
5526 2091
3081 1622
3346 1639
4919 2442
3661 1607
2959 1827
4430 2602
3242 1738
3069 1845
5232 2384
3029 1865
2982 1900
4264 2875
3165 1893
2819 2058
4304 2939
3202 1882
2658 2212
4848 2889
3450 1806
3485 1802
5531 3158
3310 1920
3648 1803
5990 2965
3449 1966
2844 2324
5802 3451
3952 1754
2964 2258
5553 3636
3131 2173
3358 2067
7064 3169
3179 2251
3815 1940
5522 3869
3561 2081
3400 2191
4823 4447
3899 1939
3417 2228
7644 3309
3788 2012
3390 2289
4619 4910
3461 2253
3808 2085
5977 3759
3531 2290
4073 1989
5948 3830
3957 2050
3804 2256
6122 4169
3980 2174
4407 2071
5554 4670
3686 2490
3766 2451
6133 4375
4416 2229
4186 2342
6098 4390
4214 2397
3846 2568
6049 4519
5337 2189
5350 2222
7014 4269
4126 2654
4518 2519
6942 4405
4295 2616
4152 2747
6545 4667
3508 3365
4930 2492
6943 4501
4500 2655
4248 2770
7450 4317
4437 2709
4723 2648
5532 5558
4563 2788
4638 2785
6590 4858
4308 2964
4640 2829
8403 3966
4891 2740
4265 3045
7399 4684
4464 2971
4592 2924
5930 5609
4789 2863
4444 3038
7374 4919
4254 3218
5115 2782
7837 4797
4998 2839
4732 2992
5227 7429
5931 2546
4772 3046
6200 6160
4560 3193
6087 2532
8104 5515
4225 3475
4952 3064
8270 5419
5642 2814
6498 2653
7078 7717
4520 3612
5376 3173
6146 2942
5415 3321
6092 2993
5130 3543
4884 3710
5472 3448
6005 3205
5745 3402
6673 3094
5933 3393
4903 3962
6325 3272
5330 3711
5667 3565
5840 3492
6945 3147
5446 3752
5197 3918
6054 3582
5481 3893
7537 3245
7463 3320
5552 4004
5466 4083
5465 4150
4953 4794
7551 3502
6384 3836
6013 4060
5957 4093
5082 4981
7396 3669
6717 3845
7321 3704
7453 3690
5892 4310
6769 3904
5650 4568
7493 3728
6272 4166
7358 3771
5975 4414
6460 4246
6482 4342
7023 4131
6907 4198
7310 4048
7961 3826
7561 4015
6884 4293
8022 3863
7509 4100
7582 4098
6562 4560
7227 4301
7866 4088
7369 4351
7098 4469
6103 5032
6529 4920
5967 5287
6845 4808
7779 4418
6947 4838
7877 4417
7134 4826
6875 4994
7142 5016
8211 4550
6526 5539
8128 4675
7615 4978
8056 4780
7761 4961
8310 4663
7080 5389
7706 5084
7581 5172
8399 4752
8252 5093
6425 6388
7838 5542
8205 5353
8193 5520
7482 6058
8436 5206
7962 6075
8363 5631
7805 6296
8245 5905
7867 6375
8197 7336
8434 7144
