672853355 674186001
1
sift 276
67 46
157 59
201 167
95 48
77 57
278 195
800 321
83 64
119 76
248 216
516 723
117 95
130 108
275 266
1315 1165
122 137
218 77
423 258
1408 1076
148 110
158 128
626 484
1333 1810
206 111
185 134
641 565
1832 1846
182 173
253 157
830 494
1786 2630
216 178
243 236
881 664
2212 2074
287 241
291 256
904 797
343 230
342 282
1098 751
448 278
399 313
1221 1117
444 331
414 353
1360 1029
440 351
456 358
2054 1249
459 374
467 372
2351 1148
377 462
469 407
1781 1543
450 420
460 427
1894 1508
458 444
490 417
2502 1261
478 432
508 433
1862 1782
522 422
535 446
1949 1768
676 376
695 378
2389 1822
548 507
637 489
1969 2557
693 488
651 539
721 482
687 524
580 620
684 549
585 648
712 635
834 586
723 663
795 638
789 650
717 714
734 731
785 707
820 686
799 729
833 721
807 749
1033 643
817 802
740 900
948 728
905 759
1034 697
935 787
894 846
954 783
591 1438
974 809
978 834
1028 772
912 898
1038 813
1052 810
1032 849
1022 870
1146 774
1076 843
1085 845
996 943
1248 826
939 1135
1329 780
1176 877
1354 771
1155 922
1195 917
1356 836
1159 961
1103 1036
1140 1004
1066 1136
1507 815
1236 976
1106 1110
1216 1090
1341 973
1158 1160
1237 1084
1255 1105
1203 1186
1285 1163
1320 1122
1247 1232
1293 1187
1388 1079
1210 1320
1321 1196
1339 1169
1272 1323
1336 1250
1381 1192
1382 1283
1481 1226
1487 1230
1423 1277
1589 1159
1331 1402
1495 1258
1602 1259
1403 1380
1841 1166
1690 1287
1733 1272
1591 1343
1512 1389
1734 1282
1505 1409
1724 1312
1572 1431
1792 1321
1660 1396
1852 1307
1643 1458
1598 1503
2149 1191
1744 1440
1587 1588
1712 1486
1719 1479
1816 1401
1813 1414
1577 1619
1634 1625
1684 1597
1675 1634
1746 1565
1503 1850
1728 1650
1910 1476
1861 1549
1928 1507
1789 1706
1386 2224
1900 1617
2167 1451
1697 1880
2045 1544
1966 1593
1985 1576
2069 1554
1838 1785
2520 1367
1826 1818
1854 1809
1820 1836
1924 1729
1748 1966
2176 1595
1967 1789
1800 1985
2318 1566
1902 1889
2172 1700
1885 1955
2178 1745
2493 1558
2107 1806
2177 1761
1815 2139
2154 1817
2089 1882
2057 1954
2192 1876
1999 2031
1933 2134
2518 1773
2271 1930
2328 1895
2175 2018
2136 2046
2266 2016
1937 2412
2093 2216
2216 2113
2117 2202
2125 2204
2189 2174
2446 1978
2544 1931
2469 2000
2315 2107
2403 2051
2288 2135
2236 2189
2524 1997
2066 2391
2191 2294
2368 2137
2666 1976
2384 2240
2237 2379
2152 2515
2521 2156
2541 2167
2330 2452
2571 2251
2663 2171
2598 2242
2466 2380
2335 2569
2367 2543
2405 2526
2514 2393
2429 2517
2609 2321
2545 2422
2697 2191
2573 2408
2422 2608
2604 2401
2596 2454
2232 2924
2575 2599
2375 2879
2690 2435
2696 2410
2684 2458
2686 2572
2656 2663
2704 2885
672853355 750297218
1
sift 124
184 139
1210 779
343 188
342 211
2236 1699
444 256
440 265
2405 1828
456 270
459 278
2524 1968
478 317
460 349
2448 2171
535 344
419 492
2515 2864
651 415
693 442
674 486
717 456
834 430
723 524
789 532
820 545
807 620
894 582
912 610
740 762
974 618
978 643
948 723
1146 589
1032 695
1028 703
1022 711
1052 693
1076 739
1155 709
996 827
1174 725
1248 696
1230 712
1103 799
1159 805
1236 803
1507 666
1237 863
1285 859
1341 821
1140 976
1339 877
1381 855
1320 1006
1495 927
1336 1035
1423 974
1388 1030
1499 1082
1467 1114
1591 1092
1503 1159
1660 1094
1598 1115
1587 1156
1816 1056
1734 1101
1744 1110
1634 1173
1724 1169
1456 1311
1508 1333
1852 1176
1952 1166
1820 1236
2069 1123
1789 1273
1826 1265
1875 1249
1900 1239
2087 1208
1842 1352
2117 1226
1888 1327
1999 1290
1854 1408
1838 1455
1910 1400
2177 1299
1937 1390
2232 1294
2089 1349
1800 1703
2192 1427
2093 1626
2172 1591
2045 1780
2266 1541
2544 1445
2304 1677
2316 1692
2308 1733
2066 2282
2714 1396
2367 1841
2638 1561
2466 1857
2315 2073
2590 1697
2330 2114
2604 1767
2605 1883
2579 1960
2357 2343
2498 2226
2663 2103
2598 2357
2422 2750
2668 2347
2575 2753
2697 2558
2686 2736
2571 3058
2596 3661
672853355 769617110
1
sift 852
64 57
62 63
19 17
96 103
78 78
17 20
97 115
90 82
20 19
143 157
99 108
21 21
164 179
123 133
15 24
162 204
146 191
23 22
173 180
198 205
29 29
161 222
249 251
36 41
181 221
303 307
50 45
313 304
323 350
47 59
267 324
441 333
59 53
255 399
390 435
54 60
340 292
405 433
66 61
360 363
368 530
67 66
317 358
322 581
65 68
346 418
401 562
75 64
332 369
462 541
70 72
392 385
350 693
77 76
328 401
431 629
80 79
455 480
496 624
82 81
344 413
611 555
84 83
393 554
550 659
83 86
420 477
569 716
92 80
471 558
537 776
93 89
429 474
621 664
94 95
563 670
658 672
81 109
530 596
567 769
95 102
587 949
662 711
102 92
602 633
730 677
104 101
679 867
590 872
106 100
546 998
659 855
89 126
793 873
731 763
105 111
794 854
732 919
118 110
809 963
742 1009
117 113
774 877
827 847
112 129
907 1031
916 942
119 121
871 974
825 910
122 119
1011 951
764 1140
124 127
963 1026
771 1008
134 122
950 1046
816 1133
139 137
1110 876
923 990
126 150
863 1300
857 1131
130 149
1164 1272
928 992
144 140
1114 1373
884 1275
155 143
1252 1237
960 1206
153 151
1197 1356
1061 1198
137 170
1074 1489
1144 1178
156 154
1078 1506
1330 1096
148 160
1141 1411
1086 1339
141 186
1242 1344
1295 1205
168 156
1325 1379
1215 1364
136 207
1280 1528
1290 1316
154 190
1923 1125
1313 1309
157 188
1337 1476
1178 1547
174 161
1496 1361
1138 1555
163 211
1239 1852
1416 1412
177 208
1348 1545
1246 1500
182 198
1417 1602
1326 1535
180 206
1772 1456
1464 1431
191 199
1451 1881
1471 1435
185 219
1665 1694
1404 1497
178 242
1633 1765
1530 1505
207 223
1610 1868
1450 1523
217 228
1513 1963
1384 1803
196 261
1759 1833
1458 1691
189 284
2050 1702
1410 1779
206 255
1703 1906
1739 1519
232 229
1797 1987
1721 2016
201 273
2171 1562
1882 1884
210 257
1808 2076
2254 1813
299 213
1884 1807
1850 2136
223 245
1918 2074
1939 2095
205 280
1681 2012
2145 2091
211 270
2594 1670
2566 1997
242 244
2082 1784
2122 2172
231 259
2131 2061
2084 2456
213 317
2151 1746
2071 2224
219 314
1853 2362
1971 2615
221 320
1870 1955
2286 2336
258 262
2220 1991
2640 2196
215 340
1920 2314
2246 2405
235 316
2092 2171
243 306
2108 2258
285 268
2314 2097
252 301
2164 2312
283 275
2243 2271
288 279
2251 2330
275 296
2253 2525
274 303
2327 2329
248 341
2589 2319
292 286
2261 2473
273 311
2386 2559
280 319
2479 2512
262 344
253 356
2629 2409
291 309
226 436
2513 2620
237 444
325 326
290 359
327 331
284 387
272 405
310 354
331 357
357 347
306 431
257 518
321 432
342 400
377 403
363 439
423 377
356 449
376 427
406 410
395 428
345 495
384 448
442 404
403 441
367 483
399 451
414 455
478 415
387 512
421 469
396 508
426 475
450 460
444 472
415 491
457 468
440 487
436 489
433 498
373 571
449 494
456 493
469 485
447 511
371 605
460 503
422 542
413 552
412 568
437 549
466 529
477 524
438 570
418 598
555 471
458 569
591 465
476 583
516 536
481 585
529 533
500 557
479 607
548 565
484 676
565 575
552 592
545 601
554 597
503 681
580 582
527 652
578 621
551 674
518 708
570 657
572 666
525 727
609 627
519 741
560 710
610 640
585 690
612 678
660 632
600 695
517 818
661 644
574 749
736 578
655 671
637 682
644 686
559 790
597 724
616 714
628 705
592 754
688 663
666 701
676 692
589 786
734 626
635 736
626 745
654 731
670 719
651 740
757 631
663 742
692 717
620 784
653 759
668 748
712 739
639 841
715 764
622 892
656 861
716 777
625 887
708 800
700 812
693 820
718 787
726 792
684 860
729 810
675 896
673 904
717 843
778 782
859 725
721 844
641 973
775 798
740 828
691 912
905 712
760 819
711 885
750 838
694 939
789 826
899 743
785 857
835 822
747 891
766 890
765 908
925 793
781 911
776 930
814 901
834 899
883 856
786 950
841 897
858 907
795 989
745 1033
817 987
943 863
713 1146
798 1015
949 874
894 933
881 945
720 1154
878 970
889 984
935 947
989 894
909 978
951 937
869 1020
964 936
739 1247
897 1034
1019 917
788 1189
803 1162
952 1006
978 985
796 1191
954 1010
921 1043
862 1115
904 1069
927 1058
840 1172
828 1195
792 1255
1033 961
1000 997
931 1083
1018 1000
959 1071
996 1029
958 1086
908 1144
1034 1001
974 1072
987 1074
1111 941
1032 1039
1028 1047
998 1109
842 1358
948 1188
885 1304
955 1220
1027 1107
1022 1119
946 1248
980 1186
1046 1103
1024 1134
1052 1118
1075 1093
1055 1128
941 1331
1001 1231
1058 1138
1039 1171
1009 1235
1136 1065
1100 1120
1044 1232
1156 1099
1097 1199
1106 1201
1030 1349
838 1806
1174 1169
1169 1177
1150 1211
1122 1249
1103 1274
1165 1208
1140 1251
1209 1181
1142 1258
1148 1264
1278 1141
1155 1262
1206 1213
1159 1250
1195 1236
1271 1163
1224 1209
1158 1278
1177 1265
1105 1355
1214 1252
1210 1268
1227 1266
1203 1297
1207 1301
1163 1342
1146 1376
1108 1433
1216 1321
1160 1372
1222 1323
1200 1354
1307 1261
1179 1394
1269 1318
1186 1409
1254 1366
1221 1404
1162 1457
1255 1397
1314 1338
1099 1590
1264 1395
1089 1624
1173 1471
1423 1224
1272 1388
1045 1798
1157 1526
1306 1374
1091 1664
1187 1504
1304 1385
1247 1451
1262 1442
1211 1499
1116 1649
1236 1482
1321 1399
1299 1418
1341 1365
1176 1580
1339 1378
1315 1440
1259 1518
1237 1563
1193 1628
1263 1550
1202 1642
1367 1408
1781 1180
1701 1228
1333 1466
1729 1242
1336 1493
1370 1460
1368 1464
1329 1551
1362 1488
1282 1682
1320 1629
1488 1444
1243 1831
1481 1458
1443 1481
1380 1557
1356 1626
1398 1566
1504 1472
1675 1396
1434 1537
1393 1597
1468 1529
1358 1654
1419 1578
1408 1607
1495 1542
1425 1633
1591 1486
1473 1589
1487 1579
1400 1678
1453 1617
1382 1710
1549 1544
1361 1755
1466 1638
1514 1598
1527 1594
1360 1801
1467 1644
1421 1706
1447 1686
1460 1674
1915 1375
1520 1636
1533 1635
1357 1856
1456 1719
1354 1883
1551 1637
1565 1631
1621 1596
1432 1781
1614 1612
1414 1834
1609 1627
1401 1853
1679 1591
1602 1661
1445 1821
1575 1699
1385 1907
1396 1895
1562 1715
1815 1517
1507 1775
1698 1618
1638 1667
1733 1608
1546 1752
1415 1908
1584 1738
1477 1861
1608 1730
1572 1790
1372 2004
1600 1777
1704 1697
1604 1776
1422 1967
1598 1805
1767 1659
1579 1860
1752 1707
1629 1826
1724 1742
1409 2044
1728 1751
1773 1703
1577 1886
1645 1841
1628 1855
1747 1744
1595 1890
1406 2120
1454 2037
1635 1866
1702 1835
1524 1977
1672 1854
1804 1747
1607 1935
2210 1485
1764 1804
1743 1832
1748 1830
1571 1976
1712 1872
1810 1780
1758 1840
1803 1793
1744 1849
1813 1783
1858 1743
1682 1923
1862 1749
1666 1948
1823 1843
1489 2178
1585 2072
1791 1887
1734 1951
1726 1978
1556 2162
1636 2105
1966 1797
1826 1936
1852 1919
1865 1901
1876 1896
1854 1941
1910 1888
1885 1915
1746 2058
1818 1986
1651 2208
1801 2035
1765 2083
1835 2001
1715 2170
1832 2011
1820 2027
1965 1899
2318 1701
1686 2262
1929 1965
1692 2288
2029 1898
1895 2008
1981 1940
2030 1925
1587 2445
1761 2219
2191 1857
2062 1944
1838 2180
1618 2465
1786 2256
1924 2064
2053 1974
1762 2323
1974 2032
1919 2119
1878 2183
1792 2340
1937 2153
2003 2078
1811 2360
2103 2023
1869 2272
1805 2367
2544 1808
2000 2103
2074 2067
2076 2079
2559 1818
1736 2518
2114 2055
1992 2157
1963 2194
2102 2114
2107 2135
1779 2524
2093 2159
1999 2212
2282 2000
2414 1966
2174 2124
2011 2248
1879 2440
2059 2237
2394 1996
2104 2221
2149 2191
2066 2292
2112 2252
2236 2161
2089 2287
1961 2407
1842 2608
2297 2154
2165 2246
2185 2265
2224 2223
2176 2275
2218 2230
2474 2059
2195 2263
2273 2202
1967 2470
2309 2186
2177 2308
2675 1946
2049 2417
2521 2071
2190 2338
1957 2555
2310 2259
2533 2104
2162 2389
2192 2385
2328 2281
2344 2279
2212 2390
2330 2306
2296 2333
2172 2436
2369 2317
2579 2165
2576 2168
2173 2474
2406 2311
2294 2387
2367 2352
2096 2576
2416 2320
2483 2294
2316 2408
2442 2325
2697 2089
2627 2177
2284 2453
2405 2371
2257 2498
2315 2457
2426 2376
2512 2324
2608 2273
2156 2641
2524 2358
2498 2383
2534 2361
2272 2612
2582 2363
2384 2535
2471 2479
2383 2572
2488 2493
2511 2467
2419 2560
2515 2531
2667 2379
2529 2529
2481 2579
2448 2638
2663 2463
2541 2634
2672 2485
2656 2507
2689 2480
2583 2632
2695 2483
2628 2621
2690 2601
2698 2603
672853355 1429073379
1
sift 104
171 362
62 136
23 44
29 56
316 500
441 676
59 91
75 120
267 786
405 876
84 110
83 182
1292 2680
301 1639
106 220
144 264
646 2898
126 304
124 376
934 2541
170 308
149 635
1061 2535
180 395
166 703
191 467
223 425
283 460
280 515
288 505
262 585
292 541
327 530
309 673
310 691
320 858
272 1602
363 886
426 845
591 547
476 1018
501 984
437 1369
519 1206
545 1243
644 1037
614 1110
579 1226
637 1156
661 1209
653 1298
670 1388
612 1619
715 1341
757 1269
708 1477
718 1500
778 1344
840 1338
766 1628
692 2036
776 1666
799 1646
859 1530
1118 1142
721 2211
795 1962
955 1606
899 1800
959 1976
1150 1560
897 2390
1033 1922
1022 2021
1024 2023
921 2398
1018 2062
869 2709
904 2594
935 2518
980 2340
954 2625
948 2678
1032 2361
1111 2224
1207 2061
1106 2418
1122 2735
1176 2588
1085 3003
1203 2579
1205 2642
1254 2573
1163 2852
1321 2507
1210 2939
1305 2935
1339 2885
1308 3041
1425 2973
1679 2562
1549 2894
1806 2537
1524 3087
672853355 1537327672
1
sift 209
98 167
62 91
19 24
22 25
164 246
390 515
23 29
15 41
246 366
301 757
29 45
59 76
267 478
405 501
75 89
47 149
316 394
441 475
84 103
91 106
420 421
462 850
83 127
89 188
364 578
662 797
144 170
126 209
429 579
611 1471
124 225
174 215
389 1015
934 1556
185 254
165 342
1074 1513
1061 1544
159 420
141 573
1201 1280
1086 2240
191 285
208 289
1120 1907
1405 1946
299 247
211 388
1242 2094
285 303
262 344
1114 2428
283 332
288 347
1325 1969
277 373
298 340
1280 2439
219 552
275 414
1703 2279
292 380
273 455
2251 2089
327 370
205 1100
2220 2195
331 445
315 507
320 559
363 558
403 510
457 500
591 390
426 555
460 538
444 563
440 601
469 587
437 612
500 602
476 672
413 928
477 765
421 947
422 1034
519 751
584 692
612 649
561 770
551 795
545 807
579 785
555 882
614 779
734 619
644 820
661 824
715 817
671 913
708 855
626 979
651 998
757 830
718 888
660 1027
716 936
765 867
778 883
721 985
503 1832
740 1004
639 1364
799 1025
776 1086
766 1103
817 1052
795 1192
899 1120
691 1659
694 1693
714 1661
834 1323
959 1198
865 1380
868 1379
897 1406
1022 1174
921 1375
908 1403
869 1498
996 1248
1024 1233
980 1318
1018 1294
1032 1276
955 1495
1150 1140
1033 1298
1207 1099
987 1451
946 1625
990 1483
1052 1343
828 2003
1146 1228
1076 1333
1055 1407
1028 1526
1039 1562
1094 1402
1106 1464
1045 1675
1174 1358
1103 1510
1122 1563
1163 1482
1206 1434
1333 1273
1210 1515
1203 1561
1159 1688
1200 1626
1111 1852
1085 2034
1264 1670
1307 1587
1245 1755
1211 1809
1222 1920
1382 1602
1339 1703
1321 1773
1254 1940
1237 2107
1314 1914
1315 2081
1281 2188
1336 2061
1425 1866
1504 1834
1815 1614
1563 1894
1456 2047
1293 2460
1561 1993
1549 2084
1575 2074
1487 2233
1621 2060
1589 2104
1567 2140
1733 1963
1679 2076
1499 2334
1591 2242
1690 2130
1734 2134
1598 2326
1524 2432
1604 2404
1773 2225
1803 2250
1915 2143
1813 2330
1826 2368
1978 2175
1974 2403
2266 2292
672853355 1750469169
1
sift 52
22 44
23 47
29 86
59 138
75 171
83 269
89 479
111 377
144 341
124 574
180 580
166 1301
283 686
288 817
280 940
292 884
327 768
320 1077
363 1307
426 1308
501 1330
476 1658
519 1748
614 1427
579 1762
644 1498
545 2028
661 1529
637 1649
708 1624
715 1648
653 1931
757 1602
624 2202
670 2095
692 2062
766 2152
765 2538
955 2026
1118 1652
795 3041
1072 1999
899 2983
959 2803
921 3205
908 3285
1150 2193
980 2965
1024 2931
1106 2647
1122 3186
1264 3468
672853355 1928484021
1
sift 285
64 64
62 80
19 27
21 28
173 189
123 180
23 31
29 40
246 393
301 698
36 102
59 76
267 480
390 482
47 137
75 78
317 425
441 450
67 105
83 103
340 397
405 493
84 108
106 138
429 616
462 775
89 171
117 143
665 720
496 899
134 148
124 208
602 989
662 830
126 210
154 260
642 1623
611 1179
174 202
153 284
727 1379
961 1016
159 356
163 330
1201 1488
855 1317
185 266
207 230
1074 1915
934 1477
208 247
225 280
1292 1799
1061 1553
232 286
243 291
1114 2171
1295 1321
285 258
211 384
1141 2209
1086 2105
264 333
262 352
1496 1695
1153 2184
283 328
280 335
1242 2397
1405 1977
219 498
288 363
2131 1471
1376 2228
299 347
292 374
1610 2159
2071 1944
275 402
273 421
2050 1912
2047 2165
205 741
279 418
2220 2236
2145 2362
235 555
248 512
309 417
327 387
320 515
343 511
363 517
373 513
415 474
403 530
426 516
367 691
591 401
457 527
449 557
450 559
460 541
440 597
444 594
421 625
453 592
469 564
435 638
447 627
456 679
476 662
413 832
500 648
448 816
438 873
477 761
561 725
418 1059
519 795
551 757
545 803
644 677
554 820
584 755
578 762
565 833
637 730
612 773
661 772
715 736
626 906
708 817
670 879
653 915
651 923
639 944
635 952
663 925
718 852
600 1038
592 1108
614 1083
518 1402
692 954
576 1264
765 910
905 770
757 918
721 1024
740 997
597 1390
766 1034
817 1013
799 1050
785 1099
776 1130
795 1140
694 1428
899 1006
921 1007
834 1202
1359 719
714 1497
866 1191
894 1230
980 1085
955 1167
890 1325
828 1457
988 1178
897 1357
908 1361
1033 1159
859 1501
959 1332
904 1487
1022 1280
1019 1292
1018 1296
946 1442
1024 1297
996 1350
987 1376
1076 1229
975 1445
1032 1344
1156 1148
948 1546
860 1786
1055 1342
990 1490
1028 1423
1052 1392
1017 1478
1012 1528
1103 1346
788 2239
1207 1241
1039 1556
1150 1347
1146 1383
1098 1533
1122 1508
1100 1598
1173 1468
1385 1206
1154 1519
1206 1460
1174 1516
1210 1500
1163 1590
1186 1595
1159 1642
1203 1601
1254 1545
1264 1626
1195 1748
1222 1721
1176 1778
1111 1914
1255 1727
1308 1704
1221 1859
1690 1354
1285 1787
1108 2134
1245 1861
1211 1922
1339 1712
1321 1816
1336 1897
1315 2053
1157 2400
1425 1808
1456 1791
1487 1785
1361 1970
1367 1986
1236 2377
1382 1994
1333 2124
1408 1972
1679 1742
1562 1813
1621 1833
1815 1692
1504 1946
1549 1956
1507 2006
1564 1955
1589 1929
1422 2185
1572 2026
1499 2103
1591 2031
1704 1924
1575 2064
1524 2211
1733 1979
1579 2231
1604 2191
1600 2224
1598 2238
1773 2037
1854 2164
1734 2344
2191 1905
1826 2299
1978 2147
1913 2279
1813 2401
2176 2069
1803 2431
1974 2300
1852 2428
2347 2025
1981 2332
2000 2327
1869 2434
2117 2387
2313 2288
2266 2330
2330 2417
2697 2341
