750297218 769617110
1
sift 96
1699 2161
139 209
186 247
1828 2371
211 400
256 472
1968 2358
265 487
317 415
2171 2638
270 493
307 485
349 503
352 569
353 594
417 813
442 820
430 899
456 843
531 827
470 1103
555 941
582 933
762 828
643 985
552 1152
618 1072
695 1039
703 1047
626 1167
693 1118
711 1119
589 1376
725 1169
723 1188
827 1029
709 1262
799 1274
805 1250
850 1269
821 1365
974 1224
877 1378
918 1563
938 1599
1054 1437
1035 1493
1006 1629
1092 1486
1036 1595
1050 1724
1045 1775
1107 1656
1114 1644
1183 1651
1115 1805
1110 1849
1169 1742
1101 1951
1176 1919
1311 1719
1265 1936
1236 2027
1445 1808
1400 1888
1259 2155
1408 1941
1290 2212
1299 2308
1235 2464
1390 2153
1590 1950
1349 2287
1604 2014
1455 2180
1425 2309
1626 2159
1427 2385
1960 2165
1365 2657
1591 2436
1692 2408
1840 2354
2558 2089
2113 2305
1729 2539
2282 2292
2226 2383
2073 2457
2103 2463
1655 2662
2518 2378
2641 2585
2316 2671
2877 2602
2714 2660
