756063153 858943217
1
sift 2093
56 87
150 200
4 3
33 41
12 18
13 22
152 192
266 356
22 31
46 67
47 75
27 39
197 216
341 430
32 46
58 79
73 121
36 59
280 283
394 652
38 60
223 249
98 128
43 64
272 350
459 648
44 65
218 305
109 145
41 73
276 354
537 628
54 82
251 312
166 155
53 85
292 424
705 882
66 94
270 334
212 217
72 89
335 423
952 715
78 91
267 363
229 241
74 99
318 497
1008 718
90 127
300 328
238 336
88 135
348 481
827 938
91 132
289 349
281 346
95 142
426 518
777 1032
108 140
312 398
302 339
118 141
448 529
912 903
110 150
313 411
298 344
119 160
473 557
931 904
122 158
425 514
307 352
123 166
494 587
1025 857
120 168
375 653
305 376
129 163
463 700
947 1023
135 161
563 553
297 390
128 175
566 662
981 1171
133 170
584 709
365 345
131 177
629 808
886 1341
146 186
586 734
347 542
149 189
664 783
1259 1021
153 187
644 683
435 543
151 190
814 868
994 1333
161 195
535 1044
407 607
170 199
853 1014
1020 1411
168 202
710 761
475 605
167 208
926 1118
1067 1379
174 204
699 871
483 633
155 236
949 1112
1350 1177
186 221
729 931
487 656
209 222
913 1187
1362 1164
176 264
789 985
595 661
177 260
908 1275
1236 1265
191 246
684 1258
617 678
208 239
1052 1160
1097 1476
194 262
747 1149
616 756
200 277
986 1256
1114 1587
219 257
921 1125
643 747
226 270
1026 1232
1127 1599
228 276
1068 1209
657 744
214 287
1144 1169
1237 1453
211 313
1126 1199
581 847
232 292
1083 1298
1162 1619
235 281
1325 1102
673 798
244 272
1108 1300
1085 1767
236 293
1147 1348
694 823
260 244
1174 1351
1166 1623
239 284
1122 1493
742 779
250 335
1264 1461
1188 1859
269 307
1408 1437
822 806
258 320
1461 1412
1446 1611
278 314
1373 1578
765 912
268 322
1440 1515
1341 1778
315 302
1490 1566
839 919
263 362
1453 1719
1533 1646
257 377
1254 1834
990 907
254 384
1668 1539
1327 1923
253 412
1583 1642
880 1236
282 368
1398 1993
1572 1838
287 358
1387 1821
1124 1040
279 379
1613 1809
1641 1791
274 392
1692 1592
961 1264
261 427
1744 1703
1775 1679
317 348
1625 1690
1110 1225
314 370
1654 1958
1657 1959
291 386
1545 1843
1369 1121
325 343
1566 2162
1607 2120
311 373
1634 1876
1455 1099
285 406
1756 2017
1669 2109
304 426
1551 2273
938 1713
324 429
1852 1992
1591 2247
340 391
1674 2175
1318 1219
334 408
1742 2235
1704 2122
332 417
2046 1900
1469 1185
329 425
1865 2092
1430 2608
398 367
1844 2156
1479 1183
353 419
1817 2259
1768 2103
339 438
1717 2416
1277 1491
366 432
1915 2208
1549 2583
344 450
1787 2320
1643 1328
360 458
1423 3251
1411 3238
378 454
2248 2093
1377 1627
352 482
1767 2711
1976 2228
356 499
1977 2439
1621 1839
369 494
2042 2403
1970 2340
330 540
2010 2445
1975 1586
393 464
1965 2515
2059 2325
391 476
1952 2512
1464 2318
411 456
2500 2025
1810 2677
413 471
2618 1889
1757 1884
400 508
1996 2525
2043 2491
376 534
2195 2341
1804 1962
418 513
2173 2401
1911 2661
449 489
2259 2329
1885 1877
421 522
2080 2527
2245 2377
455 480
2384 2269
1639 2295
428 519
2214 2728
1987 2660
422 530
1953 3095
1602 2582
424 525
2299 3004
1892 2966
401 559
2470 2469
2816 1541
444 527
2296 3101
2147 2627
434 544
2164 2876
2290 1863
446 538
2338 3088
2948 2046
423 563
1807 3626
2098 2186
420 574
2381 3294
2104 2976
439 547
2154 2947
2107 2358
438 550
2582 2934
2065 3138
433 555
2486 2577
2434 2104
462 545
2659 2828
2367 2662
440 579
2287 2963
2243 2364
612 473
2443 3389
2506 2520
447 610
2496 2659
2336 2414
552 523
2315 3674
2206 2988
471 609
2408 2844
2089 2864
452 650
2759 3052
2279 2982
461 645
2377 3323
2308 2603
500 578
2811 3063
2430 2899
481 626
2450 3252
2234 2724
497 595
2929 2917
2366 3124
493 604
3113 2735
2151 2874
489 643
2735 3255
3568 2181
505 634
2770 3245
2280 2751
551 614
2738 3415
2549 3365
506 701
2838 3287
2135 3543
511 694
3005 3242
2684 3152
541 674
2515 3851
2390 3163
550 684
2976 3269
2703 3352
539 698
3011 3209
2226 3594
582 663
2941 3475
2785 3221
635 615
2840 3408
2755 2707
639 617
2752 3863
3025 3031
559 740
3182 3090
2237 3758
578 727
3631 3113
2958 3117
604 704
2952 3354
2967 2764
685 616
3055 3749
2902 3253
621 695
2911 3640
2677 3316
490 885
3358 3733
4010 2392
702 597
3085 3514
2927 3161
486 909
3913 3207
2913 3272
521 846
2648 4252
3507 2738
610 755
3610 3579
2989 3370
647 738
3031 3828
2909 3371
620 760
3263 3873
2848 3558
561 843
3549 3502
2749 3672
592 804
3843 3328
2969 3559
650 764
3505 3572
2742 3760
658 752
3276 3913
3092 3492
626 790
3316 3770
2910 3695
627 803
3835 3425
3410 3215
659 769
2630 4835
3682 2992
579 913
3625 3665
2571 4317
661 784
2959 4551
3103 3725
676 765
3305 4247
2960 3877
672 781
3301 4164
2962 3857
681 775
3557 4029
2957 3963
683 774
2883 4956
3454 3467
690 766
3527 4177
3229 3751
632 864
3237 4417
2610 4746
667 811
3517 4243
3269 3784
703 762
3540 4185
3367 3763
668 841
3624 4225
3211 3907
687 874
3521 4407
3256 3874
846 697
3793 4101
2903 4360
692 890
3542 4422
3323 3837
637 1017
3984 3923
2810 4598
716 851
3642 4425
3855 3319
740 820
5049 3363
4022 3260
721 865
3607 4554
3130 4077
726 870
3467 4815
3010 4308
688 997
4002 4120
3430 3824
715 926
4023 4105
3223 4052
735 877
3677 4622
4089 3202
724 972
4057 4245
3623 3717
821 850
4389 3898
3553 3761
770 927
3648 5104
3566 3799
762 951
3792 4688
3346 3978
797 960
4017 4516
3049 4355
819 925
3742 4902
3637 3745
733 1036
3779 5040
3365 3976
751 1008
4216 4233
4454 3058
833 922
4335 4380
3482 4021
895 869
3090 6282
4188 3522
752 1029
4337 4446
3372 4506
803 982
3628 5244
3563 4289
739 1065
4367 4487
4357 3577
718 1117
3465 5565
3787 4023
857 936
3743 5528
4515 3493
783 1030
3678 5161
3260 4784
865 937
4287 4676
3230 4931
877 941
3969 4792
4092 3831
768 1068
4458 4588
3497 4957
785 1075
4386 4652
3645 4405
874 980
4906 4411
3853 4330
923 967
4385 4679
3859 4398
864 998
5027 4397
3380 5267
807 1110
4593 4599
3809 4528
906 1009
4629 5001
3688 4790
932 996
3564 6270
3968 4357
897 1051
4569 5118
4332 4112
943 1033
4568 4633
4064 4458
755 1330
4617 5056
4056 4863
830 1197
4365 4941
3630 5352
831 1222
4681 4986
4726 4290
922 1109
4560 4760
4312 4329
861 1178
4414 5317
4779 4348
868 1168
4111 5650
4292 4382
911 1133
4610 5305
4669 4525
928 1134
5234 4666
4520 4338
834 1271
4463 5486
4342 4978
972 1098
5315 4798
4090 4830
989 1113
4417 5831
4108 5483
890 1266
4247 6032
4848 4258
969 1145
5341 5017
4956 4552
1082 1059
4420 5924
5750 3781
1016 1124
4661 5780
4290 5278
945 1194
5376 5092
4411 4800
1012 1136
3958 7376
4210 5580
957 1226
4632 6002
4556 4773
1007 1162
5799 4842
5718 4155
987 1205
4307 6515
4857 4486
979 1263
5420 5320
4600 5296
998 1249
5284 5347
4285 5283
1049 1191
4729 6296
4842 5160
1069 1156
5017 5636
5238 4602
909 1406
5224 5762
4720 5343
855 1520
5333 5389
4972 5102
1006 1277
5159 5830
4559 5622
1073 1167
4763 6401
4755 5498
982 1310
5136 5996
4986 5361
840 1602
5661 5391
4891 5472
965 1345
4852 6483
4662 5764
1021 1301
5155 5985
4952 5465
1214 1089
5380 6007
4619 5849
842 1677
5274 5866
4545 5968
1100 1200
5483 6072
5993 4695
1010 1358
5628 5620
4493 6171
1086 1234
5401 6211
5056 5658
1027 1359
6634 4928
4416 6554
1186 1132
5175 6706
5265 5490
971 1477
5775 5693
4766 6041
1023 1436
6248 5448
5609 5237
1094 1290
6211 5496
4962 5905
1088 1316
5139 6924
5277 5697
1042 1410
5780 5971
5634 5381
1043 1409
5198 7014
4905 6181
1132 1238
5190 6930
5088 5970
999 1487
5798 6085
5463 5604
1095 1305
4916 7474
4809 6451
1265 1148
5550 6623
5372 5776
991 1560
4551 7983
5319 5807
978 1581
5820 6162
5303 5881
1059 1440
5030 7586
5173 6051
1213 1212
5450 7118
5851 5327
1258 1179
5828 6329
5546 5679
992 1635
5837 6536
5469 5798
1240 1260
5205 7708
5248 6043
1298 1220
6259 6335
5487 5801
1201 1303
5819 6842
5297 6036
1291 1231
6336 6320
5328 6057
1187 1335
6595 5916
5180 6231
1292 1250
5743 7344
5484 5940
1013 1666
6082 6468
5293 6221
1105 1481
6319 6961
5211 6425
1219 1314
5624 7632
5891 5587
1267 1288
6949 6513
5389 6310
1253 1315
7003 5953
5006 6828
1104 1535
6154 7683
5167 6914
1173 1403
6603 6304
4980 6885
1145 1473
6857 6992
5697 6444
1194 1396
6019 7089
5545 6118
1221 1375
7490 6508
5515 6751
1179 1466
5885 7396
5291 6478
1331 1325
7429 6570
5548 6848
1091 1645
5633 7938
5437 6538
1134 1556
6931 7425
5499 7056
1207 1452
6737 6628
4770 7656
1172 1499
7776 7124
6071 6192
1148 1553
6153 7489
5689 6429
1261 1421
7022 7927
5827 6765
1185 1512
6284 7304
5803 6375
1200 1497
6825 8001
5002 7970
1230 1472
6347 7568
5692 6715
1275 1444
7567 7900
5696 7131
1577 1192
6230 7690
6077 6094
1215 1498
5685 7400
1152 1652
6780 7248
6340 5886
1202 1591
6281 6511
1242 1536
7534 6465
5982 6384
1280 1528
6503 6278
1226 1579
6431 7722
6462 6096
1227 1596
6805 6207
1330 1502
7134 7121
6081 6615
1168 1676
6943 6145
1206 1639
7433 6791
5404 7758
1228 1615
6088 7266
1232 1614
7502 6978
5940 7122
1428 1427
6283 7253
1431 1464
7712 7063
6074 7031
1451 1442
5929 7878
1358 1540
7085 7739
6213 6867
1290 1613
6301 7680
1342 1584
7124 7908
6573 6452
1300 1636
6390 7594
1370 1565
6816 8023
5703 7712
1435 1531
6409 7886
1417 1554
6759 8037
6636 6517
1355 1628
7283 7097
1676 1336
7348 8006
6382 6806
1195 1798
7434 7238
1364 1637
6461 7007
1385 1618
7318 7820
1305 1693
6278 7233
1466 1548
7733 7490
1286 1724
6599 6909
1299 1718
7650 7612
1282 1731
7104 6820
1311 1717
7332 7984
1448 1589
7072 7351
1191 1875
1248 1796
7222 7319
1279 1772
1449 1608
7285 7701
1351 1706
1307 1755
7617 7668
1485 1582
1309 1761
7202 8049
1093 2187
1218 1880
1736 1382
1682 1455
1425 1688
1441 1683
1293 1845
1405 1708
1552 1609
1357 1789
1339 1829
1328 1860
1459 1715
1573 1634
1457 1720
1597 1626
1222 2098
1356 1910
1822 1434
1375 1893
1381 1915
1478 1788
1526 1758
1690 1603
1281 2095
1420 1874
1511 1768
1578 1728
1528 1810
1445 1930
1353 2078
1404 2004
1443 1953
1452 1928
1640 1714
1474 1906
1631 1738
1582 1775
1546 1828
1416 2048
1462 1982
1532 1902
1622 1793
1289 2296
1569 1870
1458 2037
1711 1722
1576 1908
1266 2402
1491 2040
1540 1984
1608 1909
1658 1822
1662 1835
1672 1825
1495 2094
1500 2082
1560 2060
1617 2012
1846 1710
1615 2029
1629 2013
1699 1885
1803 1754
1571 2117
1561 2138
1737 1855
1743 1865
1725 1897
1667 2005
1708 1952
1482 2335
1823 1802
1596 2205
1584 2223
1754 1949
2313 1523
1925 1756
1861 1803
1702 2067
1855 1841
1733 2038
1760 1990
1678 2145
1696 2112
1981 1762
1732 2090
1755 2069
1439 2590
1410 2650
1853 1956
2118 1726
1713 2171
2017 1786
1792 2050
1903 1916
1722 2200
1749 2183
1710 2261
1784 2144
1686 2327
1740 2241
1836 2088
1761 2195
1874 2042
1637 2433
1863 2066
1786 2196
1688 2409
1905 2075
2127 1867
1824 2198
2012 2009
2199 1844
1923 2100
2058 1974
1840 2243
1986 2062
1935 2126
1907 2165
1781 2337
1820 2298
1816 2307
1802 2332
1950 2140
1826 2321
1901 2220
2192 1946
1922 2192
1493 3037
1837 2323
2090 2051
1780 2425
2033 2125
1906 2262
2157 2030
1831 2396
1890 2309
1944 2248
2067 2129
1956 2245
1635 2825
2004 2227
2125 2110
2285 1970
2183 2070
1969 2286
2066 2202
1918 2366
1992 2302
2224 2087
2048 2274
1963 2376
2117 2268
1947 2438
2123 2277
1845 2609
1920 2489
2016 2406
1929 2496
2057 2381
1917 2533
2027 2421
2030 2429
2225 2251
1973 2498
1752 2898
2139 2355
2387 2116
2165 2351
1909 2612
2115 2407
2041 2490
2032 2505
2178 2386
2312 2255
2087 2475
2753 1868
1843 2831
1928 2673
2193 2417
2036 2558
2270 2336
2100 2503
2429 2193
1978 2666
2155 2480
2526 2127
2205 2460
2162 2521
2180 2510
2001 2690
2146 2547
2091 2616
2052 2697
2099 2646
2256 2484
2204 2546
2060 2705
2197 2553
2163 2588
2253 2532
2221 2559
1912 3027
2371 2463
2150 2684
2403 2431
2161 2706
2213 2664
2273 2586
2181 2717
2075 2863
2639 2233
2179 2736
2578 2306
2975 2035
2148 2787
2335 2569
2298 2624
2325 2591
2350 2575
2124 2904
2045 3068
2351 2601
2302 2665
3239 1967
2489 2481
2391 2597
2227 2886
2219 2944
1883 3595
2188 3020
2184 3025
2323 2772
2282 2857
2220 3008
2407 2699
2007 3416
2438 2681
2364 2801
2330 2854
2185 3171
2216 3146
2236 3106
2388 2860
2479 2718
2744 2464
2374 2927
2337 2987
2005 3596
2831 2410
2435 2834
2267 3153
2553 2685
2344 3046
2203 3322
1827 4076
2521 2757
2358 3067
2809 2472
2455 2910
2449 2985
2845 2524
2667 2669
2787 2585
2359 3327
2497 3043
2615 2837
2545 2981
2416 3211
2619 2868
2560 2991
2464 3200
2415 3283
2656 2847
2561 3050
2418 3321
2693 2892
2402 3405
3163 2507
2532 3175
2537 3178
2676 2950
2720 2912
3172 2543
2606 3099
2946 2719
2427 3517
2321 3730
2607 3204
2626 3173
2594 3246
2362 3722
2704 3102
2773 3034
2865 2936
2690 3220
2352 3836
2538 3516
2812 3082
2599 3422
2788 3120
2446 3732
2780 3162
2714 3263
2543 3585
2805 3157
3216 2747
3550 2549
2685 3368
2868 3110
2652 3421
2668 3401
2622 3491
2673 3410
3020 3022
2926 3104
2786 3280
2843 3217
3224 2820
2880 3234
4478 2207
2627 3599
2881 3261
2462 3919
2632 3618
3348 2805
3602 2656
2877 3325
2869 3382
3123 3130
2819 3478
3058 3230
2860 3439
2884 3429
2728 3651
3196 3133
2405 4314
2890 3553
2740 3737
3044 3377
2554 4040
2870 3604
2821 3653
3277 3179
3087 3379
2825 3688
3082 3407
2758 3803
3242 3264
3187 3358
3068 3495
3067 3515
2955 3613
3280 3276
3065 3546
2925 3669
2893 3727
3079 3527
3114 3499
3136 3488
2915 3693
3156 3480
2912 3720
2988 3642
3600 3072
2378 4858
3112 3569
3214 3433
2851 3838
3056 3661
3231 3474
3128 3621
3142 3614
3030 3746
3609 3176
3135 3645
2736 4082
3073 3715
3102 3696
3207 3592
2993 3822
3275 3556
3334 3501
3486 3369
3124 3748
3178 3707
3249 3623
2937 3941
3257 3635
2887 4033
3357 3581
2859 4064
3181 3777
3247 3682
3148 3814
2713 4364
2739 4320
3436 3567
2777 4264
3175 3829
2485 5057
3226 3785
3299 3721
3322 3692
2992 4030
3194 3853
3519 3563
3415 3641
2905 4172
3370 3704
3094 3979
3145 3973
3209 3886
3232 3878
3002 4129
3818 3324
3051 4103
3387 3826
3233 3950
3283 3892
3295 3888
3533 3698
3292 3927
3445 3818
3016 4277
2998 4299
3100 4192
3023 4296
3271 4006
3267 4013
3200 4116
2621 5250
3670 3671
3796 3560
3329 3994
3390 3947
3375 3981
3314 4046
3395 3967
4203 3250
3574 3840
3470 3933
3402 3993
3879 3537
3480 3958
3621 3854
3815 3663
3279 4212
3462 4020
3351 4147
3581 3949
3385 4152
3169 4471
3611 3951
3840 3724
3378 4219
3333 4271
3713 3868
3554 4038
3947 3644
3202 4481
3336 4285
2930 4968
3871 3747
3584 4044
3338 4335
4033 3634
3752 3882
4047 3629
3332 4388
3700 3965
3962 3735
3298 4495
3399 4376
3472 4279
3580 4162
3371 4501
3426 4429
3646 4145
3552 4263
3676 4123
3715 4075
3495 4394
4543 3458
3780 4054
3498 4491
3297 4813
3535 4489
3615 4403
3510 4573
3319 4894
4028 3916
3684 4310
3773 4218
3791 4195
3760 4234
3604 4508
3590 4535
3975 4009
3694 4365
3862 4136
3583 4583
3484 4723
3795 4288
3755 4342
3530 4751
4598 3690
3699 4467
3876 4204
3825 4305
3356 5139
3708 4507
3601 4726
3576 4781
4372 3875
3823 4401
3756 4511
3827 4421
3934 4270
3751 4564
3613 4866
3709 4640
3944 4302
3774 4561
3838 4520
3826 4531
3927 4381
4195 4109
3577 5054
3734 4734
3803 4662
3325 5571
3928 4492
3514 5246
3475 5323
3647 5002
3697 4906
3804 4707
4040 4358
3578 5174
3997 4444
3979 4539
4234 4262
4165 4385
3824 4910
4223 4346
3764 5067
4019 4701
4124 4604
3974 4832
4073 4687
3877 4988
3873 4990
3930 4934
4194 4568
3832 5133
4375 4391
4573 4240
4331 4447
4052 4768
4434 4375
3868 5094
3973 4964
4119 4753
3446 6025
3452 6053
3842 5249
4251 4648
4363 4570
4684 4309
4272 4698
4125 4881
4470 4498
4181 4824
3763 5517
4295 4682
4016 5064
3940 5211
4220 4814
4336 4672
4075 5022
4067 5045
4256 4805
3662 5779
4024 5125
4552 4512
4740 4345
4015 5167
4322 4761
4412 4659
4299 4847
4757 4409
3963 5332
4628 4529
4871 4318
4254 4935
4197 5013
4226 4981
4754 4439
4529 4645
4728 4476
3908 5460
4519 4668
3921 5461
4168 5097
4133 5173
4205 5100
4409 4837
4921 4362
4294 4993
4274 5025
3762 5858
4348 4945
4296 5030
4161 5219
4005 5464
4114 5358
5443 4106
3575 6558
4173 5298
4063 5440
4751 4647
4078 5474
4088 5467
4876 4589
4588 4904
4582 4919
4398 5075
4278 5263
4373 5131
3956 5695
4350 5153
4464 5032
4832 4673
4888 4609
4522 5009
4465 5080
4427 5182
4636 4974
5316 4349
4355 5299
4772 4868
4864 4786
5254 4456
4648 5014
3977 5857
4237 5508
5396 4368
4590 5165
5400 4404
4428 5325
4523 5235
4773 4975
4843 4937
4439 5363
4599 5213
4913 4879
4930 4861
4481 5357
4781 5049
4354 5494
4742 5084
5371 4502
4360 5492
4462 5395
4853 5003
5375 4523
4469 5408
4994 4869
4516 5385
3689 6984
5166 4730
4579 5344
3847 6520
5131 4774
5012 4892
4008 6146
4650 5312
4623 5345
4400 5594
4525 5487
4580 5452
5268 4757
4526 5526
4584 5478
4104 6144
4261 5879
5423 4667
4723 5369
4540 5590
6333 4057
3999 6432
5120 5033
4362 5828
5053 5126
3987 6614
4250 6108
4364 5896
5185 5051
4885 5350
4706 5560
5119 5149
4711 5570
4534 5752
4670 5607
4901 5370
5182 5101
4750 5541
4521 5781
4231 6241
4764 5552
4676 5627
4893 5411
5055 5260
4725 5621
4665 5701
3982 6913
4869 5559
4949 5484
3850 7414
4313 6346
4642 5860
4704 5792
4979 5512
4746 5747
4991 5524
5279 5281
4438 6243
5364 5212
5418 5179
5527 5088
5217 5388
4968 5616
5714 4923
4687 5991
5093 5544
5302 5351
4738 5930
4645 6083
5869 4794
4658 6100
5057 5625
4935 5755
4963 5745
5153 5589
4939 5766
5160 5581
6545 4387
4983 5739
4789 6017
4958 5797
4780 6075
5987 4801
4690 6229
5259 5569
5784 5065
5902 4946
5359 5515
4925 5965
5630 5279
5498 5398
5068 5802
5923 4977
4282 7126
6709 4450
4996 5962
5530 5421
4186 7345
5076 5871
5132 5840
4374 7017
5240 5751
5103 5944
4791 6377
4942 6132
5847 5172
5611 5434
5082 6015
5950 5078
5804 5261
5177 5919
5539 5568
4862 6357
5115 6022
4460 7045
4643 6745
5096 6063
5152 6013
4967 6254
4863 6430
5313 5838
5298 5891
5540 5656
5478 5702
5048 6255
5009 6286
4898 6481
6367 4915
6034 5185
5134 6161
4739 6772
5269 6010
4524 7169
5040 6305
7732 4174
4868 6640
4878 6646
5715 5575
5126 6277
6331 5027
5219 6190
5135 6332
5117 6361
4845 6832
5186 6297
4608 7254
5349 6125
4920 6758
5384 6092
4517 7466
5733 5675
5163 6418
4875 6894
5281 6285
6869 4839
5202 6448
5381 6203
6229 5285
4151 7998
5834 5672
4881 7015
5413 6210
5552 6074
6439 5189
5914 5613
5365 6330
5679 5932
7268 4663
5523 6196
5617 6070
4597 7681
5230 6672
5482 6274
5193 6734
6436 5290
5510 6259
5455 6379
5336 6569
5406 6488
4748 7530
5345 6599
5206 6808
5378 6566
6040 5663
5777 6008
6110 5624
5330 6687
5526 6397
4948 7285
5556 6399
5461 6548
5916 5875
5910 5901
5428 6658
5971 5809
5519 6527
5901 5958
5854 6024
5325 6871
7050 5129
5141 7215
5387 6830
5106 7267
5495 6689
6478 5525
5410 6831
5701 6412
5744 6371
5493 6799
5146 7357
5442 6891
5762 6400
5838 6267
5543 6793
5475 6915
4918 7742
5683 6631
6095 6039
5855 6345
5904 6299
6187 5964
5738 6668
5853 6449
6214 6001
7064 5397
5889 6419
5063 7726
6526 5730
5883 6475
5671 6846
5973 6301
5520 7106
5335 7386
5507 7162
5629 6981
6541 5786
5758 6770
5568 7108
6103 6245
6366 5961
6592 5773
5690 6898
4808 8004
5695 6896
5801 6744
6419 5945
5792 6811
6043 6388
6685 5770
5892 6659
5927 6592
4999 7950
6147 6288
5033 7937
5390 7536
6057 6469
6219 6261
5936 6691
6001 6618
6932 5719
6240 6325
6371 6212
5770 7098
5980 6742
6511 6116
5622 7401
6847 5863
5761 7185
5872 6995
5768 7223
5694 7354
5691 7363
6049 6818
5809 7213
5776 7273
5988 6907
5911 7058
5724 7410
5908 7096
6119 6786
6875 6014
7486 5545
6756 6105
5967 7009
6059 6910
4951 8050
4950 8051
6344 6571
6335 6589
6235 6741
6985 6016
5871 7272
5816 7372
6079 6988
5970 7149
5848 7370
5905 7317
6134 7006
6388 6747
6732 6387
5813 7587
6015 7283
6444 6771
6275 7030
6839 6441
6186 7191
7042 6284
5699 7904
5707 7920
5931 7623
5939 7620
7361 6048
6051 7501
6066 7475
6197 7291
6069 7495
6210 7333
6302 7208
6318 7214
6394 7134
6118 7499
6873 6681
6423 7139
6379 7211
5997 7696
5932 7798
6972 6665
6899 6749
6025 7727
6269 7429
6664 7037
6150 7624
6927 6834
7546 6201
6357 7465
6830 7005
6109 7787
6144 7751
6954 6895
6255 7639
6865 7047
6145 7834
6584 7416
6617 7431
7344 6632
7334 6650
7095 6953
6553 7507
6686 7373
6727 7339
6690 7397
6537 7556
6562 7549
6380 7710
6586 7546
6442 7664
6274 7835
6457 7670
6292 7836
7503 6611
6809 7364
6507 7685
6746 7463
6316 7869
6887 7360
6736 7502
6194 7956
6421 7825
6170 7979
6866 7427
6761 7538
6885 7438
7185 7164
6872 7532
6479 7896
6524 7865
7166 7307
6646 7827
7524 6957
6713 7779
6538 7915
7477 7012
6628 7874
7895 6473
6621 7891
7110 7477
6670 7868
6898 7702
6915 7691
7501 7078
6747 7866
6769 7857
6859 7811
6975 7763
7493 7279
7365 7468
7714 7135
6853 7943
6848 7949
7340 7537
7442 7467
7480 7436
7240 7695
7212 7732
7510 7459
7943 6716
7796 7159
7235 7753
7523 7534
7462 7606
6579 8043
7862 7117
7875 7112
7335 7745
6502 8058
6884 8011
7422 7746
7549 7689
7529 7723
6836 8038
7233 7958
6993 8030
7508 7844
7194 7993
7297 7980
7829 7579
7527 7895
7699 7765
7821 7662
7882 7630
7641 7945
7726 7973
7970 7385
7471 8059
7669 8040
7964 7794
7956 8041
756063153 1162772251
1
sift 87
1801 734
453 295
424 328
536 280
2327 855
1084 400
585 308
532 349
2299 1003
888 469
1017 545
996 482
4872 1008
1032 533
1036 570
1314 489
3264 1405
1223 535
973 756
1149 569
1668 4036
1130 647
1420 713
1641 644
3425 2098
1535 745
1380 878
1704 690
4458 2106
1374 925
1557 824
2058 837
5380 2052
2073 923
1980 1156
3287 1149
3504 5181
2598 1425
2769 1345
2367 1574
6319 3299
2898 1487
3931 2241
3481 1420
3939 5795
4212 1371
4301 2589
4418 1608
5052 1617
5870 2465
4482 1715
4202 1873
4609 3203
4319 2012
4121 2097
5452 2806
5534 2083
6006 2245
5695 2756
5025 2569
5445 2449
6287 2768
4840 2830
6026 2352
5757 3125
6054 2442
5090 2875
3293 5811
6114 2545
5754 2773
6379 2860
6990 2433
6028 2783
7360 2993
5764 3109
5991 3020
6501 3361
5632 3605
6559 3301
7316 3383
6625 3608
7880 3420
7399 3597
6503 4172
7060 4125
7405 3768
7638 6999
756063153 1431199262
1
sift 145
72 141
1755 3221
135 253
119 287
120 312
2545 5255
240 211
123 321
167 333
3445 6365
191 440
235 383
285 599
568 1343
327 544
340 579
620 1281
372 722
497 769
627 1246
505 857
493 1032
726 1301
582 854
550 953
716 2129
604 1010
621 971
752 1963
661 1084
906 1264
928 1838
741 1748
909 1878
965 2314
922 1872
989 1766
1132 1849
1006 1955
1073 1857
1104 2540
1086 1923
1186 1743
1230 2583
1617 1695
1402 2597
1713 2329
1528 2519
1356 3108
1582 2666
1543 2738
1459 3128
1743 2554
1629 3630
1708 3086
1495 3828
1831 3439
1493 4319
2027 3179
2179 3283
1907 3503
2036 3611
2148 3429
1947 3774
1933 3895
2489 3112
2100 3859
1918 4697
2231 4069
2454 3470
2161 4204
1997 5130
2323 3975
2302 4310
2213 5101
2692 3966
3187 4813
2467 4663
2407 4881
2993 5574
2410 5254
2473 5251
2915 5811
2662 4656
2402 5863
2599 7201
2851 4411
2577 5320
2925 5899
2860 4963
2988 4798
3067 5739
2868 5516
3168 4904
3114 5728
2819 5660
3191 5250
3646 4852
3023 5907
3660 4658
2825 6798
3148 5765
2912 6364
3390 6004
3574 5095
3535 5342
3363 6223
3295 5869
2865 7318
3314 6871
3298 6245
3375 6068
3275 6987
3199 6531
3399 6294
3769 6468
3601 6007
3611 6410
3590 7215
3774 5933
3708 6604
3756 6577
3578 7519
3940 6360
3735 7057
3543 7747
3827 6929
4085 6856
3974 6849
4272 6525
4470 6491
3838 8171
4119 7498
5012 6392
5048 6057
4024 8101
4427 7881
4063 8076
4919 6688
4865 7596
5359 7294
5177 7477
4588 8194
5847 8184
6095 7492
756063153 1472528885
1
sift 1098
56 38
117 108
4 9
256 207
286 222
14 10
113 102
245 186
30 18
1180 966
362 352
55 24
152 115
266 220
43 43
1379 960
453 425
45 44
197 152
320 259
53 48
1595 1052
565 361
78 67
201 170
341 412
83 74
1879 1084
536 420
94 75
187 199
459 323
99 84
1800 1234
587 447
109 85
280 164
467 357
98 97
1694 1408
666 486
118 111
272 200
523 375
144 101
2194 1617
1039 702
122 120
206 281
458 475
131 118
2096 1700
888 785
151 131
319 307
537 433
226 156
2292 1856
1084 718
223 166
389 314
609 569
236 174
2170 2230
966 782
208 191
426 329
705 532
230 213
3544 1506
996 770
251 203
473 417
596 683
270 193
2711 2125
1098 790
281 205
448 495
892 547
312 225
3438 2482
1130 895
311 253
494 438
772 744
343 244
2791 2932
1149 965
342 249
630 363
858 764
324 272
3545 2448
1223 947
339 284
584 426
1153 651
375 265
3716 2750
1535 1156
369 276
611 435
1080 721
360 288
4020 3189
1894 1286
344 310
629 451
947 801
359 313
3939 3472
2383 1127
407 312
670 432
1067 797
425 306
4561 3466
1636 1645
403 333
664 446
898 927
500 286
4487 3859
1776 1528
433 335
738 533
1166 812
450 330
5023 3572
2054 1317
365 410
671 664
1446 747
438 349
4981 3842
1813 1595
424 394
779 603
1127 967
487 348
4634 4147
1848 1591
562 322
908 565
1164 938
462 386
6490 3994
2190 1593
475 385
825 627
1401 834
449 469
6613 4561
2540 1369
542 390
913 743
1199 936
559 414
5976 6262
2310 1694
506 465
949 745
1550 837
592 429
6172 6969
2132 1879
535 481
986 751
1193 1085
532 507
7270 5913
2102 2090
575 468
1068 852
1362 1079
616 467
6787 7098
2598 1806
595 492
926 984
1341 1134
648 466
7519 6793
2502 1886
632 484
1052 911
1236 1302
617 499
7830 6700
2360 2008
578 520
1083 932
1607 1106
642 493
7914 7451
2488 2148
585 522
1144 877
1641 1206
615 511
3245 2207
657 490
1041 1030
1575 1327
643 514
2460 2969
673 515
1147 958
1704 1229
650 542
2977 2473
755 461
1170 980
1539 1421
694 530
2898 2707
751 525
1567 809
1593 1495
743 541
2757 2899
938 498
1143 1010
1766 1357
730 582
2863 2794
732 628
1360 1018
2065 1199
710 665
3394 2574
774 607
1312 1066
1960 1295
770 637
4418 2117
819 644
1256 1105
2059 1330
766 733
3032 3127
1021 674
1583 1057
1810 1601
905 726
3451 2756
897 734
1566 1094
2147 1425
846 774
3525 2880
972 742
1453 1166
2366 1414
802 885
3420 3227
874 874
1437 1184
2073 1612
1014 800
3994 3051
1154 740
1599 1119
2264 1500
1017 848
3238 4118
877 968
1440 1314
2279 1511
1088 803
4482 3140
1201 758
1461 1318
2569 1462
1195 766
4492 3511
1371 738
1460 1351
2810 1319
1036 916
4433 3652
854 1056
1742 1177
2397 1577
1134 849
5537 3064
1116 880
1348 1586
2491 1529
1064 940
4435 3821
1384 768
1654 1300
2266 1658
1185 876
3833 4365
973 1053
1522 1458
2610 1678
1110 973
4499 3903
1275 884
1703 1274
2372 1876
1213 944
4659 3917
1456 838
1965 1151
2549 1786
1179 975
5878 3236
1249 976
1613 1441
2368 1932
1169 1023
5726 3474
1228 1007
1476 1691
2367 2067
1381 946
4744 4139
1240 1013
1817 1343
2684 1820
1207 1035
4712 4200
1296 1016
1744 1432
2559 2057
1377 983
5534 3775
1131 1110
1756 1482
2556 2085
1637 910
5124 4064
1336 1047
1763 1484
2949 1864
1338 1050
5183 4125
1330 1059
1844 1423
2848 2074
1322 1061
5409 4031
1355 1063
1564 1756
3372 1851
1480 1014
4840 4521
1234 1136
2042 1507
2763 2277
1545 1041
4575 4968
1291 1130
2053 1512
2969 2344
1547 1044
5090 4703
1631 1040
1996 1576
3256 2258
1727 1004
5067 4747
1385 1133
2314 1393
3269 2413
1358 1168
5445 4498
1627 1075
1650 1965
3482 2311
1380 1214
5501 4472
1579 1182
1668 1976
3568 2300
1647 1153
6061 4057
1301 1438
1721 1927
3230 2495
1576 1204
5524 4813
1622 1189
2010 1648
3346 2502
1560 1228
5858 4694
1621 1208
2258 1605
2586 3434
1557 1259
5991 4634
1318 1524
2300 1573
3383 2615
1662 1225
6028 4841
1780 1176
1866 1908
2958 3035
1645 1270
6990 4523
1829 1170
2443 1533
3427 2690
1696 1255
6026 5128
1699 1257
1788 2007
3211 2890
1732 1239
5890 5362
1837 1183
1774 2229
2862 3407
1874 1162
6006 5332
1725 1272
2384 1762
2957 3412
1863 1190
6397 5093
1849 1211
2299 1973
4056 2563
1760 1263
6559 5286
1901 1194
3005 1801
3808 2744
1640 1409
5877 5768
2135 1131
2929 1846
3688 2896
1601 1505
7152 5358
1715 1398
2034 2622
4342 2564
1786 1311
6308 5928
1764 1347
2338 2341
3458 3310
1705 1444
6576 5725
1952 1238
2770 2082
3744 3029
1860 1298
6953 5598
1792 1356
3048 1937
3802 3015
1954 1276
7271 5845
2076 1236
2738 2129
3664 3161
1692 1551
7336 6045
1796 1473
2701 2190
4120 2973
2089 1288
7675 5811
1759 1570
3137 1974
3787 3302
1923 1428
6687 6893
1214 2320
3046 2024
3844 3248
1935 1439
7325 6620
1747 1620
2838 2181
4121 3131
1910 1488
7880 6127
1977 1453
2811 2378
4092 3222
1905 1509
7343 6878
1969 1464
2941 2484
4290 3114
1986 1446
7047 7748
2263 1277
2976 2464
4959 2804
1816 1597
1722 1688
3835 2003
4319 3171
1690 1727
2058 1477
3276 2321
4559 3159
2124 1429
1718 1770
3892 1979
6115 2565
2459 1273
2429 1306
3055 2488
4326 3634
2183 1514
2234 1497
2573 2960
5485 2985
1962 1657
2151 1566
3305 2440
5002 3225
2118 1608
2197 1584
2581 3063
4755 3465
2422 1463
1805 1901
3607 2359
4753 3513
1757 1989
2037 1730
2723 2948
5486 3155
2359 1563
2142 1664
3358 2548
4662 3682
2554 1450
2207 1655
3180 2833
4536 3802
2060 1746
2280 1624
3743 2541
4867 3621
2415 1582
2339 1636
3610 2661
5092 3503
2066 1874
2402 1661
3527 2721
4316 3985
1971 1969
2358 1726
3624 2688
5620 3209
2470 1651
2406 1703
3425 2840
5517 3347
1883 2194
2351 1790
3517 2859
4891 3742
2490 1699
3260 1386
3677 2779
5685 3261
2526 1712
2486 1740
3184 3326
4964 3710
2230 1948
2758 1649
3648 2854
5056 3668
2633 1713
2677 1732
3304 3552
5211 3753
2498 1923
2538 1920
3360 3639
5328 3740
2436 2005
2249 2220
4629 2670
5416 3873
3474 1556
2742 1842
3508 3629
5696 3812
2532 2030
2769 1880
4229 2894
5580 3914
2786 1891
2649 1966
3779 3330
5983 3838
2626 1994
2773 1916
4287 2937
5827 3927
2992 1823
2911 1890
4017 3192
6409 3767
2844 1949
3165 1841
4880 2754
5601 4227
2720 2116
3246 1854
3504 3924
4956 4850
2651 2197
3302 1855
4610 3018
5778 4252
3130 1933
2819 2095
4907 2886
5470 4553
2667 2228
2225 2719
4617 3079
5499 4740
2807 2186
3659 1852
4414 3265
4730 5409
2693 2468
2804 2408
3793 3893
5824 4520
3266 2151
3309 2147
4417 3409
6116 4281
3213 2195
3128 2249
4386 3455
5993 4369
3842 1896
3209 2227
3846 3946
4021 6617
3107 2307
3189 2266
4458 3497
6088 4360
3044 2365
4104 1853
3063 5295
5879 4559
3400 2191
3330 2236
4335 3665
6764 4107
3142 2356
2694 2621
3913 4048
5431 5129
3287 2281
2272 3356
4852 3459
5737 4877
3297 2331
3510 2265
4570 3694
6447 4353
3242 2428
3374 2362
5256 3247
6399 4429
3385 2361
3295 2410
4132 3957
6301 4707
3350 2411
3270 2452
3805 4406
5764 5208
3170 2508
3848 2169
3958 4195
6525 4748
3324 2457
3124 2554
4107 4059
6102 5109
3565 2342
3281 2486
4625 3743
6390 5002
3553 2366
3430 2437
5369 3292
6435 5379
2843 2807
2884 2791
4403 3939
5594 6323
3559 2404
3402 2509
4131 4153
6459 5473
3645 2445
3660 2447
4023 4551
6625 5550
3215 2751
3595 2533
5175 3832
7125 5317
2237 4274
3315 2710
5401 3726
6503 5674
3636 2539
4019 2340
5352 3757
7447 5204
3175 2850
3422 2662
4820 4026
6970 5680
3279 2821
3167 2972
5139 3881
6844 5954
3795 2516
3462 2717
3984 4866
6430 6386
3579 2647
3734 2592
5224 3905
7284 5675
3847 2584
3495 2887
5136 3956
7132 6028
3707 2715
3742 2691
5198 3934
7807 5556
3859 2636
3694 2814
5376 3866
7318 6104
3349 3181
3359 3178
5380 3981
6938 6787
4284 2543
3838 2883
4736 4469
7704 6054
4421 2567
3767 3000
5506 4106
7491 7637
4102 2737
3712 3072
5450 4299
7621 7552
4317 2655
4475 2590
4498 5329
3861 2957
3931 2907
5341 4723
4075 2813
3585 3304
5837 4273
3755 3109
3997 2954
6029 4371
4002 2962
4016 2968
5483 5005
3630 3430
3549 3519
6101 4522
4329 2799
4534 2693
6142 4582
4043 2998
5559 2434
7441 4168
4067 3017
3904 3166
6707 4610
4027 3095
3753 3376
6336 4864
4060 3069
4125 3032
7027 4646
3885 3318
4881 2695
5806 5533
5031 2652
4582 2860
6319 5140
3763 3564
3979 3378
6997 4780
4604 2947
5029 2748
6609 5245
4239 3203
3708 3805
6418 5383
4298 3224
4605 3052
6259 5541
4226 3297
4299 3255
5798 6015
4211 3357
4114 3435
7378 4941
5351 2727
4324 3269
6405 5557
5896 2562
4354 3294
7339 5067
3962 3664
4468 3276
7872 4705
4271 3467
4274 3544
7022 5509
4503 3373
5006 3060
5965 6494
5714 2768
3250 4811
6857 5812
4520 3426
4256 3631
7039 5739
4446 3499
4049 3811
6807 6685
4722 3340
5410 2975
7707 5904
4859 3298
4734 3375
5268 3094
5651 2913
5319 3120
4251 3813
4584 3605
4747 3491
5097 3267
4161 3887
4756 3507
4470 3716
3233 5264
4911 3517
3790 4434
4240 4001
5248 3419
5088 3553
4379 3948
4182 4090
3562 5046
5165 3527
5279 3449
4789 3777
4301 4056
6396 2897
5471 3423
5001 3701
5254 3623
5017 3803
4751 3955
5701 3425
5156 3773
5068 3828
4766 3984
4955 3886
5213 3790
4281 4438
6360 3167
4728 4070
4045 4819
5160 3889
5126 3919
5013 4002
5602 3730
4920 4085
5117 4047
5043 4112
4853 4251
5069 4154
4618 4568
4725 4467
4595 4608
4968 4245
5229 4102
5115 4199
5226 4126
4380 4880
5173 4170
5482 3995
4838 4460
5179 4214
4962 4394
5881 3831
5259 4192
4835 4554
4845 4565
5671 3976
5048 4405
4876 4580
5335 4232
5275 4301
5617 4095
4279 5326
6426 3722
5291 4392
4668 4975
6063 3932
5913 4030
5508 4327
5776 4137
4370 5364
5577 4310
6022 4044
5509 4475
6278 3993
5744 4361
5442 4674
5204 4917
5479 4770
5870 4399
5522 4785
5711 4604
6015 4336
4979 5320
5684 4729
5758 4649
6153 4338
5392 5040
6493 4159
5520 4996
5816 4712
5940 4591
5705 4852
6152 4453
6569 4203
5973 4595
5847 4739
6217 4421
6187 4477
4930 5555
6501 4294
5998 4660
5631 5036
5695 4972
5438 5248
4706 5947
5985 4758
6462 4426
5982 4848
4809 5936
5908 4926
6193 4695
6263 4715
7000 4271
6170 4796
5939 4982
4562 6473
6457 4626
6705 4509
6839 4437
5853 5130
5015 5924
6816 4510
5757 5284
7534 4134
5868 5185
7044 4404
5844 5218
5613 5475
6107 5042
5260 5890
6208 5098
6875 4701
6566 4915
6980 4689
6064 5314
6369 5114
7176 4654
6994 4793
7202 4682
6817 4910
7694 4380
7193 4725
7110 4808
6277 5343
7182 4847
6562 5212
6690 5132
6379 5325
6602 5224
6992 5055
7580 4700
6593 5313
7610 4777
6872 5255
6077 5744
6019 5833
7493 4922
6057 5826
7734 4791
6240 5684
6663 5458
6656 5465
6202 5755
7764 4842
6461 5608
7304 5149
7032 5359
7061 5352
7382 5158
7641 5044
6908 5503
7823 4943
6785 5593
7611 5112
6859 5578
7156 5447
7358 5319
7036 5537
6711 5711
7634 5176
7212 5487
6840 5765
6297 6222
7360 5480
7604 5367
7689 5334
7054 5787
7514 5497
7471 5530
7399 5560
7607 5540
7286 5706
6977 5970
6885 6088
6599 6466
7524 5741
7774 5586
7280 5926
7518 5773
7801 5591
7329 5937
7818 5612
7648 5800
6830 6621
7199 6298
7670 5897
7235 6335
7510 6110
7511 6173
7324 6408
7858 5875
7902 5944
6366 7695
7644 6443
7638 6488
7908 6123
7706 6480
6669 7685
6941 7602
7987 5846
7679 6978
7146 7622
7316 7534
7946 6607
7916 6845
7875 7060
7918 6961
7690 7543
7672 7579
7991 7711
756063153 1724217577
1
sift 393
272 152
320 178
45 36
3362 809
74 50
389 254
266 231
78 52
186 121
319 384
341 297
339 201
360 197
494 330
362 316
344 224
403 262
473 350
467 294
487 246
565 266
448 484
453 372
424 361
462 335
512 557
536 338
507 342
500 358
738 429
587 331
642 374
532 451
825 561
1039 564
575 434
585 453
913 626
1084 589
650 445
743 443
949 658
888 687
770 468
844 508
1083 776
996 646
732 588
819 539
1147 777
966 662
718 607
905 627
1052 894
1067 678
1014 598
802 764
1174 799
1149 733
1017 697
969 738
1144 896
898 906
1117 677
1036 723
1567 825
1223 719
1064 716
1215 661
1398 956
1130 831
1074 714
1179 789
1312 1035
1199 812
1224 843
1480 769
1453 1008
1127 962
1207 884
2107 679
1675 940
1374 856
1157 988
1193 960
1742 963
1446 943
1296 939
1234 1014
1965 898
1641 923
1435 1005
2037 791
1879 926
1450 1069
1557 971
1358 1117
1703 1001
1535 1046
1662 1092
1801 1006
1915 1096
2383 878
1699 1088
1236 1410
1817 1165
1704 1104
1621 1160
1849 1159
1694 1284
1575 1501
1760 1217
1786 1198
1654 1335
1813 1288
1860 1228
1816 1273
2042 1166
2147 1162
1380 1771
2314 1095
1476 1654
2279 1143
1969 1252
1844 1317
1996 1278
1848 1357
2058 1254
1776 1429
1348 1904
2397 1274
1722 1565
2300 1210
2053 1446
2345 1305
2234 1251
1921 1416
3544 1057
2073 1476
2249 1353
2132 1437
2120 1653
2892 1282
2358 1396
2066 1593
1564 2280
2491 1508
2207 1510
2493 1381
2299 1617
2059 1793
2351 1589
2183 1725
1651 2311
3367 1266
2532 1562
1668 2312
1721 2299
2530 1720
2769 1711
3005 1483
2711 1627
2367 1852
3044 1854
2368 1873
2738 1659
3256 1564
2843 1933
2770 1702
2838 1878
2977 1985
3128 1838
2811 1956
3055 1876
3212 1959
2626 2140
3659 1708
3648 1740
3230 1970
3510 1779
3287 1855
3276 1879
2863 2169
3142 1968
2592 2273
3305 1995
3481 1953
3645 1807
3194 1978
3263 2018
3482 1971
3355 1965
3124 2201
3607 2103
2898 2529
3107 2332
3517 2145
4854 1741
3383 2319
3402 2245
3624 2227
2791 2742
3802 2249
3694 2357
3716 2291
4872 1926
4482 2093
3462 2487
3425 2595
3527 2613
4290 2331
3847 2406
3931 2447
4610 2389
3688 2672
4279 2334
3167 3103
4017 2683
5002 2211
4809 2174
3763 2896
3117 3766
4020 2759
4756 2581
4304 2775
4458 2707
4212 2939
3979 3020
3610 3432
4852 2597
4326 2980
4324 2803
4298 2837
4229 2924
4433 2963
4114 2957
4386 2890
5175 2566
4319 3076
3859 3423
3504 3761
4417 3070
4867 2863
4520 2986
4468 3036
4023 3465
4712 3056
4789 2882
4256 3333
3508 4116
4435 3209
5254 2868
4660 3129
5140 3000
5211 2869
4310 3401
4161 3587
2874 5407
4727 3187
4251 3521
4634 3320
3360 4509
4860 3290
4182 3671
4584 3385
5401 2933
6409 2701
4545 3450
5198 3122
5376 3097
4891 3481
4725 3501
5380 3115
4487 3679
4744 3713
5179 3245
5224 3232
6490 2943
5534 3295
5236 3229
4978 3422
5798 3430
4840 3808
4728 3600
5776 3048
5965 3388
5440 3740
4301 3916
5602 3263
5323 3773
5445 3883
5299 3606
4796 3876
3984 5182
5090 4285
4853 3859
5881 3326
6336 3634
5737 3949
5115 3829
5117 3957
7441 3257
5754 4077
4836 4261
5302 3989
5136 4524
5764 4135
6799 3294
5683 3915
5267 4717
6028 3990
5577 3997
5695 3996
6707 3861
6390 3911
6705 3762
6301 3958
6405 3975
4316 6046
5997 4100
7110 3742
6877 3899
5632 4762
6501 3945
5268 4851
6259 4389
6114 4309
4370 5766
4979 5179
3739 7937
6102 4505
5835 4476
6839 3970
6319 4652
6990 4082
6379 4200
6152 4381
7339 4248
5734 4962
6287 4406
7077 4062
6029 5206
7855 3796
6187 4586
7447 3963
7022 5247
6097 4692
6992 4365
6667 4490
7039 5408
5991 5000
7524 4136
6026 5099
7707 5071
6559 4975
6882 4687
6656 4843
7901 5076
6973 4803
6208 5167
7253 4641
7807 4394
7514 4718
7336 4848
7150 5111
7471 4823
7061 5138
6503 5609
6593 5455
5631 6492
6953 5486
7399 5008
5260 7221
7271 5406
7358 5237
7212 5386
7880 5044
7607 5191
7774 5072
7325 6162
7329 5563
6669 6051
7343 6858
7324 5850
7340 5868
7621 7454
6892 6526
6875 6541
7859 5903
7235 6613
7690 6248
7662 6273
6941 7228
756063153 1735922398
1
sift 136
473 294
453 337
311 168
424 356
913 493
536 327
585 362
524 391
1147 631
1084 456
532 396
844 385
1144 659
888 537
905 482
966 563
1052 755
996 561
1064 593
1017 620
1567 706
1149 576
1036 615
1223 637
1801 768
1374 877
973 797
1224 781
1965 754
1535 827
1322 772
1641 803
1312 1064
1704 796
1420 938
1380 1031
1476 1567
1776 1000
1849 942
2058 1035
2299 1221
2073 1105
2249 1178
2368 1331
3644 1085
2367 1613
2769 1516
2738 1410
3005 1461
3482 1364
3287 1471
2977 1530
1565 2941
2598 1683
3979 2313
3212 1484
2811 1721
3230 1643
3931 2504
3305 1626
1668 3114
3481 1601
4041 2563
3263 1685
4872 1351
2863 1868
4301 2806
2898 2043
3716 1846
3451 2080
5881 2696
3688 2101
3425 2233
4202 1992
5695 2968
4482 1936
5257 1818
4121 2260
5870 2948
4852 1940
4229 2205
4319 2213
5507 3210
4417 2243
4458 2523
4867 2337
4979 3709
5377 2268
5323 2286
4730 2483
5268 3572
5401 2302
5380 2461
4712 2593
7823 2908
5534 2604
4487 3330
5737 2678
6152 3654
5025 2990
3509 5122
4840 3218
6379 3637
6026 2702
6707 3324
5445 3084
7304 3387
5090 3338
6319 3723
6054 2863
7316 3612
5754 3092
3984 6165
6301 2907
5438 4963
5632 3410
7186 4681
6990 2843
7155 4013
5778 3417
6028 3422
7324 4306
7815 3039
5764 3944
7353 4750
5991 3829
6625 4173
7662 4650
6953 4109
7880 3819
7638 7082
6503 4969
7696 4974
7325 5728
7060 6017
7621 5836
756063153 1911602604
1
sift 1290
197 257
266 402
12 23
33 47
13 26
36 57
292 503
341 459
30 58
46 71
47 82
38 67
494 651
777 1121
43 64
41 78
73 128
44 65
463 773
994 1414
54 89
58 90
75 127
53 92
584 788
886 1649
62 91
223 278
98 139
66 99
629 924
1350 1211
72 94
251 323
109 164
78 88
664 881
1056 1609
74 97
270 360
166 156
92 96
814 930
1341 2101
95 111
289 388
170 222
94 129
914 1329
2147 2668
90 136
291 478
212 213
91 154
949 1322
2043 3496
108 149
313 486
208 276
110 175
1068 1262
2559 3302
122 172
312 527
229 268
119 182
1126 1283
2989 3202
120 190
421 512
219 295
129 185
1083 1398
2620 3725
135 180
425 599
226 309
123 198
1122 1508
2703 3817
134 192
433 660
238 379
131 221
1147 1595
4022 2982
153 197
644 726
307 362
136 248
1373 1485
4357 3029
168 218
586 798
281 408
174 215
1461 1713
3256 4147
167 232
659 897
253 483
155 269
1583 2178
3367 4121
154 340
710 825
287 406
177 296
1654 2113
3211 4344
191 288
699 1047
298 403
176 330
1566 2549
3049 4693
194 328
729 1064
302 411
260 247
1742 2375
3223 4383
200 343
789 1004
365 349
214 332
1844 2261
3427 4236
244 289
747 1190
305 462
235 307
1852 2257
3563 4191
232 337
751 1204
297 487
211 363
1756 2462
3623 4609
239 321
921 1242
407 581
269 308
1817 2410
4332 3935
278 327
911 1432
435 610
250 391
2173 2441
3372 5441
258 367
1325 1085
438 628
268 417
2042 2569
3230 5757
274 420
999 1617
475 700
282 419
2080 2596
4726 3964
257 474
1490 1607
483 675
314 385
2214 2761
4342 5781
317 377
1511 1819
487 710
311 396
2338 2969
4600 5858
261 497
1387 2068
541 768
285 457
2659 3027
4952 5559
324 442
1545 1996
617 685
325 445
2315 3897
5609 4956
304 494
1674 1906
595 735
334 451
3137 2710
4891 5660
329 471
1540 2117
616 852
353 439
2770 3176
5056 6888
398 386
1634 2167
657 820
366 463
2735 3294
5484 6380
339 496
1946 1887
681 843
344 493
2976 3262
5463 6729
372 484
1717 2534
673 895
378 476
2838 3423
5293 7385
359 502
2127 2004
742 966
360 518
2752 4242
5002 8123
356 551
1977 2362
765 976
393 519
3913 2945
6805 6285
429 469
2115 2415
895 854
391 530
3843 3196
6088 7293
352 591
2195 2385
800 1002
400 541
2738 4812
7673 7837
455 485
1953 3000
724 1176
449 510
3027 4304
413 569
2197 2689
839 1040
428 559
3517 3838
376 656
2259 2633
759 1217
422 604
3527 4170
444 577
2486 2575
961 1338
439 600
3624 4466
423 635
2496 2730
880 1589
462 587
3677 5199
440 694
2287 3126
1021 1386
447 698
4057 4550
471 709
2636 2788
1318 1180
497 664
4017 5230
552 608
2812 2999
1110 1371
500 666
4386 5141
493 690
2377 3833
1124 1395
489 724
3607 6982
481 747
3182 2948
1370 1357
551 674
4569 5463
506 733
2840 3488
1194 1523
550 741
4463 5639
702 573
3085 3415
1200 1568
539 756
4617 5507
635 642
2869 3661
1277 1497
461 898
3892 6850
511 794
2952 3686
1643 1301
582 739
4414 5783
574 777
3257 3459
1222 1935
568 792
5401 4854
846 552
2911 3907
1640 1768
621 764
4417 6064
543 862
3136 3742
1975 1522
560 833
4661 5824
604 814
3549 3477
1757 1731
610 851
4729 6536
626 841
3031 4036
1621 1953
656 810
5376 5732
623 863
3316 3809
1546 2093
620 878
5136 6465
650 839
3370 3758
1804 1907
627 879
5175 7275
561 1026
3300 3836
1628 2273
579 1016
5198 7796
697 815
2859 4615
1885 1874
661 875
5765 6968
704 805
3093 4220
1464 2618
683 848
5743 7734
676 874
3556 3821
2290 1690
632 997
6341 7346
668 921
3299 4095
2118 1862
687 954
6336 7628
716 893
3385 4218
2434 1651
735 864
7429 7176
692 1039
3542 4057
1639 2526
715 1035
6857 7964
726 999
3176 4667
2098 2040
721 1023
7157 7764
778 965
3301 4471
1986 2179
709 1128
7776 7408
833 925
4028 3807
2107 2088
770 1011
7292 8152
857 943
3540 4601
2285 1929
763 1075
865 950
4002 4059
2040 2216
877 963
803 1074
3237 5473
2243 2126
864 1053
874 1054
3297 5424
1780 2881
786 1160
752 1238
4389 3909
2002 2666
797 1178
906 1090
3647 5038
2815 2037
897 1141
987 1104
4216 4293
2089 2772
861 1256
1167 981
4757 3902
2391 2614
807 1384
1082 1088
4578 4056
2831 2232
922 1260
928 1282
4072 4736
3119 2112
951 1295
831 1486
3792 5318
2188 3055
979 1289
957 1339
3742 5593
2325 2850
1006 1285
909 1423
4385 4592
2234 3045
1049 1274
989 1349
4205 4969
2308 2967
943 1402
1012 1341
4019 5222
2755 2433
1016 1365
1014 1382
4052 5209
2282 3180
1027 1393
982 1447
4365 4932
2184 3402
1258 1158
1132 1257
4593 4702
2344 3191
1230 1194
965 1554
4274 5084
2337 3265
1023 1470
1042 1435
4226 5186
2435 3249
1292 1187
1073 1405
4125 5528
2667 2827
1267 1225
1013 1561
4568 5068
2720 2895
1298 1235
1086 1454
3886 6770
2561 3336
1088 1455
998 1625
4599 5552
2449 3574
1043 1591
978 1678
4920 5188
2237 4135
1187 1378
1065 1590
4620 5595
2594 3510
1201 1370
1105 1499
5333 4927
3683 2505
1100 1532
1248 1389
4400 5955
2930 3424
1104 1593
1215 1411
4560 5815
2622 4020
1145 1538
1221 1441
4412 6054
2956 3606
1152 1629
1179 1614
4764 5929
4089 2548
1228 1578
1151 1689
5068 5678
2539 4300
1185 1656
1280 1596
4746 6299
3725 2955
1213 1646
1485 1415
4991 5901
3855 2863
1358 1550
1330 1582
4529 6699
2558 4837
1736 1270
1134 1791
4935 6126
3214 3839
1243 1662
1232 1686
5057 5977
2962 4320
1227 1694
1202 1734
5661 5420
3879 3397
1234 1711
1305 1658
5626 5648
3430 3966
1355 1627
1195 1847
6211 5071
3323 4185
1173 1920
1449 1611
5017 6558
3170 4524
1297 1748
1498 1602
4763 7428
3470 4279
1168 1993
1385 1695
6229 5393
3983 3747
1682 1459
1218 1916
5156 6815
3773 4159
1311 1798
1275 1877
6634 5148
4598 3575
1282 1905
1191 2108
5381 6732
3859 4462
1308 1915
1351 1864
5364 7248
3896 4570
1441 1767
1797 1457
6595 5804
3484 5477
1459 1763
1457 1813
5522 7384
3862 4759
1339 2012
1690 1610
5819 7122
3645 5174
1448 1859
1356 1981
6737 6498
3553 5448
1381 1959
1404 1940
6019 7700
3968 4686
1578 1715
1420 1928
5865 7917
4292 4560
1573 1749
1528 1861
7344 6190
4520 4390
1526 1863
1317 2194
6816 6872
3630 5942
1622 1777
1631 1761
6780 7452
3998 5204
1579 1828
1443 2048
5885 8175
4090 5090
1582 1892
1532 1954
6915 7375
4809 4519
1560 1918
1353 2315
6950 7728
4848 4481
1416 2227
1701 1876
6872 7875
4750 5799
1561 2085
1662 1931
7862 6852
5297 5555
1445 2286
1737 1846
7348 7766
6709 4618
1495 2264
1658 1980
7821 7259
4766 6735
1861 1725
1725 1952
7534 7720
6117 5167
1699 2055
1629 2190
7569 7999
5291 6133
1615 2222
1708 2083
7635 8194
5243 6308
1760 2016
1696 2186
5319 6403
1978 1797
1743 2164
5617 6344
1710 2233
1732 2208
5803 6050
1786 2116
1755 2209
5248 7020
1874 2046
1829 2145
5173 7147
1688 2378
1840 2165
5758 6307
2020 1945
1749 2342
4875 7806
1722 2430
2044 1994
5744 6370
2183 1921
1923 2170
5006 7610
1784 2373
2058 2074
6461 5741
1647 2676
2193 1955
5437 7251
1939 2225
1944 2218
5180 7753
1935 2229
1493 3169
5940 6855
1823 2400
1907 2305
5715 7285
1802 2435
1793 2447
5982 6894
1831 2423
2225 2002
5985 6923
1863 2386
2030 2214
5689 7618
1781 2514
1890 2388
5883 7417
1992 2274
2099 2191
6774 6423
2656 1712
1918 2424
5913 7794
2387 1997
2157 2282
6213 7440
1637 3238
2066 2394
6318 7295
2165 2332
2117 2393
6636 6950
2032 2494
2027 2524
6599 7118
1947 2601
1845 2822
6664 7303
2224 2371
1752 3127
6464 7511
2180 2440
2920 1814
6830 7233
2036 2598
1826 3002
7018 7062
2033 2611
1933 2765
6107 8076
1843 3028
2155 2527
7134 7224
1837 3117
1878 3015
7104 7361
2148 2571
1728 3583
7042 7694
2100 2682
2139 2621
6885 7923
1906 3084
1920 3066
7376 7435
2205 2606
2231 2594
7156 7847
2091 2796
2179 2704
7297 7687
2060 2986
2161 2854
7202 8158
2454 2501
2146 2931
2045 3161
2346 2680
2227 2862
2409 2591
1912 3533
2489 2550
2809 2302
2213 2995
2350 2777
2429 2664
1997 3444
2052 3371
2270 2920
2181 3179
2253 3023
2267 3074
2220 3195
2302 3063
2236 3236
2323 3039
2407 2909
2335 3077
2087 3600
2388 3093
2553 2828
2699 2650
2438 3105
2216 3592
2410 3189
2418 3193
2692 2795
2537 3054
2007 4075
2479 3206
2467 3244
2359 3474
2560 3118
2374 3587
2358 3632
2606 3088
3172 2546
2473 3457
2416 3554
3020 2696
2472 3506
2990 2751
2607 3292
2417 3660
2415 3672
2704 3177
2532 3519
3216 2647
2402 3791
2926 2933
2788 3159
2604 3463
2663 3394
2016 5009
2652 3450
2881 3187
2626 3565
2710 3472
2714 3500
3348 2757
2805 3362
2538 3826
2697 3636
2780 3507
2543 3899
2851 3406
2868 3403
2427 4179
3196 3058
2599 3827
2843 3487
3277 2979
2405 4297
2464 4213
2860 3549
3058 3329
3044 3398
2988 3499
2673 3910
2627 3987
2577 4108
3114 3454
3280 3283
2740 3916
3713 2839
2707 4033
2662 4114
2554 4444
3068 3644
2870 3848
3322 3385
2498 4694
3067 3674
2819 3958
3329 3416
2825 4025
2937 3885
3415 3414
3030 3850
4203 2728
2928 4002
2912 4040
3082 3888
2786 4288
3209 3774
2993 4021
3231 3754
2915 4101
3056 3970
2485 5245
3399 3635
3187 3870
3194 3854
3073 3997
2887 4239
2893 4255
3148 3959
3436 3668
3135 4008
3128 4083
3217 3977
3175 4051
3554 3667
3334 3876
2992 4334
3142 4151
3665 3623
2876 4620
3226 4071
3452 3861
3002 4464
3132 4292
3102 4351
3168 4275
3051 4470
2891 4822
3462 3939
3402 4026
3295 4142
3375 4068
3267 4206
3016 4680
3445 4042
3581 3895
3292 4229
3167 4456
3247 4331
3314 4253
3289 4287
3621 3928
3934 3633
3133 4661
3363 4276
3796 3776
3390 4247
3207 4641
3519 4209
2998 5074
3100 4954
3596 4175
3535 4262
3574 4268
3715 4070
3332 4721
3378 4690
3580 4406
3333 4829
3533 4480
3842 4039
3351 4827
3472 4629
3004 5517
3583 4460
3298 5012
3356 4918
3760 4215
3584 4532
3676 4353
3338 4997
3495 4770
3791 4238
3611 4644
3232 5300
3426 5002
4110 4015
3498 4996
3578 4888
3698 4761
3694 4786
3826 4548
3847 4514
3735 4756
3275 5635
3708 4853
3279 5644
3577 5133
3823 4658
3876 4544
3975 4417
3751 4906
3590 5273
3803 4855
3827 4826
3979 4557
3510 5487
3927 4670
3514 5491
3755 5010
3687 5136
3825 4937
3774 5025
3613 5390
3838 4947
3726 5124
4223 4371
4181 4435
4884 3943
4685 4077
4573 4193
4085 4752
4256 4648
3804 5389
4124 4865
3769 5541
3764 5550
3974 5229
4008 5228
4295 4881
3877 5514
4119 5108
4363 4820
5371 3980
3756 5758
3963 5416
4331 4914
4582 4643
3908 5522
4522 4737
4067 5296
3660 6158
3763 5843
4740 4525
3707 6081
3933 5626
4197 5238
5131 4290
4133 5342
4173 5333
4470 4986
4552 4953
4024 5651
4398 5146
3666 6588
4409 5158
4901 4652
4161 5529
5051 4539
3868 6036
3871 6092
4254 5509
4605 5076
4220 5628
4464 5410
4751 5104
4348 5564
4623 5294
4373 5575
4584 5437
4211 5905
4648 5385
4798 5218
4608 5481
4075 6245
4237 5931
4354 5749
3940 6609
4322 5827
4772 5366
5185 4967
4588 5627
4516 5687
4885 5308
4913 5284
4427 5808
4283 6116
4853 5418
4449 5950
4462 5938
4979 5369
4355 6141
5055 5326
4723 5670
4590 5837
4375 6181
5120 5303
3901 7364
4658 5915
4525 6159
5359 5191
4439 6325
4306 6572
4642 5998
4713 5908
5012 5578
3930 7581
5679 4979
4519 6340
4711 6115
6315 4453
4686 6147
5279 5471
4706 6223
4054 7513
5443 5368
4725 6211
5268 5549
5115 5684
4789 6128
5432 5427
5498 5375
4687 6371
4917 6012
4919 6041
4645 6507
5126 5834
4963 6073
4983 6062
5229 5780
4958 6139
4780 6466
4881 6309
4967 6183
4925 6244
5182 5940
5103 6072
4665 6828
5161 6020
5950 5128
4421 7292
4970 6315
4865 6520
5153 6082
5202 6069
5714 5512
5093 6267
4796 6773
6869 4624
5132 6327
6300 5019
5177 6317
5554 5789
6439 4995
5163 6399
5076 6524
5510 5881
6331 5067
4566 7503
4868 7016
5339 6259
5259 6414
4162 8155
5509 6104
5461 6235
5009 6989
5046 6946
4534 7844
4473 7943
5082 6947
5162 6819
5527 6272
5048 7033
4738 7568
4948 7210
4910 7298
5590 6224
5313 6646
5186 6929
5236 6881
5569 6359
5365 6649
5283 6838
5923 5806
5410 6634
6932 5062
4782 7726
5379 6754
5349 6870
5117 7314
5914 5959
5398 6883
5519 6683
4949 7624
5482 6776
5330 7073
5455 6875
6214 5744
5141 7463
4950 7719
5442 6975
5777 6413
5230 7378
5854 6339
5325 7269
5555 6976
5556 6977
5552 6995
6187 5944
5336 7353
5568 7014
5526 7086
5916 6390
5598 7058
5345 7479
5335 7496
5495 7241
6103 6302
6049 6438
5693 7092
5902 6724
5523 7467
6388 6084
5428 7604
5971 6619
5838 6934
6875 5738
5762 7133
5543 7543
5997 6716
5387 7799
5910 6893
5520 7648
5868 7045
6034 6742
6057 6719
6095 6673
4765 8198
6756 5983
5647 7563
6043 6877
5834 7271
6344 6535
5848 7309
5761 7512
5904 7302
5776 7541
5518 7967
6059 7139
5690 7801
5980 7313
5908 7499
6777 6360
5629 7961
6134 7191
5768 7824
5816 7722
5892 7603
6511 6737
6972 6258
5738 7871
5707 7949
5889 7679
5970 7540
5801 7848
5911 7672
5770 7911
5906 7877
5939 7850
6144 7608
6419 7288
6444 7266
6589 7148
7267 6388
6186 7657
7392 6494
6649 7465
6072 8050
6617 7509
6700 7436
6066 8080
6276 7905
6729 7473
6481 7757
6727 7705
6898 7565
6507 7928
6537 7944
6356 8082
7252 7230
7185 7332
7480 7009
7255 7320
6866 7775
6524 8056
7259 7376
7110 7662
6954 7867
7109 7727
7254 7566
7926 6594
6809 8049
7061 7913
7240 7750
6884 8087
6859 8093
7166 8000
6975 8129
7493 7832
6848 8170
7313 8060
7030 8173
6553 8205
7501 8038
7510 8121
756063153 2046133546
1
sift 813
3137 2898
2106 2522
13 36
33 58
67 118
36 74
3642 5020
7673 7929
38 73
46 84
75 120
54 111
4463 5599
41 96
58 102
98 148
53 113
5175 7828
78 104
181 247
90 167
72 119
7292 7569
74 115
236 332
109 182
92 109
7429 7677
95 165
251 324
166 166
108 170
110 187
242 430
170 249
122 183
119 200
289 371
177 288
120 220
129 212
291 508
180 323
135 207
123 225
421 514
213 277
131 216
136 285
376 721
208 296
174 236
168 245
425 650
229 287
167 254
191 306
433 715
260 257
209 302
194 381
551 663
270 357
235 320
214 364
645 734
306 344
232 362
315 305
586 843
238 493
278 351
258 390
623 937
307 398
250 465
268 441
710 774
281 432
282 414
287 415
656 945
314 404
285 469
365 339
699 1158
317 401
325 433
298 422
729 1094
302 442
324 476
297 526
725 1135
304 535
329 489
353 460
863 1006
334 495
344 510
322 534
762 1133
391 553
360 518
455 468
911 1448
407 652
356 590
449 499
982 1662
444 673
400 551
393 576
1152 1860
510 586
413 558
418 580
1490 1610
475 696
428 578
422 633
1227 1881
487 738
439 628
423 685
1540 2230
541 790
552 550
497 644
1545 2385
595 757
447 725
539 643
1719 2327
616 877
500 710
493 762
1977 2317
643 876
635 625
511 821
2195 2330
657 893
550 824
582 768
2123 2481
673 948
559 813
604 780
2116 2540
692 1029
574 819
560 870
2155 2731
742 897
621 795
568 911
2197 2745
895 833
626 860
650 829
2635 2399
765 1003
610 936
620 895
2075 3511
839 988
627 990
676 888
2636 2794
803 1110
632 1054
561 1184
2154 4003
864 1077
668 976
716 986
3182 2791
800 1169
715 1070
726 1057
2377 4212
877 1233
857 865
721 1095
2427 4444
1369 957
770 1066
874 1067
2952 3510
961 1367
786 1235
752 1288
3085 3407
876 1555
797 1244
897 1188
2996 3594
1318 1125
807 1490
1082 1109
2911 4242
1021 1436
842 1460
835 1492
3549 3591
1110 1429
928 1350
922 1358
3073 4245
1124 1762
919 1453
957 1383
3299 4072
1194 1677
1006 1393
1132 1200
3136 4490
1643 1349
1049 1366
989 1458
3301 4295
1232 1764
1016 1451
1014 1486
3093 4768
1200 1892
965 1585
1167 1320
2859 5276
1975 1371
1023 1619
1248 1280
3542 4322
1377 1963
1292 1256
1031 1664
4028 3851
1578 1843
1105 1504
978 1743
4002 4373
1640 1887
1073 1591
1187 1418
3556 5382
1757 1805
1065 1683
1145 1535
3031 6673
1621 2125
1088 1652
1355 1419
4684 3905
1804 1967
1148 1713
1617 1324
3552 5467
1464 2488
1104 1859
1228 1670
3237 6183
1885 1902
1185 1729
1358 1621
3647 5833
2107 1782
1179 1821
1711 1344
4560 4765
2290 1707
1242 1776
1186 1893
4274 5132
2098 1865
1195 1883
1330 1725
4385 5054
2118 2047
1202 1908
1230 1864
4295 5201
1639 2712
1305 1779
1215 1931
4226 5407
1922 2271
1134 2110
1356 1794
5333 4487
2285 1989
1290 1937
1191 2102
5185 4710
2836 1659
1386 1813
1308 1948
4205 5824
1840 2523
1385 1822
1667 1617
4125 6033
2124 2281
1173 2241
1218 2195
4529 5482
2225 2279
1282 2128
1457 1866
4568 5799
2039 2486
1311 2104
1441 1951
4599 5898
2336 2386
1351 2093
1498 1873
4764 5976
1780 3288
1573 1797
1690 1684
4400 6546
2325 2604
1448 2004
1459 1986
4970 5812
2391 2699
1435 2037
1699 1714
4901 6021
2089 3298
1381 2139
1939 1530
4991 6311
2146 3276
2340 1319
1528 1965
5628 5523
2831 2402
1526 1971
1339 2233
5057 6362
2234 3252
1631 1838
1404 2162
4935 6748
2350 3051
1579 1949
1622 2010
5068 6560
2282 3342
1649 1952
1582 2087
5017 6740
2667 2726
1737 1837
1701 1912
6211 5305
2449 3224
2199 1553
1562 2205
5381 6901
2561 3160
1317 2773
1658 2180
6684 5343
2720 3099
1662 2181
1647 2240
6595 5534
3020 2793
1725 2129
1713 2149
6019 7228
2416 3862
1615 2306
1495 2466
6928 6417
2374 4021
1743 2119
1629 2322
5801 7886
2594 3660
1416 2662
1874 2025
6780 6892
2755 3463
1560 2463
1708 2272
6872 7834
2539 3958
1755 2315
1732 2383
3322 3308
1802 2265
1696 2422
2622 4243
1831 2247
2099 2023
3170 3933
1722 2524
1784 2407
2967 4215
2183 2076
1749 2578
3187 3953
1493 3366
1890 2437
3078 4217
1793 2641
1944 2433
3214 4057
2066 2370
2157 2345
2962 4786
2027 2446
2165 2395
3431 4094
1863 2778
1947 2645
3581 3925
2036 2571
1969 2668
3267 4342
1845 3057
1918 2947
3470 4208
1906 3045
2148 2630
3314 4605
1933 3037
2060 2801
3323 4744
1883 3183
2179 2646
3002 5358
2204 2623
2100 2800
3554 4381
2809 2106
2231 2676
3968 4198
2125 2943
2180 2875
3645 4869
2032 3138
2267 2723
3773 4653
2041 3180
2193 2959
3983 4277
2454 2561
2091 3182
3862 4551
2052 3271
2335 2748
3859 4711
2346 2766
2429 2640
3735 5149
1948 3564
2087 3409
3484 5791
2213 3229
1978 3699
4520 4538
2161 3372
2323 3067
4090 5093
2402 3154
2407 3152
4740 4419
2479 3029
1997 3955
4292 5031
2320 3360
2302 3424
4470 5030
2358 3378
2388 3344
4427 5281
2359 3432
2260 3656
3630 7121
2497 3200
3216 2419
4608 5154
2410 3381
2489 3257
4197 5607
2714 2901
1912 4658
4848 5254
2216 3927
2545 3324
4534 5733
2473 3496
2692 3113
4858 5416
2780 3026
2532 3546
4211 6408
2309 3965
2788 3137
4750 5584
2607 3470
3087 2842
4737 6055
2467 3774
2662 3391
6117 4692
2415 3869
2663 3434
4687 6343
2868 3192
2877 3170
4588 6590
2704 3416
2881 3255
5404 5676
3128 3116
2860 3402
4545 7616
3059 3217
2971 3313
4809 7106
2851 3493
2382 4668
4766 7278
3280 3155
2825 3682
5173 6557
2690 3881
2707 3971
5088 6737
2805 3871
3172 3504
5248 6680
3044 3655
3714 2979
5758 5904
2627 4360
3191 3579
5319 6595
2599 4560
2891 3935
5243 6838
2740 4239
2870 4007
5339 6752
2786 4133
3102 3753
5437 6642
3114 3759
3209 3743
5803 6213
3067 3908
2993 4049
5291 7266
2865 4275
3056 4024
6461 5780
2988 4125
3436 3654
5313 7674
2992 4258
2928 4436
5645 7483
2925 4481
3068 4253
5913 7284
3402 3830
2915 4571
5982 7378
2715 5075
3030 4448
5940 7520
3462 3821
2880 4816
6599 6779
3756 3581
2819 4963
5883 7860
2485 6054
3167 4343
5973 7870
3535 3849
3292 4172
7104 6866
2887 4975
3016 4762
6107 7952
3168 4553
3175 4556
7376 6729
3082 4709
2803 5302
7072 7470
3715 3791
3295 4351
6885 7939
3375 4257
3329 4356
6464 8012
3796 3746
3363 4314
3390 4298
3100 4840
3148 4777
3289 4509
3621 4037
3298 4514
3574 4109
3226 4728
3023 5160
3445 4408
3145 5016
3200 4954
3495 4485
3207 4988
3665 4276
3842 4105
3452 4834
3595 4589
3277 5128
3472 4855
3399 4987
3596 4691
3543 4781
3611 4689
3578 4756
3676 4570
3275 5348
3962 4254
3559 5008
3498 5139
3583 5013
3333 5449
4253 4029
3590 5092
3601 5080
3580 5310
3838 4820
3774 4974
3332 5869
3769 5036
3760 5107
3755 5157
3780 5124
3827 5066
4223 4469
3927 4944
4363 4344
3751 5344
3726 5420
3858 5221
3577 5790
3510 5970
5371 3750
4272 4645
4449 4455
3395 6294
4220 4740
3514 6035
4124 5110
3877 5461
3708 5868
3803 5671
4119 5280
3908 5570
3826 5785
3963 5531
4254 5180
3848 5831
3804 5947
4251 5238
3933 5675
4782 4666
4881 4623
4181 5417
4584 4986
3660 6645
4668 4912
3940 5873
4024 5701
4067 5723
4773 4939
4751 4990
4161 5679
3847 6482
4133 5795
4173 5778
4919 4957
4322 5625
4354 5621
4063 6151
4967 5060
3930 6615
4398 5825
4522 5763
4464 5849
5120 5186
4849 5432
4612 5716
5055 5366
4473 6153
5679 4895
4910 5643
6869 4045
4723 5919
5714 4918
4237 6922
4331 6697
5178 5462
4439 6509
4885 5837
4623 6244
4421 6681
4373 6835
4590 6507
4915 6012
5229 5648
4706 6463
4362 7105
5051 5962
4725 6522
4355 7230
4772 6601
5182 5999
4582 7075
4983 6328
4519 7226
5132 6239
4462 7484
4958 6553
4780 6988
5443 5932
5923 5415
5161 6400
5359 6092
5046 6721
5255 6363
5498 6045
4949 6985
4658 7535
5509 6088
4868 7249
5556 6142
5510 6284
5461 6407
5104 7056
5259 6968
5365 6827
5048 7396
5082 7492
5910 6069
4979 7675
5063 7617
5179 7426
5410 7098
5325 7271
5916 6246
5847 6404
5648 6879
6366 5885
5345 7626
5868 6713
6884 5590
5568 7366
5519 7437
5495 7478
5834 6882
5543 7432
6095 6419
5816 6954
6799 5746
5667 7313
6547 5998
5619 7539
5738 7353
5430 7851
5848 7159
5526 7768
5699 7505
6235 6582
6079 6873
6144 6897
7330 5652
6345 6652
5647 7803
5520 7921
6777 6217
6335 6762
5914 7409
6875 6175
5761 7714
6050 7257
5908 7528
6057 7311
5939 7508
7267 5914
6269 7083
6481 7096
5707 8021
6892 7404
7252 7119
6457 7957
7501 7129
7313 7553
7240 7704
7875 7215
7763 7831
7964 7497
756063153 2080441786
1
sift 385
36 86
44 102
67 133
54 118
72 128
376 872
115 160
108 180
122 187
433 727
110 202
119 215
129 204
551 768
135 207
120 241
131 223
610 1138
170 275
123 253
149 234
729 1209
180 365
167 264
175 251
762 1335
208 344
191 387
235 370
945 1376
278 375
214 425
258 437
978 2151
287 440
282 517
314 451
982 2274
316 460
285 573
334 496
1755 2741
391 635
340 566
359 646
1749 3264
413 605
418 586
428 585
3016 2369
510 630
439 658
497 716
2996 4623
475 828
539 728
493 866
3549 4050
511 1016
550 820
582 819
3336 4368
574 972
604 905
621 926
2928 5290
568 1098
650 891
620 1017
2859 6754
627 1023
661 1061
657 1024
3445 5479
676 997
726 1237
693 1109
3213 5977
716 1503
842 1261
864 1158
4052 6177
877 1156
906 1213
786 1374
4226 6423
928 1580
741 1554
752 1536
4206 6803
1105 1309
897 1353
807 1826
4902 6348
835 1859
922 1594
909 1678
4400 7447
1049 1488
1006 1538
989 1567
4764 7011
1169 1331
919 1719
1132 1511
4599 7381
965 1850
1073 1692
1086 1709
4529 7748
1230 1835
998 2129
1248 1617
6211 5315
1308 2088
1023 2240
1617 1367
5068 7270
1449 1987
1031 2312
1206 1745
4935 7681
1448 2294
1104 2207
1432 1866
5057 7549
1640 1993
1297 2237
1290 2276
4991 7957
1582 2357
1404 2120
1459 2127
6928 5812
1743 2250
1526 2138
1457 2262
1708 2405
1381 2404
1311 2508
1495 3053
1498 2247
1649 2023
1615 2979
1713 2005
1737 1982
2118 2315
1543 2366
1218 3052
2040 2540
1701 2134
1528 2588
1906 2735
1751 2192
1699 2353
1840 2897
1667 2420
1861 2304
1907 3015
2099 2021
1696 2619
2165 2717
1978 2202
1629 2921
2027 2955
1732 2652
1948 2348
1947 3151
1571 3148
1831 2878
1933 3401
1883 2771
1935 2725
2020 3383
1802 3055
1944 2753
2326 2892
2030 2685
1921 2947
1918 3764
1863 3134
2012 2853
2454 2845
1761 3499
1992 2938
2091 3686
2044 2885
2060 2983
2161 3756
2066 3071
2100 3025
2323 3530
2148 3146
2179 3200
1953 4529
2204 3287
2193 3385
2146 4031
2231 3331
2270 3389
2302 3780
2045 3967
2273 3573
2282 4069
2032 4080
2087 3961
2388 3837
2052 4201
2213 3911
2667 3351
2335 3681
2418 3571
2561 3783
2489 3495
2788 3090
2320 5060
2407 3726
2410 3879
2416 4989
2497 3762
2467 4239
2594 4439
2473 4219
2606 3862
2967 3811
2881 3581
2663 3926
2697 4344
2835 3742
2780 3849
2539 5067
2646 4208
2402 5085
2877 4316
2662 4240
2692 4192
2992 4210
2851 4136
2707 4496
3280 3866
2990 4047
2786 4524
2599 5409
2860 4523
2690 4982
3067 4338
2988 4337
2971 4412
2740 5083
3128 4314
2870 4864
3187 4357
3056 4668
2825 5219
2993 4883
2945 4984
3715 3753
3267 4643
3114 4704
3126 4699
3363 4490
3102 4748
3660 3874
3581 4295
2912 5273
3402 4465
2887 5616
3209 4923
3030 5346
3470 4799
3298 4835
3375 4778
3214 5423
3197 5224
3168 5444
3314 5414
3614 4625
3295 5310
3390 5328
3574 4867
3023 6147
3773 5184
3148 5856
3781 4599
3756 5357
3535 5145
3199 5771
3322 6526
3167 5888
3277 5706
3590 5904
3399 5587
3289 5876
3735 5903
3044 7047
3611 5720
3554 7063
4223 4741
3578 6101
3332 7785
3927 5320
4272 4819
3514 7311
3577 6198
3309 7365
4119 5613
3774 6146
4165 5475
3646 7111
3495 7328
3580 7057
4085 6369
3613 7087
3726 6691
3940 6958
3838 6409
5012 4673
4197 6417
4363 5508
4522 5422
4470 6363
5048 4889
4124 6065
4534 6285
3755 7253
5182 5028
4398 6744
3974 6931
4024 6913
4133 7407
4884 5590
4751 5893
4588 6536
4354 6694
4173 7251
4427 6884
4519 6773
6117 4846
4137 8052
4373 7145
4063 8055
3983 8160
4464 7212
4473 7359
4439 7656
4362 7685
5279 6085
4723 7245
4579 7369
4881 6828
5161 6867
5132 6442
4706 7207
4885 7338
4590 7451
4725 7521
4983 7292
4967 7054
4808 7503
5443 6873
5556 6458
4925 7532
5120 7428
4958 7874
4865 7955
5007 7753
4756 8151
5319 7411
5758 6839
5509 7176
5679 6960
6461 6470
6095 6433
5117 8132
5744 7761
5834 7314
5738 7715
5940 7401
6144 6996
5617 8126
5365 8174
6419 7402
7073 7052
6481 7931
7240 7361
